104 45 589
180 170 19
28 183 12
79 101 19
195 15 18
23 102 53
80 141 13
150 145 21
59 69 12
53 35 34
195 14 18
194 14 19
193 14 19
192 14 19
191 14 19
190 14 19
189 14 19
188 14 19
187 14 19
186 14 19
185 14 19
184 14 20
183 14 21
182 14 23
181 14 24
180 14 26
179 14 27
178 14 29
177 14 31
176 14 33
175 14 34
174 14 34
173 14 34
172 14 34
171 14 33
170 14 34
170 15 34
169 15 34
169 16 34
168 16 34
168 17 34
167 17 34
167 18 34
166 18 35
166 19 34
166 20 34
165 20 34
165 21 33
165 22 33
164 22 32
164 23 31
164 24 30
164 25 29
164 26 28
163 26 27
163 27 26
162 27 24
162 28 23
161 28 22
161 29 21
160 29 20
160 30 19
159 30 18
159 31 17
159 32 17
158 32 16
158 33 16
157 33 15
156 33 15
155 33 15
155 34 14
154 34 14
154 35 14
153 35 14
152 35 14
152 36 14
151 36 14
151 37 14
150 37 14
149 37 14
149 38 14
148 38 14
147 38 14
146 38 14
145 38 13
144 38 13
143 38 12
142 38 12
141 38 11
140 38 11
139 38 11
138 38 10
137 38 10
136 38 10
135 38 10
134 38 10
133 38 10
133 39 10
132 39 10
131 39 11
130 39 11
129 39 11
129 40 11
128 40 11
128 41 12
127 41 12
126 41 13
125 41 15
124 41 17
123 41 20
122 41 22
121 41 25
120 41 28
119 41 33
118 41 38
117 41 46
117 42 54
116 42 65
115 42 78
114 42 96
114 43 117
113 43 142
112 43 174
112 44 214
111 44 256
110 44 305
109 44 358
109 45 412
108 45 462
107 45 509
106 45 548
105 45 575
59 68 12
60 68 13
61 68 14
61 67 14
62 67 15
63 67 16
64 67 17
64 66 18
65 66 19
66 66 19
67 66 18
68 66 18
69 66 18
69 65 17
70 65 16
71 65 16
71 64 16
72 64 16
73 64 16
74 64 17
75 64 18
76 64 20
77 64 24
78 64 31
79 64 40
80 64 53
81 64 70
82 64 90
83 64 109
84 64 124
85 64 135
86 64 141
87 64 142
88 64 136
89 64 125
90 64 109
91 64 89
92 64 69
93 64 51
94 64 37
95 64 27
96 64 21
97 64 17
98 64 15
99 64 15
100 64 15
100 63 16
101 63 18
102 63 20
102 62 24
103 62 30
103 61 37
103 60 48
104 60 63
104 59 81
104 58 106
104 57 143
104 56 193
104 55 257
104 54 331
104 53 411
104 52 490
104 51 560
104 50 610
104 49 638
104 48 643
104 47 632
104 46 612
23 101 45
23 100 40
23 99 37
23 98 35
23 97 34
24 97 39
25 97 45
26 97 53
27 97 62
28 97 71
29 97 79
30 97 85
31 97 86
32 97 83
33 97 75
34 97 64
35 97 52
36 97 40
37 97 31
38 97 25
39 97 20
40 97 18
41 97 16
41 96 15
42 96 14
42 95 14
43 95 13
43 94 13
44 94 13
45 94 12
45 93 12
46 93 12
47 93 12
48 93 12
48 92 12
48 91 12
49 91 12
49 90 12
49 89 12
50 89 12
51 89 13
52 89 13
52 88 13
52 87 14
53 87 15
53 86 16
53 85 17
53 84 19
53 83 20
53 82 22
53 81 23
53 80 24
53 79 23
53 78 23
53 77 21
53 76 20
53 75 18
53 74 17
53 73 16
53 72 14
54 72 14
54 71 13
55 71 13
56 71 12
56 70 12
56 69 12
57 69 12
58 69 12
78 101 20
78 100 23
77 100 26
76 100 30
75 100 36
75 99 44
74 99 53
73 99 65
72 99 80
71 99 96
70 99 112
69 99 127
69 98 141
68 98 153
67 98 164
66 98 176
65 98 186
64 98 194
64 97 193
63 97 187
62 97 178
61 97 165
61 96 147
60 96 126
59 96 107
58 96 89
58 95 72
57 95 57
56 95 45
55 95 36
54 95 29
54 94 23
53 94 20
52 94 17
51 94 15
50 94 14
50 93 13
49 93 13
52 35 32
51 35 30
50 35 30
49 35 31
48 35 32
47 35 34
46 35 37
46 36 46
46 37 60
46 38 77
46 39 98
46 40 122
46 41 148
46 42 175
46 43 199
46 44 218
46 45 228
46 46 230
46 47 226
46 48 219
46 49 210
46 50 198
46 51 185
46 52 170
46 53 155
46 54 140
46 55 125
46 56 111
46 57 98
46 58 85
46 59 74
46 60 66
46 61 60
47 61 56
47 62 51
48 62 47
48 63 42
49 63 37
50 63 32
50 64 28
51 64 24
52 64 21
52 65 18
53 65 16
54 65 15
54 66 14
55 66 13
55 67 12
56 67 12
56 68 12
80 140 13
80 139 13
80 138 13
80 137 14
80 136 15
80 135 15
80 134 17
80 133 18
80 132 21
80 131 26
80 130 34
80 129 48
80 128 70
80 127 106
80 126 157
80 125 226
80 124 306
80 123 385
80 122 445
80 121 472
80 120 459
80 119 412
80 118 342
80 117 265
80 116 195
80 115 138
80 114 96
80 113 68
80 112 49
80 111 38
80 110 30
80 109 25
80 108 22
80 107 20
80 106 18
80 105 17
80 104 16
80 103 16
79 103 17
79 102 17
180 171 18
180 172 17
180 173 17
180 174 17
179 174 16
178 174 17
177 174 17
176 174 17
176 175 17
175 175 17
175 176 17
174 176 17
174 177 18
173 177 18
172 177 19
171 177 20
171 178 21
170 178 23
170 179 25
170 180 28
169 180 32
168 180 38
168 181 45
168 182 55
168 183 69
168 184 87
168 185 109
168 186 133
168 187 157
168 188 180
168 189 202
167 189 225
167 190 247
167 191 275
166 191 305
166 192 333
166 193 366
165 193 385
165 194 408
164 194 412
164 195 416
163 195 400
163 196 383
162 196 348
162 197 316
161 197 267
160 197 227
160 198 184
159 198 146
158 198 116
157 198 92
156 198 73
155 198 58
154 198 46
153 198 36
152 198 29
151 198 24
150 198 21
149 198 18
148 198 16
147 198 14
146 198 13
145 198 13
144 198 12
143 198 12
142 198 11
141 198 11
140 198 11
140 197 11
139 197 11
139 196 12
139 195 12
138 195 13
138 194 13
137 194 14
137 193 15
137 192 15
137 191 16
137 190 16
136 190 16
136 189 16
136 188 16
136 187 15
135 187 15
135 186 15
134 186 15
134 185 15
134 184 14
133 184 14
133 183 14
132 183 15
131 183 15
131 182 15
130 182 16
130 181 16
130 180 17
129 180 18
128 180 20
128 179 21
127 179 22
127 178 23
126 178 25
125 178 26
125 177 26
124 177 27
123 177 27
122 177 27
121 177 26
121 176 25
120 176 23
119 176 23
119 175 22
118 175 21
118 174 21
118 173 21
117 173 21
116 173 20
115 173 21
115 172 20
114 172 20
114 171 20
113 171 20
112 171 20
112 170 19
112 169 19
111 169 19
111 168 18
110 168 18
110 167 17
109 167 17
109 166 17
109 165 16
109 164 16
109 163 16
109 162 16
109 161 16
109 160 16
108 160 15
107 160 15
107 159 15
107 158 14
107 157 14
106 157 14
106 156 14
106 155 13
105 155 13
105 154 13
104 154 14
103 154 14
103 153 14
103 152 14
102 152 15
102 151 15
101 151 16
100 151 17
100 150 18
100 149 19
99 149 20
98 149 22
97 149 23
96 149 25
95 149 26
95 148 26
94 148 26
93 148 26
92 148 25
92 147 23
91 147 22
90 147 21
90 146 19
89 146 18
88 146 17
87 146 16
87 145 15
87 144 14
86 144 14
85 144 13
84 144 13
84 143 13
84 142 12
83 142 12
82 142 12
81 142 12
81 141 12
151 145 19
152 145 18
153 145 18
154 145 18
155 145 19
156 145 20
156 144 21
157 144 23
157 143 25
157 142 28
158 142 31
158 141 35
159 141 41
159 140 48
160 140 58
161 140 73
162 140 97
163 140 133
164 140 185
165 140 254
166 140 336
167 140 419
168 140 486
169 140 520
170 140 513
171 140 468
172 140 396
173 140 314
174 140 235
175 140 171
176 140 125
177 140 93
178 140 74
179 140 63
180 140 58
181 140 56
182 140 59
182 141 62
183 141 67
183 142 72
183 143 82
184 143 92
184 144 107
185 144 122
185 145 144
185 146 171
185 147 202
185 148 227
185 149 243
185 150 258
185 151 269
185 152 256
185 153 230
185 154 197
185 155 163
185 156 130
185 157 102
185 158 77
185 159 57
185 160 43
185 161 33
185 162 27
185 163 22
185 164 19
185 165 17
185 166 16
185 167 15
185 168 14
185 169 14
185 170 14
184 170 15
183 170 16
182 170 17
181 170 18
28 182 12
29 182 13
30 182 14
31 182 15
31 181 16
32 181 18
33 181 20
34 181 24
35 181 28
36 181 34
37 181 42
38 181 50
39 181 61
40 181 76
41 181 97
42 181 128
43 181 171
44 181 227
45 181 297
46 181 376
47 181 456
48 181 523
49 181 565
50 181 572
51 181 545
52 181 495
53 181 439
54 181 388
55 181 345
56 181 298
57 181 251
58 181 218
58 180 233
58 179 259
58 178 301
58 177 333
58 176 370
58 175 417
58 174 471
58 173 529
58 172 579
58 171 610
58 170 615
58 169 595
58 168 553
58 167 495
58 166 429
58 165 362
58 164 298
58 163 242
58 162 194
58 161 156
58 160 126
58 159 101
58 158 81
58 157 65
58 156 53
58 155 45
58 154 40
59 154 34
59 153 31
60 153 27
60 152 24
61 152 22
61 151 20
62 151 18
62 150 17
63 150 16
63 149 15
64 149 14
65 149 14
65 148 14
66 148 14
67 148 14
68 148 14
69 148 14
69 147 14
70 147 14
71 147 15
72 147 15
72 146 15
72 145 16
73 145 16
74 145 16
75 145 16
76 145 16
77 145 16
78 145 16
78 144 15
79 144 14
79 143 14
79 142 13
79 141 13
