189 122 10
99 22 12
53 114 10
153 48 13
14 177 10
14 176 10
14 175 10
14 174 10
14 173 10
14 172 10
14 171 10
14 170 10
14 169 10
14 168 10
15 168 10
16 168 10
17 168 11
18 168 12
19 168 13
20 168 16
21 168 20
22 168 25
23 168 29
24 168 31
25 168 32
26 168 31
27 168 30
28 168 30
29 168 33
30 168 38
31 168 47
32 168 59
33 168 70
34 168 75
35 168 73
36 168 65
37 168 55
38 168 46
39 168 39
39 167 33
39 166 28
40 166 24
40 165 20
41 165 18
41 164 16
41 163 15
42 163 14
42 162 13
43 162 13
44 162 12
44 161 12
44 160 12
44 159 12
45 159 12
46 159 12
46 158 12
46 157 13
46 156 13
46 155 14
46 154 14
46 153 14
46 152 13
46 151 12
46 150 12
46 149 11
46 148 11
46 147 10
46 146 10
46 145 10
46 144 10
46 143 10
46 142 10
46 141 10
46 140 10
46 139 10
46 138 10
46 137 10
46 136 10
46 135 10
46 134 10
46 133 10
46 132 10
46 131 10
46 130 10
46 129 10
46 128 10
46 127 10
46 126 10
46 125 10
46 124 10
46 123 10
46 122 10
46 121 10
46 120 10
47 120 10
48 120 10
49 120 10
50 120 10
51 120 10
51 119 10
51 118 10
51 117 10
51 116 10
52 116 10
52 115 10
52 114 10
154 48 12
155 48 11
156 48 11
157 48 11
158 48 10
159 48 10
160 48 11
161 48 11
162 48 11
163 48 11
163 49 11
164 49 11
164 50 11
164 51 11
164 52 10
164 53 10
165 53 10
166 53 10
167 53 10
167 54 10
168 54 10
168 55 10
169 55 10
169 56 10
170 56 10
170 57 10
171 57 10
172 57 10
173 57 10
174 57 10
175 57 10
176 57 10
176 58 10
177 58 10
177 59 10
178 59 10
178 60 10
178 61 10
178 62 10
178 63 10
178 64 10
178 65 10
178 66 10
178 67 10
178 68 10
179 68 10
179 69 10
179 70 10
180 70 10
181 70 10
182 70 11
183 70 11
183 71 11
183 72 11
184 72 12
185 72 14
186 72 18
187 72 23
188 72 30
189 72 38
190 72 46
191 72 49
192 72 46
193 72 40
194 72 34
195 72 29
196 72 26
197 72 26
198 72 29
198 73 32
198 74 40
199 74 50
199 75 66
199 76 88
199 77 115
199 78 147
199 79 189
199 80 248
199 81 320
199 82 388
199 83 428
199 84 425
199 85 381
199 86 315
199 87 248
199 88 192
199 89 149
199 90 115
199 91 93
199 92 80
199 93 73
199 94 69
199 95 65
199 96 59
199 97 50
199 98 39
199 99 29
199 100 21
199 101 17
199 102 14
199 103 13
199 104 12
199 105 11
199 106 11
199 107 11
199 108 11
199 109 10
199 110 10
198 110 10
198 111 10
198 112 10
198 113 10
198 114 10
198 115 10
197 115 10
197 116 10
197 117 10
197 118 10
196 118 10
196 119 10
195 119 10
194 119 10
193 119 10
193 120 10
193 121 10
192 121 10
192 122 10
191 122 10
190 122 10
