2 136 16
184 188 53
147 80 16
122 25 53
67 101 273
67 102 313
67 103 349
67 104 385
67 105 431
67 106 493
66 106 572
65 106 625
64 106 643
63 106 628
62 106 592
61 106 550
61 107 509
61 108 467
60 108 430
60 109 402
59 109 383
58 109 370
57 109 356
56 109 341
55 109 330
54 109 325
53 109 330
52 109 345
51 109 367
50 109 391
49 109 410
48 109 414
47 109 401
46 109 379
45 109 350
44 109 313
43 109 267
42 109 215
41 109 162
40 109 115
39 109 80
38 109 56
37 109 40
36 109 31
35 109 25
34 109 20
33 109 17
32 109 15
31 109 14
30 109 13
29 109 13
28 109 13
27 109 14
26 109 16
25 109 19
25 110 24
25 111 33
25 112 45
25 113 61
25 114 77
25 115 92
25 116 105
25 117 116
25 118 122
25 119 123
25 120 122
25 121 123
25 122 131
25 123 150
24 123 176
23 123 210
22 123 261
22 124 324
22 125 413
21 125 523
21 126 640
21 127 765
20 127 892
20 128 1001
19 128 1075
18 128 1103
17 128 1067
16 128 973
15 128 841
14 128 699
14 129 564
13 129 439
12 129 342
11 129 263
10 129 194
9 129 138
8 129 97
7 129 70
7 130 52
6 130 40
5 130 33
5 131 27
4 131 24
4 132 21
3 132 20
3 133 18
2 133 18
2 134 17
2 135 16
147 81 17
147 82 17
146 82 19
146 83 22
145 83 26
145 84 33
145 85 43
144 85 55
144 86 72
143 86 92
143 87 113
143 88 138
142 88 161
142 89 187
141 89 217
141 90 245
140 90 282
140 91 317
140 92 367
140 93 426
140 94 482
140 95 515
140 96 516
140 97 486
140 98 435
140 99 376
140 100 321
140 101 276
139 101 251
138 101 227
137 101 207
136 101 196
135 101 197
134 101 210
133 101 237
132 101 276
131 101 319
130 101 357
129 101 383
128 101 396
127 101 387
126 101 353
125 101 298
124 101 235
123 101 178
122 101 133
121 101 103
120 101 84
119 101 74
119 100 63
118 100 58
117 100 57
116 100 59
115 100 63
114 100 69
113 100 76
112 100 85
111 100 92
110 100 97
109 100 100
108 100 101
107 100 102
107 101 101
106 101 96
105 101 92
105 102 83
104 102 77
104 103 68
104 104 62
103 104 55
103 105 49
102 105 45
101 105 42
100 105 41
99 105 40
98 105 39
97 105 37
96 105 34
95 105 30
94 105 26
93 105 23
92 105 21
91 105 19
90 105 19
89 105 20
88 105 21
88 104 21
87 104 21
87 103 20
86 103 20
85 103 19
84 103 18
84 102 16
83 102 15
82 102 14
82 101 13
81 101 13
80 101 12
79 101 12
78 101 13
77 101 13
76 101 15
75 101 18
74 101 23
73 101 32
72 101 46
71 101 66
70 101 93
69 101 133
68 101 191
121 25 38
120 25 27
119 25 20
118 25 16
117 25 14
116 25 12
115 25 11
114 25 11
114 26 11
113 26 11
113 27 11
113 28 12
112 28 12
111 28 13
110 28 13
109 28 14
109 29 16
109 30 17
108 30 19
107 30 20
106 30 22
106 31 25
106 32 27
106 33 28
106 34 29
105 34 31
105 35 32
105 36 34
104 36 36
104 37 40
103 37 42
103 38 46
102 38 48
102 39 51
101 39 51
101 40 51
100 40 50
100 41 51
99 41 51
99 42 56
98 42 61
97 42 71
97 43 86
96 43 108
95 43 139
94 43 178
93 43 225
92 43 280
91 43 339
90 43 399
89 43 462
89 44 531
89 45 606
89 46 691
89 47 794
89 48 908
89 49 1010
89 50 1072
89 51 1072
89 52 1005
89 53 887
89 54 748
89 55 615
89 56 504
89 57 415
89 58 336
89 59 269
89 60 220
89 61 189
89 62 173
89 63 169
89 64 173
89 65 182
89 66 192
89 67 196
89 68 192
89 69 186
88 69 177
87 69 163
86 69 147
86 70 127
86 71 109
85 71 92
85 72 75
85 73 63
84 73 55
84 74 48
83 74 46
83 75 45
83 76 48
83 77 54
83 78 64
83 79 78
83 80 93
83 81 109
83 82 123
83 83 131
83 84 129
83 85 117
83 86 100
83 87 82
83 88 66
83 89 53
83 90 45
83 91 39
83 92 35
83 93 31
83 94 28
83 95 25
83 96 21
83 97 18
83 98 16
82 98 15
82 99 14
82 100 13
184 189 38
184 190 29
184 191 24
184 192 21
184 193 20
184 194 21
184 195 22
183 195 31
182 195 44
181 195 62
180 195 82
179 195 99
178 195 113
177 195 122
176 195 127
175 195 129
174 195 124
173 195 113
172 195 99
171 195 87
170 195 79
169 195 74
169 194 69
168 194 65
168 193 60
167 193 56
167 192 52
166 192 49
165 192 47
164 192 45
163 192 44
162 192 44
161 192 45
160 192 47
159 192 49
158 192 48
157 192 47
156 192 44
156 191 54
156 190 69
156 189 89
156 188 113
156 187 141
156 186 172
156 185 210
156 184 257
156 183 314
156 182 383
156 181 463
156 180 551
156 179 635
156 178 704
156 177 748
156 176 763
156 175 750
156 174 713
156 173 653
156 172 577
156 171 500
156 170 439
156 169 400
156 168 384
156 167 388
155 167 394
154 167 392
153 167 381
153 166 363
152 166 331
151 166 304
151 165 271
151 164 245
150 164 215
150 163 191
149 163 171
149 162 151
149 161 138
148 161 123
148 160 112
147 160 102
147 159 94
146 159 84
145 159 76
144 159 67
144 158 57
143 158 49
143 157 41
142 157 34
141 157 30
141 156 26
140 156 23
140 155 21
139 155 19
138 155 18
138 154 17
137 154 16
137 153 16
136 153 16
136 152 16
136 151 17
136 150 17
136 149 17
136 148 17
136 147 17
136 146 17
136 145 16
136 144 15
136 143 15
136 142 15
136 141 15
136 140 15
136 139 16
136 138 17
136 137 17
136 136 16
136 135 15
136 134 14
136 133 13
136 132 13
136 131 12
136 130 12
136 129 13
136 128 13
136 127 15
137 127 16
137 126 18
137 125 21
138 125 24
138 124 29
138 123 34
138 122 40
138 121 43
138 120 45
138 119 45
138 118 43
138 117 42
138 116 41
138 115 42
138 114 44
138 113 47
138 112 53
138 111 62
138 110 74
138 109 88
138 108 104
138 107 121
138 106 138
138 105 153
138 104 166
138 103 179
138 102 198
