38 20 18
170 184 15
114 139 10
140 27 32
140 28 20
140 29 15
140 30 12
141 30 11
142 30 11
142 31 10
142 32 10
142 33 10
142 34 10
142 35 10
143 35 10
143 36 10
143 37 10
144 37 10
144 38 10
144 39 11
144 40 11
144 41 12
144 42 14
144 43 18
144 44 27
144 45 45
144 46 78
144 47 127
144 48 179
144 49 214
144 50 221
144 51 208
144 52 187
144 53 168
144 54 144
144 55 116
144 56 88
144 57 66
144 58 52
144 59 44
144 60 39
144 61 36
144 62 32
144 63 28
144 64 24
144 65 21
144 66 18
144 67 15
144 68 14
144 69 12
144 70 12
144 71 11
144 72 11
144 73 11
144 74 11
144 75 12
144 76 12
144 77 12
144 78 12
144 79 12
144 80 13
144 81 14
145 81 15
145 82 18
146 82 22
147 82 29
148 82 38
149 82 49
150 82 62
151 82 73
152 82 82
153 82 89
153 83 94
153 84 101
153 85 105
153 86 105
153 87 98
153 88 87
153 89 73
153 90 61
153 91 50
153 92 43
153 93 37
153 94 33
154 94 30
154 95 26
154 96 23
155 96 22
155 97 21
156 97 20
156 98 20
156 99 21
157 99 21
157 100 23
157 101 24
157 102 25
157 103 24
157 104 22
157 105 21
157 106 21
157 107 24
157 108 29
157 109 38
157 110 51
157 111 67
157 112 78
157 113 80
157 114 74
157 115 64
157 116 52
157 117 40
157 118 32
157 119 27
157 120 25
156 120 22
155 120 21
154 120 19
154 121 17
153 121 15
153 122 14
152 122 12
152 123 12
152 124 12
152 125 11
152 126 11
152 127 11
152 128 11
152 129 11
152 130 11
152 131 10
151 131 10
150 131 10
149 131 10
148 131 10
147 131 10
147 132 10
146 132 10
145 132 10
144 132 10
143 132 10
143 133 10
142 133 10
142 134 10
142 135 10
141 135 10
140 135 10
139 135 10
139 136 10
138 136 10
138 137 10
138 138 10
137 138 10
136 138 10
135 138 10
135 139 10
134 139 10
133 139 10
132 139 10
132 140 10
131 140 10
130 140 11
129 140 12
128 140 13
127 140 14
126 140 16
125 140 19
124 140 22
123 140 24
122 140 23
121 140 20
120 140 16
119 140 13
118 140 12
117 140 11
116 140 11
115 140 10
114 140 10
