50 6 32
151 137 75
12 43 151
113 89 20
19 185 15
146 62 17
127 199 15
80 118 24
65 158 242
114 89 19
115 89 19
116 89 18
117 89 18
118 89 17
119 89 16
119 90 15
119 91 15
120 91 14
121 91 13
121 92 13
122 92 12
123 92 12
123 93 11
124 93 11
124 94 11
124 95 11
125 95 11
126 95 11
127 95 11
127 96 11
127 97 11
127 98 11
127 99 12
128 99 12
129 99 12
129 100 13
130 100 13
131 100 14
131 101 14
131 102 15
131 103 15
132 103 15
132 104 15
133 104 15
133 105 15
133 106 15
133 107 15
134 107 14
134 108 14
134 109 14
135 109 13
136 109 13
137 109 13
137 110 13
137 111 13
137 112 14
138 112 14
139 112 15
140 112 16
140 113 16
141 113 18
142 113 20
142 114 21
143 114 23
143 115 26
144 115 28
145 115 31
146 115 33
147 115 36
147 116 38
147 117 41
147 118 43
148 118 44
148 119 46
149 119 46
149 120 47
150 120 46
151 120 45
151 121 43
151 122 42
151 123 40
151 124 38
151 125 36
151 126 35
151 127 33
151 128 33
151 129 33
151 130 34
151 131 35
151 132 38
151 133 43
151 134 48
151 135 56
151 136 65
145 62 15
145 63 14
144 63 13
143 63 12
143 64 12
142 64 11
142 65 11
141 65 11
140 65 11
140 66 11
139 66 11
138 66 12
137 66 12
137 67 13
137 68 13
136 68 14
136 69 14
135 69 15
134 69 16
133 69 17
133 70 17
132 70 17
131 70 18
130 70 18
129 70 17
129 71 17
128 71 17
127 71 17
127 72 17
127 73 17
127 74 18
127 75 18
127 76 19
127 77 20
127 78 21
127 79 22
127 80 23
127 81 24
127 82 24
127 83 23
127 84 22
127 85 21
127 86 19
127 87 17
127 88 15
127 89 14
127 90 13
127 91 12
127 92 12
127 93 11
127 94 11
81 118 22
81 117 20
82 117 18
83 117 17
84 117 16
85 117 15
86 117 14
86 116 13
86 115 12
87 115 12
88 115 12
89 115 12
89 114 12
89 113 12
90 113 12
90 112 12
90 111 13
91 111 13
92 111 14
93 111 14
94 111 15
95 111 16
96 111 17
97 111 18
98 111 19
99 111 20
100 111 20
101 111 20
102 111 21
103 111 20
104 111 20
104 110 19
104 109 18
105 109 18
106 109 17
106 108 16
106 107 15
107 107 14
107 106 14
108 106 13
109 106 13
110 106 13
110 105 13
110 104 13
110 103 13
110 102 13
111 102 13
111 101 14
112 101 14
112 100 15
113 100 15
113 99 16
113 98 17
113 97 18
113 96 19
113 95 19
113 94 19
113 93 19
113 92 19
113 91 19
113 90 19
66 158 220
67 158 204
67 157 194
68 157 186
69 157 184
69 156 184
70 156 189
70 155 198
71 155 209
72 155 225
73 155 243
73 154 262
74 154 280
75 154 298
76 154 315
76 153 328
77 153 337
78 153 346
78 152 351
78 151 355
78 150 356
78 149 353
78 148 342
78 147 324
78 146 299
78 145 268
78 144 235
78 143 203
78 142 176
78 141 154
78 140 138
78 139 127
78 138 120
78 137 117
78 136 116
78 135 116
78 134 117
78 133 118
78 132 117
78 131 115
78 130 109
78 129 101
78 128 92
78 127 82
78 126 72
78 125 63
78 124 55
78 123 48
78 122 42
78 121 37
78 120 33
79 120 31
79 119 28
80 119 26
20 185 14
21 185 13
22 185 12
23 185 12
24 185 12
24 184 12
25 184 12
26 184 12
26 183 12
27 183 13
27 182 13
28 182 13
29 182 14
30 182 14
30 181 14
30 180 14
30 179 15
31 179 15
31 178 15
31 177 16
32 177 16
33 177 16
33 176 17
34 176 17
34 175 18
35 175 18
35 174 18
35 173 19
35 172 19
36 172 20
36 171 20
37 171 21
37 170 22
38 170 24
39 170 26
40 170 29
41 170 34
42 170 39
43 170 47
44 170 56
45 170 67
46 170 80
47 170 96
48 170 113
49 170 132
50 170 152
51 170 172
52 170 191
53 170 209
54 170 225
55 170 240
56 170 255
57 170 270
58 170 286
59 170 304
60 170 325
61 170 348
61 169 366
62 169 381
63 169 394
63 168 401
64 168 404
64 167 402
65 167 397
65 166 386
65 165 373
65 164 357
65 163 339
65 162 318
65 161 298
65 160 278
65 159 259
126 199 15
125 199 16
124 199 17
124 198 19
124 197 20
123 197 22
123 196 24
122 196 27
121 196 30
121 195 33
120 195 37
119 195 42
118 195 47
117 195 52
116 195 57
115 195 60
114 195 63
113 195 64
112 195 64
111 195 64
110 195 66
109 195 68
108 195 73
107 195 80
106 195 90
105 195 103
104 195 119
103 195 138
102 195 160
101 195 182
100 195 203
99 195 222
98 195 236
97 195 245
96 195 249
95 195 250
94 195 250
93 195 250
92 195 247
91 195 244
90 195 242
89 195 244
89 194 250
88 194 253
88 193 255
88 192 255
88 191 254
87 191 252
87 190 248
87 189 245
87 188 244
86 188 245
86 187 248
85 187 255
85 186 265
84 186 278
83 186 296
83 185 315
82 185 334
81 185 353
80 185 371
79 185 386
78 185 397
78 184 406
77 184 408
76 184 415
76 183 419
75 183 430
75 182 437
75 181 453
74 181 462
74 180 475
74 179 491
73 179 499
73 178 510
73 177 521
72 177 527
72 176 535
71 176 541
71 175 545
70 175 546
70 174 545
69 174 538
68 174 530
67 174 520
66 174 504
65 174 483
64 174 455
63 174 420
63 173 401
63 172 390
63 171 386
63 170 388
