146 103 21
107 199 11
177 172 15
5 196 10
138 40 12
50 61 15
22 107 27
94 165 10
174 121 11
160 140 16
96 77 25
178 15 16
94 166 10
94 167 10
94 168 10
94 169 10
94 170 10
94 171 10
94 172 10
94 173 10
94 174 10
94 175 10
94 176 10
94 177 10
94 178 10
94 179 10
94 180 10
94 181 10
94 182 10
95 182 10
95 183 10
96 183 10
97 183 10
98 183 10
98 184 10
99 184 10
99 185 10
100 185 10
100 186 10
101 186 10
101 187 10
101 188 10
101 189 10
102 189 10
103 189 10
103 190 10
104 190 10
104 191 10
104 192 10
105 192 10
105 193 10
105 194 10
105 195 10
105 196 10
106 196 10
106 197 10
106 198 10
106 199 10
138 41 12
138 42 12
138 43 12
138 44 12
138 45 12
138 46 12
138 47 11
138 48 11
138 49 11
138 50 11
138 51 11
138 52 10
138 53 10
138 54 10
138 55 10
138 56 10
138 57 10
138 58 10
139 58 10
140 58 10
140 59 10
140 60 11
140 61 11
140 62 11
140 63 11
140 64 11
140 65 12
140 66 13
140 67 14
140 68 15
140 69 17
140 70 19
140 71 22
140 72 25
140 73 27
140 74 29
140 75 30
140 76 31
140 77 31
140 78 31
140 79 31
140 80 31
140 81 30
140 82 29
140 83 29
141 83 30
141 84 30
142 84 32
142 85 33
143 85 36
143 86 38
143 87 40
144 87 42
144 88 42
144 89 42
144 90 39
144 91 35
144 92 29
144 93 24
144 94 20
144 95 18
144 96 16
144 97 15
144 98 14
145 98 13
146 98 13
146 99 12
146 100 13
146 101 14
146 102 16
97 77 24
98 77 24
99 77 24
100 77 25
101 77 24
102 77 22
103 77 21
104 77 18
105 77 17
106 77 15
107 77 15
108 77 14
108 76 14
109 76 14
110 76 14
111 76 14
112 76 15
112 75 15
113 75 16
113 74 17
114 74 19
115 74 20
116 74 21
117 74 22
118 74 26
119 74 29
120 74 30
121 74 31
122 74 32
123 74 32
124 74 32
125 74 33
126 74 33
126 73 34
127 73 33
127 72 33
128 72 30
128 71 28
128 70 24
128 69 21
128 68 18
129 68 15
130 68 14
130 67 13
131 67 12
132 67 12
133 67 12
134 67 12
135 67 13
136 67 13
137 67 13
138 67 13
139 67 13
174 120 10
173 120 10
172 120 10
171 120 10
170 120 10
169 120 10
169 119 10
169 118 10
169 117 10
169 116 10
169 115 10
169 114 10
169 113 10
168 113 11
168 112 11
167 112 12
167 111 13
166 111 15
166 110 18
165 110 21
164 110 24
164 109 29
163 109 32
162 109 37
162 108 42
161 108 47
160 108 55
160 107 63
159 107 75
158 107 90
157 107 106
156 107 116
155 107 119
154 107 115
153 107 105
153 106 93
152 106 77
152 105 63
151 105 50
151 104 38
151 103 28
150 103 22
149 103 20
148 103 19
147 103 19
160 139 14
160 138 13
161 138 12
162 138 12
163 138 11
164 138 11
165 138 10
166 138 10
167 138 10
167 137 10
167 136 10
167 135 10
167 134 10
167 133 10
168 133 10
168 132 10
169 132 10
169 131 10
169 130 10
169 129 10
169 128 10
169 127 11
169 126 11
169 125 11
169 124 11
169 123 11
169 122 11
169 121 11
50 62 14
50 63 14
50 64 14
50 65 15
50 66 15
50 67 16
50 68 17
50 69 19
50 70 21
50 71 23
50 72 28
50 73 31
51 73 33
51 74 35
52 74 36
52 75 38
52 76 38
52 77 33
52 78 29
53 78 25
53 79 22
54 79 19
55 79 17
56 79 16
57 79 16
58 79 17
59 79 17
60 79 18
61 79 19
62 79 19
63 79 19
64 79 18
65 79 18
66 79 18
67 79 18
68 79 19
69 79 22
70 79 28
71 79 37
72 79 51
73 79 67
74 79 80
75 79 86
76 79 84
77 79 76
78 79 67
79 79 58
79 78 50
80 78 44
80 77 37
81 77 34
82 77 34
83 77 36
84 77 40
85 77 43
86 77 45
87 77 46
88 77 45
89 77 43
90 77 40
91 77 36
92 77 32
93 77 29
94 77 27
95 77 25
22 106 30
22 105 33
22 104 35
22 103 35
22 102 34
22 101 34
22 100 36
23 100 38
23 99 39
24 99 41
24 98 41
24 97 43
25 97 42
25 96 43
26 96 43
26 95 43
26 94 45
26 93 45
26 92 45
26 91 45
26 90 46
26 89 45
26 88 43
26 87 38
26 86 32
26 85 26
26 84 21
26 83 17
26 82 14
26 81 13
26 80 12
26 79 11
26 78 11
26 77 10
26 76 10
26 75 10
26 74 10
26 73 10
27 73 10
28 73 10
28 72 10
29 72 10
29 71 10
29 70 10
30 70 10
31 70 10
32 70 10
33 70 10
34 70 10
35 70 10
36 70 10
37 70 10
38 70 10
39 70 10
40 70 10
41 70 10
42 70 10
43 70 10
44 70 11
45 70 11
46 70 12
47 70 12
48 70 14
49 70 16
5 195 10
5 194 10
5 193 10
6 193 10
6 192 11
6 191 11
6 190 11
6 189 12
6 188 12
6 187 12
6 186 12
7 186 12
7 185 12
7 184 13
7 183 13
7 182 14
7 181 15
7 180 16
7 179 18
7 178 19
7 177 21
7 176 21
7 175 20
7 174 18
7 173 15
7 172 13
7 171 12
7 170 11
7 169 11
7 168 10
7 167 10
7 166 10
7 165 10
7 164 10
7 163 10
7 162 10
7 161 10
7 160 10
7 159 10
7 158 10
7 157 10
7 156 10
7 155 10
7 154 10
8 154 10
9 154 10
9 153 10
9 152 10
9 151 10
9 150 10
9 149 10
9 148 10
10 148 10
11 148 10
12 148 10
13 148 10
13 147 10
13 146 10
13 145 10
13 144 10
13 143 10
14 143 10
14 142 10
14 141 11
14 140 11
14 139 12
14 138 13
14 137 14
14 136 14
14 135 13
14 134 13
14 133 12
14 132 11
14 131 11
14 130 10
14 129 10
14 128 10
14 127 10
14 126 10
14 125 10
14 124 10
14 123 10
14 122 10
14 121 10
14 120 10
14 119 10
14 118 10
14 117 10
14 116 10
14 115 10
15 115 10
15 114 10
15 113 10
15 112 10
15 111 10
15 110 10
16 110 11
16 109 11
17 109 12
17 108 12
18 108 13
18 107 14
19 107 16
20 107 19
21 107 22
179 15 15
179 16 15
179 17 16
179 18 16
180 18 16
180 19 16
181 19 16
181 20 17
182 20 17
183 20 18
184 20 19
185 20 20
186 20 21
187 20 23
188 20 24
189 20 26
190 20 27
191 20 30
192 20 34
193 20 40
193 21 48
193 22 61
193 23 79
193 24 100
193 25 120
193 26 134
193 27 140
193 28 140
193 29 136
193 30 133
193 31 133
193 32 132
193 33 127
193 34 119
194 34 109
194 35 98
194 36 89
195 36 83
195 37 77
196 37 73
197 37 69
198 37 64
199 37 60
199 38 56
199 39 54
199 40 54
199 41 55
199 42 55
199 43 53
199 44 50
199 45 47
199 46 44
199 47 42
199 48 39
199 49 35
199 50 30
199 51 25
199 52 20
199 53 16
199 54 14
199 55 13
199 56 12
199 57 11
199 58 11
199 59 11
199 60 11
199 61 10
199 62 10
199 63 10
199 64 11
199 65 11
199 66 11
199 67 13
199 68 14
199 69 17
199 70 21
199 71 28
199 72 36
199 73 46
199 74 59
199 75 73
198 75 88
198 76 100
198 77 112
198 78 124
198 79 139
198 80 155
198 81 171
198 82 182
198 83 178
198 84 157
198 85 123
198 86 86
198 87 56
198 88 37
198 89 25
198 90 19
198 91 16
198 92 14
198 93 13
198 94 13
198 95 12
198 96 12
198 97 12
198 98 12
198 99 12
198 100 11
198 101 11
198 102 11
198 103 10
197 103 10
197 104 10
196 104 10
195 104 10
195 105 10
194 105 10
193 105 10
192 105 10
191 105 10
190 105 10
189 105 10
188 105 10
187 105 10
186 105 10
185 105 10
185 106 10
184 106 10
184 107 10
184 108 10
183 108 10
183 109 10
183 110 10
182 110 10
181 110 10
181 111 10
180 111 10
179 111 10
178 111 10
177 111 10
176 111 10
175 111 10
174 111 10
173 111 10
173 112 10
172 112 10
171 112 10
171 113 10
170 113 10
