121 192 14
16 194 13
179 15 77
12 6 36
185 178 175
91 6 34
145 58 114
18 105 69
52 0 656
30 162 49
29 162 45
29 163 41
28 163 38
27 163 35
27 164 33
26 164 31
26 165 30
25 165 29
25 166 28
24 166 28
24 167 27
24 168 27
23 168 26
23 169 25
23 170 25
23 171 24
22 171 23
22 172 22
21 172 22
21 173 21
21 174 20
20 174 20
20 175 19
19 175 19
19 176 18
19 177 18
19 178 17
18 178 17
18 179 16
18 180 15
18 181 14
18 182 13
18 183 12
18 184 12
18 185 11
18 186 11
18 187 11
17 187 11
16 187 11
16 188 11
16 189 11
16 190 11
16 191 11
16 192 12
16 193 12
184 178 143
183 178 121
182 178 104
181 178 91
180 178 80
179 178 70
178 178 61
177 178 52
176 178 43
175 178 36
174 178 29
173 178 24
172 178 20
171 178 17
170 178 16
169 178 15
168 178 14
167 178 14
166 178 15
166 179 16
165 179 16
164 179 18
163 179 20
163 180 22
162 180 25
161 180 28
160 180 32
159 180 36
159 181 40
158 181 43
157 181 47
156 181 51
155 181 54
154 181 56
153 181 58
153 182 61
152 182 70
151 182 79
150 182 88
149 182 99
148 182 110
148 183 120
147 183 131
146 183 139
145 183 144
145 184 151
144 184 153
143 184 163
142 184 166
141 184 162
140 184 154
139 184 143
138 184 130
137 184 116
136 184 100
136 185 84
135 185 68
134 185 54
133 185 43
132 185 34
131 185 27
130 185 22
130 186 18
129 186 16
128 186 15
127 186 14
127 187 13
127 188 12
126 188 12
125 188 12
124 188 12
123 188 12
123 189 12
122 189 12
122 190 13
122 191 13
121 191 13
145 57 86
145 56 64
145 55 48
145 54 36
145 53 28
145 52 22
145 51 19
145 50 16
145 49 15
145 48 14
145 47 14
145 46 14
146 46 14
147 46 14
147 45 15
148 45 15
149 45 16
150 45 16
151 45 17
152 45 18
153 45 19
153 44 20
154 44 21
154 43 22
154 42 24
155 42 26
156 42 27
156 41 30
156 40 33
157 40 36
157 39 41
158 39 45
158 38 53
159 38 61
159 37 73
160 37 89
160 36 107
160 35 131
161 35 155
161 34 184
162 34 212
162 33 239
163 33 266
163 32 286
163 31 306
164 31 318
164 30 332
165 30 341
165 29 354
166 29 367
166 28 383
166 27 404
166 26 426
166 25 449
166 24 473
166 23 494
166 22 507
166 21 510
166 20 502
166 19 483
166 18 459
166 17 432
166 16 405
167 16 375
167 15 347
168 15 323
169 15 307
170 15 295
171 15 284
172 15 272
173 15 257
174 15 236
175 15 208
176 15 173
177 15 137
178 15 104
92 6 30
92 7 27
92 8 25
92 9 23
93 9 21
93 10 20
93 11 20
93 12 19
93 13 19
93 14 19
93 15 19
93 16 19
93 17 20
93 18 19
93 19 19
93 20 19
93 21 19
93 22 19
93 23 19
93 24 20
93 25 21
93 26 22
93 27 23
93 28 24
93 29 25
93 30 26
93 31 28
93 32 30
93 33 33
93 34 37
93 35 43
93 36 51
93 37 60
93 38 70
93 39 80
93 40 88
93 41 96
93 42 103
93 43 111
93 44 119
93 45 124
93 46 125
93 47 120
93 48 110
93 49 95
93 50 79
93 51 64
93 52 51
93 53 42
93 54 34
93 55 29
93 56 26
93 57 23
93 58 22
94 58 22
94 59 21
95 59 21
95 60 20
95 61 21
95 62 22
95 63 23
95 64 24
95 65 25
95 66 25
95 67 25
95 68 24
95 69 23
95 70 21
95 71 19
95 72 18
95 73 17
95 74 16
96 74 14
96 75 14
97 75 13
98 75 12
99 75 12
99 76 11
100 76 11
101 76 11
101 77 10
102 77 10
103 77 10
104 77 10
104 78 10
105 78 10
106 78 10
106 79 10
107 79 10
108 79 11
109 79 11
110 79 12
111 79 13
112 79 14
113 79 17
114 79 20
115 79 25
116 79 32
117 79 40
118 79 49
119 79 57
120 79 63
121 79 66
122 79 66
123 79 64
124 79 62
125 79 59
126 79 57
127 79 55
128 79 52
129 79 49
130 79 47
131 79 49
132 79 50
133 79 51
134 79 52
135 79 55
135 78 66
135 77 80
135 76 98
135 75 119
135 74 143
135 73 166
135 72 185
135 71 198
135 70 205
135 69 209
136 69 214
136 68 212
136 67 215
137 67 216
137 66 217
138 66 222
138 65 221
138 64 225
139 64 223
139 63 221
140 63 217
140 62 209
140 61 199
140 60 185
140 59 166
140 58 143
141 58 123
142 58 111
143 58 105
144 58 106
19 105 50
20 105 37
21 105 29
22 105 24
23 105 21
24 105 19
25 105 18
26 105 18
26 106 19
27 106 20
28 106 20
29 106 21
30 106 22
30 107 23
31 107 24
31 108 25
32 108 25
33 108 25
34 108 25
34 109 25
35 109 25
35 110 25
35 111 24
36 111 24
36 112 23
37 112 22
37 113 21
38 113 20
38 114 19
39 114 18
39 115 17
40 115 16
41 115 16
41 116 15
41 117 15
42 117 14
42 118 14
43 118 14
44 118 14
45 118 14
45 119 14
46 119 14
46 120 14
47 120 15
47 121 15
48 121 15
49 121 16
49 122 16
50 122 17
50 123 17
51 123 18
52 123 19
53 123 20
53 124 21
53 125 23
54 125 24
54 126 27
54 127 32
54 128 39
54 129 51
54 130 68
54 131 90
54 132 121
54 133 158
54 134 202
54 135 248
54 136 295
54 137 336
54 138 371
54 139 398
54 140 418
54 141 434
54 142 449
54 143 466
54 144 486
54 145 510
54 146 535
54 147 555
54 148 564
54 149 557
54 150 535
54 151 502
54 152 460
54 153 416
54 154 375
54 155 339
54 156 311
54 157 293
54 158 286
53 158 299
52 158 320
51 158 348
50 158 378
49 158 402
48 158 413
47 158 405
46 158 379
45 158 338
44 158 290
43 158 242
42 158 198
41 158 162
40 158 135
39 158 115
38 158 102
37 158 94
37 159 88
36 159 84
36 160 79
35 160 76
35 161 73
34 161 70
33 161 67
32 161 63
31 161 59
30 161 54
53 0 639
54 0 634
55 0 643
56 0 672
57 0 724
58 0 806
59 0 920
59 1 1081
59 2 1264
59 3 1455
59 4 1637
59 5 1790
59 6 1896
59 7 1941
59 8 1921
59 9 1847
59 10 1738
59 11 1604
59 12 1445
59 13 1273
59 14 1100
59 15 943
59 16 809
59 17 704
60 17 656
61 17 617
62 17 586
63 17 562
64 17 543
65 17 526
66 17 506
67 17 485
68 17 463
69 17 443
70 17 424
71 17 405
72 17 385
73 17 363
74 17 337
75 17 308
76 17 276
77 17 242
78 17 207
79 17 174
80 17 143
81 17 115
82 17 91
83 17 73
84 17 58
85 17 48
86 17 40
87 17 34
88 17 30
89 17 26
90 17 24
91 17 22
92 17 21
12 5 34
12 4 33
12 3 34
12 2 35
12 1 39
13 1 43
14 1 48
14 0 53
15 0 61
16 0 72
17 0 91
18 0 120
19 0 164
20 0 232
21 0 333
22 0 479
23 0 681
24 0 943
25 0 1257
26 0 1603
27 0 1953
28 0 2280
29 0 2564
30 0 2796
31 0 2973
32 0 3099
33 0 3177
34 0 3212
35 0 3204
36 0 3148
37 0 3043
38 0 2890
39 0 2693
40 0 2460
41 0 2205
42 0 1942
43 0 1690
44 0 1461
45 0 1261
46 0 1095
47 0 960
48 0 856
49 0 777
50 0 721
51 0 683
