71 116 16
10 109 19
26 62 15
199 16 32
60 30 28
0 176 10
100 72 17
100 71 15
100 70 14
100 69 13
100 68 12
100 67 11
100 66 11
100 65 11
99 65 11
98 65 12
97 65 12
96 65 14
95 65 16
94 65 19
93 65 24
92 65 31
91 65 41
90 65 53
89 65 66
88 65 78
87 65 88
86 65 96
85 65 102
84 65 108
83 65 115
82 65 123
81 65 129
80 65 132
79 65 130
78 65 127
78 66 124
77 66 119
76 66 117
76 67 117
75 67 117
75 68 119
74 68 122
74 69 126
74 70 130
74 71 133
74 72 134
74 73 131
73 73 127
72 73 122
72 74 115
71 74 106
70 74 96
69 74 85
68 74 74
68 75 65
67 75 57
66 75 52
66 76 47
65 76 45
65 77 44
65 78 44
64 78 45
64 79 47
64 80 52
64 81 59
64 82 70
64 83 86
64 84 109
64 85 137
64 86 170
64 87 204
64 88 235
64 89 255
64 90 262
64 91 253
64 92 231
64 93 203
64 94 173
64 95 143
64 96 117
64 97 97
64 98 81
64 99 71
64 100 64
65 100 57
65 101 52
66 101 48
66 102 44
67 102 41
67 103 38
68 103 35
68 104 32
69 104 30
69 105 27
69 106 25
70 106 23
70 107 21
71 107 20
71 108 18
71 109 17
71 110 17
71 111 17
71 112 17
71 113 16
71 114 16
71 115 16
27 62 16
28 62 17
29 62 17
30 62 17
31 62 18
32 62 18
33 62 19
34 62 20
35 62 21
35 63 25
35 64 29
36 64 34
37 64 42
37 65 53
38 65 69
39 65 91
39 66 119
40 66 153
41 66 195
42 66 247
43 66 306
44 66 364
45 66 411
46 66 438
47 66 440
48 66 419
49 66 382
50 66 336
51 66 291
52 66 252
53 66 219
54 66 190
55 66 168
55 67 151
56 67 138
56 68 130
57 68 124
57 69 123
58 69 120
59 69 122
59 70 119
59 71 119
60 71 114
60 72 109
61 72 101
61 73 91
62 73 82
62 74 72
63 74 64
63 75 56
63 76 51
64 76 47
59 30 24
58 30 21
57 30 19
56 30 18
55 30 16
54 30 15
53 30 14
52 30 14
51 30 13
50 30 13
49 30 12
48 30 12
47 30 12
46 30 12
45 30 12
44 30 12
43 30 12
43 31 11
43 32 11
43 33 11
42 33 11
42 34 11
42 35 11
41 35 11
40 35 11
40 36 11
39 36 11
39 37 11
38 37 11
38 38 12
38 39 12
38 40 12
38 41 13
38 42 13
38 43 14
38 44 15
38 45 15
38 46 15
38 47 15
38 48 14
38 49 14
38 50 13
38 51 13
38 52 13
37 52 13
37 53 13
36 53 13
35 53 13
35 54 13
35 55 13
35 56 14
35 57 14
35 58 15
35 59 16
35 60 17
35 61 19
11 109 20
12 109 20
12 108 23
12 107 28
12 106 34
12 105 45
12 104 61
12 103 86
12 102 120
12 101 164
12 100 212
12 99 257
12 98 293
12 97 316
12 96 325
12 95 323
12 94 315
12 93 304
12 92 289
12 91 264
12 90 230
12 89 191
12 88 154
12 87 122
12 86 98
12 85 80
12 84 68
12 83 60
12 82 54
12 81 50
12 80 47
12 79 43
12 78 38
12 77 34
12 76 30
12 75 25
12 74 21
12 73 18
12 72 16
12 71 14
12 70 13
12 69 12
12 68 12
12 67 11
12 66 11
13 66 11
13 65 11
14 65 11
15 65 11
16 65 11
17 65 11
18 65 11
18 64 11
19 64 11
20 64 11
21 64 12
21 63 12
22 63 12
23 63 13
23 62 13
24 62 14
25 62 14
0 175 10
0 174 10
0 173 10
0 172 10
0 171 10
0 170 10
0 169 10
0 168 11
0 167 11
0 166 10
0 165 10
0 164 10
0 163 11
0 162 11
0 161 11
0 160 11
0 159 11
0 158 12
0 157 12
0 156 13
0 155 13
0 154 15
0 153 17
0 152 19
0 151 23
0 150 27
0 149 33
0 148 38
0 147 44
0 146 50
0 145 54
0 144 56
0 143 57
0 142 57
0 141 55
0 140 53
0 139 50
0 138 48
0 137 45
0 136 42
0 135 39
0 134 37
0 133 35
0 132 34
0 131 33
0 130 31
0 129 29
0 128 27
0 127 24
0 126 21
0 125 19
0 124 17
0 123 16
0 122 15
0 121 14
1 121 14
1 120 13
1 119 13
1 118 13
2 118 12
2 117 12
3 117 12
4 117 12
5 117 12
5 116 12
6 116 12
6 115 12
7 115 12
7 114 12
7 113 12
8 113 13
9 113 13
9 112 14
10 112 14
10 111 15
10 110 17
198 16 29
197 16 27
196 16 26
195 16 26
194 16 26
193 16 28
193 17 31
192 17 34
192 18 39
191 18 43
191 19 48
191 20 56
190 20 61
190 21 70
189 21 78
189 22 87
188 22 98
188 23 107
187 23 119
187 24 129
186 24 140
186 25 150
185 25 159
184 25 169
184 26 174
183 26 179
182 26 184
182 27 184
181 27 184
181 28 188
180 28 187
179 28 192
179 29 193
179 30 199
178 30 205
178 31 210
178 32 217
177 32 224
177 33 225
177 34 225
177 35 221
177 36 213
177 37 201
177 38 186
177 39 168
177 40 148
177 41 126
177 42 105
177 43 85
177 44 68
177 45 54
177 46 43
177 47 35
177 48 28
177 49 23
177 50 19
177 51 17
177 52 15
177 53 14
177 54 13
177 55 13
176 55 13
176 56 13
176 57 13
176 58 13
176 59 14
175 59 14
174 59 14
173 59 14
173 60 14
172 60 14
172 61 14
171 61 14
170 61 13
169 61 13
168 61 13
167 61 13
166 61 13
166 62 12
165 62 12
164 62 13
163 62 13
162 62 13
161 62 14
160 62 14
159 62 15
158 62 15
157 62 14
156 62 14
155 62 13
154 62 13
153 62 12
152 62 12
151 62 12
150 62 11
149 62 11
148 62 11
147 62 11
146 62 11
145 62 11
144 62 11
143 62 11
142 62 12
141 62 12
140 62 12
139 62 13
138 62 13
137 62 14
136 62 15
135 62 16
134 62 17
133 62 18
132 62 18
131 62 18
130 62 17
129 62 16
128 62 14
127 62 14
126 62 13
125 62 12
124 62 12
123 62 11
122 62 11
121 62 11
120 62 10
119 62 10
119 63 10
118 63 10
117 63 10
116 63 10
115 63 10
114 63 10
113 63 10
112 63 10
111 63 10
110 63 10
109 63 10
108 63 10
107 63 10
106 63 10
105 63 10
104 63 10
103 63 10
103 64 10
102 64 10
101 64 10
101 65 10
