41 169 11
180 176 51
146 6 12
103 107 13
103 108 12
103 109 12
103 110 12
103 111 12
103 112 12
103 113 12
103 114 12
103 115 12
103 116 11
103 117 11
103 118 11
103 119 11
103 120 10
103 121 10
103 122 10
103 123 10
104 123 10
105 123 10
105 124 10
106 124 10
106 125 10
106 126 10
107 126 10
107 127 10
107 128 10
108 128 10
109 128 10
110 128 10
110 129 10
111 129 10
112 129 10
113 129 10
114 129 10
115 129 10
116 129 10
117 129 10
118 129 10
119 129 10
120 129 10
121 129 10
122 129 10
123 129 10
123 130 10
124 130 10
125 130 10
126 130 10
126 131 10
126 132 10
127 132 10
127 133 10
128 133 10
128 134 10
128 135 10
128 136 10
128 137 10
129 137 10
130 137 11
131 137 11
132 137 11
133 137 11
134 137 11
135 137 11
135 138 11
135 139 11
136 139 10
136 140 10
137 140 10
138 140 10
138 141 10
138 142 10
138 143 10
139 143 10
140 143 10
141 143 10
141 144 10
141 145 10
141 146 10
141 147 10
142 147 10
143 147 10
144 147 10
144 148 10
144 149 10
145 149 10
145 150 10
145 151 10
145 152 10
146 152 10
146 153 10
147 153 10
148 153 10
149 153 10
149 154 10
150 154 10
150 155 10
150 156 10
150 157 10
150 158 10
150 159 10
151 159 10
151 160 10
151 161 10
151 162 10
152 162 10
153 162 10
154 162 11
155 162 11
156 162 11
156 163 11
156 164 11
157 164 11
157 165 11
157 166 11
157 167 11
158 167 11
158 168 11
159 168 11
159 169 11
159 170 11
160 170 11
161 170 11
161 171 11
162 171 11
162 172 11
162 173 11
162 174 11
163 174 12
164 174 12
165 174 13
166 174 13
167 174 13
168 174 13
169 174 14
170 174 14
171 174 15
171 175 15
171 176 16
172 176 17
173 176 18
174 176 21
175 176 24
176 176 27
177 176 32
178 176 38
179 176 45
146 7 12
146 8 12
146 9 12
146 10 12
146 11 12
146 12 12
146 13 12
146 14 12
145 14 12
144 14 12
144 15 12
143 15 12
143 16 12
143 17 12
143 18 12
143 19 13
143 20 14
143 21 15
143 22 17
143 23 20
143 24 23
143 25 26
143 26 31
143 27 36
143 28 41
143 29 47
143 30 55
143 31 62
143 32 69
143 33 75
143 34 78
143 35 80
143 36 80
143 37 80
143 38 79
143 39 78
143 40 77
143 41 78
143 42 80
143 43 83
143 44 86
143 45 88
143 46 90
143 47 92
143 48 95
143 49 98
143 50 103
143 51 108
143 52 114
143 53 118
143 54 120
143 55 119
143 56 113
143 57 105
143 58 93
143 59 80
143 60 67
143 61 55
143 62 46
143 63 40
143 64 35
143 65 32
142 65 29
141 65 27
141 66 24
140 66 22
140 67 20
139 67 19
138 67 18
137 67 17
137 68 16
136 68 16
136 69 15
135 69 15
134 69 15
134 70 15
133 70 15
132 70 16
131 70 17
130 70 18
130 71 19
130 72 21
130 73 25
130 74 29
130 75 34
130 76 41
129 76 49
129 77 58
128 77 70
128 78 84
128 79 101
128 80 119
128 81 137
128 82 151
128 83 162
128 84 167
128 85 167
127 85 162
127 86 155
127 87 147
126 87 142
126 88 136
125 88 135
125 89 135
124 89 139
123 89 147
122 89 156
121 89 166
120 89 175
119 89 184
118 89 190
117 89 194
116 89 192
115 89 187
114 89 178
113 89 168
112 89 158
111 89 149
111 90 140
111 91 128
111 92 115
110 92 100
110 93 86
110 94 72
110 95 60
109 95 50
109 96 40
109 97 32
109 98 26
109 99 21
109 100 18
109 101 16
109 102 15
109 103 14
109 104 13
109 105 13
108 105 12
107 105 12
106 105 12
106 106 12
105 106 12
104 106 12
104 107 12
