39 18 465
103 161 10
103 160 10
103 159 10
103 158 10
103 157 10
103 156 10
103 155 10
103 154 10
103 153 10
103 152 10
103 151 10
103 150 10
103 149 10
103 148 10
103 147 10
103 146 10
103 145 10
103 144 10
103 143 10
103 142 10
103 141 10
103 140 10
103 139 10
103 138 10
103 137 10
103 136 10
103 135 10
103 134 10
103 133 10
103 132 10
103 131 10
103 130 10
103 129 10
103 128 10
103 127 10
103 126 10
103 125 10
103 124 10
103 123 10
103 122 10
103 121 10
103 120 10
103 119 11
103 118 11
103 117 11
103 116 12
103 115 12
103 114 13
103 113 14
103 112 15
103 111 16
103 110 16
103 109 17
103 108 16
103 107 16
103 106 16
103 105 16
103 104 16
103 103 16
103 102 17
103 101 17
104 101 18
104 100 20
105 100 21
105 99 23
105 98 25
105 97 28
105 96 31
105 95 36
105 94 40
105 93 45
105 92 49
105 91 51
105 90 53
105 89 53
105 88 52
105 87 51
105 86 49
105 85 48
105 84 46
105 83 45
105 82 45
105 81 47
104 81 49
103 81 52
103 80 54
102 80 57
101 80 60
101 79 62
100 79 66
100 78 69
99 78 74
99 77 78
98 77 83
98 76 86
97 76 92
97 75 95
97 74 100
96 74 103
96 73 107
95 73 113
95 72 115
95 71 117
95 70 120
94 70 122
94 69 123
94 68 126
94 67 131
93 67 134
93 66 141
93 65 151
93 64 162
93 63 174
93 62 185
93 61 193
93 60 197
93 59 196
93 58 189
93 57 178
93 56 163
93 55 149
93 54 135
93 53 120
92 53 104
92 52 90
92 51 78
91 51 68
91 50 60
90 50 54
90 49 49
89 49 46
89 48 43
88 48 41
87 48 40
87 47 38
86 47 37
85 47 35
85 46 33
84 46 31
83 46 29
82 46 28
82 45 26
81 45 24
81 44 23
80 44 22
80 43 21
79 43 21
79 42 20
78 42 20
78 41 20
78 40 20
78 39 20
77 39 21
77 38 21
77 37 22
76 37 23
76 36 24
76 35 25
76 34 25
75 34 26
75 33 26
75 32 26
74 32 26
74 31 25
73 31 24
73 30 23
73 29 22
72 29 21
72 28 20
71 28 20
70 28 19
70 27 19
69 27 18
68 27 18
67 27 18
67 26 17
66 26 17
65 26 17
65 25 17
65 24 17
65 23 18
64 23 18
63 23 18
63 22 18
62 22 19
62 21 19
62 20 20
62 19 20
61 19 21
60 19 22
60 18 23
59 18 25
58 18 28
57 18 32
56 18 37
55 18 43
54 18 50
53 18 60
52 18 73
51 18 94
50 18 125
49 18 169
48 18 227
47 18 297
46 18 372
45 18 444
44 18 501
43 18 536
42 18 546
41 18 533
40 18 504
