146 43 72
17 64 12
127 10 12
165 199 30
50 123 37
168 20 13
76 15 24
199 71 12
141 133 10
138 80 11
12 158 12
168 21 13
168 22 13
168 23 13
168 24 12
168 25 12
168 26 12
168 27 11
168 28 11
167 28 11
167 29 11
166 29 11
166 30 11
165 30 12
165 31 12
164 31 12
163 31 13
163 32 13
162 32 13
161 32 14
160 32 14
160 33 14
159 33 14
158 33 13
157 33 13
156 33 13
155 33 13
155 34 13
154 34 13
154 35 13
154 36 14
153 36 14
152 36 15
152 37 15
152 38 16
151 38 17
150 38 19
150 39 20
150 40 23
149 40 25
149 41 29
148 41 33
148 42 39
147 42 47
147 43 57
199 70 12
199 69 12
199 68 12
199 67 13
199 66 14
199 65 18
199 64 24
199 63 37
199 62 61
199 61 104
199 60 167
199 59 246
199 58 333
199 57 411
199 56 460
199 55 463
199 54 421
199 53 349
199 52 266
199 51 191
199 50 133
199 49 94
199 48 69
199 47 53
199 46 43
199 45 35
199 44 30
199 43 26
198 43 35
197 43 52
196 43 81
195 43 127
194 43 185
193 43 244
192 43 288
191 43 307
190 43 297
189 43 267
188 43 226
187 43 184
186 43 148
185 43 119
184 43 98
183 43 81
182 43 67
181 43 55
180 43 45
179 43 37
178 43 32
177 43 28
176 43 26
175 43 25
175 42 24
175 41 24
174 41 24
174 40 23
174 39 23
174 38 22
174 37 20
173 37 19
173 36 18
173 35 16
172 35 15
171 35 14
171 34 13
170 34 13
170 33 12
170 32 12
170 31 12
169 31 11
168 31 11
167 31 11
167 30 11
139 80 10
139 79 10
139 78 11
139 77 11
139 76 11
139 75 12
139 74 13
139 73 15
139 72 18
139 71 23
139 70 30
139 69 37
139 68 45
139 67 53
139 66 59
139 65 65
139 64 71
139 63 79
139 62 89
139 61 102
139 60 120
139 59 143
139 58 170
139 57 204
140 57 244
140 56 292
141 56 345
141 55 401
141 54 457
141 53 504
141 52 531
141 51 535
141 50 517
141 49 485
142 49 446
142 48 397
143 48 342
144 48 291
144 47 240
145 47 199
145 46 161
146 46 134
146 45 108
146 44 87
141 132 10
141 131 10
141 130 10
140 130 10
140 129 11
140 128 11
140 127 13
140 126 14
140 125 17
140 124 20
140 123 25
140 122 31
140 121 39
140 120 50
140 119 60
140 118 68
140 117 70
140 116 65
140 115 54
140 114 43
140 113 32
140 112 25
140 111 20
140 110 16
140 109 15
140 108 14
140 107 13
140 106 13
140 105 13
140 104 13
140 103 13
140 102 13
140 101 13
140 100 13
140 99 13
140 98 12
140 97 12
140 96 11
140 95 11
140 94 11
140 93 11
140 92 11
140 91 10
140 90 10
140 89 10
140 88 10
140 87 10
140 86 10
140 85 10
140 84 10
140 83 10
140 82 10
140 81 10
140 80 10
51 123 26
52 123 19
53 123 15
54 123 13
55 123 11
55 122 11
55 121 11
56 121 10
56 120 10
56 119 10
56 118 10
56 117 10
56 116 10
56 115 10
56 114 10
56 113 10
56 112 10
57 112 10
57 111 10
57 110 11
57 109 11
57 108 12
57 107 14
57 106 19
57 105 30
57 104 50
57 103 85
57 102 134
57 101 196
57 100 253
57 99 292
57 98 305
57 97 300
57 96 284
57 95 262
57 94 237
57 93 208
57 92 177
57 91 145
57 90 113
57 89 84
57 88 59
57 87 41
57 86 28
57 85 21
57 84 17
57 83 14
57 82 14
57 81 13
58 81 13
59 81 13
59 80 13
60 80 12
60 79 12
61 79 12
61 78 12
62 78 12
62 77 12
62 76 12
62 75 13
62 74 12
62 73 12
62 72 12
62 71 11
62 70 11
63 70 11
64 70 11
64 69 11
65 69 11
66 69 11
67 69 11
67 68 11
67 67 11
68 67 11
68 66 11
68 65 11
69 65 11
70 65 11
71 65 11
71 64 11
71 63 11
72 63 11
73 63 11
74 63 12
74 62 12
75 62 12
76 62 12
77 62 13
78 62 13
79 62 13
80 62 13
81 62 13
82 62 13
83 62 12
84 62 12
85 62 12
86 62 11
87 62 11
88 62 11
89 62 11
90 62 11
91 62 11
92 62 11
93 62 12
94 62 12
95 62 13
96 62 13
97 62 13
98 62 13
99 62 13
100 62 13
101 62 12
102 62 12
103 62 11
104 62 11
105 62 11
106 62 11
107 62 11
108 62 11
109 62 12
110 62 12
111 62 13
112 62 15
113 62 18
114 62 21
114 61 24
115 61 28
116 61 31
117 61 33
117 60 34
118 60 35
118 59 35
119 59 35
120 59 36
121 59 39
122 59 44
123 59 53
124 59 65
125 59 81
126 59 99
127 59 117
128 59 132
129 59 141
130 59 146
131 59 147
132 59 144
133 59 135
134 59 125
135 59 116
136 59 112
137 59 113
138 59 123
164 199 31
164 198 39
164 197 50
164 196 64
164 195 82
164 194 106
164 193 138
164 192 180
164 191 232
164 190 287
164 189 336
164 188 382
164 187 422
164 186 448
164 185 450
164 184 421
164 183 339
164 182 257
164 181 191
164 180 139
164 179 90
164 178 56
164 177 36
164 176 25
164 175 18
164 174 15
163 174 14
163 173 13
162 173 12
162 172 12
162 171 11
161 171 11
160 171 11
159 171 11
159 170 11
159 169 11
158 169 12
157 169 12
156 169 12
155 169 13
155 168 14
154 168 15
154 167 16
154 166 18
153 166 22
152 166 27
151 166 36
150 166 49
149 166 67
148 166 89
147 166 113
146 166 135
145 166 151
144 166 160
143 166 163
142 166 160
141 166 153
140 166 144
139 166 139
139 165 137
138 165 136
138 164 133
138 163 129
138 162 124
137 162 118
137 161 108
137 160 100
137 159 93
136 159 86
136 158 79
136 157 75
136 156 73
136 155 72
136 154 70
136 153 65
136 152 56
136 151 45
136 150 35
136 149 28
136 148 22
136 147 18
136 146 15
136 145 13
136 144 11
136 143 11
136 142 10
136 141 10
136 140 10
136 139 10
136 138 10
136 137 10
137 137 10
138 137 10
138 136 10
139 136 10
139 135 10
140 135 10
140 134 10
141 134 10
76 14 19
75 14 18
74 14 17
73 14 16
72 14 15
71 14 14
70 14 13
69 14 13
68 14 13
67 14 13
66 14 13
65 14 14
64 14 16
63 14 19
62 14 23
61 14 31
60 14 42
59 14 59
58 14 80
57 14 101
56 14 117
55 14 123
54 14 118
53 14 103
52 14 83
51 14 64
50 14 50
49 14 42
48 14 39
48 15 37
47 15 37
47 16 37
46 16 39
46 17 40
45 17 43
45 18 44
44 18 49
44 19 52
43 19 57
43 20 62
42 20 68
42 21 76
41 21 83
40 21 92
40 22 103
39 22 112
38 22 125
38 23 139
37 23 152
36 23 169
36 24 185
35 24 202
34 24 226
34 25 250
33 25 276
32 25 310
32 26 336
31 26 360
30 26 380
29 26 388
28 26 376
27 26 342
26 26 289
25 26 230
24 26 177
24 27 133
23 27 96
22 27 71
21 27 54
21 28 40
20 28 31
19 28 25
18 28 21
17 28 18
17 29 16
17 30 15
17 31 15
17 32 16
17 33 18
17 34 21
17 35 25
17 36 33
17 37 44
17 38 61
17 39 83
17 40 108
17 41 133
17 42 150
17 43 155
17 44 146
17 45 126
17 46 100
17 47 74
17 48 52
17 49 35
17 50 25
17 51 20
17 52 17
17 53 14
17 54 13
17 55 12
17 56 11
17 57 11
17 58 11
17 59 11
17 60 11
17 61 11
17 62 11
17 63 12
126 10 11
125 10 12
125 11 12
125 12 12
124 12 12
123 12 12
123 13 12
122 13 12
122 14 13
121 14 13
121 15 13
120 15 14
120 16 16
119 16 18
119 17 22
118 17 28
117 17 40
116 17 60
115 17 88
114 17 126
113 17 169
112 17 211
111 17 247
110 17 272
109 17 284
108 17 283
107 17 271
106 17 251
105 17 226
104 17 196
103 17 164
102 17 131
101 17 100
100 17 74
99 17 55
98 17 42
97 17 34
96 17 30
95 17 28
95 16 26
95 15 25
94 15 24
94 14 22
93 14 21
93 13 19
92 13 18
92 12 16
91 12 15
90 12 15
89 12 14
88 12 14
87 12 14
86 12 13
85 12 13
84 12 13
83 12 13
82 12 14
81 12 14
80 12 15
79 12 15
78 12 15
77 12 16
76 12 15
76 13 17
12 157 12
12 156 13
12 155 14
12 154 16
12 153 19
13 153 25
13 152 38
13 151 63
13 150 115
13 149 206
13 148 341
13 147 510
13 146 689
13 145 851
13 144 978
13 143 1064
13 142 1112
13 141 1131
13 140 1129
13 139 1110
13 138 1072
13 137 1005
13 136 897
13 135 754
13 134 594
13 133 441
13 132 311
13 131 214
13 130 147
13 129 103
13 128 74
13 127 55
13 126 43
13 125 36
13 124 31
13 123 27
13 122 24
13 121 21
13 120 20
13 119 18
13 118 18
14 118 17
15 118 16
16 118 16
17 118 15
18 118 14
19 118 14
19 117 13
19 116 13
20 116 13
20 115 13
21 115 13
22 115 13
23 115 13
24 115 13
25 115 13
26 115 14
27 115 15
28 115 16
29 115 18
30 115 21
31 115 24
32 115 27
33 115 29
34 115 30
35 115 30
36 115 29
37 115 28
38 115 27
39 115 25
40 115 23
41 115 22
42 115 21
43 115 21
44 115 21
45 115 22
46 115 22
47 115 21
48 115 19
49 115 17
50 115 14
51 115 13
52 115 11
53 115 11
54 115 10
55 115 10
