20 3 35
27 69 16
178 13 11
155 191 33
27 122 29
51 105 10
118 100 18
150 84 61
93 191 10
57 46 20
56 46 16
55 46 14
54 46 13
53 46 13
52 46 13
51 46 13
50 46 13
49 46 13
48 46 12
47 46 11
46 46 11
45 46 11
44 46 10
44 47 10
43 47 10
42 47 10
42 48 10
42 49 10
41 49 10
40 49 10
40 50 10
40 51 10
39 51 10
39 52 10
38 52 10
38 53 10
38 54 10
38 55 10
38 56 10
37 56 10
37 57 10
37 58 10
37 59 10
36 59 10
36 60 10
36 61 10
35 61 10
35 62 10
34 62 10
34 63 10
33 63 10
32 63 10
31 63 10
31 64 11
31 65 11
30 65 12
29 65 13
28 65 14
28 66 15
28 67 16
27 67 16
27 68 16
50 105 10
49 105 10
49 104 10
49 103 10
48 103 10
47 103 10
47 102 10
47 101 10
46 101 10
45 101 10
44 101 10
44 100 10
43 100 10
42 100 10
41 100 10
40 100 10
40 99 10
40 98 10
40 97 10
40 96 10
40 95 10
40 94 10
39 94 10
39 93 10
38 93 10
38 92 11
38 91 11
38 90 11
38 89 11
38 88 11
38 87 10
38 86 11
38 85 11
38 84 11
38 83 12
38 82 12
38 81 14
38 80 15
38 79 17
38 78 20
38 77 23
38 76 26
38 75 26
38 74 23
38 73 19
38 72 16
38 71 14
38 70 12
38 69 11
38 68 11
38 67 11
38 66 11
38 65 11
38 64 11
38 63 11
37 63 11
36 63 11
35 63 11
28 122 26
29 122 22
30 122 18
31 122 15
32 122 13
32 121 13
32 120 12
32 119 12
32 118 11
32 117 11
32 116 10
32 115 10
32 114 10
32 113 10
32 112 10
32 111 10
32 110 10
32 109 10
32 108 10
32 107 10
32 106 10
32 105 10
33 105 10
33 104 10
34 104 10
35 104 10
36 104 10
37 104 10
38 104 10
38 103 10
38 102 10
38 101 10
38 100 10
39 100 10
151 84 46
152 84 35
153 84 26
154 84 20
155 84 17
156 84 15
157 84 14
158 84 13
159 84 13
160 84 13
161 84 13
162 84 13
163 84 13
164 84 13
165 84 12
166 84 12
167 84 12
167 83 12
168 83 12
168 82 12
168 81 12
168 80 12
168 79 12
169 79 12
170 79 12
171 79 12
171 78 12
171 77 12
172 77 13
173 77 13
174 77 14
175 77 14
175 76 13
175 75 13
176 75 12
176 74 12
176 73 12
176 72 12
176 71 12
176 70 12
176 69 11
176 68 11
177 68 12
178 68 12
178 67 12
178 66 12
178 65 12
178 64 12
178 63 12
178 62 12
178 61 12
178 60 12
178 59 12
178 58 12
178 57 12
178 56 11
178 55 11
178 54 11
178 53 11
178 52 11
178 51 11
178 50 11
178 49 11
178 48 11
178 47 11
178 46 10
178 45 10
178 44 10
178 43 10
178 42 10
178 41 10
178 40 10
178 39 10
178 38 10
178 37 10
178 36 10
178 35 10
178 34 10
178 33 10
178 32 10
178 31 10
178 30 10
178 29 10
178 28 10
178 27 10
178 26 10
178 25 10
178 24 10
178 23 10
178 22 10
178 21 10
178 20 10
178 19 10
178 18 10
178 17 10
178 16 10
178 15 10
178 14 10
92 191 10
91 191 10
90 191 10
89 191 10
88 191 10
87 191 10
86 191 10
85 191 10
84 191 10
83 191 10
83 190 10
83 189 10
83 188 10
83 187 10
83 186 10
83 185 10
82 185 10
82 184 10
81 184 10
81 183 10
81 182 10
81 181 10
81 180 10
81 179 11
81 178 11
81 177 11
81 176 11
81 175 11
81 174 11
81 173 11
81 172 11
81 171 11
81 170 11
81 169 11
81 168 12
81 167 13
81 166 15
81 165 19
81 164 24
81 163 30
81 162 37
81 161 40
81 160 38
81 159 33
81 158 29
81 157 26
81 156 25
81 155 26
81 154 30
81 153 36
81 152 46
81 151 60
81 150 80
81 149 101
81 148 115
81 147 116
81 146 103
81 145 84
81 144 66
81 143 52
81 142 41
81 141 32
81 140 26
81 139 22
80 139 18
80 138 17
80 137 16
79 137 15
79 136 15
78 136 15
77 136 15
76 136 15
76 135 16
76 134 16
75 134 15
75 133 15
74 133 14
73 133 13
73 132 12
73 131 12
72 131 11
72 130 11
71 130 11
71 129 10
71 128 10
71 127 10
71 126 10
70 126 10
69 126 10
68 126 10
68 125 10
68 124 10
67 124 10
66 124 10
66 123 10
65 123 10
64 123 10
63 123 10
62 123 10
62 122 10
62 121 10
61 121 10
61 120 10
60 120 10
60 119 10
60 118 10
60 117 10
59 117 10
58 117 10
58 116 10
57 116 10
56 116 10
55 116 10
55 115 10
54 115 10
54 114 10
54 113 10
53 113 10
53 112 10
53 111 10
53 110 10
52 110 10
52 109 10
51 109 10
51 108 10
51 107 10
51 106 10
118 101 15
118 102 13
118 103 13
118 104 12
118 105 13
118 106 14
119 106 14
120 106 15
120 107 16
120 108 17
120 109 18
120 110 18
120 111 18
120 112 17
120 113 16
120 114 15
120 115 14
120 116 14
121 116 15
121 117 16
121 118 18
121 119 23
121 120 33
121 121 46
121 122 63
121 123 84
121 124 114
121 125 151
121 126 185
121 127 202
121 128 194
121 129 164
121 130 129
121 131 99
121 132 78
121 133 63
121 134 52
121 135 46
121 136 43
121 137 43
121 138 44
121 139 44
121 140 41
121 141 36
121 142 29
121 143 23
121 144 19
121 145 16
121 146 14
121 147 13
120 147 13
120 148 12
119 148 12
119 149 12
118 149 12
118 150 12
117 150 12
116 150 13
115 150 15
114 150 18
113 150 23
112 150 29
111 150 33
110 150 35
109 150 35
108 150 36
107 150 37
106 150 41
105 150 46
104 150 53
103 150 60
102 150 66
101 150 68
100 150 66
99 150 61
98 150 55
97 150 52
96 150 52
95 150 58
95 151 65
94 151 76
93 151 91
92 151 106
91 151 114
90 151 111
89 151 97
88 151 80
87 151 64
86 151 52
85 151 44
84 151 40
83 151 41
82 151 48
