18 173 10
169 164 11
148 21 11
70 84 30
11 10 12
18 108 12
131 184 15
131 183 12
131 182 11
131 181 11
131 180 10
131 179 10
131 178 10
131 177 10
131 176 10
132 176 10
133 176 10
133 175 10
134 175 10
135 175 10
135 174 10
135 173 11
135 172 11
135 171 11
136 171 12
136 170 12
136 169 13
137 169 14
137 168 15
137 167 18
137 166 21
137 165 25
137 164 31
137 163 41
137 162 55
137 161 72
137 160 90
137 159 103
137 158 106
137 157 97
137 156 80
137 155 59
137 154 40
137 153 27
137 152 19
138 152 16
139 152 15
140 152 14
141 152 13
142 152 12
143 152 12
144 152 11
145 152 11
146 152 11
147 152 11
148 152 11
149 152 11
150 152 11
151 152 11
152 152 11
153 152 11
154 152 11
155 152 11
156 152 11
157 152 11
158 152 11
159 152 11
160 152 10
160 153 10
160 154 10
161 154 10
161 155 10
162 155 10
162 156 10
162 157 10
163 157 10
164 157 10
164 158 10
164 159 10
164 160 10
165 160 10
166 160 10
166 161 10
166 162 10
167 162 10
167 163 10
168 163 10
169 163 10
70 83 21
70 82 17
70 81 14
70 80 13
70 79 13
70 78 13
70 77 13
70 76 14
71 76 17
72 76 23
73 76 32
74 76 47
75 76 69
76 76 103
77 76 149
78 76 201
79 76 246
80 76 271
81 76 268
82 76 239
83 76 194
84 76 146
85 76 104
86 76 71
87 76 47
88 76 31
89 76 21
90 76 15
91 76 13
92 76 11
93 76 11
94 76 11
95 76 10
96 76 10
97 76 10
97 75 10
97 74 10
98 74 10
99 74 10
100 74 11
101 74 11
102 74 11
103 74 11
104 74 12
105 74 12
106 74 13
107 74 13
108 74 14
109 74 14
110 74 14
111 74 15
112 74 15
113 74 16
114 74 17
115 74 19
116 74 22
117 74 26
117 75 35
117 76 48
117 77 64
117 78 83
117 79 102
117 80 114
117 81 116
117 82 106
117 83 90
117 84 74
117 85 62
118 85 50
118 86 41
119 86 33
119 87 28
120 87 23
121 87 20
121 88 17
122 88 16
122 89 15
123 89 14
123 90 14
124 90 14
124 91 14
125 91 15
126 91 17
126 92 19
127 92 23
127 93 29
128 93 38
128 94 51
129 94 69
130 94 94
130 95 122
130 96 157
131 96 196
131 97 232
131 98 263
131 99 287
131 100 302
132 100 298
132 101 283
132 102 264
133 102 231
133 103 199
134 103 168
134 104 138
135 104 115
135 105 94
135 106 80
136 106 68
136 107 61
136 108 56
136 109 50
136 110 45
136 111 40
136 112 35
136 113 30
136 114 26
136 115 23
136 116 21
136 117 19
136 118 18
136 119 17
137 119 17
137 120 17
137 121 18
137 122 18
137 123 20
137 124 21
137 125 23
137 126 25
138 126 28
138 127 29
138 128 30
138 129 31
138 130 31
138 131 30
138 132 27
138 133 24
138 134 21
138 135 18
138 136 16
138 137 14
138 138 12
138 139 12
138 140 11
138 141 11
138 142 10
138 143 10
138 144 10
138 145 10
138 146 10
138 147 10
138 148 10
138 149 11
138 150 12
138 151 13
17 108 12
16 108 11
16 109 11
16 110 12
16 111 12
16 112 13
16 113 14
16 114 15
16 115 18
16 116 22
16 117 28
16 118 37
16 119 51
16 120 68
16 121 89
16 122 113
17 122 134
17 123 152
17 124 170
18 124 179
18 125 180
18 126 178
19 126 167
19 127 155
20 127 141
20 128 127
21 128 113
22 128 101
23 128 89
24 128 76
25 128 62
26 128 48
27 128 36
28 128 28
29 128 22
29 129 17
30 129 15
31 129 13
32 129 12
32 130 11
33 130 11
34 130 11
35 130 11
35 131 11
36 131 11
37 131 11
38 131 12
39 131 12
40 131 13
41 131 15
42 131 17
43 131 21
44 131 26
45 131 31
46 131 36
47 131 41
48 131 45
49 131 50
50 131 56
50 130 62
51 130 68
51 129 74
52 129 77
53 129 80
53 128 80
54 128 79
54 127 79
55 127 75
56 127 72
57 127 68
58 127 62
59 127 56
60 127 49
61 127 42
62 127 37
62 126 32
63 126 28
63 125 26
64 125 24
64 124 23
64 123 23
64 122 23
64 121 22
64 120 22
64 119 21
64 118 20
64 117 18
64 116 16
64 115 14
64 114 13
64 113 11
64 112 11
64 111 10
64 110 10
64 109 10
64 108 10
64 107 10
64 106 10
64 105 10
64 104 10
64 103 10
64 102 10
64 101 10
64 100 10
64 99 10
64 98 10
64 97 10
64 96 11
64 95 11
64 94 11
64 93 11
64 92 11
64 91 12
64 90 12
64 89 11
64 88 11
64 87 11
64 86 11
64 85 11
64 84 10
65 84 11
66 84 11
67 84 12
68 84 14
69 84 19
11 11 12
11 12 11
11 13 11
11 14 11
11 15 11
11 16 11
11 17 11
11 18 11
11 19 12
11 20 12
11 21 14
11 22 16
11 23 20
12 23 29
13 23 45
14 23 69
15 23 98
16 23 124
17 23 137
18 23 133
19 23 115
20 23 90
21 23 67
22 23 48
23 23 36
23 24 28
24 24 23
24 25 19
25 25 17
26 25 16
26 26 15
27 26 15
27 27 15
28 27 16
28 28 16
29 28 18
29 29 20
30 29 23
30 30 28
31 30 34
32 30 42
32 31 53
33 31 65
34 31 81
34 32 95
35 32 113
35 33 127
36 33 144
36 34 158
36 35 172
37 35 180
37 36 185
37 37 185
38 37 179
38 38 167
38 39 153
39 39 136
39 40 118
40 40 100
40 41 82
41 41 66
42 41 53
42 42 41
43 42 31
44 42 23
45 42 18
46 42 14
47 42 12
48 42 11
49 42 10
49 43 10
49 44 10
49 45 10
49 46 10
49 47 10
50 47 10
50 48 10
50 49 10
51 49 10
52 49 10
53 49 10
53 50 10
54 50 10
54 51 11
54 52 12
54 53 13
54 54 16
54 55 20
54 56 24
54 57 30
54 58 37
54 59 46
54 60 60
54 61 77
54 62 99
54 63 122
54 64 144
54 65 158
54 66 165
54 67 164
54 68 153
54 69 135
54 70 110
54 71 83
54 72 60
54 73 41
54 74 29
54 75 21
54 76 17
55 76 15
56 76 14
57 76 13
58 76 12
59 76 12
60 76 11
61 76 11
62 76 11
63 76 11
64 76 11
65 76 11
66 76 11
67 76 11
68 76 11
69 76 12
