19 172 161
187 194 155
62 77 200
146 38 140
124 183 141
60 115 137
59 152 12
157 84 1809
119 10 349
29 122 300
76 173 61
58 152 12
57 152 13
56 152 13
55 152 12
54 152 12
53 152 11
52 152 11
51 152 11
50 152 11
49 152 11
48 152 11
47 152 11
46 152 11
45 152 11
44 152 11
43 152 11
42 152 11
41 152 11
40 152 11
39 152 10
38 152 10
37 152 10
37 153 11
37 154 11
37 155 11
37 156 12
37 157 12
37 158 12
37 159 12
37 160 12
37 161 12
37 162 12
37 163 12
36 163 12
35 163 13
35 164 14
34 164 16
33 164 18
32 164 21
31 164 25
30 164 30
29 164 35
28 164 40
27 164 44
26 164 46
25 164 47
24 164 48
23 164 50
23 165 51
22 165 53
22 166 54
22 167 55
21 167 58
21 168 62
20 168 68
20 169 77
19 169 86
19 170 102
19 171 126
76 172 48
76 171 40
75 171 35
74 171 31
74 170 27
73 170 24
72 170 22
72 169 20
72 168 19
72 167 19
72 166 19
72 165 19
72 164 19
72 163 20
72 162 21
72 161 21
72 160 21
72 159 21
72 158 20
72 157 20
72 156 19
72 155 18
72 154 18
71 154 18
70 154 18
69 154 17
68 154 16
67 154 14
66 154 13
65 154 12
64 154 12
63 154 11
62 154 11
61 154 11
60 154 11
60 153 11
60 152 11
59 115 117
59 116 124
59 117 132
59 118 139
59 119 143
59 120 145
59 121 146
59 122 141
59 123 129
59 124 109
59 125 87
59 126 66
59 127 49
59 128 37
59 129 30
59 130 25
59 131 22
59 132 19
59 133 17
59 134 15
59 135 14
59 136 13
59 137 12
59 138 12
59 139 12
59 140 11
59 141 11
59 142 11
59 143 11
59 144 11
59 145 11
59 146 11
59 147 11
59 148 12
59 149 12
59 150 12
59 151 12
29 123 280
29 124 269
29 125 261
29 126 252
29 127 236
29 128 210
29 129 177
29 130 142
29 131 110
29 132 87
29 133 72
29 134 63
29 135 58
29 136 56
29 137 54
29 138 53
29 139 49
29 140 44
29 141 38
29 142 32
29 143 26
29 144 22
29 145 19
29 146 17
29 147 16
30 147 15
31 147 15
31 148 14
32 148 14
33 148 13
34 148 13
34 149 12
35 149 12
36 149 11
37 149 11
37 150 10
37 151 10
123 183 152
122 183 175
121 183 210
120 183 254
119 183 301
118 183 341
117 183 365
116 183 369
115 183 357
114 183 335
113 183 311
112 183 290
112 182 272
111 182 261
111 181 254
110 181 258
110 180 266
109 180 286
108 180 319
107 180 362
106 180 408
105 180 447
104 180 469
103 180 467
102 180 446
101 180 415
100 180 382
99 180 349
98 180 322
98 179 304
97 179 283
97 178 274
96 178 260
96 177 246
96 176 234
95 176 216
95 175 194
95 174 175
94 174 157
94 173 137
94 172 123
93 172 114
92 172 114
91 172 120
90 172 129
89 172 139
88 172 148
87 172 154
86 172 154
85 172 147
84 172 134
83 172 116
82 172 98
81 172 83
80 172 71
79 172 63
78 172 57
77 172 52
62 78 183
62 79 184
61 79 195
61 80 202
61 81 213
61 82 248
61 83 291
61 84 337
61 85 390
61 86 449
61 87 507
61 88 560
61 89 600
61 90 625
61 91 636
61 92 638
61 93 638
61 94 643
61 95 655
61 96 670
61 97 697
60 97 702
59 97 710
59 98 702
59 99 708
59 100 718
59 101 722
59 102 711
59 103 679
59 104 626
59 105 557
59 106 480
59 107 405
59 108 337
59 109 271
59 110 213
59 111 169
59 112 139
59 113 122
59 114 116
118 10 323
117 10 307
117 9 304
116 9 307
115 9 325
114 9 357
113 9 398
112 9 446
111 9 497
110 9 542
109 9 569
108 9 567
107 9 533
106 9 478
105 9 414
104 9 356
103 9 312
102 9 284
101 9 263
100 9 247
99 9 237
98 9 238
98 10 238
97 10 238
97 11 236
96 11 239
96 12 236
96 13 239
95 13 239
95 14 239
94 14 249
94 15 255
93 15 275
93 16 294
92 16 322
91 16 357
91 17 387
90 17 416
89 17 446
89 18 473
89 19 507
89 20 538
89 21 555
89 22 549
89 23 519
89 24 469
89 25 414
89 26 369
89 27 342
88 27 321
88 28 313
88 29 318
88 30 333
88 31 352
88 32 367
88 33 369
88 34 352
88 35 317
88 36 272
88 37 228
88 38 195
88 39 174
88 40 163
87 40 160
87 41 152
87 42 148
86 42 143
86 43 132
86 44 122
86 45 110
86 46 98
86 47 85
86 48 72
86 49 63
86 50 57
86 51 55
86 52 57
86 53 62
86 54 69
86 55 77
86 56 84
86 57 87
86 58 85
86 59 79
86 60 72
86 61 67
86 62 67
85 62 70
84 62 75
83 62 82
82 62 89
81 62 94
80 62 94
79 62 90
78 62 83
77 62 77
76 62 75
76 63 75
75 63 77
75 64 80
74 64 85
74 65 90
73 65 97
73 66 102
73 67 107
73 68 112
73 69 115
73 70 114
73 71 110
73 72 105
73 73 102
72 73 101
72 74 101
71 74 107
71 75 111
70 75 122
70 76 131
69 76 145
68 76 161
68 77 172
67 77 183
66 77 193
65 77 203
64 77 207
63 77 205
146 37 142
146 36 149
146 35 160
146 34 176
146 33 195
146 32 211
146 31 218
146 30 212
146 29 195
146 28 171
146 27 147
146 26 129
146 25 116
146 24 108
146 23 103
146 22 106
146 21 118
145 21 131
145 20 152
144 20 171
144 19 195
143 19 210
142 19 226
142 18 227
141 18 229
141 17 220
140 17 216
140 16 209
139 16 212
139 15 218
138 15 235
137 15 266
136 15 303
135 15 339
134 15 365
133 15 382
132 15 389
131 15 391
130 15 393
130 14 382
130 13 375
129 13 356
129 12 341
128 12 328
128 11 316
127 11 317
127 10 321
126 10 338
125 10 370
124 10 404
123 10 426
122 10 428
121 10 410
120 10 381
157 83 1954
157 82 2106
157 81 2262
157 80 2397
157 79 2478
157 78 2480
157 77 2393
157 76 2225
157 75 2002
157 74 1764
157 73 1546
157 72 1361
157 71 1194
157 70 1025
157 69 863
157 68 727
157 67 660
157 66 605
157 65 555
157 64 567
157 63 598
157 62 633
157 61 656
157 60 663
157 59 662
157 58 647
157 57 613
157 56 560
157 55 498
157 54 435
157 53 380
157 52 338
157 51 310
157 50 297
157 49 295
157 48 302
157 47 306
157 46 296
157 45 266
157 44 224
157 43 178
157 42 137
157 41 107
157 40 87
157 39 76
157 38 72
156 38 78
155 38 88
154 38 101
153 38 117
152 38 130
151 38 139
150 38 142
149 38 138
148 38 134
147 38 133
