148 67 26
102 136 49
113 13 732
130 175 10
57 174 22
34 118 280
40 64 34
54 11 55
165 116 11
164 116 11
164 117 11
163 117 12
162 117 13
161 117 14
160 117 16
159 117 18
158 117 21
157 117 23
156 117 24
155 117 25
154 117 27
153 117 30
152 117 33
151 117 38
150 117 42
149 117 44
148 117 43
147 117 39
146 117 32
145 117 25
144 117 19
143 117 16
142 117 13
141 117 12
140 117 11
139 117 11
138 117 11
137 117 11
136 117 11
135 117 11
135 118 12
135 119 12
134 119 14
133 119 15
132 119 18
131 119 21
130 119 24
129 119 27
128 119 30
127 119 33
126 119 36
125 119 41
124 119 47
123 119 55
122 119 63
121 119 67
120 119 64
119 119 55
118 119 44
117 119 33
116 119 25
115 119 20
114 119 17
113 119 15
112 119 15
111 119 14
110 119 14
109 119 14
108 119 13
107 119 13
106 119 12
105 119 12
105 120 12
105 121 13
104 121 13
104 122 13
104 123 14
104 124 14
104 125 14
103 125 15
103 126 15
103 127 15
102 127 16
102 128 16
102 129 17
102 130 18
102 131 20
102 132 23
102 133 26
102 134 32
102 135 39
130 174 10
130 173 10
130 172 10
130 171 10
130 170 10
129 170 10
128 170 10
128 169 10
127 169 10
127 168 10
126 168 11
125 168 13
124 168 15
123 168 20
122 168 29
121 168 43
120 168 63
119 168 85
118 168 107
117 168 127
116 168 148
115 168 174
114 168 213
113 168 270
112 168 347
111 168 434
110 168 520
109 168 593
108 168 636
107 168 629
106 168 568
105 168 465
104 168 348
103 168 243
102 168 165
101 168 112
100 168 79
99 168 56
98 168 42
97 168 32
96 168 28
95 168 26
94 168 26
94 167 29
94 166 33
94 165 40
94 164 51
94 163 65
94 162 86
94 161 117
94 160 163
94 159 222
94 158 286
94 157 341
94 156 371
94 155 371
94 154 344
94 153 298
94 152 247
94 151 203
94 150 171
94 149 149
94 148 136
95 148 119
95 147 106
95 146 97
95 145 88
95 144 78
95 143 66
95 142 54
95 141 46
95 140 40
95 139 37
96 139 35
97 139 35
97 138 36
97 137 38
98 137 40
98 136 41
99 136 42
100 136 42
101 136 45
57 173 25
58 173 31
59 173 36
60 173 41
61 173 46
62 173 52
63 173 61
64 173 78
65 173 108
66 173 159
67 173 236
68 173 343
69 173 478
70 173 626
71 173 752
72 173 817
73 173 799
74 173 706
75 173 570
76 173 428
77 173 307
78 173 214
79 173 146
80 173 104
81 173 80
82 173 67
83 173 60
84 173 55
85 173 51
86 173 45
87 173 37
88 173 29
89 173 23
90 173 19
91 173 17
92 173 16
93 173 16
94 173 17
94 172 19
94 171 21
94 170 23
94 169 24
35 118 222
36 118 190
37 118 178
37 119 182
37 120 188
37 121 187
37 122 177
37 123 161
37 124 144
37 125 131
37 126 122
38 126 111
38 127 102
39 127 94
39 128 83
39 129 75
39 130 68
39 131 61
39 132 54
39 133 45
39 134 36
39 135 29
39 136 23
39 137 20
40 137 18
40 138 16
41 138 15
42 138 14
43 138 13
44 138 13
45 138 12
46 138 12
47 138 12
47 139 12
47 140 12
47 141 12
47 142 13
47 143 15
47 144 17
47 145 19
47 146 21
47 147 23
47 148 25
47 149 27
47 150 30
47 151 34
47 152 40
47 153 47
47 154 52
47 155 55
47 156 52
47 157 46
47 158 38
47 159 30
47 160 24
47 161 20
47 162 17
47 163 16
47 164 15
47 165 14
47 166 13
47 167 13
47 168 12
48 168 12
48 169 12
49 169 12
49 170 12
50 170 12
50 171 12
50 172 12
50 173 12
51 173 12
52 173 12
53 173 13
54 173 14
55 173 16
56 173 20
113 14 573
113 15 483
112 15 398
111 15 333
111 16 281
111 17 252
111 18 229
111 19 206
111 20 183
111 21 163
111 22 145
111 23 125
111 24 102
111 25 77
111 26 55
111 27 38
111 28 26
111 29 20
111 30 17
111 31 15
111 32 14
111 33 13
112 33 13
113 33 14
114 33 15
114 34 16
114 35 19
115 35 22
116 35 28
116 36 34
117 36 42
118 36 52
119 36 65
120 36 82
121 36 103
122 36 128
123 36 159
124 36 191
125 36 213
126 36 222
127 36 225
128 36 227
129 36 237
129 37 263
130 37 281
130 38 314
131 38 344
131 39 380
131 40 419
131 41 452
132 41 472
132 42 483
132 43 502
132 44 533
132 45 565
132 46 579
132 47 561
132 48 507
132 49 431
132 50 353
132 51 289
132 52 245
133 52 201
134 52 168
134 53 137
134 54 113
135 54 92
135 55 72
135 56 59
136 56 47
136 57 39
137 57 32
137 58 27
138 58 24
138 59 21
139 59 20
140 59 19
140 60 18
140 61 18
141 61 19
141 62 19
142 62 20
142 63 21
143 63 23
144 63 24
144 64 25
145 64 25
146 64 26
146 65 26
147 65 26
147 66 26
148 66 26
41 64 26
42 64 20
43 64 17
44 64 14
45 64 13
46 64 12
47 64 11
48 64 11
49 64 10
49 63 10
50 63 10
50 62 10
51 62 10
52 62 10
53 62 11
54 62 11
55 62 13
56 62 14
57 62 17
58 62 21
59 62 26
60 62 31
61 62 37
62 62 42
63 62 48
64 62 53
65 62 59
66 62 64
67 62 68
68 62 68
69 62 62
70 62 51
71 62 38
72 62 28
73 62 21
74 62 17
75 62 14
76 62 13
77 62 13
78 62 13
79 62 13
80 62 13
81 62 13
81 61 13
82 61 13
82 60 13
82 59 13
82 58 14
82 57 15
82 56 17
82 55 19
82 54 23
82 53 26
82 52 31
82 51 38
82 50 50
82 49 69
82 48 103
82 47 160
82 46 249
82 45 368
82 44 498
82 43 603
82 42 658
82 41 671
82 40 646
82 39 578
82 38 483
82 37 383
82 36 296
82 35 229
82 34 180
82 33 147
82 32 123
82 31 106
82 30 93
82 29 82
82 28 73
82 27 65
83 27 59
83 26 55
83 25 55
84 25 58
85 25 68
86 25 85
87 25 111
88 25 144
89 25 182
90 25 218
91 25 243
92 25 248
93 25 236
94 25 212
95 25 195
96 25 172
97 25 146
98 25 123
99 25 107
100 25 94
101 25 81
102 25 73
102 26 66
103 26 61
103 27 59
104 27 56
105 27 54
106 27 52
107 27 49
108 27 45
109 27 41
110 27 38
54 10 36
54 9 26
54 8 20
55 8 20
56 8 21
57 8 22
58 8 25
59 8 31
60 8 41
61 8 57
62 8 83
63 8 118
64 8 162
65 8 210
66 8 257
67 8 304
68 8 361
68 9 418
69 9 487
69 10 557
70 10 627
70 11 697
71 11 750
71 12 797
72 12 818
72 13 832
73 13 820
74 13 802
74 14 770
75 14 724
76 14 669
77 14 609
77 15 548
78 15 485
78 16 422
78 17 357
78 18 289
78 19 224
78 20 173
79 20 139
79 21 111
80 21 95
80 22 81
81 22 75
81 23 66
81 24 64
82 24 59
82 25 57
