112 168 11
65 135 40
40 155 23
25 0 160
61 199 25
7 178 120
193 24 11
160 46 10
1 57 10
138 56 187
139 140 14
49 77 13
82 116 10
81 116 10
81 117 10
81 118 10
81 119 10
80 119 10
80 120 10
80 121 10
80 122 10
79 122 10
78 122 10
77 122 10
77 123 10
76 123 10
76 124 10
75 124 10
75 125 10
74 125 10
74 126 10
74 127 10
74 128 10
73 128 11
72 128 11
71 128 11
71 129 11
71 130 12
70 130 12
70 131 13
69 131 14
68 131 16
68 132 17
68 133 20
68 134 23
67 134 26
67 135 29
66 135 34
138 140 12
137 140 11
136 140 11
135 140 10
134 140 10
133 140 10
132 140 10
132 141 10
132 142 10
131 142 10
130 142 10
129 142 10
128 142 10
128 143 10
127 143 10
127 144 10
126 144 10
126 145 10
126 146 10
126 147 10
126 148 10
125 148 10
124 148 10
123 148 10
123 149 10
122 149 10
122 150 10
121 150 10
120 150 10
119 150 10
119 151 10
118 151 10
118 152 10
118 153 10
117 153 10
117 154 10
116 154 10
115 154 10
115 155 10
115 156 10
115 157 10
115 158 10
114 158 10
114 159 10
113 159 10
112 159 10
112 160 10
112 161 10
112 162 10
112 163 10
112 164 11
112 165 11
112 166 11
112 167 11
60 199 16
59 199 12
58 199 11
57 199 10
57 198 10
57 197 10
57 196 10
57 195 10
57 194 10
57 193 10
57 192 10
57 191 10
57 190 10
57 189 10
57 188 10
57 187 10
57 186 10
57 185 10
57 184 10
57 183 10
56 183 10
56 182 10
56 181 10
56 180 10
56 179 10
56 178 10
56 177 10
56 176 10
55 176 10
54 176 10
54 175 10
53 175 10
53 174 10
52 174 10
52 173 10
52 172 11
52 171 11
52 170 11
51 170 11
51 169 12
51 168 12
50 168 13
50 167 14
50 166 15
50 165 17
50 164 19
50 163 20
50 162 22
50 161 22
50 160 21
50 159 20
50 158 19
50 157 18
49 157 17
49 156 16
48 156 16
48 155 15
47 155 16
46 155 16
45 155 17
44 155 18
43 155 19
42 155 20
41 155 21
7 179 101
8 179 82
8 180 65
9 180 52
9 181 41
10 181 33
10 182 27
11 182 23
11 183 20
12 183 19
12 184 17
13 184 16
13 185 15
14 185 15
15 185 14
16 185 14
17 185 14
17 186 14
17 187 14
18 187 15
18 188 16
19 188 17
19 189 19
19 190 21
19 191 24
19 192 27
20 192 30
20 193 34
20 194 39
20 195 43
21 195 47
22 195 53
23 195 59
24 195 64
25 195 66
26 195 66
27 195 64
28 195 59
29 195 50
30 195 40
31 195 30
32 195 22
33 195 17
34 195 14
35 195 12
36 195 11
37 195 11
38 195 10
39 195 10
40 195 10
41 195 10
42 195 10
43 195 10
44 195 10
45 195 10
46 195 10
47 195 10
48 195 10
49 195 10
50 195 10
51 195 10
52 195 10
53 195 10
54 195 10
55 195 10
56 195 10
50 77 12
51 77 11
52 77 11
53 77 11
54 77 10
55 77 10
55 76 11
55 75 12
55 74 13
55 73 14
55 72 14
55 71 15
55 70 14
55 69 14
55 68 13
55 67 12
55 66 12
55 65 11
55 64 11
55 63 11
55 62 10
55 61 10
55 60 10
55 59 10
55 58 10
55 57 10
55 56 10
55 55 10
55 54 10
55 53 10
55 52 10
55 51 10
55 50 10
55 49 10
55 48 10
55 47 10
55 46 10
55 45 10
55 44 10
55 43 10
55 42 10
55 41 11
55 40 11
55 39 11
55 38 12
55 37 12
55 36 12
55 35 12
55 34 12
55 33 12
55 32 12
55 31 12
55 30 12
55 29 12
55 28 12
55 27 13
55 26 13
55 25 14
55 24 16
55 23 17
55 22 19
55 21 22
54 21 27
53 21 34
52 21 41
51 21 47
50 21 53
49 21 56
48 21 58
47 21 58
46 21 59
46 20 56
45 20 55
45 19 53
44 19 51
43 19 49
43 18 48
42 18 46
41 18 45
40 18 43
40 17 41
39 17 38
38 17 36
38 16 34
37 16 32
36 16 30
36 15 28
35 15 27
34 15 25
33 15 24
32 15 23
31 15 22
30 15 21
29 15 21
28 15 20
27 15 20
26 15 20
25 15 21
25 14 21
25 13 23
25 12 25
25 11 29
25 10 34
25 9 40
25 8 46
25 7 54
25 6 62
25 5 71
25 4 80
25 3 91
25 2 106
25 1 127
138 57 200
138 58 208
138 59 211
138 60 210
138 61 206
137 61 196
137 62 183
136 62 165
136 63 145
135 63 125
135 64 104
134 64 87
134 65 69
134 66 55
133 66 44
133 67 34
133 68 27
133 69 21
133 70 17
133 71 15
133 72 13
133 73 12
132 73 11
132 74 11
132 75 11
131 75 10
131 76 10
130 76 10
129 76 10
128 76 10
128 77 10
128 78 10
128 79 10
127 79 10
126 79 10
126 80 10
125 80 10
125 81 10
125 82 10
124 82 10
124 83 10
123 83 10
122 83 10
121 83 10
120 83 10
120 84 10
119 84 11
119 85 11
119 86 11
119 87 11
118 87 12
117 87 13
116 87 14
115 87 15
114 87 17
113 87 18
112 87 20
111 87 23
110 87 25
109 87 27
108 87 29
108 88 30
107 88 31
106 88 33
106 89 34
105 89 35
104 89 38
104 90 40
104 91 44
103 91 48
102 91 55
102 92 63
101 92 73
101 93 85
101 94 98
100 94 111
100 95 123
100 96 133
100 97 141
100 98 144
100 99 140
100 100 127
100 101 108
100 102 87
100 103 68
100 104 51
99 104 38
99 105 28
99 106 22
98 106 18
97 106 15
97 107 13
97 108 12
97 109 12
97 110 11
97 111 11
96 111 11
95 111 10
94 111 10
93 111 10
92 111 10
91 111 10
90 111 10
89 111 10
89 112 10
88 112 10
87 112 10
86 112 10
86 113 10
86 114 10
85 114 10
84 114 10
83 114 10
83 115 10
82 115 10
159 46 10
158 46 10
157 46 10
156 46 10
155 46 10
154 46 10
153 46 10
152 46 10
151 46 10
151 47 10
151 48 10
151 49 10
151 50 10
150 50 11
149 50 11
149 51 12
149 52 13
149 53 14
148 53 17
148 54 21
147 54 26
147 55 34
147 56 44
146 56 55
145 56 69
144 56 86
143 56 105
142 56 125
141 56 144
140 56 160
139 56 174
192 24 11
191 24 11
190 24 11
189 24 11
188 24 10
188 25 10
187 25 10
186 25 10
185 25 10
184 25 10
183 25 10
182 25 10
181 25 10
180 25 10
180 26 10
179 26 10
179 27 10
179 28 10
178 28 10
178 29 10
178 30 10
177 30 10
177 31 10
176 31 10
175 31 10
174 31 10
174 32 10
173 32 10
172 32 10
171 32 10
170 32 10
169 32 10
169 33 10
169 34 10
168 34 10
168 35 10
168 36 10
167 36 10
167 37 10
167 38 10
166 38 10
166 39 10
166 40 10
166 41 10
165 41 10
165 42 10
165 43 10
164 43 10
164 44 10
164 45 10
163 45 10
162 45 10
161 45 10
160 45 10
0 57 10
0 56 10
0 55 11
0 54 11
0 53 11
0 52 11
0 51 12
0 50 13
0 49 14
0 48 15
0 47 16
0 46 17
0 45 19
0 44 21
0 43 24
0 42 28
0 41 36
0 40 48
0 39 66
0 38 90
0 37 119
0 36 150
0 35 183
0 34 220
0 33 260
0 32 300
0 31 332
0 30 349
0 29 345
0 28 318
0 27 274
0 26 220
0 25 167
0 24 122
0 23 87
0 22 63
0 21 47
0 20 35
0 19 27
0 18 21
0 17 17
0 16 15
1 16 19
2 16 27
3 16 41
4 16 65
5 16 102
6 16 150
7 16 203
8 16 254
9 16 296
10 16 323
11 16 337
12 16 335
13 16 313
14 16 269
15 16 214
16 16 159
17 16 114
18 16 80
19 16 58
20 16 43
21 16 34
22 16 29
23 16 26
24 16 24
25 16 22
