85 126 10
123 190 10
197 154 162
143 14 39
191 1 10
170 64 66
54 180 10
55 180 10
56 180 10
57 180 10
58 180 10
59 180 10
60 180 10
61 180 10
62 180 10
63 180 10
64 180 10
65 180 10
66 180 10
67 180 10
68 180 10
69 180 10
70 180 10
71 180 10
72 180 10
73 180 10
74 180 10
75 180 10
76 180 10
77 180 10
78 180 10
79 180 10
80 180 10
81 180 10
82 180 10
83 180 10
84 180 10
85 180 10
86 180 10
87 180 10
88 180 10
89 180 10
90 180 10
91 180 10
92 180 10
93 180 10
94 180 10
95 180 10
96 180 10
97 180 10
98 180 10
99 180 10
100 180 10
101 180 10
102 180 10
103 180 10
104 180 10
105 180 10
106 180 10
107 180 10
108 180 10
109 180 10
110 180 10
111 180 10
112 180 10
113 180 10
114 180 10
115 180 10
116 180 10
117 180 10
117 181 10
117 182 10
117 183 10
117 184 10
117 185 10
117 186 10
118 186 10
119 186 10
120 186 10
121 186 10
121 187 10
121 188 10
121 189 10
122 189 10
122 190 10
170 63 55
170 62 44
170 61 33
170 60 25
170 59 19
170 58 15
170 57 13
170 56 12
170 55 11
169 55 11
168 55 11
167 55 12
166 55 12
165 55 12
164 55 12
163 55 12
162 55 12
161 55 11
160 55 11
159 55 11
158 55 11
157 55 11
156 55 11
155 55 11
154 55 11
153 55 12
152 55 12
151 55 13
150 55 13
149 55 13
148 55 13
147 55 13
146 55 12
145 55 12
144 55 12
143 55 12
142 55 11
141 55 11
140 55 11
139 55 11
138 55 11
138 56 12
138 57 12
138 58 13
138 59 14
138 60 15
138 61 16
138 62 17
137 62 18
137 63 19
137 64 20
136 64 21
135 64 23
134 64 26
133 64 30
132 64 35
131 64 42
130 64 50
129 64 60
128 64 69
127 64 76
126 64 78
125 64 74
124 64 66
123 64 55
122 64 45
121 64 37
120 64 32
119 64 28
118 64 26
117 64 25
116 64 24
115 64 25
115 65 27
114 65 29
114 66 32
113 66 37
113 67 42
113 68 49
112 68 58
111 68 69
110 68 84
109 68 99
108 68 112
107 68 120
106 68 121
105 68 116
104 68 107
103 68 98
102 68 88
101 68 80
100 68 73
99 68 70
99 69 67
98 69 66
98 70 63
98 71 61
97 71 60
97 72 56
97 73 55
96 73 53
96 74 51
95 74 49
95 75 48
94 75 46
94 76 44
93 76 42
93 77 40
92 77 37
92 78 36
91 78 34
91 79 33
90 79 31
89 79 30
89 80 29
88 80 28
88 81 27
87 81 27
87 82 27
87 83 26
87 84 26
87 85 26
87 86 26
87 87 25
87 88 23
87 89 21
87 90 18
87 91 16
87 92 14
87 93 13
87 94 12
87 95 12
87 96 11
87 97 11
87 98 11
87 99 11
87 100 11
87 101 11
86 101 11
86 102 11
86 103 11
86 104 11
86 105 11
86 106 11
86 107 11
86 108 11
86 109 11
86 110 11
86 111 10
86 112 10
86 113 10
86 114 10
86 115 10
86 116 10
86 117 10
86 118 10
86 119 10
86 120 10
86 121 10
86 122 10
86 123 10
86 124 10
86 125 10
85 125 10
143 15 32
143 16 28
143 17 24
143 18 22
143 19 21
143 20 21
143 21 21
143 22 21
143 23 21
143 24 20
143 25 19
143 26 17
143 27 16
143 28 14
143 29 13
143 30 12
143 31 12
143 32 11
143 33 11
143 34 11
143 35 11
143 36 11
143 37 11
143 38 11
143 39 12
143 40 12
143 41 13
143 42 14
143 43 14
143 44 15
143 45 15
143 46 15
143 47 14
143 48 13
143 49 12
143 50 12
143 51 12
143 52 11
143 53 11
143 54 11
190 1 10
189 1 10
188 1 10
187 1 10
186 1 10
185 1 10
184 1 10
184 2 10
183 2 10
182 2 10
182 3 10
182 4 10
181 4 10
181 5 10
181 6 10
181 7 10
181 8 10
180 8 10
180 9 10
180 10 10
179 10 10
179 11 10
178 11 10
177 11 10
176 11 10
176 12 10
175 12 10
174 12 10
174 13 10
173 13 10
173 14 10
173 15 10
172 15 10
172 16 10
172 17 10
171 17 10
171 18 10
170 18 10
169 18 10
168 18 10
167 18 11
166 18 11
165 18 11
164 18 11
163 18 11
162 18 11
161 18 11
160 18 11
159 18 11
158 18 11
157 18 11
156 18 11
155 18 12
154 18 12
153 18 13
152 18 15
151 18 16
150 18 18
149 18 19
148 18 20
147 18 20
146 18 20
145 18 21
144 18 21
