13 30 10
54 83 11
173 184 10
143 156 10
194 23 10
33 61 16
103 186 11
182 135 10
80 3 11
113 60 17
34 61 13
35 61 12
36 61 11
37 61 11
38 61 10
39 61 10
39 62 10
39 63 10
39 64 10
39 65 10
40 65 10
40 66 10
40 67 10
41 67 10
41 68 10
41 69 10
42 69 10
43 69 10
43 70 10
43 71 10
43 72 10
43 73 10
44 73 10
45 73 10
46 73 10
46 74 10
46 75 10
46 76 10
46 77 10
47 77 10
47 78 10
48 78 10
49 78 10
49 79 10
49 80 10
50 80 10
51 80 10
52 80 10
53 80 10
53 81 10
53 82 10
54 82 11
80 2 11
80 1 11
80 0 10
79 0 10
78 0 10
77 0 10
76 0 10
75 0 10
74 0 11
73 0 11
72 0 11
71 0 12
70 0 14
69 0 17
68 0 20
67 0 24
66 0 28
65 0 31
64 0 33
63 0 31
62 0 28
61 0 24
60 0 19
59 0 16
58 0 13
57 0 12
56 0 11
55 0 11
54 0 10
53 0 10
52 0 10
51 0 10
50 0 10
49 0 10
48 0 10
47 0 10
46 0 10
45 0 10
44 0 10
43 0 10
42 0 10
41 0 11
40 0 11
39 0 13
38 0 16
37 0 21
36 0 32
35 0 53
34 0 85
33 0 129
32 0 184
31 0 246
30 0 306
29 0 357
28 0 397
27 0 419
26 0 411
25 0 371
24 0 309
23 0 237
22 0 171
21 0 119
20 0 82
19 0 57
18 0 40
17 0 30
16 0 25
16 1 22
16 2 20
16 3 18
16 4 17
16 5 16
16 6 16
16 7 15
16 8 15
16 9 14
16 10 13
16 11 12
16 12 12
16 13 11
16 14 11
16 15 10
16 16 10
16 17 10
16 18 10
16 19 10
16 20 10
16 21 10
16 22 10
16 23 10
16 24 10
16 25 10
15 25 10
14 25 10
14 26 10
14 27 10
14 28 10
14 29 10
13 29 10
113 59 17
113 58 16
112 58 16
112 57 15
112 56 15
112 55 14
111 55 14
110 55 14
109 55 14
109 54 14
108 54 14
107 54 14
106 54 14
105 54 14
104 54 14
103 54 13
102 54 12
101 54 12
100 54 11
99 54 11
99 53 11
99 52 11
99 51 10
99 50 10
99 49 10
99 48 10
98 48 10
98 47 10
98 46 10
98 45 10
98 44 10
98 43 10
98 42 10
97 42 10
97 41 10
97 40 10
96 40 10
95 40 10
95 39 10
95 38 10
95 37 10
95 36 11
95 35 11
95 34 11
95 33 11
95 32 11
95 31 12
95 30 12
95 29 12
95 28 11
95 27 11
95 26 11
95 25 11
95 24 11
95 23 10
95 22 10
95 21 10
95 20 10
95 19 10
94 19 10
94 18 10
94 17 10
94 16 10
94 15 11
94 14 11
93 14 11
93 13 11
93 12 11
92 12 11
92 11 11
92 10 11
92 9 11
91 9 11
90 9 11
90 8 11
90 7 11
90 6 11
89 6 11
89 5 11
88 5 11
88 4 11
88 3 11
87 3 11
86 3 11
85 3 11
84 3 11
83 3 11
82 3 11
81 3 11
143 155 10
143 154 10
143 153 10
143 152 10
143 151 10
143 150 10
143 149 10
144 149 10
144 148 10
145 148 10
145 147 10
145 146 11
145 145 11
145 144 12
145 143 14
145 142 17
145 141 20
145 140 24
145 139 27
145 138 29
145 137 28
145 136 26
145 135 23
145 134 19
145 133 17
145 132 15
145 131 13
145 130 12
145 129 12
145 128 12
145 127 11
145 126 11
145 125 11
145 124 11
145 123 11
145 122 11
145 121 11
145 120 11
145 119 11
146 119 11
146 118 11
147 118 10
147 117 10
147 116 10
147 115 10
147 114 10
147 113 11
147 112 11
147 111 11
147 110 11
147 109 11
147 108 12
147 107 12
147 106 13
147 105 13
147 104 14
147 103 14
147 102 14
147 101 13
147 100 13
147 99 12
147 98 12
147 97 11
147 96 11
147 95 11
147 94 11
147 93 11
147 92 11
147 91 11
147 90 10
147 89 10
147 88 10
147 87 10
147 86 10
147 85 10
147 84 10
147 83 10
147 82 10
147 81 10
147 80 10
147 79 10
147 78 10
147 77 10
147 76 10
147 75 10
147 74 10
147 73 10
146 73 10
145 73 10
144 73 10
143 73 10
142 73 10
142 72 10
141 72 10
141 71 10
140 71 10
139 71 11
138 71 11
137 71 12
137 70 13
136 70 16
135 70 21
134 70 30
133 70 45
132 70 70
131 70 105
130 70 149
129 70 199
128 70 249
127 70 293
126 70 323
125 70 333
124 70 324
123 70 298
122 70 261
121 70 222
121 69 184
120 69 143
119 69 113
119 68 90
118 68 70
118 67 59
117 67 48
117 66 41
116 66 36
116 65 32
116 64 29
115 64 26
115 63 24
115 62 22
114 62 21
114 61 19
114 60 18
182 134 10
182 133 10
182 132 10
182 131 10
182 130 10
182 129 10
182 128 11
182 127 11
181 127 11
180 127 12
180 126 12
180 125 13
180 124 15
179 124 17
179 123 21
178 123 26
178 122 33
178 121 44
177 121 57
177 120 74
177 119 95
176 119 118
176 118 140
176 117 162
175 117 177
175 116 185
175 115 184
174 115 175
174 114 159
173 114 139
172 114 118
172 113 96
171 113 77
171 112 61
170 112 48
169 112 39
169 111 31
168 111 26
167 111 23
166 111 20
165 111 18
164 111 17
163 111 15
162 111 14
161 111 13
160 111 12
159 111 12
158 111 11
157 111 11
156 111 10
155 111 10
154 111 10
153 111 10
152 111 10
151 111 10
150 111 10
149 111 10
148 111 10
193 23 10
193 24 10
193 25 10
192 25 10
191 25 11
190 25 11
189 25 11
188 25 11
188 26 11
188 27 11
187 27 11
186 27 11
185 27 11
185 28 11
185 29 11
185 30 11
184 30 11
184 31 11
183 31 11
182 31 11
181 31 12
181 32 12
181 33 13
181 34 14
181 35 16
180 35 18
180 36 22
180 37 28
179 37 34
179 38 41
179 39 51
178 39 61
178 40 70
178 41 80
177 41 92
177 42 100
176 42 114
176 43 122
175 43 132
174 43 144
174 44 146
173 44 147
172 44 146
172 45 145
171 45 136
170 45 128
169 45 120
168 45 114
167 45 108
166 45 102
165 45 95
164 45 85
163 45 74
162 45 61
161 45 49
160 45 40
159 45 31
158 45 25
157 45 19
156 45 15
155 45 13
154 45 12
153 45 11
152 45 11
151 45 10
150 45 10
150 46 10
150 47 11
150 48 11
150 49 12
150 50 13
150 51 15
150 52 18
150 53 23
150 54 31
150 55 40
150 56 48
150 57 53
150 58 52
150 59 47
150 60 39
150 61 31
150 62 23
150 63 18
150 64 15
150 65 13
150 66 11
150 67 11
150 68 10
150 69 10
150 70 10
149 70 10
149 71 10
149 72 10
148 72 10
147 72 10
104 186 10
105 186 10
106 186 10
107 186 10
108 186 10
109 186 10
110 186 10
111 186 10
112 186 11
113 186 11
114 186 11
115 186 11
116 186 11
117 186 11
118 186 12
119 186 12
119 187 13
119 188 14
120 188 16
121 188 18
122 188 21
123 188 24
124 188 28
125 188 33
126 188 37
127 188 40
128 188 41
129 188 42
130 188 43
131 188 45
132 188 49
133 188 55
134 188 66
134 187 79
135 187 95
135 186 112
135 185 134
136 185 154
136 184 175
136 183 198
137 183 209
137 182 219
138 182 222
138 181 214
138 180 204
139 180 187
139 179 166
139 178 147
139 177 131
139 176 115
139 175 100
139 174 85
139 173 70
139 172 55
139 171 41
139 170 30
139 169 21
139 168 15
139 167 12
139 166 11
139 165 10
139 164 10
139 163 10
139 162 10
139 161 10
140 161 10
141 161 10
141 160 10
141 159 10
141 158 10
142 158 10
143 158 10
143 157 10
172 184 10
171 184 10
171 183 11
171 182 11
170 182 11
170 181 11
169 181 11
168 181 12
167 181 12
167 180 12
166 180 13
166 179 13
166 178 14
166 177 15
165 177 16
165 176 19
165 175 23
165 174 32
165 173 47
165 172 74
165 171 116
165 170 178
165 169 254
165 168 334
165 167 401
165 166 442
165 165 450
165 164 426
165 163 380
165 162 324
165 161 268
165 160 220
165 159 181
165 158 149
165 157 124
164 157 106
164 156 89
163 156 77
163 155 67
162 155 59
162 154 54
161 154 48
160 154 44
159 154 39
158 154 35
157 154 31
156 154 26
155 154 22
154 154 18
153 154 15
152 154 13
151 154 12
150 154 11
149 154 10
148 154 10
147 154 10
146 154 10
145 154 10
144 154 10
