0 21 18
137 125 41
183 189 17
59 113 11
116 66 31
189 7 38
62 59 34
62 60 31
62 61 28
62 62 25
62 63 22
62 64 19
62 65 16
62 66 15
62 67 14
62 68 14
62 69 13
62 70 13
62 71 13
62 72 14
62 73 14
62 74 16
61 74 17
60 74 19
60 75 22
60 76 27
59 76 32
59 77 40
59 78 52
58 78 65
58 79 79
58 80 97
57 80 117
57 81 135
56 81 156
56 82 165
56 83 170
56 84 165
56 85 150
56 86 125
56 87 98
56 88 72
56 89 53
56 90 39
56 91 29
55 91 23
55 92 19
54 92 17
54 93 15
54 94 14
54 95 15
54 96 15
54 97 17
54 98 18
54 99 18
54 100 16
54 101 15
54 102 13
54 103 12
54 104 11
54 105 11
54 106 10
54 107 10
54 108 10
54 109 10
54 110 10
55 110 10
55 111 10
55 112 10
56 112 11
56 113 11
57 113 11
58 113 11
116 65 21
116 64 17
115 64 15
114 64 15
113 64 14
112 64 14
111 64 15
110 64 15
109 64 15
108 64 14
107 64 14
106 64 13
105 64 12
104 64 12
103 64 12
102 64 11
101 64 11
100 64 11
99 64 11
98 64 11
97 64 11
96 64 10
95 64 10
94 64 10
93 64 10
92 64 10
91 64 10
90 64 10
89 64 10
88 64 10
87 64 11
86 64 11
85 64 11
84 64 12
83 64 12
82 64 13
81 64 13
80 64 13
79 64 12
78 64 12
77 64 11
76 64 11
75 64 11
74 64 11
73 64 11
72 64 11
71 64 11
70 64 11
69 64 11
68 64 11
67 64 12
66 64 12
65 64 12
64 64 13
63 64 15
189 6 29
188 6 23
187 6 19
186 6 17
185 6 16
184 6 15
183 6 14
182 6 14
181 6 14
181 5 14
181 4 14
180 4 14
179 4 14
178 4 14
177 4 15
177 3 16
176 3 17
175 3 20
175 2 23
174 2 30
173 2 41
172 2 54
171 2 67
170 2 80
169 2 91
168 2 102
168 1 114
167 1 125
167 0 138
166 0 152
165 0 176
164 0 218
163 0 279
162 0 356
161 0 447
160 0 550
159 0 644
158 0 698
157 0 686
156 0 607
155 0 483
154 0 351
153 0 242
152 0 163
151 0 108
150 0 73
149 0 52
148 0 40
147 0 34
146 0 30
145 0 27
144 0 24
143 0 22
142 0 19
141 0 16
140 0 14
139 0 12
138 0 12
137 0 11
136 0 11
135 0 11
134 0 11
133 0 11
132 0 11
131 0 11
130 0 11
130 1 11
129 1 11
129 2 11
128 2 10
128 3 10
127 3 10
126 3 10
125 3 10
125 4 10
125 5 10
125 6 10
125 7 10
125 8 10
125 9 10
125 10 10
125 11 10
125 12 10
125 13 10
125 14 10
124 14 10
124 15 10
123 15 10
122 15 10
122 16 10
122 17 11
122 18 11
122 19 11
122 20 11
122 21 12
122 22 12
122 23 12
122 24 12
122 25 13
122 26 13
122 27 13
122 28 13
122 29 12
122 30 12
122 31 11
122 32 11
122 33 11
122 34 11
122 35 10
122 36 10
122 37 10
122 38 10
122 39 11
122 40 11
122 41 11
122 42 11
122 43 11
122 44 11
122 45 11
122 46 11
122 47 11
122 48 10
122 49 10
122 50 10
122 51 10
122 52 10
121 52 10
121 53 10
121 54 10
120 54 10
120 55 10
119 55 10
118 55 10
117 55 10
116 55 10
116 56 11
116 57 11
116 58 11
116 59 12
116 60 12
116 61 13
116 62 14
116 63 15
