176 2 14
186 50 24
88 149 17
107 103 385
159 126 12
35 108 26
110 22 197
124 196 10
29 54 43
189 139 60
110 21 130
110 20 82
110 19 52
109 19 36
109 18 26
109 17 21
109 16 19
109 15 18
109 14 19
109 13 19
109 12 20
109 11 21
109 10 22
110 10 34
111 10 53
112 10 79
113 10 104
114 10 119
115 10 121
116 10 115
117 10 106
118 10 102
119 10 104
120 10 115
121 10 133
122 10 147
123 10 150
124 10 138
125 10 117
126 10 92
127 10 70
128 10 54
129 10 44
130 10 38
131 10 34
132 10 30
133 10 27
134 10 22
135 10 17
136 10 14
137 10 12
138 10 11
139 10 10
140 10 10
141 10 10
142 10 10
143 10 10
144 10 10
145 10 10
146 10 10
147 10 10
148 10 10
149 10 10
150 10 10
151 10 10
152 10 10
153 10 10
154 10 10
155 10 10
156 10 10
157 10 10
158 10 10
159 10 10
160 10 10
161 10 10
162 10 10
162 9 10
163 9 10
163 8 10
164 8 10
164 7 10
164 6 10
165 6 10
165 5 10
165 4 10
166 4 10
167 4 10
168 4 10
169 4 10
169 3 10
170 3 11
171 3 11
172 3 11
173 3 11
174 3 11
175 3 12
175 2 13
186 51 18
186 52 14
185 52 13
184 52 12
183 52 12
182 52 11
181 52 11
180 52 11
179 52 11
178 52 12
177 52 13
176 52 15
175 52 18
174 52 24
173 52 32
172 52 45
171 52 63
170 52 82
169 52 96
168 52 99
167 52 93
166 52 84
165 52 77
164 52 73
163 52 70
163 51 68
162 51 67
162 50 72
161 50 78
161 49 87
161 48 100
161 47 111
161 46 116
161 45 113
161 44 104
161 43 93
161 42 88
160 42 81
159 42 79
158 42 79
157 42 76
156 42 69
155 42 58
154 42 44
153 42 33
152 42 25
151 42 19
150 42 15
149 42 13
148 42 12
148 41 12
148 40 12
147 40 12
147 39 12
147 38 12
147 37 13
147 36 14
147 35 15
147 34 16
147 33 16
147 32 15
147 31 15
147 30 14
147 29 13
147 28 13
147 27 12
147 26 12
147 25 11
147 24 11
147 23 11
147 22 10
147 21 10
147 20 10
147 19 10
147 18 10
147 17 10
147 16 10
147 15 10
147 14 10
147 13 10
147 12 10
147 11 10
158 126 11
157 126 11
156 126 11
155 126 11
154 126 11
153 126 11
152 126 11
151 126 11
151 125 11
150 125 11
149 125 11
149 124 11
148 124 11
147 124 11
147 123 12
147 122 13
147 121 14
147 120 18
147 119 24
147 118 33
147 117 46
147 116 62
147 115 75
147 114 82
147 113 80
147 112 73
147 111 65
147 110 60
147 109 60
148 109 61
148 108 61
148 107 64
149 107 63
149 106 59
149 105 52
149 104 44
150 104 41
150 103 37
151 103 35
151 102 32
151 101 32
152 101 32
153 101 33
154 101 34
154 100 36
155 100 39
156 100 44
157 100 49
158 100 52
159 100 51
160 100 46
161 100 40
162 100 36
163 100 34
163 99 34
163 98 35
163 97 36
163 96 36
163 95 36
163 94 34
163 93 31
163 92 27
163 91 24
163 90 23
164 90 27
165 90 32
166 90 41
167 90 53
168 90 67
169 90 82
170 90 93
171 90 99
172 90 102
173 90 102
173 89 99
174 89 93
175 89 86
176 89 76
177 89 63
178 89 52
179 89 45
179 88 39
180 88 37
180 87 37
181 87 38
181 86 39
181 85 43
182 85 46
183 85 52
183 84 57
184 84 61
184 83 66
184 82 70
184 81 67
184 80 57
184 79 44
184 78 32
184 77 23
184 76 18
184 75 15
184 74 13
184 73 12
184 72 11
184 71 11
184 70 11
184 69 11
184 68 11
184 67 11
184 66 11
184 65 11
184 64 11
184 63 11
184 62 11
184 61 11
184 60 11
184 59 10
184 58 10
184 57 10
184 56 10
184 55 10
184 54 11
184 53 11
88 150 16
88 151 15
89 151 15
90 151 15
91 151 15
92 151 16
93 151 17
94 151 16
95 151 16
96 151 14
97 151 13
98 151 12
99 151 12
100 151 12
101 151 11
102 151 11
102 152 11
103 152 11
104 152 11
104 153 11
105 153 11
106 153 11
106 154 11
107 154 12
108 154 13
109 154 16
110 154 20
111 154 27
112 154 36
113 154 46
114 154 53
115 154 55
116 154 52
117 154 48
118 154 44
119 154 43
119 155 44
120 155 44
121 155 46
122 155 48
123 155 51
124 155 55
125 155 61
126 155 67
127 155 72
128 155 75
129 155 74
130 155 69
131 155 61
132 155 53
133 155 45
133 154 38
134 154 30
134 153 24
135 153 19
135 152 16
136 152 13
136 151 12
136 150 11
136 149 11
136 148 11
137 148 11
138 148 10
139 148 10
140 148 10
141 148 10
142 148 10
142 147 10
142 146 10
142 145 11
142 144 11
142 143 11
142 142 11
142 141 11
142 140 11
142 139 11
142 138 11
143 138 11
143 137 11
143 136 11
144 136 11
144 135 11
145 135 11
146 135 11
146 134 11
146 133 11
147 133 11
147 132 11
147 131 11
147 130 11
147 129 11
147 128 11
147 127 11
147 126 11
147 125 11
124 195 10
124 194 10
124 193 10
124 192 10
124 191 10
125 191 10
126 191 10
127 191 10
128 191 11
129 191 11
129 190 11
130 190 12
130 189 13
131 189 15
132 189 17
133 189 21
134 189 27
135 189 36
136 189 48
137 189 59
138 189 64
139 189 63
140 189 58
141 189 51
142 189 44
143 189 39
144 189 35
145 189 35
145 188 36
146 188 38
146 187 39
147 187 42
147 186 43
148 186 46
148 185 46
149 185 50
149 184 52
150 184 57
150 183 63
151 183 71
152 183 80
152 182 89
152 181 97
152 180 100
152 179 95
152 178 84
152 177 71
153 177 59
153 176 46
153 175 37
154 175 29
155 175 23
155 174 19
156 174 17
156 173 15
157 173 14
157 172 13
157 171 13
157 170 13
157 169 14
157 168 15
157 167 17
157 166 19
157 165 22
157 164 24
157 163 25
157 162 25
157 161 26
157 160 25
156 160 24
155 160 22
154 160 20
154 159 17
153 159 15
153 158 14
153 157 13
153 156 12
152 156 11
152 155 11
152 154 11
152 153 11
151 153 11
151 152 11
150 152 11
149 152 11
149 151 11
149 150 11
149 149 11
148 149 11
147 149 11
146 149 11
145 149 11
145 148 11
144 148 11
143 148 11
190 139 45
191 139 39
191 140 38
191 141 39
192 141 40
193 141 45
193 142 51
193 143 59
193 144 67
193 145 69
193 146 63
193 147 51
193 148 38
193 149 28
193 150 21
193 151 16
193 152 14
193 153 12
193 154 11
193 155 11
193 156 11
193 157 10
193 158 10
193 159 11
193 160 11
193 161 11
192 161 11
192 162 11
191 162 12
190 162 12
189 162 12
189 163 13
188 163 13
188 164 14
188 165 16
187 165 18
187 166 22
186 166 26
186 167 32
186 168 40
185 168 47
184 168 56
183 168 66
182 168 80
181 168 98
180 168 118
179 168 138
178 168 154
177 168 161
176 168 157
175 168 142
174 168 121
173 168 101
172 168 84
171 168 72
170 168 62
169 168 52
168 168 43
167 168 34
166 168 27
165 168 21
164 168 17
163 168 14
162 168 13
161 168 12
160 168 12
159 168 12
158 168 13
108 103 288
109 103 213
110 103 158
111 103 117
112 103 89
113 103 71
114 103 59
115 103 52
115 104 51
115 105 48
115 106 43
115 107 38
115 108 33
116 108 31
117 108 30
118 108 28
119 108 26
120 108 23
121 108 21
122 108 19
123 108 17
124 108 16
124 109 15
125 109 15
125 110 14
126 110 14
126 111 15
127 111 16
127 112 17
128 112 19
129 112 22
129 113 26
130 113 29
131 113 33
132 113 37
132 114 40
133 114 43
133 115 49
134 115 54
134 116 64
135 116 72
135 117 84
136 117 95
136 118 103
137 118 111
137 119 110
138 119 107
139 119 99
140 119 84
141 119 66
142 119 49
143 119 37
144 119 29
145 119 25
146 119 24
29 53 38
29 52 36
29 51 36
30 51 38
31 51 39
31 50 39
32 50 39
32 49 37
33 49 36
33 48 34
34 48 33
35 48 36
36 48 40
37 48 42
38 48 40
39 48 33
40 48 25
41 48 19
42 48 15
43 48 13
44 48 12
45 48 11
46 48 11
47 48 11
48 48 11
49 48 11
50 48 11
51 48 11
52 48 11
53 48 11
54 48 11
55 48 11
56 48 11
57 48 11
58 48 11
59 48 11
60 48 11
61 48 11
62 48 11
63 48 11
64 48 11
65 48 11
66 48 11
67 48 12
68 48 14
69 48 18
70 48 24
71 48 32
72 48 38
73 48 42
74 48 44
75 48 46
76 48 48
76 49 51
77 49 54
78 49 59
78 50 63
79 50 65
80 50 69
80 51 74
81 51 81
81 52 91
82 52 103
83 52 122
84 52 145
85 52 163
86 52 165
87 52 146
88 52 111
89 52 77
90 52 53
91 52 39
92 52 32
93 52 29
94 52 28
95 52 28
96 52 28
96 51 33
96 50 39
96 49 42
96 48 42
96 47 39
96 46 36
96 45 33
96 44 33
96 43 33
96 42 35
96 41 37
96 40 42
96 39 49
96 38 58
96 37 71
96 36 84
96 35 94
96 34 98
96 33 96
96 32 90
96 31 88
97 31 94
97 30 97
98 30 107
98 29 115
98 28 129
98 27 144
98 26 151
98 25 143
98 24 118
98 23 86
98 22 58
98 21 40
98 20 30
98 19 25
99 19 21
99 18 19
100 18 17
101 18 16
102 18 15
103 18 14
104 18 13
105 18 14
106 18 15
107 18 17
108 18 19
35 107 18
35 106 14
35 105 12
35 104 11
35 103 10
35 102 10
35 101 10
35 100 10
35 99 10
35 98 10
34 98 10
33 98 10
32 98 10
32 97 10
32 96 10
32 95 10
31 95 10
30 95 10
30 94 10
29 94 10
28 94 10
27 94 10
26 94 10
26 93 10
26 92 11
26 91 11
26 90 11
26 89 11
26 88 11
26 87 11
25 87 11
25 86 11
24 86 11
24 85 11
24 84 11
24 83 11
23 83 12
22 83 12
21 83 13
21 82 14
21 81 16
20 81 20
19 81 25
19 80 32
18 80 42
18 79 55
18 78 71
18 77 85
18 76 95
18 75 102
18 74 109
18 73 122
18 72 141
18 71 164
18 70 185
18 69 195
18 68 186
18 67 160
18 66 124
18 65 88
18 64 60
18 63 40
18 62 27
18 61 19
18 60 16
18 59 14
18 58 13
18 57 13
18 56 13
18 55 13
19 55 13
20 55 13
20 54 12
21 54 13
21 53 13
22 53 13
23 53 15
24 53 17
25 53 20
26 53 24
27 53 29
28 53 34
