91 140 4051
183 185 20
88 1 12
10 115 26
55 73 12
55 74 12
56 74 12
56 75 13
56 76 13
56 77 14
56 78 15
57 78 16
57 79 17
57 80 18
57 81 18
57 82 18
57 83 18
57 84 17
57 85 17
57 86 16
57 87 16
57 88 17
57 89 17
57 90 18
57 91 18
57 92 18
57 93 17
57 94 17
57 95 16
57 96 15
57 97 14
57 98 14
57 99 13
57 100 12
57 101 12
57 102 12
57 103 12
57 104 12
57 105 13
57 106 13
57 107 14
57 108 15
57 109 15
57 110 16
57 111 17
57 112 18
57 113 18
57 114 19
57 115 19
57 116 20
57 117 21
57 118 24
57 119 28
57 120 35
56 120 42
56 121 54
55 121 67
55 122 83
55 123 102
54 123 120
53 123 142
52 123 165
51 123 187
50 123 203
49 123 213
48 123 218
47 123 214
46 123 200
45 123 181
44 123 162
43 123 147
43 124 127
42 124 114
42 125 100
41 125 87
41 126 77
40 126 67
40 127 61
39 127 53
38 127 49
37 127 48
36 127 49
35 127 50
34 127 53
33 127 56
32 127 60
31 127 63
30 127 65
29 127 66
28 127 65
27 127 64
26 127 62
25 127 61
24 127 61
23 127 60
23 126 55
22 126 50
22 125 44
21 125 36
20 125 30
20 124 25
19 124 22
19 123 19
19 122 16
19 121 15
19 120 14
18 120 13
17 120 13
17 119 12
17 118 12
16 118 12
15 118 12
15 117 12
15 116 13
14 116 13
13 116 14
13 115 15
12 115 18
11 115 21
