63 147 11
120 189 48
103 9 18
176 19 10
194 74 20
33 22 10
119 189 33
118 189 25
117 189 20
116 189 18
115 189 17
114 189 16
113 189 14
112 189 13
111 189 12
110 189 11
109 189 11
108 189 10
107 189 10
106 189 10
105 189 10
104 189 10
103 189 10
102 189 10
101 189 10
100 189 10
99 189 10
98 189 10
97 189 10
96 189 10
95 189 10
94 189 10
93 189 10
92 189 10
92 188 10
92 187 10
92 186 10
91 186 10
90 186 10
90 185 10
90 184 10
89 184 10
89 183 10
89 182 10
88 182 10
88 181 10
87 181 10
86 181 10
86 180 10
85 180 10
84 180 10
83 180 10
83 179 10
83 178 10
82 178 10
82 177 10
82 176 10
82 175 10
82 174 10
81 174 10
80 174 10
80 173 10
79 173 10
79 172 10
78 172 10
78 171 10
78 170 10
77 170 10
76 170 10
76 169 10
76 168 10
76 167 10
76 166 10
75 166 10
74 166 10
74 165 10
74 164 10
74 163 10
73 163 10
73 162 10
72 162 10
71 162 10
70 162 10
69 162 10
68 162 10
67 162 10
66 162 10
66 161 10
66 160 10
66 159 10
65 159 10
64 159 10
63 159 10
63 158 10
63 157 10
63 156 10
63 155 11
63 154 11
63 153 11
63 152 11
63 151 11
63 150 11
63 149 11
63 148 11
33 23 10
33 24 10
33 25 10
33 26 10
33 27 10
33 28 10
33 29 10
33 30 10
33 31 10
33 32 10
33 33 10
33 34 10
33 35 10
33 36 10
33 37 10
33 38 10
33 39 10
32 39 10
32 40 10
32 41 10
31 41 10
31 42 10
30 42 10
30 43 10
30 44 10
30 45 10
29 45 10
28 45 10
28 46 10
28 47 10
27 47 10
27 48 10
26 48 10
26 49 10
26 50 10
26 51 10
26 52 10
26 53 10
26 54 10
26 55 10
26 56 10
26 57 10
26 58 10
26 59 10
26 60 10
26 61 10
26 62 10
26 63 10
25 63 10
24 63 10
24 64 10
24 65 10
24 66 11
24 67 11
24 68 11
24 69 11
24 70 10
24 71 10
24 72 10
24 73 10
24 74 10
24 75 10
24 76 10
24 77 10
24 78 10
24 79 10
24 80 10
24 81 10
24 82 10
24 83 10
24 84 10
24 85 10
24 86 10
24 87 10
24 88 10
24 89 10
24 90 10
24 91 10
24 92 10
24 93 10
24 94 10
24 95 10
24 96 10
24 97 10
24 98 10
24 99 10
24 100 10
24 101 10
24 102 10
24 103 10
24 104 10
24 105 10
24 106 10
24 107 10
24 108 10
24 109 10
24 110 10
24 111 10
24 112 11
24 113 11
24 114 11
24 115 11
24 116 11
24 117 11
24 118 11
24 119 12
24 120 12
24 121 13
24 122 15
24 123 18
24 124 21
24 125 24
24 126 26
24 127 27
24 128 27
24 129 28
25 129 28
25 130 28
26 130 29
26 131 30
27 131 32
28 131 36
28 132 40
29 132 48
29 133 59
29 134 75
29 135 90
29 136 102
29 137 107
29 138 105
29 139 101
30 139 95
30 140 86
31 140 77
32 140 69
32 141 59
33 141 53
33 142 49
34 142 47
35 142 47
36 142 49
37 142 53
38 142 59
39 142 67
40 142 73
41 142 73
42 142 66
43 142 55
44 142 43
45 142 33
46 142 26
47 142 21
48 142 18
48 143 17
49 143 16
49 144 15
50 144 14
50 145 14
50 146 14
51 146 13
52 146 13
53 146 13
53 147 12
54 147 12
55 147 12
56 147 11
57 147 11
58 147 11
59 147 11
60 147 11
61 147 11
62 147 11
103 10 18
103 11 18
103 12 17
103 13 16
103 14 14
103 15 13
103 16 11
103 17 11
103 18 10
102 18 10
101 18 10
100 18 10
99 18 10
99 19 10
98 19 10
97 19 10
97 20 10
96 20 10
95 20 10
95 21 10
94 21 10
93 21 10
93 22 10
93 23 10
93 24 10
93 25 10
93 26 10
92 26 10
91 26 10
90 26 10
89 26 10
89 27 10
89 28 10
89 29 10
88 29 10
87 29 10
86 29 10
86 30 10
85 30 11
84 30 12
83 30 14
82 30 17
81 30 23
80 30 32
79 30 47
78 30 71
77 30 101
76 30 130
75 30 146
74 30 145
73 30 130
72 30 109
71 30 91
70 30 77
69 30 65
68 30 56
67 30 52
66 30 52
65 30 54
64 30 58
63 30 61
62 30 60
61 30 54
60 30 43
59 30 32
58 30 23
57 30 17
56 30 14
55 30 12
54 30 11
53 30 10
52 30 10
51 30 10
50 30 10
49 30 10
48 30 10
47 30 10
46 30 10
45 30 10
44 30 10
43 30 10
42 30 10
41 30 10
40 30 10
39 30 10
38 30 10
37 30 10
36 30 10
35 30 10
34 30 10
193 74 20
192 74 20
191 74 18
190 74 17
189 74 15
188 74 14
187 74 13
186 74 13
186 75 13
185 75 13
185 76 13
184 76 13
183 76 14
182 76 15
181 76 16
180 76 18
179 76 20
178 76 21
177 76 21
176 76 19
175 76 16
174 76 14
173 76 13
172 76 12
171 76 12
170 76 11
169 76 11
168 76 11
167 76 10
166 76 10
165 76 10
164 76 10
163 76 11
162 76 11
161 76 11
160 76 11
159 76 11
158 76 12
157 76 12
156 76 12
155 76 12
154 76 12
153 76 11
152 76 11
151 76 10
150 76 10
149 76 10
148 76 10
147 76 10
147 75 10
146 75 10
145 75 10
144 75 10
144 74 10
144 73 10
143 73 10
142 73 10
142 72 10
142 71 10
141 71 10
141 70 10
141 69 10
141 68 10
140 68 10
139 68 10
139 67 10
138 67 10
137 67 10
136 67 10
136 66 10
136 65 10
136 64 10
136 63 10
135 63 10
135 62 10
134 62 10
134 61 10
133 61 10
133 60 10
133 59 10
133 58 10
133 57 10
133 56 10
132 56 10
132 55 10
132 54 10
132 53 10
132 52 10
131 52 10
131 51 10
131 50 10
130 50 10
130 49 10
130 48 10
129 48 10
129 47 10
128 47 10
128 46 10
127 46 10
127 45 10
126 45 10
126 44 10
125 44 10
125 43 10
124 43 10
124 42 10
124 41 10
123 41 10
122 41 10
122 40 10
121 40 10
120 40 10
120 39 10
119 39 10
118 39 10
118 38 10
118 37 10
118 36 10
118 35 10
118 34 10
118 33 10
118 32 10
118 31 10
118 30 10
117 30 10
116 30 10
115 30 10
114 30 10
113 30 10
113 29 10
112 29 10
112 28 10
111 28 10
111 27 10
111 26 10
111 25 10
110 25 10
109 25 10
108 25 10
107 25 10
106 25 10
106 24 10
106 23 10
106 22 10
105 22 10
104 22 10
104 21 10
104 20 10
104 19 10
104 18 10
177 19 10
178 19 10
179 19 11
180 19 11
181 19 11
182 19 10
183 19 10
184 19 10
185 19 10
186 19 10
186 20 10
187 20 10
187 21 10
187 22 10
187 23 10
187 24 11
187 25 11
187 26 11
187 27 11
187 28 12
187 29 12
187 30 13
187 31 13
187 32 14
187 33 14
187 34 15
187 35 16
187 36 17
187 37 20
187 38 24
187 39 31
187 40 40
187 41 51
187 42 61
187 43 70
187 44 76
187 45 76
187 46 69
187 47 58
187 48 48
187 49 40
187 50 35
187 51 32
187 52 30
187 53 30
187 54 30
187 55 31
187 56 32
187 57 35
187 58 37
187 59 37
187 60 33
187 61 28
187 62 22
187 63 18
187 64 15
187 65 13
187 66 12
187 67 12
187 68 12
187 69 12
187 70 12
187 71 12
187 72 13
187 73 13
