182 1 12
37 36 10
163 130 19
9 185 28
22 89 12
82 161 17
69 63 19
163 129 18
163 128 18
163 127 18
164 127 20
165 127 23
166 127 25
167 127 27
168 127 28
169 127 28
170 127 27
171 127 26
172 127 24
173 127 22
174 127 19
175 127 17
176 127 16
177 127 14
178 127 13
179 127 12
180 127 12
181 127 12
182 127 11
182 126 11
183 126 11
183 125 11
183 124 12
183 123 12
183 122 13
183 121 15
183 120 17
183 119 20
183 118 26
183 117 34
183 116 46
183 115 62
183 114 83
183 113 109
183 112 142
183 111 183
183 110 234
183 109 293
183 108 356
183 107 418
183 106 473
183 105 517
183 104 546
183 103 558
183 102 553
183 101 530
183 100 492
183 99 442
183 98 385
183 97 328
183 96 274
182 96 224
182 95 182
181 95 147
181 94 118
180 94 97
180 93 80
179 93 68
179 92 59
178 92 52
177 92 48
177 91 44
176 91 41
175 91 40
175 90 39
174 90 38
173 90 38
173 89 38
173 88 40
173 87 45
173 86 52
173 85 64
173 84 83
173 83 115
173 82 164
173 81 236
173 80 330
173 79 441
173 78 553
173 77 650
173 76 713
173 75 731
173 74 702
173 73 634
173 72 538
173 71 433
173 70 331
173 69 243
173 68 173
173 67 120
173 66 82
173 65 57
173 64 41
173 63 31
173 62 25
173 61 22
173 60 20
173 59 18
174 59 17
174 58 17
175 58 16
175 57 16
176 57 16
176 56 16
176 55 17
176 54 17
177 54 17
177 53 18
177 52 18
177 51 18
177 50 18
177 49 18
177 48 17
177 47 17
178 47 16
178 46 16
178 45 16
178 44 15
178 43 15
178 42 15
178 41 15
178 40 15
178 39 15
178 38 15
178 37 14
178 36 14
178 35 14
178 34 13
178 33 13
178 32 13
178 31 12
178 30 12
178 29 12
178 28 11
178 27 11
178 26 11
178 25 11
178 24 11
178 23 11
178 22 11
179 22 11
180 22 11
180 21 11
180 20 12
180 19 12
181 19 12
181 18 12
181 17 12
181 16 12
181 15 12
181 14 12
181 13 12
181 12 12
182 12 12
182 11 11
182 10 11
182 9 11
182 8 11
182 7 11
182 6 11
182 5 11
182 4 11
182 3 12
182 2 12
70 63 18
70 64 17
70 65 17
71 65 16
72 65 16
72 66 15
73 66 15
74 66 15
75 66 14
75 67 14
76 67 13
77 67 13
77 68 12
78 68 12
79 68 12
80 68 12
80 69 12
81 69 12
82 69 12
82 70 12
83 70 12
83 71 12
84 71 12
84 72 12
84 73 12
85 73 12
85 74 13
86 74 13
86 75 13
86 76 14
86 77 14
86 78 15
86 79 16
86 80 17
87 80 18
87 81 18
88 81 19
88 82 19
88 83 19
88 84 19
89 84 19
89 85 19
90 85 19
90 86 19
90 87 18
91 87 18
91 88 18
92 88 18
93 88 18
93 89 17
94 89 17
94 90 16
95 90 16
95 91 15
96 91 15
97 91 15
97 92 14
97 93 14
98 93 14
98 94 14
99 94 14
99 95 14
100 95 14
101 95 14
102 95 14
103 95 14
104 95 14
105 95 14
105 96 14
106 96 14
107 96 14
108 96 14
108 97 13
109 97 13
109 98 13
109 99 13
110 99 12
111 99 12
112 99 12
113 99 12
113 100 11
114 100 11
115 100 11
115 101 11
116 101 11
116 102 11
116 103 11
116 104 11
117 104 11
118 104 11
119 104 11
120 104 11
120 105 11
121 105 12
121 106 12
122 106 13
123 106 15
124 106 18
125 106 24
126 106 32
127 106 44
128 106 59
129 106 78
130 106 97
131 106 116
132 106 133
133 106 148
134 106 162
135 106 179
136 106 199
137 106 219
138 106 238
139 106 251
140 106 253
141 106 246
142 106 232
143 106 213
144 106 194
145 106 176
146 106 162
147 106 152
148 106 146
148 107 136
149 107 131
149 108 119
150 108 114
150 109 102
151 109 96
151 110 84
151 111 78
152 111 68
152 112 60
152 113 54
153 113 48
153 114 44
154 114 40
154 115 35
154 116 32
154 117 28
154 118 25
154 119 23
154 120 20
154 121 18
154 122 16
154 123 15
154 124 14
155 124 13
156 124 13
156 125 12
157 125 12
157 126 12
157 127 12
158 127 12
159 127 13
160 127 13
161 127 14
162 127 16
83 161 17
84 161 17
85 161 17
86 161 19
87 161 21
88 161 24
89 161 30
90 161 39
91 161 51
91 160 70
92 160 93
93 160 123
94 160 159
95 160 199
96 160 241
96 159 281
97 159 318
97 158 348
98 158 370
99 158 383
99 157 388
100 157 382
101 157 370
101 156 350
102 156 322
102 155 291
103 155 257
103 154 223
103 153 192
104 153 161
104 152 135
105 152 113
106 152 98
107 152 90
108 152 87
109 152 89
110 152 94
111 152 104
112 152 117
113 152 133
114 152 151
115 152 169
116 152 185
117 152 196
118 152 201
119 152 200
120 152 194
121 152 185
121 153 173
122 153 156
123 153 139
123 154 124
124 154 106
125 154 90
126 154 77
127 154 65
128 154 55
129 154 46
130 154 39
131 154 32
132 154 27
133 154 22
134 154 18
135 154 16
136 154 14
137 154 12
138 154 11
139 154 11
140 154 10
141 154 10
142 154 10
143 154 10
144 154 10
145 154 10
146 154 10
146 153 10
146 152 10
146 151 10
147 151 10
147 150 10
147 149 10
148 149 10
149 149 10
149 148 11
149 147 11
149 146 11
149 145 12
149 144 12
149 143 13
149 142 13
149 141 14
149 140 14
150 140 14
150 139 15
150 138 15
151 138 15
152 138 15
152 137 16
152 136 16
152 135 16
153 135 15
154 135 15
155 135 15
155 134 15
155 133 14
155 132 14
155 131 14
155 130 13
155 129 13
156 129 13
157 129 13
157 128 12
10 185 26
11 185 24
12 185 23
13 185 22
14 185 21
15 185 19
16 185 18
17 185 17
17 184 16
18 184 15
19 184 15
20 184 14
20 183 14
20 182 14
21 182 15
22 182 15
23 182 16
23 181 17
24 181 19
25 181 23
26 181 30
27 181 41
28 181 56
29 181 79
30 181 112
31 181 153
32 181 202
33 181 254
34 181 300
35 181 335
36 181 351
37 181 349
38 181 328
39 181 294
40 181 252
41 181 211
42 181 173
43 181 141
44 181 118
45 181 102
45 180 92
46 180 84
46 179 77
46 178 73
47 178 69
47 177 68
48 177 68
48 176 68
48 175 71
49 175 74
49 174 79
50 174 87
50 173 94
50 172 102
50 171 109
50 170 117
51 170 122
51 169 127
51 168 132
52 168 135
52 167 138
53 167 140
53 166 144
54 166 146
55 166 153
56 166 162
57 166 174
58 166 189
59 166 204
60 166 220
61 166 234
62 166 245
63 166 252
64 166 251
65 166 244
66 166 229
67 166 207
68 166 179
69 166 146
70 166 115
71 166 87
72 166 64
73 166 47
74 166 35
75 166 28
76 166 23
77 166 19
78 166 16
79 166 14
80 166 13
81 166 13
82 166 12
82 165 12
82 164 13
82 163 14
82 162 15
37 37 10
37 38 10
38 38 10
38 39 10
39 39 10
40 39 10
41 39 10
42 39 11
43 39 11
43 40 11
44 40 12
44 41 13
45 41 15
45 42 17
46 42 21
47 42 27
48 42 34
49 42 46
50 42 63
50 43 88
51 43 122
52 43 171
52 44 230
53 44 304
54 44 391
54 45 476
55 45 559
56 45 633
56 46 688
57 46 712
58 46 713
59 46 693
59 47 647
60 47 585
61 47 523
61 48 445
62 48 380
62 49 312
62 50 259
63 50 207
63 51 167
64 51 135
64 52 107
64 53 87
64 54 72
65 54 59
65 55 50
66 55 43
66 56 37
66 57 33
67 57 30
67 58 27
67 59 25
68 59 24
68 60 22
68 61 21
69 61 20
69 62 19
23 89 12
24 89 11
24 88 11
25 88 11
25 87 11
25 86 11
25 85 11
25 84 11
25 83 12
25 82 12
25 81 12
25 80 13
25 79 13
25 78 14
25 77 15
25 76 16
25 75 18
25 74 19
25 73 22
25 72 24
25 71 26
25 70 27
25 69 28
25 68 28
25 67 27
25 66 26
25 65 25
25 64 24
25 63 23
25 62 23
25 61 22
25 60 22
25 59 22
25 58 21
25 57 21
25 56 20
25 55 20
26 55 19
26 54 18
26 53 18
27 53 17
27 52 16
27 51 16
28 51 15
29 51 15
29 50 14
29 49 13
29 48 13
29 47 12
29 46 12
30 46 11
30 45 11
30 44 11
30 43 11
31 43 10
31 42 10
31 41 10
31 40 10
32 40 10
33 40 10
33 39 10
34 39 10
35 39 10
36 39 10
37 39 10
