75 89 19
65 39 49
106 176 61
39 130 112
169 112 273
13 152 52
126 146 17
98 67 10
177 60 138
197 33 18
97 67 10
96 67 10
95 67 10
94 67 10
93 67 10
92 67 10
91 67 10
90 67 10
89 67 10
88 67 10
87 67 10
86 67 10
85 67 10
84 67 10
83 67 10
82 67 10
81 67 10
81 68 10
81 69 10
81 70 10
81 71 10
81 72 10
81 73 11
81 74 11
81 75 11
81 76 11
81 77 11
81 78 11
81 79 11
81 80 11
81 81 11
81 82 11
81 83 11
81 84 11
80 84 11
80 85 11
80 86 11
80 87 12
79 87 12
78 87 12
77 87 13
77 88 13
77 89 14
76 89 16
126 147 16
126 148 15
126 149 13
126 150 12
126 151 11
126 152 11
126 153 10
126 154 10
126 155 10
126 156 10
126 157 10
126 158 10
126 159 10
126 160 10
126 161 10
126 162 10
126 163 10
126 164 10
126 165 10
125 165 10
125 166 10
124 166 10
124 167 10
123 167 10
122 167 10
121 167 10
120 167 10
119 167 10
118 167 10
117 167 10
116 167 10
115 167 10
114 167 10
113 167 11
112 167 11
111 167 11
110 167 12
109 167 12
109 168 12
109 169 13
109 170 14
108 170 14
107 170 15
106 170 16
106 171 17
106 172 20
106 173 24
106 174 31
106 175 42
169 113 248
168 113 231
167 113 229
166 113 240
165 113 259
164 113 279
163 113 294
162 113 297
161 113 284
160 113 258
159 113 229
158 113 206
158 114 205
158 115 198
158 116 190
158 117 176
158 118 153
158 119 126
158 120 99
158 121 77
158 122 61
157 122 49
156 122 40
156 123 33
155 123 28
155 124 24
154 124 21
153 124 20
153 125 19
152 125 19
152 126 19
152 127 19
152 128 20
152 129 22
152 130 23
152 131 25
152 132 26
152 133 25
152 134 25
152 135 24
152 136 23
152 137 23
151 137 23
150 137 24
149 137 24
148 137 23
147 137 23
146 137 22
145 137 20
144 137 18
143 137 16
142 137 15
142 138 14
141 138 13
141 139 13
140 139 12
139 139 12
139 140 12
138 140 12
137 140 12
137 141 12
137 142 13
137 143 13
136 143 13
136 144 13
135 144 13
134 144 13
133 144 13
132 144 13
132 145 13
132 146 13
131 146 14
130 146 14
129 146 15
128 146 16
127 146 17
40 130 117
41 130 114
42 130 106
43 130 93
44 130 81
45 130 70
46 130 63
47 130 57
48 130 53
48 129 50
49 129 45
49 128 40
49 127 36
50 127 33
50 126 30
50 125 28
51 125 28
51 124 27
51 123 28
52 123 30
53 123 33
53 122 37
54 122 41
55 122 47
55 121 55
56 121 59
57 121 64
58 121 70
58 120 75
59 120 77
60 120 78
61 120 81
61 119 82
62 119 85
62 118 90
63 118 97
63 117 107
64 117 123
64 116 141
64 115 168
64 114 202
65 114 238
65 113 280
65 112 328
66 112 366
66 111 392
66 110 412
67 110 408
67 109 393
68 109 375
68 108 342
69 108 317
69 107 283
70 107 247
71 107 211
72 107 180
72 106 153
73 106 131
73 105 121
74 105 110
74 104 107
75 104 106
75 103 105
75 102 108
75 101 115
75 100 125
75 99 130
75 98 127
75 97 113
75 96 91
75 95 70
75 94 52
75 93 39
75 92 30
75 91 24
75 90 21
13 153 36
13 154 27
13 155 22
13 156 20
13 157 19
13 158 18
13 159 18
13 160 17
13 161 17
13 162 16
14 162 16
15 162 15
16 162 15
17 162 16
18 162 16
19 162 17
20 162 17
21 162 17
22 162 17
23 162 16
24 162 15
25 162 14
26 162 14
27 162 13
28 162 13
29 162 14
30 162 14
30 161 15
30 160 17
30 159 19
31 159 20
31 158 22
32 158 24
32 157 25
32 156 28
32 155 32
32 154 39
32 153 51
32 152 71
32 151 99
32 150 132
32 149 170
32 148 215
32 147 269
32 146 327
32 145 375
32 144 397
32 143 386
32 142 347
32 141 295
32 140 245
32 139 206
32 138 179
32 137 157
32 136 135
32 135 115
32 134 101
32 133 93
33 133 85
34 133 81
35 133 78
36 133 77
37 133 75
38 133 74
39 133 72
39 132 78
39 131 92
177 61 129
177 62 108
177 63 83
177 64 60
177 65 44
177 66 35
177 67 29
177 68 27
177 69 28
177 70 31
177 71 34
176 71 39
175 71 44
175 72 51
175 73 60
175 74 69
175 75 75
175 76 75
175 77 70
175 78 63
175 79 56
175 80 52
174 80 49
174 81 47
174 82 46
174 83 46
173 83 47
173 84 47
173 85 50
172 85 52
172 86 56
172 87 67
172 88 87
172 89 121
172 90 171
172 91 236
172 92 308
172 93 386
172 94 462
172 95 512
172 96 523
172 97 498
172 98 452
172 99 403
172 100 364
172 101 345
172 102 349
172 103 377
172 104 422
172 105 468
172 106 498
172 107 507
172 108 494
172 109 468
172 110 437
172 111 411
171 111 373
170 111 342
170 112 302
196 33 17
196 34 17
196 35 17
195 35 16
195 36 16
194 36 16
193 36 17
192 36 18
191 36 18
190 36 18
189 36 17
188 36 16
187 36 16
187 37 16
187 38 16
187 39 15
187 40 15
187 41 15
187 42 15
187 43 16
187 44 17
187 45 18
187 46 19
187 47 20
187 48 21
187 49 22
187 50 24
187 51 26
187 52 28
186 52 30
186 53 31
186 54 31
185 54 31
185 55 31
185 56 31
184 56 31
184 57 32
184 58 34
184 59 37
184 60 40
184 61 42
184 62 42
184 63 42
184 64 41
183 64 38
183 65 36
182 65 34
181 65 33
180 65 33
179 65 35
178 65 39
