30 16 11
116 85 10
99 176 19
131 4 16
64 87 10
70 134 40
186 47 10
30 189 11
65 87 10
66 87 10
67 87 10
68 87 10
69 87 10
69 88 10
69 89 10
69 90 10
69 91 10
70 91 11
71 91 11
72 91 12
73 91 13
74 91 15
75 91 17
76 91 20
77 91 23
78 91 27
79 91 33
80 91 40
81 91 48
82 91 58
83 91 69
84 91 80
85 91 91
86 91 99
87 91 101
88 91 96
89 91 81
90 91 61
91 91 42
92 91 28
93 91 19
94 91 14
95 91 12
96 91 11
97 91 11
98 91 10
99 91 10
100 91 10
101 91 10
102 91 10
103 91 10
104 91 10
105 91 10
106 91 10
107 91 10
108 91 10
109 91 10
110 91 10
111 91 10
111 90 10
111 89 10
111 88 10
112 88 10
112 87 10
112 86 10
113 86 10
114 86 10
115 86 10
116 86 10
70 133 39
70 132 37
70 131 35
70 130 32
70 129 31
69 129 31
69 128 30
68 128 29
68 127 28
67 127 28
67 126 28
66 126 28
66 125 28
65 125 29
65 124 29
65 123 29
64 123 29
64 122 29
63 122 29
63 121 28
62 121 26
62 120 24
61 120 23
61 119 21
60 119 19
60 118 17
60 117 16
60 116 16
60 115 16
60 114 16
60 113 16
60 112 16
60 111 15
60 110 15
60 109 14
60 108 14
60 107 14
60 106 13
60 105 13
60 104 12
60 103 11
60 102 11
60 101 10
60 100 10
60 99 10
60 98 10
60 97 10
60 96 10
60 95 10
60 94 10
60 93 10
61 93 10
61 92 10
61 91 10
61 90 10
61 89 10
61 88 10
61 87 10
62 87 10
63 87 10
98 176 15
97 176 13
96 176 12
95 176 11
95 175 11
94 175 10
94 174 10
94 173 10
94 172 10
93 172 10
93 171 10
93 170 10
93 169 10
93 168 10
93 167 10
93 166 10
92 166 10
92 165 10
92 164 10
92 163 10
91 163 10
91 162 10
91 161 10
91 160 10
91 159 10
91 158 10
91 157 10
91 156 11
91 155 11
91 154 11
91 153 12
90 153 12
89 153 13
89 152 15
88 152 18
88 151 21
87 151 26
87 150 33
86 150 41
86 149 50
85 149 61
85 148 70
85 147 79
84 147 85
84 146 85
84 145 84
83 145 79
83 144 70
83 143 60
83 142 51
83 141 42
83 140 35
83 139 29
83 138 25
83 137 21
82 137 19
81 137 18
81 136 17
81 135 17
81 134 17
80 134 18
79 134 19
78 134 21
77 134 24
76 134 27
75 134 30
74 134 32
73 134 33
72 134 34
71 134 37
31 189 11
32 189 11
33 189 11
34 189 11
35 189 11
36 189 10
37 189 10
38 189 10
39 189 10
40 189 10
41 189 10
42 189 10
43 189 10
44 189 10
45 189 10
46 189 10
47 189 10
47 188 10
47 187 10
47 186 10
48 186 10
48 185 10
48 184 10
49 184 10
50 184 11
51 184 11
52 184 11
53 184 12
54 184 15
55 184 18
56 184 25
57 184 34
58 184 46
59 184 62
60 184 82
61 184 105
62 184 127
63 184 142
64 184 145
65 184 134
66 184 111
67 184 83
68 184 59
69 184 40
70 184 28
71 184 21
72 184 17
73 184 14
74 184 13
75 184 12
76 184 11
77 184 11
78 184 11
79 184 11
79 183 11
79 182 10
80 182 10
81 182 10
82 182 10
83 182 10
83 181 10
84 181 10
84 180 10
84 179 10
85 179 10
86 179 10
86 178 10
87 178 10
88 178 10
89 178 10
90 178 10
90 177 10
90 176 10
91 176 10
91 175 10
92 175 10
93 175 10
185 47 10
184 47 10
183 47 10
182 47 11
181 47 11
180 47 11
179 47 12
178 47 12
177 47 13
177 48 14
176 48 16
175 48 18
174 48 19
174 49 21
173 49 23
172 49 24
171 49 26
171 50 27
170 50 28
169 50 29
169 51 30
168 51 31
168 52 32
167 52 34
167 53 36
166 53 37
166 54 38
165 54 39
165 55 38
165 56 37
164 56 35
164 57 33
163 57 30
163 58 28
162 58 25
162 59 23
161 59 21
161 60 19
160 60 18
160 61 16
160 62 15
160 63 14
160 64 13
160 65 12
160 66 12
160 67 11
160 68 11
160 69 10
160 70 10
160 71 10
160 72 10
160 73 10
160 74 10
160 75 10
160 76 10
160 77 10
160 78 10
160 79 10
160 80 10
160 81 10
159 81 10
158 81 10
158 82 10
157 82 11
157 83 11
156 83 11
155 83 11
155 84 11
154 84 12
154 85 12
154 86 12
153 86 13
152 86 14
152 87 14
151 87 15
150 87 16
150 88 16
149 88 16
148 88 17
148 89 17
147 89 17
146 89 17
146 90 17
145 90 17
145 91 17
144 91 17
144 92 17
143 92 17
142 92 18
141 92 19
140 92 21
139 92 23
138 92 27
137 92 33
136 92 41
135 92 51
134 92 60
133 92 68
132 92 72
131 92 71
130 92 64
129 92 54
128 92 44
127 92 36
126 92 29
125 92 25
124 92 21
123 92 18
122 92 16
121 92 14
120 92 13
119 92 12
118 92 11
117 92 11
116 92 10
115 92 10
114 92 10
113 92 10
112 92 10
111 92 10
131 5 20
131 6 25
131 7 33
131 8 45
131 9 61
131 10 77
131 11 92
131 12 104
131 13 108
131 14 104
131 15 92
131 16 76
131 17 59
131 18 45
131 19 34
131 20 26
131 21 21
131 22 18
130 22 16
130 23 15
130 24 14
130 25 14
130 26 14
130 27 14
130 28 15
130 29 16
130 30 17
130 31 19
130 32 22
130 33 24
130 34 27
130 35 29
130 36 31
130 37 34
130 38 38
130 39 43
130 40 48
130 41 55
130 42 64
130 43 76
131 43 88
131 44 104
131 45 123
132 45 141
132 46 158
132 47 172
132 48 182
132 49 185
132 50 178
132 51 163
132 52 141
132 53 117
132 54 94
132 55 75
132 56 63
132 57 56
133 57 50
134 57 48
134 58 45
135 58 44
135 59 42
136 59 41
136 60 38
137 60 35
137 61 31
138 61 27
139 61 23
140 61 20
140 62 17
141 62 15
142 62 14
143 62 13
144 62 12
145 62 12
146 62 11
147 62 11
148 62 11
149 62 11
150 62 11
151 62 11
152 62 12
153 62 12
154 62 12
155 62 12
156 62 12
157 62 13
158 62 13
159 62 14
