2 161 10
188 118 11
187 118 11
187 119 11
187 120 11
187 121 11
186 121 11
185 121 11
185 122 11
185 123 11
184 123 11
184 124 11
184 125 11
183 125 11
183 126 11
183 127 11
182 127 11
182 128 11
182 129 11
182 130 11
182 131 11
182 132 11
181 132 11
181 133 11
180 133 11
180 134 11
179 134 10
178 134 10
177 134 10
177 135 10
176 135 10
175 135 10
175 136 10
174 136 10
174 137 10
173 137 10
172 137 11
171 137 11
170 137 12
169 137 13
168 137 15
167 137 18
166 137 23
165 137 31
164 137 42
163 137 55
162 137 70
161 137 82
160 137 91
159 137 94
158 137 92
158 136 83
157 136 72
156 136 62
155 136 53
154 136 45
153 136 40
152 136 36
151 136 34
150 136 35
149 136 38
148 136 45
147 136 57
146 136 78
145 136 110
144 136 153
143 136 208
143 137 272
142 137 332
141 137 398
141 138 445
141 139 481
140 139 490
140 140 471
140 141 435
139 141 371
138 141 308
138 142 237
137 142 178
136 142 130
135 142 93
134 142 65
133 142 46
132 142 32
131 142 24
130 142 18
129 142 15
128 142 13
127 142 12
126 142 12
125 142 11
124 142 11
123 142 11
122 142 12
122 141 12
122 140 12
122 139 13
121 139 13
121 138 14
120 138 14
119 138 15
118 138 15
117 138 15
116 138 16
115 138 15
115 137 15
114 137 15
114 136 15
113 136 15
112 136 14
112 135 14
111 135 14
111 134 14
111 133 15
110 133 15
109 133 15
108 133 15
108 132 15
107 132 16
106 132 16
106 131 16
106 130 16
106 129 16
105 129 16
105 128 16
105 127 15
105 126 14
105 125 14
105 124 13
105 123 12
104 123 12
103 123 12
103 122 11
103 121 11
103 120 11
102 120 11
101 120 11
101 119 11
101 118 11
101 117 11
101 116 11
100 116 11
99 116 11
98 116 11
98 115 11
98 114 12
97 114 12
96 114 12
95 114 12
94 114 13
93 114 13
92 114 14
92 113 14
92 112 14
91 112 15
91 111 15
90 111 16
90 110 16
89 110 17
88 110 18
88 109 19
87 109 20
87 108 21
86 108 24
85 108 28
84 108 36
83 108 50
82 108 73
81 108 108
80 108 157
79 108 215
78 108 274
77 108 326
76 108 363
75 108 382
74 108 384
73 108 371
72 108 340
71 108 294
70 108 242
69 108 193
68 108 150
67 108 114
66 108 87
65 108 67
64 108 53
63 108 43
62 108 36
61 108 32
60 108 30
59 108 29
58 108 29
58 109 29
57 109 30
57 110 31
56 110 32
56 111 32
56 112 31
56 113 31
56 114 30
56 115 29
56 116 26
56 117 23
56 118 20
56 119 18
56 120 16
56 121 14
56 122 13
56 123 12
56 124 12
56 125 11
56 126 11
56 127 11
56 128 11
56 129 11
56 130 11
57 130 12
57 131 12
58 131 13
58 132 14
58 133 15
58 134 17
58 135 21
58 136 29
58 137 42
58 138 64
58 139 94
58 140 132
58 141 172
58 142 210
58 143 241
58 144 265
58 145 279
58 146 280
58 147 266
58 148 244
58 149 217
58 150 191
58 151 165
58 152 140
58 153 117
58 154 96
58 155 76
58 156 56
58 157 38
58 158 26
58 159 18
58 160 13
58 161 11
58 162 11
58 163 10
57 163 10
56 163 10
56 164 10
55 164 10
55 165 10
54 165 10
53 165 10
52 165 11
51 165 11
50 165 12
49 165 12
48 165 12
47 165 13
46 165 13
45 165 13
44 165 13
43 165 13
42 165 13
41 165 12
40 165 12
39 165 12
38 165 13
37 165 13
36 165 13
35 165 14
34 165 14
33 165 15
33 164 15
32 164 16
32 163 16
31 163 17
31 162 18
30 162 20
29 162 22
28 162 26
27 162 33
26 162 44
25 162 60
24 162 83
23 162 111
22 162 141
21 162 166
20 162 181
19 162 180
18 162 163
17 162 138
16 162 110
15 162 87
14 162 70
13 162 59
12 162 50
11 162 42
10 162 35
9 162 28
8 162 22
7 162 18
6 162 14
5 162 12
4 162 11
3 162 11
2 162 10
