156 158 11
33 35 18
33 36 16
34 36 15
35 36 14
36 36 13
37 36 13
38 36 12
39 36 11
40 36 11
41 36 11
41 37 10
41 38 10
41 39 10
41 40 10
42 40 10
42 41 10
43 41 10
43 42 10
43 43 10
44 43 10
44 44 10
45 44 10
46 44 10
47 44 10
47 45 10
48 45 10
49 45 10
50 45 10
50 46 10
51 46 10
51 47 11
51 48 11
51 49 11
51 50 12
51 51 13
52 51 14
52 52 16
53 52 18
53 53 21
53 54 25
54 54 28
54 55 30
54 56 31
55 56 31
55 57 29
55 58 26
55 59 24
55 60 22
55 61 20
55 62 18
55 63 16
55 64 15
55 65 14
55 66 14
55 67 13
55 68 13
55 69 13
55 70 13
55 71 13
55 72 13
55 73 14
55 74 14
55 75 15
55 76 17
54 76 19
54 77 21
54 78 23
54 79 26
54 80 29
53 80 32
53 81 33
53 82 35
52 82 37
52 83 37
52 84 39
52 85 42
52 86 45
52 87 50
52 88 55
52 89 59
52 90 61
52 91 60
52 92 55
52 93 47
52 94 39
52 95 31
52 96 24
52 97 19
52 98 15
52 99 13
52 100 11
52 101 11
52 102 10
52 103 10
52 104 10
52 105 10
53 105 10
54 105 10
54 106 10
54 107 10
54 108 10
55 108 10
55 109 10
55 110 10
56 110 10
57 110 10
57 111 10
58 111 10
58 112 10
58 113 10
59 113 10
59 114 10
59 115 10
59 116 10
59 117 10
59 118 10
59 119 10
60 119 10
61 119 10
61 120 10
62 120 10
63 120 10
63 121 10
64 121 10
65 121 10
66 121 10
66 122 10
67 122 10
68 122 10
69 122 10
70 122 10
71 122 10
72 122 10
72 123 10
73 123 10
74 123 11
75 123 11
76 123 11
77 123 11
78 123 11
79 123 12
80 123 12
81 123 13
82 123 14
83 123 16
84 123 19
85 123 23
86 123 30
87 123 38
88 123 48
89 123 58
90 123 65
91 123 67
92 123 63
93 123 56
94 123 46
95 123 37
96 123 30
97 123 25
97 124 22
98 124 19
98 125 17
99 125 15
100 125 14
101 125 13
101 126 12
102 126 12
103 126 11
104 126 11
104 127 11
105 127 11
106 127 10
107 127 10
108 127 10
109 127 10
110 127 10
111 127 10
112 127 10
113 127 10
114 127 10
115 127 10
116 127 10
117 127 10
118 127 10
118 128 10
118 129 10
119 129 10
119 130 10
120 130 11
121 130 11
122 130 12
123 130 14
124 130 17
125 130 23
126 130 32
127 130 47
128 130 69
129 130 97
130 130 128
131 130 157
132 130 179
133 130 191
134 130 192
135 130 185
136 130 173
137 130 160
138 130 147
139 130 138
139 131 123
140 131 110
140 132 94
141 132 79
141 133 66
142 133 52
143 133 42
143 134 33
144 134 26
145 134 21
145 135 17
145 136 15
146 136 13
147 136 12
147 137 12
147 138 11
147 139 11
147 140 11
148 140 11
148 141 10
148 142 10
148 143 10
148 144 10
148 145 10
148 146 10
148 147 10
148 148 10
148 149 10
148 150 10
148 151 10
149 151 10
150 151 10
151 151 10
151 152 10
152 152 10
153 152 10
154 152 10
155 152 10
155 153 10
155 154 10
155 155 10
155 156 10
156 156 10
156 157 11
