163 32 15
163 135 77
98 174 13
188 182 15
11 76 10
100 20 11
61 61 10
194 88 25
100 19 11
100 18 11
100 17 11
101 17 11
101 16 11
102 16 11
103 16 11
103 15 11
103 14 11
104 14 11
105 14 11
105 13 10
106 13 10
107 13 10
108 13 10
109 13 10
110 13 10
111 13 10
112 13 10
112 12 10
113 12 10
114 12 10
114 11 10
114 10 10
114 9 10
114 8 10
114 7 10
115 7 10
115 6 10
115 5 10
116 5 10
117 5 10
117 4 10
118 4 10
118 3 10
119 3 10
120 3 10
121 3 10
122 3 11
123 3 11
124 3 12
125 3 14
126 3 16
127 3 18
128 3 20
129 3 20
130 3 21
131 3 22
132 3 23
133 3 25
134 3 27
135 3 29
135 4 32
136 4 33
137 4 35
138 4 37
139 4 38
139 5 39
140 5 39
141 5 39
142 5 40
143 5 41
143 6 43
144 6 47
145 6 55
146 6 67
147 6 83
148 6 104
149 6 125
150 6 140
151 6 145
152 6 140
153 6 128
154 6 115
155 6 106
156 6 102
156 7 99
156 8 100
157 8 96
157 9 92
157 10 86
158 10 80
158 11 70
158 12 61
158 13 52
158 14 44
159 14 37
159 15 31
159 16 28
160 16 25
160 17 24
161 17 23
162 17 23
163 17 23
163 18 22
163 19 23
163 20 25
163 21 27
163 22 28
163 23 29
163 24 30
163 25 29
163 26 27
163 27 24
163 28 20
163 29 18
163 30 16
163 31 15
61 60 10
61 59 10
61 58 10
61 57 10
61 56 10
62 56 10
62 55 10
63 55 10
63 54 10
64 54 10
64 53 10
64 52 10
64 51 10
64 50 10
64 49 10
64 48 10
64 47 10
64 46 10
64 45 10
64 44 10
64 43 10
64 42 10
64 41 10
64 40 10
64 39 10
64 38 10
64 37 10
64 36 10
64 35 10
65 35 11
66 35 11
66 34 11
66 33 11
66 32 10
66 31 10
66 30 10
66 29 10
67 29 10
67 28 10
67 27 10
68 27 10
68 26 10
69 26 10
70 26 10
71 26 10
72 26 10
73 26 10
74 26 10
75 26 10
76 26 10
77 26 10
77 25 10
78 25 10
79 25 10
79 24 10
79 23 10
79 22 10
79 21 10
80 21 10
80 20 10
81 20 10
82 20 11
83 20 11
84 20 11
85 20 11
86 20 12
87 20 12
88 20 12
89 20 12
90 20 12
91 20 12
92 20 12
93 20 11
94 20 11
95 20 11
96 20 11
97 20 11
98 20 11
99 20 11
12 76 10
13 76 10
14 76 10
15 76 10
16 76 10
17 76 10
18 76 10
19 76 10
20 76 10
21 76 10
22 76 10
23 76 10
24 76 10
25 76 10
26 76 10
27 76 10
28 76 10
29 76 10
30 76 10
31 76 10
32 76 10
33 76 10
34 76 10
35 76 10
36 76 10
36 75 10
37 75 10
38 75 10
39 75 10
39 74 10
40 74 10
41 74 10
41 73 10
41 72 10
42 72 10
43 72 10
43 71 10
44 71 10
45 71 10
45 70 10
45 69 10
46 69 10
47 69 10
48 69 10
48 68 10
49 68 10
49 67 10
49 66 10
49 65 10
50 65 10
50 64 10
51 64 10
52 64 10
52 63 10
52 62 10
53 62 10
54 62 10
55 62 10
56 62 10
57 62 10
58 62 10
58 61 10
59 61 10
60 61 10
163 134 72
163 133 72
162 133 76
162 132 76
161 132 77
161 131 75
160 131 75
160 130 71
160 129 69
159 129 67
159 128 63
158 128 63
158 127 61
157 127 63
157 126 65
156 126 67
156 125 73
155 125 74
154 125 77
154 124 79
153 124 79
153 123 79
152 123 75
152 122 71
152 121 66
152 120 59
152 119 50
152 118 41
152 117 33
152 116 27
152 115 23
151 115 20
151 114 18
151 113 16
150 113 16
149 113 16
148 113 16
147 113 16
146 113 16
145 113 16
144 113 16
143 113 15
143 112 14
142 112 14
141 112 13
141 111 13
141 110 13
140 110 13
139 110 13
139 109 13
138 109 14
138 108 15
138 107 17
138 106 19
138 105 22
138 104 25
138 103 29
138 102 31
138 101 32
138 100 32
138 99 31
138 98 31
138 97 33
137 97 35
136 97 40
135 97 47
134 97 57
133 97 66
132 97 73
131 97 76
130 97 75
129 97 71
128 97 67
127 97 61
126 97 56
125 97 53
124 97 54
124 96 54
123 96 60
122 96 72
121 96 94
120 96 127
119 96 170
118 96 219
117 96 272
116 96 338
115 96 421
114 96 511
113 96 587
112 96 626
111 96 614
110 96 554
109 96 468
108 96 378
107 96 303
106 96 245
105 96 197
104 96 154
103 96 119
102 96 93
101 96 78
100 96 71
100 95 66
100 94 60
100 93 54
99 93 47
99 92 40
99 91 35
98 91 30
98 90 26
97 90 23
97 89 21
97 88 19
96 88 18
95 88 18
94 88 18
94 87 17
93 87 18
92 87 18
91 87 18
90 87 18
90 86 17
89 86 17
88 86 16
87 86 15
86 86 14
85 86 14
84 86 13
83 86 13
82 86 13
81 86 14
80 86 14
79 86 15
78 86 15
77 86 16
76 86 16
75 86 15
74 86 14
73 86 14
72 86 13
71 86 12
70 86 12
69 86 12
68 86 12
67 86 12
66 86 12
66 85 11
66 84 11
66 83 11
66 82 11
66 81 11
66 80 11
66 79 11
66 78 12
66 77 12
66 76 12
66 75 12
66 74 11
66 73 11
66 72 11
66 71 10
66 70 10
66 69 10
66 68 10
66 67 10
66 66 10
65 66 10
65 65 10
64 65 10
63 65 10
63 64 10
63 63 10
63 62 10
62 62 10
62 61 10
188 181 14
188 180 13
188 179 12
188 178 12
188 177 12
188 176 11
188 175 11
188 174 11
188 173 11
188 172 10
187 172 10
187 171 10
187 170 10
187 169 10
186 169 10
186 168 10
186 167 10
186 166 10
185 166 10
184 166 10
183 166 10
182 166 10
181 166 10
180 166 10
179 166 10
178 166 10
177 166 10
177 165 10
176 165 10
175 165 10
175 164 10
174 164 10
173 164 10
173 163 10
173 162 11
173 161 11
173 160 11
173 159 11
173 158 11
173 157 11
173 156 11
173 155 11
173 154 11
173 153 11
173 152 12
173 151 12
173 150 12
173 149 12
173 148 13
172 148 14
172 147 16
172 146 19
172 145 24
171 145 29
171 144 36
171 143 43
171 142 50
170 142 54
170 141 57
170 140 59
169 140 58
169 139 56
169 138 53
169 137 50
168 137 49
168 136 48
167 136 50
167 135 52
166 135 55
165 135 60
164 135 67
99 174 13
100 174 13
101 174 12
102 174 12
103 174 11
104 174 11
105 174 11
106 174 10
107 174 10
108 174 10
109 174 10
110 174 10
111 174 11
112 174 11
113 174 11
114 174 11
115 174 11
116 174 11
117 174 11
118 174 11
119 174 11
120 174 11
121 174 11
121 175 11
121 176 11
122 176 11
122 177 11
122 178 11
123 178 11
123 179 11
123 180 11
124 180 11
125 180 12
126 180 12
127 180 13
128 180 14
129 180 17
130 180 20
131 180 25
132 180 34
133 180 46
134 180 61
135 180 76
136 180 87
137 180 91
138 180 89
139 180 83
140 180 77
141 180 73
142 180 68
143 180 60
144 180 50
145 180 41
146 180 34
147 180 30
148 180 28
149 180 28
150 180 29
151 180 32
152 180 35
153 180 38
154 180 41
155 180 43
156 180 43
157 180 40
158 180 35
159 180 30
160 180 26
161 180 23
162 180 21
163 180 19
164 180 19
164 179 19
164 178 19
165 178 19
165 177 19
165 176 19
165 175 19
166 175 19
167 175 20
168 175 20
169 175 20
170 175 19
171 175 17
172 175 15
172 174 13
172 173 12
172 172 11
172 171 11
172 170 10
172 169 10
172 168 10
172 167 10
173 167 10
173 166 10
173 165 10
194 89 21
194 90 18
194 91 17
194 92 16
194 93 16
194 94 17
194 95 18
194 96 20
194 97 24
193 97 32
192 97 45
192 98 64
191 98 90
191 99 121
191 100 151
191 101 173
191 102 183
191 103 181
190 103 170
190 104 155
189 104 141
189 105 127
188 105 116
188 106 106
188 107 95
188 108 83
188 109 73
187 109 66
187 110 60
186 110 57
186 111 56
185 111 57
184 111 62
183 111 71
182 111 83
181 111 94
180 111 102
179 111 104
178 111 98
177 111 86
176 111 74
175 111 62
174 111 56
173 111 56
172 111 55
171 111 54
170 111 52
169 111 51
168 111 48
167 111 46
166 111 52
165 111 58
164 111 62
163 111 66
162 111 67
161 111 65
160 111 59
159 111 50
158 111 41
157 111 33
156 111 27
155 111 23
154 111 20
153 111 19
152 111 18
151 111 17
151 112 16
