164 100 10
180 188 11
44 5 14
48 103 11
185 41 31
63 186 10
128 136 23
85 158 113
175 135 19
147 68 10
41 69 11
147 69 10
147 70 10
147 71 10
147 72 10
147 73 10
147 74 10
147 75 10
147 76 10
147 77 10
147 78 10
147 79 10
147 80 10
148 80 10
149 80 10
150 80 10
151 80 10
151 81 10
152 81 10
153 81 10
153 82 10
153 83 10
153 84 10
153 85 10
153 86 10
154 86 10
154 87 10
155 87 10
156 87 10
156 88 10
157 88 10
157 89 10
157 90 10
158 90 10
158 91 10
159 91 10
159 92 10
159 93 10
159 94 10
160 94 10
161 94 10
162 94 10
162 95 10
162 96 10
163 96 10
163 97 10
163 98 10
163 99 10
163 100 10
176 135 14
177 135 12
178 135 11
179 135 10
180 135 10
180 134 10
181 134 10
181 133 10
181 132 10
181 131 10
182 131 10
182 130 10
182 129 10
182 128 11
182 127 11
182 126 11
182 125 12
182 124 12
182 123 12
182 122 12
182 121 12
182 120 12
182 119 11
182 118 11
182 117 11
182 116 11
182 115 10
182 114 10
181 114 10
181 113 10
180 113 10
180 112 10
179 112 10
179 111 10
179 110 10
178 110 10
178 109 10
177 109 10
176 109 10
176 108 10
176 107 10
175 107 10
174 107 10
173 107 10
173 106 10
173 105 10
172 105 10
171 105 10
171 104 10
170 104 10
169 104 10
168 104 10
168 103 10
167 103 10
167 102 10
166 102 10
165 102 10
165 101 10
164 101 10
185 42 27
185 43 24
185 44 22
185 45 20
184 45 19
183 45 19
182 45 19
181 45 18
180 45 18
179 45 18
178 45 17
177 45 16
176 45 15
175 45 14
174 45 13
173 45 12
172 45 11
171 45 11
170 45 11
169 45 10
169 46 10
168 46 10
168 47 10
167 47 10
167 48 10
167 49 10
167 50 10
167 51 10
166 51 10
166 52 10
166 53 10
166 54 10
165 54 10
165 55 10
164 55 10
164 56 10
163 56 10
162 56 10
162 57 10
162 58 10
161 58 10
161 59 10
160 59 10
159 59 10
158 59 10
158 60 10
158 61 10
157 61 10
157 62 10
157 63 10
157 64 10
156 64 10
155 64 10
155 65 10
154 65 10
154 66 10
153 66 10
152 66 10
151 66 10
150 66 10
150 67 10
149 67 10
149 68 10
148 68 10
42 69 10
42 68 10
42 67 10
43 67 10
43 66 10
43 65 10
44 65 10
44 64 10
44 63 10
45 63 10
45 62 10
46 62 10
46 61 10
46 60 10
47 60 10
47 59 10
48 59 10
48 58 11
48 57 11
48 56 12
48 55 13
48 54 15
48 53 19
48 52 26
48 51 36
48 50 50
48 49 65
48 48 79
48 47 87
48 46 88
48 45 80
48 44 66
48 43 50
48 42 35
48 41 25
48 40 19
48 39 15
48 38 13
48 37 11
48 36 11
48 35 10
48 34 10
48 33 10
48 32 10
48 31 10
48 30 10
48 29 10
48 28 10
48 27 10
48 26 10
48 25 10
47 25 10
47 24 10
46 24 10
46 23 10
46 22 10
46 21 10
46 20 10
46 19 10
46 18 10
46 17 10
46 16 10
46 15 10
45 15 10
45 14 10
45 13 10
45 12 11
45 11 11
45 10 11
45 9 12
45 8 12
45 7 12
45 6 12
45 5 12
48 102 11
48 101 10
48 100 10
48 99 10
48 98 10
48 97 10
48 96 10
48 95 10
48 94 10
48 93 10
48 92 10
48 91 10
48 90 11
48 89 11
48 88 11
48 87 12
48 86 12
48 85 13
48 84 13
48 83 13
48 82 12
48 81 12
48 80 11
48 79 11
48 78 11
48 77 10
48 76 10
47 76 10
46 76 10
46 75 10
46 74 10
45 74 10
45 73 10
44 73 10
44 72 10
43 72 10
42 72 10
42 71 10
42 70 10
85 157 76
85 156 52
85 155 38
85 154 30
84 154 24
83 154 19
82 154 16
81 154 13
80 154 12
79 154 11
78 154 11
78 153 10
78 152 10
78 151 10
78 150 10
78 149 10
78 148 10
77 148 10
76 148 10
76 147 10
75 147 10
74 147 10
74 146 11
73 146 11
73 145 11
73 144 12
73 143 13
73 142 14
73 141 16
73 140 18
73 139 21
73 138 24
73 137 28
72 137 33
71 137 39
71 136 45
71 135 52
70 135 60
70 134 67
70 133 74
69 133 77
68 133 80
68 132 78
68 131 77
67 131 70
67 130 65
66 130 56
65 130 50
65 129 42
64 129 37
64 128 31
64 127 27
63 127 23
62 127 21
62 126 19
61 126 17
60 126 17
59 126 16
59 125 15
58 125 15
58 124 15
57 124 15
57 123 15
56 123 16
56 122 16
55 122 18
55 121 19
54 121 22
54 120 25
53 120 30
53 119 35
52 119 42
52 118 50
52 117 61
52 116 74
52 115 89
52 114 101
52 113 107
52 112 106
52 111 97
52 110 82
52 109 64
52 108 48
52 107 35
52 106 25
52 105 19
52 104 15
52 103 13
51 103 12
50 103 12
49 103 11
63 185 10
63 184 10
63 183 10
64 183 10
64 182 10
64 181 10
65 181 10
65 180 10
66 180 10
67 180 10
67 179 10
68 179 10
69 179 10
69 178 10
69 177 11
69 176 11
69 175 12
69 174 13
69 173 15
69 172 17
69 171 21
69 170 26
69 169 33
69 168 40
69 167 45
69 166 49
69 165 50
69 164 48
69 163 43
69 162 37
69 161 31
69 160 26
69 159 21
69 158 17
69 157 15
69 156 13
69 155 12
70 155 11
71 155 11
71 154 11
72 154 10
73 154 10
74 154 10
75 154 10
76 154 10
77 154 10
128 137 27
128 138 33
128 139 39
128 140 47
128 141 54
128 142 61
128 143 67
128 144 71
128 145 72
128 146 74
128 147 76
128 148 81
129 148 85
129 149 92
130 149 98
131 149 109
132 149 124
133 149 142
134 149 162
135 149 181
136 149 196
137 149 203
138 149 197
139 149 178
140 149 149
141 149 114
142 149 80
143 149 54
144 149 35
145 149 24
146 149 17
147 149 14
148 149 13
149 149 12
150 149 12
151 149 12
151 150 12
152 150 12
152 151 13
152 152 13
152 153 14
152 154 16
152 155 18
152 156 20
153 156 24
153 157 28
153 158 33
153 159 39
154 159 46
154 160 52
154 161 57
154 162 61
154 163 61
154 164 57
154 165 50
154 166 41
154 167 32
154 168 25
154 169 19
154 170 15
154 171 13
154 172 11
155 172 11
156 172 10
157 172 10
158 172 10
159 172 10
160 172 10
161 172 10
162 172 10
163 172 10
163 173 10
163 174 10
163 175 10
164 175 10
164 176 10
165 176 10
165 177 10
166 177 10
167 177 10
167 178 10
168 178 10
168 179 10
168 180 10
169 180 10
169 181 10
170 181 10
170 182 10
171 182 10
171 183 10
172 183 10
172 184 10
173 184 10
174 184 10
174 185 10
175 185 10
175 186 10
176 186 10
176 187 10
176 188 10
177 188 10
178 188 10
179 188 11
