69 157 23
142 18 41
186 0 132
18 116 108
123 142 198
64 112 16
191 71 107
136 196 70
185 121 19
117 108 25
25 185 255
65 112 16
66 112 16
66 113 16
66 114 17
67 114 18
67 115 20
68 115 22
69 115 24
69 116 28
70 116 32
70 117 37
71 117 43
71 118 52
71 119 65
71 120 83
71 121 108
71 122 141
71 123 178
71 124 218
71 125 254
71 126 282
71 127 299
71 128 302
71 129 292
71 130 271
71 131 243
71 132 211
71 133 179
71 134 150
71 135 126
71 136 105
71 137 85
71 138 68
71 139 53
71 140 41
71 141 32
71 142 25
71 143 20
71 144 17
71 145 15
71 146 14
71 147 13
71 148 12
71 149 12
71 150 12
71 151 12
70 151 12
69 151 13
69 152 13
69 153 14
69 154 15
69 155 17
69 156 20
18 117 93
19 117 87
20 117 79
21 117 70
22 117 60
23 117 51
24 117 43
25 117 36
26 117 30
27 117 26
28 117 23
29 117 21
30 117 19
31 117 19
32 117 19
33 117 20
34 117 22
35 117 25
36 117 29
37 117 34
38 117 42
39 117 52
40 117 66
41 117 85
42 117 107
43 117 135
44 117 165
45 117 196
46 117 220
47 117 233
48 117 231
49 117 216
50 117 193
51 117 167
52 117 142
53 117 122
53 116 108
54 116 93
55 116 80
56 116 69
56 115 60
57 115 50
58 115 42
59 115 36
60 115 30
60 114 26
61 114 23
62 114 20
63 114 18
63 113 17
64 113 16
117 107 21
117 106 17
117 105 15
117 104 14
117 103 12
117 102 12
117 101 11
117 100 11
117 99 11
117 98 12
118 98 13
119 98 13
120 98 15
120 97 17
121 97 20
122 97 25
122 96 31
123 96 40
123 95 52
124 95 67
124 94 88
124 93 114
124 92 147
124 91 183
124 90 220
124 89 250
124 88 269
124 87 272
124 86 259
124 85 232
124 84 197
124 83 160
124 82 128
124 81 104
124 80 85
124 79 71
124 78 60
124 77 51
125 77 42
125 76 36
125 75 30
125 74 27
126 74 23
126 73 20
126 72 19
127 72 17
127 71 16
127 70 15
127 69 15
128 69 15
128 68 15
129 68 15
130 68 16
131 68 18
131 67 20
131 66 23
132 66 28
132 65 35
133 65 45
134 65 58
135 65 77
136 65 102
137 65 134
138 65 169
139 65 206
140 65 237
141 65 259
142 65 268
143 65 265
144 65 252
145 65 231
145 64 203
146 64 174
147 64 147
147 63 125
148 63 104
149 63 89
149 62 75
150 62 66
150 61 59
151 61 55
151 60 53
151 59 55
151 58 61
151 57 74
151 56 94
151 55 125
151 54 167
151 53 219
151 52 279
151 51 337
151 50 385
151 49 413
151 48 417
151 47 398
151 46 362
151 45 313
151 44 259
151 43 207
151 42 160
151 41 122
151 40 93
151 39 72
151 38 58
151 37 49
150 37 43
150 36 38
149 36 34
149 35 31
148 35 29
148 34 27
147 34 26
147 33 25
146 33 24
146 32 23
145 32 23
145 31 22
144 31 22
144 30 22
144 29 21
144 28 20
143 28 20
143 27 19
143 26 18
142 26 18
142 25 17
142 24 17
142 23 18
142 22 19
142 21 21
142 20 25
142 19 31
122 142 173
121 142 156
121 141 138
121 140 121
120 140 104
120 139 87
120 138 73
120 137 61
120 136 51
120 135 44
120 134 37
120 133 32
120 132 27
120 131 24
120 130 22
120 129 20
120 128 19
120 127 18
119 127 17
119 126 17
119 125 17
119 124 18
119 123 19
118 123 20
118 122 22
118 121 24
118 120 27
118 119 31
118 118 35
118 117 39
118 116 43
118 115 46
118 114 48
118 113 47
118 112 45
118 111 41
118 110 36
118 109 30
118 108 25
24 185 191
23 185 150
22 185 125
22 184 107
22 183 95
21 183 85
21 182 78
21 181 74
20 181 73
20 180 70
20 179 70
20 178 71
20 177 73
19 177 75
19 176 77
19 175 79
19 174 82
18 174 85
18 173 85
18 172 85
18 171 85
18 170 84
17 170 82
17 169 78
17 168 74
17 167 70
16 167 65
16 166 59
16 165 52
16 164 46
16 163 40
16 162 34
16 161 29
16 160 24
16 159 20
15 159 18
15 158 16
14 158 15
14 157 14
13 157 14
13 156 13
12 156 14
11 156 14
11 155 14
10 155 16
10 154 17
9 154 20
9 153 23
8 153 28
8 152 35
7 152 43
6 152 56
6 151 71
5 151 90
4 151 114
4 150 140
3 150 168
2 150 203
2 149 230
1 149 261
1 148 291
0 148 313
0 147 339
0 146 376
0 145 423
0 144 479
0 143 539
0 142 599
0 141 648
0 140 679
0 139 683
0 138 659
0 137 614
0 136 554
0 135 489
0 134 423
0 133 358
0 132 292
0 131 225
0 130 165
0 129 115
0 128 77
0 127 52
0 126 36
0 125 26
0 124 21
0 123 18
0 122 16
0 121 15
0 120 15
1 120 15
1 119 16
2 119 16
3 119 16
3 118 17
4 118 17
5 118 19
5 117 20
6 117 21
7 117 24
8 117 27
9 117 33
10 117 40
11 117 49
12 117 59
13 117 70
14 117 80
15 117 89
16 117 94
17 117 96
136 197 56
136 198 47
135 198 45
134 198 44
133 198 41
132 198 38
131 198 34
130 198 30
129 198 26
128 198 23
127 198 21
126 198 19
125 198 18
124 198 17
123 198 17
123 199 17
122 199 17
121 199 17
120 199 18
119 199 19
118 199 20
117 199 22
116 199 23
115 199 24
114 199 25
113 199 25
112 199 25
111 199 25
110 199 24
109 199 22
108 199 21
107 199 20
106 199 19
105 199 18
104 199 18
103 199 18
102 199 18
101 199 19
100 199 21
99 199 24
98 199 28
97 199 35
96 199 47
95 199 66
94 199 95
93 199 139
92 199 201
91 199 282
90 199 379
89 199 485
88 199 589
87 199 682
86 199 754
85 199 803
84 199 825
83 199 825
82 199 804
81 199 766
80 199 719
79 199 672
78 199 635
77 199 604
76 199 574
75 199 543
74 199 508
73 199 466
72 199 419
71 199 367
70 199 313
69 199 258
68 199 207
67 199 161
67 198 121
66 198 90
66 197 67
66 196 51
66 195 40
66 194 33
66 193 28
66 192 26
66 191 24
66 190 23
66 189 23
66 188 24
66 187 24
66 186 26
66 185 27
66 184 28
66 183 29
66 182 30
66 181 31
66 180 31
66 179 31
66 178 30
66 177 28
66 176 27
66 175 26
66 174 25
66 173 24
66 172 24
66 171 24
66 170 24
66 169 25
66 168 26
66 167 28
66 166 29
66 165 30
66 164 31
66 163 31
66 162 31
66 161 30
66 160 29
66 159 27
66 158 25
66 157 23
67 157 23
68 157 23
185 0 161
184 0 202
183 0 255
182 0 318
181 0 386
180 0 454
179 0 518
178 0 570
177 0 608
176 0 630
175 0 635
174 0 625
173 0 603
172 0 577
171 0 553
170 0 535
169 0 525
169 1 504
168 1 477
168 2 430
168 3 386
167 3 339
167 4 290
167 5 251
166 5 212
166 6 184
165 6 159
165 7 143
164 7 130
164 8 124
163 8 119
162 8 122
162 9 126
161 9 136
161 10 152
160 10 170
159 10 196
159 11 227
158 11 260
157 11 296
156 11 328
155 11 353
154 11 373
153 11 386
152 11 394
151 11 397
151 12 395
150 12 382
149 12 368
149 13 348
148 13 320
148 14 291
147 14 256
147 15 221
146 15 185
146 16 150
145 16 122
145 17 94
145 18 73
144 18 57
143 18 47
191 70 78
191 69 58
191 68 45
192 68 37
192 67 30
193 67 25
194 67 22
195 67 19
195 66 17
195 65 16
195 64 15
195 63 15
195 62 15
195 61 16
195 60 16
195 59 17
195 58 19
195 57 20
195 56 23
195 55 26
195 54 30
195 53 36
195 52 45
195 51 60
195 50 84
195 49 122
195 48 178
195 47 257
195 46 360
195 45 486
195 44 634
195 43 792
195 42 948
195 41 1085
195 40 1188
195 39 1246
195 38 1255
195 37 1218
195 36 1142
195 35 1040
195 34 926
195 33 813
195 32 710
194 32 610
194 31 512
193 31 430
193 30 351
193 29 288
192 29 233
192 28 186
192 27 150
191 27 120
191 26 96
191 25 79
190 25 65
190 24 56
190 23 51
190 22 48
190 21 49
190 20 53
190 19 61
190 18 74
190 17 93
190 16 121
190 15 160
190 14 208
190 13 265
190 12 323
190 11 376
190 10 417
190 9 443
190 8 448
190 7 429
190 6 389
190 5 335
190 4 276
190 3 221
190 2 174
190 1 134
190 0 103
189 0 99
188 0 103
187 0 113
186 121 17
187 121 15
188 121 14
189 121 13
190 121 13
191 121 13
192 121 13
192 120 14
192 119 17
192 118 21
192 117 27
192 116 37
192 115 51
192 114 69
192 113 90
192 112 115
192 111 139
192 110 163
192 109 186
192 108 211
192 107 243
192 106 281
192 105 325
192 104 371
192 103 416
192 102 454
192 101 478
192 100 483
192 99 467
192 98 433
192 97 385
192 96 331
192 95 277
192 94 229
192 93 189
192 92 157
192 91 135
192 90 120
192 89 112
192 88 110
192 87 115
192 86 128
192 85 149
192 84 181
192 83 224
192 82 278
192 81 336
192 80 389
192 79 424
192 78 431
192 77 408
192 76 361
192 75 298
192 74 232
192 73 172
192 72 124
192 71 88
