153 113 18
116 131 14
196 87 1058
139 4 66
16 33 15
98 99 36
133 87 12
16 81 25
18 129 315
133 88 12
133 89 12
133 90 12
133 91 12
133 92 11
133 93 11
134 93 11
135 93 11
135 94 11
135 95 11
135 96 11
135 97 11
136 97 11
137 97 12
138 97 12
139 97 11
139 98 11
139 99 11
139 100 11
139 101 11
139 102 11
139 103 11
139 104 11
140 104 11
140 105 11
140 106 11
140 107 11
140 108 11
141 108 11
142 108 12
142 109 13
143 109 14
144 109 15
145 109 16
146 109 17
146 110 17
147 110 17
147 111 17
148 111 17
149 111 17
150 111 17
151 111 16
151 112 16
152 112 16
153 112 17
116 130 14
116 129 14
116 128 14
116 127 14
116 126 13
116 125 12
116 124 11
116 123 11
116 122 11
116 121 11
117 121 11
117 120 10
118 120 10
119 120 10
120 120 10
120 119 10
121 119 10
122 119 10
122 118 10
123 118 10
124 118 11
125 118 11
126 118 11
127 118 11
128 118 11
128 117 12
128 116 12
129 116 12
129 115 12
129 114 12
129 113 12
130 113 12
131 113 12
131 112 11
132 112 11
132 111 11
133 111 11
133 110 11
134 110 10
134 109 10
135 109 10
135 108 10
136 108 10
137 108 10
138 108 11
139 108 11
99 99 32
100 99 29
101 99 25
102 99 22
103 99 19
103 100 18
104 100 16
104 101 15
104 102 15
105 102 14
106 102 14
106 103 14
106 104 14
107 104 14
107 105 14
107 106 14
107 107 13
107 108 13
107 109 12
107 110 12
107 111 11
107 112 11
107 113 11
107 114 11
107 115 11
108 115 11
109 115 11
110 115 11
111 115 11
112 115 11
112 116 11
113 116 11
113 117 11
113 118 11
113 119 11
113 120 11
113 121 11
114 121 11
115 121 11
17 81 25
18 81 25
19 81 26
20 81 27
21 81 26
22 81 25
23 81 23
24 81 20
25 81 18
26 81 16
27 81 15
28 81 14
29 81 14
29 80 13
29 79 13
29 78 13
30 78 12
30 77 12
31 77 12
32 77 12
33 77 12
34 77 13
35 77 14
36 77 15
37 77 16
38 77 17
39 77 18
40 77 20
41 77 21
42 77 22
43 77 24
44 77 27
45 77 32
46 77 38
47 77 47
48 77 58
49 77 71
50 77 85
51 77 94
52 77 98
53 77 95
54 77 88
55 77 81
56 77 77
57 77 76
57 78 74
58 78 72
59 78 70
60 78 66
61 78 63
61 79 59
62 79 57
63 79 58
63 80 61
64 80 67
64 81 77
64 82 89
64 83 105
64 84 124
65 84 142
65 85 159
65 86 175
65 87 189
66 87 199
67 87 209
68 87 217
69 87 222
70 87 231
71 87 249
72 87 280
73 87 319
74 87 360
75 87 392
76 87 406
77 87 398
78 87 369
79 87 329
80 87 286
81 87 241
82 87 192
83 87 145
84 87 108
85 87 83
86 87 75
87 87 71
88 87 66
89 87 64
89 88 67
90 88 71
91 88 74
92 88 77
93 88 79
94 88 79
95 88 76
96 88 70
97 88 63
97 89 55
98 89 47
99 89 41
100 89 37
100 90 34
100 91 33
100 92 35
100 93 37
100 94 38
100 95 38
100 96 36
100 97 34
100 98 31
16 34 15
16 35 16
16 36 17
16 37 19
16 38 19
16 39 19
16 40 17
16 41 15
16 42 14
16 43 13
16 44 12
16 45 12
17 45 12
18 45 11
18 46 11
18 47 12
18 48 12
19 48 12
19 49 13
19 50 13
19 51 14
19 52 15
19 53 15
19 54 15
19 55 15
19 56 15
19 57 16
19 58 16
19 59 16
19 60 17
19 61 17
19 62 18
19 63 18
19 64 18
19 65 18
19 66 17
19 67 15
19 68 14
19 69 14
19 70 13
19 71 13
19 72 13
19 73 13
19 74 14
19 75 16
19 76 19
19 77 23
19 78 26
19 79 28
19 80 28
18 128 301
18 127 270
18 126 233
18 125 197
18 124 168
17 124 169
16 124 163
15 124 149
14 124 127
13 124 103
12 124 82
11 124 69
10 124 62
10 123 58
10 122 58
10 121 61
10 120 67
10 119 73
10 118 78
10 117 78
10 116 73
10 115 65
10 114 56
10 113 48
10 112 40
10 111 34
10 110 30
10 109 28
10 108 28
10 107 29
10 106 32
10 105 36
10 104 41
10 103 45
10 102 49
10 101 53
10 100 57
10 99 60
10 98 63
11 98 63
11 97 61
12 97 56
12 96 52
13 96 47
13 95 43
14 95 39
15 95 37
15 94 35
15 93 36
16 93 35
16 92 37
16 91 38
16 90 38
16 89 36
16 88 32
16 87 29
16 86 26
16 85 24
16 84 23
16 83 23
16 82 23
139 5 72
139 6 75
139 7 75
139 8 74
139 9 73
139 10 73
139 11 76
138 11 83
138 12 92
137 12 103
136 12 115
135 12 130
134 12 152
134 13 178
133 13 215
133 14 255
133 15 303
133 16 359
133 17 411
133 18 445
133 19 448
133 20 419
133 21 368
133 22 313
133 23 268
133 24 238
133 25 220
133 26 203
133 27 184
133 28 166
133 29 154
133 30 158
133 31 165
133 32 192
133 33 235
133 34 291
133 35 351
133 36 407
133 37 464
133 38 537
133 39 622
133 40 704
133 41 755
133 42 755
133 43 702
133 44 611
133 45 510
133 46 421
133 47 351
133 48 294
133 49 237
133 50 184
133 51 142
133 52 113
133 53 100
133 54 92
132 54 90
132 55 82
131 55 81
131 56 74
131 57 77
131 58 81
131 59 84
131 60 87
131 61 88
131 62 84
131 63 77
131 64 66
131 65 56
131 66 46
131 67 39
131 68 34
131 69 31
131 70 29
131 71 27
131 72 27
131 73 27
131 74 27
131 75 26
131 76 24
131 77 22
131 78 19
131 79 16
131 80 15
131 81 13
131 82 12
131 83 12
131 84 11
131 85 11
131 86 11
131 87 11
132 87 12
195 87 986
195 86 889
195 85 797
195 84 725
194 84 671
194 83 630
194 82 621
193 82 625
193 81 649
192 81 692
191 81 750
190 81 826
189 81 918
188 81 1007
187 81 1060
186 81 1053
185 81 982
184 81 864
183 81 730
182 81 609
181 81 514
180 81 437
179 81 380
178 81 348
177 81 338
176 81 345
175 81 362
174 81 379
173 81 386
172 81 373
171 81 339
170 81 289
169 81 239
168 81 200
167 81 176
166 81 166
165 81 165
164 81 170
163 81 176
162 81 178
161 81 170
160 81 153
159 81 128
158 81 104
157 81 84
156 81 72
155 81 66
154 81 64
154 82 61
154 83 58
153 83 55
152 83 53
151 83 50
150 83 45
149 83 39
148 83 33
147 83 28
146 83 24
145 83 21
144 83 20
143 83 19
142 83 19
141 83 20
140 83 20
139 83 20
138 83 19
137 83 18
136 83 16
135 83 15
134 83 14
133 83 13
132 83 12
