24 21 18
102 197 15
133 73 80
176 32 16
71 88 45
32 181 29
16 133 18
184 178 29
70 88 42
69 88 41
68 88 42
67 88 43
67 87 49
67 86 53
67 85 56
67 84 57
67 83 55
67 82 50
67 81 45
67 80 40
67 79 36
67 78 34
67 77 33
67 76 33
67 75 34
67 74 35
67 73 35
67 72 34
67 71 32
67 70 29
67 69 25
67 68 21
67 67 17
67 66 15
67 65 13
67 64 12
67 63 12
67 62 11
67 61 11
66 61 11
66 60 11
65 60 11
65 59 11
64 59 12
63 59 12
62 59 12
61 59 12
60 59 12
59 59 12
58 59 13
57 59 14
56 59 15
55 59 17
54 59 20
53 59 24
52 59 30
51 59 38
50 59 47
49 59 58
48 59 69
47 59 78
46 59 85
45 59 89
44 59 91
43 59 93
42 59 96
42 58 98
41 58 102
40 58 109
40 57 116
39 57 123
38 57 132
38 56 142
37 56 152
37 55 163
36 55 174
36 54 181
36 53 188
35 53 191
35 52 192
34 52 194
34 51 193
33 51 193
33 50 192
32 50 191
32 49 190
31 49 187
31 48 184
30 48 180
30 47 175
29 47 168
29 46 161
28 46 153
28 45 143
28 44 134
28 43 123
28 42 109
28 41 94
28 40 78
28 39 63
28 38 51
28 37 41
28 36 33
28 35 27
27 35 23
27 34 20
27 33 17
26 33 16
25 33 15
25 32 14
24 32 14
24 31 13
24 30 13
24 29 14
24 28 14
24 27 15
24 26 16
24 25 16
24 24 17
24 23 18
24 22 18
17 133 15
18 133 14
19 133 13
20 133 12
21 133 12
22 133 12
23 133 12
24 133 12
25 133 12
26 133 12
27 133 12
28 133 12
29 133 12
30 133 12
31 133 12
32 133 12
33 133 11
34 133 11
35 133 11
36 133 11
37 133 11
37 132 11
38 132 11
39 132 11
40 132 11
40 131 11
41 131 11
42 131 11
43 131 11
44 131 11
45 131 10
46 131 10
47 131 10
48 131 10
49 131 10
50 131 10
51 131 10
52 131 10
52 130 10
52 129 10
53 129 10
54 129 10
54 128 10
55 128 10
56 128 11
57 128 11
58 128 11
59 128 11
59 127 11
59 126 11
60 126 11
61 126 11
61 125 11
62 125 11
62 124 11
63 124 11
63 123 11
63 122 11
63 121 12
63 120 12
63 119 12
63 118 12
63 117 12
63 116 12
63 115 12
63 114 12
63 113 12
63 112 12
63 111 11
63 110 11
63 109 11
63 108 11
63 107 11
63 106 11
64 106 11
65 106 11
66 106 12
67 106 12
67 105 12
68 105 13
68 104 13
68 103 14
69 103 14
69 102 15
69 101 16
69 100 17
69 99 18
69 98 18
69 97 19
69 96 19
69 95 19
69 94 19
69 93 20
69 92 22
69 91 25
69 90 29
69 89 34
31 181 26
30 181 24
30 180 22
29 180 21
28 180 20
28 179 19
27 179 19
27 178 18
27 177 18
26 177 18
25 177 18
25 176 17
25 175 17
25 174 17
24 174 16
23 174 16
23 173 15
23 172 15
22 172 14
22 171 14
22 170 13
22 169 13
22 168 12
22 167 12
22 166 12
22 165 11
22 164 11
22 163 11
22 162 11
22 161 12
22 160 12
22 159 12
22 158 13
22 157 13
22 156 14
22 155 14
22 154 13
22 153 13
22 152 13
22 151 12
22 150 12
22 149 11
22 148 11
22 147 10
22 146 10
22 145 10
22 144 10
22 143 10
22 142 10
22 141 10
22 140 10
22 139 11
22 138 11
22 137 11
22 136 11
22 135 12
22 134 12
133 74 71
133 75 63
133 76 56
133 77 49
133 78 43
133 79 38
133 80 33
133 81 30
133 82 27
133 83 24
133 84 22
133 85 20
133 86 18
133 87 16
133 88 15
133 89 15
132 89 15
132 90 15
131 90 15
130 90 15
129 90 15
128 90 14
127 90 14
126 90 13
126 91 13
125 91 12
124 91 12
123 91 12
123 92 12
122 92 13
122 93 13
122 94 13
122 95 14
121 95 15
120 95 16
120 96 17
119 96 18
119 97 20
118 97 21
118 98 22
118 99 23
117 99 24
116 99 26
116 100 26
115 100 27
114 100 28
114 101 28
113 101 29
112 101 30
111 101 31
110 101 32
110 102 33
109 102 35
108 102 40
107 102 47
106 102 56
105 102 66
104 102 81
103 102 111
102 102 154
101 102 211
100 102 279
99 102 348
98 102 410
97 102 464
96 102 503
95 102 512
94 102 482
93 102 420
92 102 340
91 102 258
90 102 187
89 102 134
88 102 97
87 102 73
86 102 59
85 102 50
84 102 45
83 102 42
82 102 39
81 102 36
80 102 34
79 102 31
78 102 29
77 102 26
76 102 24
75 102 21
74 102 19
73 102 18
72 102 16
71 102 16
70 102 15
176 33 15
176 34 13
176 35 12
176 36 11
176 37 11
176 38 11
176 39 11
176 40 11
176 41 11
175 41 11
174 41 12
173 41 13
172 41 15
171 41 18
170 41 22
169 41 27
168 41 34
167 41 41
166 41 47
165 41 52
164 41 53
163 41 52
162 41 49
161 41 45
160 41 42
159 41 39
158 41 38
157 41 39
156 41 41
155 41 44
154 41 48
153 41 52
152 41 59
151 41 67
150 41 77
149 41 87
148 41 95
147 41 99
146 41 98
145 41 93
144 41 85
143 41 77
142 41 70
141 41 64
140 41 61
139 41 58
138 41 55
137 41 53
136 41 52
136 42 61
136 43 70
136 44 78
136 45 85
136 46 92
136 47 98
136 48 106
136 49 116
136 50 130
136 51 149
136 52 174
136 53 202
136 54 233
136 55 267
136 56 305
136 57 342
136 58 372
136 59 389
136 60 387
136 61 365
136 62 326
136 63 278
136 64 227
136 65 181
136 66 143
136 67 113
136 68 89
136 69 72
136 70 61
136 71 54
136 72 50
136 73 48
135 73 55
134 73 66
184 177 21
184 176 17
183 176 16
182 176 15
181 176 15
180 176 15
179 176 16
178 176 16
177 176 17
176 176 17
175 176 17
174 176 17
173 176 16
172 176 16
171 176 15
170 176 14
169 176 13
168 176 13
167 176 12
166 176 12
166 177 12
165 177 12
165 178 12
165 179 12
165 180 12
164 180 12
163 180 12
163 181 13
163 182 13
162 182 14
161 182 14
161 183 15
161 184 16
160 184 17
159 184 19
159 185 21
159 186 23
159 187 26
158 187 28
157 187 33
157 188 37
156 188 43
156 189 49
155 189 58
155 190 68
154 190 80
154 191 94
153 191 108
152 191 124
152 192 140
151 192 158
151 193 175
151 194 195
150 194 209
150 195 223
150 196 237
149 196 245
149 197 253
148 197 260
148 198 264
147 198 274
147 199 276
146 199 290
145 199 318
144 199 359
143 199 411
142 199 468
141 199 523
140 199 571
139 199 616
138 199 657
137 199 689
136 199 701
135 199 686
134 199 638
133 199 560
132 199 463
131 199 363
130 199 273
129 199 201
128 199 148
127 199 110
126 199 83
125 199 63
124 199 49
123 199 40
122 199 34
121 199 30
120 199 28
119 199 26
118 199 25
117 199 23
116 199 21
115 199 19
114 199 17
113 199 15
112 199 14
111 199 13
110 199 12
109 199 11
108 199 11
107 199 11
106 199 11
105 199 11
104 199 11
103 199 12
102 199 12
102 198 14
