192 2 58
62 58 18
19 118 216
198 115 36
197 115 33
197 116 32
196 116 30
195 116 29
195 117 27
195 118 26
194 118 24
194 119 23
194 120 21
193 120 19
192 120 17
192 121 16
191 121 15
190 121 14
189 121 14
188 121 13
187 121 13
186 121 13
185 121 13
184 121 13
183 121 13
182 121 12
181 121 12
180 121 12
179 121 12
178 121 11
177 121 11
176 121 11
175 121 11
174 121 11
174 120 11
174 119 12
173 119 13
172 119 14
172 118 15
172 117 18
172 116 21
171 116 25
171 115 30
170 115 39
170 114 48
170 113 60
169 113 76
169 112 94
168 112 118
168 111 143
167 111 174
167 110 205
166 110 241
166 109 273
165 109 306
165 108 330
165 107 348
164 107 353
164 106 349
163 106 332
163 105 305
162 105 270
161 105 229
160 105 183
159 105 139
158 105 102
158 104 72
157 104 51
157 103 36
156 103 27
155 103 21
154 103 17
153 103 15
153 102 13
153 101 12
152 101 12
152 100 11
152 99 11
151 99 11
150 99 11
149 99 11
148 99 11
148 98 11
148 97 11
147 97 11
147 96 11
147 95 11
146 95 11
145 95 11
144 95 11
143 95 11
143 94 11
143 93 11
142 93 11
142 92 11
141 92 11
141 91 11
141 90 11
140 90 12
140 89 12
140 88 12
140 87 12
140 86 12
140 85 12
140 84 12
140 83 13
140 82 13
140 81 13
140 80 13
139 80 13
139 79 13
138 79 13
137 79 13
137 78 13
137 77 13
136 77 13
135 77 13
135 76 13
134 76 13
133 76 13
132 76 13
131 76 14
130 76 14
129 76 15
128 76 15
127 76 16
126 76 16
125 76 17
124 76 18
123 76 19
122 76 21
121 76 23
120 76 26
119 76 31
118 76 38
117 76 47
117 77 55
116 77 66
116 78 77
115 78 86
115 79 97
114 79 102
114 80 109
113 80 109
113 81 109
112 81 104
112 82 98
111 82 91
111 83 79
111 84 71
110 84 61
110 85 52
110 86 44
109 86 37
109 87 31
109 88 26
108 88 22
108 89 19
108 90 16
107 90 15
107 91 14
106 91 13
106 92 12
105 92 12
105 93 12
105 94 11
104 94 11
103 94 11
103 95 11
102 95 11
101 95 11
101 96 11
100 96 11
99 96 11
99 97 11
98 97 11
97 97 11
97 98 11
96 98 11
95 98 11
94 98 11
93 98 12
92 98 12
91 98 12
90 98 13
89 98 13
88 98 14
87 98 14
86 98 15
85 98 17
84 98 19
83 98 22
83 97 30
83 96 40
83 95 54
83 94 68
83 93 82
83 92 92
83 91 98
83 90 98
83 89 93
83 88 86
83 87 77
83 86 67
83 85 58
82 85 49
82 84 41
82 83 35
81 83 31
81 82 27
80 82 25
80 81 23
80 80 23
79 80 23
79 79 23
78 79 25
78 78 28
77 78 33
77 77 40
76 77 48
75 77 58
74 77 73
74 76 89
73 76 107
72 76 130
72 75 148
71 75 167
71 74 181
70 74 190
70 73 192
69 73 191
69 72 177
69 71 163
68 71 141
68 70 117
67 70 96
67 69 74
67 68 57
66 68 43
66 67 33
65 67 26
65 66 21
64 66 18
64 65 16
63 65 15
63 64 14
63 63 14
62 63 14
62 62 14
62 61 15
62 60 16
62 59 17
