172 2 10
189 199 11
40 2 10
82 41 20
159 66 10
87 135 11
104 199 10
19 35 10
103 66 10
189 130 10
83 41 17
84 41 15
85 41 14
86 41 14
86 40 14
87 40 14
87 39 14
87 38 14
87 37 14
88 37 14
89 37 14
89 36 14
89 35 14
89 34 16
89 33 19
89 32 23
89 31 28
89 30 32
89 29 34
89 28 32
89 27 28
89 26 22
89 25 17
89 24 14
89 23 12
89 22 11
89 21 11
89 20 11
89 19 11
89 18 11
88 18 11
87 18 12
86 18 12
85 18 12
84 18 13
84 17 13
84 16 14
83 16 15
82 16 16
81 16 19
81 15 23
80 15 28
79 15 36
78 15 45
77 15 54
76 15 59
75 15 56
74 15 47
73 15 37
72 15 30
71 15 25
70 15 23
70 14 21
69 14 21
68 14 21
67 14 20
66 14 20
65 14 20
64 14 19
63 14 18
62 14 15
61 14 13
60 14 12
59 14 11
58 14 10
57 14 10
56 14 10
55 14 10
54 14 10
54 13 10
53 13 10
52 13 10
52 12 10
52 11 10
52 10 10
52 9 10
52 8 10
52 7 10
51 7 10
50 7 10
50 6 10
49 6 10
48 6 10
47 6 10
46 6 10
45 6 10
44 6 10
44 5 10
44 4 10
43 4 10
43 3 10
43 2 10
42 2 10
41 2 10
102 66 10
101 66 10
101 65 10
101 64 10
101 63 10
100 63 10
100 62 10
100 61 10
100 60 10
100 59 10
100 58 10
100 57 10
99 57 10
99 56 11
99 55 11
99 54 11
99 53 11
99 52 10
99 51 10
99 50 10
98 50 10
97 50 10
96 50 10
95 50 10
95 49 10
95 48 10
94 48 11
93 48 11
92 48 11
91 48 11
90 48 10
89 48 10
88 48 10
88 47 11
88 46 11
87 46 11
86 46 11
86 45 11
86 44 12
86 43 13
86 42 14
158 66 10
158 67 10
157 67 10
156 67 10
155 67 10
154 67 10
153 67 10
152 67 10
151 67 10
150 67 10
149 67 10
148 67 10
148 68 10
147 68 10
146 68 10
145 68 10
144 68 10
143 68 10
142 68 10
142 69 10
141 69 10
141 70 10
140 70 10
139 70 11
138 70 11
137 70 11
136 70 11
135 70 11
134 70 11
133 70 11
132 70 11
131 70 11
130 70 11
129 70 12
128 70 12
127 70 12
126 70 12
125 70 12
124 70 11
123 70 11
122 70 10
121 70 10
120 70 10
119 70 10
118 70 10
117 70 10
116 70 11
115 70 11
114 70 11
113 70 11
112 70 11
111 70 11
110 70 10
110 69 10
110 68 10
109 68 10
108 68 10
108 67 10
107 67 10
107 66 10
106 66 10
105 66 10
104 66 10
87 134 11
88 134 11
89 134 11
89 133 10
89 132 10
89 131 10
90 131 10
91 131 11
92 131 11
92 130 11
92 129 11
93 129 12
94 129 13
95 129 14
96 129 16
97 129 18
98 129 20
99 129 21
100 129 22
101 129 22
102 129 22
103 129 24
104 129 27
105 129 29
106 129 35
107 129 42
108 129 47
109 129 50
110 129 49
111 129 44
112 129 36
113 129 27
114 129 21
115 129 17
116 129 15
117 129 13
118 129 13
119 129 12
120 129 12
121 129 11
122 129 11
123 129 10
124 129 10
124 128 10
125 128 10
125 127 10
125 126 10
125 125 10
125 124 10
126 124 10
127 124 10
127 123 10
128 123 10
128 122 10
129 122 10
129 121 10
129 120 10
130 120 10
131 120 10
131 119 11
131 118 11
131 117 11
131 116 11
131 115 11
131 114 11
131 113 11
131 112 11
131 111 11
131 110 11
131 109 11
131 108 11
131 107 12
131 106 12
131 105 13
131 104 14
131 103 14
131 102 13
131 101 12
131 100 12
131 99 11
131 98 11
131 97 11
131 96 10
131 95 10
131 94 11
131 93 11
131 92 11
131 91 11
131 90 10
131 89 10
131 88 10
131 87 10
131 86 10
131 85 10
131 84 10
131 83 10
131 82 10
131 81 10
131 80 10
131 79 10
131 78 10
131 77 10
131 76 10
131 75 10
131 74 10
131 73 10
131 72 10
131 71 10
104 198 10
104 197 10
104 196 10
105 196 10
105 195 11
105 194 11
105 193 12
105 192 14
105 191 17
105 190 22
105 189 27
105 188 31
105 187 34
105 186 37
105 185 41
105 184 47
105 183 56
105 182 67
105 181 75
105 180 78
105 179 75
105 178 67
105 177 58
105 176 49
105 175 42
105 174 37
105 173 33
105 172 30
105 171 28
105 170 26
105 169 23
105 168 21
105 167 18
105 166 16
105 165 14
105 164 13
105 163 12
104 163 12
104 162 12
104 161 12
104 160 12
104 159 13
104 158 15
103 158 18
103 157 22
103 156 29
103 155 38
102 155 46
102 154 51
102 153 53
102 152 54
101 152 51
101 151 46
101 150 41
101 149 36
100 149 31
100 148 27
99 148 25
99 147 23
98 147 21
97 147 20
97 146 17
96 146 16
95 146 14
94 146 13
94 145 12
94 144 11
94 143 11
94 142 11
94 141 11
93 141 11
92 141 10
91 141 10
91 140 11
91 139 11
91 138 11
91 137 11
91 136 11
91 135 11
90 135 11
89 135 11
190 130 10
190 129 10
191 129 10
191 128 10
191 127 11
191 126 11
191 125 11
191 124 11
191 123 11
191 122 11
191 121 11
191 120 11
191 119 11
191 118 11
191 117 11
191 116 11
191 115 11
191 114 11
191 113 12
191 112 12
191 111 12
191 110 12
191 109 12
191 108 12
191 107 12
191 106 12
191 105 11
191 104 11
191 103 10
191 102 10
191 101 10
191 100 10
191 99 10
191 98 10
191 97 10
191 96 10
191 95 10
191 94 10
191 93 10
191 92 10
191 91 10
191 90 11
191 89 11
191 88 12
191 87 13
191 86 14
191 85 15
190 85 17
190 84 20
189 84 23
189 83 27
188 83 32
188 82 41
187 82 53
187 81 70
187 80 90
187 79 105
187 78 108
187 77 98
187 76 84
187 75 71
186 75 58
186 74 49
185 74 42
185 73 38
184 73 36
184 72 35
184 71 37
183 71 38
183 70 40
182 70 44
182 69 48
181 69 54
180 69 60
180 68 64
179 68 64
178 68 63
178 67 57
178 66 47
177 66 37
176 66 27
175 66 20
174 66 15
173 66 13
172 66 11
171 66 11
170 66 10
169 66 10
168 66 10
167 66 10
166 66 10
165 66 10
164 66 10
163 66 10
162 66 10
161 66 10
160 66 10
18 35 10
17 35 10
16 35 10
15 35 10
14 35 10
13 35 10
12 35 10
11 35 10
10 35 10
9 35 10
8 35 10
7 35 10
6 35 10
5 35 10
4 35 10
4 34 10
4 33 11
4 32 11
4 31 11
4 30 11
3 30 11
3 29 11
3 28 12
3 27 12
3 26 13
3 25 15
3 24 17
3 23 19
3 22 22
3 21 24
3 20 26
3 19 28
3 18 31
3 17 37
3 16 48
3 15 66
3 14 93
3 13 122
3 12 144
3 11 147
3 10 134
3 9 116
3 8 99
3 7 85
3 6 74
3 5 65
3 4 57
3 3 50
3 2 44
3 1 39
3 0 35
4 0 45
5 0 58
6 0 71
7 0 82
8 0 94
9 0 108
10 0 119
11 0 119
12 0 103
13 0 78
14 0 54
15 0 35
16 0 25
17 0 18
18 0 15
19 0 12
20 0 11
21 0 11
22 0 10
23 0 10
24 0 10
25 0 10
26 0 10
27 0 10
28 0 10
29 0 10
30 0 10
31 0 10
32 0 10
33 0 10
34 0 10
35 0 10
36 0 10
37 0 10
37 1 10
37 2 10
38 2 10
39 2 10
