13 132 29
191 100 10
196 42 11
86 135 12
44 153 1878
54 197 11
48 62 15
72 31 22
85 135 12
85 134 13
85 133 13
84 133 13
84 132 13
84 131 14
84 130 15
83 130 15
83 129 16
83 128 18
82 128 19
82 127 21
81 127 23
81 126 25
80 126 27
80 125 30
79 125 33
78 125 37
77 125 43
76 125 50
75 125 58
74 125 68
73 125 80
72 125 94
71 125 113
70 125 137
69 125 170
68 125 214
67 125 270
66 125 338
65 125 414
64 125 492
63 125 563
62 125 619
61 125 652
60 125 659
59 125 644
58 125 614
57 125 575
56 125 530
55 125 480
54 125 426
53 125 370
52 125 312
51 125 256
50 125 205
49 125 160
48 125 123
47 125 95
46 125 74
46 126 58
45 126 47
45 127 38
44 127 32
43 127 28
43 128 25
42 128 23
41 128 22
40 128 22
39 128 22
38 128 23
37 128 26
36 128 31
35 128 38
34 128 47
33 128 58
32 128 71
31 128 84
30 128 108
29 128 136
28 128 163
27 128 185
26 128 198
25 128 198
24 128 185
23 128 164
22 128 139
21 128 115
20 128 93
19 128 73
18 128 56
17 128 43
16 128 32
15 128 24
14 128 19
13 128 16
13 129 17
13 130 19
13 131 23
55 197 11
56 197 11
57 197 10
58 197 10
59 197 10
60 197 10
61 197 10
62 197 10
62 196 11
63 196 11
64 196 11
64 195 11
65 195 11
66 195 11
66 194 11
66 193 11
67 193 12
68 193 12
68 192 12
69 192 12
69 191 13
70 191 13
71 191 13
72 191 13
73 191 14
74 191 14
75 191 14
75 190 14
76 190 14
76 189 14
77 189 14
77 188 13
78 188 13
78 187 13
79 187 13
79 186 12
79 185 12
80 185 12
80 184 12
80 183 12
81 183 11
81 182 11
82 182 11
83 182 11
83 181 11
83 180 11
83 179 11
83 178 11
83 177 11
83 176 11
83 175 11
84 175 11
85 175 11
86 175 11
86 174 11
86 173 11
86 172 11
86 171 11
86 170 11
86 169 12
86 168 12
86 167 13
86 166 14
86 165 16
86 164 17
86 163 18
86 162 19
86 161 19
86 160 19
86 159 18
86 158 18
86 157 17
86 156 16
86 155 15
86 154 14
86 153 14
86 152 13
86 151 13
86 150 12
86 149 12
86 148 12
86 147 12
86 146 12
86 145 12
86 144 12
86 143 12
86 142 12
86 141 12
86 140 12
86 139 12
86 138 12
86 137 12
86 136 12
73 31 20
74 31 18
75 31 17
76 31 16
77 31 15
78 31 14
79 31 13
80 31 13
81 31 13
81 32 13
82 32 13
83 32 14
83 33 14
84 33 14
84 34 15
84 35 16
85 35 16
85 36 18
85 37 19
85 38 20
85 39 21
85 40 22
85 41 23
85 42 23
85 43 23
85 44 22
85 45 21
85 46 20
85 47 18
85 48 17
85 49 16
85 50 15
85 51 14
85 52 13
85 53 12
85 54 12
85 55 11
85 56 11
85 57 11
85 58 11
85 59 10
85 60 10
85 61 10
85 62 10
85 63 10
85 64 10
85 65 11
85 66 11
85 67 11
85 68 11
85 69 11
85 70 11
85 71 11
85 72 11
85 73 11
85 74 11
85 75 11
85 76 11
85 77 11
85 78 11
85 79 12
85 80 12
85 81 13
85 82 14
85 83 16
85 84 19
85 85 24
85 86 32
85 87 45
85 88 66
85 89 99
85 90 148
85 91 214
85 92 295
85 93 385
85 94 471
85 95 543
85 96 593
85 97 616
85 98 613
85 99 590
85 100 553
84 100 506
84 101 450
83 101 393
83 102 335
82 102 283
82 103 233
82 104 194
81 104 157
81 105 131
80 105 107
80 106 90
79 106 75
79 107 64
78 107 56
78 108 49
78 109 44
78 110 41
78 111 40
78 112 39
78 113 39
78 114 39
78 115 40
78 116 40
78 117 40
78 118 40
78 119 40
78 120 39
78 121 39
78 122 39
78 123 39
78 124 38
48 61 13
49 61 15
50 61 18
51 61 24
52 61 33
53 61 46
54 61 65
55 61 89
56 61 116
57 61 143
58 61 166
59 61 181
60 61 188
61 61 188
62 61 181
63 61 170
64 61 155
65 61 138
66 61 121
67 61 103
68 61 87
69 61 73
70 61 61
71 61 50
72 61 41
73 61 33
74 61 27
75 61 21
76 61 17
77 61 15
78 61 13
79 61 12
80 61 11
81 61 11
82 61 11
83 61 11
84 61 10
195 42 11
195 43 11
194 43 10
193 43 10
192 43 10
192 44 10
191 44 10
191 45 10
190 45 11
189 45 11
189 46 11
189 47 11
189 48 11
188 48 12
187 48 13
186 48 14
185 48 17
184 48 20
183 48 27
182 48 36
181 48 50
180 48 67
179 48 88
178 48 110
177 48 130
176 48 145
175 48 155
174 48 160
173 48 162
172 48 164
171 48 165
170 48 165
169 48 162
168 48 155
167 48 142
166 48 125
165 48 106
164 48 87
163 48 71
162 48 57
161 48 47
160 48 39
159 48 34
158 48 29
157 48 26
156 48 24
155 48 22
154 48 20
153 48 19
152 48 18
151 48 17
150 48 16
149 48 16
148 48 15
147 48 15
146 48 14
145 48 14
145 49 14
144 49 14
143 49 14
142 49 14
141 49 14
141 50 14
141 51 14
140 51 14
139 51 14
139 52 14
138 52 14
138 53 14
137 53 14
136 53 15
136 54 15
136 55 16
135 55 16
135 56 17
135 57 17
135 58 18
134 58 18
133 58 18
133 59 19
133 60 19
132 60 19
132 61 20
132 62 20
131 62 21
131 63 22
131 64 23
130 64 24
130 65 26
129 65 28
129 66 31
129 67 34
129 68 38
128 68 42
128 69 48
128 70 55
127 70 64
127 71 74
126 71 89
126 72 104
126 73 126
125 73 149
125 74 178
124 74 211
124 75 247
123 75 286
123 76 323
122 76 361
122 77 388
122 78 411
121 78 422
121 79 420
120 79 408
120 80 380
119 80 345
119 81 300
119 82 254
118 82 206
117 82 162
117 83 123
116 83 91
115 83 67
115 84 48
114 84 35
113 84 27
112 84 22
111 84 19
110 84 17
109 84 16
108 84 15
107 84 15
106 84 15
105 84 14
104 84 14
103 84 14
102 84 14
101 84 14
100 84 13
99 84 13
98 84 12
97 84 12
96 84 12
95 84 11
94 84 11
93 84 11
92 84 11
91 84 11
90 84 11
89 84 12
88 84 12
87 84 13
86 84 15
191 99 10
191 98 10
191 97 10
191 96 10
191 95 10
191 94 10
191 93 10
191 92 10
191 91 10
191 90 10
191 89 10
191 88 10
192 88 10
193 88 10
193 87 10
193 86 10
193 85 10
194 85 10
194 84 10
195 84 10
196 84 10
197 84 10
198 84 10
198 83 10
199 83 10
199 82 11
199 81 12
199 80 13
199 79 14
199 78 17
199 77 20
199 76 25
199 75 30
199 74 36
199 73 43
199 72 51
199 71 61
199 70 76
199 69 95
199 68 120
199 67 151
199 66 186
199 65 221
199 64 251
199 63 267
199 62 264
199 61 242
199 60 205
199 59 161
199 58 119
199 57 83
199 56 57
199 55 39
199 54 28
199 53 21
199 52 17
198 52 15
198 51 13
198 50 12
197 50 12
197 49 11
196 49 11
196 48 11
195 48 11
195 47 10
195 46 10
195 45 10
195 44 10
44 152 1783
44 151 1660
44 150 1510
44 149 1334
44 148 1142
44 147 943
44 146 752
44 145 580
44 144 436
44 143 322
44 142 236
44 141 174
44 140 130
44 139 98
44 138 76
44 137 59
44 136 47
44 135 38
44 134 32
44 133 28
43 133 25
43 132 23
43 131 22
43 130 22
43 129 23
