173 10 25
70 40 40
182 180 12
182 181 12
182 182 12
182 183 12
182 184 13
182 185 13
182 186 13
182 187 13
182 188 12
182 189 12
182 190 12
182 191 12
182 192 13
181 192 13
180 192 13
180 193 14
179 193 15
179 194 16
178 194 17
178 195 18
178 196 19
177 196 20
177 197 21
176 197 22
175 197 23
174 197 23
173 197 24
172 197 25
171 197 25
170 197 27
169 197 30
168 197 36
167 197 49
166 197 72
165 197 110
164 197 166
163 197 238
162 197 315
161 197 381
160 197 421
159 197 437
158 197 439
157 197 439
156 197 439
155 197 440
154 197 442
154 198 423
153 198 398
152 198 373
151 198 348
150 198 323
149 198 296
148 198 267
147 198 237
146 198 208
145 198 181
144 198 159
143 198 145
142 198 139
141 198 146
141 197 156
140 197 169
140 196 177
140 195 191
139 195 201
139 194 209
139 193 216
139 192 219
138 192 213
138 191 203
138 190 197
137 190 184
137 189 177
136 189 169
136 188 166
135 188 162
134 188 165
133 188 169
132 188 169
131 188 163
130 188 151
129 188 136
128 188 120
128 187 106
127 187 92
126 187 82
126 186 75
125 186 69
125 185 65
124 185 63
124 184 60
124 183 58
124 182 55
123 182 54
123 181 51
123 180 49
123 179 47
122 179 44
122 178 40
121 178 36
121 177 32
120 177 28
119 177 24
118 177 21
117 177 18
116 177 16
115 177 15
114 177 14
113 177 13
112 177 13
111 177 13
111 176 13
110 176 13
110 175 13
109 175 13
109 174 13
109 173 13
109 172 12
109 171 12
109 170 12
109 169 12
109 168 11
109 167 11
109 166 11
109 165 11
108 165 11
108 164 11
108 163 11
108 162 12
108 161 12
108 160 12
108 159 12
108 158 11
108 157 11
108 156 11
108 155 11
108 154 11
108 153 11
108 152 11
108 151 12
108 150 12
108 149 13
108 148 13
108 147 13
108 146 13
108 145 12
108 144 12
108 143 12
108 142 12
108 141 12
108 140 12
108 139 12
108 138 12
108 137 12
108 136 12
108 135 12
108 134 12
108 133 12
108 132 11
108 131 11
108 130 11
107 130 11
106 130 11
106 129 11
106 128 11
106 127 11
106 126 11
106 125 12
106 124 12
106 123 12
106 122 13
106 121 13
106 120 13
106 119 13
106 118 13
106 117 13
106 116 13
106 115 14
106 114 15
106 113 17
106 112 21
106 111 26
106 110 32
106 109 38
106 108 44
106 107 49
106 106 52
106 105 51
106 104 48
106 103 43
106 102 37
106 101 32
106 100 28
106 99 25
106 98 23
106 97 22
106 96 21
106 95 20
106 94 18
106 93 17
106 92 15
106 91 13
106 90 12
106 89 11
106 88 11
106 87 10
106 86 10
106 85 10
106 84 10
105 84 10
105 83 10
105 82 10
104 82 10
103 82 10
103 81 10
103 80 10
102 80 10
101 80 11
100 80 11
99 80 11
98 80 11
97 80 11
96 80 11
95 80 11
94 80 11
94 79 11
93 79 11
93 78 10
92 78 10
92 77 10
91 77 10
90 77 10
89 77 10
89 76 10
88 76 10
88 75 10
87 75 11
86 75 11
86 74 11
85 74 11
85 73 11
84 73 11
83 73 11
82 73 12
81 73 11
80 73 11
79 73 11
78 73 11
78 72 11
78 71 11
77 71 11
76 71 10
75 71 10
75 70 10
75 69 10
75 68 10
74 68 10
74 67 10
74 66 11
74 65 11
74 64 11
74 63 11
74 62 11
74 61 11
74 60 11
74 59 11
74 58 11
74 57 11
74 56 11
74 55 11
74 54 11
74 53 11
73 53 11
72 53 11
71 53 11
71 52 11
70 52 11
70 51 12
70 50 12
70 49 13
70 48 15
70 47 18
70 46 21
70 45 25
70 44 30
70 43 34
70 42 37
70 41 39
