104 126 15
134 79 14
112 185 22
57 95 11
199 106 127
160 150 16
161 150 14
161 151 15
161 152 18
161 153 23
161 154 31
161 155 45
161 156 65
161 157 91
161 158 119
161 159 143
161 160 159
161 161 163
161 162 156
161 163 143
161 164 132
160 164 117
160 165 102
159 165 86
159 166 71
158 166 56
158 167 45
157 167 36
157 168 30
156 168 26
156 169 24
155 169 23
155 170 23
155 171 25
155 172 27
155 173 30
154 173 36
153 173 47
152 173 68
151 173 105
150 173 163
149 173 236
148 173 307
147 173 355
146 173 369
145 173 355
144 173 327
143 173 291
142 173 247
141 173 205
140 173 171
139 173 144
138 173 122
137 173 102
136 173 83
135 173 63
134 173 45
133 173 32
132 173 23
131 173 17
130 173 14
130 174 13
129 174 12
128 174 11
127 174 11
127 175 11
126 175 11
126 176 10
125 176 10
125 177 10
125 178 10
125 179 10
124 179 10
123 179 10
122 179 11
122 180 11
121 180 11
120 180 11
119 180 11
118 180 11
117 180 12
116 180 12
115 180 12
114 180 12
114 181 12
113 181 13
113 182 13
112 182 14
112 183 15
112 184 18
199 105 67
199 104 36
199 103 22
199 102 16
199 101 14
199 100 12
199 99 12
199 98 12
199 97 12
198 97 12
198 96 12
197 96 12
197 95 12
196 95 12
196 94 12
196 93 12
195 93 12
195 92 12
195 91 12
195 90 11
194 90 11
193 90 11
192 90 11
192 89 10
192 88 10
192 87 10
191 87 10
191 86 11
191 85 11
190 85 11
189 85 11
189 84 11
188 84 12
188 83 12
188 82 12
187 82 13
187 81 13
187 80 13
187 79 14
186 79 15
186 78 16
185 78 18
184 78 22
183 78 27
182 78 34
181 78 42
180 78 50
179 78 57
178 78 64
178 77 71
177 77 76
176 77 84
176 76 91
175 76 98
174 76 114
174 75 126
173 75 156
173 74 183
173 73 225
173 72 272
173 71 315
173 70 343
173 69 355
173 68 354
173 67 344
173 66 333
173 65 325
173 64 321
173 63 318
173 62 306
173 61 279
173 60 239
173 59 194
173 58 150
173 57 114
173 56 86
173 55 64
173 54 49
173 53 38
173 52 31
173 51 26
173 50 23
173 49 22
173 48 21
172 48 21
171 48 20
170 48 18
169 48 17
168 48 15
167 48 14
167 47 14
166 47 14
165 47 14
164 47 14
163 47 15
163 46 16
162 46 18
161 46 22
160 46 31
159 46 45
158 46 62
157 46 77
156 46 79
155 46 67
154 46 49
153 46 34
152 46 24
151 46 17
150 46 13
149 46 11
148 46 11
147 46 10
146 46 10
146 47 10
146 48 10
145 48 10
144 48 10
144 49 11
144 50 11
144 51 13
144 52 16
144 53 22
144 54 35
144 55 59
144 56 96
144 57 140
144 58 183
144 59 217
144 60 237
144 61 245
144 62 245
144 63 237
144 64 212
144 65 176
144 66 139
144 67 109
144 68 89
144 69 76
143 69 68
143 70 59
143 71 53
142 71 46
142 72 40
142 73 34
142 74 29
141 74 25
141 75 21
141 76 18
140 76 16
140 77 14
139 77 13
139 78 12
138 78 12
138 79 11
137 79 11
136 79 12
135 79 12
