7 182 12
181 30 18
192 78 234
8 47 12
196 133 10
68 28 17
47 137 11
119 32 15
46 137 10
45 137 10
44 137 10
44 138 10
44 139 10
44 140 11
44 141 11
44 142 11
44 143 11
44 144 11
44 145 12
44 146 13
44 147 16
44 148 22
44 149 37
44 150 66
44 151 113
44 152 183
44 153 284
44 154 403
44 155 498
44 156 522
44 157 459
44 158 342
44 159 220
44 160 130
44 161 74
44 162 41
44 163 24
44 164 16
44 165 13
44 166 12
44 167 11
44 168 11
43 168 11
43 169 11
43 170 11
43 171 11
43 172 11
42 172 12
41 172 13
40 172 14
39 172 16
38 172 18
37 172 21
36 172 24
35 172 29
34 172 36
33 172 42
32 172 47
31 172 55
30 172 68
29 172 93
28 172 135
27 172 196
26 172 265
25 172 323
24 172 360
23 172 387
22 172 400
21 172 384
20 172 330
19 172 248
18 172 163
17 172 99
16 172 60
15 172 39
14 172 29
13 172 22
12 172 18
11 172 16
11 173 14
10 173 13
10 174 12
10 175 12
10 176 12
9 176 11
8 176 11
8 177 11
8 178 11
7 178 11
7 179 11
7 180 11
7 181 12
119 33 14
119 34 13
119 35 12
119 36 12
119 37 12
119 38 11
119 39 11
119 40 11
119 41 10
119 42 10
119 43 10
119 44 10
119 45 10
118 45 10
118 46 10
118 47 10
118 48 10
117 48 10
117 49 10
117 50 10
117 51 10
116 51 10
116 52 10
116 53 10
115 53 10
115 54 10
115 55 10
114 55 10
114 56 11
114 57 11
114 58 12
114 59 14
114 60 19
114 61 30
114 62 51
114 63 85
114 64 124
114 65 158
114 66 179
114 67 188
114 68 190
114 69 190
114 70 188
114 71 170
114 72 138
114 73 103
114 74 76
114 75 58
114 76 47
114 77 41
114 78 36
114 79 32
114 80 28
114 81 25
114 82 21
114 83 18
114 84 16
114 85 15
115 85 14
115 86 13
116 86 13
116 87 12
117 87 12
118 87 12
118 88 12
118 89 12
118 90 13
118 91 15
118 92 18
118 93 22
118 94 28
118 95 34
118 96 37
118 97 37
118 98 35
118 99 32
118 100 31
118 101 30
118 102 30
117 102 29
117 103 29
116 103 29
115 103 30
115 104 30
114 104 30
114 105 30
114 106 31
114 107 31
114 108 30
114 109 27
114 110 24
114 111 22
114 112 21
113 112 20
113 113 19
112 113 21
111 113 26
110 113 36
109 113 52
108 113 73
107 113 95
106 113 112
105 113 124
104 113 130
103 113 130
102 113 130
101 113 135
100 113 148
99 113 169
98 113 193
97 113 212
96 113 218
95 113 215
94 113 204
93 113 182
92 113 153
91 113 125
90 113 104
89 113 93
89 112 119
89 111 148
89 110 174
89 109 197
89 108 219
89 107 233
89 106 225
89 105 193
89 104 145
89 103 98
89 102 65
89 101 44
89 100 33
89 99 26
89 98 23
88 98 20
88 97 19
87 97 18
86 97 20
85 97 24
84 97 32
83 97 49
82 97 80
81 97 127
80 97 183
79 97 232
78 97 260
77 97 264
76 97 251
75 97 225
74 97 195
73 97 171
72 97 153
71 97 138
70 97 122
69 97 104
68 97 83
67 97 62
66 97 45
65 97 33
64 97 26
63 97 22
62 97 20
61 97 20
61 98 21
60 98 23
60 99 26
59 99 32
59 100 36
59 101 45
58 101 55
57 101 74
56 101 102
55 101 136
54 101 171
53 101 195
52 101 197
51 101 177
50 101 145
49 101 112
48 101 85
48 102 92
48 103 96
48 104 97
48 105 97
48 106 98
48 107 101
48 108 108
48 109 121
48 110 139
48 111 158
48 112 175
48 113 189
48 114 192
48 115 178
48 116 148
48 117 114
48 118 82
48 119 57
48 120 39
48 121 27
48 122 20
48 123 16
48 124 14
48 125 12
48 126 12
48 127 11
48 128 11
48 129 11
48 130 10
47 130 10
47 131 10
47 132 10
47 133 10
47 134 10
47 135 10
47 136 10
181 29 14
181 28 12
180 28 13
179 28 13
178 28 14
177 28 14
176 28 15
175 28 15
174 28 16
173 28 19
172 28 24
172 29 31
172 30 41
171 30 54
171 31 64
171 32 76
170 32 86
170 33 88
170 34 92
169 34 88
169 35 85
168 35 87
168 36 84
168 37 84
168 38 86
168 39 85
168 40 83
168 41 78
168 42 69
168 43 57
168 44 46
167 44 35
167 45 26
166 45 21
166 46 17
165 46 15
165 47 13
164 47 13
164 48 12
163 48 12
163 49 12
162 49 12
162 50 12
161 50 12
161 51 12
161 52 11
160 52 11
159 52 11
158 52 11
158 53 11
158 54 11
157 54 11
156 54 10
155 54 10
155 55 10
154 55 10
153 55 10
153 56 10
153 57 10
152 57 10
152 58 10
151 58 10
150 58 10
149 58 10
148 58 10
148 59 10
147 59 10
146 59 11
145 59 11
144 59 11
143 59 12
142 59 12
141 59 13
140 59 15
139 59 17
138 59 22
137 59 30
136 59 46
135 59 71
134 59 100
133 59 128
132 59 149
131 59 158
130 59 158
129 59 153
128 59 149
127 59 148
126 59 145
125 59 136
124 59 112
123 59 81
122 59 52
121 59 33
120 59 22
119 59 17
118 59 14
117 59 13
116 59 13
115 59 13
193 78 129
194 78 79
195 78 54
195 77 40
195 76 29
196 76 22
196 75 18
196 74 16
196 73 15
196 72 15
196 71 14
196 70 14
196 69 14
196 68 13
196 67 13
196 66 12
196 65 12
196 64 11
196 63 11
196 62 11
196 61 11
196 60 12
196 59 12
196 58 14
196 57 18
196 56 24
196 55 32
196 54 41
196 53 46
196 52 46
196 51 44
196 50 40
196 49 36
196 48 32
196 47 29
196 46 27
196 45 26
196 44 24
196 43 22
196 42 19
196 41 16
196 40 13
196 39 12
196 38 11
196 37 10
196 36 10
196 35 10
196 34 10
196 33 10
196 32 10
196 31 10
196 30 10
196 29 10
195 29 10
194 29 10
193 29 11
192 29 11
191 29 11
190 29 12
189 29 12
188 29 12
187 29 12
186 29 12
185 29 12
184 29 12
183 29 12
182 29 13
196 132 10
196 131 10
196 130 10
196 129 10
196 128 10
195 128 10
194 128 10
194 127 10
193 127 10
193 126 11
193 125 11
193 124 12
193 123 14
193 122 20
193 121 33
193 120 58
193 119 102
193 118 163
193 117 231
193 116 289
193 115 321
193 114 318
193 113 292
193 112 258
193 111 227
193 110 194
193 109 160
193 108 134
193 107 117
194 107 97
194 106 82
194 105 69
194 104 55
194 103 41
194 102 29
194 101 20
194 100 15
194 99 13
194 98 12
195 98 11
196 98 11
197 98 10
197 97 10
197 96 10
197 95 10
198 95 10
198 94 10
198 93 11
198 92 11
198 91 12
198 90 12
198 89 12
198 88 13
198 87 15
198 86 19
198 85 27
198 84 38
198 83 50
198 82 58
198 81 57
198 80 49
198 79 38
198 78 29
198 77 21
198 76 17
197 76 19
69 28 16
70 28 15
71 28 14
72 28 13
73 28 12
74 28 12
75 28 12
76 28 13
77 28 13
78 28 14
79 28 15
80 28 16
81 28 16
82 28 15
83 28 14
84 28 13
85 28 13
85 29 12
86 29 12
86 30 12
87 30 11
87 31 11
87 32 11
88 32 11
89 32 12
89 33 12
89 34 13
89 35 14
90 35 17
90 36 22
90 37 30
91 37 43
91 38 61
91 39 87
92 39 121
92 40 164
93 40 212
93 41 260
93 42 296
93 43 316
93 44 325
94 44 316
94 45 310
95 45 303
96 45 303
97 45 304
98 45 304
99 45 293
100 45 264
101 45 216
102 45 159
103 45 108
104 45 70
105 45 45
106 45 30
107 45 21
108 45 16
109 45 14
110 45 13
111 45 12
112 45 11
113 45 11
114 45 11
115 45 10
116 45 10
117 45 10
9 47 11
9 48 11
9 49 10
10 49 10
10 50 10
11 50 10
12 50 10
13 50 10
14 50 10
15 50 11
16 50 11
17 50 13
18 50 15
19 50 20
20 50 24
21 50 28
22 50 29
23 50 27
24 50 25
25 50 23
26 50 20
27 50 18
28 50 17
29 50 16
30 50 15
31 50 14
32 50 13
33 50 12
34 50 11
35 50 10
36 50 10
36 49 10
37 49 10
38 49 10
39 49 10
39 48 10
39 47 10
39 46 10
39 45 10
40 45 10
41 45 10
41 44 10
42 44 10
42 43 10
43 43 10
43 42 11
43 41 11
43 40 11
43 39 11
43 38 12
43 37 12
43 36 12
43 35 11
44 35 11
45 35 11
45 34 11
45 33 11
45 32 11
45 31 11
46 31 11
46 30 11
47 30 11
48 30 11
49 30 12
49 29 12
50 29 12
51 29 13
52 29 12
53 29 12
54 29 12
54 28 11
55 28 11
56 28 11
57 28 11
58 28 11
59 28 11
60 28 11
61 28 11
62 28 11
63 28 12
64 28 13
65 28 15
66 28 16
67 28 17
