156 199 11
20 192 10
19 59 10
113 17 21
160 80 10
118 71 14
66 53 89
87 157 10
198 14 16
161 80 10
162 80 10
163 80 10
164 80 10
164 81 10
165 81 10
166 81 10
167 81 10
167 82 11
167 83 11
167 84 11
167 85 12
167 86 12
167 87 12
167 88 12
167 89 13
167 90 13
167 91 13
167 92 14
167 93 14
167 94 14
167 95 15
167 96 16
167 97 17
167 98 19
167 99 23
167 100 30
167 101 39
167 102 51
167 103 63
167 104 75
167 105 89
167 106 106
167 107 123
167 108 134
167 109 134
167 110 120
167 111 98
167 112 73
167 113 53
167 114 38
167 115 28
167 116 22
167 117 18
166 117 16
166 118 14
165 118 14
165 119 13
165 120 13
165 121 12
165 122 12
165 123 12
165 124 12
165 125 11
165 126 11
165 127 11
164 127 11
164 128 10
163 128 10
162 128 10
161 128 10
160 128 10
159 128 10
158 128 10
157 128 10
156 128 10
156 129 10
155 129 10
155 130 10
155 131 10
155 132 10
154 132 10
153 132 10
152 132 10
152 133 10
151 133 10
151 134 10
151 135 10
150 135 10
150 136 10
150 137 10
149 137 10
149 138 10
149 139 10
149 140 10
149 141 10
149 142 10
149 143 10
148 143 10
148 144 10
147 144 10
146 144 10
146 145 10
145 145 10
144 145 10
144 146 11
143 146 11
142 146 12
141 146 13
141 147 17
141 148 26
141 149 43
141 150 72
141 151 120
141 152 186
141 153 263
141 154 338
141 155 400
141 156 450
141 157 493
140 157 536
140 158 557
139 158 584
139 159 598
139 160 640
139 161 712
139 162 799
139 163 867
139 164 883
139 165 834
139 166 729
139 167 595
139 168 460
139 169 346
139 170 260
139 171 203
139 172 167
139 173 146
139 174 130
139 175 119
139 176 113
139 177 108
139 178 99
139 179 86
139 180 67
139 181 48
139 182 33
139 183 23
139 184 17
139 185 14
139 186 12
139 187 11
139 188 11
139 189 10
139 190 10
140 190 10
141 190 10
141 191 10
142 191 10
142 192 10
143 192 10
143 193 10
144 193 10
145 193 10
145 194 10
145 195 10
146 195 10
147 195 10
147 196 10
147 197 10
147 198 10
148 198 10
149 198 10
150 198 10
151 198 10
152 198 10
152 199 10
153 199 10
154 199 11
155 199 11
119 71 13
120 71 12
121 71 11
122 71 11
123 71 11
124 71 10
125 71 10
126 71 10
127 71 10
128 71 10
129 71 10
130 71 10
131 71 10
132 71 10
133 71 10
134 71 10
135 71 10
136 71 10
137 71 10
138 71 10
139 71 10
140 71 10
141 71 10
142 71 10
143 71 10
144 71 10
145 71 10
146 71 10
147 71 10
148 71 10
149 71 10
150 71 10
151 71 10
152 71 10
153 71 10
154 71 10
155 71 10
155 72 10
155 73 10
155 74 10
155 75 10
155 76 10
156 76 10
157 76 10
158 76 10
158 77 10
159 77 10
159 78 10
159 79 10
159 80 10
86 157 10
85 157 10
84 157 10
83 157 10
82 157 10
82 156 10
82 155 10
82 154 10
82 153 10
82 152 10
82 151 10
82 150 10
81 150 10
81 149 10
80 149 10
80 148 10
79 148 10
78 148 10
78 147 10
77 147 10
76 147 10
75 147 10
74 147 10
73 147 10
72 147 10
72 146 10
72 145 10
72 144 11
72 143 11
72 142 11
72 141 10
72 140 10
72 139 10
72 138 10
72 137 10
72 136 10
72 135 11
72 134 11
72 133 11
72 132 12
72 131 12
72 130 13
72 129 13
72 128 13
72 127 12
72 126 12
72 125 11
72 124 11
72 123 11
72 122 11
72 121 11
72 120 11
72 119 11
72 118 11
72 117 11
72 116 11
72 115 12
72 114 12
72 113 12
72 112 12
72 111 12
72 110 11
72 109 11
73 109 11
74 109 11
75 109 11
76 109 11
77 109 11
78 109 11
79 109 11
80 109 11
81 109 11
81 108 11
82 108 12
83 108 13
84 108 14
85 108 17
86 108 22
87 108 29
88 108 37
89 108 44
90 108 49
91 108 51
92 108 51
93 108 50
94 108 49
95 108 45
96 108 42
96 107 42
97 107 42
98 107 44
99 107 46
100 107 48
101 107 48
102 107 48
103 107 57
104 107 69
105 107 80
106 107 90
107 107 96
108 107 95
109 107 86
110 107 73
111 107 60
112 107 50
113 107 43
114 107 40
114 106 44
114 105 48
114 104 53
114 103 55
114 102 59
114 101 65
114 100 73
114 99 81
114 98 85
114 97 82
114 96 72
114 95 58
114 94 44
114 93 33
114 92 26
114 91 21
114 90 18
114 89 15
114 88 13
114 87 12
115 87 11
116 87 11
117 87 10
117 86 10
117 85 10
117 84 10
117 83 10
118 83 10
118 82 10
118 81 10
118 80 10
118 79 10
118 78 10
118 77 11
118 76 11
118 75 12
118 74 12
118 73 13
118 72 13
20 59 10
21 59 10
22 59 10
23 59 10
24 59 10
25 59 10
25 60 10
25 61 10
25 62 10
26 62 10
27 62 10
27 63 10
27 64 10
27 65 10
27 66 10
28 66 10
29 66 10
29 67 11
29 68 11
29 69 11
30 69 11
30 70 11
30 71 12
30 72 12
30 73 14
30 74 15
30 75 18
30 76 21
30 77 24
30 78 27
30 79 30
30 80 33
30 81 35
30 82 36
30 83 37
30 84 38
30 85 39
30 86 40
30 87 42
30 88 44
30 89 45
30 90 44
30 91 41
30 92 38
30 93 33
30 94 29
30 95 25
30 96 21
30 97 19
30 98 17
30 99 16
30 100 15
31 100 14
32 100 14
32 101 13
32 102 12
32 103 12
33 103 12
33 104 11
33 105 11
33 106 11
33 107 11
33 108 11
33 109 11
33 110 11
33 111 10
34 111 10
35 111 10
36 111 10
37 111 11
38 111 11
39 111 11
40 111 11
41 111 11
42 111 11
43 111 11
44 111 10
45 111 10
46 111 10
47 111 10
48 111 10
49 111 10
50 111 10
51 111 10
52 111 10
53 111 10
54 111 10
55 111 10
56 111 11
57 111 11
58 111 11
59 111 11
60 111 11
61 111 11
62 111 11
63 111 11
64 111 11
65 111 10
66 111 10
67 111 10
68 111 10
69 111 10
70 111 11
71 111 11
21 192 10
22 192 10
23 192 10
24 192 10
25 192 10
26 192 10
27 192 10
28 192 10
29 192 10
30 192 10
31 192 10
32 192 11
33 192 11
34 192 11
35 192 12
36 192 12
37 192 13
38 192 13
39 192 12
40 192 12
41 192 12
42 192 13
43 192 13
44 192 14
45 192 17
46 192 20
47 192 25
48 192 32
49 192 40
50 192 47
51 192 51
52 192 52
53 192 50
54 192 46
55 192 42
56 192 39
57 192 38
58 192 38
58 191 39
59 191 37
60 191 37
60 190 38
61 190 37
62 190 38
63 190 40
64 190 42
65 190 43
66 190 42
67 190 39
68 190 35
69 190 30
70 190 26
71 190 23
72 190 21
72 189 22
72 188 24
72 187 26
72 186 28
72 185 28
72 184 28
72 183 27
72 182 25
72 181 23
72 180 20
72 179 17
72 178 15
72 177 14
72 176 13
72 175 13
72 174 12
72 173 12
72 172 12
72 171 11
72 170 11
72 169 10
72 168 10
72 167 10
72 166 10
72 165 10
72 164 10
72 163 10
72 162 10
72 161 10
72 160 10
72 159 10
72 158 10
72 157 10
72 156 10
72 155 10
72 154 10
72 153 10
72 152 10
72 151 10
72 150 10
72 149 10
72 148 10
65 53 81
64 53 71
63 53 64
62 53 61
62 54 62
61 54 65
61 55 70
61 56 81
61 57 96
61 58 113
61 59 126
61 60 135
61 61 139
60 61 150
59 61 171
58 61 200
57 61 232
56 61 264
55 61 288
54 61 294
53 61 277
52 61 239
51 61 191
50 61 144
49 61 106
48 61 80
47 61 62
46 61 49
45 61 39
44 61 30
43 61 24
42 61 20
41 61 17
40 61 15
39 61 14
38 61 13
37 61 12
36 61 12
35 61 11
34 61 11
33 61 11
32 61 10
31 61 10
30 61 10
29 61 10
29 62 10
28 62 10
112 17 18
111 17 16
110 17 14
109 17 13
108 17 12
107 17 11
106 17 11
105 17 10
104 17 10
103 17 10
102 17 10
101 17 10
100 17 10
99 17 10
99 18 10
98 18 10
98 19 10
97 19 10
97 20 10
97 21 10
97 22 10
96 22 10
95 22 10
94 22 10
94 23 10
94 24 10
94 25 10
93 25 10
93 26 10
92 26 10
92 27 10
91 27 10
91 28 10
91 29 10
91 30 10
90 30 10
89 30 10
88 30 10
88 31 10
87 31 10
86 31 10
86 32 10
85 32 10
84 32 10
84 33 10
83 33 10
82 33 10
81 33 10
81 34 10
81 35 10
80 35 10
80 36 10
80 37 10
80 38 10
79 38 11
78 38 11
77 38 11
76 38 11
75 38 11
74 38 11
74 39 11
73 39 11
73 40 11
72 40 11
71 40 11
70 40 11
69 40 12
69 41 12
69 42 12
68 42 12
68 43 13
67 43 13
66 43 14
66 44 15
66 45 18
66 46 21
66 47 27
66 48 37
66 49 50
66 50 65
66 51 79
66 52 87
197 14 14
196 14 12
195 14 11
194 14 11
193 14 11
192 14 11
191 14 11
190 14 11
189 14 12
188 14 12
188 15 15
188 16 20
188 17 30
188 18 45
188 19 65
188 20 85
188 21 105
188 22 128
188 23 160
188 24 209
188 25 281
188 26 380
188 27 502
188 28 632
188 29 744
188 30 813
188 31 822
188 32 773
188 33 688
188 34 601
188 35 537
188 36 499
188 37 482
188 38 478
188 39 472
188 40 453
188 41 410
188 42 342
188 43 260
188 44 181
188 45 119
188 46 76
188 47 48
188 48 31
188 49 22
187 49 18
187 50 15
186 50 14
186 51 13
186 52 12
186 53 12
186 54 12
186 55 12
186 56 12
186 57 12
186 58 11
186 59 11
186 60 11
186 61 10
186 62 10
186 63 10
185 63 10
185 64 10
184 64 10
183 64 10
183 65 10
182 65 10
181 65 10
180 65 10
179 65 10
178 65 10
177 65 10
176 65 10
176 66 10
176 67 10
176 68 10
176 69 10
175 69 10
174 69 10
174 70 10
174 71 10
174 72 10
174 73 10
174 74 10
174 75 10
174 76 10
174 77 10
173 77 10
172 77 10
172 78 10
171 78 10
171 79 10
170 79 10
169 79 10
168 79 10
168 80 10
167 80 10
