1 31 14
188 155 24
115 116 18
61 65 538
55 167 35
54 167 34
54 166 34
54 165 34
54 164 34
54 163 33
54 162 33
54 161 34
54 160 35
53 160 36
53 159 37
52 159 39
52 158 41
51 158 43
51 157 45
50 157 47
50 156 49
49 156 50
49 155 50
48 155 51
48 154 51
48 153 51
48 152 53
48 151 54
48 150 55
48 149 57
48 148 58
48 147 60
48 146 61
48 145 63
48 144 63
48 143 61
48 142 57
48 141 52
48 140 45
48 139 39
48 138 32
48 137 27
48 136 22
48 135 19
48 134 17
48 133 15
48 132 14
48 131 13
48 130 12
48 129 12
48 128 11
49 128 11
49 127 11
50 127 11
50 126 11
50 125 11
50 124 11
51 124 11
52 124 12
53 124 12
54 124 12
55 124 12
56 124 12
57 124 12
57 123 12
57 122 13
58 122 13
59 122 13
60 122 13
61 122 14
61 121 15
62 121 15
62 120 17
62 119 18
62 118 20
63 118 23
64 118 26
65 118 30
66 118 36
67 118 44
68 118 54
69 118 65
70 118 77
71 118 89
72 118 100
73 118 108
74 118 113
75 118 115
76 118 117
77 118 120
78 118 125
79 118 134
80 118 146
81 118 162
82 118 183
83 118 207
84 118 234
85 118 262
86 118 287
87 118 306
88 118 316
89 118 316
90 118 304
91 118 282
92 118 254
93 118 224
94 118 195
95 118 171
96 118 152
97 118 137
98 118 126
99 118 118
100 118 112
101 118 107
102 118 102
103 118 96
104 118 90
105 118 82
106 118 73
107 118 63
108 118 53
109 118 44
110 118 37
111 118 31
112 118 26
113 118 23
113 117 22
114 117 20
114 116 19
