174 71 12
182 147 11
60 39 60
2 7 10
122 87 13
8 173 11
148 53 14
142 152 33
56 4 20
109 148 18
30 125 10
149 53 13
150 53 12
151 53 11
151 54 11
151 55 11
151 56 11
151 57 11
151 58 11
152 58 11
152 59 10
152 60 10
152 61 10
152 62 10
152 63 10
153 63 10
154 63 10
154 64 10
154 65 10
155 65 10
155 66 10
155 67 10
156 67 10
157 67 10
158 67 10
159 67 10
160 67 10
160 68 10
160 69 10
161 69 11
161 70 11
161 71 11
162 71 11
163 71 11
164 71 11
165 71 11
166 71 11
167 71 11
168 71 12
169 71 12
170 71 12
171 71 12
172 71 12
173 71 12
61 39 44
62 39 33
63 39 26
64 39 21
65 39 18
66 39 17
67 39 16
68 39 16
69 39 17
69 38 18
69 37 19
70 37 19
71 37 19
72 37 19
73 37 18
74 37 18
75 37 18
76 37 17
77 37 16
78 37 16
79 37 15
80 37 14
81 37 14
82 37 14
83 37 13
84 37 13
85 37 13
86 37 13
87 37 13
88 37 13
89 37 13
90 37 13
90 38 13
91 38 13
92 38 13
92 39 13
93 39 13
94 39 13
95 39 13
95 40 13
96 40 13
96 41 13
97 41 14
98 41 14
98 42 14
99 42 15
99 43 15
100 43 15
101 43 16
101 44 17
102 44 19
103 44 21
104 44 24
105 44 27
106 44 30
107 44 32
108 44 32
109 44 33
110 44 33
111 44 34
112 44 36
113 44 39
114 44 41
115 44 42
116 44 43
117 44 45
118 44 48
119 44 55
120 44 65
121 44 81
122 44 101
123 44 125
124 44 147
125 44 163
126 44 173
127 44 174
128 44 161
129 44 138
130 44 110
131 44 83
132 44 61
133 44 46
134 44 36
135 44 29
136 44 25
137 44 22
138 44 21
139 44 19
140 44 18
141 44 18
142 44 17
143 44 17
144 44 16
145 44 15
146 44 14
147 44 13
148 44 12
148 45 12
148 46 12
148 47 11
148 48 12
148 49 12
148 50 12
148 51 13
148 52 13
57 4 19
58 4 16
59 4 15
60 4 13
61 4 12
62 4 11
63 4 11
64 4 11
65 4 11
66 4 11
67 4 11
68 4 11
68 5 11
68 6 11
69 6 11
69 7 11
69 8 11
69 9 11
70 9 11
71 9 11
72 9 10
72 10 10
72 11 10
73 11 10
73 12 10
73 13 10
74 13 10
74 14 10
74 15 10
74 16 11
74 17 11
74 18 11
74 19 11
74 20 11
74 21 11
74 22 11
74 23 11
74 24 11
74 25 11
74 26 10
74 27 10
74 28 10
74 29 10
74 30 11
74 31 11
74 32 11
74 33 12
74 34 12
74 35 14
74 36 16
2 6 10
3 6 10
3 5 10
4 5 10
5 5 10
5 4 10
6 4 10
7 4 10
7 3 10
8 3 10
8 2 10
9 2 10
10 2 10
10 1 10
11 1 10
11 0 10
12 0 11
13 0 11
14 0 11
15 0 12
16 0 12
17 0 13
18 0 14
19 0 15
20 0 15
21 0 16
22 0 17
23 0 17
24 0 18
25 0 19
26 0 20
27 0 22
28 0 26
29 0 31
30 0 40
31 0 52
32 0 68
33 0 87
34 0 107
35 0 127
36 0 146
37 0 159
38 0 162
39 0 151
40 0 129
41 0 101
42 0 74
43 0 52
44 0 37
45 0 28
46 0 23
47 0 19
48 0 17
49 0 15
50 0 14
51 0 14
52 0 13
53 0 13
54 0 12
55 0 12
56 0 11
56 1 12
56 2 13
56 3 16
122 86 13
122 85 13
122 84 14
123 84 15
123 83 16
124 83 17
125 83 18
126 83 19
126 82 21
127 82 23
128 82 26
128 81 30
129 81 36
129 80 43
129 79 52
130 79 60
130 78 69
130 77 76
130 76 80
131 76 80
131 75 78
132 75 77
132 74 74
132 73 74
133 73 74
134 73 79
134 72 85
135 72 96
136 72 111
137 72 127
138 72 141
139 72 155
139 71 170
140 71 184
140 70 201
141 70 210
142 70 217
143 70 214
144 70 198
145 70 168
146 70 131
147 70 95
148 70 65
149 70 45
149 69 31
150 69 23
150 68 17
151 68 14
152 68 13
153 68 12
154 68 11
154 67 11
30 124 10
30 123 10
30 122 10
31 122 10
31 121 10
31 120 10
31 119 10
32 119 10
32 118 10
32 117 10
33 117 10
34 117 10
34 116 10
35 116 10
36 116 10
37 116 10
38 116 10
39 116 10
40 116 10
41 116 10
42 116 10
43 116 10
44 116 10
45 116 10
46 116 10
47 116 10
48 116 10
48 115 10
49 115 10
50 115 10
50 114 10
50 113 10
51 113 11
52 113 11
53 113 11
54 113 12
55 113 12
56 113 12
57 113 11
58 113 11
59 113 11
60 113 11
61 113 11
61 112 11
61 111 11
61 110 11
62 110 11
63 110 11
64 110 11
65 110 11
65 109 11
65 108 11
66 108 11
67 108 11
67 107 11
67 106 11
67 105 11
68 105 11
69 105 11
69 104 11
69 103 12
70 103 13
71 103 14
72 103 16
72 102 18
73 102 21
74 102 24
74 101 28
74 100 32
74 99 37
74 98 41
74 97 45
75 97 51
76 97 59
77 97 74
78 97 95
79 97 126
80 97 165
81 97 209
82 97 250
83 97 277
84 97 283
85 97 266
86 97 234
87 97 196
88 97 155
89 97 117
90 97 85
91 97 63
92 97 48
93 97 40
94 97 35
95 97 32
96 97 31
97 97 30
98 97 28
99 97 26
100 97 24
100 96 23
101 96 21
102 96 20
103 96 20
104 96 19
105 96 18
106 96 16
107 96 15
108 96 14
109 96 13
110 96 12
110 95 11
110 94 11
110 93 11
111 93 11
111 92 11
111 91 11
111 90 11
112 90 11
113 90 11
114 90 11
115 90 11
116 90 11
116 89 11
117 89 11
118 89 11
118 88 11
118 87 11
119 87 11
120 87 12
121 87 12
109 147 17
109 146 17
109 145 17
109 144 17
109 143 17
108 143 22
107 143 28
106 143 36
105 143 45
104 143 55
103 143 65
102 143 75
101 143 86
100 143 97
99 143 107
99 142 114
98 142 115
97 142 114
97 141 109
96 141 97
95 141 85
95 140 70
94 140 56
94 139 45
93 139 35
92 139 29
92 138 25
91 138 22
91 137 20
90 137 20
89 137 20
89 136 20
88 136 21
87 136 23
87 135 25
86 135 28
85 135 33
85 134 38
85 133 46
84 133 57
84 132 72
83 132 91
83 131 111
83 130 131
83 129 146
83 128 150
83 127 144
83 126 131
83 125 117
83 124 104
82 124 89
82 123 80
81 123 71
81 122 64
81 121 59
81 120 54
80 120 50
80 119 47
79 119 47
79 118 48
78 118 50
77 118 55
77 117 58
76 117 61
75 117 63
75 116 63
74 116 60
73 116 56
73 115 51
72 115 44
71 115 37
70 115 30
69 115 23
68 115 19
68 114 16
68 113 14
67 113 12
67 112 12
67 111 11
67 110 11
67 109 11
142 151 27
142 150 22
142 149 19
142 148 17
141 148 17
140 148 17
139 148 17
138 148 16
137 148 16
136 148 15
135 148 15
134 148 15
133 148 14
132 148 13
131 148 12
130 148 11
129 148 11
128 148 11
127 148 10
126 148 10
125 148 10
124 148 10
123 148 10
122 148 10
121 148 10
120 148 10
119 148 10
118 148 10
117 148 10
116 148 10
115 148 10
114 148 10
113 148 11
112 148 11
111 148 13
110 148 15
181 147 11
180 147 11
179 147 11
178 147 11
177 147 11
176 147 11
175 147 11
174 147 11
173 147 11
172 147 11
171 147 11
170 147 11
169 147 11
168 147 11
167 147 11
166 147 11
165 147 11
164 147 12
163 147 12
162 147 13
161 147 15
160 147 17
159 147 21
158 147 24
157 147 27
156 147 29
155 147 30
154 147 29
153 147 29
152 147 28
151 147 27
150 147 26
149 147 24
148 147 22
147 147 19
146 147 18
145 147 16
144 147 16
143 147 16
142 147 16
8 174 11
8 175 11
8 176 11
8 177 10
8 178 10
8 179 10
8 180 10
8 181 10
8 182 10
8 183 10
8 184 10
9 184 10
10 184 10
11 184 10
12 184 10
12 185 10
13 185 10
13 186 10
14 186 10
15 186 10
16 186 11
17 186 11
17 187 11
18 187 12
19 187 13
20 187 13
21 187 14
22 187 15
23 187 16
24 187 18
25 187 22
26 187 30
27 187 42
28 187 62
29 187 90
30 187 124
31 187 159
32 187 186
33 187 200
34 187 200
35 187 189
36 187 168
37 187 140
38 187 112
39 187 89
40 187 72
41 187 60
42 187 52
43 187 47
44 187 43
45 187 39
46 187 35
47 187 31
48 187 27
49 187 24
50 187 22
51 187 20
52 187 19
53 187 17
54 187 15
55 187 13
56 187 12
57 187 11
58 187 11
59 187 10
60 187 10
60 186 10
61 186 10
61 185 10
62 185 10
62 184 10
63 184 10
63 183 10
64 183 10
65 183 10
65 182 11
66 182 11
66 181 11
67 181 11
68 181 11
68 180 12
68 179 12
69 179 12
69 178 13
69 177 14
69 176 15
69 175 15
69 174 16
70 174 17
71 174 20
72 174 24
73 174 32
74 174 45
75 174 62
76 174 81
77 174 101
78 174 117
79 174 129
80 174 137
81 174 143
82 174 149
83 174 158
84 174 171
85 174 188
86 174 208
87 174 225
88 174 240
89 174 251
90 174 255
91 174 244
92 174 218
93 174 178
94 174 133
95 174 93
96 174 63
97 174 42
98 174 29
99 174 22
100 174 17
101 174 15
102 174 13
103 174 12
104 174 12
104 173 12
105 173 12
106 173 12
106 172 12
106 171 12
107 171 11
107 170 11
108 170 11
109 170 11
110 170 11
111 170 10
111 169 10
111 168 10
111 167 10
111 166 10
112 166 10
112 165 10
113 165 10
113 164 10
113 163 10
113 162 11
113 161 11
113 160 11
113 159 11
113 158 11
113 157 11
113 156 12
113 155 12
113 154 12
113 153 12
113 152 11
113 151 11
113 150 11
113 149 11
