64 144 28
188 90 20
87 11 74
135 72 14
62 66 41
105 102 11
133 136 10
41 4 22
132 136 10
131 136 10
130 136 10
129 136 10
128 136 11
127 136 11
126 136 11
125 136 11
124 136 12
123 136 12
122 136 12
121 136 12
120 136 12
119 136 12
118 136 12
117 136 12
116 136 12
115 136 12
114 136 12
113 136 12
112 136 12
111 136 12
110 136 12
109 136 12
108 136 12
107 136 12
106 136 11
105 136 11
104 136 11
103 136 10
102 136 10
101 136 10
101 137 10
100 137 10
99 137 10
99 138 10
99 139 11
99 140 11
98 140 11
97 140 12
96 140 14
95 140 18
94 140 25
93 140 36
92 140 52
91 140 70
90 140 88
89 140 104
88 140 116
87 140 126
86 140 132
85 140 132
84 140 123
83 140 108
82 140 92
81 140 78
80 140 69
79 140 62
78 140 59
77 140 58
77 139 55
76 139 53
75 139 51
74 139 49
73 139 46
72 139 43
71 139 39
70 139 34
69 139 28
68 139 22
67 139 18
66 139 14
65 139 12
64 139 11
64 140 12
64 141 14
64 142 17
64 143 21
105 103 11
105 104 11
105 105 11
105 106 11
105 107 11
105 108 11
105 109 11
105 110 11
105 111 11
105 112 11
105 113 11
105 114 11
105 115 11
105 116 11
105 117 10
105 118 10
105 119 10
105 120 10
105 121 10
105 122 10
105 123 10
105 124 11
105 125 11
105 126 12
105 127 12
105 128 13
105 129 13
105 130 13
105 131 12
105 132 12
105 133 12
105 134 11
105 135 11
135 73 14
135 74 14
135 75 14
135 76 16
134 76 18
133 76 22
132 76 28
131 76 35
130 76 43
129 76 49
128 76 52
127 76 51
126 76 48
125 76 44
124 76 39
123 76 35
122 76 31
121 76 29
121 77 27
120 77 25
120 78 23
119 78 22
119 79 20
119 80 18
119 81 16
118 81 15
118 82 14
117 82 13
117 83 12
116 83 12
116 84 11
116 85 11
116 86 11
116 87 11
116 88 11
116 89 11
116 90 11
116 91 11
116 92 11
116 93 11
116 94 11
116 95 11
116 96 11
116 97 11
116 98 11
116 99 11
116 100 10
115 100 10
114 100 10
113 100 10
112 100 10
112 101 10
111 101 10
111 102 10
110 102 10
109 102 10
108 102 11
107 102 11
106 102 11
188 91 19
188 92 19
187 92 23
186 92 29
185 92 37
184 92 45
183 92 52
182 92 55
181 92 53
180 92 47
179 92 38
178 92 31
177 92 24
176 92 20
175 92 16
174 92 14
173 92 13
172 92 13
171 92 13
170 92 14
170 91 14
169 91 15
168 91 16
168 90 17
167 90 19
166 90 22
165 90 25
164 90 29
163 90 32
162 90 35
161 90 37
160 90 37
159 90 38
158 90 39
158 89 40
157 89 41
156 89 45
156 88 47
155 88 53
155 87 58
154 87 65
154 86 72
153 86 79
153 85 86
152 85 89
152 84 91
151 84 91
151 83 85
151 82 79
151 81 70
150 81 60
150 80 49
150 79 39
150 78 32
150 77 26
150 76 21
150 75 18
149 75 16
148 75 14
147 75 14
146 75 13
145 75 13
144 75 13
143 75 13
142 75 13
141 75 13
140 75 13
139 75 12
138 75 12
137 75 13
136 75 13
62 65 29
62 64 21
62 63 17
62 62 14
62 61 13
62 60 12
62 59 12
63 59 12
64 59 12
65 59 13
66 59 13
67 59 15
68 59 17
69 59 21
70 59 27
71 59 34
72 59 42
73 59 49
74 59 57
75 59 63
76 59 67
77 59 68
78 59 67
79 59 65
80 59 64
81 59 65
82 59 67
83 59 71
84 59 75
85 59 79
86 59 80
87 59 80
88 59 77
89 59 73
90 59 67
91 59 59
92 59 49
93 59 40
94 59 31
95 59 24
96 59 20
97 59 17
98 59 15
99 59 14
100 59 14
101 59 14
102 59 13
102 60 13
102 61 13
103 61 13
103 62 13
104 62 13
104 63 14
104 64 15
104 65 18
104 66 22
104 67 27
104 68 32
104 69 36
104 70 39
104 71 40
104 72 40
104 73 38
104 74 36
104 75 33
104 76 32
104 77 30
104 78 29
104 79 28
105 79 27
105 80 25
106 80 24
106 81 22
106 82 20
107 82 19
108 82 17
108 83 15
109 83 14
110 83 13
111 83 13
112 83 12
113 83 12
114 83 12
115 83 12
40 4 18
39 4 16
38 4 14
37 4 13
37 5 15
37 6 17
37 7 18
37 8 18
37 9 17
37 10 16
37 11 15
37 12 14
37 13 13
37 14 12
37 15 12
37 16 11
37 17 11
37 18 10
37 19 10
37 20 10
37 21 10
37 22 10
37 23 10
37 24 10
37 25 10
37 26 10
37 27 10
38 27 10
39 27 10
39 28 10
39 29 10
39 30 10
40 30 10
40 31 10
41 31 10
42 31 10
43 31 10
44 31 10
45 31 10
45 32 10
46 32 10
46 33 10
46 34 10
47 34 10
48 34 10
49 34 10
49 35 10
49 36 10
49 37 10
50 37 10
50 38 10
51 38 10
52 38 10
53 38 10
54 38 10
54 39 10
55 39 10
55 40 10
55 41 10
56 41 10
56 42 10
57 42 10
58 42 10
58 43 10
58 44 10
58 45 10
59 45 10
60 45 10
60 46 10
60 47 10
60 48 10
61 48 10
61 49 10
61 50 10
62 50 10
62 51 10
62 52 10
62 53 11
62 54 11
62 55 11
62 56 11
62 57 11
62 58 12
88 11 47
89 11 31
90 11 22
91 11 17
92 11 14
93 11 13
93 12 12
94 12 12
94 13 11
94 14 11
95 14 11
96 14 11
97 14 11
97 15 11
98 15 11
98 16 12
98 17 12
98 18 13
98 19 15
98 20 19
98 21 23
98 22 28
98 23 33
98 24 37
98 25 39
98 26 42
98 27 45
98 28 51
98 29 59
98 30 70
98 31 85
98 32 100
98 33 113
98 34 119
98 35 116
98 36 102
98 37 83
98 38 63
98 39 47
98 40 34
98 41 25
98 42 19
98 43 15
98 44 14
98 45 13
98 46 12
98 47 12
98 48 12
98 49 12
98 50 12
98 51 13
98 52 13
98 53 13
98 54 14
98 55 14
98 56 14
98 57 14
98 58 15
