53 73 14
148 115 16
101 56 21
174 186 14
22 35 19
181 94 28
130 194 12
109 152 67
23 35 15
23 36 13
23 37 12
24 37 12
24 38 11
25 38 11
26 38 11
27 38 11
27 39 10
27 40 10
27 41 10
27 42 10
28 42 10
28 43 10
29 43 10
29 44 10
29 45 10
30 45 10
31 45 10
32 45 10
32 46 10
33 46 10
34 46 10
35 46 10
35 47 10
35 48 10
35 49 10
35 50 10
35 51 10
35 52 11
35 53 11
35 54 11
35 55 11
35 56 11
35 57 11
35 58 10
35 59 10
35 60 10
35 61 10
35 62 10
35 63 10
35 64 10
35 65 10
35 66 10
35 67 10
36 67 10
36 68 10
36 69 10
36 70 10
37 70 10
37 71 10
38 71 10
39 71 10
40 71 10
40 72 10
40 73 10
41 73 10
42 73 10
43 73 10
44 73 11
45 73 11
46 73 11
47 73 11
48 73 11
49 73 11
50 73 12
51 73 12
52 73 13
180 94 21
179 94 18
179 95 16
179 96 15
178 96 13
178 97 12
177 97 12
177 98 11
177 99 11
177 100 11
177 101 11
177 102 11
177 103 10
177 104 10
177 105 10
177 106 10
176 106 10
176 107 10
176 108 10
175 108 10
174 108 10
174 109 10
174 110 10
174 111 10
173 111 10
172 111 10
172 112 10
171 112 10
171 113 10
170 113 10
170 114 10
169 114 11
168 114 11
167 114 11
166 114 12
165 114 12
164 114 14
163 114 17
162 114 21
161 114 29
160 114 39
159 114 52
158 114 65
157 114 72
156 114 70
155 114 61
154 114 49
153 114 38
152 114 30
151 114 25
150 114 21
149 114 19
149 115 17
110 152 43
110 151 30
111 151 22
112 151 17
113 151 14
114 151 13
114 150 12
114 149 11
114 148 11
114 147 11
115 147 11
115 146 11
115 145 11
115 144 12
115 143 13
115 142 15
115 141 17
115 140 19
115 139 22
115 138 25
115 137 30
115 136 38
115 135 52
115 134 72
115 133 98
115 132 126
115 131 147
115 130 152
115 129 136
115 128 106
115 127 74
115 126 49
115 125 34
115 124 25
115 123 20
115 122 17
115 121 15
115 120 13
115 119 12
115 118 11
115 117 11
115 116 10
116 116 10
117 116 10
117 115 10
118 115 10
119 115 10
120 115 10
121 115 10
122 115 11
123 115 12
124 115 13
125 115 15
126 115 17
127 115 19
128 115 21
129 115 23
130 115 24
131 115 24
132 115 25
133 115 26
134 115 28
134 116 28
135 116 29
136 116 30
137 116 30
138 116 29
139 116 27
140 116 26
141 116 23
142 116 21
143 116 19
144 116 17
145 116 16
146 116 15
147 116 15
148 116 16
175 186 12
176 186 11
177 186 10
177 185 10
178 185 10
179 185 10
180 185 10
180 184 10
181 184 10
182 184 10
182 183 10
182 182 10
182 181 10
182 180 10
182 179 10
182 178 10
183 178 10
183 177 10
183 176 11
183 175 11
183 174 12
183 173 12
183 172 13
183 171 14
183 170 15
183 169 15
183 168 16
183 167 18
183 166 20
183 165 25
183 164 33
183 163 46
182 163 62
182 162 81
182 161 104
182 160 128
181 160 144
181 159 151
181 158 147
181 157 133
181 156 113
181 155 92
180 155 74
180 154 59
179 154 48
178 154 40
177 154 34
177 153 28
176 153 24
176 152 22
176 151 21
176 150 21
176 149 21
176 148 21
176 147 20
176 146 19
176 145 18
176 144 17
176 143 18
176 142 19
176 141 23
176 140 30
176 139 43
176 138 62
176 137 85
176 136 107
176 135 120
176 134 123
176 133 115
176 132 103
176 131 90
176 130 78
176 129 69
176 128 62
176 127 57
176 126 50
176 125 41
176 124 32
176 123 24
176 122 18
176 121 14
176 120 12
176 119 11
176 118 11
176 117 10
176 116 10
176 115 10
176 114 10
176 113 10
175 113 10
175 112 10
174 112 10
131 194 11
132 194 11
133 194 11
134 194 11
135 194 11
136 194 11
137 194 11
138 194 11
139 194 11
140 194 11
141 194 11
142 194 11
143 194 11
144 194 11
145 194 11
146 194 11
147 194 11
147 193 11
148 193 11
149 193 11
149 192 11
150 192 11
150 191 11
150 190 12
151 190 12
152 190 13
153 190 14
154 190 15
154 189 17
155 189 20
156 189 24
157 189 31
158 189 45
159 189 67
160 189 97
161 189 131
162 189 158
163 189 172
164 189 178
165 189 179
166 189 172
167 189 154
168 189 126
169 189 94
170 189 64
171 189 40
172 189 25
173 189 17
174 189 14
174 188 13
174 187 13
