12 199 91
123 9 10
143 176 10
123 147 11
25 69 55
10 33 21
60 199 12
159 85 12
25 177 180
73 150 27
52 10 14
53 166 14
124 147 10
124 148 10
124 149 10
125 149 10
126 149 10
126 150 10
126 151 10
127 151 10
128 151 10
129 151 10
130 151 10
130 152 10
131 152 10
131 153 10
132 153 10
132 154 10
132 155 10
133 155 10
134 155 10
134 156 10
134 157 10
134 158 11
134 159 11
134 160 11
134 161 11
134 162 11
134 163 11
134 164 11
134 165 11
135 165 11
135 166 10
136 166 10
136 167 10
137 167 10
138 167 10
139 167 10
139 168 10
139 169 10
139 170 10
139 171 10
139 172 10
140 172 10
141 172 10
141 173 10
141 174 10
141 175 10
141 176 10
142 176 10
158 85 11
157 85 11
156 85 10
155 85 10
154 85 10
153 85 10
152 85 10
151 85 10
150 85 10
149 85 10
149 84 10
149 83 10
149 82 10
149 81 10
148 81 10
148 80 10
147 80 10
147 79 10
146 79 10
146 78 10
146 77 10
145 77 10
144 77 10
144 76 10
143 76 10
143 75 10
142 75 10
141 75 10
140 75 10
140 74 10
139 74 10
139 73 10
139 72 10
139 71 10
139 70 10
138 70 10
138 69 10
138 68 11
138 67 11
138 66 11
138 65 11
138 64 12
138 63 12
138 62 12
138 61 12
138 60 12
138 59 12
138 58 12
138 57 12
138 56 12
138 55 12
138 54 11
138 53 11
138 52 11
138 51 11
138 50 11
138 49 11
138 48 11
138 47 11
138 46 11
138 45 11
138 44 11
138 43 11
138 42 11
138 41 11
138 40 11
138 39 11
138 38 11
138 37 11
138 36 11
138 35 11
138 34 11
138 33 12
138 32 12
138 31 11
138 30 11
138 29 11
138 28 11
138 27 11
138 26 11
137 26 11
136 26 10
136 25 10
136 24 10
136 23 10
136 22 10
136 21 10
136 20 10
136 19 10
136 18 10
136 17 10
135 17 10
134 17 10
133 17 10
133 16 10
132 16 10
132 15 10
132 14 10
132 13 10
132 12 10
132 11 10
131 11 10
130 11 10
129 11 10
128 11 10
127 11 10
126 11 10
125 11 10
124 11 10
123 11 10
123 10 10
59 199 12
58 199 11
57 199 11
56 199 11
55 199 11
54 199 11
53 199 11
52 199 11
51 199 11
50 199 11
49 199 11
48 199 10
47 199 10
46 199 10
45 199 10
44 199 10
43 199 10
42 199 10
42 198 10
42 197 10
41 197 10
40 197 10
40 196 10
39 196 10
39 195 10
39 194 10
38 194 11
37 194 11
36 194 12
35 194 13
34 194 15
33 194 17
32 194 20
31 194 23
30 194 26
29 194 28
28 194 29
27 194 30
26 194 31
25 194 31
24 194 33
23 194 35
22 194 39
21 194 44
20 194 49
19 194 55
18 194 59
17 194 61
16 194 60
15 194 58
14 194 55
13 194 51
12 194 47
12 195 49
12 196 54
12 197 62
12 198 74
52 166 13
51 166 12
50 166 12
49 166 11
48 166 11
48 167 11
48 168 11
47 168 11
46 168 11
45 168 11
45 169 11
45 170 12
45 171 12
45 172 12
45 173 12
45 174 12
45 175 12
45 176 12
44 176 12
43 176 12
43 177 11
43 178 11
43 179 11
43 180 11
43 181 11
43 182 11
43 183 11
43 184 11
43 185 11
43 186 11
43 187 11
43 188 10
43 189 10
43 190 10
43 191 10
43 192 10
43 193 10
43 194 10
43 195 10
43 196 10
43 197 10
72 150 22
71 150 18
70 150 16
69 150 14
68 150 12
67 150 11
66 150 11
65 150 10
64 150 10
63 150 10
62 150 10
61 150 10
60 150 10
59 150 10
58 150 10
57 150 10
57 151 10
57 152 10
56 152 10
55 152 10
55 153 10
54 153 10
54 154 10
54 155 10
53 155 10
53 156 10
53 157 10
53 158 11
53 159 11
53 160 11
53 161 11
53 162 12
53 163 12
53 164 12
53 165 13
26 177 145
27 177 118
28 177 97
29 177 79
30 177 64
31 177 51
32 177 40
33 177 31
34 177 24
35 177 19
36 177 16
37 177 14
38 177 12
39 177 12
40 177 11
41 177 11
42 177 11
25 70 41
25 71 34
25 72 29
25 73 27
25 74 25
25 75 24
25 76 25
26 76 26
26 77 28
26 78 31
27 78 34
28 78 38
28 79 43
28 80 49
29 80 55
30 80 62
30 81 68
31 81 74
31 82 79
32 82 83
32 83 85
33 83 86
33 84 86
34 84 84
34 85 84
35 85 81
36 85 79
37 85 78
38 85 74
39 85 69
39 86 63
40 86 57
41 86 52
42 86 48
42 87 45
43 87 43
44 87 43
44 88 43
44 89 45
44 90 47
44 91 49
44 92 52
44 93 55
44 94 58
44 95 60
44 96 59
44 97 55
44 98 48
44 99 40
44 100 32
44 101 25
44 102 19
44 103 16
44 104 14
44 105 12
44 106 11
44 107 11
44 108 11
44 109 10
44 110 10
44 111 10
44 112 10
44 113 10
44 114 10
44 115 10
44 116 10
44 117 10
44 118 10
44 119 10
44 120 10
44 121 10
44 122 10
44 123 10
44 124 10
44 125 10
44 126 10
44 127 10
44 128 10
44 129 10
44 130 10
44 131 10
44 132 10
44 133 10
44 134 10
44 135 10
44 136 10
44 137 10
45 137 10
46 137 10
46 138 10
46 139 10
46 140 10
47 140 10
47 141 10
48 141 10
49 141 10
49 142 10
49 143 10
49 144 10
49 145 10
50 145 10
51 145 10
52 145 10
53 145 10
53 146 10
53 147 10
54 147 10
55 147 10
55 148 10
56 148 10
57 148 10
57 149 10
52 11 17
52 12 22
52 13 27
52 14 33
52 15 39
52 16 44
52 17 48
52 18 51
52 19 53
52 20 55
52 21 58
52 22 61
53 22 63
53 23 66
53 24 70
54 24 72
54 25 75
54 26 78
55 26 80
55 27 81
55 28 82
55 29 82
55 30 80
56 30 74
56 31 65
56 32 54
56 33 42
56 34 32
56 35 24
56 36 19
56 37 15
56 38 13
56 39 12
56 40 11
56 41 11
56 42 11
56 43 10
56 44 10
56 45 10
56 46 10
56 47 10
56 48 10
56 49 10
56 50 10
56 51 11
56 52 11
56 53 11
56 54 11
56 55 11
56 56 11
56 57 11
56 58 11
56 59 11
56 60 12
56 61 12
56 62 12
56 63 12
56 64 13
56 65 14
55 65 15
55 66 16
54 66 17
53 66 19
53 67 22
52 67 25
52 68 28
51 68 33
51 69 38
50 69 44
50 70 50
50 71 59
49 71 68
49 72 77
49 73 89
49 74 101
49 75 115
49 76 128
49 77 137
49 78 141
49 79 139
49 80 133
49 81 124
49 82 114
48 82 103
48 83 92
47 83 82
47 84 72
46 84 65
46 85 57
45 85 53
45 86 48
44 86 46
10 32 18
10 31 16
10 30 15
10 29 13
10 28 12
10 27 12
10 26 11
10 25 11
10 24 11
10 23 10
10 22 10
10 21 10
10 20 10
11 20 10
12 20 10
13 20 10
13 19 10
13 18 10
13 17 10
14 17 10
15 17 10
15 16 10
15 15 10
16 15 10
17 15 10
17 14 10
17 13 10
17 12 10
17 11 10
18 11 10
18 10 10
19 10 10
20 10 10
21 10 10
22 10 10
23 10 10
24 10 11
25 10 11
26 10 11
27 10 11
28 10 10
29 10 10
30 10 10
31 10 10
32 10 10
33 10 10
34 10 11
35 10 11
36 10 11
37 10 11
38 10 11
39 10 11
40 10 12
41 10 12
42 10 12
43 10 12
44 10 11
45 10 11
46 10 11
47 10 11
48 10 12
49 10 12
50 10 12
51 10 13
