140 84 220
67 163 23
84 88 91
184 18 32
147 33 50
5 95 13
17 35 25
189 73 12
174 158 12
6 193 386
5 96 12
6 96 12
7 96 11
8 96 11
8 97 11
9 97 11
9 98 11
10 98 11
10 99 11
11 99 12
11 100 12
11 101 13
11 102 15
12 102 18
13 102 21
13 103 27
13 104 35
14 104 44
14 105 56
15 105 70
15 106 83
15 107 97
16 107 111
16 108 118
16 109 122
16 110 126
17 110 120
17 111 115
18 111 105
18 112 96
19 112 84
19 113 75
20 113 63
21 113 56
21 114 47
22 114 40
22 115 34
23 115 29
23 116 25
24 116 22
24 117 20
24 118 18
25 118 17
25 119 15
25 120 14
25 121 14
25 122 13
25 123 13
25 124 13
26 124 13
26 125 13
26 126 13
27 126 13
28 126 13
28 127 13
28 128 13
29 128 14
29 129 14
29 130 14
29 131 14
30 131 14
31 131 14
32 131 14
33 131 14
33 132 14
33 133 15
34 133 15
35 133 16
35 134 17
36 134 19
36 135 23
36 136 28
37 136 35
38 136 47
39 136 64
39 137 90
39 138 126
39 139 159
39 140 198
39 141 241
39 142 289
39 143 329
39 144 350
39 145 360
39 146 359
39 147 348
39 148 330
39 149 307
39 150 280
39 151 250
39 152 218
39 153 183
39 154 149
39 155 116
39 156 88
39 157 65
39 158 48
39 159 37
39 160 29
39 161 25
40 161 23
41 161 21
42 161 21
43 161 22
44 161 23
45 161 26
46 161 30
47 161 36
48 161 43
49 161 51
50 161 59
51 161 64
52 161 63
53 161 56
54 161 46
55 161 35
56 161 26
57 161 20
58 161 16
59 161 13
60 161 12
61 161 11
62 161 11
63 161 11
64 161 11
64 162 12
65 162 13
65 163 14
66 163 17
18 35 22
18 36 19
19 36 18
20 36 17
20 37 16
21 37 16
22 37 15
23 37 14
24 37 13
25 37 12
25 38 12
26 38 11
27 38 11
28 38 11
29 38 11
29 39 11
29 40 11
30 40 11
31 40 11
32 40 12
33 40 12
33 41 12
34 41 13
34 42 13
35 42 14
36 42 14
36 43 15
37 43 15
38 43 15
39 43 15
40 43 15
41 43 16
42 43 17
43 43 19
44 43 22
45 43 27
46 43 33
47 43 41
48 43 51
49 43 63
50 43 74
51 43 80
52 43 78
53 43 69
54 43 55
55 43 40
56 43 29
57 43 22
58 43 17
59 43 14
60 43 12
61 43 11
62 43 11
63 43 11
64 43 11
65 43 11
66 43 11
67 43 11
68 43 11
68 44 12
68 45 14
68 46 18
68 47 26
68 48 39
68 49 56
68 50 76
68 51 95
68 52 113
68 53 129
68 54 144
68 55 159
68 56 172
68 57 179
68 58 176
68 59 167
68 60 155
68 61 145
68 62 139
68 63 139
68 64 144
67 64 154
67 65 156
67 66 161
66 66 165
66 67 164
66 68 163
66 69 161
65 69 151
65 70 139
65 71 127
64 71 116
64 72 104
63 72 97
63 73 88
62 73 81
61 73 77
61 74 69
60 74 62
59 74 55
58 74 49
58 75 41
57 75 34
56 75 29
56 76 25
55 76 21
54 76 19
53 76 17
53 77 15
52 77 14
52 78 13
51 78 13
51 79 12
50 79 12
49 79 12
49 80 12
49 81 12
49 82 11
48 82 11
48 83 11
47 83 11
46 83 12
46 84 12
46 85 12
45 85 12
44 85 12
44 86 12
44 87 12
43 87 13
42 87 13
42 88 13
41 88 13
41 89 13
40 89 13
39 89 13
39 90 13
38 90 14
37 90 15
36 90 18
35 90 23
34 90 31
33 90 43
32 90 59
31 90 84
30 90 121
29 90 171
28 90 230
27 90 284
26 90 318
25 90 322
24 90 297
23 90 252
22 90 200
21 90 153
20 90 113
19 90 82
18 90 58
17 90 41
16 90 31
15 90 25
14 90 21
14 91 19
13 91 17
13 92 16
13 93 14
12 93 14
12 94 13
11 94 12
10 94 12
10 95 12
10 96 11
9 96 11
5 193 288
4 193 203
3 193 137
2 193 93
2 192 103
2 191 114
2 190 125
2 189 135
2 188 146
2 187 159
2 186 177
2 185 202
3 185 229
3 184 249
3 183 269
4 183 285
4 182 298
4 181 318
4 180 343
4 179 370
4 178 393
4 177 403
4 176 392
4 175 356
4 174 298
4 173 230
4 172 164
4 171 113
4 170 76
4 169 50
4 168 34
4 167 24
4 166 18
4 165 15
4 164 14
5 164 12
5 163 12
6 163 11
7 163 11
8 163 11
8 162 11
9 162 11
9 161 10
9 160 10
9 159 10
9 158 10
10 158 10
11 158 11
11 157 11
11 156 11
12 156 11
12 155 12
12 154 13
12 153 15
12 152 17
12 151 21
12 150 25
12 149 29
12 148 33
12 147 36
12 146 39
12 145 42
12 144 44
12 143 48
12 142 54
13 142 60
13 141 70
14 141 84
14 140 99
14 139 120
15 139 143
15 138 167
15 137 191
15 136 212
15 135 223
15 134 224
16 134 212
16 133 192
16 132 170
17 132 145
18 132 124
18 131 101
19 131 80
20 131 64
21 131 52
22 131 42
23 131 34
24 131 27
25 131 22
26 131 19
27 131 17
28 131 15
173 158 12
172 158 12
171 158 12
170 158 12
169 158 13
168 158 13
167 158 14
166 158 16
165 158 18
164 158 20
163 158 22
162 158 24
161 158 27
160 158 30
159 158 33
158 158 37
157 158 43
156 158 52
156 157 63
155 157 80
155 156 100
154 156 129
154 155 162
153 155 205
152 155 254
151 155 303
150 155 341
149 155 367
148 155 385
147 155 386
146 155 361
145 155 310
144 155 242
143 155 172
142 155 114
141 155 72
140 155 46
139 155 31
138 155 23
138 154 18
137 154 15
137 153 14
137 152 13
137 151 12
137 150 12
137 149 12
137 148 12
137 147 12
137 146 12
137 145 12
137 144 13
137 143 14
137 142 16
137 141 18
137 140 23
137 139 30
137 138 38
137 137 48
137 136 56
137 135 60
137 134 59
137 133 53
137 132 46
137 131 40
137 130 35
137 129 32
137 128 31
138 128 30
138 127 29
138 126 29
138 125 28
138 124 28
138 123 28
138 122 27
138 121 26
138 120 25
138 119 25
138 118 26
138 117 29
138 116 37
138 115 51
138 114 77
138 113 121
138 112 187
138 111 270
138 110 355
138 109 417
138 108 441
138 107 425
138 106 383
138 105 335
138 104 290
138 103 252
138 102 220
138 101 194
138 100 170
138 99 147
138 98 124
138 97 102
138 96 81
138 95 63
138 94 49
138 93 40
138 92 35
138 91 34
139 91 34
140 91 35
140 90 37
140 89 44
140 88 57
140 87 78
140 86 111
140 85 159
147 34 34
147 35 24
147 36 18
147 37 15
147 38 13
147 39 12
147 40 12
147 41 12
147 42 13
147 43 14
146 43 16
145 43 18
144 43 21
144 44 24
143 44 28
143 45 32
142 45 38
142 46 45
141 46 54
141 47 65
140 47 84
139 47 116
138 47 174
137 47 271
136 47 419
135 47 611
134 47 841
133 47 1089
132 47 1313
131 47 1469
130 47 1522
129 47 1459
128 47 1291
127 47 1054
126 47 797
125 47 566
124 47 386
123 47 256
122 47 167
121 47 110
120 47 75
119 47 55
118 47 42
117 47 35
116 47 29
116 48 24
115 48 21
114 48 19
113 48 16
112 48 15
111 48 13
110 48 12
109 48 12
108 48 11
107 48 11
107 49 11
107 50 11
107 51 11
106 51 11
105 51 11
104 51 11
103 51 11
103 52 11
103 53 11
103 54 12
103 55 12
102 55 12
101 55 12
100 55 13
100 56 13
100 57 13
100 58 14
99 58 15
99 59 16
99 60 18
98 60 21
97 60 26
96 60 35
95 60 46
94 60 58
93 60 70
92 60 78
91 60 83
90 60 87
89 60 92
88 60 102
87 60 122
86 60 155
85 60 207
84 60 274
83 60 346
82 60 406
81 60 439
80 60 438
79 60 403
78 60 347
77 60 284
76 60 227
75 60 182
74 60 151
73 60 132
72 60 123
71 60 120
70 60 122
69 60 132
189 72 12
189 71 12
189 70 12
189 69 12
189 68 12
189 67 12
189 66 13
189 65 13
189 64 13
189 63 13
189 62 12
189 61 12
189 60 12
189 59 12
189 58 12
189 57 12
189 56 12
189 55 12
189 54 12
189 53 12
189 52 12
189 51 12
189 50 12
189 49 12
189 48 12
189 47 11
189 46 11
188 46 11
187 46 12
186 46 13
185 46 14
184 46 16
183 46 18
182 46 23
181 46 29
180 46 39
179 46 53
178 46 76
177 46 110
176 46 160
175 46 234
174 46 333
173 46 435
172 46 508
171 46 525
170 46 480
169 46 392
168 46 289
167 46 197
166 46 129
165 46 85
164 46 58
163 46 42
162 46 33
161 46 26
160 46 20
159 46 17
158 46 15
157 46 13
156 46 12
155 46 12
154 46 11
153 46 11
153 45 11
152 45 11
151 45 11
151 44 11
151 43 11
150 43 11
149 43 11
148 43 12
184 19 28
185 19 27
186 19 25
187 19 22
187 20 21
188 20 19
189 20 19
189 21 18
189 22 17
189 23 16
189 24 16
189 25 15
189 26 14
189 27 13
189 28 13
189 29 12
189 30 12
189 31 12
189 32 12
189 33 12
189 34 12
189 35 12
189 36 13
189 37 13
189 38 13
189 39 13
189 40 13
189 41 12
189 42 12
189 43 12
189 44 11
189 45 11
