113 171 10
198 95 19
64 22 11
119 1 11
157 199 19
20 83 36
15 148 11
92 82 10
156 199 23
155 199 28
154 199 35
153 199 40
152 199 43
151 199 44
150 199 44
149 199 46
148 199 49
147 199 53
146 199 61
145 199 74
144 199 92
143 199 112
142 199 129
141 199 132
140 199 118
139 199 92
138 199 66
137 199 44
136 199 29
135 199 20
134 199 16
133 199 14
132 199 13
131 199 13
130 199 13
130 198 17
130 197 24
130 196 38
130 195 59
130 194 84
130 193 107
130 192 123
130 191 130
130 190 132
130 189 133
130 188 131
130 187 119
130 186 99
130 185 80
130 184 66
130 183 57
129 183 50
129 182 45
128 182 41
127 182 38
127 181 35
127 180 33
127 179 30
127 178 26
126 178 24
126 177 21
125 177 19
124 177 17
123 177 15
122 177 13
122 176 12
121 176 11
121 175 11
120 175 10
120 174 10
120 173 10
119 173 10
119 172 10
118 172 10
117 172 10
116 172 10
115 172 10
114 172 10
114 171 10
93 82 10
94 82 10
95 82 10
95 83 10
95 84 10
95 85 10
95 86 10
95 87 10
96 87 10
96 88 11
96 89 11
96 90 11
97 90 11
98 90 11
98 91 12
99 91 12
100 91 11
101 91 11
102 91 11
103 91 11
104 91 11
104 92 11
104 93 11
105 93 11
106 93 11
107 93 11
108 93 11
109 93 12
109 94 12
110 94 14
110 95 15
111 95 18
112 95 21
112 96 25
113 96 28
114 96 31
114 97 32
114 98 31
114 99 29
114 100 27
114 101 26
114 102 27
114 103 29
114 104 34
114 105 42
114 106 53
114 107 67
114 108 87
114 109 116
114 110 149
114 111 178
114 112 189
114 113 175
114 114 141
114 115 101
114 116 68
115 116 45
115 117 29
115 118 19
115 119 14
116 119 12
116 120 11
116 121 10
116 122 10
116 123 10
116 124 10
116 125 10
116 126 10
117 126 10
117 127 10
117 128 10
117 129 10
117 130 11
117 131 11
117 132 11
117 133 11
117 134 11
117 135 12
117 136 13
117 137 17
117 138 23
117 139 33
117 140 46
117 141 61
117 142 77
117 143 94
117 144 116
117 145 146
117 146 190
117 147 246
117 148 305
117 149 362
117 150 409
117 151 421
117 152 382
117 153 297
117 154 197
117 155 115
117 156 64
117 157 37
117 158 24
117 159 17
117 160 13
117 161 11
117 162 11
117 163 10
117 164 10
117 165 10
117 166 10
117 167 10
117 168 10
117 169 10
117 170 10
117 171 10
20 84 28
20 85 25
20 86 23
20 87 21
20 88 19
20 89 17
20 90 15
21 90 19
22 90 27
23 90 40
24 90 58
25 90 81
26 90 114
27 90 160
28 90 222
29 90 289
30 90 341
31 90 358
32 90 332
33 90 272
34 90 200
35 90 135
36 90 86
37 90 54
38 90 35
39 90 25
40 90 20
41 90 16
42 90 15
43 90 13
44 90 12
45 90 11
46 90 11
47 90 11
48 90 10
49 90 10
50 90 10
51 90 10
51 91 10
52 91 10
52 92 10
53 92 10
53 93 11
53 94 11
53 95 11
53 96 12
53 97 12
54 97 13
54 98 15
54 99 18
54 100 23
54 101 32
54 102 44
54 103 58
54 104 71
54 105 80
54 106 83
54 107 84
54 108 87
54 109 95
54 110 105
54 111 116
54 112 123
54 113 119
54 114 104
54 115 81
54 116 58
54 117 41
54 118 28
54 119 21
54 120 16
54 121 14
55 121 15
56 121 15
57 121 17
58 121 20
59 121 26
60 121 33
61 121 39
62 121 43
63 121 41
64 121 36
65 121 31
66 121 26
67 121 23
68 121 21
69 121 20
70 121 21
71 121 22
72 121 23
73 121 22
74 121 20
75 121 17
76 121 14
77 121 12
78 121 11
79 121 11
80 121 10
81 121 10
81 122 10
82 122 10
83 122 11
84 122 11
84 123 11
84 124 11
85 124 12
86 124 12
87 124 12
87 125 13
88 125 14
89 125 15
90 125 17
90 126 19
91 126 22
91 127 26
91 128 31
92 128 37
92 129 43
93 129 53
93 130 63
94 130 80
95 130 104
96 130 132
97 130 158
98 130 175
99 130 172
100 130 150
101 130 118
102 130 87
103 130 63
104 130 47
105 130 37
106 130 31
107 130 28
108 130 24
109 130 21
110 130 18
111 130 15
112 130 13
113 130 12
114 130 11
115 130 11
116 130 11
64 23 10
64 24 10
64 25 10
64 26 10
64 27 10
64 28 10
64 29 10
64 30 10
65 30 10
66 30 10
66 31 10
67 31 10
67 32 10
67 33 11
67 34 12
67 35 13
67 36 16
67 37 22
67 38 30
67 39 39
67 40 45
67 41 48
67 42 48
67 43 49
67 44 51
67 45 53
67 46 54
67 47 58
66 47 65
66 48 72
65 48 79
65 49 92
64 49 100
63 49 117
62 49 142
61 49 170
60 49 195
59 49 207
58 49 205
57 49 190
56 49 167
55 49 143
54 49 125
53 49 117
53 50 104
52 50 100
52 51 92
51 51 90
51 52 81
50 52 79
49 52 84
48 52 91
47 52 97
46 52 96
45 52 89
44 52 84
43 52 84
42 52 87
41 52 90
40 52 89
39 52 84
38 52 76
37 52 69
36 52 66
35 52 66
34 52 70
34 51 77
33 51 85
32 51 95
31 51 105
31 50 113
30 50 115
29 50 113
28 50 112
27 50 112
26 50 114
25 50 116
24 50 115
23 50 105
22 50 87
21 50 68
20 50 58
19 50 48
18 50 38
17 50 30
16 50 26
15 50 24
14 50 22
13 50 20
12 50 18
11 50 17
10 50 15
9 50 14
8 50 13
7 50 12
6 50 11
5 50 11
4 50 10
4 51 10
4 52 10
4 53 10
4 54 10
4 55 10
4 56 10
4 57 11
4 58 11
4 59 12
4 60 14
4 61 18
4 62 24
4 63 32
4 64 40
4 65 47
4 66 53
4 67 56
4 68 56
4 69 57
5 69 58
5 70 56
6 70 53
6 71 49
7 71 43
7 72 39
8 72 35
8 73 32
8 74 30
9 74 28
9 75 26
9 76 25
9 77 24
9 78 24
10 78 23
10 79 21
10 80 19
10 81 17
10 82 15
11 82 14
12 82 13
12 83 12
13 83 12
13 84 11
14 84 11
15 84 12
16 84 12
17 84 13
18 84 15
19 84 19
118 1 11
117 1 11
116 1 11
115 1 11
114 1 11
113 1 11
112 1 12
111 1 12
110 1 13
109 1 13
108 1 12
107 1 12
106 1 11
105 1 11
104 1 11
103 1 10
103 2 10
103 3 10
103 4 10
102 4 10
102 5 10
101 5 10
101 6 10
101 7 11
101 8 11
100 8 11
99 8 11
98 8 12
98 9 13
97 9 14
97 10 17
96 10 21
96 11 29
96 12 42
96 13 61
96 14 88
96 15 129
96 16 185
96 17 242
96 18 276
96 19 273
96 20 238
96 21 190
96 22 146
96 23 112
96 24 83
96 25 58
96 26 40
96 27 29
96 28 23
95 28 20
95 29 18
94 29 17
93 29 17
92 29 18
91 29 19
90 29 20
89 29 20
88 29 19
87 29 17
86 29 15
85 29 14
84 29 14
83 29 14
82 29 15
81 29 16
80 29 18
79 29 19
78 29 19
77 29 17
76 29 15
75 29 13
74 29 12
73 29 11
72 29 11
71 29 10
70 29 10
69 29 10
68 29 10
68 30 10
67 30 10
199 95 17
199 94 16
199 93 17
199 92 20
199 91 25
199 90 33
199 89 45
199 88 60
199 87 72
199 86 80
199 85 81
199 84 82
199 83 86
199 82 97
199 81 114
199 80 134
199 79 150
199 78 151
199 77 132
199 76 100
199 75 68
199 74 45
199 73 30
199 72 21
199 71 17
199 70 15
199 69 14
199 68 15
199 67 16
199 66 18
199 65 22
199 64 26
199 63 33
199 62 41
199 61 47
199 60 52
199 59 57
199 58 62
199 57 72
199 56 89
199 55 116
199 54 154
199 53 191
199 52 209
199 51 197
199 50 161
199 49 119
199 48 83
199 47 59
199 46 45
199 45 37
199 44 33
199 43 31
199 42 31
199 41 32
199 40 34
199 39 36
199 38 36
199 37 34
199 36 31
199 35 28
199 34 27
199 33 28
199 32 29
199 31 33
199 30 40
199 29 52
199 28 68
199 27 88
199 26 106
199 25 118
199 24 118
199 23 109
199 22 94
199 21 76
199 20 60
199 19 49
199 18 42
199 17 39
199 16 38
199 15 38
199 14 37
199 13 34
199 12 30
199 11 27
199 10 24
199 9 20
199 8 16
199 7 13
199 6 12
199 5 11
199 4 10
198 4 10
197 4 10
196 4 10
196 3 10
196 2 10
195 2 10
194 2 10
194 1 10
193 1 11
192 1 12
191 1 14
190 1 18
189 1 24
188 1 31
187 1 39
186 1 44
185 1 46
184 1 45
183 1 44
182 1 45
181 1 46
180 1 49
179 1 52
178 1 51
177 1 45
176 1 36
175 1 27
174 1 21
173 1 17
172 1 15
171 1 14
170 1 13
169 1 13
168 1 13
167 1 14
166 1 14
165 1 14
164 1 14
163 1 13
162 1 12
161 1 11
160 1 11
159 1 11
158 1 11
157 1 10
156 1 10
155 1 11
154 1 11
153 1 11
152 1 11
151 1 11
150 1 11
149 1 11
148 1 11
147 1 11
146 1 11
145 1 10
144 1 10
143 1 11
142 1 11
141 1 11
140 1 11
139 1 12
138 1 12
137 1 12
136 1 13
135 1 12
134 1 12
133 1 12
132 1 11
131 1 11
130 1 11
129 1 11
128 1 11
127 1 12
126 1 12
125 1 13
124 1 13
123 1 14
122 1 13
121 1 13
120 1 12
15 149 10
15 150 11
15 151 11
16 151 11
17 151 12
18 151 13
18 152 14
19 152 17
19 153 20
20 153 24
20 154 29
21 154 33
21 155 40
22 155 47
23 155 60
23 156 78
24 156 106
25 156 147
26 156 205
27 156 284
28 156 376
29 156 457
30 156 501
31 156 497
32 156 457
33 156 407
34 156 365
34 157 335
34 158 307
34 159 279
34 160 239
34 161 191
34 162 144
34 163 106
34 164 80
34 165 65
35 165 58
35 166 54
36 166 51
37 166 53
37 167 54
38 167 59
38 168 62
39 168 66
40 168 68
40 169 65
41 169 60
42 169 54
42 170 49
43 170 45
44 170 44
44 171 44
45 171 47
46 171 52
47 171 55
48 171 54
49 171 54
50 171 54
51 171 60
51 172 61
52 172 67
52 173 73
52 174 88
52 175 116
52 176 155
52 177 199
52 178 239
52 179 278
52 180 305
52 181 308
52 182 290
52 183 260
52 184 228
52 185 203
52 186 185
52 187 175
52 188 170
52 189 163
52 190 148
52 191 124
52 192 95
52 193 68
52 194 48
52 195 35
52 196 27
53 196 27
54 196 28
55 196 28
56 196 29
57 196 29
58 196 30
59 196 32
60 196 35
61 196 41
62 196 52
63 196 71
63 195 92
64 195 118
65 195 150
66 195 185
67 195 217
68 195 246
69 195 265
70 195 265
71 195 242
72 195 200
73 195 151
74 195 107
75 195 74
76 195 51
77 195 36
78 195 26
79 195 20
80 195 16
81 195 14
82 195 13
83 195 12
84 195 12
85 195 12
86 195 11
87 195 11
88 195 11
88 194 11
88 193 11
89 193 11
90 193 11
90 192 11
91 192 10
91 191 10
91 190 10
91 189 10
91 188 10
92 188 10
93 188 10
94 188 11
95 188 11
95 187 11
95 186 11
95 185 12
95 184 13
96 184 13
96 183 14
96 182 14
96 181 14
97 181 14
98 181 14
99 181 13
100 181 13
101 181 12
102 181 12
103 181 11
104 181 11
104 180 11
104 179 11
105 179 11
106 179 11
106 178 11
107 178 11
108 178 11
109 178 12
110 178 11
111 178 11
112 178 11
112 177 11
113 177 10
113 176 10
113 175 10
113 174 10
113 173 10
113 172 10
