9 192 14
84 189 10
57 76 11
126 149 36
54 116 11
4 21 18
47 21 13
42 157 11
16 59 15
98 67 93
41 157 11
40 157 11
39 157 11
38 157 11
38 158 11
38 159 12
37 159 12
37 160 12
36 160 13
35 160 14
35 161 15
35 162 17
35 163 19
34 163 22
34 164 25
33 164 29
33 165 34
32 165 39
32 166 45
32 167 52
31 167 58
31 168 66
31 169 75
30 169 85
29 169 99
28 169 116
27 169 136
26 169 158
25 169 181
24 169 201
23 169 218
22 169 229
21 169 235
20 169 232
19 169 221
18 169 201
17 169 177
16 169 153
15 169 133
15 170 113
14 170 95
14 171 80
14 172 66
14 173 54
14 174 44
13 174 37
13 175 30
13 176 25
13 177 22
12 177 18
11 177 16
11 178 14
10 178 13
10 179 12
10 180 11
10 181 11
10 182 11
9 182 10
9 183 10
9 184 10
9 185 10
9 186 10
9 187 10
9 188 11
9 189 11
9 190 11
9 191 12
55 116 10
55 117 11
55 118 11
55 119 11
55 120 11
55 121 12
55 122 12
55 123 13
55 124 14
55 125 15
55 126 16
55 127 16
55 128 16
55 129 15
55 130 15
55 131 14
55 132 13
55 133 12
55 134 11
55 135 11
55 136 11
55 137 10
55 138 10
55 139 10
55 140 10
55 141 10
55 142 11
55 143 11
55 144 11
54 144 11
54 145 11
54 146 11
53 146 11
52 146 11
51 146 11
50 146 11
49 146 11
49 147 11
48 147 11
48 148 11
48 149 10
48 150 10
48 151 10
47 151 10
47 152 10
46 152 10
45 152 10
45 153 10
45 154 10
44 154 10
43 154 10
43 155 10
43 156 11
42 156 11
57 77 11
57 78 11
57 79 12
57 80 12
57 81 13
57 82 13
57 83 14
57 84 14
57 85 14
57 86 14
57 87 13
57 88 13
57 89 12
57 90 12
57 91 11
57 92 11
57 93 11
57 94 11
57 95 11
57 96 11
57 97 11
57 98 11
57 99 11
57 100 11
57 101 11
57 102 11
57 103 11
57 104 11
57 105 11
57 106 11
57 107 11
57 108 11
57 109 11
57 110 11
57 111 11
57 112 11
57 113 11
57 114 10
56 114 10
55 114 10
55 115 10
98 66 69
98 65 51
98 64 37
98 63 27
98 62 20
98 61 15
98 60 13
98 59 11
98 58 11
98 57 10
97 57 10
97 56 10
96 56 10
95 56 10
94 56 10
94 55 10
93 55 10
93 54 10
93 53 10
93 52 10
92 52 10
91 52 10
90 52 11
89 52 11
88 52 11
87 52 12
86 52 12
85 52 13
84 52 13
83 52 13
82 52 13
81 52 12
80 52 12
79 52 11
78 52 11
77 52 11
76 52 10
75 52 10
74 52 10
73 52 10
73 53 10
72 53 10
72 54 10
72 55 10
71 55 10
70 55 10
70 56 10
70 57 10
69 57 10
68 57 10
67 57 10
66 57 10
65 57 10
64 57 10
64 58 10
64 59 10
63 59 10
62 59 10
62 60 10
62 61 10
62 62 11
62 63 11
62 64 11
62 65 11
62 66 11
61 66 11
61 67 11
61 68 11
61 69 11
61 70 11
60 70 11
60 71 11
60 72 11
60 73 11
59 73 11
59 74 11
59 75 11
58 75 11
57 75 11
47 22 13
47 23 14
48 23 14
48 24 15
49 24 15
49 25 16
50 25 16
50 26 17
50 27 18
51 27 19
51 28 21
51 29 23
51 30 24
51 31 26
51 32 28
52 32 30
52 33 32
52 34 35
53 34 38
53 35 41
54 35 44
54 36 48
55 36 51
55 37 55
56 37 57
56 38 61
57 38 63
57 39 67
58 39 69
58 40 72
59 40 74
59 41 73
59 42 71
59 43 67
60 43 61
60 44 53
60 45 45
60 46 37
61 46 30
61 47 24
62 47 20
62 48 16
62 49 14
62 50 12
62 51 11
62 52 11
62 53 11
62 54 10
62 55 10
62 56 10
62 57 10
62 58 10
4 20 15
4 19 13
5 19 13
6 19 13
7 19 12
8 19 12
9 19 11
10 19 11
11 19 11
12 19 11
13 19 11
14 19 10
15 19 10
16 19 10
17 19 10
18 19 10
19 19 10
20 19 10
21 19 10
22 19 10
23 19 10
24 19 10
25 19 11
26 19 11
27 19 11
28 19 11
29 19 11
30 19 11
31 19 11
32 19 11
33 19 11
34 19 11
35 19 11
36 19 11
37 19 11
38 19 11
39 19 11
40 19 11
41 19 11
42 19 11
43 19 11
44 19 11
45 19 11
46 19 11
46 20 12
47 20 12
15 59 15
15 58 15
15 57 16
15 56 17
15 55 18
15 54 19
15 53 21
15 52 22
15 51 25
15 50 27
15 49 31
15 48 36
15 47 44
15 46 53
15 45 65
15 44 78
15 43 91
15 42 102
15 41 112
15 40 118
15 39 122
15 38 122
15 37 120
15 36 116
15 35 109
15 34 101
15 33 91
15 32 81
15 31 72
15 30 62
15 29 52
15 28 42
15 27 34
15 26 27
15 25 22
15 24 17
15 23 14
15 22 12
15 21 11
15 20 11
125 149 22
124 149 16
124 148 15
124 147 14
124 146 14
124 145 14
124 144 15
124 143 16
124 142 17
124 141 19
124 140 21
124 139 25
125 139 30
125 138 36
125 137 43
126 137 53
126 136 65
126 135 81
127 135 99
127 134 122
127 133 150
128 133 181
128 132 217
129 132 257
129 131 300
130 131 340
131 131 375
132 131 401
133 131 415
134 131 417
135 131 404
136 131 372
137 131 324
138 131 267
139 131 211
140 131 161
141 131 121
142 131 91
142 130 68
143 130 52
143 129 42
144 129 34
145 129 29
146 129 25
146 128 23
147 128 21
148 128 20
149 128 19
150 128 19
150 127 19
151 127 19
151 126 20
151 125 21
151 124 23
152 124 25
152 123 27
152 122 30
152 121 32
152 120 34
152 119 35
152 118 35
152 117 34
153 117 32
153 116 30
153 115 29
154 115 26
154 114 25
155 114 23
155 113 21
156 113 20
156 112 18
157 112 17
157 111 16
157 110 15
158 110 14
158 109 14
159 109 13
159 108 12
159 107 12
159 106 12
159 105 12
159 104 12
159 103 11
159 102 11
159 101 11
159 100 11
159 99 11
159 98 11
159 97 11
159 96 11
159 95 11
159 94 10
159 93 10
159 92 10
159 91 10
159 90 10
159 89 10
159 88 10
159 87 10
159 86 10
159 85 10
159 84 10
159 83 11
159 82 11
159 81 11
159 80 12
159 79 12
159 78 13
159 77 14
159 76 15
159 75 15
159 74 16
159 73 16
159 72 15
159 71 14
159 70 13
159 69 12
159 68 12
159 67 11
159 66 11
159 65 11
159 64 11
159 63 11
159 62 11
159 61 11
158 61 11
158 60 11
157 60 11
156 60 11
155 60 11
154 60 12
154 59 12
154 58 13
153 58 14
152 58 16
151 58 19
150 58 23
150 57 28
149 57 37
148 57 49
147 57 62
146 57 76
145 57 87
144 57 96
143 57 102
142 57 108
141 57 115
141 56 123
140 56 131
140 55 144
139 55 156
138 55 174
138 54 191
137 54 216
137 53 238
136 53 265
136 52 287
135 52 310
134 52 331
133 52 347
132 52 355
131 52 350
130 52 331
129 52 299
128 52 257
127 52 211
126 52 165
125 52 124
124 52 89
123 52 63
122 52 45
121 52 32
120 52 24
119 52 18
118 52 15
117 52 13
116 52 12
115 52 11
114 52 11
113 52 10
112 52 10
111 52 10
110 52 10
109 52 10
108 52 10
107 52 10
106 52 10
105 52 10
104 52 10
103 52 10
102 52 10
101 52 10
100 52 10
99 52 10
98 52 10
97 52 10
96 52 10
95 52 10
94 52 10
84 188 10
85 188 10
85 187 10
85 186 10
85 185 10
85 184 10
86 184 10
87 184 10
87 183 10
87 182 10
87 181 10
87 180 11
87 179 11
87 178 12
87 177 13
87 176 14
88 176 15
88 175 17
88 174 19
88 173 21
88 172 23
88 171 25
88 170 28
88 169 32
89 169 36
89 168 41
90 168 47
90 167 54
91 167 63
91 166 72
92 166 84
92 165 96
93 165 109
93 164 123
94 164 135
95 164 147
96 164 157
97 164 164
98 164 166
99 164 162
100 164 151
101 164 136
102 164 117
103 164 97
104 164 77
105 164 62
105 163 47
105 162 39
106 162 30
106 161 25
107 161 20
107 160 17
108 160 15
109 160 13
109 159 12
110 159 12
111 159 11
112 159 11
112 158 11
112 157 11
113 157 10
114 157 10
114 156 10
115 156 10
116 156 10
117 156 10
117 155 10
117 154 10
118 154 10
118 153 10
118 152 10
118 151 10
118 150 10
118 149 10
119 149 10
120 149 11
121 149 11
122 149 11
123 149 13
