199 15 11
86 67 10
102 123 11
42 89 24
158 28 83
137 118 24
153 187 13
118 198 10
59 115 38
5 95 12
102 122 11
102 121 11
102 120 11
102 119 11
102 118 11
102 117 11
102 116 11
102 115 11
102 114 11
102 113 11
102 112 11
102 111 11
102 110 11
102 109 11
102 108 11
102 107 11
102 106 11
102 105 11
102 104 11
102 103 11
102 102 11
102 101 11
102 100 10
102 99 10
102 98 10
102 97 10
102 96 10
102 95 10
102 94 10
102 93 10
102 92 10
102 91 10
102 90 10
102 89 10
101 89 10
101 88 10
100 88 10
99 88 10
99 87 10
99 86 10
98 86 10
97 86 10
96 86 10
95 86 10
94 86 10
94 85 10
94 84 10
94 83 10
93 83 10
93 82 10
92 82 10
91 82 10
91 81 10
91 80 10
91 79 10
91 78 10
91 77 10
90 77 10
90 76 10
90 75 10
89 75 10
89 74 10
89 73 10
88 73 10
88 72 10
87 72 10
87 71 10
87 70 10
87 69 10
87 68 10
87 67 10
136 118 20
135 118 17
134 118 15
133 118 14
132 118 13
131 118 13
130 118 12
129 118 12
128 118 12
127 118 11
126 118 11
125 118 11
124 118 11
123 118 11
122 118 11
121 118 11
120 118 11
119 118 11
118 118 11
117 118 11
116 118 11
115 118 11
114 118 11
113 118 11
112 118 11
111 118 11
110 118 11
109 118 11
108 118 11
107 118 11
106 118 11
105 118 11
104 118 11
103 118 11
43 89 29
44 89 35
45 89 39
46 89 41
47 89 40
48 89 37
49 89 32
50 89 27
51 89 24
52 89 21
53 89 18
54 89 16
55 89 14
56 89 13
57 89 12
58 89 12
59 89 11
60 89 11
61 89 11
62 89 11
62 88 11
63 88 11
64 88 12
65 88 12
66 88 12
67 88 12
68 88 12
69 88 13
70 88 13
71 88 13
72 88 13
73 88 12
74 88 12
75 88 11
76 88 11
77 88 11
78 88 10
79 88 10
80 88 10
81 88 10
82 88 10
83 88 10
84 88 10
85 88 10
86 88 10
87 88 10
88 88 10
89 88 10
90 88 10
91 88 10
92 88 10
93 88 10
94 88 10
94 87 10
59 114 35
59 113 33
59 112 32
59 111 32
59 110 32
59 109 32
59 108 31
59 107 29
59 106 27
59 105 24
59 104 21
59 103 18
59 102 16
59 101 15
59 100 14
59 99 13
59 98 13
59 97 13
59 96 13
59 95 12
59 94 12
59 93 12
59 92 12
59 91 12
59 90 11
6 95 12
7 95 11
8 95 11
9 95 11
10 95 12
11 95 12
12 95 12
13 95 13
14 95 14
15 95 14
16 95 15
17 95 15
18 95 14
19 95 14
19 94 14
19 93 14
19 92 14
19 91 13
19 90 13
20 90 12
21 90 12
22 90 13
23 90 13
24 90 14
25 90 15
26 90 17
27 90 18
28 90 19
29 90 19
30 90 18
31 90 17
32 90 16
33 90 14
34 90 14
35 90 13
36 90 13
37 90 14
38 90 14
39 90 15
39 89 16
40 89 18
41 89 20
118 197 10
118 196 10
118 195 10
118 194 10
118 193 10
118 192 10
118 191 10
118 190 10
118 189 10
118 188 10
118 187 10
118 186 11
118 185 11
118 184 11
118 183 11
118 182 11
118 181 11
118 180 11
118 179 11
118 178 10
118 177 10
118 176 10
118 175 10
118 174 10
118 173 10
118 172 10
118 171 10
118 170 10
118 169 10
118 168 10
118 167 10
118 166 10
118 165 10
118 164 10
118 163 10
118 162 11
118 161 11
118 160 11
118 159 11
118 158 12
118 157 12
118 156 12
118 155 12
118 154 12
118 153 11
118 152 11
118 151 11
118 150 11
118 149 11
118 148 11
118 147 10
118 146 10
118 145 11
118 144 11
118 143 11
118 142 11
118 141 11
118 140 11
118 139 11
118 138 11
118 137 11
118 136 11
118 135 11
118 134 11
118 133 11
118 132 11
118 131 11
118 130 11
118 129 11
118 128 11
118 127 11
118 126 11
118 125 11
118 124 11
118 123 11
118 122 11
118 121 10
118 120 11
118 119 11
152 187 12
151 187 12
150 187 11
149 187 11
148 187 11
147 187 10
146 187 10
145 187 10
144 187 10
143 187 10
142 187 10
141 187 10
140 187 10
139 187 10
138 187 10
137 187 11
136 187 10
135 187 10
134 187 10
133 187 10
132 187 10
131 187 10
130 187 10
129 187 10
128 187 10
127 187 10
126 187 10
125 187 10
124 187 10
123 187 10
122 187 10
121 187 10
120 187 10
119 187 10
158 27 68
158 26 54
158 25 43
159 25 36
160 25 30
160 24 25
161 24 21
161 23 19
162 23 17
163 23 16
164 23 16
165 23 16
166 23 17
167 23 17
168 23 17
169 23 18
170 23 18
171 23 19
172 23 20
173 23 20
174 23 20
175 23 20
176 23 18
177 23 16
178 23 14
179 23 13
180 23 12
181 23 12
182 23 11
183 23 11
184 23 11
185 23 10
186 23 10
187 23 10
188 23 10
189 23 10
190 23 10
190 22 10
190 21 10
190 20 10
190 19 10
191 19 10
191 18 10
191 17 10
192 17 10
192 16 10
192 15 10
193 15 10
194 15 11
195 15 11
196 15 11
197 15 11
198 15 11
