68 50 140
182 93 15
136 22 223
110 186 18
24 118 10
24 117 10
24 116 10
24 115 10
24 114 10
24 113 10
24 112 10
24 111 10
24 110 10
24 109 10
25 109 10
25 108 10
25 107 10
25 106 11
25 105 12
25 104 13
25 103 16
25 102 21
25 101 28
25 100 40
25 99 54
25 98 67
25 97 72
25 96 67
25 95 55
25 94 41
25 93 31
25 92 23
25 91 18
25 90 15
25 89 14
25 88 13
25 87 13
26 87 12
26 86 12
26 85 12
26 84 12
26 83 12
26 82 12
26 81 12
26 80 12
26 79 11
26 78 11
26 77 11
26 76 11
26 75 11
26 74 11
26 73 11
26 72 11
26 71 11
26 70 12
26 69 13
27 69 14
28 69 16
28 68 19
29 68 23
30 68 28
31 68 35
31 67 40
32 67 47
32 66 51
33 66 55
33 65 57
34 65 57
34 64 56
35 64 54
36 64 53
36 63 52
37 63 51
38 63 49
39 63 49
40 63 49
41 63 48
42 63 46
43 63 41
44 63 36
44 62 30
45 62 24
46 62 20
46 61 17
47 61 15
48 61 14
48 60 13
49 60 12
50 60 12
51 60 12
51 59 11
51 58 11
52 58 11
53 58 11
53 57 11
53 56 11
53 55 11
54 55 11
54 54 12
54 53 12
54 52 12
54 51 12
54 50 12
55 50 12
56 50 13
57 50 14
58 50 16
59 50 17
60 50 20
61 50 23
62 50 27
63 50 34
64 50 44
65 50 57
66 50 77
67 50 103
135 22 227
134 22 206
133 22 166
132 22 121
131 22 84
130 22 57
129 22 42
128 22 33
127 22 30
127 21 27
127 20 24
126 20 23
125 20 23
124 20 24
123 20 26
122 20 29
121 20 33
120 20 41
119 20 53
118 20 71
117 20 97
116 20 133
115 20 178
114 20 233
113 20 297
112 20 367
111 20 430
110 20 471
109 20 477
108 20 449
107 20 394
106 20 330
105 20 269
104 20 218
103 20 175
102 20 135
101 20 119
101 21 100
101 22 90
100 22 80
100 23 74
99 23 67
99 24 65
99 25 63
99 26 61
98 26 58
98 27 56
98 28 56
98 29 58
98 30 57
98 31 51
98 32 41
98 33 30
98 34 22
98 35 16
98 36 13
97 36 12
97 37 11
96 37 11
96 38 10
95 38 10
95 39 10
94 39 10
93 39 11
92 39 11
91 39 12
90 39 13
89 39 14
88 39 15
87 39 15
86 39 16
85 39 17
84 39 18
83 39 20
82 39 22
81 39 24
80 39 27
79 39 30
78 39 33
77 39 34
76 39 34
75 39 30
74 39 25
73 39 20
72 39 17
71 39 15
70 39 13
69 39 13
68 39 12
67 39 12
66 39 13
66 40 13
65 40 13
65 41 13
65 42 13
64 42 12
64 43 12
63 43 12
63 44 12
63 45 12
63 46 13
63 47 14
63 48 18
63 49 24
109 186 16
108 186 15
107 186 14
106 186 13
105 186 12
104 186 12
103 186 12
102 186 12
102 185 13
102 184 16
102 183 20
102 182 25
102 181 33
102 180 42
102 179 54
102 178 73
102 177 103
102 176 150
102 175 216
102 174 294
102 173 370
102 172 420
102 171 427
102 170 391
102 169 329
102 168 266
102 167 218
102 166 188
101 166 161
101 165 142
100 165 121
100 164 109
100 163 104
100 162 100
100 161 95
100 160 85
100 159 71
100 158 55
100 157 42
100 156 32
100 155 24
100 154 19
100 153 17
99 153 15
99 152 14
98 152 14
98 151 13
97 151 13
97 150 12
96 150 12
95 150 12
95 149 12
94 149 12
93 149 11
92 149 11
91 149 11
90 149 11
90 148 11
89 148 11
89 147 11
88 147 11
87 147 11
86 147 11
85 147 11
84 147 11
84 146 10
83 146 10
82 146 10
81 146 10
80 146 10
79 146 10
78 146 10
77 146 10
76 146 10
75 146 10
74 146 10
73 146 10
72 146 10
71 146 10
70 146 10
69 146 10
68 146 10
68 145 10
67 145 10
66 145 11
65 145 11
64 145 12
63 145 14
62 145 15
61 145 17
60 145 17
59 145 16
58 145 15
57 145 14
56 145 12
55 145 12
54 145 11
53 145 11
52 145 11
51 145 11
50 145 10
49 145 10
48 145 10
47 145 10
46 145 10
46 144 10
46 143 10
45 143 11
44 143 11
44 142 11
44 141 11
44 140 12
43 140 12
43 139 14
43 138 17
43 137 24
43 136 37
43 135 59
43 134 91
43 133 130
43 132 168
43 131 195
43 130 205
43 129 200
43 128 190
43 127 181
43 126 179
43 125 182
43 124 184
43 123 181
42 123 168
42 122 154
42 121 146
41 121 130
41 120 122
40 120 109
40 119 102
39 119 88
38 119 80
38 118 69
37 118 58
36 118 49
36 117 40
35 117 33
34 117 29
33 117 26
32 117 24
31 117 21
30 117 18
29 117 15
28 117 13
27 117 11
26 117 11
25 117 10
