198 106 11
94 138 13
119 70 10
192 7 14
47 197 20
14 54 10
158 181 10
157 181 10
156 181 10
156 180 10
155 180 10
154 180 10
153 180 10
152 180 10
152 179 10
151 179 10
150 179 10
150 178 10
149 178 10
148 178 10
148 177 10
148 176 10
148 175 10
148 174 10
148 173 10
148 172 10
147 172 10
147 171 10
147 170 10
147 169 11
147 168 11
147 167 11
147 166 12
147 165 11
147 164 11
147 163 11
147 162 11
147 161 11
147 160 10
147 159 10
147 158 11
147 157 11
147 156 11
147 155 12
148 155 14
149 155 17
150 155 20
151 155 23
152 155 27
153 155 31
153 154 34
153 153 38
154 153 41
155 153 43
156 153 44
157 153 41
158 153 34
159 153 27
160 153 20
161 153 16
161 152 13
161 151 12
162 151 11
162 150 11
163 150 10
163 149 10
163 148 10
163 147 10
164 147 10
165 147 10
165 146 10
166 146 10
167 146 10
167 145 10
167 144 10
168 144 10
169 144 10
169 143 10
169 142 10
169 141 10
169 140 10
170 140 10
171 140 10
171 139 10
172 139 10
173 139 10
173 138 10
173 137 10
174 137 10
174 136 10
175 136 10
175 135 10
175 134 10
175 133 10
176 133 10
177 133 10
178 133 10
178 132 10
178 131 10
179 131 10
180 131 10
181 131 10
182 131 10
183 131 10
184 131 10
185 131 10
185 130 10
186 130 10
187 130 10
188 130 10
189 130 10
190 130 11
191 130 11
192 130 11
193 130 12
194 130 12
195 130 13
196 130 13
197 130 13
198 130 13
199 130 12
199 129 13
199 128 15
199 127 18
199 126 25
199 125 34
199 124 45
199 123 52
199 122 52
199 121 47
199 120 40
199 119 35
199 118 32
199 117 31
199 116 31
199 115 33
199 114 33
199 113 32
199 112 28
199 111 23
199 110 18
199 109 15
199 108 13
199 107 12
199 106 11
47 196 15
47 195 12
47 194 11
47 193 11
47 192 10
47 191 10
48 191 10
49 191 11
49 190 11
49 189 11
50 189 12
51 189 13
51 188 13
51 187 15
52 187 17
52 186 18
52 185 21
53 185 24
53 184 28
54 184 32
54 183 38
55 183 43
56 183 51
56 182 56
57 182 61
57 181 63
58 181 62
59 181 57
60 181 49
61 181 39
61 180 30
62 180 22
62 179 17
62 178 14
63 178 12
64 178 11
65 178 11
66 178 11
67 178 11
68 178 11
69 178 12
70 178 12
71 178 13
72 178 13
73 178 14
74 178 14
75 178 14
76 178 14
77 178 16
78 178 19
79 178 26
80 178 35
81 178 43
82 178 45
83 178 40
84 178 31
85 178 23
86 178 17
87 178 14
88 178 12
89 178 11
90 178 11
91 178 10
92 178 10
93 178 10
94 178 10
95 178 10
96 178 10
97 178 10
98 178 10
99 178 10
100 178 10
101 178 10
102 178 10
102 179 10
102 180 10
103 180 10
104 180 10
105 180 10
105 181 10
106 181 10
106 182 10
107 182 10
107 183 10
107 184 10
108 184 10
109 184 11
109 185 11
109 186 11
110 186 12
111 186 14
112 186 17
112 187 21
112 188 26
113 188 32
114 188 40
115 188 46
116 188 47
117 188 41
118 188 32
119 188 24
120 188 18
121 188 15
122 188 13
123 188 12
124 188 12
125 188 12
126 188 12
127 188 13
128 188 15
129 188 17
130 188 22
131 188 26
132 188 31
133 188 34
134 188 37
135 188 39
136 188 42
136 187 42
137 187 41
137 186 37
138 186 33
138 185 28
139 185 23
139 184 19
140 184 16
140 183 14
140 182 13
141 182 12
142 182 11
143 182 11
144 182 11
144 181 10
145 181 10
146 181 10
147 181 10
148 181 10
148 180 10
148 179 10
14 53 10
14 52 10
14 51 10
15 51 10
16 51 10
17 51 10
18 51 10
18 50 10
19 50 10
20 50 10
21 50 10
22 50 10
23 50 10
24 50 10
25 50 10
26 50 10
27 50 10
28 50 10
29 50 10
29 49 10
29 48 10
30 48 10
31 48 10
31 47 10
31 46 10
31 45 10
31 44 10
32 44 10
32 43 11
32 42 11
32 41 12
33 41 14
33 40 16
33 39 18
33 38 22
34 38 25
34 37 30
35 37 33
36 37 37
36 36 39
37 36 43
37 35 46
37 34 51
37 33 54
38 33 54
38 32 55
39 32 55
39 31 52
39 30 49
40 30 43
41 30 37
42 30 31
43 30 26
44 30 22
45 30 18
46 30 15
47 30 13
48 30 12
49 30 11
50 30 11
51 30 10
52 30 10
53 30 10
54 30 10
55 30 10
56 30 10
57 30 10
58 30 10
59 30 10
60 30 10
61 30 10
62 30 10
63 30 10
64 30 10
65 30 10
66 30 10
67 30 11
68 30 11
69 30 11
70 30 11
71 30 11
72 30 12
73 30 12
74 30 12
75 30 12
76 30 11
77 30 11
78 30 10
79 30 10
80 30 10
81 30 10
82 30 10
83 30 10
84 30 10
85 30 10
86 30 10
87 30 10
88 30 10
89 30 10
90 30 10
90 31 10
90 32 10
91 32 10
91 33 10
91 34 10
92 34 10
93 34 10
93 35 10
94 35 10
94 36 10
94 37 10
94 38 10
95 38 10
96 38 10
97 38 10
97 39 10
97 40 10
98 40 10
99 40 10
99 41 10
100 41 11
100 42 11
100 43 11
100 44 12
101 44 12
102 44 13
103 44 14
103 45 16
103 46 20
104 46 24
105 46 32
105 47 41
105 48 55
106 48 66
106 49 74
106 50 75
106 51 72
107 51 62
107 52 53
108 52 45
108 53 39
109 53 33
110 53 29
111 53 24
112 53 20
113 53 17
114 53 15
115 53 14
116 53 13
117 53 12
118 53 11
118 54 11
118 55 11
118 56 10
118 57 10
118 58 10
118 59 10
118 60 10
118 61 10
118 62 10
118 63 10
118 64 10
118 65 10
118 66 10
118 67 10
118 68 10
118 69 10
119 69 10
