98 97 10
149 92 11
9 158 25
185 163 10
13 5 23
9 56 104
89 64 147
87 29 18
101 164 10
119 21 22
59 120 784
9 96 16
10 96 18
11 96 22
12 96 27
13 96 35
14 96 43
15 96 48
16 96 47
17 96 43
18 96 37
19 96 33
20 96 30
21 96 27
22 96 24
23 96 21
23 97 19
23 98 17
23 99 15
23 100 14
23 101 13
23 102 12
23 103 12
24 103 12
24 104 12
25 104 12
25 105 13
25 106 14
25 107 16
25 108 17
25 109 19
25 110 20
25 111 21
25 112 22
25 113 25
25 114 30
25 115 40
25 116 54
25 117 72
25 118 89
25 119 101
25 120 107
25 121 107
25 122 104
25 123 100
25 124 98
25 125 98
25 126 98
25 127 94
25 128 84
25 129 67
25 130 48
25 131 32
25 132 21
25 133 16
25 134 13
25 135 12
24 135 12
24 136 11
24 137 11
23 137 11
23 138 10
22 138 10
21 138 10
20 138 10
19 138 10
18 138 10
18 139 10
17 139 10
16 139 10
15 139 10
14 139 10
13 139 10
13 140 10
13 141 10
13 142 10
13 143 10
13 144 10
13 145 10
13 146 10
13 147 10
13 148 10
13 149 10
13 150 10
13 151 10
13 152 11
13 153 11
13 154 11
12 154 11
12 155 11
11 155 12
10 155 12
10 156 14
10 157 16
9 157 19
9 57 140
9 58 183
9 59 219
9 60 234
9 61 219
9 62 186
9 63 151
9 64 122
9 65 102
9 66 83
9 67 65
9 68 51
9 69 42
9 70 39
9 71 39
8 71 41
8 72 46
8 73 53
8 74 59
8 75 62
8 76 63
8 77 65
8 78 65
8 79 59
8 80 49
8 81 36
8 82 26
8 83 19
8 84 15
8 85 13
8 86 12
8 87 11
8 88 11
8 89 11
8 90 11
8 91 11
8 92 11
8 93 11
8 94 12
9 94 12
9 95 14
87 30 15
87 31 13
87 32 12
87 33 11
87 34 11
87 35 11
87 36 11
87 37 11
87 38 10
87 39 10
87 40 10
87 41 10
87 42 10
86 42 10
86 43 10
85 43 10
85 44 10
84 44 10
83 44 10
82 44 10
82 45 10
81 45 10
81 46 10
81 47 10
80 47 10
79 47 10
79 48 10
78 48 10
78 49 10
78 50 10
77 50 10
76 50 10
76 51 10
76 52 10
75 52 10
74 52 10
73 52 10
72 52 11
71 52 11
70 52 11
69 52 11
68 52 11
67 52 11
66 52 11
65 52 11
64 52 11
63 52 11
62 52 10
61 52 10
60 52 10
59 52 10
58 52 10
57 52 10
56 52 11
55 52 11
54 52 11
53 52 12
52 52 12
51 52 12
50 52 11
49 52 11
48 52 11
47 52 11
46 52 11
45 52 11
44 52 10
43 52 10
42 52 10
41 52 10
40 52 10
39 52 10
38 52 10
37 52 10
36 52 10
35 52 10
34 52 10
33 52 11
32 52 11
31 52 11
30 52 10
29 52 10
28 52 10
27 52 10
26 52 10
25 52 10
24 52 10
23 52 10
22 52 10
21 52 11
20 52 11
19 52 12
18 52 13
17 52 13
16 52 14
15 52 14
14 52 15
13 52 16
12 52 17
11 52 20
11 53 25
11 54 32
11 55 42
10 55 56
10 56 75
118 21 18
117 21 16
116 21 15
115 21 14
114 21 13
113 21 12
112 21 11
111 21 11
110 21 10
109 21 10
108 21 10
107 21 10
106 21 10
105 21 10
104 21 10
103 21 10
102 21 10
101 21 10
100 21 10
99 21 10
98 21 10
97 21 10
97 22 10
97 23 10
97 24 10
96 24 10
95 24 10
94 24 10
93 24 10
93 25 10
92 25 10
92 26 11
92 27 11
92 28 12
91 28 12
90 28 13
90 29 14
89 29 15
88 29 16
89 63 105
89 62 80
89 61 63
89 60 52
89 59 43
89 58 34
89 57 26
89 56 20
89 55 16
89 54 13
89 53 12
89 52 11
89 51 10
89 50 10
89 49 10
89 48 10
89 47 10
89 46 10
89 45 10
89 44 10
88 44 10
87 44 10
86 44 10
100 164 10
99 164 10
98 164 10
97 164 10
96 164 10
95 164 10
94 164 10
93 164 10
92 164 10
91 164 10
91 165 10
91 166 10
91 167 10
91 168 10
90 168 10
89 168 10
88 168 11
87 168 11
86 168 12
85 168 12
84 168 12
83 168 12
82 168 11
81 168 11
80 168 11
79 168 11
78 168 11
77 168 10
76 168 10
75 168 10
74 168 10
73 168 11
72 168 11
71 168 11
70 168 11
69 168 11
68 168 11
67 168 11
66 168 11
65 168 11
65 169 11
64 169 10
63 169 10
63 170 10
63 171 10
62 171 10
61 171 11
60 171 11
60 172 11
60 173 11
59 173 11
58 173 11
57 173 12
57 174 12
56 174 12
56 175 12
55 175 13
55 176 13
55 177 13
54 177 14
53 177 15
52 177 16
51 177 19
50 177 21
49 177 24
48 177 26
47 177 26
46 177 25
45 177 24
44 177 23
43 177 23
42 177 25
41 177 29
40 177 36
39 177 45
38 177 52
37 177 56
36 177 55
35 177 53
34 177 50
33 177 51
32 177 57
31 177 69
30 177 88
29 177 114
28 177 149
27 177 193
26 177 230
25 177 243
24 177 223
23 177 180
22 177 133
21 177 95
20 177 68
19 177 50
18 177 40
18 176 32
18 175 28
17 175 24
17 174 23
16 174 22
15 174 21
14 174 20
13 174 19
12 174 18
11 174 16
10 174 14
10 173 13
10 172 13
10 171 13
10 170 14
10 169 15
10 168 18
10 167 20
10 166 23
10 165 27
10 164 33
10 163 38
10 162 41
10 161 39
10 160 33
10 159 25
10 158 20
60 120 698
61 120 621
62 120 564
63 120 540
64 120 535
65 120 529
66 120 504
67 120 452
68 120 378
69 120 300
70 120 232
71 120 179
72 120 134
73 120 93
74 120 61
75 120 39
76 120 28
77 120 22
78 120 19
79 120 17
80 120 17
81 120 16
82 120 16
83 120 15
84 120 13
85 120 12
86 120 11
87 120 11
88 120 10
88 119 10
88 118 10
88 117 10
89 117 10
89 116 10
90 116 10
90 115 11
90 114 11
90 113 11
91 113 11
92 113 11
92 112 11
92 111 11
92 110 11
92 109 10
93 109 10
93 108 10
93 107 10
94 107 10
94 106 10
95 106 10
95 105 10
95 104 10
96 104 10
96 103 10
96 102 10
96 101 10
97 101 10
97 100 10
97 99 10
97 98 10
97 97 10
13 6 25
13 7 27
13 8 28
13 9 31
13 10 37
13 11 50
14 11 68
14 12 97
15 12 132
16 12 180
16 13 250
16 14 358
16 15 499
16 16 673
16 17 864
16 18 1023
16 19 1097
16 20 1061
16 21 932
16 22 762
16 23 602
16 24 473
16 25 368
16 26 278
16 27 208
16 28 158
16 29 123
16 30 99
16 31 81
16 32 66
16 33 52
16 34 40
16 35 31
16 36 26
17 36 24
17 37 22
17 38 21
18 38 20
19 38 19
19 39 19
19 40 19
19 41 19
19 42 18
19 43 16
19 44 14
19 45 13
19 46 12
19 47 11
19 48 11
19 49 11
19 50 11
19 51 11
184 163 10
183 163 10
182 163 10
181 163 10
180 163 10
179 163 10
178 163 10
177 163 10
176 163 10
175 163 10
174 163 10
173 163 10
172 163 10
171 163 10
170 163 10
169 163 10
168 163 10
167 163 10
166 163 10
165 163 11
164 163 11
163 163 11
162 163 11
161 163 12
160 163 12
159 163 12
158 163 13
157 163 13
157 164 13
156 164 15
155 164 17
154 164 21
153 164 28
152 164 39
151 164 55
150 164 77
149 164 106
148 164 142
147 164 186
147 165 229
147 166 271
146 166 303
146 167 334
145 167 363
145 168 406
144 168 451
143 168 545
142 168 696
141 168 887
140 168 1113
139 168 1360
138 168 1577
137 168 1700
136 168 1690
135 168 1547
134 168 1315
133 168 1056
132 168 818
131 168 611
130 168 425
129 168 279
128 168 182
127 168 126
126 168 96
125 168 80
124 168 71
123 168 62
122 168 52
121 168 42
120 168 35
119 168 30
118 168 26
117 168 21
116 168 17
115 168 14
114 168 12
113 168 11
112 168 10
111 168 10
110 168 10
109 168 10
108 168 10
107 168 10
106 168 10
105 168 10
104 168 10
103 168 10
103 167 10
103 166 10
102 166 10
102 165 10
101 165 10
