51 14 15
137 34 10
86 169 66
28 78 11
144 94 10
185 57 10
184 57 10
183 57 10
183 56 10
183 55 10
182 55 10
182 54 10
182 53 10
181 53 10
181 52 10
181 51 10
181 50 10
181 49 10
181 48 10
181 47 10
181 46 10
181 45 10
180 45 10
180 44 10
180 43 10
180 42 10
180 41 10
180 40 10
180 39 10
179 39 10
179 38 10
178 38 11
177 38 11
176 38 12
175 38 13
175 37 14
174 37 15
173 37 16
172 37 18
172 36 21
171 36 25
170 36 31
169 36 40
168 36 52
167 36 68
166 36 88
165 36 107
164 36 116
163 36 110
162 36 91
161 36 67
160 36 48
159 36 34
158 36 25
157 36 19
156 36 15
155 36 13
155 35 11
154 35 11
153 35 10
152 35 10
151 35 10
150 35 10
149 35 10
148 35 10
147 35 10
146 35 10
145 35 10
144 35 10
143 35 10
142 35 10
141 35 10
140 35 10
139 35 10
138 35 10
137 35 10
144 93 10
144 92 10
144 91 10
144 90 10
144 89 10
144 88 10
144 87 10
144 86 10
144 85 10
144 84 11
144 83 11
144 82 11
145 82 12
146 82 12
147 82 13
148 82 14
149 82 15
149 81 16
150 81 17
151 81 19
151 80 21
152 80 23
152 79 25
152 78 28
153 78 30
153 77 32
154 77 34
154 76 36
155 76 38
155 75 41
156 75 44
156 74 48
157 74 51
158 74 54
158 73 58
159 73 59
160 73 62
160 72 61
161 72 59
161 71 53
162 71 45
163 71 36
163 70 29
164 70 22
165 70 18
165 69 15
166 69 13
167 69 12
167 68 12
168 68 11
169 68 11
170 68 11
170 67 11
170 66 10
171 66 10
171 65 10
172 65 10
173 65 10
174 65 10
175 65 10
176 65 10
177 65 10
177 64 10
177 63 10
178 63 10
178 62 10
178 61 10
179 61 10
180 61 10
181 61 10
181 60 10
181 59 10
181 58 10
182 58 10
182 57 10
87 169 52
87 170 41
88 170 36
89 170 34
90 170 32
91 170 29
92 170 26
93 170 23
94 170 21
95 170 19
96 170 17
97 170 14
98 170 12
99 170 11
100 170 10
101 170 10
101 169 10
102 169 10
103 169 10
104 169 10
104 168 10
104 167 10
105 167 10
105 166 10
106 166 10
106 165 10
106 164 10
106 163 10
107 163 10
108 163 10
109 163 10
109 162 10
110 162 10
110 161 10
111 161 10
111 160 11
111 159 11
111 158 12
111 157 14
111 156 15
111 155 17
111 154 19
111 153 20
111 152 21
111 151 21
111 150 21
111 149 21
111 148 22
112 148 24
113 148 25
114 148 26
115 148 27
115 147 29
116 147 31
117 147 35
118 147 42
119 147 51
120 147 60
121 147 68
122 147 69
123 147 64
124 147 53
125 147 42
126 147 34
127 147 30
127 146 27
128 146 25
128 145 23
128 144 22
129 144 21
129 143 20
129 142 19
130 142 18
131 142 17
132 142 16
133 142 14
133 141 13
133 140 12
134 140 11
135 140 11
136 140 10
136 139 10
136 138 10
136 137 10
136 136 10
136 135 10
137 135 10
138 135 10
138 134 10
138 133 10
138 132 10
139 132 10
140 132 10
140 131 10
140 130 10
140 129 10
140 128 10
141 128 10
141 127 10
141 126 10
141 125 10
141 124 10
141 123 10
141 122 10
142 122 10
142 121 10
142 120 10
142 119 10
142 118 10
142 117 10
142 116 10
142 115 10
142 114 10
142 113 10
142 112 10
142 111 10
142 110 10
142 109 10
142 108 10
142 107 10
142 106 10
142 105 10
142 104 10
142 103 10
142 102 10
142 101 10
142 100 10
142 99 10
142 98 10
142 97 10
143 97 10
143 96 10
143 95 10
144 95 10
28 79 11
28 80 10
28 81 10
29 81 10
30 81 11
31 81 11
32 81 11
33 81 12
34 81 12
35 81 12
36 81 12
37 81 13
38 81 13
39 81 15
40 81 17
41 81 21
42 81 28
43 81 37
44 81 48
45 81 59
46 81 66
47 81 69
48 81 69
49 81 65
50 81 58
51 81 52
52 81 49
52 80 48
52 79 47
52 78 47
53 78 46
53 77 47
54 77 50
54 76 54
54 75 60
55 75 65
55 74 69
56 74 69
56 73 63
56 72 54
57 72 43
57 71 32
58 71 24
59 71 19
60 71 15
61 71 14
62 71 12
63 71 12
64 71 11
65 71 11
66 71 11
67 71 10
68 71 10
69 71 10
70 71 10
71 71 10
72 71 10
73 71 10
74 71 10
75 71 10
76 71 10
77 71 10
78 71 11
79 71 11
80 71 12
81 71 14
82 71 18
83 71 24
84 71 30
85 71 36
86 71 38
87 71 35
88 71 31
89 71 27
90 71 25
91 71 24
92 71 23
93 71 22
94 71 21
95 71 19
96 71 19
97 71 19
98 71 20
99 71 21
100 71 24
101 71 26
102 71 26
103 71 25
104 71 24
105 71 21
106 71 18
107 71 15
108 71 13
109 71 12
110 71 11
111 71 11
112 71 10
113 71 10
114 71 10
115 71 10
116 71 10
117 71 10
117 72 10
117 73 10
117 74 10
117 75 10
118 75 10
119 75 10
120 75 10
121 75 10
121 76 10
122 76 10
123 76 10
124 76 10
125 76 10
126 76 10
127 76 10
128 76 10
129 76 10
130 76 10
131 76 10
132 76 10
133 76 10
133 77 10
133 78 10
134 78 10
135 78 10
135 79 10
135 80 10
136 80 10
137 80 10
137 81 10
138 81 10
139 81 10
139 82 10
140 82 10
141 82 11
142 82 11
143 82 11
