99 2 291
149 53 36
116 73 11
122 155 11
0 103 10
96 170 17
2 37 61
184 56 45
197 164 191
130 28 10
57 43 173
130 29 10
130 30 10
130 31 10
130 32 10
130 33 10
130 34 10
130 35 10
130 36 10
131 36 10
131 37 10
132 37 10
132 38 10
133 38 11
134 38 11
135 38 11
136 38 11
137 38 11
138 38 11
139 38 10
139 39 10
140 39 10
141 39 10
141 40 10
141 41 10
142 41 10
143 41 10
143 42 10
144 42 10
145 42 11
146 42 11
146 43 11
146 44 11
147 44 11
147 45 11
148 45 11
148 46 12
149 46 12
149 47 13
149 48 14
149 49 16
149 50 18
149 51 21
149 52 27
116 72 10
116 71 10
116 70 10
116 69 10
116 68 10
116 67 10
116 66 10
116 65 10
116 64 10
116 63 10
116 62 10
116 61 10
116 60 10
116 59 10
116 58 10
116 57 10
116 56 10
116 55 10
116 54 10
116 53 10
116 52 10
116 51 10
116 50 10
116 49 10
116 48 10
116 47 10
116 46 10
116 45 10
116 44 10
116 43 10
116 42 10
116 41 10
117 41 10
118 41 10
118 40 10
118 39 10
119 39 10
120 39 10
121 39 10
122 39 10
123 39 10
124 39 10
125 39 10
125 38 10
125 37 10
125 36 10
126 36 10
127 36 10
128 36 10
129 36 10
184 55 42
184 54 41
184 53 40
184 52 40
184 51 40
184 50 39
184 49 39
184 48 37
184 47 35
184 46 32
184 45 28
184 44 25
184 43 22
184 42 19
184 41 17
184 40 16
183 40 17
182 40 18
181 40 20
180 40 21
179 40 23
178 40 24
177 40 25
176 40 26
175 40 25
174 40 24
173 40 22
172 40 20
171 40 18
170 40 16
169 40 15
168 40 14
167 40 13
166 40 13
165 40 13
165 41 13
164 41 13
163 41 13
162 41 14
161 41 14
160 41 15
159 41 15
158 41 15
157 41 15
156 41 15
155 41 14
154 41 14
153 41 13
152 41 13
151 41 12
150 41 12
149 41 11
148 41 11
148 42 11
147 42 11
58 43 166
59 43 157
60 43 147
61 43 134
62 43 119
63 43 104
64 43 90
65 43 77
66 43 66
67 43 58
68 43 52
69 43 48
70 43 45
71 43 44
72 43 45
73 43 46
74 43 48
75 43 50
76 43 52
77 43 54
78 43 54
79 43 53
80 43 50
81 43 46
82 43 42
83 43 39
83 44 34
84 44 30
85 44 27
85 45 24
86 45 21
87 45 19
88 45 17
89 45 16
90 45 15
91 45 15
92 45 14
93 45 14
94 45 14
95 45 13
96 45 13
97 45 12
98 45 12
99 45 12
100 45 11
101 45 11
102 45 11
103 45 10
104 45 10
105 45 10
106 45 10
107 45 10
108 45 10
109 45 10
110 45 10
111 45 10
112 45 10
113 45 10
114 45 10
115 45 10
2 36 62
3 36 65
3 35 69
4 35 74
5 35 81
6 35 90
7 35 100
8 35 111
9 35 120
10 35 126
11 35 128
12 35 124
13 35 116
14 35 104
15 35 91
16 35 79
17 35 68
18 35 57
19 35 49
20 35 42
21 35 37
21 34 33
22 34 29
22 33 26
22 32 24
23 32 21
23 31 20
24 31 18
24 30 17
24 29 16
24 28 15
25 28 14
26 28 13
27 28 13
28 28 13
29 28 12
30 28 12
31 28 12
32 28 12
33 28 12
34 28 12
35 28 13
36 28 13
37 28 13
38 28 14
39 28 14
40 28 14
41 28 15
42 28 14
43 28 14
44 28 14
45 28 14
46 28 13
47 28 13
48 28 13
49 28 13
50 28 13
51 28 14
52 28 15
52 29 17
53 29 19
53 30 23
53 31 28
54 31 34
54 32 42
55 32 51
55 33 61
55 34 72
56 34 84
56 35 96
56 36 107
56 37 116
57 37 123
57 38 127
57 39 131
57 40 136
57 41 143
57 42 155
0 102 10
0 101 10
0 100 10
0 99 10
0 98 10
0 97 10
0 96 10
0 95 10
0 94 10
0 93 10
0 92 10
0 91 10
0 90 10
0 89 10
0 88 10
0 87 10
0 86 10
0 85 11
0 84 11
0 83 11
0 82 12
0 81 13
0 80 14
0 79 15
0 78 16
0 77 17
0 76 17
0 75 18
0 74 18
0 73 18
0 72 19
0 71 20
0 70 21
0 69 23
0 68 27
0 67 32
0 66 38
0 65 46
0 64 55
0 63 63
0 62 69
0 61 72
0 60 73
0 59 70
0 58 67
0 57 63
0 56 59
0 55 57
0 54 57
0 53 58
0 52 61
0 51 67
0 50 75
0 49 84
0 48 93
0 47 99
0 46 101
0 45 100
0 44 95
0 43 87
0 42 79
0 41 72
0 40 65
0 39 60
0 38 58
0 37 57
1 37 59
122 154 10
122 153 10
122 152 10
122 151 10
122 150 10
121 150 10
121 149 10
121 148 10
121 147 10
121 146 10
121 145 10
120 145 10
119 145 10
118 145 10
118 144 10
118 143 10
117 143 10
117 142 10
117 141 10
117 140 10
116 140 10
115 140 10
115 139 10
115 138 10
115 137 10
115 136 10
114 136 10
113 136 10
112 136 10
111 136 10
111 135 11
111 134 11
110 134 11
110 133 11
109 133 11
109 132 12
108 132 12
108 131 13
108 130 14
107 130 15
107 129 16
107 128 19
107 127 22
107 126 26
107 125 30
107 124 35
107 123 40
107 122 45
107 121 49
107 120 52
107 119 55
107 118 57
107 117 60
107 116 64
107 115 68
107 114 72
107 113 76
107 112 80
107 111 85
107 110 92
107 109 100
107 108 109
107 107 121
107 106 134
107 105 147
107 104 158
107 103 167
107 102 171
107 101 168
107 100 160
107 99 147
107 98 132
107 97 117
107 96 102
107 95 87
107 94 74
107 93 62
107 92 52
107 91 43
107 90 35
107 89 29
107 88 25
107 87 21
107 86 18
107 85 16
107 84 14
107 83 13
107 82 12
107 81 12
107 80 11
107 79 11
107 78 11
107 77 11
107 76 11
108 76 10
109 76 10
110 76 10
110 75 10
110 74 10
111 74 10
112 74 10
112 73 10
113 73 10
114 73 10
115 73 10
96 169 15
96 168 13
96 167 12
96 166 12
96 165 12
96 164 11
96 163 11
96 162 11
96 161 11
96 160 11
96 159 11
96 158 10
97 158 10
98 158 10
99 158 10
100 158 10
101 158 10
102 158 10
103 158 10
104 158 10
105 158 10
106 158 10
107 158 10
108 158 10
109 158 10
110 158 10
111 158 10
111 157 10
112 157 10
113 157 10
114 157 10
115 157 10
115 156 10
116 156 10
117 156 10
117 155 10
118 155 10
119 155 10
120 155 10
121 155 10
197 165 147
197 166 115
197 167 93
197 168 79
197 169 71
197 170 67
197 171 65
196 171 63
196 172 60
195 172 57
194 172 54
194 173 49
193 173 44
192 173 39
191 173 34
191 174 29
190 174 25
189 174 21
189 175 18
189 176 16
189 177 14
188 177 13
187 177 13
186 177 12
186 178 12
186 179 11
185 179 11
185 180 11
184 180 11
183 180 11
182 180 11
182 181 11
182 182 11
181 182 12
180 182 12
179 182 12
178 182 12
177 182 12
176 182 13
175 182 14
174 182 14
173 182 15
172 182 16
171 182 17
170 182 17
169 182 17
168 182 17
167 182 17
166 182 16
165 182 16
164 182 16
163 182 17
162 182 17
161 182 18
160 182 19
159 182 19
158 182 20
157 182 22
156 182 24
156 181 26
155 181 29
155 180 32
155 179 35
154 179 39
154 178 43
153 178 50
153 177 55
153 176 63
152 176 71
152 175 81
151 175 92
151 174 105
151 173 120
151 172 138
151 171 156
151 170 172
151 169 184
151 168 188
151 167 185
151 166 176
151 165 161
151 164 145
151 163 130
151 162 115
151 161 100
151 160 87
151 159 77
150 159 69
150 158 62
150 157 57
149 157 53
148 157 51
148 156 49
147 156 48
147 155 48
146 155 48
145 155 48
144 155 50
143 155 52
142 155 55
141 155 58
140 155 60
139 155 59
138 155 56
137 155 50
136 155 43
135 155 36
134 155 29
133 155 24
132 155 20
131 155 17
130 155 15
129 155 14
128 155 13
127 155 12
126 155 11
125 155 11
124 155 11
123 155 11
