20 84 10
79 6 22
50 31 19
136 48 30
179 99 30
75 80 637
159 148 14
128 107 11
187 138 10
0 37 16
95 157 18
50 32 16
50 33 14
50 34 12
50 35 11
50 36 11
50 37 10
50 38 10
50 39 10
50 40 10
50 41 10
50 42 10
50 43 10
50 44 10
50 45 10
50 46 10
50 47 10
49 47 10
48 47 10
48 48 10
48 49 10
48 50 10
48 51 10
48 52 10
47 52 10
47 53 11
47 54 11
47 55 11
47 56 11
47 57 11
46 57 11
46 58 11
46 59 11
45 59 11
44 59 11
43 59 12
42 59 13
42 60 13
41 60 14
40 60 15
39 60 16
38 60 17
38 61 19
37 61 20
36 61 23
35 61 28
35 62 35
34 62 47
34 63 65
33 63 89
33 64 122
32 64 161
32 65 204
32 66 248
31 66 281
31 67 292
31 68 279
31 69 245
31 70 200
31 71 155
30 71 108
30 72 74
29 72 52
29 73 35
28 73 26
28 74 19
28 75 16
27 75 14
26 75 13
26 76 12
26 77 11
25 77 11
25 78 11
25 79 10
25 80 10
25 81 10
24 81 10
24 82 10
24 83 10
23 83 10
23 84 10
22 84 10
21 84 10
0 36 15
0 35 14
0 34 14
0 33 13
0 32 12
0 31 12
0 30 11
0 29 11
0 28 11
0 27 11
0 26 11
0 25 11
0 24 11
0 23 10
0 22 10
0 21 10
0 20 10
0 19 10
0 18 10
1 18 10
1 17 10
2 17 10
3 17 10
4 17 10
4 16 10
5 16 10
6 16 10
7 16 10
8 16 10
9 16 10
10 16 10
11 16 10
12 16 10
13 16 10
14 16 10
15 16 10
16 16 10
17 16 11
18 16 11
19 16 11
20 16 11
21 16 12
22 16 13
23 16 15
24 16 18
25 16 21
26 16 25
27 16 29
28 16 33
28 17 42
28 18 55
28 19 73
28 20 98
28 21 126
28 22 153
28 23 169
28 24 168
28 25 148
28 26 115
28 27 82
28 28 56
28 29 40
28 30 29
28 31 23
28 32 19
29 32 17
30 32 16
31 32 15
32 32 15
32 33 15
32 34 16
33 34 18
33 35 22
34 35 30
34 36 45
35 36 70
36 36 115
37 36 177
38 36 240
39 36 275
40 36 267
41 36 221
42 36 158
43 36 101
44 36 60
45 36 35
46 36 22
47 36 16
48 36 13
49 36 11
137 48 25
138 48 20
139 48 17
140 48 15
141 48 13
142 48 13
143 48 12
144 48 12
145 48 12
146 48 12
146 49 13
146 50 13
146 51 13
146 52 13
146 53 13
146 54 13
146 55 13
146 56 13
146 57 14
146 58 14
146 59 15
146 60 16
146 61 17
146 62 18
146 63 18
146 64 19
146 65 19
146 66 19
146 67 18
146 68 17
146 69 16
145 69 15
145 70 14
144 70 13
144 71 13
143 71 13
142 71 12
141 71 13
140 71 13
139 71 14
138 71 15
137 71 18
136 71 22
135 71 29
134 71 39
133 71 54
132 71 74
131 71 97
130 71 119
129 71 137
128 71 144
127 71 140
126 71 133
125 71 126
124 71 118
123 71 106
122 71 90
121 71 65
120 71 47
119 71 35
118 71 28
117 71 22
116 71 19
116 70 16
116 69 14
115 69 13
115 68 12
114 68 12
113 68 11
112 68 11
112 67 11
112 66 10
111 66 10
110 66 10
109 66 10
109 65 10
108 65 10
108 64 10
108 63 10
108 62 10
108 61 10
108 60 10
107 60 10
106 60 10
105 60 10
104 60 10
103 60 10
102 60 10
101 60 10
101 59 10
100 59 10
100 58 10
100 57 10
100 56 10
100 55 11
100 54 11
100 53 11
100 52 11
100 51 11
100 50 11
99 50 10
99 49 10
98 49 10
98 48 10
97 48 10
97 47 10
96 47 10
95 47 10
95 46 10
95 45 10
95 44 10
94 44 10
93 44 10
93 43 10
93 42 10
93 41 10
92 41 10
91 41 10
90 41 10
89 41 10
89 40 10
88 40 10
87 40 11
86 40 12
85 40 13
84 40 14
83 40 16
82 40 18
81 40 22
80 40 27
79 40 36
78 40 46
77 40 57
76 40 65
75 40 71
74 40 75
73 40 78
72 40 80
71 40 79
70 40 74
69 40 65
68 40 52
67 40 39
66 40 29
65 40 22
64 40 16
63 40 13
62 40 12
61 40 11
60 40 10
59 40 10
58 40 10
57 40 10
56 40 10
55 40 10
54 40 10
53 40 10
52 40 10
51 40 10
75 79 469
75 78 324
75 77 216
75 76 145
76 76 94
77 76 63
77 75 41
77 74 30
78 74 22
78 73 18
79 73 16
80 73 15
80 72 14
81 72 13
81 71 13
82 71 13
82 70 14
83 70 15
83 69 17
84 69 20
85 69 25
86 69 33
86 68 44
87 68 58
88 68 73
89 68 86
90 68 95
91 68 96
92 68 93
93 68 91
93 67 83
94 67 77
94 66 65
94 65 55
95 65 45
95 64 35
95 63 28
96 63 22
96 62 18
97 62 15
97 61 13
98 61 12
98 60 11
99 60 11
100 60 11
179 98 23
179 97 19
178 97 17
178 96 15
177 96 14
176 96 14
176 95 13
175 95 13
174 95 13
174 94 12
173 94 12
172 94 12
172 93 12
171 93 12
171 92 11
170 92 11
170 91 11
169 91 11
168 91 11
167 91 11
166 91 11
165 91 11
165 90 11
164 90 11
163 90 11
162 90 11
161 90 12
160 90 12
159 90 12
158 90 12
157 90 12
156 90 12
155 90 12
154 90 13
153 90 14
153 89 17
152 89 21
152 88 27
151 88 37
150 88 51
150 87 69
149 87 91
149 86 119
148 86 147
148 85 176
148 84 204
147 84 219
147 83 218
147 82 201
147 81 172
147 80 137
147 79 106
147 78 81
146 78 60
146 77 46
146 76 36
145 76 28
145 75 22
145 74 18
144 74 16
144 73 14
144 72 13
129 107 12
130 107 15
131 107 20
132 107 29
133 107 40
134 107 50
135 107 56
136 107 59
137 107 61
138 107 63
139 107 67
140 107 70
141 107 73
142 107 81
142 106 96
143 106 113
143 105 144
144 105 175
145 105 221
145 104 259
146 104 299
146 103 324
147 103 327
148 103 310
149 103 271
150 103 217
151 103 162
151 102 116
152 102 80
152 101 56
153 101 39
153 100 28
153 99 21
153 98 16
153 97 13
153 96 12
153 95 12
153 94 11
153 93 11
153 92 12
153 91 13
158 148 12
157 148 11
157 147 11
157 146 10
157 145 10
156 145 10
155 145 10
154 145 10
153 145 10
153 144 10
153 143 10
153 142 10
153 141 10
152 141 10
152 140 10
152 139 10
152 138 10
151 138 10
151 137 10
150 137 10
150 136 10
150 135 10
150 134 10
150 133 10
149 133 10
149 132 10
149 131 10
149 130 10
148 130 10
147 130 10
147 129 10
146 129 10
145 129 10
145 128 11
145 127 12
145 126 16
145 125 21
145 124 31
145 123 49
145 122 74
145 121 106
145 120 137
145 119 160
145 118 169
145 117 167
145 116 159
145 115 152
145 114 150
144 114 140
144 113 136
143 113 127
143 112 119
143 111 111
142 111 101
142 110 89
142 109 80
142 108 77
186 138 11
185 138 11
184 138 11
183 138 11
182 138 12
181 138 15
180 138 21
179 138 35
178 138 65
177 138 114
176 138 181
175 138 256
174 138 316
173 138 334
172 138 303
171 138 238
170 138 164
169 138 103
168 138 63
167 138 39
166 138 26
165 138 20
164 138 16
163 138 14
162 138 13
161 138 13
160 138 12
159 138 11
158 138 11
157 138 10
156 138 10
155 138 10
154 138 10
153 138 10
95 158 16
95 159 15
95 160 13
95 161 12
95 162 12
95 163 11
95 164 11
95 165 11
95 166 11
95 167 11
95 168 11
96 168 11
96 169 11
97 169 13
98 169 16
99 169 23
100 169 33
101 169 48
102 169 64
103 169 75
104 169 80
105 169 79
106 169 75
107 169 71
108 169 66
109 169 60
110 169 53
111 169 45
112 169 36
113 169 28
114 169 21
115 169 16
116 169 13
117 169 12
118 169 11
119 169 10
120 169 10
121 169 10
122 169 10
122 168 10
122 167 11
122 166 11
123 166 11
124 166 12
125 166 13
125 165 15
125 164 18
126 164 23
127 164 31
127 163 44
128 163 61
129 163 84
130 163 116
131 163 156
132 163 194
133 163 218
134 163 217
135 163 192
136 163 155
137 163 119
138 163 91
138 162 67
139 162 51
139 161 40
140 161 30
141 161 24
141 160 20
142 160 16
143 160 14
143 159 13
144 159 12
144 158 12
144 157 12
145 157 12
146 157 11
146 156 12
146 155 12
147 155 12
147 154 13
147 153 13
148 153 13
148 152 13
148 151 13
148 150 12
148 149 11
148 148 11
149 148 11
150 148 10
151 148 10
151 147 10
152 147 10
152 146 10
152 145 10
