83 10 545
112 154 14
162 110 18
144 145 69
15 18 15
46 38 29
69 199 11
172 75 19
120 118 72
81 164 20
82 164 19
83 164 18
84 164 18
85 164 18
86 164 18
87 164 18
88 164 18
89 164 19
90 164 19
90 163 19
91 163 18
92 163 18
92 162 18
93 162 17
93 161 17
94 161 16
95 161 16
95 160 15
95 159 15
95 158 15
96 158 14
96 157 14
97 157 14
98 157 14
98 156 14
98 155 14
99 155 14
100 155 15
101 155 15
101 154 15
102 154 16
103 154 16
104 154 16
105 154 16
106 154 16
107 154 15
108 154 15
109 154 14
110 154 14
111 154 14
171 75 17
170 75 16
170 76 16
170 77 17
170 78 18
170 79 18
170 80 19
170 81 19
170 82 19
170 83 19
170 84 19
170 85 19
170 86 19
170 87 20
170 88 20
170 89 20
170 90 20
170 91 19
170 92 19
170 93 19
170 94 19
170 95 18
170 96 18
170 97 18
169 97 17
168 97 17
168 98 16
167 98 16
167 99 15
166 99 15
166 100 15
166 101 14
166 102 14
166 103 15
166 104 15
165 104 15
164 104 15
163 104 16
163 105 16
163 106 17
162 106 17
162 107 17
162 108 18
162 109 18
70 199 11
71 199 11
72 199 11
73 199 11
74 199 11
75 199 11
76 199 11
77 199 11
78 199 11
79 199 11
80 199 11
81 199 11
82 199 11
83 199 12
84 199 12
85 199 12
85 198 12
85 197 13
85 196 13
86 196 13
87 196 13
87 195 14
87 194 15
87 193 16
87 192 17
87 191 17
87 190 18
87 189 19
87 188 19
87 187 19
87 186 19
87 185 18
87 184 17
87 183 16
87 182 16
87 181 15
87 180 15
87 179 15
87 178 15
87 177 16
87 176 17
87 175 18
87 174 18
87 173 19
87 172 20
87 171 20
87 170 19
87 169 19
87 168 19
87 167 18
87 166 18
87 165 18
144 144 56
144 143 46
144 142 37
144 141 30
144 140 25
144 139 21
144 138 19
144 137 17
144 136 17
145 136 16
146 136 16
147 136 16
148 136 15
149 136 15
149 135 15
150 135 14
151 135 14
152 135 14
153 135 14
153 134 14
153 133 14
153 132 13
154 132 13
154 131 13
154 130 13
154 129 14
155 129 14
156 129 14
156 128 14
156 127 14
157 127 15
157 126 15
157 125 15
157 124 15
157 123 15
157 122 15
157 121 15
157 120 15
157 119 14
157 118 14
158 118 14
159 118 13
159 117 13
160 117 13
160 116 13
160 115 14
160 114 14
160 113 15
161 113 15
161 112 16
161 111 17
162 111 17
120 119 71
120 120 69
120 121 64
120 122 58
120 123 50
120 124 42
120 125 35
120 126 29
120 127 25
120 128 22
120 129 19
120 130 17
120 131 16
120 132 15
120 133 14
120 134 14
120 135 14
121 135 14
122 135 13
123 135 13
124 135 13
125 135 13
125 136 13
126 136 13
127 136 13
128 136 13
129 136 13
130 136 13
131 136 13
132 136 13
133 136 13
134 136 13
135 136 13
136 136 14
137 136 14
138 136 15
139 136 15
140 136 16
141 136 16
142 136 17
143 136 17
47 38 32
48 38 35
49 38 38
50 38 40
51 38 41
52 38 40
53 38 39
54 38 37
55 38 35
56 38 34
57 38 33
58 38 34
59 38 34
60 38 36
61 38 37
62 38 39
63 38 42
64 38 44
65 38 45
66 38 45
67 38 45
68 38 44
69 38 42
70 38 39
71 38 37
72 38 34
73 38 32
74 38 29
75 38 28
76 38 27
77 38 26
78 38 27
79 38 29
80 38 31
80 37 35
80 36 39
80 35 45
80 34 50
80 33 56
80 32 61
80 31 66
80 30 70
80 29 73
80 28 75
81 28 77
81 27 78
82 27 80
82 26 82
83 26 84
83 25 86
83 24 91
83 23 100
83 22 113
83 21 132
83 20 156
83 19 185
83 18 223
83 17 270
83 16 326
83 15 386
83 14 445
83 13 495
83 12 529
83 11 545
15 19 15
15 20 14
15 21 14
15 22 14
16 22 14
16 23 14
16 24 14
17 24 15
17 25 15
18 25 15
19 25 15
20 25 15
20 26 15
21 26 15
22 26 15
22 27 15
23 27 15
24 27 15
24 28 15
24 29 16
24 30 16
24 31 16
24 32 16
24 33 15
24 34 15
24 35 14
24 36 13
25 36 13
26 36 13
26 37 13
27 37 13
27 38 13
28 38 14
29 38 15
30 38 16
31 38 17
32 38 19
33 38 21
34 38 23
35 38 24
36 38 25
37 38 24
38 38 24
39 38 23
40 38 22
41 38 22
42 38 22
43 38 23
44 38 24
45 38 26
