196 193 117
65 99 11
191 127 113
156 2 88
16 69 90
135 179 28
81 189 19
30 116 460
71 67 12
127 52 17
30 49 74
199 2 148
71 68 12
71 69 12
71 70 12
71 71 12
71 72 12
71 73 13
71 74 13
71 75 13
71 76 13
71 77 13
71 78 12
71 79 12
71 80 12
71 81 12
71 82 12
71 83 11
71 84 11
71 85 11
71 86 11
70 86 11
70 87 11
70 88 11
70 89 11
69 89 11
68 89 11
68 90 11
68 91 11
67 91 11
67 92 11
67 93 11
67 94 11
67 95 11
67 96 11
67 97 11
67 98 11
67 99 11
66 99 11
31 116 320
32 116 219
33 116 150
34 116 104
35 116 73
36 116 53
37 116 38
38 116 28
39 116 22
40 116 18
41 116 15
42 116 13
43 116 12
44 116 12
45 116 12
46 116 11
47 116 11
48 116 11
49 116 11
50 116 11
51 116 11
52 116 11
53 116 11
54 116 10
54 115 10
55 115 10
55 114 10
55 113 10
55 112 10
55 111 10
56 111 10
57 111 10
58 111 10
58 110 10
59 110 10
59 109 10
60 109 10
60 108 10
60 107 10
60 106 10
60 105 10
60 104 10
61 104 10
61 103 10
61 102 10
62 102 10
63 102 10
64 102 10
65 102 10
65 101 10
65 100 10
81 188 17
81 187 16
81 186 15
81 185 14
81 184 14
80 184 14
79 184 14
79 183 13
79 182 13
79 181 14
78 181 14
78 180 14
78 179 14
78 178 14
77 178 14
77 177 14
76 177 15
76 176 15
76 175 16
76 174 17
76 173 18
76 172 20
76 171 23
76 170 25
76 169 28
76 168 31
76 167 33
76 166 35
76 165 36
76 164 37
76 163 37
76 162 37
76 161 37
76 160 37
76 159 37
76 158 38
75 158 39
75 157 39
74 157 40
74 156 40
73 156 39
72 156 39
72 155 37
72 154 37
71 154 35
71 153 34
70 153 33
70 152 33
70 151 33
70 150 34
70 149 34
70 148 35
70 147 35
70 146 34
70 145 33
70 144 32
70 143 30
70 142 27
70 141 24
70 140 21
70 139 18
70 138 16
70 137 14
70 136 13
70 135 12
70 134 11
70 133 11
70 132 11
70 131 11
70 130 10
70 129 10
70 128 10
70 127 10
70 126 10
70 125 10
70 124 10
70 123 11
70 122 11
70 121 11
70 120 11
70 119 11
70 118 11
70 117 11
70 116 11
69 116 11
68 116 11
67 116 10
66 116 10
65 116 10
64 116 10
63 116 10
62 116 10
61 116 10
60 116 10
59 116 10
58 116 10
57 116 10
56 116 10
55 116 10
128 52 16
129 52 16
130 52 15
131 52 14
132 52 13
133 52 13
134 52 12
135 52 12
136 52 11
137 52 11
137 53 11
137 54 11
137 55 11
137 56 11
138 56 11
139 56 11
139 57 11
140 57 12
140 58 12
141 58 12
141 59 13
141 60 13
142 60 13
143 60 14
144 60 14
145 60 15
146 60 15
146 61 15
147 61 15
148 61 15
149 61 15
150 61 15
150 62 14
151 62 14
152 62 13
153 62 13
154 62 12
154 63 12
154 64 12
154 65 12
154 66 11
154 67 11
155 67 11
156 67 11
156 68 11
157 68 11
157 69 11
158 69 11
159 69 11
160 69 12
161 69 12
161 70 12
161 71 12
162 71 12
162 72 12
163 72 13
164 72 13
165 72 13
166 72 13
167 72 12
168 72 12
169 72 12
170 72 12
171 72 12
171 73 12
171 74 12
172 74 11
172 75 11
172 76 11
173 76 11
174 76 11
175 76 11
175 77 11
176 77 12
176 78 12
176 79 12
176 80 12
176 81 12
176 82 12
176 83 13
176 84 13
176 85 13
176 86 13
176 87 12
176 88 12
176 89 12
176 90 12
176 91 11
176 92 11
176 93 11
176 94 11
176 95 11
177 95 11
178 95 11
178 96 11
179 96 11
179 97 12
179 98 12
179 99 12
179 100 12
179 101 13
180 101 13
181 101 13
181 102 13
181 103 13
182 103 14
182 104 14
182 105 14
183 105 14
184 105 14
185 105 14
186 105 14
187 105 14
187 106 14
188 106 15
188 107 15
189 107 15
190 107 16
190 108 16
191 108 17
192 108 18
193 108 19
193 109 19
193 110 20
193 111 21
193 112 23
193 113 25
193 114 26
193 115 28
193 116 29
193 117 29
193 118 28
193 119 28
193 120 28
193 121 28
193 122 29
193 123 31
193 124 35
193 125 42
192 125 52
192 126 65
192 127 86
31 49 65
32 49 58
33 49 52
34 49 47
35 49 43
36 49 39
37 49 37
38 49 35
39 49 34
39 50 34
39 51 34
40 51 34
41 51 37
42 51 39
42 52 43
43 52 46
43 53 51
44 53 57
44 54 60
44 55 67
44 56 76
45 56 85
45 57 97
46 57 112
47 57 130
48 57 151
49 57 172
50 57 189
51 57 201
52 57 209
53 57 212
54 57 209
55 57 199
56 57 184
57 57 164
58 57 142
59 57 121
60 57 100
61 57 83
62 57 68
63 57 56
64 57 47
65 57 40
65 58 34
65 59 29
66 59 25
67 59 22
68 59 20
68 60 18
68 61 17
68 62 15
69 62 14
70 62 14
70 63 13
71 63 12
71 64 12
71 65 12
71 66 12
135 178 22
135 177 19
135 176 16
134 176 18
133 176 19
132 176 22
131 176 26
130 176 32
129 176 40
128 176 50
127 176 63
126 176 77
125 176 91
124 176 104
123 176 116
122 176 126
121 176 135
120 176 145
119 176 155
118 176 165
117 176 174
116 176 178
115 176 177
114 176 172
113 176 165
112 176 158
111 176 152
110 176 149
109 176 149
108 176 153
107 176 160
106 176 170
105 176 180
104 176 189
103 176 195
102 176 197
101 176 195
100 176 192
99 176 191
98 176 192
97 176 193
96 176 193
95 176 190
94 176 181
93 176 167
92 176 146
91 176 123
90 176 99
89 176 78
88 176 60
87 176 47
86 176 37
85 176 30
84 176 25
83 176 21
82 176 19
81 176 17
80 176 16
80 177 15
80 178 15
79 178 14
15 69 69
14 69 58
13 69 51
12 69 45
11 69 40
10 69 37
10 70 34
10 71 32
10 72 31
10 73 30
10 74 29
10 75 29
10 76 30
10 77 34
10 78 38
10 79 43
10 80 48
10 81 55
10 82 60
10 83 65
10 84 69
10 85 71
10 86 73
10 87 74
10 88 75
10 89 78
10 90 83
11 90 89
11 91 98
12 91 108
12 92 123
13 92 140
14 92 162
14 93 187
15 93 215
16 93 248
17 93 282
18 93 317
19 93 354
20 93 390
21 93 421
22 93 444
23 93 457
24 93 460
25 93 454
25 94 436
26 94 412
27 94 386
27 95 354
28 95 320
28 96 284
29 96 250
29 97 215
29 98 184
30 98 155
30 99 130
31 99 109
31 100 91
32 100 77
32 101 65
33 101 56
33 102 48
34 102 41
34 103 36
35 103 32
36 103 28
37 103 25
37 104 22
38 104 20
38 105 18
39 105 17
39 106 16
40 106 15
40 107 14
40 108 14
40 109 14
40 110 14
40 111 14
40 112 14
40 113 15
40 114 16
40 115 17
155 2 91
154 2 97
153 2 107
152 2 120
151 2 138
150 2 157
149 2 176
148 2 193
147 2 207
146 2 217
145 2 224
144 2 230
143 2 239
142 2 252
142 3 259
142 4 268
141 4 275
141 5 280
141 6 287
140 6 294
140 7 301
140 8 314
140 9 333
140 10 360
140 11 392
140 12 428
140 13 468
140 14 513
140 15 565
140 16 620
140 17 672
140 18 714
140 19 739
140 20 741
140 21 718
140 22 670
140 23 605
140 24 529
140 25 451
140 26 377
140 27 312
140 28 256
140 29 208
140 30 168
140 31 137
140 32 113
140 33 96
140 34 83
140 35 74
140 36 67
140 37 61
140 38 56
140 39 51
140 40 46
140 41 40
140 42 35
140 43 30
140 44 25
140 45 21
140 46 18
140 47 16
140 48 15
140 49 13
139 49 13
139 50 12
139 51 12
139 52 11
138 52 11
199 1 142
199 0 135
198 0 141
197 0 148
196 0 158
195 0 171
194 0 191
193 0 218
192 0 254
191 0 300
190 0 356
189 0 420
188 0 487
187 0 551
186 0 607
185 0 654
184 0 693
183 0 711
182 0 702
181 0 664
180 0 601
179 0 522
178 0 439
177 0 360
176 0 292
175 0 236
174 0 195
173 0 164
172 0 144
171 0 131
170 0 123
169 0 119
168 0 117
167 0 115
166 0 111
165 0 106
164 0 99
163 0 91
162 0 83
161 0 75
160 0 69
159 0 64
158 0 60
157 0 58
156 0 58
156 1 70
