174 117 32
5 74 57
31 142 31
136 151 14
99 96 33
163 38 44
78 188 70
99 97 31
99 98 30
99 99 30
99 100 29
99 101 28
99 102 27
99 103 26
99 104 25
98 104 25
98 105 24
97 105 23
97 106 23
96 106 23
95 106 23
94 106 24
93 106 25
92 106 27
91 106 29
90 106 30
89 106 31
88 106 31
87 106 30
86 106 29
85 106 28
84 106 26
83 106 24
82 106 23
81 106 21
80 106 19
79 106 18
78 106 16
77 106 16
76 106 15
75 106 15
74 106 15
73 106 15
72 106 15
71 106 16
70 106 16
69 106 16
68 106 16
67 106 16
66 106 16
65 106 16
64 106 16
63 106 16
62 106 16
61 106 16
60 106 15
59 106 15
58 106 14
57 106 13
56 106 13
55 106 12
55 105 12
55 104 12
54 104 12
53 104 12
53 103 12
53 102 12
53 101 12
52 101 12
52 100 11
52 99 11
51 99 11
51 98 11
51 97 11
51 96 11
51 95 11
51 94 11
51 93 11
50 93 11
49 93 11
49 92 11
49 91 11
48 91 11
47 91 10
47 90 10
46 90 10
45 90 10
44 90 10
44 89 10
44 88 10
44 87 10
43 87 10
42 87 10
41 87 10
40 87 10
40 86 10
40 85 10
39 85 10
38 85 10
38 84 10
37 84 10
36 84 10
35 84 10
34 84 10
34 83 10
33 83 10
32 83 10
31 83 10
30 83 10
29 83 10
29 82 10
28 82 10
27 82 10
27 81 10
26 81 10
26 80 10
25 80 10
25 79 10
25 78 10
24 78 10
24 77 10
24 76 10
23 76 10
23 75 10
23 74 10
23 73 10
22 73 11
21 73 11
20 73 11
19 73 12
18 73 12
17 73 13
16 73 14
15 73 15
14 73 16
13 73 17
12 73 18
11 73 19
10 73 20
9 73 22
8 73 25
7 73 29
6 73 35
5 73 43
78 187 53
78 186 41
78 185 33
78 184 27
78 183 22
78 182 19
78 181 16
78 180 14
78 179 13
78 178 12
78 177 11
78 176 11
78 175 11
78 174 11
78 173 11
78 172 11
78 171 11
78 170 11
78 169 11
78 168 11
78 167 11
78 166 11
78 165 11
78 164 11
78 163 11
78 162 12
78 161 12
78 160 12
78 159 13
78 158 13
78 157 14
78 156 16
78 155 17
78 154 19
78 153 21
78 152 24
78 151 27
78 150 30
78 149 32
78 148 35
78 147 37
78 146 38
78 145 39
78 144 38
78 143 35
78 142 32
78 141 31
78 140 30
78 139 29
78 138 27
78 137 25
78 136 23
78 135 21
78 134 19
77 134 18
77 133 17
77 132 17
77 131 16
77 130 16
77 129 15
77 128 15
77 127 14
77 126 13
77 125 13
77 124 12
77 123 11
77 122 11
77 121 11
77 120 11
77 119 10
77 118 10
77 117 10
77 116 10
77 115 10
77 114 11
77 113 11
77 112 11
77 111 11
77 110 12
77 109 13
77 108 13
77 107 14
135 151 12
134 151 11
133 151 11
132 151 10
131 151 10
130 151 10
129 151 10
128 151 10
127 151 10
126 151 10
125 151 10
124 151 10
123 151 10
122 151 10
121 151 10
120 151 10
119 151 10
118 151 10
117 151 10
116 151 10
115 151 10
115 152 10
115 153 10
115 154 10
114 154 10
113 154 10
112 154 10
111 154 11
110 154 11
109 154 11
108 154 11
107 154 11
106 154 11
105 154 11
104 154 10
103 154 10
102 154 10
101 154 10
100 154 10
99 154 10
98 154 10
97 154 10
96 154 10
95 154 10
94 154 10
93 154 10
92 154 10
91 154 10
90 154 10
90 155 10
89 155 10
88 155 10
87 155 10
86 155 11
85 155 11
84 155 11
83 155 11
82 155 12
81 155 12
80 155 13
79 155 15
163 39 44
163 40 46
163 41 49
163 42 53
163 43 57
163 44 61
163 45 64
163 46 66
163 47 66
163 48 64
163 49 63
163 50 63
163 51 65
164 51 68
165 51 71
165 52 73
166 52 77
166 53 81
167 53 86
167 54 91
168 54 97
168 55 101
169 55 105
169 56 108
170 56 108
170 57 108
171 57 106
172 57 105
173 57 106
174 57 110
175 57 114
176 57 119
177 57 124
178 57 127
179 57 127
180 57 123
181 57 116
182 57 108
183 57 100
184 57 92
185 57 84
186 57 78
187 57 71
188 57 65
189 57 59
190 57 53
191 57 47
192 57 41
193 57 35
194 57 29
195 57 24
196 57 20
197 57 17
198 57 15
199 57 13
199 58 13
199 59 12
199 60 12
199 61 12
199 62 12
199 63 12
199 64 12
199 65 11
199 66 11
199 67 11
199 68 12
199 69 12
199 70 13
199 71 13
199 72 15
199 73 17
199 74 20
199 75 24
199 76 28
199 77 32
199 78 36
199 79 38
199 80 39
199 81 38
199 82 36
199 83 33
199 84 30
199 85 26
199 86 23
199 87 20
199 88 18
199 89 17
199 90 16
199 91 15
199 92 15
199 93 15
199 94 15
199 95 14
199 96 14
199 97 14
199 98 13
199 99 13
199 100 13
199 101 13
199 102 13
199 103 13
199 104 12
199 105 12
199 106 12
199 107 12
199 108 12
199 109 11
198 109 11
197 109 11
196 109 11
196 110 11
196 111 11
195 111 11
194 111 11
194 112 11
194 113 10
194 114 10
194 115 10
194 116 10
193 116 10
192 116 10
191 116 10
190 116 11
189 116 11
188 116 11
187 116 11
186 116 11
185 116 11
184 116 11
183 116 11
183 117 11
182 117 12
181 117 12
180 117 12
179 117 12
178 117 13
177 117 15
176 117 17
175 117 22
