178 47 50
120 12 22
68 180 11
77 100 11
41 67 12
20 144 14
107 62 11
108 62 11
109 62 10
109 63 10
109 64 10
109 65 10
109 66 10
109 67 10
110 67 10
111 67 10
111 68 10
112 68 10
113 68 10
113 69 10
113 70 10
113 71 10
113 72 10
114 72 10
114 73 10
115 73 10
116 73 10
116 74 11
116 75 11
116 76 12
116 77 13
116 78 15
116 79 16
116 80 18
116 81 19
116 82 21
116 83 22
116 84 24
116 85 28
116 86 36
116 87 50
116 88 72
116 89 102
116 90 137
116 91 174
116 92 202
116 93 209
116 94 194
116 95 163
116 96 130
116 97 102
116 98 82
115 98 65
114 98 51
113 98 41
113 99 33
112 99 28
111 99 25
111 100 23
110 100 22
109 100 24
108 100 27
107 100 30
106 100 34
105 100 37
104 100 41
103 100 45
102 100 50
101 100 51
100 100 48
99 100 40
98 100 31
97 100 23
96 100 17
95 100 14
94 100 12
93 100 11
92 100 11
91 100 11
90 100 11
89 100 11
88 100 11
87 100 11
86 100 11
85 100 11
84 100 11
83 100 10
82 100 10
81 100 10
80 100 10
79 100 11
78 100 11
20 143 12
21 143 12
21 142 11
21 141 11
22 141 11
23 141 11
24 141 11
24 140 11
25 140 11
25 139 11
26 139 12
27 139 12
28 139 12
29 139 13
30 139 13
31 139 14
32 139 14
33 139 15
34 139 15
35 139 15
36 139 15
37 139 15
38 139 14
39 139 14
40 139 14
41 139 13
42 139 13
43 139 14
43 140 14
44 140 15
45 140 17
45 141 19
46 141 21
47 141 24
48 141 27
49 141 29
50 141 28
51 141 28
52 141 27
53 141 26
54 141 25
55 141 26
56 141 28
57 141 34
58 141 43
58 140 52
58 139 63
59 139 74
59 138 86
60 138 100
60 137 116
61 137 137
62 137 165
63 137 194
64 137 219
65 137 233
66 137 237
67 137 231
67 136 219
68 136 204
68 135 190
69 135 173
69 134 151
69 133 131
70 133 114
70 132 97
70 131 90
71 131 79
71 130 76
72 130 70
72 129 66
73 129 61
73 128 54
73 127 47
73 126 39
73 125 30
73 124 23
73 123 18
73 122 14
73 121 12
73 120 11
73 119 11
73 118 10
73 117 10
73 116 10
73 115 10
73 114 10
73 113 10
73 112 10
73 111 10
74 111 10
74 110 10
75 110 10
75 109 10
75 108 10
76 108 10
76 107 10
76 106 10
77 106 10
77 105 10
77 104 10
77 103 10
77 102 11
77 101 11
41 68 11
41 69 10
41 70 10
41 71 10
41 72 10
41 73 10
41 74 10
42 74 10
42 75 10
42 76 10
43 76 10
44 76 10
45 76 10
45 77 10
45 78 10
45 79 10
45 80 10
45 81 10
45 82 11
45 83 11
45 84 11
45 85 12
45 86 12
45 87 12
45 88 13
45 89 14
45 90 15
45 91 18
45 92 21
45 93 24
45 94 28
45 95 32
45 96 36
45 97 40
45 98 45
45 99 52
45 100 61
45 101 73
45 102 85
44 102 95
44 103 101
44 104 105
44 105 107
44 106 109
44 107 113
44 108 118
44 109 124
44 110 131
44 111 136
44 112 139
44 113 141
44 114 141
44 115 139
44 116 140
44 117 144
44 118 154
43 118 158
42 118 155
41 118 142
40 118 123
40 119 100
39 119 79
38 119 62
37 119 48
37 120 36
36 120 29
36 121 24
35 121 21
35 122 19
35 123 18
35 124 17
35 125 17
35 126 18
35 127 18
35 128 18
35 129 17
35 130 16
35 131 15
35 132 14
35 133 13
35 134 12
35 135 12
35 136 12
35 137 12
35 138 13
