1 45 24
169 187 12
104 118 10
199 12 10
103 118 10
102 118 10
101 118 10
100 118 10
99 118 10
99 119 10
99 120 10
98 120 10
98 121 11
97 121 11
97 122 11
97 123 11
97 124 12
97 125 12
96 125 12
96 126 12
95 126 12
95 127 11
94 127 11
94 128 11
93 128 11
92 128 11
91 128 11
91 129 11
90 129 12
89 129 12
88 129 13
87 129 13
86 129 14
85 129 14
85 130 16
84 130 18
84 131 21
83 131 27
82 131 37
81 131 54
80 131 78
79 131 107
78 131 135
77 131 152
76 131 157
75 131 156
74 131 158
73 131 167
72 131 182
71 131 199
70 131 212
69 131 210
68 131 188
67 131 149
66 131 104
65 131 67
64 131 42
63 131 26
62 131 18
61 131 14
60 131 12
59 131 12
58 131 11
57 131 11
56 131 11
55 131 11
54 131 11
53 131 11
52 131 11
51 131 11
51 130 12
51 129 13
51 128 15
51 127 18
51 126 22
51 125 25
51 124 26
51 123 25
51 122 25
51 121 25
51 120 27
51 119 29
51 118 34
51 117 42
51 116 55
51 115 75
51 114 101
51 113 127
51 112 145
51 111 145
51 110 128
51 109 103
51 108 81
51 107 67
51 106 61
51 105 59
51 104 60
51 103 60
51 102 58
51 101 51
51 100 41
51 99 31
51 98 23
51 97 19
51 96 18
51 95 18
51 94 21
50 94 24
49 94 31
48 94 39
47 94 50
46 94 60
45 94 69
44 94 76
43 94 83
42 94 92
42 93 103
41 93 115
40 93 132
40 92 149
39 92 168
38 92 187
37 92 202
36 92 207
35 92 201
34 92 184
33 92 161
32 92 137
31 92 118
30 92 105
30 91 93
29 91 81
29 90 74
28 90 64
28 89 61
27 89 56
27 88 56
26 88 56
26 87 57
26 86 58
26 85 55
26 84 48
26 83 41
26 82 34
26 81 30
25 81 28
25 80 26
24 80 25
23 80 25
22 80 24
21 80 24
21 79 24
20 79 24
19 79 24
18 79 24
18 78 24
17 78 23
16 78 23
16 77 23
16 76 23
15 76 23
15 75 24
14 75 25
13 75 29
13 74 33
12 74 40
12 73 50
11 73 61
10 73 74
9 73 86
9 72 95
8 72 100
8 71 105
7 71 105
7 70 102
7 69 96
7 68 90
6 68 82
6 67 74
6 66 68
6 65 62
6 64 57
5 64 52
5 63 52
4 63 47
4 62 47
3 62 44
3 61 43
3 60 46
3 59 53
3 58 63
3 57 74
3 56 81
3 55 84
3 54 84
3 53 77
3 52 67
3 51 54
3 50 43
3 49 34
3 48 28
3 47 24
3 46 22
3 45 21
2 45 23
199 13 10
199 14 10
199 15 10
199 16 10
199 17 10
199 18 10
199 19 10
199 20 10
199 21 10
199 22 10
199 23 10
199 24 10
199 25 10
199 26 10
198 26 10
197 26 10
196 26 11
195 26 11
194 26 11
194 27 11
193 27 12
192 27 14
191 27 16
190 27 20
189 27 23
188 27 26
187 27 27
186 27 27
185 27 26
184 27 26
183 27 26
183 28 25
182 28 25
181 28 25
181 29 27
180 29 30
180 30 33
179 30 36
178 30 43
178 31 53
178 32 64
178 33 75
178 34 83
178 35 93
177 35 99
177 36 106
177 37 121
177 38 140
177 39 161
177 40 176
177 41 178
177 42 164
177 43 138
177 44 107
177 45 78
177 46 56
177 47 41
177 48 32
177 49 26
177 50 23
177 51 21
177 52 19
177 53 17
177 54 15
177 55 13
177 56 12
177 57 11
177 58 11
177 59 10
176 59 10
175 59 10
174 59 10
173 59 11
172 59 11
171 59 12
170 59 13
169 59 16
168 59 20
167 59 27
166 59 34
165 59 40
164 59 47
163 59 54
162 59 62
161 59 69
160 59 72
159 59 70
158 59 65
157 59 60
156 59 55
155 59 52
154 59 50
153 59 48
152 59 45
151 59 40
151 60 35
150 60 31
149 60 28
149 61 26
148 61 25
148 62 24
147 62 24
146 62 23
145 62 23
144 62 22
143 62 21
142 62 18
141 62 16
140 62 14
139 62 13
138 62 12
137 62 12
136 62 12
135 62 11
135 63 11
134 63 11
133 63 12
132 63 12
131 63 13
130 63 14
129 63 16
128 63 17
127 63 20
126 63 24
125 63 27
124 63 29
123 63 28
122 63 24
121 63 20
120 63 16
119 63 14
118 63 12
117 63 12
117 64 11
117 65 11
116 65 11
115 65 11
115 66 10
115 67 10
115 68 10
115 69 10
115 70 10
114 70 10
114 71 10
114 72 10
113 72 10
113 73 10
112 73 10
112 74 10
111 74 10
110 74 10
110 75 10
109 75 10
108 75 10
108 76 10
108 77 10
107 77 10
107 78 10
106 78 10
106 79 10
105 79 10
105 80 10
105 81 10
104 81 10
104 82 10
104 83 10
103 83 10
103 84 10
102 84 10
101 84 10
101 85 10
100 85 10
99 85 10
99 86 11
99 87 11
99 88 12
99 89 14
99 90 16
99 91 18
99 92 19
99 93 20
99 94 20
99 95 20
99 96 21
99 97 23
99 98 25
99 99 28
99 100 30
99 101 29
99 102 26
99 103 21
99 104 17
99 105 15
99 106 13
99 107 12
99 108 12
99 109 12
99 110 12
99 111 12
99 112 11
99 113 11
99 114 11
99 115 10
99 116 10
99 117 10
168 187 12
167 187 13
166 187 13
165 187 13
164 187 13
164 186 13
163 186 13
162 186 13
162 185 13
161 185 14
161 184 14
160 184 15
160 183 16
160 182 17
160 181 19
160 180 22
159 180 25
159 179 29
159 178 32
159 177 34
159 176 34
159 175 32
159 174 29
159 173 25
159 172 23
159 171 23
159 170 25
159 169 30
159 168 37
159 167 45
159 166 51
159 165 51
159 164 46
159 163 39
159 162 33
159 161 27
159 160 23
158 160 24
157 160 25
156 160 26
155 160 26
154 160 25
153 160 24
152 160 24
151 160 25
150 160 27
149 160 31
148 160 40
147 160 55
146 160 80
145 160 115
144 160 157
143 160 195
142 160 217
141 160 218
140 160 206
139 160 193
138 160 185
138 159 184
137 159 168
136 159 157
136 158 142
135 158 123
134 158 110
134 157 93
133 157 82
132 157 75
131 157 69
130 157 63
129 157 58
128 157 55
127 157 54
127 156 55
126 156 56
126 155 58
125 155 57
125 154 54
125 153 49
124 153 42
124 152 35
123 152 30
123 151 24
123 150 21
122 150 18
122 149 16
121 149 15
121 148 14
120 148 14
120 147 14
119 147 14
119 146 14
118 146 15
117 146 16
117 145 17
116 145 19
116 144 19
115 144 22
115 143 23
114 143 26
114 142 28
114 141 32
113 141 35
113 140 39
112 140 43
112 139 45
111 139 48
111 138 47
111 137 49
110 137 48
109 137 49
109 136 50
108 136 51
107 136 51
106 136 53
105 136 54
104 136 51
103 136 45
102 136 35
101 136 26
100 136 20
99 136 16
98 136 14
97 136 12
97 135 12
96 135 11
96 134 11
96 133 11
96 132 11
96 131 11
96 130 11
96 129 11
95 129 11
95 128 11
