31 110 10
15 74 25
58 67 19
135 82 10
169 165 14
81 45 20
165 114 10
136 31 25
55 198 13
15 75 23
16 75 22
16 76 22
17 76 21
18 76 21
18 77 22
18 78 23
18 79 24
18 80 25
18 81 26
18 82 26
18 83 25
18 84 24
19 84 23
19 85 22
19 86 21
20 86 21
20 87 21
21 87 22
21 88 23
21 89 26
22 89 29
22 90 33
23 90 37
23 91 40
23 92 44
24 92 44
25 92 45
25 93 43
26 93 42
26 94 39
26 95 36
26 96 34
26 97 31
26 98 27
26 99 23
26 100 19
26 101 16
26 102 13
26 103 12
26 104 11
26 105 11
26 106 11
27 106 10
28 106 10
28 107 10
29 107 10
29 108 10
30 108 10
30 109 10
30 110 10
57 67 17
56 67 16
55 67 15
55 68 16
54 68 16
53 68 18
52 68 21
51 68 27
50 68 38
49 68 58
48 68 89
47 68 130
46 68 172
45 68 205
44 68 220
43 68 221
42 68 213
41 68 205
40 68 195
39 68 178
38 68 154
37 68 128
36 68 107
35 68 93
34 68 87
34 69 84
33 69 83
32 69 86
32 70 86
31 70 89
30 70 91
30 71 93
29 71 91
28 71 89
27 71 90
27 72 89
26 72 89
25 72 88
24 72 83
23 72 74
22 72 63
21 72 51
21 73 41
20 73 33
19 73 28
19 74 25
19 75 23
18 75 22
81 46 14
81 47 12
81 48 11
81 49 10
80 49 10
79 49 10
78 49 10
77 49 10
77 50 10
76 50 10
75 50 10
75 51 10
75 52 10
75 53 10
74 53 10
74 54 11
74 55 11
73 55 11
73 56 11
72 56 12
71 56 12
71 57 12
70 57 12
70 58 12
70 59 12
70 60 12
69 60 12
68 60 12
67 60 11
67 61 11
67 62 12
66 62 12
65 62 12
64 62 13
63 62 13
62 62 14
61 62 14
60 62 15
60 63 16
59 63 16
58 63 17
58 64 17
58 65 17
58 66 18
134 82 10
133 82 10
132 82 10
131 82 10
130 82 10
129 82 10
128 82 10
127 82 10
126 82 10
125 82 10
124 82 10
124 83 10
123 83 10
122 83 10
121 83 11
120 83 11
119 83 11
118 83 10
117 83 10
116 83 10
115 83 10
114 83 11
113 83 11
112 83 12
111 83 13
110 83 14
109 83 17
108 83 20
107 83 25
106 83 31
105 83 37
104 83 45
103 83 54
102 83 64
102 82 73
102 81 81
101 81 88
101 80 93
101 79 99
100 79 102
100 78 104
100 77 109
99 77 111
98 77 116
98 76 117
97 76 121
97 75 119
97 74 119
96 74 114
96 73 104
96 72 93
95 72 77
95 71 61
94 71 48
94 70 35
94 69 27
93 69 21
93 68 17
92 68 15
92 67 13
92 66 12
91 66 12
91 65 11
90 65 11
89 65 11
89 64 11
88 64 11
88 63 11
88 62 11
88 61 11
88 60 11
87 60 11
86 60 11
85 60 11
85 59 10
85 58 10
85 57 10
85 56 10
84 56 10
83 56 10
82 56 10
82 55 10
81 55 10
81 54 10
81 53 10
81 52 10
81 51 10
81 50 10
135 31 26
134 31 26
133 31 26
132 31 25
131 31 23
130 31 22
130 30 21
129 30 20
129 29 18
129 28 17
129 27 16
128 27 14
128 26 13
127 26 12
126 26 12
125 26 12
124 26 12
123 26 12
122 26 13
121 26 13
120 26 13
119 26 13
118 26 13
117 26 13
116 26 12
115 26 11
114 26 11
113 26 10
112 26 10
111 26 10
110 26 10
110 27 10
109 27 10
109 28 10
108 28 10
108 29 10
107 29 10
106 29 11
106 30 11
106 31 11
105 31 12
105 32 12
104 32 13
104 33 14
104 34 15
103 34 17
103 35 20
102 35 25
102 36 30
102 37 39
102 38 50
102 39 65
102 40 81
102 41 94
102 42 101
102 43 104
102 44 104
101 44 106
101 45 105
101 46 109
100 46 111
99 46 120
99 47 124
98 47 130
98 48 137
97 48 137
96 48 138
95 48 133
94 48 121
93 48 99
92 48 73
91 48 50
90 48 34
89 48 24
88 48 18
87 48 15
86 48 13
85 48 12
84 48 11
83 48 11
82 48 11
164 114 10
163 114 10
162 114 10
161 114 10
160 114 10
159 114 10
159 115 10
159 116 10
159 117 10
158 117 10
158 118 10
157 118 10
156 118 10
155 118 10
154 118 10
153 118 10
152 118 10
151 118 11
150 118 11
149 118 12
148 118 13
147 118 16
146 118 21
145 118 28
144 118 39
143 118 50
142 118 58
141 118 59
140 118 54
139 118 47
138 118 41
137 118 38
136 118 38
135 118 42
134 118 51
134 117 63
134 116 82
134 115 106
134 114 135
134 113 167
134 112 199
134 111 221
134 110 228
134 109 221
134 108 206
134 107 192
133 107 182
132 107 173
131 107 165
130 107 152
129 107 132
128 107 106
127 107 79
126 107 56
125 107 40
124 107 31
123 107 26
123 106 24
123 105 23
123 104 23
123 103 21
123 102 20
123 101 18
123 100 15
123 99 13
123 98 12
123 97 11
123 96 10
123 95 10
123 94 10
123 93 10
123 92 10
123 91 10
123 90 10
123 89 10
123 88 10
123 87 10
123 86 10
123 85 10
123 84 10
169 164 14
169 163 13
169 162 13
169 161 13
169 160 13
169 159 12
169 158 12
169 157 11
169 156 11
169 155 11
169 154 10
169 153 10
169 152 10
169 151 10
169 150 10
169 149 10
169 148 10
168 148 10
168 147 10
168 146 11
168 145 11
168 144 11
168 143 11
168 142 12
168 141 11
168 140 11
168 139 11
168 138 11
168 137 11
168 136 11
168 135 10
168 134 10
168 133 10
168 132 10
168 131 10
168 130 10
168 129 10
168 128 10
168 127 10
168 126 10
168 125 10
168 124 10
168 123 10
168 122 10
168 121 10
168 120 10
168 119 10
168 118 10
168 117 10
168 116 10
167 116 10
166 116 10
165 116 10
165 115 10
55 197 12
55 196 11
54 196 11
54 195 11
53 195 11
52 195 12
51 195 12
50 195 12
49 195 12
48 195 13
47 195 13
46 195 12
45 195 12
44 195 11
43 195 11
42 195 11
41 195 10
40 195 10
39 195 10
38 195 10
37 195 10
36 195 10
35 195 10
34 195 10
33 195 10
32 195 10
31 195 11
30 195 12
29 195 13
28 195 17
27 195 22
26 195 29
25 195 38
24 195 47
23 195 55
22 195 64
22 194 68
21 194 74
21 193 77
20 193 81
20 192 83
19 192 89
19 191 93
19 190 100
18 190 107
18 189 114
18 188 119
18 187 121
18 186 117
18 185 107
17 185 103
16 185 100
15 185 92
14 185 78
13 185 61
12 185 45
11 185 32
10 185 23
9 185 18
8 185 15
7 185 13
6 185 12
5 185 12
4 185 11
3 185 11
2 185 11
1 185 11
0 185 10
0 184 10
0 183 10
0 182 11
0 181 11
0 180 11
0 179 11
0 178 11
0 177 11
0 176 11
0 175 11
0 174 11
0 173 11
0 172 11
0 171 12
0 170 13
0 169 15
0 168 19
0 167 25
0 166 35
0 165 51
0 164 73
0 163 101
0 162 132
0 161 161
0 160 187
0 159 202
0 158 200
0 157 179
0 156 148
0 155 114
0 154 83
0 153 60
0 152 43
0 151 32
0 150 25
0 149 20
0 148 16
0 147 14
0 146 13
0 145 12
0 144 11
0 143 11
0 142 11
0 141 11
0 140 11
0 139 10
0 138 10
0 137 10
0 136 10
0 135 10
0 134 10
0 133 10
0 132 10
0 131 10
1 131 10
2 131 10
3 131 10
4 131 10
5 131 10
6 131 10
7 131 10
8 131 10
9 131 10
9 130 10
10 130 10
10 129 10
11 129 10
11 128 10
12 128 10
13 128 10
14 128 10
14 127 10
14 126 10
14 125 10
15 125 10
15 124 10
15 123 10
16 123 10
16 122 10
16 121 10
17 121 10
18 121 10
19 121 10
19 120 10
19 119 10
19 118 10
20 118 10
20 117 10
20 116 10
20 115 10
20 114 10
21 114 10
21 113 10
22 113 10
23 113 10
24 113 10
24 112 10
25 112 10
26 112 10
26 111 10
26 110 10
26 109 10
26 108 10
26 107 10
