105 81 390
198 66 11
9 79 100
53 197 15
160 186 49
171 117 39
123 30 39
161 53 12
104 137 26
104 136 24
104 135 23
104 134 22
104 133 20
104 132 18
104 131 17
104 130 16
104 129 15
104 128 14
104 127 13
104 126 13
104 125 12
104 124 12
104 123 12
104 122 12
104 121 12
104 120 13
104 119 13
104 118 14
104 117 15
103 117 16
103 116 17
103 115 19
103 114 21
103 113 23
103 112 24
103 111 25
102 111 25
101 111 25
101 110 24
101 109 23
100 109 22
100 108 20
100 107 19
100 106 17
100 105 16
100 104 15
100 103 14
99 103 13
98 103 12
98 102 12
98 101 12
98 100 12
98 99 12
98 98 12
98 97 13
98 96 13
98 95 14
98 94 15
98 93 16
98 92 18
98 91 21
98 90 25
98 89 31
98 88 38
98 87 46
98 86 55
98 85 64
98 84 73
98 83 83
98 82 94
99 82 105
99 81 118
100 81 136
101 81 161
102 81 198
103 81 248
104 81 313
160 187 38
160 188 31
160 189 27
160 190 25
160 191 24
159 191 24
159 192 24
158 192 24
158 193 24
157 193 24
157 194 23
157 195 23
156 195 22
155 195 21
154 195 19
153 195 18
152 195 17
151 195 16
150 195 15
150 196 14
149 196 14
148 196 14
147 196 14
146 196 13
145 196 13
144 196 13
143 196 13
142 196 13
141 196 13
140 196 13
139 196 13
138 196 13
137 196 13
136 196 14
135 196 14
134 196 14
133 196 15
132 196 14
131 196 14
130 196 14
129 196 13
128 196 13
127 196 12
126 196 13
125 196 13
124 196 13
123 196 13
123 195 14
122 195 15
121 195 15
120 195 16
120 194 17
120 193 17
119 193 18
118 193 20
117 193 21
116 193 24
115 193 27
114 193 31
113 193 36
112 193 42
111 193 49
110 193 58
109 193 69
108 193 83
107 193 99
106 193 115
105 193 130
104 193 141
103 193 147
102 193 147
101 193 141
100 193 131
100 192 118
99 192 103
98 192 90
97 192 78
96 192 68
95 192 58
95 191 52
94 191 45
94 190 42
93 190 39
93 189 37
92 189 35
91 189 35
91 188 33
91 187 37
91 186 42
91 185 49
91 184 59
91 183 75
91 182 98
91 181 131
91 180 175
91 179 229
91 178 290
91 177 354
91 176 415
91 175 468
91 174 509
91 173 537
91 172 551
91 171 554
91 170 543
91 169 516
91 168 470
91 167 406
91 166 333
91 165 262
91 164 200
91 163 150
91 162 113
91 161 87
91 160 69
91 159 58
91 158 50
92 158 45
92 157 40
93 157 36
93 156 33
94 156 31
94 155 30
94 154 29
94 153 28
94 152 27
95 152 26
95 151 25
95 150 24
95 149 24
95 148 23
96 148 22
96 147 22
97 147 21
97 146 21
97 145 21
98 145 21
98 144 21
99 144 21
99 143 22
100 143 22
100 142 23
100 141 24
101 141 25
101 140 26
102 140 27
103 140 28
103 139 28
103 138 27
103 137 27
54 197 14
55 197 13
56 197 13
57 197 12
58 197 13
59 197 13
60 197 14
61 197 15
61 196 16
61 195 17
62 195 19
62 194 21
62 193 22
63 193 25
64 193 29
65 193 34
66 193 42
67 193 53
68 193 68
69 193 88
70 193 115
71 193 147
72 193 184
73 193 223
74 193 257
75 193 283
76 193 294
77 193 291
78 193 274
79 193 247
80 193 215
81 193 183
82 193 153
83 193 127
84 193 104
85 193 84
85 192 73
86 192 65
86 191 57
87 191 52
87 190 47
88 190 43
88 189 40
89 189 37
90 189 36
9 80 87
9 81 75
9 82 64
9 83 53
9 84 44
9 85 36
9 86 30
9 87 26
9 88 23
9 89 21
9 90 20
9 91 20
9 92 21
10 92 22
11 92 24
12 92 26
13 92 28
14 92 30
15 92 31
16 92 31
17 92 31
17 93 31
18 93 30
19 93 30
19 94 30
20 94 31
20 95 31
21 95 32
21 96 34
22 96 36
22 97 39
23 97 42
24 97 45
24 98 49
25 98 53
26 98 57
27 98 63
27 99 68
28 99 75
28 100 84
29 100 95
30 100 110
30 101 128
31 101 152
32 101 186
33 101 228
34 101 279
35 101 335
36 101 391
37 101 441
38 101 482
39 101 517
40 101 547
41 101 572
42 101 588
43 101 592
44 101 581
45 101 553
46 101 510
47 101 455
48 101 394
49 101 332
50 101 276
51 101 229
52 101 191
53 101 162
54 101 142
55 101 129
55 100 116
55 99 106
55 98 98
56 98 90
56 97 85
57 97 82
57 96 80
58 96 80
58 95 81
59 95 83
60 95 87
61 95 93
62 95 98
63 95 103
64 95 105
65 95 103
66 95 99
67 95 92
68 95 84
69 95 76
70 95 67
71 95 58
72 95 50
73 95 44
74 95 39
75 95 35
76 95 33
77 95 31
78 95 30
79 95 29
80 95 28
81 95 27
82 95 25
83 95 23
84 95 21
85 95 19
86 95 17
87 95 16
88 95 14
89 95 13
90 95 12
91 95 12
92 95 11
93 95 11
94 95 11
95 95 11
96 95 12
97 95 13
161 54 11
161 55 11
161 56 10
161 57 10
160 57 10
160 58 10
159 58 11
158 58 11
157 58 11
156 58 11
155 58 12
155 59 12
154 59 13
154 60 14
153 60 15
153 61 17
152 61 20
151 61 25
150 61 32
149 61 42
148 61 55
147 61 70
146 61 87
145 61 103
144 61 117
143 61 129
142 61 141
141 61 156
141 62 174
140 62 194
139 62 222
139 63 251
138 63 292
138 64 333
138 65 384
137 65 435
137 66 492
136 66 550
136 67 613
135 67 672
135 68 733
135 69 796
135 70 851
135 71 887
135 72 896
135 73 875
135 74 827
135 75 760
135 76 685
135 77 615
134 77 549
133 77 486
133 78 425
132 78 365
131 78 309
130 78 258
129 78 213
128 78 176
128 79 146
127 79 122
127 80 104
126 80 89
125 80 78
125 81 68
124 81 62
123 81 60
122 81 61
121 81 67
120 81 78
119 81 99
118 81 131
117 81 179
116 81 243
115 81 322
114 81 407
113 81 490
112 81 566
111 81 628
110 81 661
109 81 659
108 81 621
107 81 556
106 81 475
198 65 11
198 64 11
198 63 11
198 62 11
197 62 11
196 62 12
195 62 12
195 61 12
194 61 13
193 61 13
193 60 13
193 59 14
193 58 15
192 58 16
191 58 16
190 58 17
189 58 18
188 58 19
188 57 20
187 57 22
186 57 22
185 57 23
184 57 22
183 57 21
182 57 19
181 57 17
180 57 15
179 57 13
178 57 12
177 57 11
176 57 11
175 57 10
174 57 10
173 57 10
172 57 10
171 57 10
170 57 10
169 57 10
168 57 10
167 57 10
166 57 10
165 57 10
164 57 10
163 57 10
162 57 10
171 116 31
171 115 27
171 114 24
171 113 22
171 112 20
171 111 19
171 110 18
170 110 17
170 109 16
170 108 15
170 107 15
169 107 14
168 107 14
168 106 14
168 105 14
168 104 15
167 104 15
167 103 15
167 102 16
167 101 16
167 100 16
166 100 17
166 99 17
166 98 18
166 97 19
165 97 21
165 96 23
165 95 25
165 94 29
165 93 34
165 92 40
165 91 51
165 90 66
165 89 85
165 88 108
165 87 133
165 86 173
165 85 231
165 84 300
165 83 374
165 82 438
165 81 482
165 80 499
165 79 496
165 78 481
165 77 461
165 76 436
165 75 406
165 74 368
165 73 320
165 72 262
165 71 200
165 70 142
165 69 96
165 68 62
165 67 41
165 66 28
165 65 20
165 64 16
165 63 13
165 62 12
165 61 11
165 60 10
165 59 10
165 58 10
124 30 39
124 31 42
125 31 45
125 32 50
126 32 57
126 33 65
126 34 76
127 34 89
127 35 106
128 35 127
128 36 151
128 37 177
128 38 204
128 39 228
128 40 249
128 41 265
128 42 281
129 42 287
130 42 294
130 43 292
131 43 289
131 44 282
132 44 272
133 44 266
133 45 253
134 45 248
134 46 241
135 46 239
135 47 240
136 47 242
136 48 249
137 48 256
137 49 265
138 49 273
138 50 280
138 51 286
139 51 286
139 52 282
139 53 272
139 54 259
139 55 242
140 55 222
140 56 202
141 56 183
141 57 166
141 58 154
141 59 147
141 60 148
