168 74 17
152 185 11
114 101 70
63 66 10
90 171 21
198 26 11
197 26 11
196 26 10
195 26 10
194 26 10
193 26 10
192 26 10
191 26 10
190 26 10
189 26 10
188 26 10
187 26 10
186 26 10
185 26 10
184 26 10
183 26 10
182 26 10
182 27 10
181 27 10
181 28 10
181 29 10
181 30 10
181 31 10
181 32 10
181 33 10
181 34 10
180 34 10
179 34 10
179 35 10
179 36 10
178 36 10
177 36 10
177 37 10
177 38 10
177 39 10
176 39 10
175 39 10
174 39 10
174 40 10
173 40 10
173 41 10
172 41 10
172 42 10
171 42 10
171 43 10
171 44 10
171 45 10
171 46 10
171 47 10
170 47 10
170 48 10
169 48 10
169 49 10
169 50 10
169 51 10
169 52 10
169 53 10
169 54 10
169 55 10
169 56 10
169 57 10
169 58 10
169 59 10
169 60 10
169 61 10
169 62 10
169 63 10
168 63 10
168 64 10
168 65 11
168 66 11
168 67 11
168 68 12
168 69 13
168 70 14
168 71 15
168 72 16
168 73 17
114 100 50
114 99 37
114 98 28
114 97 22
114 96 19
114 95 17
114 94 15
114 93 15
114 92 14
114 91 14
114 90 13
114 89 13
115 89 12
116 89 12
117 89 12
118 89 12
118 88 12
118 87 12
119 87 12
119 86 12
120 86 13
121 86 13
122 86 13
123 86 12
124 86 12
125 86 12
126 86 11
127 86 11
128 86 11
129 86 10
130 86 10
131 86 10
132 86 10
133 86 10
134 86 10
135 86 10
136 86 10
137 86 10
138 86 10
139 86 10
140 86 10
141 86 10
142 86 10
143 86 10
144 86 10
145 86 10
145 85 10
145 84 10
145 83 10
145 82 10
146 82 10
147 82 10
148 82 10
149 82 10
150 82 10
151 82 10
152 82 10
153 82 10
154 82 10
155 82 10
156 82 10
157 82 10
157 81 10
157 80 10
158 80 10
158 79 10
158 78 10
158 77 10
159 77 10
159 76 10
159 75 10
160 75 10
160 74 10
161 74 11
162 74 11
163 74 12
164 74 13
165 74 14
166 74 15
167 74 16
64 66 10
65 66 10
66 66 10
67 66 10
67 67 10
67 68 10
67 69 10
67 70 10
68 70 10
69 70 10
70 70 10
70 71 10
71 71 10
71 72 10
71 73 10
71 74 10
72 74 10
73 74 10
73 75 10
74 75 10
75 75 10
76 75 10
77 75 10
78 75 10
79 75 10
80 75 10
81 75 10
82 75 10
83 75 10
84 75 10
85 75 10
86 75 10
87 75 10
88 75 10
89 75 10
90 75 10
90 76 10
90 77 10
91 77 10
92 77 10
92 78 10
92 79 10
93 79 10
93 80 10
94 80 10
94 81 10
94 82 10
95 82 10
96 82 10
97 82 10
97 83 10
98 83 11
99 83 11
100 83 11
101 83 12
102 83 13
103 83 14
104 83 14
105 83 14
106 83 14
107 83 13
108 83 13
109 83 12
110 83 12
111 83 12
112 83 12
113 83 12
114 83 12
114 84 12
114 85 12
114 86 12
114 87 12
114 88 13
90 172 22
90 173 23
90 174 26
90 175 29
91 175 32
91 176 34
92 176 35
92 177 35
92 178 35
93 178 34
93 179 33
93 180 31
93 181 28
93 182 26
94 182 23
94 183 22
95 183 21
95 184 20
95 185 21
96 185 22
96 186 24
96 187 27
97 187 30
98 187 35
99 187 41
100 187 46
101 187 51
101 188 53
102 188 55
102 189 53
103 189 49
103 190 45
104 190 39
104 191 33
105 191 29
105 192 25
106 192 22
106 193 20
107 193 18
107 194 17
108 194 17
109 194 17
110 194 18
111 194 18
112 194 18
113 194 16
114 194 15
115 194 14
116 194 13
117 194 12
118 194 11
119 194 11
120 194 11
121 194 11
122 194 11
123 194 11
124 194 11
125 194 12
126 194 12
127 194 13
128 194 14
129 194 14
130 194 13
131 194 13
132 194 12
133 194 11
134 194 11
135 194 11
136 194 10
137 194 10
137 193 10
138 193 10
139 193 10
139 192 10
140 192 10
141 192 10
142 192 10
143 192 10
143 191 10
143 190 10
144 190 10
145 190 10
146 190 10
146 189 10
146 188 10
146 187 10
146 186 10
147 186 10
147 185 10
148 185 11
149 185 11
150 185 11
151 185 11
