78 110 30
179 4 13
65 180 13
69 0 11
96 72 10
176 73 604
42 160 13
121 59 10
152 153 2543
13 126 13
150 27 18
146 101 11
43 160 13
44 160 12
45 160 11
46 160 11
47 160 11
48 160 10
48 161 10
48 162 10
49 162 10
49 163 10
49 164 10
49 165 10
50 165 10
50 166 10
50 167 10
51 167 10
51 168 10
51 169 10
51 170 10
52 170 10
53 170 10
54 170 10
55 170 10
55 171 10
55 172 10
55 173 10
55 174 10
56 174 10
56 175 10
57 175 10
58 175 10
58 176 10
59 176 10
60 176 11
61 176 11
61 177 11
61 178 11
62 178 11
62 179 11
63 179 11
63 180 11
64 180 12
95 72 10
95 73 10
95 74 10
95 75 10
94 75 10
93 75 10
93 76 10
93 77 10
93 78 10
93 79 11
93 80 11
93 81 12
93 82 13
93 83 14
93 84 15
93 85 16
93 86 17
93 87 17
93 88 17
93 89 16
93 90 15
93 91 15
93 92 14
93 93 13
93 94 12
93 95 12
93 96 11
93 97 11
93 98 11
93 99 10
92 99 10
92 100 10
92 101 10
92 102 10
92 103 10
92 104 10
91 104 10
90 104 10
89 104 10
89 105 10
89 106 10
89 107 10
88 107 10
88 108 10
87 108 10
86 108 10
86 109 10
85 109 11
84 109 11
84 110 11
83 110 12
82 110 14
81 110 16
80 110 19
79 110 23
120 59 10
119 59 11
118 59 11
117 59 11
116 59 11
116 60 11
116 61 11
115 61 11
114 61 11
113 61 12
112 61 12
112 62 12
111 62 11
110 62 11
109 62 11
108 62 11
108 63 11
107 63 11
106 63 10
106 64 10
105 64 10
105 65 10
105 66 10
104 66 10
103 66 10
102 66 10
101 66 10
101 67 10
101 68 10
101 69 10
100 69 10
99 69 10
98 69 10
97 69 10
97 70 10
97 71 10
96 71 10
149 27 17
148 27 16
147 27 16
147 28 15
146 28 15
146 29 14
146 30 14
146 31 13
145 31 13
145 32 12
145 33 12
145 34 12
144 34 12
143 34 12
142 34 11
141 34 11
140 34 11
139 34 11
138 34 11
137 34 11
136 34 11
135 34 11
134 34 11
133 34 11
132 34 11
131 34 11
131 35 11
130 35 11
130 36 10
130 37 10
129 37 10
129 38 10
129 39 10
128 39 10
128 40 11
128 41 11
128 42 11
128 43 11
128 44 11
128 45 11
128 46 11
128 47 11
128 48 11
127 48 11
127 49 11
127 50 10
127 51 10
127 52 10
126 52 10
125 52 10
125 53 10
124 53 10
124 54 10
123 54 10
123 55 10
122 55 10
122 56 10
121 56 10
121 57 10
121 58 10
145 101 11
145 100 11
145 99 11
144 99 11
143 99 12
142 99 12
142 98 12
141 98 12
140 98 12
140 97 11
139 97 11
138 97 11
138 96 11
138 95 12
138 94 12
137 94 12
137 93 12
136 93 12
135 93 12
135 92 13
135 91 13
135 90 14
134 90 14
133 90 15
133 89 15
133 88 16
133 87 17
133 86 18
133 85 19
133 84 20
133 83 21
132 83 22
132 82 24
131 82 27
131 81 30
130 81 34
130 80 39
130 79 45
129 79 54
129 78 63
128 78 74
128 77 84
128 76 96
127 76 102
127 75 108
126 75 110
126 74 109
125 74 106
125 73 99
125 72 91
124 72 82
124 71 72
124 70 62
124 69 52
124 68 42
124 67 33
124 66 26
124 65 20
124 64 16
124 63 14
124 62 12
124 61 12
123 61 11
123 60 11
122 60 11
122 59 10
13 127 12
13 128 12
13 129 11
13 130 11
13 131 12
13 132 12
13 133 12
14 133 13
15 133 13
16 133 13
16 134 14
16 135 14
17 135 14
17 136 15
18 136 15
19 136 15
20 136 16
21 136 17
21 137 18
21 138 19
21 139 21
22 139 24
22 140 28
23 140 34
23 141 41
23 142 51
24 142 64
24 143 79
24 144 96
24 145 114
24 146 132
24 147 148
24 148 161
24 149 169
24 150 172
24 151 170
25 151 164
25 152 154
26 152 143
26 153 129
26 154 115
27 154 99
28 154 87
28 155 73
29 155 64
29 156 54
30 156 48
30 157 42
31 157 37
31 158 34
32 158 31
33 158 29
33 159 27
34 159 25
35 159 23
36 159 22
37 159 20
38 159 19
39 159 17
40 159 16
41 159 15
41 160 14
176 74 562
176 75 506
176 76 442
176 77 379
176 78 322
176 79 272
176 80 233
176 81 202
177 81 175
178 81 147
178 82 122
178 83 101
178 84 82
178 85 66
178 86 53
178 87 42
178 88 34
178 89 28
178 90 24
178 91 20
178 92 17
178 93 15
178 94 14
178 95 13
178 96 13
178 97 13
178 98 13
178 99 13
178 100 14
178 101 15
177 101 17
176 101 19
175 101 21
174 101 24
173 101 26
172 101 27
171 101 29
170 101 30
169 101 30
168 101 31
167 101 30
166 101 30
165 101 29
164 101 29
163 101 28
162 101 28
161 101 27
160 101 26
159 101 24
158 101 22
157 101 20
156 101 18
155 101 16
154 101 14
153 101 13
152 101 12
151 101 12
150 101 11
149 101 11
148 101 11
147 101 11
69 1 11
69 2 11
68 2 12
67 2 13
66 2 14
65 2 16
64 2 20
63 2 24
62 2 28
61 2 33
60 2 38
59 2 42
58 2 45
57 2 47
56 2 47
55 2 47
54 2 46
53 2 42
52 2 37
51 2 32
50 2 26
49 2 22
48 2 19
47 2 16
46 2 15
45 2 14
44 2 13
43 2 12
42 2 12
41 2 11
40 2 11
39 2 11
38 2 11
37 2 11
36 2 11
35 2 11
35 3 12
34 3 12
34 4 14
34 5 15
34 6 16
34 7 18
34 8 21
34 9 24
34 10 28
34 11 33
34 12 40
34 13 49
34 14 61
34 15 76
34 16 93
34 17 111
34 18 127
34 19 139
34 20 143
34 21 140
34 22 131
34 23 117
34 24 101
34 25 82
34 26 65
34 27 51
34 28 40
34 29 32
34 30 27
34 31 24
34 32 22
34 33 20
34 34 20
34 35 20
34 36 20
34 37 21
34 38 22
34 39 23
34 40 26
34 41 29
33 41 34
33 42 39
33 43 46
33 44 54
33 45 63
33 46 71
33 47 78
33 48 82
33 49 85
33 50 85
33 51 84
33 52 83
33 53 82
33 54 80
33 55 78
33 56 75
33 57 71
33 58 68
33 59 66
33 60 66
33 61 68
33 62 72
34 62 74
35 62 78
35 63 80
36 63 82
37 63 86
37 64 86
38 64 87
38 65 86
39 65 83
40 65 78
41 65 71
42 65 64
42 66 56
43 66 48
44 66 41
44 67 35
45 67 30
45 68 26
46 68 24
46 69 21
47 69 20
48 69 19
49 69 20
50 69 21
51 69 23
52 69 26
53 69 29
54 69 34
55 69 39
56 69 46
57 69 55
58 69 67
59 69 82
60 69 100
61 69 117
62 69 132
63 69 139
64 69 136
65 69 125
66 69 107
67 69 86
68 69 67
69 69 51
70 69 38
71 69 29
72 69 23
73 69 18
74 69 15
75 69 13
76 69 12
77 69 11
78 69 11
79 69 10
80 69 10
81 69 10
82 69 10
83 69 10
84 69 10
85 69 10
86 69 10
87 69 10
88 69 10
89 69 10
90 69 10
91 69 10
92 69 10
93 69 10
94 69 10
95 69 10
96 69 10
152 154 2550
152 155 2464
152 156 2283
152 157 2011
152 158 1670
152 159 1296
152 160 934
152 161 625
152 162 393
152 163 237
152 164 141
152 165 86
152 166 56
152 167 39
152 168 29
152 169 24
152 170 20
152 171 18
153 171 18
154 171 18
155 171 18
156 171 17
157 171 17
158 171 17
159 171 16
160 171 16
161 171 17
162 171 17
163 171 18
164 171 20
165 171 24
166 171 31
166 170 41
166 169 55
167 169 74
167 168 97
167 167 128
168 167 165
168 166 209
169 166 257
169 165 308
170 165 353
171 165 391
172 165 416
173 165 424
174 165 413
175 165 388
175 164 352
176 164 311
177 164 271
177 163 232
177 162 198
178 162 167
178 161 142
178 160 122
178 159 105
178 158 91
178 157 79
178 156 70
178 155 63
179 155 57
179 154 52
180 154 48
180 153 45
181 153 41
182 153 39
182 152 37
183 152 35
183 151 34
184 151 33
185 151 32
185 150 33
186 150 33
187 150 34
187 149 36
188 149 38
189 149 41
190 149 45
190 148 50
191 148 56
191 147 65
192 147 75
192 146 89
193 146 103
193 145 122
194 145 140
194 144 161
195 144 181
195 143 197
195 142 211
195 141 219
195 140 217
195 139 206
195 138 186
195 137 161
195 136 136
195 135 115
195 134 99
195 133 86
195 132 76
195 131 70
195 130 66
195 129 64
195 128 64
195 127 66
195 126 70
195 125 75
194 125 78
194 124 82
193 124 86
193 123 88
193 122 90
193 121 92
193 120 93
193 119 94
193 118 94
193 117 92
193 116 88
193 115 82
193 114 76
192 114 70
192 113 64
192 112 57
192 111 51
191 111 45
191 110 39
191 109 34
190 109 29
190 108 25
189 108 22
189 107 19
188 107 17
188 106 16
188 105 14
188 104 13
188 103 13
188 102 12
187 102 12
186 102 11
185 102 11
184 102 11
183 102 11
182 102 11
182 101 11
181 101 12
180 101 12
179 101 13
