164 117 11
69 43 11
78 180 15
70 43 10
70 42 10
70 41 10
71 41 10
71 40 10
72 40 10
72 39 10
73 39 10
74 39 10
75 39 10
76 39 10
77 39 10
77 38 10
77 37 10
77 36 10
77 35 10
78 35 10
79 35 10
79 34 10
79 33 10
79 32 10
79 31 11
79 30 11
80 30 11
81 30 11
82 30 11
83 30 12
84 30 12
85 30 12
86 30 12
87 30 12
88 30 12
89 30 12
90 30 12
91 30 12
92 30 13
93 30 15
94 30 16
95 30 16
96 30 15
97 30 13
98 30 12
99 30 12
100 30 12
101 30 12
102 30 13
102 31 14
103 31 17
104 31 20
105 31 24
106 31 29
107 31 33
108 31 38
109 31 45
109 32 56
109 33 71
109 34 88
109 35 101
109 36 105
109 37 102
110 37 96
110 38 85
110 39 77
111 39 73
111 40 68
111 41 66
111 42 66
111 43 64
111 44 60
111 45 52
111 46 41
111 47 31
111 48 24
111 49 20
112 49 18
112 50 16
113 50 15
113 51 14
114 51 14
115 51 13
116 51 12
116 52 12
116 53 11
116 54 11
116 55 11
116 56 11
117 56 11
117 57 11
118 57 11
119 57 11
120 57 11
121 57 11
121 58 11
121 59 11
121 60 11
122 60 11
122 61 11
122 62 11
122 63 11
123 63 11
123 64 11
123 65 11
124 65 11
125 65 11
126 65 11
126 66 11
126 67 11
127 67 11
128 67 11
129 67 11
130 67 11
130 68 11
130 69 11
130 70 11
130 71 11
131 71 11
132 71 10
132 72 10
132 73 10
132 74 11
132 75 11
132 76 11
132 77 12
132 78 14
132 79 16
132 80 18
132 81 19
132 82 19
132 83 19
132 84 18
132 85 17
132 86 17
132 87 18
132 88 19
132 89 22
132 90 24
132 91 25
132 92 25
132 93 24
132 94 22
132 95 22
132 96 22
132 97 23
131 97 25
131 98 28
131 99 33
131 100 40
131 101 50
131 102 61
131 103 71
131 104 76
131 105 75
131 106 70
131 107 65
131 108 63
131 109 64
131 110 65
131 111 64
131 112 63
132 112 63
132 113 61
133 113 64
133 114 65
134 114 65
134 115 68
135 115 64
136 115 63
136 116 59
137 116 54
137 117 52
138 117 47
139 117 46
139 118 45
140 118 46
141 118 49
142 118 52
143 118 53
144 118 52
145 118 52
146 118 53
147 118 54
148 118 51
149 118 44
150 118 33
151 118 24
152 118 18
153 118 14
154 118 12
155 118 11
156 118 11
157 118 10
158 118 10
159 118 10
160 118 10
161 118 10
162 118 10
163 118 10
164 118 10
77 180 14
77 179 13
77 178 12
77 177 12
77 176 11
77 175 11
77 174 10
76 174 10
76 173 10
76 172 10
76 171 10
76 170 10
76 169 10
76 168 10
75 168 10
74 168 11
73 168 11
73 167 11
72 167 11
71 167 11
70 167 11
70 166 11
69 166 11
69 165 11
68 165 11
67 165 11
67 164 11
67 163 12
67 162 12
67 161 14
67 160 16
67 159 21
67 158 31
67 157 48
67 156 72
67 155 97
67 154 115
67 153 124
67 152 127
67 151 129
67 150 131
67 149 127
67 148 114
67 147 99
67 146 87
67 145 81
66 145 77
66 144 73
66 143 73
66 142 75
66 141 74
66 140 69
66 139 62
66 138 55
66 137 48
66 136 41
66 135 34
66 134 29
66 133 25
66 132 23
66 131 23
67 131 23
67 130 23
68 130 23
69 130 24
69 129 24
70 129 26
71 129 32
72 129 40
73 129 52
74 129 71
75 129 96
76 129 117
77 129 126
78 129 117
79 129 96
80 129 74
81 129 56
82 129 43
83 129 32
84 129 23
85 129 18
86 129 15
87 129 13
88 129 12
88 128 12
89 128 12
90 128 12
91 128 11
92 128 11
93 128 11
94 128 11
95 128 11
96 128 11
97 128 10
98 128 10
99 128 10
100 128 10
101 128 10
102 128 10
103 128 10
104 128 10
105 128 10
106 128 10
107 128 10
108 128 10
109 128 10
110 128 11
111 128 11
112 128 11
113 128 12
114 128 13
115 128 13
116 128 14
117 128 15
118 128 17
119 128 20
119 127 25
120 127 32
121 127 43
122 127 57
123 127 74
123 126 91
124 126 113
124 125 138
125 125 166
125 124 192
125 123 220
125 122 244
125 121 254
125 120 249
125 119 233
126 119 216
126 118 198
126 117 191
127 117 178
127 116 172
128 116 154
129 116 141
129 115 118
130 115 101
130 114 84
131 114 72
131 113 64
