38 44 77
104 123 20
5 187 10
184 62 10
178 146 10
104 122 20
104 121 19
104 120 18
104 119 17
104 118 15
104 117 14
104 116 13
104 115 13
104 114 13
104 113 12
103 113 12
103 112 12
103 111 12
103 110 12
103 109 11
103 108 11
103 107 11
103 106 11
103 105 11
102 105 11
102 104 11
102 103 11
101 103 11
101 102 11
101 101 11
101 100 11
100 100 11
99 100 11
99 99 11
98 99 12
97 99 13
96 99 15
95 99 18
94 99 23
93 99 30
92 99 40
91 99 52
90 99 67
89 99 82
88 99 98
87 99 116
86 99 135
85 99 157
84 99 181
83 99 211
82 99 246
81 99 289
80 99 337
79 99 388
78 99 433
77 99 467
76 99 483
75 99 477
74 99 451
73 99 408
72 99 355
71 99 300
70 99 250
69 99 208
69 98 169
68 98 140
68 97 116
67 97 100
67 96 86
66 96 78
66 95 71
66 94 68
65 94 65
65 93 63
64 93 62
64 92 60
64 91 58
64 90 55
64 89 53
64 88 50
64 87 47
63 87 44
63 86 43
62 86 41
62 85 40
61 85 40
60 85 41
60 84 42
59 84 45
58 84 47
57 84 51
56 84 55
55 84 59
54 84 64
53 84 70
53 83 74
52 83 79
51 83 84
51 82 88
50 82 90
49 82 93
48 82 94
47 82 93
46 82 88
45 82 81
44 82 74
44 81 65
43 81 57
42 81 51
41 81 46
41 80 41
40 80 37
40 79 34
39 79 32
39 78 30
39 77 30
39 76 30
39 75 31
39 74 33
39 73 37
39 72 43
39 71 50
39 70 59
39 69 68
39 68 77
39 67 83
39 66 86
39 65 85
39 64 80
39 63 72
39 62 63
39 61 54
39 60 45
39 59 38
39 58 33
39 57 29
39 56 27
39 55 26
39 54 26
39 53 27
39 52 29
39 51 31
39 50 35
39 49 39
39 48 43
39 47 46
39 46 49
39 45 52
39 44 58
6 187 10
7 187 10
8 187 10
9 187 10
9 186 10
10 186 10
10 185 10
11 185 10
12 185 10
13 185 10
14 185 10
14 184 10
14 183 10
15 183 11
16 183 11
17 183 11
18 183 11
19 183 11
20 183 11
21 183 11
22 183 11
23 183 11
24 183 11
25 183 11
26 183 10
27 183 10
28 183 10
29 183 10
30 183 10
31 183 10
32 183 10
33 183 10
34 183 10
35 183 10
36 183 10
37 183 10
38 183 10
38 182 10
38 181 10
39 181 10
40 181 10
41 181 10
42 181 10
43 181 10
44 181 10
44 180 10
44 179 10
45 179 10
45 178 10
46 178 10
47 178 10
48 178 10
49 178 10
50 178 10
51 178 11
51 177 11
51 176 12
52 176 12
53 176 14
54 176 16
55 176 20
56 176 26
57 176 35
58 176 48
59 176 63
60 176 79
61 176 94
62 176 107
63 176 116
64 176 123
65 176 129
66 176 133
66 175 132
67 175 129
68 175 125
68 174 119
69 174 111
70 174 105
70 173 97
71 173 92
71 172 87
72 172 84
72 171 82
73 171 80
73 170 80
74 170 81
74 169 80
74 168 80
74 167 78
74 166 75
74 165 70
75 165 63
75 164 55
75 163 48
75 162 42
76 162 36
76 161 31
76 160 27
77 160 23
77 159 21
78 159 19
78 158 18
79 158 16
79 157 16
80 157 15
80 156 15
81 156 14
82 156 14
83 156 13
84 156 13
84 155 13
84 154 13
85 154 12
86 154 12
87 154 12
87 153 12
87 152 12
88 152 12
89 152 12
89 151 12
89 150 12
89 149 12
90 149 12
90 148 13
91 148 13
92 148 13
93 148 13
93 147 13
94 147 13
94 146 13
94 145 12
95 145 12
96 145 12
96 144 11
96 143 11
96 142 11
97 142 11
98 142 10
98 141 10
98 140 10
99 140 10
99 139 10
100 139 10
100 138 10
100 137 10
101 137 10
101 136 10
101 135 10
102 135 10
102 134 10
103 134 10
103 133 10
104 133 10
104 132 11
104 131 11
104 130 12
104 129 13
104 128 15
104 127 16
104 126 17
104 125 18
104 124 19
183 62 10
182 62 10
181 62 10
180 62 10
179 62 10
178 62 10
177 62 10
177 63 10
176 63 10
176 64 10
176 65 10
175 65 10
175 66 10
175 67 10
174 67 10
174 68 10
174 69 10
173 69 10
172 69 10
171 69 10
171 70 10
171 71 10
171 72 10
171 73 10
170 73 10
169 73 10
169 74 10
168 74 10
168 75 10
168 76 10
167 76 11
166 76 11
165 76 11
164 76 12
163 76 12
162 76 12
161 76 12
160 76 13
159 76 13
158 76 14
157 76 14
156 76 16
155 76 17
154 76 18
153 76 20
152 76 23
151 76 26
151 77 30
150 77 35
149 77 44
148 77 57
147 77 76
146 77 104
145 77 142
144 77 189
143 77 241
142 77 293
141 77 340
140 77 386
139 77 433
138 77 480
137 77 523
136 77 553
135 77 564
134 77 550
133 77 512
132 77 455
131 77 389
130 77 322
129 77 264
128 77 216
127 77 180
126 77 153
125 77 132
124 77 115
123 77 102
123 78 88
122 78 78
122 79 67
121 79 59
121 80 51
120 80 43
119 80 37
118 80 31
118 81 25
117 81 21
117 82 18
116 82 15
116 83 14
115 83 12
114 83 12
114 84 11
113 84 11
112 84 11
112 85 10
111 85 10
110 85 10
109 85 10
108 85 10
108 86 10
108 87 10
107 87 11
107 88 11
107 89 11
107 90 11
107 91 11
106 91 11
106 92 11
106 93 11
105 93 12
104 93 12
103 93 12
103 94 12
103 95 12
103 96 11
103 97 11
103 98 11
102 98 11
101 98 11
101 99 11
178 145 10
178 144 10
178 143 10
178 142 10
178 141 11
178 140 11
178 139 11
178 138 11
178 137 11
178 136 11
178 135 11
178 134 10
178 133 10
178 132 11
178 131 11
178 130 11
177 130 11
177 129 11
177 128 11
177 127 11
176 127 11
175 127 11
175 126 11
175 125 12
175 124 12
174 124 12
173 124 12
172 124 12
171 124 13
171 123 13
170 123 14
170 122 14
170 121 15
170 120 17
169 120 18
169 119 21
169 118 25
169 117 30
169 116 35
169 115 41
169 114 46
169 113 51
169 112 56
169 111 61
169 110 66
169 109 72
169 108 79
169 107 84
169 106 86
169 105 85
169 104 82
169 103 78
169 102 74
169 101 70
169 100 68
169 99 66
169 98 65
169 97 63
169 96 60
169 95 56
169 94 51
169 93 45
169 92 39
169 91 34
169 90 29
169 89 24
169 88 20
169 87 16
169 86 14
169 85 13
169 84 12
169 83 11
169 82 11
169 81 10
169 80 10
169 79 10
169 78 10
169 77 10
168 77 10
