172 2 10
99 145 14
42 152 11
150 87 11
70 107 13
102 54 258
107 98 10
32 10 25
14 57 12
106 98 10
106 99 10
106 100 10
106 101 10
106 102 10
105 102 10
105 103 10
105 104 10
104 104 10
104 105 10
104 106 10
103 106 10
103 107 10
103 108 10
103 109 10
103 110 10
103 111 10
103 112 10
103 113 10
103 114 10
103 115 10
103 116 10
103 117 10
103 118 10
103 119 10
103 120 10
103 121 10
103 122 10
103 123 10
103 124 10
103 125 10
103 126 11
103 127 11
103 128 12
103 129 12
103 130 13
103 131 14
103 132 15
103 133 16
103 134 17
103 135 17
103 136 17
103 137 17
103 138 16
103 139 15
103 140 15
103 141 14
103 142 14
103 143 13
103 144 13
103 145 13
102 145 13
101 145 13
100 145 14
71 107 12
72 107 12
73 107 12
74 107 12
75 107 11
76 107 11
77 107 11
78 107 11
79 107 11
80 107 11
81 107 11
82 107 11
83 107 10
84 107 10
85 107 10
86 107 10
87 107 10
88 107 10
89 107 10
90 107 10
91 107 10
92 107 10
93 107 10
94 107 10
95 107 10
96 107 10
97 107 10
98 107 10
99 107 10
100 107 10
101 107 10
102 107 10
149 87 11
148 87 11
147 87 11
146 87 11
145 87 11
144 87 11
143 87 11
142 87 11
141 87 11
140 87 11
140 88 11
139 88 11
138 88 11
138 89 10
137 89 10
136 89 10
135 89 10
134 89 10
133 89 10
132 89 10
131 89 10
130 89 10
129 89 10
128 89 10
127 89 10
126 89 10
125 89 10
125 90 10
125 91 10
125 92 10
124 92 10
124 93 10
123 93 10
122 93 10
122 94 10
121 94 10
120 94 10
119 94 10
118 94 10
118 95 10
117 95 10
116 95 10
115 95 10
114 95 10
113 95 10
112 95 10
111 95 10
110 95 10
109 95 10
108 95 10
107 95 10
107 96 10
107 97 10
43 152 11
44 152 11
45 152 11
46 152 11
47 152 11
48 152 11
49 152 11
49 153 11
49 154 11
49 155 11
49 156 11
49 157 11
50 157 11
50 158 11
51 158 12
52 158 12
53 158 14
54 158 15
55 158 18
56 158 22
57 158 28
58 158 36
59 158 48
60 158 62
61 158 78
62 158 96
63 158 111
64 158 123
65 158 129
66 158 128
67 158 121
68 158 110
69 158 96
70 158 82
71 158 69
72 158 58
73 158 49
74 158 42
75 158 37
76 158 33
77 158 30
78 158 28
79 158 26
80 158 25
81 158 23
82 158 21
83 158 20
84 158 19
85 158 17
86 158 16
87 158 15
88 158 15
89 158 14
90 158 14
91 158 14
92 158 14
93 158 14
93 157 14
93 156 15
93 155 15
94 155 15
94 154 15
94 153 15
94 152 15
95 152 15
95 151 15
95 150 15
96 150 15
97 150 14
98 150 14
98 149 14
98 148 14
98 147 14
98 146 14
99 146 14
102 53 208
102 52 167
102 51 134
102 50 107
102 49 85
102 48 68
102 47 55
102 46 45
102 45 39
101 45 34
101 44 29
101 43 26
100 43 23
100 42 21
100 41 20
100 40 20
100 39 21
100 38 22
100 37 24
100 36 26
100 35 29
100 34 33
100 33 37
100 32 42
101 32 56
102 32 74
103 32 98
104 32 126
105 32 157
106 32 186
107 32 210
108 32 226
109 32 233
110 32 232
111 32 224
112 32 211
113 32 197
114 32 182
115 32 166
116 32 150
117 32 133
118 32 118
119 32 106
120 32 95
121 32 87
122 32 80
123 32 74
124 32 68
125 32 63
126 32 57
127 32 51
128 32 45
129 32 39
130 32 33
131 32 27
132 32 22
133 32 19
134 32 16
135 32 14
136 32 12
137 32 11
138 32 11
139 32 11
140 32 10
140 31 10
140 30 10
140 29 10
140 28 10
140 27 10
140 26 10
141 26 10
141 25 10
141 24 10
141 23 10
142 23 10
142 22 10
143 22 10
144 22 10
144 21 10
145 21 10
146 21 10
146 20 10
147 20 10
147 19 10
147 18 10
147 17 10
147 16 10
148 16 10
148 15 10
148 14 10
149 14 10
149 13 10
149 12 10
150 12 10
151 12 10
151 11 10
152 11 10
153 11 10
154 11 10
155 11 10
156 11 10
157 11 10
158 11 10
159 11 10
159 10 10
160 10 10
160 9 10
161 9 10
162 9 10
163 9 10
164 9 10
165 9 10
166 9 10
166 8 10
167 8 10
168 8 10
168 7 10
168 6 10
169 6 10
170 6 10
170 5 10
171 5 10
172 5 10
172 4 10
172 3 10
32 9 21
32 8 18
32 7 16
32 6 14
32 5 13
32 4 13
32 3 12
32 2 12
32 1 12
33 1 11
34 1 11
34 0 11
35 0 12
36 0 12
37 0 12
38 0 13
39 0 14
40 0 17
41 0 20
42 0 26
43 0 35
44 0 47
45 0 66
46 0 90
47 0 121
48 0 157
49 0 195
50 0 230
51 0 258
52 0 277
53 0 286
54 0 285
55 0 277
56 0 264
57 0 250
58 0 236
59 0 223
60 0 209
61 0 196
62 0 184
63 0 177
64 0 174
65 0 176
66 0 181
67 0 189
68 0 200
69 0 212
70 0 223
71 0 232
72 0 237
73 0 237
74 0 231
75 0 218
76 0 202
77 0 182
78 0 161
79 0 142
80 0 124
81 0 108
82 0 94
83 0 83
84 0 74
85 0 69
86 0 66
87 0 66
87 1 70
87 2 74
87 3 78
87 4 82
87 5 85
87 6 87
87 7 88
87 8 88
87 9 87
87 10 83
87 11 79
87 12 74
87 13 67
87 14 61
87 15 55
87 16 50
87 17 47
87 18 45
87 19 44
87 20 43
87 21 42
87 22 41
87 23 40
87 24 38
87 25 35
87 26 32
87 27 29
87 28 25
87 29 22
87 30 20
87 31 18
87 32 16
88 32 15
88 33 14
89 33 14
90 33 13
91 33 13
92 33 13
93 33 14
94 33 14
95 33 16
96 33 17
97 33 20
98 33 23
99 33 29
14 56 12
14 55 12
14 54 12
14 53 12
14 52 12
14 51 12
14 50 12
14 49 12
13 49 12
13 48 12
13 47 12
13 46 12
13 45 12
13 44 12
13 43 13
13 42 13
13 41 13
13 40 13
13 39 14
13 38 14
13 37 15
13 36 15
13 35 16
13 34 16
13 33 15
13 32 15
13 31 14
13 30 14
13 29 13
13 28 13
13 27 13
13 26 12
13 25 12
13 24 12
13 23 12
13 22 11
13 21 11
13 20 11
13 19 11
13 18 11
13 17 11
13 16 10
13 15 10
13 14 10
14 14 10
15 14 10
16 14 10
16 13 10
17 13 10
17 12 10
18 12 10
18 11 10
18 10 10
18 9 10
19 9 10
19 8 10
19 7 10
20 7 10
21 7 11
22 7 11
23 7 12
24 7 12
25 7 13
26 7 14
27 7 15
28 7 16
29 7 16
30 7 16
31 7 16
