59 87 31
162 51 24
19 29 17
198 118 43
145 176 2860
25 167 16
139 86 114
138 86 77
138 85 68
138 84 58
138 83 49
138 82 41
138 81 34
138 80 29
138 79 26
138 78 25
138 77 24
138 76 24
138 75 25
139 75 26
140 75 26
140 74 27
140 73 27
140 72 27
140 71 26
140 70 24
140 69 23
141 69 21
141 68 19
141 67 18
142 67 16
143 67 15
143 66 15
143 65 14
144 65 13
144 64 13
145 64 13
145 63 13
146 63 13
147 63 13
147 62 14
148 62 14
149 62 15
149 61 17
150 61 18
150 60 20
151 60 22
152 60 23
153 60 25
154 60 27
154 59 29
155 59 30
155 58 31
156 58 32
157 58 33
157 57 33
157 56 33
158 56 32
159 56 32
159 55 31
159 54 31
160 54 30
160 53 29
161 53 28
161 52 27
162 52 26
197 118 33
196 118 26
195 118 21
194 118 17
193 118 15
192 118 13
191 118 12
190 118 11
189 118 11
188 118 11
187 118 11
186 118 11
186 119 11
185 119 11
184 119 12
183 119 12
182 119 13
181 119 14
180 119 15
179 119 18
178 119 20
177 119 24
176 119 28
175 119 32
174 119 37
173 119 42
172 119 48
171 119 52
170 119 56
169 119 58
168 119 58
167 119 57
166 119 53
165 119 48
164 119 43
163 119 39
162 119 36
161 119 33
160 119 31
159 119 29
158 119 27
157 119 26
156 119 24
155 119 23
154 119 22
153 119 22
153 118 21
152 118 20
151 118 20
150 118 19
150 117 18
149 117 17
148 117 16
148 116 15
147 116 14
146 116 14
146 115 13
145 115 13
145 114 13
145 113 13
144 113 13
143 113 12
142 113 12
142 112 12
142 111 12
141 111 12
140 111 12
140 110 12
139 110 12
138 110 12
137 110 12
137 109 13
137 108 14
137 107 15
137 106 17
137 105 20
137 104 24
137 103 28
137 102 33
137 101 38
137 100 43
137 99 48
137 98 52
137 97 55
137 96 57
137 95 58
137 94 60
137 93 62
137 92 65
137 91 68
137 90 70
137 89 70
137 88 67
137 87 63
137 86 57
145 175 2595
145 174 2317
145 173 2034
145 172 1752
145 171 1471
145 170 1195
145 169 932
145 168 693
145 167 490
145 166 332
145 165 220
145 164 147
145 163 100
144 163 69
144 162 49
143 162 37
143 161 27
143 160 22
142 160 18
141 160 16
141 159 14
140 159 13
139 159 12
139 158 11
139 157 11
138 157 11
138 156 10
137 156 10
136 156 10
136 155 10
135 155 10
135 154 10
134 154 11
134 153 11
133 153 11
133 152 11
133 151 12
133 150 12
133 149 13
133 148 14
133 147 15
133 146 16
133 145 18
133 144 19
133 143 21
133 142 24
133 141 29
133 140 36
133 139 46
133 138 58
133 137 71
133 136 82
133 135 89
133 134 96
133 133 109
133 132 123
133 131 135
133 130 145
133 129 148
133 128 157
133 127 162
133 126 158
133 125 148
133 124 132
133 123 114
133 122 94
133 121 76
133 120 59
133 119 45
133 118 35
133 117 27
133 116 22
133 115 19
133 114 17
133 113 16
134 113 15
135 113 14
136 113 13
136 112 13
137 112 12
137 111 12
24 167 16
24 166 15
24 165 16
24 164 16
23 164 17
23 163 18
23 162 20
23 161 25
23 160 31
23 159 42
23 158 59
23 157 84
23 156 120
23 155 164
23 154 213
23 153 262
23 152 307
23 151 349
23 150 379
23 149 394
23 148 396
23 147 393
23 146 392
23 145 399
23 144 417
23 143 446
23 142 481
23 141 517
23 140 546
23 139 567
23 138 583
23 137 589
23 136 582
23 135 560
23 134 528
24 134 476
24 133 419
25 133 362
25 132 298
25 131 248
26 131 201
26 130 165
27 130 139
27 129 119
28 129 108
28 128 97
28 127 95
29 127 91
29 126 92
30 126 93
30 125 96
30 124 104
30 123 116
30 122 135
30 121 159
30 120 190
30 119 227
30 118 270
30 117 316
30 116 363
30 115 408
30 114 448
30 113 478
30 112 497
30 111 504
30 110 497
30 109 472
30 108 428
30 107 369
30 106 300
30 105 232
30 104 173
30 103 127
30 102 94
30 101 73
30 100 59
30 99 51
30 98 48
31 98 47
31 97 47
32 97 50
32 96 55
33 96 62
33 95 72
34 95 83
35 95 100
35 94 117
36 94 135
37 94 154
38 94 174
38 93 190
39 93 198
40 93 202
41 93 201
41 92 199
42 92 200
42 91 196
43 91 189
44 91 178
44 90 160
45 90 148
46 90 140
46 89 131
47 89 121
47 88 110
48 88 98
49 88 85
50 88 74
50 87 64
51 87 56
52 87 51
53 87 48
54 87 46
55 87 45
56 87 42
57 87 39
58 87 35
