183 101 12
77 83 17
125 122 189
108 179 63
11 63 160
198 172 20
16 18 12
5 143 31
197 20 18
126 122 203
127 122 211
128 122 215
129 122 215
130 122 210
131 122 204
132 122 200
133 122 200
133 121 195
134 121 197
135 121 206
136 121 219
137 121 230
138 121 235
139 121 238
140 121 242
141 121 252
142 121 267
142 120 284
143 120 291
144 120 299
144 119 288
144 118 276
145 118 250
145 117 217
145 116 185
146 116 155
146 115 128
147 115 113
147 114 97
147 113 91
148 113 84
148 112 83
149 112 80
149 111 80
150 111 75
150 110 72
151 110 65
151 109 59
152 109 51
152 108 44
153 108 38
153 107 33
154 107 31
154 106 30
154 105 30
154 104 32
154 103 35
155 103 42
155 102 51
155 101 64
156 101 83
157 101 115
158 101 158
159 101 210
160 101 268
161 101 324
162 101 355
163 101 349
164 101 315
165 101 270
166 101 229
167 101 199
168 101 181
169 101 172
170 101 168
171 101 162
172 101 151
173 101 135
174 101 114
175 101 88
176 101 63
177 101 43
178 101 29
179 101 21
180 101 17
181 101 14
182 101 13
77 84 16
77 85 16
77 86 15
77 87 15
77 88 14
77 89 13
77 90 13
77 91 13
77 92 13
77 93 14
78 93 15
79 93 16
80 93 17
81 93 17
82 93 16
83 93 16
84 93 15
85 93 15
86 93 14
87 93 13
88 93 13
89 93 13
89 94 12
89 95 12
89 96 12
90 96 12
90 97 12
90 98 13
90 99 13
90 100 13
90 101 13
90 102 13
90 103 13
90 104 13
91 104 13
91 105 13
92 105 13
93 105 14
94 105 14
95 105 14
95 106 14
95 107 14
96 107 14
96 108 14
97 108 14
98 108 14
98 109 14
99 109 14
99 110 13
100 110 13
101 110 13
102 110 13
102 111 12
102 112 12
103 112 12
103 113 12
104 113 12
104 114 12
104 115 13
104 116 13
105 116 14
105 117 14
105 118 15
105 119 16
105 120 17
105 121 18
105 122 17
105 123 16
106 123 16
107 123 17
108 123 17
109 123 17
110 123 17
111 123 16
112 123 15
113 123 15
114 123 15
115 123 15
116 123 17
117 123 20
118 123 24
118 122 31
119 122 41
120 122 56
121 122 79
122 122 107
123 122 139
124 122 168
5 142 24
5 141 19
5 140 16
5 139 15
5 138 14
5 137 13
5 136 13
5 135 13
5 134 12
5 133 12
5 132 12
5 131 12
5 130 12
5 129 12
5 128 12
6 128 12
7 128 13
7 127 13
8 127 14
8 126 14
8 125 15
9 125 17
10 125 20
11 125 25
12 125 31
13 125 37
14 125 43
15 125 47
16 125 52
17 125 60
18 125 71
19 125 91
19 124 116
20 124 150
21 124 194
22 124 236
23 124 263
24 124 270
25 124 262
26 124 249
26 123 225
27 123 208
27 122 190
28 122 182
28 121 178
29 121 182
29 120 195
30 120 208
31 120 226
32 120 247
32 119 269
33 119 298
33 118 325
34 118 357
35 118 386
36 118 397
37 118 381
38 118 343
39 118 295
40 118 253
40 117 230
40 116 220
40 115 209
40 114 184
40 113 147
40 112 106
40 111 72
40 110 49
40 109 36
40 108 29
40 107 25
40 106 24
40 105 24
40 104 25
40 103 25
40 102 24
41 102 23
41 101 22
42 101 20
42 100 18
43 100 16
43 99 15
44 99 14
44 98 13
45 98 12
46 98 12
47 98 11
47 97 11
47 96 11
48 96 11
49 96 12
50 96 12
51 96 13
52 96 13
53 96 14
54 96 15
55 96 15
56 96 14
57 96 14
58 96 13
59 96 13
60 96 12
61 96 12
61 95 12
61 94 12
61 93 11
62 93 11
63 93 12
64 93 12
65 93 12
66 93 12
67 93 12
68 93 11
69 93 11
70 93 11
71 93 11
72 93 11
73 93 11
74 93 11
75 93 12
76 93 13
108 180 44
108 181 31
107 181 27
106 181 25
105 181 24
104 181 25
103 181 26
102 181 28
101 181 30
100 181 30
99 181 29
98 181 27
97 181 25
97 180 25
96 180 24
95 180 24
95 179 25
94 179 25
93 179 28
92 179 35
91 179 47
90 179 67
89 179 96
88 179 132
87 179 166
86 179 190
85 179 200
84 179 203
83 179 212
82 179 233
81 179 268
81 178 295
81 177 317
81 176 324
81 175 311
81 174 283
80 174 243
80 173 206
79 173 177
79 172 153
78 172 141
77 172 138
76 172 142
75 172 147
74 172 149
73 172 148
72 172 140
71 172 123
70 172 101
69 172 79
68 172 63
67 172 52
66 172 47
66 171 46
66 170 44
66 169 42
66 168 42
66 167 44
66 166 46
66 165 48
66 164 46
66 163 41
66 162 35
66 161 28
66 160 23
66 159 20
66 158 18
66 157 15
66 156 14
66 155 13
66 154 12
67 154 12
67 153 12
68 153 12
68 152 12
68 151 12
69 151 12
69 150 12
69 149 12
69 148 12
69 147 12
69 146 12
70 146 12
70 145 13
71 145 13
72 145 14
73 145 16
74 145 18
75 145 21
75 144 24
76 144 28
77 144 32
78 144 35
79 144 38
80 144 40
81 144 44
81 143 51
82 143 58
82 142 69
82 141 82
83 141 99
84 141 127
85 141 169
86 141 227
87 141 304
88 141 387
89 141 453
90 141 476
91 141 447
92 141 381
93 141 304
94 141 236
95 141 184
96 141 141
97 141 102
98 141 71
99 141 49
100 141 36
101 141 29
101 140 25
102 140 22
102 139 20
103 139 19
103 138 18
103 137 17
103 136 17
103 135 16
103 134 15
103 133 14
103 132 13
103 131 13
104 131 12
105 131 12
105 130 11
105 129 11
105 128 12
105 127 12
105 126 12
105 125 13
105 124 15
196 20 15
196 21 14
196 22 13
195 22 12
194 22 11
194 23 11
193 23 11
192 23 11
192 24 10
191 24 10
191 25 10
190 25 10
190 26 10
189 26 10
188 26 10
188 27 10
187 27 10
187 28 10
186 28 10
186 29 10
186 30 10
185 30 10
184 30 10
184 31 10
184 32 10
183 32 10
183 33 10
182 33 10
182 34 10
182 35 11
182 36 12
182 37 13
182 38 14
182 39 16
182 40 18
182 41 19
182 42 20
182 43 20
182 44 20
182 45 21
182 46 22
182 47 26
182 48 33
182 49 48
182 50 73
182 51 113
182 52 171
182 53 249
182 54 335
182 55 410
182 56 462
182 57 489
182 58 503
182 59 517
182 60 543
182 61 590
182 62 660
182 63 739
182 64 793
182 65 794
182 66 736
182 67 638
182 68 527
182 69 427
182 70 352
182 71 305
183 71 270
183 72 242
184 72 210
184 73 192
185 73 168
185 74 150
185 75 132
185 76 114
185 77 96
185 78 79
185 79 65
185 80 53
185 81 44
185 82 37
185 83 33
186 83 29
186 84 25
186 85 21
186 86 19
186 87 18
186 88 17
186 89 16
186 90 15
186 91 15
186 92 14
186 93 13
186 94 13
186 95 12
186 96 12
186 97 12
186 98 11
186 99 11
186 100 11
185 100 11
185 101 11
184 101 11
198 171 18
198 170 17
198 169 16
198 168 15
197 168 17
196 168 19
195 168 20
194 168 20
193 168 21
192 168 21
191 168 22
191 167 23
190 167 25
189 167 28
188 167 35
187 167 45
186 167 59
185 167 74
184 167 87
183 167 90
182 167 83
181 167 70
180 167 57
179 167 47
178 167 40
177 167 34
176 167 30
175 167 27
174 167 24
173 167 21
172 167 18
171 167 16
170 167 14
169 167 13
168 167 13
167 167 13
166 167 13
165 167 13
164 167 14
163 167 14
162 167 15
161 167 15
160 167 14
159 167 14
159 168 14
158 168 13
158 169 13
157 169 12
156 169 12
156 170 12
155 170 12
154 170 13
154 171 13
154 172 14
154 173 15
154 174 18
154 175 21
154 176 25
154 177 27
154 178 29
154 179 31
154 180 32
154 181 34
153 181 37
152 181 39
151 181 41
150 181 42
149 181 43
149 182 44
148 182 45
147 182 46
146 182 49
146 183 52
145 183 57
144 183 68
144 184 80
143 184 102
143 185 127
143 186 167
143 187 219
143 188 271
143 189 306
143 190 312
143 191 293
143 192 266
143 193 241
143 194 222
142 194 213
142 195 201
141 195 199
141 196 197
140 196 202
140 197 214
139 197 220
138 197 228
137 197 236
137 198 243
136 198 240
135 198 246
135 199 252
134 199 258
133 199 283
132 199 330
131 199 396
130 199 470
129 199 530
128 199 558
127 199 558
126 199 524
125 199 440
124 199 323
123 199 211
122 199 128
121 199 77
120 199 51
119 199 38
118 199 32
118 198 27
117 198 25
117 197 23
116 197 22
115 197 22
115 196 22
114 196 23
113 196 24
112 196 25
111 196 25
110 196 23
109 196 21
108 196 19
108 195 17
108 194 16
107 194 15
106 194 14
106 193 14
106 192 14
106 191 15
106 190 16
106 189 17
106 188 17
106 187 17
106 186 16
106 185 16
106 184 16
106 183 17
106 182 20
16 19 12
16 20 12
17 20 12
18 20 13
19 20 14
19 21 15
19 22 17
20 22 19
21 22 23
22 22 27
22 23 32
23 23 39
24 23 47
25 23 54
26 23 57
27 23 58
28 23 56
29 23 54
30 23 54
30 24 54
31 24 55
32 24 57
32 25 58
32 26 60
32 27 62
32 28 61
32 29 58
32 30 53
32 31 49
33 31 44
33 32 41
34 32 39
35 32 39
36 32 40
37 32 43
38 32 46
39 32 48
40 32 48
41 32 46
42 32 43
43 32 41
44 32 39
45 32 39
46 32 41
46 31 46
47 31 50
47 30 55
47 29 63
48 29 69
48 28 77
49 28 90
49 27 105
49 26 129
49 25 164
49 24 209
49 23 260
49 22 310
49 21 352
49 20 381
49 19 404
50 19 431
50 18 445
51 18 466
52 18 482
53 18 491
54 18 483
55 18 445
56 18 383
57 18 310
58 18 242
59 18 190
60 18 156
60 17 134
61 17 116
61 16 104
62 16 97
63 16 98
64 16 102
65 16 104
66 16 101
67 16 94
68 16 83
69 16 72
70 16 64
71 16 61
72 16 63
73 16 73
74 16 90
74 17 123
74 18 171
74 19 229
74 20 297
74 21 371
74 22 435
74 23 474
74 24 488
74 25 487
75 25 471
75 26 441
76 26 407
77 26 381
78 26 358
79 26 331
80 26 298
81 26 259
82 26 217
83 26 179
84 26 146
85 26 118
86 26 96
87 26 78
87 27 72
88 27 61
88 28 57
89 28 50
90 28 48
90 29 45
90 30 44
90 31 44
90 32 45
90 33 46
91 33 47
91 34 48
91 35 50
91 36 54
92 36 56
93 36 61
93 37 65
94 37 67
95 37 69
95 38 70
96 38 69
97 38 67
98 38 65
99 38 64
99 39 65
100 39 68
100 40 77
101 40 91
101 41 110
101 42 134
101 43 160
101 44 185
101 45 207
101 46 227
102 46 241
102 47 248
102 48 259
103 48 257
103 49 261
104 49 260
104 50 266
105 50 270
105 51 282
106 51 289
106 52 304
106 53 319
106 54 317
106 55 295
106 56 259
106 57 219
106 58 183
107 58 153
108 58 133
109 58 119
110 58 106
111 58 91
112 58 72
113 58 54
114 58 39
115 58 29
115 59 27
115 60 25
115 61 23
115 62 21
115 63 19
115 64 18
115 65 17
115 66 16
115 67 16
115 68 17
115 69 20
115 70 24
114 70 32
114 71 43
114 72 59
114 73 80
114 74 109
114 75 139
114 76 159
114 77 166
114 78 160
114 79 151
113 79 151
112 79 152
111 79 152
110 79 149
109 79 144
108 79 139
107 79 137
106 79 138
105 79 141
104 79 150
104 80 157
103 80 165
103 81 173
102 81 180
102 82 183
101 82 190
101 83 188
101 84 189
101 85 190
100 85 193
100 86 189
100 87 188
99 87 184
99 88 167
99 89 148
98 89 126
98 90 99
98 91 77
97 91 58
97 92 45
96 92 35
96 93 28
95 93 23
94 93 20
93 93 17
92 93 15
91 93 14
90 93 13
10 63 153
9 63 144
8 63 138
7 63 136
6 63 132
5 63 122
4 63 104
3 63 81
2 63 59
1 63 43
0 63 32
0 62 28
0 61 25
0 60 23
0 59 21
0 58 20
0 57 20
0 56 22
0 55 25
0 54 30
0 53 37
0 52 43
0 51 50
0 50 59
0 49 68
0 48 74
0 47 73
0 46 64
0 45 51
0 44 39
0 43 29
0 42 23
0 41 19
0 40 16
0 39 14
0 38 13
0 37 12
0 36 12
0 35 11
1 35 11
1 34 11
1 33 11
2 33 11
2 32 11
3 32 11
4 32 11
5 32 12
5 31 12
5 30 12
5 29 12
5 28 12
5 27 13
6 27 13
6 26 14
7 26 14
7 25 15
8 25 14
8 24 14
9 24 14
10 24 14
10 23 13
11 23 13
11 22 13
12 22 12
13 22 12
13 21 12
14 21 12
15 21 12
16 21 12
