190 122 10
169 145 13
166 114 10
170 41 10
168 179 53
68 112 31
78 151 10
29 178 15
110 191 21
60 47 76
88 21 18
29 141 11
124 36 10
167 179 30
166 179 18
165 179 13
164 179 11
163 179 10
162 179 10
161 179 10
160 179 10
159 179 10
158 179 10
157 179 10
157 178 10
157 177 10
157 176 10
157 175 10
157 174 10
157 173 10
157 172 11
157 171 12
157 170 13
157 169 14
157 168 14
157 167 14
157 166 14
157 165 13
157 164 12
157 163 12
157 162 11
157 161 11
157 160 11
157 159 11
157 158 11
157 157 11
157 156 11
157 155 11
157 154 10
157 153 10
157 152 10
157 151 10
157 150 10
157 149 10
157 148 10
157 147 10
158 147 10
158 146 10
159 146 10
159 145 10
160 145 10
161 145 10
162 145 10
163 145 10
164 145 11
165 145 11
166 145 11
167 145 12
168 145 12
171 41 10
172 41 10
173 41 10
174 41 10
175 41 10
176 41 10
177 41 10
178 41 10
179 41 10
179 42 10
179 43 10
180 43 10
180 44 10
180 45 10
181 45 10
181 46 10
181 47 10
182 47 10
182 48 10
182 49 10
183 49 10
183 50 10
183 51 10
183 52 10
183 53 10
183 54 10
183 55 10
183 56 10
183 57 10
183 58 10
183 59 10
183 60 10
183 61 10
183 62 10
183 63 10
183 64 10
183 65 10
183 66 10
183 67 10
183 68 10
183 69 10
183 70 10
183 71 10
183 72 10
183 73 10
183 74 10
183 75 10
183 76 10
183 77 11
183 78 11
183 79 11
183 80 11
183 81 12
183 82 12
183 83 12
183 84 12
183 85 12
183 86 12
183 87 11
183 88 11
183 89 11
183 90 11
183 91 11
183 92 11
183 93 11
183 94 11
183 95 11
183 96 11
183 97 11
183 98 11
183 99 10
183 100 10
183 101 10
183 102 10
183 103 10
183 104 10
183 105 10
183 106 10
183 107 10
183 108 10
183 109 10
183 110 10
183 111 10
183 112 10
183 113 10
183 114 10
183 115 10
183 116 10
183 117 10
183 118 10
183 119 10
184 119 10
185 119 10
185 120 10
186 120 10
186 121 10
187 121 10
188 121 10
188 122 10
189 122 10
125 36 10
126 36 10
127 36 10
128 36 10
129 36 10
130 36 10
131 36 10
131 37 10
132 37 10
133 37 10
134 37 11
135 37 12
136 37 14
137 37 16
138 37 16
139 37 16
140 37 15
141 37 15
142 37 15
143 37 16
144 37 19
145 37 24
145 36 31
146 36 43
147 36 64
148 36 96
149 36 130
150 36 151
151 36 145
152 36 118
153 36 84
154 36 57
155 36 38
156 36 25
157 36 17
158 36 13
159 36 12
160 36 11
161 36 11
162 36 10
163 36 10
164 36 10
165 36 10
166 36 10
167 36 10
168 36 10
168 37 10
169 37 10
169 38 10
169 39 10
170 39 10
170 40 10
110 190 23
110 189 25
110 188 29
110 187 35
110 186 45
110 185 55
110 184 59
110 183 54
110 182 44
110 181 33
110 180 24
110 179 19
110 178 16
110 177 14
110 176 13
110 175 12
110 174 11
110 173 11
110 172 10
110 171 10
110 170 10
110 169 10
110 168 10
110 167 10
110 166 10
110 165 10
110 164 10
110 163 10
110 162 10
110 161 10
110 160 10
110 159 10
110 158 11
110 157 11
110 156 11
110 155 12
110 154 12
110 153 13
110 152 14
110 151 16
110 150 19
110 149 23
110 148 28
110 147 37
110 146 44
110 145 48
110 144 48
110 143 45
110 142 40
110 141 35
110 140 31
110 139 28
111 139 24
111 138 21
112 138 18
112 137 16
112 136 15
113 136 14
114 136 14
115 136 15
116 136 17
117 136 22
118 136 33
119 136 53
120 136 82
121 136 111
122 136 127
123 136 120
124 136 99
125 136 75
126 136 57
127 136 45
128 136 36
129 136 29
130 136 23
131 136 18
132 136 14
133 136 12
134 136 11
135 136 10
136 136 10
137 136 10
138 136 10
139 136 10
140 136 10
141 136 10
141 137 10
142 137 10
143 137 10
144 137 10
145 137 10
146 137 10
146 138 10
146 139 10
147 139 10
148 139 10
149 139 10
149 140 10
150 140 10
151 140 10
152 140 10
153 140 10
154 140 10
154 141 10
154 142 10
154 143 10
155 143 10
156 143 10
157 143 10
158 143 10
158 144 10
159 144 10
78 152 10
78 153 10
78 154 10
78 155 10
78 156 10
78 157 10
78 158 10
78 159 10
78 160 10
78 161 10
78 162 10
78 163 10
78 164 10
78 165 10
78 166 10
78 167 10
78 168 10
78 169 10
78 170 10
78 171 10
78 172 10
78 173 10
78 174 10
78 175 10
78 176 10
78 177 10
78 178 10
78 179 10
78 180 10
78 181 10
78 182 10
78 183 10
78 184 10
78 185 10
78 186 10
78 187 10
79 187 10
80 187 10
81 187 10
81 188 10
82 188 10
83 188 10
84 188 11
85 188 11
86 188 12
86 189 12
87 189 13
88 189 14
89 189 16
90 189 17
91 189 21
92 189 27
93 189 36
94 189 48
95 189 58
96 189 62
97 189 58
98 189 48
99 189 39
100 189 31
101 189 27
102 189 25
102 190 23
103 190 22
104 190 21
105 190 21
106 190 20
107 190 20
108 190 20
109 190 21
69 112 18
70 112 13
71 112 11
72 112 10
72 113 10
72 114 10
72 115 10
72 116 10
72 117 10
72 118 10
72 119 10
72 120 10
72 121 10
72 122 10
72 123 10
72 124 10
72 125 10
72 126 10
72 127 10
73 127 10
74 127 10
74 128 10
74 129 11
74 130 12
74 131 13
74 132 15
74 133 17
74 134 16
74 135 15
74 136 14
74 137 13
74 138 13
74 139 12
74 140 12
74 141 11
74 142 11
74 143 10
74 144 10
74 145 10
75 145 10
76 145 10
77 145 10
77 146 10
77 147 10
77 148 10
77 149 10
77 150 10
78 150 10
60 48 64
60 49 48
60 50 33
60 51 23
60 52 18
60 53 15
60 54 13
60 55 12
59 55 12
59 56 12
58 56 12
58 57 11
58 58 11
57 58 11
56 58 11
56 59 11
56 60 11
55 60 11
55 61 11
55 62 12
55 63 13
55 64 14
55 65 15
55 66 15
55 67 14
55 68 12
55 69 11
55 70 11
55 71 10
55 72 10
55 73 10
55 74 10
55 75 10
55 76 10
55 77 10
56 77 10
57 77 10
58 77 10
58 78 10
58 79 10
59 79 10
59 80 10
60 80 10
60 81 10
60 82 10
61 82 10
62 82 10
63 82 10
63 83 10
64 83 10
65 83 10
65 84 10
65 85 10
65 86 10
66 86 10
67 86 10
68 86 10
68 87 10
69 87 10
70 87 10
70 88 10
70 89 10
70 90 10
71 90 10
71 91 10
71 92 10
71 93 10
72 93 10
72 94 10
72 95 10
72 96 10
72 97 11
72 98 11
72 99 12
72 100 12
72 101 12
72 102 12
72 103 12
72 104 12
72 105 11
72 106 11
72 107 11
72 108 11
72 109 11
72 110 11
72 111 11
29 140 10
29 139 10
29 138 10
29 137 10
29 136 10
29 135 10
29 134 10
29 133 10
29 132 10
29 131 10
29 130 10
29 129 10
29 128 11
29 127 11
29 126 11
29 125 11
29 124 11
29 123 12
29 122 12
29 121 14
30 121 15
30 120 17
31 120 20
31 119 25
32 119 30
33 119 37
33 118 40
34 118 42
35 118 44
35 117 43
35 116 45
36 116 44
36 115 43
36 114 41
36 113 40
37 113 38
37 112 36
37 111 35
37 110 34
37 109 33
37 108 31
38 108 27
38 107 24
39 107 21
39 106 18
40 106 17
40 105 15
41 105 15
41 104 14
42 104 15
42 103 15
43 103 16
43 102 17
44 102 20
44 101 24
45 101 30
46 101 38
47 101 45
48 101 50
48 100 52
49 100 50
50 100 49
50 99 46
51 99 45
51 98 43
51 97 44
51 96 44
51 95 41
51 94 34
51 93 27
51 92 21
51 91 17
51 90 14
51 89 12
51 88 11
51 87 10
51 86 10
51 85 10
51 84 10
51 83 10
51 82 10
51 81 10
52 81 10
53 81 10
54 81 10
54 80 10
54 79 10
54 78 10
55 78 10
29 177 12
29 176 11
29 175 10
29 174 10
29 173 10
29 172 10
29 171 10
29 170 10
29 169 10
29 168 10
29 167 10
29 166 10
29 165 10
29 164 10
29 163 10
30 163 10
31 163 10
31 162 10
31 161 10
31 160 10
32 160 10
32 159 10
32 158 11
32 157 11
32 156 13
32 155 16
32 154 23
32 153 38
32 152 65
32 151 102
32 150 133
32 149 141
32 148 124
32 147 94
32 146 66
32 145 45
32 144 30
32 143 19
32 142 14
32 141 12
31 141 11
30 141 11
88 20 15
88 19 13
88 18 12
88 17 11
88 16 11
88 15 11
89 15 11
90 15 11
91 15 12
92 15 12
93 15 13
94 15 14
95 15 16
96 15 19
97 15 24
98 15 35
99 15 56
100 15 93
101 15 147
102 15 209
102 16 261
103 16 288
103 17 290
104 17 266
104 18 214
105 18 159
105 19 105
106 19 64
107 19 40
107 20 26
108 20 19
108 21 16
108 22 14
108 23 13
108 24 12
108 25 12
108 26 12
108 27 12
108 28 12
108 29 11
108 30 11
108 31 11
109 31 10
110 31 10
111 31 10
112 31 10
113 31 10
114 31 10
115 31 10
116 31 10
117 31 10
118 31 10
118 32 10
119 32 10
120 32 10
120 33 10
121 33 10
122 33 10
123 33 10
124 33 10
124 34 10
124 35 10
