195 166 17
87 26 22
5 81 109
19 9 11
121 32 126
76 156 16
62 132 17
98 127 16
169 58 149
64 45 15
92 182 69
183 194 12
183 193 12
184 193 12
184 192 12
185 192 12
185 191 13
185 190 13
185 189 13
185 188 13
185 187 13
186 187 13
186 186 13
186 185 13
186 184 12
186 183 12
187 183 12
188 183 12
188 182 12
188 181 12
188 180 11
188 179 11
188 178 12
188 177 12
188 176 12
188 175 13
188 174 14
188 173 14
188 172 15
188 171 16
188 170 16
188 169 16
188 168 16
188 167 16
189 167 15
189 166 15
190 166 15
191 166 15
192 166 15
193 166 16
194 166 17
65 45 15
66 45 14
66 44 14
67 44 14
68 44 14
69 44 14
70 44 14
70 43 13
70 42 13
70 41 13
71 41 13
72 41 12
72 40 12
73 40 12
74 40 12
74 39 12
74 38 12
74 37 13
74 36 13
74 35 13
75 35 13
75 34 14
75 33 14
75 32 14
75 31 15
75 30 15
76 30 15
77 30 15
77 29 15
78 29 15
79 29 14
80 29 14
81 29 14
81 28 14
81 27 14
82 27 14
82 26 14
83 26 15
84 26 15
85 26 17
86 26 19
20 9 11
21 9 11
22 9 11
23 9 11
24 9 11
25 9 11
26 9 11
27 9 11
28 9 11
29 9 11
30 9 10
30 10 10
31 10 10
32 10 10
33 10 10
34 10 10
35 10 10
35 11 10
35 12 10
36 12 11
37 12 11
38 12 11
39 12 11
40 12 11
41 12 11
42 12 11
43 12 11
44 12 11
45 12 10
46 12 10
47 12 10
48 12 10
49 12 10
50 12 10
51 12 10
52 12 10
52 13 10
52 14 10
52 15 10
52 16 10
52 17 10
53 17 10
53 18 10
54 18 10
55 18 10
56 18 10
56 19 11
56 20 11
57 20 11
58 20 11
59 20 11
59 21 11
60 21 11
61 21 10
61 22 10
62 22 10
62 23 10
62 24 10
63 24 10
64 24 10
64 25 10
64 26 10
65 26 10
65 27 10
65 28 10
65 29 11
66 29 11
66 30 11
67 30 11
68 30 12
69 30 12
70 30 12
71 30 13
72 30 13
73 30 14
74 30 15
122 32 84
123 32 56
123 31 55
123 30 53
123 29 50
123 28 48
123 27 46
123 26 45
123 25 44
123 24 43
123 23 42
123 22 41
122 22 39
122 21 37
122 20 37
121 20 36
120 20 39
119 20 43
118 20 50
117 20 57
116 20 63
115 20 66
114 20 64
113 20 59
112 20 51
111 20 44
110 20 39
109 20 35
108 20 33
107 20 33
106 20 34
105 20 36
104 20 39
103 20 43
102 20 46
101 20 49
100 20 51
99 20 51
98 20 50
97 20 47
96 20 43
95 20 39
94 20 36
93 20 34
92 20 32
91 20 29
90 20 27
89 20 25
88 20 23
87 20 21
87 21 23
87 22 25
87 23 26
87 24 25
87 25 24
169 57 120
169 56 96
169 55 79
169 54 68
169 53 63
168 53 64
168 52 65
167 52 69
167 51 75
166 51 82
166 50 90
165 50 100
164 50 111
163 50 121
162 50 124
161 50 117
160 50 103
159 50 85
158 50 67
157 50 54
157 49 43
157 48 34
157 47 27
157 46 22
157 45 19
156 45 17
156 44 16
155 44 16
154 44 16
153 44 16
153 43 17
152 43 17
151 43 18
150 43 18
149 43 19
149 42 19
148 42 19
147 42 19
147 41 19
147 40 19
146 40 19
145 40 19
145 39 20
145 38 22
145 37 24
145 36 26
145 35 28
145 34 29
145 33 29
145 32 29
144 32 29
144 31 28
143 31 28
142 31 28
141 31 28
140 31 29
139 31 31
138 31 33
137 31 35
136 31 36
135 31 37
134 31 36
133 31 35
132 31 33
131 31 31
130 31 29
129 31 28
128 31 26
127 31 26
126 31 28
125 31 32
124 31 40
63 132 15
64 132 14
65 132 13
66 132 13
67 132 12
67 131 12
68 131 12
69 131 11
70 131 11
71 131 11
72 131 11
73 131 11
73 130 10
73 129 10
73 128 11
73 127 11
73 126 11
73 125 11
73 124 11
73 123 12
73 122 13
73 121 14
73 120 16
73 119 17
73 118 18
73 117 18
73 116 17
73 115 17
73 114 16
73 113 16
73 112 15
73 111 15
73 110 14
73 109 14
73 108 14
73 107 13
73 106 14
73 105 14
73 104 15
73 103 16
73 102 18
73 101 20
73 100 22
73 99 25
73 98 30
73 97 37
73 96 47
73 95 58
73 94 69
73 93 77
73 92 81
73 91 81
73 90 77
73 89 73
73 88 68
73 87 64
73 86 62
73 85 64
73 84 69
73 83 79
73 82 93
73 81 109
73 80 126
73 79 138
73 78 141
73 77 135
73 76 121
73 75 105
73 74 93
73 73 88
73 72 90
72 72 94
72 71 102
71 71 111
71 70 123
71 69 139
71 68 155
71 67 166
71 66 166
71 65 154
71 64 132
71 63 108
71 62 87
71 61 73
71 60 67
70 60 66
70 59 65
69 59 67
69 58 69
68 58 70
68 57 72
68 56 74
68 55 75
68 54 72
68 53 66
68 52 56
68 51 45
68 50 36
68 49 29
68 48 23
68 47 19
68 46 16
68 45 15
97 127 15
96 127 15
95 127 14
94 127 13
93 127 12
92 127 12
91 127 11
90 127 11
89 127 10
88 127 10
87 127 10
86 127 10
85 127 10
84 127 10
83 127 10
82 127 10
81 127 10
80 127 11
79 127 11
78 127 11
77 127 11
76 127 11
75 127 11
74 127 11
76 155 16
76 154 16
76 153 16
76 152 16
76 151 16
76 150 16
76 149 16
76 148 16
76 147 16
76 146 16
76 145 15
76 144 14
76 143 13
76 142 12
76 141 12
76 140 11
76 139 11
76 138 11
76 137 11
76 136 10
76 135 10
76 134 10
76 133 10
76 132 10
75 132 10
74 132 10
74 131 10
92 181 52
92 180 40
92 179 32
93 179 27
93 178 23
93 177 21
93 176 20
93 175 20
93 174 20
93 173 20
93 172 21
93 171 22
93 170 22
93 169 21
93 168 19
93 167 17
93 166 15
93 165 13
93 164 12
93 163 11
93 162 11
93 161 11
93 160 10
93 159 10
93 158 10
93 157 10
92 157 10
91 157 10
90 157 10
90 156 10
89 156 10
88 156 11
87 156 11
86 156 11
85 156 11
84 156 11
83 156 11
82 156 11
81 156 12
80 156 12
79 156 12
78 156 13
77 156 14
4 81 97
4 82 84
3 82 74
3 83 67
2 83 60
1 83 55
0 83 51
0 84 49
0 85 50
0 86 53
0 87 57
0 88 61
0 89 66
0 90 71
0 91 75
0 92 77
0 93 76
0 94 71
0 95 63
0 96 55
0 97 47
0 98 41
0 99 37
0 100 34
0 101 32
0 102 31
0 103 32
0 104 33
0 105 35
0 106 37
0 107 38
0 108 38
0 109 37
0 110 34
0 111 31
0 112 28
0 113 25
0 114 23
0 115 21
0 116 21
0 117 21
0 118 22
0 119 24
0 120 27
0 121 31
0 122 36
0 123 41
0 124 45
0 125 47
0 126 49
0 127 51
1 127 59
2 127 66
3 127 71
4 127 73
5 127 72
6 127 69
7 127 65
8 127 59
9 127 53
10 127 49
11 127 47
12 127 48
12 128 51
13 128 56
13 129 65
14 129 75
15 129 90
16 129 110
17 129 134
18 129 160
19 129 189
20 129 224
21 129 264
22 129 302
23 129 325
24 129 324
25 129 298
26 129 253
27 129 202
28 129 157
29 129 122
30 129 98
31 129 80
32 129 67
33 129 58
33 130 53
34 130 49
35 130 48
36 130 49
37 130 51
38 130 52
39 130 52
40 130 49
41 130 43
42 130 36
43 130 30
44 130 24
45 130 20
46 130 18
47 130 16
48 130 16
49 130 15
50 130 15
50 131 15
50 132 15
51 132 16
52 132 17
53 132 18
54 132 20
55 132 20
56 132 21
57 132 21
58 132 21
59 132 21
60 132 20
61 132 19
