6 28 11
166 92 100
97 80 15
48 179 11
163 179 1158
42 132 103
196 7 17
5 121 11
66 99 75
122 176 15
88 116 37
88 115 29
88 114 23
88 113 20
88 112 17
88 111 15
88 110 14
89 110 13
90 110 13
90 109 12
90 108 12
90 107 12
90 106 11
90 105 11
91 105 11
91 104 11
92 104 11
93 104 11
94 104 11
94 103 11
94 102 11
95 102 11
95 101 10
95 100 10
95 99 10
95 98 10
95 97 10
95 96 10
95 95 10
95 94 10
95 93 10
95 92 10
95 91 10
95 90 10
95 89 10
95 88 10
95 87 10
95 86 10
95 85 10
96 85 10
97 85 10
97 84 11
97 83 11
97 82 12
97 81 13
67 99 64
68 99 54
69 99 45
70 99 37
71 99 31
72 99 26
73 99 22
74 99 19
75 99 16
76 99 15
77 99 13
78 99 13
79 99 12
80 99 12
81 99 11
82 99 11
83 99 11
84 99 11
85 99 11
86 99 11
87 99 11
88 99 11
89 99 11
90 99 11
91 99 11
92 99 11
93 99 11
94 99 11
4 121 11
3 121 11
2 121 11
2 120 11
1 120 11
1 119 11
1 118 11
0 118 11
0 117 12
0 116 12
0 115 13
0 114 15
0 113 16
0 112 19
0 111 23
0 110 29
0 109 37
0 108 46
0 107 58
0 106 71
0 105 85
0 104 97
0 103 107
0 102 115
0 101 121
0 100 126
0 99 129
0 98 133
0 97 136
0 96 140
0 95 141
0 94 138
0 93 133
0 92 127
0 91 119
0 90 112
0 89 107
0 88 104
0 87 104
0 86 106
0 85 111
0 84 119
0 83 129
0 82 142
0 81 156
0 80 170
0 79 184
0 78 198
0 77 214
0 76 235
0 75 263
0 74 296
0 73 336
0 72 378
0 71 420
0 70 458
0 69 486
0 68 502
0 67 502
0 66 485
0 65 453
0 64 412
0 63 364
0 62 316
0 61 269
0 60 225
0 59 183
0 58 145
0 57 110
0 56 82
0 55 60
0 54 44
0 53 33
0 52 26
0 51 21
0 50 18
0 49 16
0 48 15
0 47 14
1 47 13
2 47 12
2 46 12
2 45 12
2 44 11
2 43 11
3 43 11
4 43 11
5 43 11
5 42 10
5 41 10
5 40 10
5 39 10
5 38 10
5 37 10
5 36 10
5 35 10
5 34 10
5 33 10
5 32 10
6 32 10
6 31 10
6 30 11
6 29 11
42 133 71
42 134 50
42 135 37
41 135 31
40 135 27
39 135 25
38 135 22
37 135 21
36 135 20
35 135 19
34 135 18
33 135 17
32 135 17
31 135 16
30 135 16
29 135 15
28 135 15
27 135 15
26 135 15
25 135 15
25 134 14
25 133 14
25 132 14
25 131 14
24 131 14
23 131 13
23 130 13
23 129 13
22 129 13
22 128 13
21 128 13
20 128 12
19 128 12
18 128 12
17 128 12
16 128 12
15 128 12
14 128 12
13 128 12
12 128 12
11 128 12
11 127 11
10 127 11
9 127 11
8 127 11
7 127 11
7 126 11
6 126 11
6 125 11
6 124 11
5 124 11
5 123 11
5 122 11
48 178 11
48 177 11
48 176 11
48 175 11
48 174 11
48 173 11
48 172 11
48 171 11
48 170 11
48 169 11
48 168 11
47 168 11
46 168 12
45 168 12
45 167 12
45 166 13
45 165 13
45 164 14
45 163 15
45 162 16
44 162 17
44 161 19
44 160 21
44 159 24
44 158 26
44 157 28
44 156 28
44 155 28
44 154 27
44 153 25
44 152 24
44 151 22
44 150 21
44 149 20
43 149 19
43 148 17
43 147 16
43 146 16
42 146 15
41 146 14
41 145 13
41 144 13
41 143 13
41 142 13
41 141 13
41 140 14
41 139 15
41 138 17
41 137 20
41 136 24
121 176 14
120 176 13
119 176 12
118 176 12
117 176 12
116 176 12
115 176 12
114 176 12
114 177 12
113 177 12
112 177 12
112 178 12
112 179 12
111 179 12
110 179 12
110 180 12
110 181 12
109 181 12
108 181 12
108 182 12
107 182 12
106 182 12
105 182 13
104 182 13
103 182 14
103 183 14
102 183 16
101 183 17
100 183 20
99 183 23
98 183 27
97 183 32
96 183 38
95 183 44
94 183 49
93 183 53
92 183 57
91 183 60
90 183 63
89 183 65
88 183 65
87 183 64
86 183 63
85 183 61
84 183 60
83 183 58
82 183 57
81 183 57
80 183 57
79 183 56
79 182 55
78 182 53
77 182 50
77 181 47
76 181 43
75 181 40
74 181 36
74 180 32
73 180 29
72 180 26
71 180 23
71 179 20
70 179 19
69 179 17
68 179 16
67 179 14
66 179 14
65 179 13
64 179 12
63 179 12
62 179 11
61 179 11
60 179 11
59 179 11
58 179 10
57 179 10
56 179 10
55 179 10
54 179 10
53 179 10
52 179 10
51 179 10
50 179 11
49 179 11
163 178 974
163 177 790
163 176 617
163 175 468
163 174 347
163 173 256
163 172 190
163 171 143
163 170 111
163 169 89
163 168 73
163 167 63
162 167 70
161 167 76
160 167 82
159 167 88
158 167 93
157 167 99
156 167 105
155 167 111
154 167 119
153 167 128
152 167 139
151 167 153
150 167 170
149 167 190
148 167 213
147 167 236
146 167 258
145 167 277
144 167 294
143 167 308
142 167 316
141 167 316
140 167 305
139 167 284
138 167 253
137 167 216
136 167 177
135 167 140
134 167 107
133 167 81
132 167 61
131 167 47
130 167 37
129 167 30
128 167 26
127 167 22
126 167 19
125 167 17
124 167 16
123 167 15
122 167 14
122 168 14
122 169 13
122 170 13
122 171 13
122 172 13
122 173 13
122 174 14
122 175 14
197 7 16
198 7 16
198 8 17
198 9 20
198 10 24
198 11 29
198 12 37
198 13 46
198 14 57
198 15 70
198 16 83
198 17 98
198 18 112
198 19 127
198 20 143
198 21 160
198 22 180
198 23 202
198 24 224
198 25 246
198 26 266
198 27 286
198 28 304
198 29 323
198 30 343
198 31 365
198 32 391
198 33 421
198 34 454
198 35 491
198 36 528
198 37 561
198 38 588
198 39 603
198 40 604
198 41 593
198 42 572
198 43 542
198 44 502
198 45 453
198 46 398
198 47 342
198 48 287
198 49 238
198 50 196
198 51 162
198 52 136
198 53 117
197 53 102
197 54 90
196 54 81
195 54 75
195 55 70
195 56 67
194 56 65
193 56 65
193 57 65
193 58 66
192 58 69
192 59 71
191 59 75
191 60 78
190 60 83
189 60 89
189 61 95
188 61 102
187 61 110
186 61 119
186 62 128
185 62 137
184 62 148
183 62 163
183 63 176
182 63 193
181 63 213
181 64 231
180 64 253
180 65 276
180 66 305
180 67 335
180 68 362
180 69 382
180 70 391
180 71 389
180 72 376
180 73 356
180 74 332
180 75 307
180 76 284
180 77 264
179 77 244
179 78 225
178 78 206
178 79 188
178 80 170
178 81 153
177 81 138
177 82 124
176 82 113
175 82 106
174 82 101
174 83 95
173 83 90
173 84 85
173 85 82
172 85 82
171 85 84
170 85 85
169 85 85
168 85 85
167 85 82
166 85 77
166 86 75
166 87 75
166 88 78
166 89 81
166 90 87
166 91 93
