40 40 10
86 142 11
188 165 19
113 92 193
4 151 24
76 71 10
75 188 10
75 71 10
74 71 10
74 70 10
74 69 10
73 69 10
72 69 10
71 69 10
70 69 10
69 69 10
68 69 10
67 69 10
66 69 10
65 69 10
64 69 10
63 69 10
63 68 10
62 68 10
61 68 10
60 68 10
59 68 10
58 68 10
58 67 10
57 67 10
56 67 10
55 67 10
54 67 10
54 66 10
53 66 10
53 65 10
53 64 10
53 63 10
53 62 10
53 61 10
52 61 10
52 60 10
51 60 10
51 59 10
50 59 10
49 59 10
48 59 10
47 59 10
47 58 10
47 57 10
46 57 10
46 56 10
46 55 10
46 54 10
46 53 10
46 52 10
46 51 10
46 50 10
45 50 10
45 49 10
45 48 10
44 48 10
43 48 10
43 47 10
43 46 10
43 45 10
43 44 10
42 44 10
42 43 10
42 42 10
41 42 10
40 42 10
40 41 10
85 142 11
84 142 11
83 142 11
83 141 11
82 141 11
82 140 12
82 139 12
82 138 12
82 137 12
82 136 12
82 135 12
82 134 11
82 133 11
82 132 11
82 131 11
82 130 11
82 129 11
82 128 11
82 127 11
81 127 11
81 126 11
80 126 11
80 125 11
79 125 11
79 124 11
78 124 11
77 124 11
77 123 12
77 122 12
77 121 13
76 121 13
76 120 14
76 119 14
76 118 13
76 117 13
76 116 12
76 115 12
76 114 11
76 113 11
76 112 11
76 111 12
76 110 12
76 109 12
76 108 13
76 107 13
76 106 12
76 105 12
76 104 12
76 103 11
76 102 11
76 101 11
76 100 11
76 99 11
76 98 11
76 97 11
76 96 11
76 95 11
76 94 10
76 93 10
76 92 10
76 91 10
76 90 10
76 89 10
76 88 10
76 87 10
76 86 10
76 85 10
76 84 10
76 83 10
76 82 10
76 81 10
76 80 10
76 79 10
76 78 10
76 77 10
76 76 10
76 75 10
76 74 10
76 73 10
76 72 10
75 187 10
75 186 10
75 185 10
75 184 10
75 183 10
75 182 10
75 181 10
75 180 10
75 179 10
75 178 10
75 177 10
75 176 10
75 175 10
76 175 10
76 174 10
77 174 10
78 174 10
78 173 10
78 172 10
79 172 10
79 171 10
79 170 10
79 169 10
79 168 10
80 168 10
80 167 10
81 167 10
81 166 10
81 165 10
82 165 10
82 164 10
82 163 11
82 162 11
82 161 11
82 160 11
82 159 11
82 158 10
82 157 10
82 156 10
82 155 10
82 154 10
82 153 10
82 152 10
82 151 10
82 150 10
82 149 10
82 148 10
82 147 10
82 146 10
82 145 10
82 144 10
83 144 10
83 143 11
112 92 167
111 92 145
110 92 125
109 92 107
108 92 92
107 92 78
106 92 66
105 92 56
104 92 47
103 92 40
102 92 34
101 92 29
100 92 25
99 92 21
98 92 19
97 92 17
96 92 15
95 92 14
94 92 13
93 92 13
92 92 12
91 92 12
90 92 12
89 92 12
88 92 12
87 92 12
86 92 12
85 92 12
84 92 11
83 92 11
82 92 11
81 92 11
80 92 11
79 92 10
78 92 10
77 92 10
188 166 19
187 166 18
186 166 18
185 166 17
184 166 17
183 166 17
183 167 17
183 168 17
182 168 17
182 169 17
181 169 17
181 170 17
180 170 18
180 171 18
180 172 18
179 172 19
179 173 20
178 173 21
177 173 22
177 174 23
176 174 25
176 175 27
175 175 28
174 175 30
173 175 32
172 175 33
172 176 33
171 176 33
171 177 34
170 177 34
170 178 36
169 178 38
169 179 42
169 180 49
169 181 58
169 182 67
169 183 75
169 184 81
169 185 85
169 186 88
169 187 92
169 188 97
168 188 111
167 188 126
166 188 139
165 188 145
164 188 143
163 188 134
162 188 125
162 189 114
161 189 106
160 189 104
159 189 108
158 189 118
157 189 130
156 189 142
155 189 151
154 189 152
153 189 143
152 189 127
151 189 108
150 189 89
149 189 72
148 189 57
147 189 47
146 189 40
145 189 37
144 189 36
143 189 37
142 189 39
141 189 41
140 189 42
139 189 42
138 189 43
137 189 46
136 189 51
135 189 55
134 189 57
133 189 54
132 189 46
131 189 37
130 189 29
129 189 22
128 189 18
127 189 15
126 189 13
125 189 12
124 189 11
123 189 10
122 189 10
121 189 10
120 189 10
119 189 10
118 189 10
117 189 10
116 189 10
115 189 10
114 189 10
113 189 10
112 189 10
111 189 10
110 189 10
109 189 10
108 189 10
107 189 10
106 189 10
105 189 10
104 189 10
103 189 10
102 189 10
101 189 10
100 189 10
99 189 10
98 189 10
97 189 10
96 189 10
95 189 10
94 189 10
93 189 10
92 189 10
91 189 10
90 189 10
89 189 10
88 189 10
87 189 10
86 189 10
85 189 10
84 189 10
84 188 10
83 188 10
82 188 10
81 188 10
80 188 10
79 188 10
78 188 10
77 188 10
76 188 10
5 151 27
5 150 30
6 150 35
6 149 38
7 149 43
7 148 47
8 148 53
9 148 64
10 148 79
11 148 98
12 148 116
13 148 128
14 148 132
15 148 128
16 148 120
17 148 113
18 148 110
19 148 113
19 147 116
20 147 128
20 146 142
21 146 165
22 146 198
23 146 234
24 146 263
25 146 278
26 146 277
27 146 264
28 146 245
29 146 228
29 145 205
30 145 186
30 144 163
30 143 143
31 143 127
31 142 109
31 141 99
32 141 88
32 140 83
33 140 77
34 140 75
34 139 70
35 139 65
36 139 62
36 138 57
37 138 51
38 138 48
39 138 47
40 138 47
41 138 48
42 138 49
43 138 48
44 138 47
45 138 43
46 138 40
47 138 38
48 138 38
49 138 39
50 138 40
51 138 39
52 138 37
53 138 32
54 138 27
55 138 22
56 138 18
57 138 15
58 138 13
59 138 12
60 138 11
61 138 11
62 138 11
63 138 11
64 138 11
65 138 11
66 138 11
67 138 11
68 138 11
69 138 11
70 138 11
71 138 11
72 138 11
73 138 11
74 138 12
75 138 12
76 138 12
77 138 13
78 138 13
79 138 13
80 138 12
81 138 12
