5 2 42
68 29 14
82 82 62
88 173 164
34 130 14
162 117 105
137 129 15
189 184 177
190 16 10
24 90 19
90 39 11
51 176 116
108 67 17
89 39 10
88 39 10
87 39 10
86 39 10
85 39 10
84 39 10
83 39 10
82 39 10
81 39 10
81 38 10
81 37 10
81 36 10
80 36 10
79 36 10
78 36 11
77 36 11
77 35 11
76 35 11
75 35 11
74 35 11
73 35 11
72 35 11
72 34 11
72 33 11
71 33 11
70 33 11
70 32 11
69 32 11
68 32 11
68 31 12
68 30 13
108 66 17
108 65 16
108 64 14
108 63 13
108 62 13
108 61 12
107 61 12
106 61 12
105 61 12
104 61 11
103 61 11
102 61 11
101 61 11
100 61 10
99 61 10
98 61 10
98 60 10
97 60 10
96 60 10
96 59 10
96 58 10
96 57 10
95 57 10
94 57 10
93 57 10
93 56 10
93 55 10
93 54 10
92 54 10
92 53 10
92 52 10
91 52 10
91 51 10
90 51 10
90 50 10
90 49 11
90 48 11
90 47 11
90 46 11
90 45 12
90 44 12
90 43 12
90 42 11
90 41 11
90 40 11
24 91 21
24 92 23
24 93 26
24 94 28
24 95 27
24 96 25
24 97 22
24 98 18
24 99 15
25 99 15
26 99 14
27 99 13
28 99 12
29 99 12
30 99 11
31 99 11
32 99 11
33 99 11
34 99 11
35 99 12
36 99 12
37 99 13
38 99 14
39 99 14
40 99 15
41 99 15
42 99 15
43 99 15
44 99 14
45 99 14
46 99 13
47 99 13
47 98 14
47 97 16
47 96 17
47 95 19
47 94 21
47 93 21
47 92 22
47 91 23
47 90 23
47 89 25
48 89 27
48 88 29
48 87 33
49 87 36
49 86 40
50 86 45
50 85 48
50 84 52
51 84 57
51 83 60
52 83 67
52 82 72
53 82 78
54 82 84
54 81 88
55 81 90
56 81 95
56 80 100
57 80 109
57 79 122
58 79 142
58 78 164
58 77 195
59 77 227
59 76 260
59 75 295
60 75 322
61 75 351
62 75 373
63 75 376
64 75 353
65 75 309
66 75 254
67 75 203
68 75 157
69 75 117
70 75 87
71 75 68
71 74 61
71 73 55
71 72 47
71 71 39
71 70 35
72 70 32
72 69 29
72 68 28
73 68 25
73 67 23
73 66 22
73 65 22
74 65 21
75 65 22
76 65 22
77 65 23
78 65 22
79 65 22
80 65 21
81 65 20
82 65 19
83 65 17
84 65 15
85 65 14
85 64 13
85 63 13
85 62 12
85 61 12
86 61 11
87 61 11
87 60 11
88 60 10
89 60 10
90 60 10
90 59 10
90 58 10
90 57 10
91 57 10
92 57 10
34 129 14
34 128 13
34 127 13
34 126 13
34 125 13
34 124 13
34 123 13
34 122 13
34 121 13
34 120 13
34 119 13
34 118 12
34 117 12
34 116 11
34 115 11
34 114 11
34 113 11
34 112 11
34 111 11
34 110 11
34 109 11
34 108 11
34 107 11
34 106 11
34 105 11
34 104 11
34 103 10
34 102 11
34 101 11
34 100 11
51 175 96
51 174 75
51 173 58
51 172 46
51 171 38
50 171 33
49 171 28
48 171 23
47 171 20
46 171 18
45 171 17
45 170 16
45 169 15
44 169 15
43 169 15
43 168 15
43 167 15
43 166 16
42 166 17
41 166 17
40 166 18
40 165 19
40 164 19
40 163 20
40 162 20
40 161 20
40 160 19
40 159 18
40 158 17
39 158 16
39 157 16
39 156 16
38 156 16
37 156 17
36 156 17
36 155 18
35 155 19
35 154 19
34 154 20
34 153 20
34 152 21
34 151 22
34 150 22
34 149 22
34 148 20
34 147 19
34 146 17
34 145 16
34 144 14
34 143 13
34 142 13
34 141 12
34 140 12
34 139 12
34 138 12
34 137 13
34 136 13
34 135 14
34 134 14
34 133 14
34 132 14
34 131 14
88 172 178
87 172 188
87 171 214
86 171 235
86 170 263
85 170 289
84 170 322
83 170 355
82 170 378
81 170 382
80 170 363
79 170 326
78 170 281
77 170 237
76 170 192
75 170 152
74 170 123
73 170 105
72 170 97
72 169 90
71 169 90
70 169 97
69 169 108
68 169 121
67 169 132
66 169 139
65 169 143
64 169 139
63 169 125
62 169 105
61 169 83
60 169 64
59 169 50
58 169 41
57 169 35
56 169 33
55 169 32
54 169 33
53 169 33
52 169 32
51 169 29
51 170 33
189 16 10
188 16 10
187 16 10
186 16 10
185 16 10
185 17 10
185 18 10
185 19 10
185 20 10
185 21 10
185 22 10
184 22 10
184 23 11
184 24 11
184 25 11
184 26 11
184 27 11
184 28 11
184 29 11
184 30 11
184 31 11
184 32 11
183 32 11
183 33 11
182 33 11
182 34 11
182 35 11
182 36 11
181 36 11
181 37 12
181 38 12
180 38 12
180 39 13
179 39 13
178 39 14
178 40 14
177 40 15
177 41 16
176 41 18
176 42 20
175 42 23
174 42 26
174 43 30
173 43 33
173 44 38
172 44 42
172 45 47
172 46 52
172 47 56
172 48 58
172 49 59
172 50 57
172 51 54
172 52 50
172 53 45
172 54 41
172 55 38
172 56 37
172 57 39
171 57 42
171 58 48
170 58 55
170 59 65
169 59 78
168 59 96
167 59 118
166 59 138
165 59 150
164 59 149
163 59 138
162 59 124
161 59 114
160 59 114
160 60 114
160 61 121
159 61 130
159 62 142
159 63 158
158 63 170
158 64 182
157 64 193
157 65 191
157 66 184
156 66 170
155 66 160
154 66 150
153 66 141
152 66 130
151 66 118
150 66 106
149 66 94
148 66 81
147 66 70
146 66 62
145 66 58
144 66 59
143 66 64
142 66 73
141 66 86
140 66 101
139 66 115
138 66 128
137 66 138
136 66 143
135 66 138
134 66 124
133 66 106
132 66 87
131 66 71
130 66 59
129 66 52
128 66 48
127 66 47
126 66 47
125 66 48
124 66 52
123 66 58
122 66 65
121 66 70
120 66 70
119 66 65
118 66 56
117 66 45
116 66 35
115 66 28
114 66 23
113 66 19
112 66 17
111 66 16
110 66 16
109 66 16
161 117 81
160 117 66
159 117 58
159 116 54
158 116 50
158 115 48
157 115 45
157 114 45
156 114 43
155 114 45
155 113 46
155 112 50
155 111 58
155 110 70
155 109 86
155 108 112
155 107 149
155 106 193
155 105 234
155 104 261
155 103 264
155 102 247
155 101 218
155 100 188
155 99 162
155 98 141
155 97 122
155 96 108
155 95 98
155 94 91
155 93 88
156 93 81
156 92 77
156 91 75
156 90 76
156 89 78
156 88 79
156 87 78
156 86 77
156 85 76
156 84 75
156 83 75
156 82 76
156 81 77
156 80 78
156 79 79
156 78 80
156 77 80
156 76 80
156 75 78
156 74 77
156 73 77
156 72 79
156 71 84
156 70 93
156 69 107
156 68 126
156 67 147
138 129 14
139 129 13
140 129 12
141 129 12
141 128 12
142 128 12
142 127 12
143 127 13
144 127 13
145 127 13
145 126 13
145 125 14
146 125 15
146 124 16
146 123 18
146 122 21
146 121 24
146 120 29
147 120 35
147 119 41
147 118 48
147 117 55
148 117 60
148 116 65
149 116 67
149 115 69
150 115 68
151 115 68
152 115 67
153 115 62
154 115 55
155 115 50
188 184 132
188 183 102
188 182 77
188 181 56
188 180 40
188 179 30
188 178 23
187 178 20
186 178 18
185 178 17
184 178 16
184 177 16
184 176 17
184 175 19
184 174 22
184 173 25
184 172 29
184 171 33
183 171 39
182 171 44
181 171 48
180 171 48
179 171 45
178 171 40
177 171 34
176 171 30
176 170 27
176 169 24
176 168 21
176 167 18
175 167 17
175 166 16
174 166 16
173 166 17
172 166 18
171 166 21
170 166 26
169 166 34
168 166 45
167 166 60
166 166 75
165 166 87
164 166 95
163 166 97
162 166 97
161 166 98
160 166 103
160 165 114
159 165 122
159 164 131
159 163 139
159 162 141
159 161 136
159 160 123
159 159 107
159 158 92
159 157 78
159 156 66
159 155 58
159 154 54
159 153 55
158 153 59
158 152 67
158 151 81
158 150 99
158 149 119
158 148 137
158 147 149
158 146 158
158 145 162
157 145 157
157 144 146
157 143 130
157 142 114
156 142 100
155 142 88
154 142 76
153 142 64
152 142 53
151 142 42
150 142 34
149 142 29
149 141 25
148 141 23
148 140 21
147 140 20
147 139 19
146 139 19
146 138 18
146 137 18
146 136 18
145 136 17
145 135 17
145 134 16
145 133 16
145 132 15
145 131 15
145 130 14
145 129 13
145 128 13
