166 52 1278
5 59 10
116 15 319
199 152 10
101 37 32
86 79 26
28 164 79
160 181 13
29 85 24
191 118 13
142 145 17
8 185 12
29 84 23
29 83 22
29 82 22
29 81 22
29 80 21
29 79 21
29 78 21
29 77 21
29 76 21
28 76 21
28 75 20
27 75 18
26 75 16
25 75 15
24 75 14
23 75 12
22 75 12
21 75 11
20 75 11
19 75 10
19 74 10
19 73 10
18 73 10
17 73 10
16 73 10
16 72 10
16 71 10
15 71 10
14 71 10
13 71 10
12 71 10
12 70 10
12 69 10
11 69 10
10 69 10
10 68 10
10 67 10
10 66 10
10 65 10
10 64 10
10 63 10
10 62 10
10 61 10
9 61 10
8 61 10
7 61 10
6 61 10
6 60 10
6 59 10
86 78 21
86 77 18
86 76 17
86 75 17
86 74 17
86 73 19
86 72 20
86 71 22
86 70 23
86 69 25
86 68 25
86 67 24
86 66 23
86 65 21
86 64 19
86 63 18
86 62 17
86 61 17
85 61 16
84 61 16
84 60 16
83 60 16
82 60 17
82 59 17
82 58 19
81 58 20
80 58 23
79 58 27
78 58 32
77 58 37
76 58 41
75 58 42
74 58 41
73 58 38
72 58 34
71 58 30
70 58 26
69 58 23
68 58 22
67 58 22
66 58 24
65 58 27
64 58 34
63 58 43
62 58 54
61 58 65
60 58 77
59 58 86
58 58 89
57 58 83
56 58 73
55 58 61
54 58 51
53 58 44
52 58 40
51 58 39
50 58 41
49 58 45
48 58 50
47 58 58
46 58 68
45 58 79
44 58 87
43 58 86
42 58 77
41 58 63
40 58 48
39 58 36
38 58 28
37 58 22
36 58 19
35 58 17
35 59 15
34 59 14
33 59 14
32 59 14
31 59 14
30 59 15
29 59 15
28 59 14
27 59 13
26 59 12
26 60 12
25 60 11
24 60 11
23 60 11
22 60 10
21 60 10
20 60 10
19 60 11
18 60 11
17 60 11
16 60 11
15 60 11
14 60 10
13 60 10
12 60 10
11 60 10
10 60 10
101 38 29
101 39 25
101 40 21
101 41 18
101 42 15
101 43 14
101 44 13
101 45 13
101 46 12
101 47 12
101 48 13
101 49 13
101 50 14
101 51 15
101 52 17
101 53 18
101 54 18
101 55 17
101 56 16
101 57 15
101 58 14
101 59 13
101 60 12
101 61 11
100 61 12
99 61 12
98 61 11
97 61 11
96 61 11
95 61 11
94 61 11
93 61 11
92 61 12
91 61 13
90 61 14
89 61 15
88 61 16
87 61 17
142 144 18
142 143 17
142 142 16
142 141 16
141 141 19
140 141 22
139 141 25
138 141 26
137 141 25
136 141 23
135 141 20
134 141 19
133 141 18
132 141 17
131 141 16
131 140 16
131 139 17
130 139 17
130 138 18
129 138 19
129 137 20
129 136 21
128 136 21
128 135 21
128 134 21
127 134 20
127 133 20
127 132 20
126 132 20
126 131 21
126 130 24
126 129 26
126 128 30
126 127 35
126 126 42
125 126 50
125 125 59
125 124 70
124 124 78
123 124 85
123 123 89
122 123 88
121 123 84
120 123 80
120 122 75
119 122 72
119 121 70
118 121 70
118 120 74
118 119 87
118 118 106
118 117 128
118 116 146
118 115 155
118 114 153
118 113 143
118 112 129
118 111 116
118 110 107
118 109 104
118 108 108
117 108 116
117 107 123
117 106 135
116 106 143
116 105 152
115 105 160
115 104 167
114 104 168
113 104 167
112 104 162
111 104 150
110 104 134
109 104 116
108 104 100
107 104 85
106 104 73
105 104 66
105 103 62
104 103 61
104 102 58
104 101 57
104 100 55
104 99 54
104 98 51
104 97 48
104 96 43
104 95 38
104 94 34
104 93 29
104 92 26
104 91 23
104 90 20
104 89 18
104 88 17
104 87 17
104 86 16
104 85 16
104 84 16
104 83 15
103 83 15
103 82 14
103 81 14
102 81 14
102 80 14
101 80 14
101 79 14
101 78 14
101 77 15
101 76 16
101 75 16
101 74 16
101 73 16
101 72 15
101 71 13
101 70 12
101 69 12
101 68 11
101 67 11
101 66 11
101 65 11
101 64 11
101 63 11
101 62 11
160 180 12
160 179 12
160 178 11
160 177 11
160 176 10
160 175 10
160 174 10
160 173 10
160 172 10
160 171 10
160 170 10
160 169 10
160 168 10
160 167 10
160 166 10
160 165 10
160 164 10
160 163 10
160 162 10
160 161 10
160 160 10
160 159 10
160 158 10
160 157 10
160 156 10
160 155 10
159 155 10
158 155 10
157 155 10
157 154 10
156 154 10
156 153 10
156 152 10
156 151 10
155 151 10
154 151 10
153 151 10
152 151 10
152 150 10
152 149 10
152 148 10
151 148 10
150 148 10
150 147 10
150 146 10
150 145 10
149 145 10
148 145 11
147 145 11
146 145 11
145 145 12
144 145 13
143 145 15
198 152 10
197 152 10
196 152 10
195 152 10
194 152 10
193 152 10
192 152 10
191 152 10
190 152 10
189 152 10
188 152 10
187 152 10
186 152 10
185 152 10
184 152 10
183 152 10
182 152 10
181 152 10
180 152 10
179 152 10
178 152 10
177 152 10
176 152 10
175 152 10
174 152 10
173 152 10
172 152 10
171 152 10
170 152 10
169 152 10
168 152 10
167 152 10
166 152 10
165 152 10
164 152 10
163 152 10
162 152 10
161 152 10
161 153 10
161 154 10
161 155 10
191 119 13
191 120 12
191 121 13
191 122 13
191 123 12
191 124 12
191 125 12
191 126 11
191 127 11
191 128 10
191 129 10
191 130 10
191 131 10
191 132 10
191 133 10
191 134 10
191 135 10
191 136 10
191 137 10
191 138 10
191 139 10
191 140 10
191 141 10
191 142 10
191 143 10
191 144 10
191 145 10
191 146 10
191 147 10
191 148 10
191 149 10
191 150 10
191 151 10
7 185 12
7 184 13
6 184 14
6 183 15
6 182 16
6 181 16
6 180 16
6 179 15
6 178 15
6 177 14
5 177 14
5 176 14
4 176 14
4 175 15
3 175 16
2 175 17
1 175 19
0 175 22
0 174 25
0 173 29
0 172 35
0 171 42
0 170 49
0 169 54
0 168 56
0 167 55
0 166 52
0 165 50
0 164 52
0 163 58
0 162 70
0 161 90
0 160 117
0 159 150
0 158 183
0 157 209
0 156 221
0 155 219
0 154 210
0 153 204
0 152 211
0 151 234
0 150 277
0 149 340
0 148 420
0 147 507
0 146 584
0 145 635
0 144 646
0 143 622
0 142 579
0 141 544
0 140 533
0 139 552
0 138 600
0 137 673
0 136 758
0 135 839
0 134 893
0 133 903
0 132 861
0 131 777
0 130 677
0 129 590
0 128 534
0 127 509
0 126 510
0 125 528
0 124 553
0 123 570
0 122 564
0 121 525
0 120 456
0 119 369
0 118 284
0 117 211
0 116 150
0 115 106
0 114 78
0 113 61
0 112 53
0 111 51
0 110 52
0 109 55
0 108 58
0 107 59
0 106 58
0 105 55
0 104 49
0 103 40
0 102 31
0 101 23
0 100 18
0 99 15
0 98 13
0 97 12
0 96 12
0 95 12
0 94 12
0 93 12
0 92 11
0 91 11
0 90 11
0 89 11
0 88 10
0 87 10
0 86 10
0 85 10
0 84 10
0 83 10
0 82 10
0 81 10
0 80 10
0 79 10
0 78 10
0 77 10
1 77 10
1 76 10
2 76 10
2 75 10
2 74 10
3 74 10
4 74 10
4 73 10
5 73 10
6 73 10
7 73 10
7 72 10
8 72 10
9 72 10
9 71 10
10 71 10
10 70 10
27 164 60
26 164 46
25 164 37
24 164 31
23 164 28
22 164 27
22 165 28
22 166 28
22 167 29
22 168 28
22 169 26
22 170 23
22 171 19
22 172 16
22 173 14
21 173 13
20 173 12
20 174 11
19 174 11
18 174 11
17 174 11
16 174 11
16 175 11
15 175 11
14 175 12
13 175 12
12 175 13
11 175 13
10 175 14
9 175 14
8 175 14
7 175 14
6 175 14
5 175 14
