160 33 45
194 94 19
19 135 36
30 18 104
107 51 15
22 75 75
166 158 19
19 193 15
166 157 15
167 157 13
168 157 12
168 156 11
169 156 11
169 155 10
169 154 10
169 153 10
170 153 10
170 152 10
170 151 10
170 150 10
171 150 10
171 149 10
172 149 10
172 148 10
173 148 10
173 147 10
174 147 10
174 146 10
174 145 10
175 145 10
175 144 11
175 143 11
175 142 12
175 141 14
176 141 16
176 140 21
176 139 27
176 138 36
176 137 49
176 136 65
176 135 87
177 135 115
177 134 146
177 133 188
178 133 228
178 132 279
179 132 332
179 131 388
180 131 456
180 130 510
180 129 581
181 129 621
181 128 668
182 128 678
182 127 685
183 127 648
184 127 601
184 126 529
185 126 443
186 126 358
186 125 272
187 125 197
188 125 140
188 124 97
189 124 67
189 123 48
190 123 34
191 123 26
191 122 21
192 122 17
193 122 15
193 121 14
194 121 13
194 120 12
194 119 12
195 119 12
196 119 11
196 118 11
197 118 11
197 117 11
198 117 11
198 116 11
198 115 12
198 114 12
198 113 12
198 112 13
198 111 14
198 110 15
198 109 15
198 108 16
198 107 16
198 106 16
198 105 16
198 104 15
198 103 15
198 102 14
198 101 14
198 100 14
198 99 14
198 98 13
198 97 13
198 96 13
198 95 13
197 95 14
197 94 14
196 94 16
195 94 17
19 192 13
19 191 12
19 190 12
19 189 11
19 188 11
19 187 11
19 186 11
19 185 11
19 184 11
20 184 11
20 183 11
21 183 11
22 183 11
23 183 12
24 183 12
25 183 12
26 183 12
26 182 12
26 181 12
27 181 12
28 181 13
29 181 13
29 180 13
29 179 14
30 179 14
31 179 14
31 178 15
32 178 16
33 178 16
34 178 18
34 177 19
35 177 20
35 176 21
35 175 23
36 175 24
37 175 25
37 174 26
38 174 26
38 173 26
39 173 25
39 172 25
40 172 23
40 171 22
41 171 20
42 171 18
42 170 17
42 169 16
43 169 15
44 169 14
44 168 14
44 167 13
44 166 13
44 165 12
44 164 12
45 164 11
45 163 11
45 162 11
46 162 11
47 162 11
47 161 11
47 160 11
48 160 11
48 159 12
48 158 12
49 158 12
49 157 13
50 157 14
51 157 14
52 157 15
53 157 16
53 156 16
53 155 16
54 155 16
55 155 15
56 155 15
57 155 14
58 155 14
59 155 13
60 155 13
60 154 12
60 153 12
61 153 11
62 153 11
63 153 11
63 152 11
63 151 12
63 150 12
64 150 12
64 149 13
65 149 14
65 148 16
66 148 17
67 148 19
67 147 20
67 146 20
68 146 20
68 145 20
68 144 19
68 143 18
69 143 17
69 142 16
69 141 15
70 141 14
70 140 14
70 139 13
70 138 13
71 138 12
71 137 12
71 136 12
71 135 11
71 134 11
71 133 11
72 133 11
72 132 10
72 131 10
72 130 10
72 129 10
73 129 10
73 128 10
74 128 10
74 127 10
75 127 10
76 127 10
77 127 10
78 127 11
79 127 11
80 127 12
81 127 13
82 127 14
83 127 15
84 127 16
85 127 18
86 127 22
87 127 28
88 127 41
89 127 64
90 127 104
91 127 165
92 127 244
93 127 326
94 127 391
95 127 417
96 127 398
97 127 344
98 127 276
99 127 210
100 127 156
101 127 114
102 127 84
103 127 62
104 127 46
105 127 35
106 127 27
107 127 22
108 127 18
109 127 15
110 127 13
111 127 12
112 127 11
113 127 10
114 127 10
115 127 10
115 128 10
115 129 10
115 130 10
116 130 10
116 131 11
116 132 11
116 133 12
116 134 14
116 135 17
116 136 21
116 137 26
116 138 34
116 139 42
116 140 51
116 141 61
116 142 73
116 143 89
116 144 110
116 145 136
116 146 165
116 147 193
116 148 213
116 149 217
116 150 202
116 151 171
116 152 133
116 153 95
116 154 65
116 155 44
116 156 31
116 157 23
116 158 18
117 158 17
118 158 17
119 158 17
120 158 18
121 158 19
122 158 21
123 158 23
124 158 27
125 158 33
126 158 41
127 158 53
127 157 64
128 157 80
128 156 94
128 155 111
129 155 125
129 154 141
130 154 155
130 153 172
131 153 185
132 153 201
132 152 217
133 152 227
134 152 237
134 151 242
135 151 238
136 151 231
137 151 223
138 151 213
139 151 198
140 151 175
141 151 145
142 151 115
143 151 88
144 151 67
145 151 52
146 151 42
147 151 36
148 151 33
149 151 32
149 152 29
150 152 28
151 152 27
151 153 25
152 153 24
152 154 23
153 154 23
154 154 23
155 154 23
156 154 23
157 154 23
158 154 23
159 154 22
160 154 20
161 154 18
162 154 17
163 154 15
164 154 14
165 154 13
166 154 12
167 154 11
168 154 11
19 136 28
19 137 23
19 138 19
19 139 16
19 140 15
19 141 14
19 142 13
19 143 12
19 144 12
18 144 12
18 145 13
17 145 13
17 146 14
17 147 16
16 147 18
15 147 21
15 148 25
14 148 31
13 148 39
12 148 53
11 148 71
10 148 93
9 148 118
8 148 142
7 148 162
6 148 180
5 148 196
4 148 212
3 148 222
2 148 221
1 148 210
0 148 192
0 149 184
0 150 178
0 151 173
0 152 165
0 153 155
0 154 142
0 155 129
0 156 118
0 157 113
0 158 112
0 159 117
0 160 125
0 161 135
0 162 144
0 163 146
0 164 139
0 165 122
0 166 99
0 167 74
0 168 53
0 169 38
0 170 27
0 171 20
0 172 16
0 173 13
0 174 12
0 175 11
0 176 11
1 176 11
1 177 11
2 177 12
3 177 12
3 178 12
4 178 13
5 178 13
6 178 14
7 178 14
8 178 14
9 178 14
10 178 14
10 179 13
11 179 13
12 179 13
12 180 12
13 180 12
14 180 12
14 181 12
14 182 11
15 182 11
16 182 11
16 183 11
17 183 11
18 183 11
19 183 11
23 75 54
23 76 50
23 77 48
23 78 49
23 79 52
23 80 60
23 81 74
23 82 98
23 83 135
22 83 177
21 83 225
20 83 276
20 84 315
19 84 339
18 84 347
17 84 343
17 85 321
16 85 292
15 85 267
15 86 233
14 86 204
14 87 178
13 87 153
13 88 131
13 89 118
13 90 111
13 91 110
13 92 112
13 93 115
13 94 119
13 95 120
13 96 118
13 97 112
13 98 104
13 99 97
14 99 90
14 100 79
14 101 71
15 101 63
15 102 54
15 103 47
16 103 41
16 104 36
17 104 31
17 105 28
17 106 26
17 107 25
17 108 24
17 109 24
17 110 23
17 111 22
17 112 21
17 113 19
17 114 17
17 115 16
17 116 14
17 117 13
17 118 13
17 119 12
17 120 12
17 121 12
17 122 12
18 122 13
18 123 14
18 124 16
18 125 19
18 126 24
18 127 31
18 128 40
18 129 50
18 130 58
18 131 63
18 132 62
18 133 55
18 134 46
18 135 37
106 51 13
105 51 11
104 51 11
103 51 10
102 51 10
101 51 10
100 51 10
99 51 10
98 51 10
97 51 10
96 51 10
95 51 10
94 51 10
93 51 10
92 51 10
91 51 10
90 51 10
89 51 10
88 51 10
88 52 10
87 52 11
86 52 11
85 52 12
84 52 14
83 52 16
82 52 21
81 52 29
80 52 42
79 52 63
78 52 94
77 52 132
76 52 171
75 52 205
74 52 229
73 52 240
72 52 240
71 52 231
70 52 213
69 52 181
68 52 145
67 52 110
66 52 81
65 52 59
64 52 43
63 52 33
62 52 25
61 52 20
60 52 17
59 52 15
58 52 13
57 52 12
56 52 11
55 52 11
54 52 10
53 52 10
52 52 10
52 53 10
52 54 10
51 54 10
50 54 10
50 55 11
50 56 11
50 57 11
49 57 11
48 57 11
47 57 11
47 58 11
46 58 12
46 59 12
45 59 13
45 60 13
45 61 14
45 62 14
45 63 15
45 64 15
45 65 15
45 66 15
45 67 14
45 68 13
44 68 13
44 69 12
43 69 12
43 70 12
43 71 12
43 72 11
42 72 11
41 72 11
41 73 11
41 74 11
41 75 11
41 76 12
41 77 12
40 77 12
39 77 12
38 77 12
37 77 12
36 77 12
35 77 13
34 77 13
33 77 13
32 77 13
31 77 14
30 77 15
29 77 16
28 77 18
27 77 20
26 77 23
25 77 28
24 77 35
30 19 59
30 20 36
30 21 24
30 22 18
31 22 16
32 22 14
33 22 13
34 22 12
35 22 11
35 23 11
36 23 11
36 24 11
37 24 11
38 24 11
39 24 11
40 24 12
41 24 13
41 25 14
41 26 16
42 26 19
42 27 23
43 27 29
44 27 39
44 28 51
45 28 66
45 29 84
46 29 102
46 30 122
47 30 138
47 31 153
48 31 166
48 32 170
48 33 170
48 34 167
49 34 159
49 35 148
49 36 143
50 36 137
50 37 132
50 38 131
50 39 129
50 40 120
50 41 103
50 42 81
50 43 58
50 44 39
50 45 27
50 46 19
50 47 15
50 48 13
50 49 12
50 50 11
50 51 11
50 52 10
50 53 10
