99 119 18
40 44 147
180 110 18
137 20 89
193 60 114
113 165 317
143 82 34
18 178 164
143 81 33
143 80 32
143 79 31
143 78 30
143 77 29
142 77 28
141 77 28
140 77 27
139 77 26
138 77 25
137 77 25
136 77 25
135 77 26
134 77 27
133 77 30
132 77 35
131 77 41
130 77 51
129 77 65
128 77 84
127 77 110
127 78 142
126 78 181
126 79 228
125 79 280
125 80 335
125 81 392
125 82 444
125 83 488
125 84 523
124 84 547
124 85 560
123 85 565
123 86 558
122 86 541
121 86 516
120 86 486
120 87 451
119 87 416
118 87 388
118 88 359
117 88 338
117 89 322
116 89 311
116 90 302
116 91 295
116 92 290
116 93 289
115 93 286
115 94 285
115 95 285
114 95 281
114 96 275
113 96 270
113 97 257
113 98 243
112 98 229
112 99 209
112 100 191
111 100 175
111 101 156
111 102 141
110 102 128
110 103 116
110 104 108
109 104 100
109 105 94
108 105 90
108 106 86
107 106 83
107 107 80
107 108 78
107 109 75
107 110 71
107 111 66
107 112 60
107 113 54
106 113 49
106 114 43
106 115 38
105 115 34
105 116 30
104 116 27
104 117 25
103 117 23
103 118 21
102 118 20
101 118 19
100 118 19
100 119 18
179 110 18
178 110 19
177 110 19
176 110 20
175 110 21
174 110 22
173 110 22
172 110 23
172 109 24
171 109 24
170 109 24
170 108 25
169 108 25
169 107 25
168 107 25
167 107 25
167 106 25
167 105 25
166 105 25
166 104 25
166 103 25
166 102 24
166 101 23
166 100 22
166 99 21
166 98 19
166 97 18
166 96 16
166 95 15
166 94 15
165 94 14
164 94 14
163 94 14
163 93 14
163 92 14
163 91 14
163 90 15
163 89 16
162 89 17
162 88 18
161 88 19
160 88 20
160 87 22
159 87 23
158 87 25
158 86 26
157 86 28
156 86 30
156 85 31
156 84 32
155 84 32
154 84 32
154 83 32
153 83 31
152 83 30
151 83 29
150 83 29
149 83 28
149 82 28
148 82 27
147 82 28
146 82 29
145 82 30
144 82 32
136 20 69
135 20 55
134 20 46
133 20 39
132 20 35
131 20 33
130 20 32
129 20 31
129 21 37
129 22 45
129 23 56
129 24 71
129 25 92
129 26 120
129 27 156
129 28 199
129 29 247
129 30 295
129 31 339
129 32 373
129 33 395
129 34 405
129 35 405
129 36 398
129 37 387
129 38 373
129 39 357
129 40 338
129 41 320
129 42 305
129 43 296
129 44 291
129 45 290
129 46 291
129 47 294
129 48 296
129 49 295
129 50 289
129 51 277
129 52 259
129 53 233
129 54 203
129 55 172
129 56 143
129 57 118
129 58 95
129 59 75
129 60 58
129 61 46
129 62 36
129 63 29
129 64 25
130 64 22
130 65 19
131 65 18
131 66 16
132 66 15
132 67 14
132 68 14
132 69 13
132 70 14
132 71 14
132 72 15
132 73 17
132 74 19
132 75 22
132 76 27
192 60 115
192 61 117
191 61 120
191 62 127
190 62 134
190 63 144
189 63 153
189 64 165
188 64 175
188 65 188
187 65 196
187 66 206
186 66 212
186 67 218
185 67 223
185 68 225
184 68 231
184 69 233
184 70 241
183 70 247
183 71 259
182 71 272
182 72 291
181 72 310
181 73 335
180 73 359
179 73 384
178 73 405
177 73 421
176 73 429
175 73 433
175 74 433
175 75 429
175 76 415
175 77 393
175 78 362
175 79 326
175 80 287
174 80 248
174 81 209
173 81 176
173 82 143
173 83 117
172 83 94
172 84 76
171 84 61
170 84 50
170 85 40
169 85 34
169 86 28
168 86 24
168 87 21
167 87 19
167 88 18
166 88 17
165 88 16
165 89 15
164 89 15
40 43 139
40 42 131
40 41 123
40 40 115
40 39 109
40 38 104
40 37 101
40 36 100
41 36 98
42 36 95
43 36 93
44 36 92
45 36 92
46 36 94
47 36 100
48 36 109
49 36 124
50 36 145
51 36 172
52 36 205
53 36 245
54 36 287
55 36 329
56 36 368
57 36 405
58 36 437
59 36 458
60 36 466
61 36 459
62 36 437
63 36 405
64 36 367
65 36 326
66 36 288
67 36 253
68 36 224
69 36 202
70 36 186
71 36 175
72 36 169
73 36 167
73 37 165
74 37 164
75 37 164
75 38 167
76 38 171
77 38 177
78 38 186
79 38 196
80 38 205
81 38 212
82 38 215
83 38 213
84 38 207
85 38 198
86 38 188
87 38 179
88 38 172
89 38 169
90 38 168
91 38 171
92 38 173
93 38 175
94 38 175
95 38 175
96 38 175
97 38 177
98 38 183
98 37 188
99 37 194
99 36 198
100 36 203
100 35 206
101 35 211
101 34 213
102 34 216
102 33 217
103 33 218
103 32 219
104 32 216
105 32 215
105 31 211
106 31 204
107 31 196
108 31 188
108 30 176
109 30 165
109 29 155
110 29 145
110 28 138
111 28 130
111 27 123
112 27 119
112 26 112
112 25 107
113 25 101
113 24 95
113 23 90
114 23 84
114 22 78
114 21 73
115 21 67
115 20 61
115 19 55
116 19 49
116 18 43
117 18 38
118 18 34
119 18 32
120 18 29
121 18 27
122 18 26
123 18 25
124 18 24
125 18 23
126 18 23
127 18 23
128 18 23
129 18 23
129 19 27
114 165 226
115 165 159
116 165 111
117 165 77
118 165 55
119 165 39
120 165 29
121 165 22
122 165 19
123 165 17
124 165 15
125 165 14
126 165 13
126 164 14
126 163 17
126 162 20
126 161 25
126 160 31
126 159 39
126 158 49
126 157 62
126 156 78
126 155 94
126 154 111
126 153 125
126 152 136
126 151 145
126 150 150
126 149 154
126 148 158
126 147 163
126 146 170
126 145 182
126 144 201
126 143 228
125 143 261
124 143 301
124 142 343
123 142 391
122 142 440
121 142 486
120 142 526
120 141 578
120 140 633
120 139 685
120 138 728
120 137 755
120 136 766
120 135 761
120 134 742
120 133 715
120 132 684
120 131 654
120 130 631
119 130 608
119 129 586
118 129 566
118 128 544
117 128 523
117 127 500
116 127 473
116 126 448
115 126 412
114 126 376
113 126 337
112 126 296
111 126 252
110 126 209
109 126 169
108 126 134
108 125 106
107 125 83
106 125 67
106 124 53
106 123 43
105 123 36
104 123 31
104 122 27
103 122 24
103 121 22
103 120 20
103 119 20
18 177 167
18 176 172
18 175 177
18 174 182
18 173 190
18 172 201
18 171 218
18 170 242
18 169 274
18 168 313
18 167 359
18 166 409
18 165 460
18 164 507
18 163 544
18 162 569
18 161 577
18 160 569
18 159 549
18 158 523
18 157 497
18 156 469
18 155 442
18 154 419
18 153 403
18 152 396
19 152 389
20 152 386
20 151 382
21 151 374
22 151 366
22 150 358
23 150 342
24 150 327
24 149 313
25 149 293
26 149 278
26 148 257
27 148 238
27 147 220
28 147 199
29 147 184
29 146 165
30 146 152
30 145 137
31 145 128
31 144 118
32 144 113
32 143 107
32 142 105
33 142 103
33 141 103
33 140 104
34 140 105
34 139 107
34 138 109
34 137 111
35 137 111
35 136 112
35 135 112
35 134 113
36 134 113
36 133 113
37 133 115
37 132 117
38 132 121
38 131 125
39 131 131
40 131 140
41 131 152
42 131 167
43 131 182
44 131 196
45 131 208
46 131 216
47 131 221
48 131 222
49 131 220
50 131 217
51 131 213
52 131 211
53 131 212
54 131 215
55 131 222
56 131 230
57 131 237
58 131 243
59 131 250
60 131 260
61 131 272
62 131 287
63 131 302
64 131 316
65 131 326
66 131 330
67 131 325
68 131 311
69 131 289
70 131 261
71 131 229
72 131 197
73 131 167
74 131 141
75 131 119
75 130 101
76 130 83
76 129 68
77 129 56
78 129 45
78 128 37
79 128 31
79 127 26
79 126 23
80 126 20
81 126 18
82 126 17
82 125 16
83 125 15
83 124 14
83 123 14
83 122 14
84 122 14
85 122 14
86 122 14
86 121 14
86 120 14
86 119 14
87 119 14
88 119 15
89 119 15
90 119 16
91 119 17
92 119 17
93 119 18
94 119 18
95 119 18
96 119 19
97 119 18
98 119 18
