127 136 74
172 81 304
2 122 15
156 176 639
143 194 49
18 36 30
58 97 26
45 48 291
186 103 68
98 10 13
113 31 18
86 90 18
113 60 12
124 105 161
113 61 11
113 62 11
114 62 11
115 62 11
116 62 11
117 62 11
117 63 11
118 63 11
118 64 11
119 64 11
119 65 11
119 66 11
120 66 11
120 67 11
120 68 11
121 68 12
121 69 12
121 70 13
121 71 15
122 71 16
123 71 19
124 71 23
125 71 28
126 71 35
127 71 43
127 72 51
128 72 59
129 72 66
130 72 73
131 72 79
132 72 84
133 72 87
134 72 88
135 72 88
136 72 87
137 72 85
138 72 82
139 72 80
140 72 78
141 72 77
142 72 77
143 72 80
144 72 85
145 72 94
145 71 107
146 71 116
147 71 129
147 70 142
148 70 151
149 70 159
150 70 164
151 70 166
152 70 164
153 70 157
154 70 147
155 70 134
156 70 120
157 70 106
158 70 93
159 70 81
160 70 70
161 70 61
162 70 55
163 70 50
164 70 48
165 70 49
165 71 48
165 72 50
166 72 50
166 73 52
167 73 54
167 74 56
167 75 60
168 75 63
168 76 69
168 77 77
169 77 85
169 78 98
170 78 114
170 79 134
170 80 161
170 81 194
171 81 237
112 31 17
112 32 16
112 33 16
111 33 15
111 34 15
111 35 15
111 36 15
111 37 15
111 38 15
110 38 15
110 39 15
110 40 15
110 41 15
110 42 16
110 43 16
110 44 17
110 45 18
110 46 20
110 47 21
110 48 22
110 49 22
110 50 22
110 51 21
110 52 20
110 53 18
110 54 17
110 55 15
110 56 14
110 57 14
110 58 13
111 58 13
111 59 12
111 60 12
112 60 12
98 11 12
98 12 11
99 12 11
100 12 11
100 13 11
101 13 11
101 14 11
102 14 11
102 15 11
103 15 11
103 16 12
103 17 12
104 17 12
104 18 12
105 18 13
105 19 13
106 19 13
106 20 13
107 20 14
107 21 14
107 22 14
107 23 14
108 23 15
108 24 15
109 24 15
109 25 15
109 26 15
109 27 15
110 27 15
110 28 15
110 29 15
111 29 16
111 30 16
111 31 16
125 105 107
126 105 69
127 105 44
128 105 30
129 105 22
130 105 18
131 105 15
131 104 14
132 104 13
132 103 13
132 102 12
133 102 12
134 102 12
134 101 12
134 100 12
135 100 12
135 99 13
136 99 13
137 99 14
138 99 15
138 98 17
138 97 19
139 97 21
139 96 24
139 95 29
139 94 36
139 93 45
139 92 58
139 91 76
139 90 98
139 89 123
139 88 151
139 87 177
139 86 197
139 85 205
139 84 201
139 83 183
139 82 157
139 81 128
139 80 103
139 79 82
139 78 68
139 77 58
139 76 53
139 75 52
139 74 55
139 73 64
87 90 16
88 90 14
89 90 13
90 90 13
91 90 13
91 91 12
92 91 12
92 92 12
93 92 12
94 92 12
95 92 13
96 92 13
97 92 14
98 92 14
99 92 16
100 92 17
101 92 19
102 92 21
103 92 24
104 92 28
105 92 32
106 92 37
107 92 42
108 92 48
109 92 55
109 91 62
110 91 70
110 90 80
111 90 89
111 89 103
112 89 116
112 88 131
112 87 149
113 87 166
113 86 180
113 85 188
113 84 190
113 83 184
113 82 170
113 81 154
113 80 138
113 79 123
113 78 108
114 78 92
114 77 75
114 76 59
114 75 45
114 74 34
114 73 26
114 72 20
114 71 16
115 71 14
116 71 13
117 71 12
118 71 12
119 71 13
120 71 13
57 97 24
57 96 26
57 95 27
57 94 29
57 93 30
57 92 31
57 91 32
57 90 33
57 89 34
57 88 34
57 87 34
57 86 33
57 85 31
57 84 29
57 83 26
57 82 23
57 81 20
57 80 18
57 79 16
57 78 15
57 77 14
57 76 13
57 75 13
57 74 12
57 73 12
57 72 12
57 71 12
57 70 12
57 69 12
57 68 11
58 68 12
59 68 13
60 68 15
61 68 17
62 68 20
63 68 24
64 68 26
65 68 29
66 68 31
67 68 31
68 68 30
69 68 29
70 68 28
71 68 28
72 68 30
73 68 33
74 68 38
75 68 46
76 68 61
76 69 84
77 69 115
77 70 155
77 71 207
78 71 263
78 72 321
78 73 380
79 73 424
79 74 451
79 75 465
80 75 458
80 76 431
80 77 400
81 77 353
81 78 308
82 78 264
82 79 222
83 79 189
83 80 155
83 81 130
84 81 108
84 82 88
84 83 71
84 84 57
85 84 46
85 85 37
85 86 30
86 86 25
86 87 22
86 88 19
86 89 18
46 48 253
46 49 220
46 50 184
46 51 149
46 52 116
46 53 89
46 54 68
46 55 51
46 56 38
46 57 28
46 58 21
46 59 17
46 60 14
46 61 12
46 62 11
46 63 11
46 64 10
47 64 10
48 64 10
49 64 10
50 64 10
51 64 10
51 65 10
52 65 10
52 66 10
53 66 11
54 66 11
55 66 11
55 67 11
56 67 11
57 67 11
19 36 23
20 36 19
21 36 17
22 36 15
23 36 14
24 36 13
25 36 12
26 36 12
27 36 12
28 36 12
29 36 13
30 36 13
31 36 14
32 36 16
33 36 18
34 36 22
35 36 27
36 36 34
37 36 44
38 36 55
39 36 68
40 36 82
40 37 94
41 37 107
42 37 125
42 38 138
43 38 158
43 39 175
44 39 200
44 40 218
44 41 241
45 41 265
45 42 281
45 43 298
45 44 312
45 45 322
45 46 322
45 47 312
142 194 36
141 194 26
140 194 19
139 194 15
139 193 16
139 192 16
139 191 17
139 190 19
139 189 21
139 188 24
139 187 29
139 186 34
139 185 40
139 184 47
139 183 56
139 182 66
139 181 80
140 181 94
140 180 110
141 180 131
141 179 150
141 178 175
142 178 199
142 177 225
143 177 252
143 176 275
144 176 302
145 176 335
146 176 373
147 176 411
148 176 444
149 176 471
150 176 491
151 176 507
152 176 522
153 176 539
154 176 562
155 176 594
185 103 54
184 103 46
183 103 41
182 103 40
181 103 41
181 104 43
181 105 47
180 105 51
179 105 59
179 106 68
179 107 83
178 107 100
178 108 124
177 108 156
177 109 191
177 110 235
177 111 286
177 112 341
177 113 395
177 114 441
177 115 475
177 116 491
177 117 488
177 118 472
177 119 445
177 120 409
176 120 363
176 121 316
175 121 270
175 122 224
174 122 183
174 123 146
173 123 115
173 124 91
172 124 70
171 124 56
171 125 43
170 125 35
170 126 29
169 126 24
168 126 21
168 127 18
167 127 17
167 128 15
166 128 14
165 128 14
165 129 13
164 129 13
164 130 13
164 131 13
163 131 13
162 131 14
162 132 14
161 132 15
161 133 15
161 134 16
161 135 16
161 136 17
161 137 18
160 137 19
159 137 20
159 138 22
159 139 24
158 139 26
158 140 30
157 140 34
156 140 40
155 140 48
154 140 58
153 140 70
152 140 85
151 140 101
150 140 118
149 140 137
148 140 159
147 140 186
146 140 218
145 140 252
144 140 281
143 140 299
142 140 304
141 140 296
140 140 276
139 140 248
138 140 214
137 140 178
136 140 143
135 140 111
134 140 85
133 140 65
132 140 49
131 140 38
130 140 30
129 140 25
128 140 22
127 140 20
127 139 26
127 138 35
127 137 51
