40 162 18
82 152 11
54 127 20
166 199 13
40 100 39
140 34 248
70 54 19
127 158 10
30 195 24
77 18 11
126 158 10
125 158 10
124 158 10
123 158 10
122 158 10
122 159 10
121 159 11
120 159 13
120 160 16
119 160 23
118 160 38
117 160 60
116 160 84
115 160 102
114 160 106
113 160 96
112 160 78
111 160 59
110 160 43
109 160 32
108 160 24
107 160 18
106 160 15
105 160 13
104 160 12
103 160 12
102 160 11
101 160 12
100 160 12
99 160 12
98 160 13
97 160 13
96 160 14
95 160 14
95 159 14
95 158 15
94 158 15
93 158 15
92 158 15
91 158 14
90 158 14
89 158 13
88 158 12
87 158 11
86 158 11
85 158 11
84 158 10
84 157 10
83 157 10
83 156 10
83 155 10
83 154 10
82 154 10
82 153 11
41 100 38
42 100 39
43 100 42
44 100 45
45 100 50
46 100 54
47 100 58
48 100 61
49 100 63
50 100 62
51 100 60
52 100 55
53 100 49
54 100 41
55 100 34
56 100 27
57 100 21
58 100 17
59 100 15
60 100 13
61 100 13
62 100 12
63 100 12
64 100 13
65 100 13
65 101 14
66 101 15
66 102 16
67 102 16
68 102 17
68 103 18
68 104 18
68 105 18
68 106 18
68 107 18
68 108 18
68 109 18
68 110 17
68 111 16
68 112 14
68 113 13
68 114 12
68 115 11
68 116 11
68 117 10
68 118 10
68 119 10
67 119 10
67 120 10
67 121 10
67 122 10
67 123 10
67 124 10
67 125 10
66 125 10
65 125 10
64 125 10
63 125 10
63 126 10
63 127 10
62 127 10
61 127 11
60 127 11
59 127 11
58 127 12
57 127 13
56 127 15
55 127 17
69 54 21
68 54 23
67 54 25
66 54 26
65 54 26
64 54 24
63 54 20
62 54 16
61 54 13
60 54 12
59 54 11
58 54 10
57 54 10
56 54 10
55 54 10
54 54 10
53 54 10
53 55 10
52 55 10
52 56 10
52 57 10
52 58 10
52 59 10
52 60 10
52 61 10
51 61 10
51 62 10
51 63 10
51 64 10
50 64 10
50 65 10
50 66 10
49 66 10
49 67 10
48 67 10
48 68 10
47 68 10
47 69 10
46 69 10
46 70 10
45 70 10
44 70 10
43 70 11
43 71 11
43 72 11
43 73 11
42 73 12
42 74 13
42 75 14
41 75 16
41 76 18
41 77 20
41 78 22
41 79 24
40 79 25
40 80 25
40 81 24
40 82 23
40 83 22
40 84 22
40 85 21
40 86 20
40 87 19
40 88 18
40 89 17
40 90 17
40 91 17
40 92 17
40 93 19
40 94 20
40 95 21
40 96 23
40 97 26
40 98 29
40 99 33
76 18 11
76 19 10
76 20 10
76 21 10
76 22 10
76 23 10
76 24 10
76 25 10
76 26 10
76 27 10
76 28 10
76 29 10
76 30 10
76 31 10
76 32 10
76 33 10
76 34 10
76 35 10
76 36 10
76 37 10
76 38 11
76 39 13
76 40 16
76 41 23
76 42 33
76 43 48
76 44 66
76 45 83
76 46 92
76 47 88
76 48 74
76 49 56
76 50 40
76 51 29
76 52 22
76 53 18
76 54 15
75 54 15
74 54 15
73 54 16
72 54 17
71 54 18
29 195 16
28 195 12
27 195 11
26 195 10
25 195 10
24 195 10
24 194 10
24 193 10
24 192 11
24 191 12
24 190 13
24 189 16
24 188 19
24 187 23
24 186 28
24 185 36
24 184 48
24 183 65
25 183 83
25 182 103
26 182 121
26 181 131
27 181 137
27 180 134
28 180 126
29 180 115
30 180 100
30 179 84
31 179 68
32 179 55
33 179 45
34 179 37
34 178 31
35 178 26
36 178 22
36 177 20
37 177 18
37 176 17
38 176 15
38 175 14
39 175 13
39 174 12
39 173 12
40 173 11
40 172 11
40 171 11
40 170 11
40 169 11
40 168 11
40 167 11
40 166 12
40 165 12
40 164 13
40 163 15
140 35 240
140 36 227
140 37 211
140 38 192
140 39 171
140 40 150
140 41 129
140 42 112
140 43 99
140 44 88
140 45 71
140 46 58
140 47 50
140 48 46
140 49 43
140 50 36
140 51 31
140 52 29
139 52 28
139 53 29
139 54 31
139 55 34
139 56 37
139 57 40
139 58 42
139 59 44
139 60 46
139 61 48
139 62 50
139 63 52
139 64 51
139 65 48
139 66 43
139 67 36
139 68 29
139 69 25
139 70 22
139 71 19
139 72 16
139 73 14
139 74 12
139 75 11
139 76 11
139 77 10
138 77 10
137 77 10
136 77 10
136 78 10
135 78 10
134 78 10
133 78 11
132 78 11
131 78 11
130 78 12
129 78 13
128 78 14
127 78 16
126 78 17
125 78 17
124 78 17
123 78 15
122 78 14
121 78 12
120 78 11
119 78 11
118 78 10
117 78 10
116 78 10
115 78 10
114 78 10
113 78 10
112 78 10
111 78 10
111 79 10
110 79 10
110 80 10
109 80 10
108 80 10
107 80 10
107 81 10
106 81 10
106 82 10
105 82 10
105 83 10
104 83 11
103 83 11
102 83 11
101 83 11
100 83 11
100 84 11
100 85 11
99 85 10
99 86 10
99 87 10
99 88 10
99 89 10
99 90 11
99 91 11
99 92 11
99 93 11
99 94 12
99 95 12
99 96 13
99 97 14
99 98 15
99 99 16
99 100 16
99 101 16
99 102 16
99 103 15
99 104 14
99 105 13
99 106 12
99 107 12
99 108 11
99 109 11
99 110 11
100 110 11
100 111 10
100 112 11
100 113 11
100 114 11
101 114 11
102 114 11
102 115 11
103 115 12
103 116 13
103 117 14
104 117 16
104 118 19
104 119 24
104 120 30
104 121 36
104 122 40
104 123 44
104 124 51
104 125 57
104 126 59
104 127 58
104 128 55
104 129 57
104 130 59
104 131 60
104 132 60
104 133 61
105 133 61
105 134 61
106 134 60
106 135 57
107 135 53
108 135 49
108 136 41
109 136 35
110 136 29
111 136 23
112 136 18
113 136 15
114 136 13
114 137 11
115 137 11
115 138 10
116 138 10
117 138 10
117 139 10
117 140 10
117 141 10
117 142 10
117 143 10
117 144 10
117 145 10
118 145 10
118 146 10
118 147 10
118 148 10
118 149 10
118 150 10
119 150 10
120 150 10
120 151 10
120 152 10
120 153 10
120 154 10
120 155 10
120 156 10
120 157 11
120 158 11
165 199 13
164 199 12
164 198 14
164 197 16
164 196 21
164 195 29
164 194 45
164 193 76
164 192 131
164 191 213
164 190 307
164 189 387
164 188 423
164 187 406
164 186 345
164 185 263
164 184 185
164 183 122
164 182 77
164 181 46
164 180 27
164 179 18
164 178 14
164 177 12
164 176 11
164 175 11
164 174 11
164 173 11
163 173 11
163 172 12
162 172 13
162 171 16
162 170 21
162 169 31
162 168 51
162 167 92
162 166 161
162 165 259
162 164 367
162 163 455
162 162 496
162 161 485
162 160 434
162 159 363
162 158 292
162 157 230
162 156 180
161 156 137
161 155 104
160 155 81
160 154 63
159 154 49
158 154 38
157 154 30
156 154 25
156 153 20
155 153 18
154 153 16
153 153 15
152 153 16
151 153 16
150 153 17
149 153 19
148 153 21
147 153 22
146 153 25
145 153 28
144 153 33
143 153 40
142 153 46
141 153 49
140 153 48
139 153 41
138 153 32
137 153 23
136 153 17
135 153 14
134 153 12
133 153 11
133 154 10
133 155 10
133 156 10
133 157 10
133 158 10
132 158 10
131 158 10
130 158 10
129 158 10
128 158 10
