91 92 16
131 123 79
18 108 3026
198 188 18
110 23 11
188 83 25
109 23 11
109 24 11
109 25 11
109 26 11
108 26 11
108 27 12
107 27 12
107 28 12
107 29 13
107 30 14
107 31 14
107 32 15
106 32 15
105 32 16
105 33 17
104 33 18
103 33 20
102 33 23
101 33 25
100 33 28
99 33 30
98 33 31
97 33 31
96 33 32
95 33 33
95 34 36
94 34 39
93 34 44
93 35 47
92 35 54
92 36 59
91 36 69
91 37 79
90 37 96
89 37 120
88 37 152
87 37 184
86 37 215
85 37 244
84 37 263
83 37 269
82 37 262
81 37 247
80 37 230
80 38 213
79 38 189
79 39 168
78 39 147
78 40 124
78 41 102
78 42 84
77 42 70
77 43 57
77 44 50
76 44 45
76 45 42
75 45 40
74 45 39
73 45 38
72 45 37
72 46 36
71 46 34
70 46 33
70 47 30
70 48 28
70 49 26
70 50 24
70 51 22
70 52 20
70 53 18
70 54 16
70 55 15
70 56 14
70 57 14
70 58 14
70 59 14
70 60 14
70 61 15
70 62 16
70 63 16
70 64 16
70 65 15
70 66 14
70 67 14
70 68 13
70 69 12
70 70 12
70 71 12
70 72 12
70 73 12
70 74 12
70 75 12
70 76 12
70 77 12
70 78 12
70 79 11
70 80 11
70 81 11
70 82 10
70 83 10
70 84 10
71 84 10
72 84 10
73 84 10
74 84 10
75 84 10
76 84 10
77 84 10
78 84 10
79 84 10
79 85 10
80 85 10
80 86 10
80 87 10
81 87 10
82 87 10
82 88 10
83 88 10
84 88 10
84 89 10
84 90 10
84 91 10
84 92 10
85 92 11
86 92 11
87 92 12
88 92 13
89 92 14
90 92 15
187 83 23
186 83 23
185 83 22
184 83 22
183 83 22
182 83 22
181 83 20
180 83 17
179 83 15
178 83 13
177 83 12
176 83 11
175 83 11
174 83 11
173 83 10
173 82 10
173 81 10
173 80 10
173 79 10
172 79 10
172 78 10
172 77 10
171 77 10
170 77 10
170 76 11
170 75 11
170 74 11
170 73 11
169 73 11
168 73 11
168 72 11
168 71 12
168 70 12
167 70 12
167 69 12
166 69 12
166 68 12
165 68 12
165 67 12
164 67 12
163 67 11
163 66 11
162 66 11
161 66 11
161 65 11
160 65 11
160 64 12
160 63 12
159 63 12
159 62 13
159 61 14
158 61 14
158 60 15
158 59 16
158 58 18
158 57 19
158 56 19
158 55 18
158 54 17
158 53 16
158 52 15
157 52 15
157 51 15
156 51 15
156 50 15
155 50 15
155 49 15
154 49 15
153 49 15
153 48 16
152 48 16
151 48 16
150 48 17
149 48 18
148 48 18
147 48 18
146 48 17
145 48 16
144 48 15
143 48 14
142 48 14
141 48 13
140 48 13
140 47 12
139 47 12
138 47 12
138 46 11
137 46 11
136 46 11
136 45 11
135 45 11
134 45 11
134 44 11
133 44 11
133 43 11
133 42 11
132 42 12
132 41 12
132 40 12
131 40 13
131 39 13
130 39 14
129 39 15
129 38 16
128 38 17
127 38 18
127 37 18
126 37 18
125 37 17
124 37 16
123 37 15
122 37 13
122 36 12
121 36 12
120 36 11
120 35 11
120 34 11
120 33 10
120 32 10
119 32 10
118 32 10
117 32 10
116 32 10
115 32 11
114 32 11
113 32 12
112 32 13
111 32 13
110 32 14
109 32 14
108 32 14
132 123 63
133 123 52
134 123 45
135 123 39
136 123 33
137 123 28
138 123 24
139 123 20
140 123 17
141 123 15
142 123 14
143 123 13
144 123 12
145 123 12
146 123 12
146 122 12
147 122 13
148 122 13
149 122 14
149 121 14
150 121 15
151 121 15
152 121 14
153 121 13
154 121 13
155 121 12
156 121 12
157 121 12
157 120 11
157 119 11
157 118 11
158 118 11
158 117 11
159 117 11
159 116 12
160 116 12
160 115 12
160 114 13
161 114 14
161 113 14
161 112 14
161 111 15
162 111 15
162 110 15
162 109 14
163 109 14
163 108 14
164 108 13
165 108 13
166 108 13
166 107 13
166 106 13
166 105 13
166 104 14
166 103 14
166 102 14
166 101 14
166 100 14
166 99 13
166 98 12
166 97 12
166 96 11
166 95 11
167 95 10
167 94 10
167 93 10
167 92 10
168 92 10
169 92 10
169 91 10
170 91 10
170 90 10
170 89 10
170 88 10
171 88 10
171 87 10
171 86 10
172 86 10
173 86 10
173 85 10
173 84 10
19 108 3003
20 108 2933
21 108 2829
22 108 2702
23 108 2580
24 108 2493
25 108 2460
26 108 2481
27 108 2537
28 108 2594
29 108 2613
30 108 2572
31 108 2483
32 108 2352
33 108 2141
34 108 1848
35 108 1504
36 108 1161
37 108 869
38 108 651
39 108 508
40 108 425
41 108 383
41 107 353
42 107 333
43 107 315
44 107 290
45 107 254
46 107 213
47 107 172
48 107 136
49 107 109
49 106 86
50 106 69
50 105 55
50 104 44
50 103 36
51 103 29
51 102 25
52 102 22
52 101 20
53 101 18
54 101 16
55 101 15
56 101 15
57 101 15
58 101 14
59 101 14
60 101 13
61 101 12
62 101 12
63 101 11
64 101 11
65 101 10
66 101 10
66 100 10
66 99 10
66 98 10
66 97 10
66 96 10
66 95 10
66 94 10
66 93 10
66 92 10
66 91 10
66 90 10
66 89 10
66 88 10
67 88 10
67 87 10
67 86 10
68 86 10
69 86 10
70 86 10
70 85 10
197 188 16
196 188 14
196 187 14
196 186 13
196 185 13
196 184 12
196 183 11
196 182 11
196 181 11
196 180 11
196 179 11
195 179 11
194 179 11
193 179 11
193 178 11
192 178 11
192 177 12
192 176 12
191 176 12
191 175 13
191 174 14
191 173 16
191 172 18
191 171 22
191 170 28
191 169 33
191 168 38
191 167 39
191 166 37
191 165 34
191 164 31
191 163 29
191 162 29
191 161 30
191 160 31
191 159 34
190 159 39
190 158 44
189 158 52
189 157 60
188 157 70
188 156 83
187 156 95
186 156 111
186 155 131
185 155 157
185 154 194
184 154 246
184 153 309
184 152 405
183 152 506
183 151 636
182 151 792
182 150 950
182 149 1132
181 149 1300
181 148 1448
181 147 1575
180 147 1648
180 146 1691
180 145 1730
179 145 1745
178 145 1803
177 145 1890
176 145 1991
175 145 2091
174 145 2205
173 145 2353
172 145 2528
171 145 2702
170 145 2846
169 145 2935
168 145 2952
167 145 2895
166 145 2769
165 145 2589
164 145 2374
163 145 2155
162 145 1969
161 145 1831
160 145 1733
159 145 1652
158 145 1564
157 145 1443
156 145 1272
155 145 1053
154 145 811
153 145 585
152 145 411
151 145 295
150 145 223
150 144 170
149 144 136
149 143 112
149 142 98
149 141 87
149 140 77
149 139 67
149 138 58
149 137 50
149 136 43
149 135 36
149 134 29
149 133 24
149 132 21
149 131 18
149 130 17
149 129 16
149 128 16
149 127 16
149 126 16
149 125 15
149 124 15
149 123 14
