31 189 41
56 19 116
32 66 10
117 0 10
152 102 14
96 163 12
87 39 61
187 4 10
164 71 53
165 188 23
7 102 10
7 101 10
7 100 10
7 99 10
7 98 10
7 97 10
7 96 10
7 95 10
7 94 10
7 93 10
7 92 10
7 91 10
7 90 10
7 89 10
7 88 10
7 87 10
7 86 10
7 85 10
7 84 10
7 83 10
7 82 10
8 82 10
9 82 10
10 82 10
11 82 10
12 82 10
12 81 10
12 80 10
12 79 10
12 78 10
12 77 10
13 77 10
13 76 10
14 76 10
15 76 10
15 75 10
16 75 10
17 75 10
18 75 10
18 74 10
19 74 10
19 73 10
19 72 10
20 72 10
20 71 10
21 71 10
22 71 10
22 70 10
23 70 10
24 70 10
25 70 10
26 70 10
27 70 10
28 70 10
29 70 10
29 69 10
30 69 10
30 68 10
31 68 10
31 67 10
31 66 10
186 4 10
185 4 10
184 4 10
183 4 10
182 4 10
181 4 10
180 4 10
179 4 10
178 4 10
177 4 10
176 4 10
175 4 10
174 4 10
173 4 11
172 4 11
171 4 11
170 4 12
169 4 12
168 4 13
167 4 13
166 4 13
165 4 12
164 4 12
163 4 11
162 4 11
161 4 10
160 4 10
159 4 10
158 4 10
157 4 10
156 4 10
155 4 10
154 4 10
153 4 10
152 4 10
151 4 10
150 4 10
149 4 10
148 4 10
147 4 10
146 4 10
145 4 10
144 4 10
143 4 10
142 4 10
141 4 10
140 4 10
139 4 11
138 4 11
137 4 11
136 4 12
135 4 13
134 4 14
133 4 15
132 4 16
131 4 15
130 4 14
129 4 13
128 4 12
127 4 11
126 4 11
125 4 10
124 4 10
123 4 10
122 4 10
121 4 10
121 3 10
120 3 10
120 2 10
119 2 10
119 1 10
118 1 10
118 0 10
87 40 43
86 40 34
85 40 28
84 40 25
83 40 23
82 40 22
81 40 22
80 40 24
79 40 27
78 40 30
77 40 34
76 40 37
75 40 39
74 40 38
73 40 36
72 40 32
71 40 29
70 40 26
70 39 25
69 39 23
68 39 22
67 39 21
66 39 20
65 39 20
64 39 19
63 39 17
62 39 15
61 39 14
60 39 12
59 39 11
59 38 11
58 38 10
58 37 10
58 36 10
58 35 10
57 35 10
57 34 10
57 33 10
57 32 10
56 32 10
56 31 10
56 30 11
56 29 11
56 28 11
56 27 11
56 26 12
56 25 13
56 24 15
56 23 19
56 22 28
56 21 45
56 20 73
96 164 12
96 165 12
96 166 12
95 166 13
95 167 15
94 167 16
93 167 18
93 168 20
92 168 23
92 169 26
91 169 31
91 170 37
90 170 45
90 171 52
90 172 60
90 173 69
89 173 74
89 174 78
89 175 81
88 175 80
88 176 78
87 176 76
87 177 73
86 177 68
85 177 64
84 177 59
84 178 53
83 178 48
82 178 43
81 178 38
80 178 33
79 178 28
78 178 24
77 178 20
76 178 18
75 178 16
74 178 14
73 178 14
72 178 13
71 178 13
70 178 13
69 178 13
68 178 13
67 178 14
66 178 14
65 178 14
64 178 15
63 178 15
62 178 15
61 178 15
60 178 15
59 178 15
58 178 16
57 178 16
56 178 17
56 177 18
55 177 20
54 177 22
54 176 25
54 175 30
53 175 34
53 174 39
52 174 45
52 173 49
52 172 53
51 172 56
51 171 57
51 170 58
51 169 57
50 169 53
50 168 49
49 168 46
49 167 41
48 167 37
48 166 33
47 166 29
46 166 26
46 165 22
45 165 19
45 164 17
44 164 15
43 164 14
43 163 13
43 162 13
43 161 12
43 160 12
43 159 12
43 158 11
43 157 11
43 156 11
43 155 11
42 155 10
41 155 10
40 155 10
40 154 10
39 154 10
39 153 10
38 153 10
37 153 10
36 153 10
35 153 10
35 152 10
34 152 10
34 151 10
33 151 10
32 151 10
32 150 10
31 150 10
30 150 10
30 149 10
30 148 10
30 147 10
29 147 11
28 147 11
27 147 11
27 146 11
26 146 12
25 146 13
25 145 14
25 144 16
25 143 20
24 143 25
23 143 32
23 142 42
22 142 54
22 141 67
21 141 82
21 140 95
21 139 108
20 139 115
20 138 122
19 138 121
18 138 123
18 137 115
17 137 110
17 136 100
16 136 91
16 135 83
15 135 75
15 134 68
14 134 62
14 133 55
14 132 50
13 132 43
13 131 37
12 131 32
12 130 27
12 129 24
11 129 22
10 129 20
10 128 18
9 128 17
9 127 16
8 127 15
8 126 14
8 125 13
8 124 13
8 123 12
8 122 11
8 121 11
8 120 11
8 119 10
8 118 10
8 117 10
8 116 10
8 115 10
8 114 10
8 113 10
8 112 10
8 111 10
8 110 10
8 109 10
8 108 10
8 107 10
8 106 10
8 105 10
8 104 10
8 103 10
8 102 10
165 187 22
165 186 20
165 185 18
165 184 17
165 183 15
165 182 14
165 181 14
165 180 13
165 179 12
165 178 12
165 177 11
165 176 11
165 175 11
165 174 10
164 174 10
164 173 10
163 173 10
162 173 10
162 172 10
161 172 10
160 172 10
159 172 10
158 172 10
157 172 10
156 172 10
155 172 10
154 172 10
153 172 10
152 172 10
152 171 10
151 171 10
151 170 10
151 169 10
151 168 10
150 168 10
149 168 10
149 167 10
148 167 11
147 167 11
146 167 11
146 166 11
146 165 11
145 165 11
144 165 12
144 164 12
143 164 13
142 164 14
141 164 16
140 164 20
139 164 27
138 164 37
137 164 52
136 164 71
135 164 92
134 164 112
133 164 126
132 164 130
131 164 124
130 164 109
129 164 92
128 164 74
127 164 60
126 164 49
125 164 41
124 164 35
123 164 30
122 164 25
121 164 21
120 164 18
119 164 15
118 164 14
117 164 13
116 164 12
115 164 12
114 164 11
113 164 11
112 164 11
111 164 11
110 164 11
109 164 11
108 164 11
107 164 11
106 164 11
105 164 10
104 164 10
103 164 10
102 164 10
101 164 10
100 164 10
99 164 10
98 164 11
97 164 11
152 103 13
152 104 12
152 105 11
152 106 11
152 107 11
152 108 10
151 108 10
151 109 10
151 110 11
150 110 11
149 110 11
148 110 11
148 111 11
147 111 12
147 112 13
146 112 15
145 112 19
145 113 23
144 113 31
143 113 40
142 113 51
141 113 61
140 113 71
139 113 79
138 113 85
137 113 89
136 113 91
135 113 92
134 113 91
133 113 89
132 113 85
131 113 78
130 113 69
129 113 58
128 113 46
127 113 34
126 113 25
125 113 19
124 113 15
123 113 13
122 113 12
121 113 11
120 113 11
119 113 11
118 113 10
117 113 10
117 114 10
117 115 10
116 115 10
116 116 10
116 117 11
115 117 10
115 118 10
114 118 10
114 119 10
114 120 10
113 120 10
113 121 10
112 121 10
112 122 10
111 122 10
110 122 10
109 122 10
109 123 10
109 124 10
108 124 10
108 125 10
108 126 10
108 127 10
108 128 11
108 129 11
108 130 11
108 131 11
108 132 11
108 133 12
108 134 12
108 135 12
108 136 12
108 137 12
108 138 12
108 139 12
108 140 12
108 141 13
108 142 13
108 143 14
108 144 14
108 145 15
108 146 15
108 147 14
108 148 14
108 149 13
108 150 12
108 151 11
108 152 11
108 153 11
108 154 10
108 155 10
108 156 10
108 157 10
108 158 10
108 159 10
108 160 10
108 161 10
108 162 10
108 163 11
165 71 46
166 71 41
167 71 36
168 71 33
169 71 30
169 72 39
169 73 50
169 74 61
169 75 69
169 76 73
169 77 73
169 78 68
169 79 60
169 80 51
169 81 41
169 82 34
169 83 29
169 84 27
169 85 26
169 86 27
169 87 28
169 88 29
169 89 30
169 90 29
169 91 26
169 92 22
169 93 19
168 93 16
168 94 14
167 94 13
166 94 12
166 95 11
165 95 11
165 96 10
164 96 10
164 97 10
163 97 10
163 98 10
163 99 10
163 100 10
163 101 10
162 101 10
161 101 10
161 102 10
160 102 10
159 102 10
158 102 10
157 102 10
156 102 11
155 102 11
154 102 12
153 102 13
