51 77 11
74 105 278
26 177 17
42 1 26
137 51 19
10 101 15
131 109 10
116 10 10
116 11 10
116 12 10
116 13 10
116 14 10
116 15 10
116 16 10
116 17 10
116 18 10
116 19 10
115 19 10
114 19 10
114 20 10
114 21 10
113 21 10
112 21 10
112 22 10
111 22 10
111 23 10
110 23 10
109 23 11
109 24 11
109 25 12
108 25 14
107 25 17
106 25 23
105 25 31
104 25 40
103 25 47
102 25 51
101 25 53
100 25 52
99 25 50
98 25 47
97 25 42
96 25 36
95 25 29
94 25 22
93 25 17
92 25 14
91 25 12
90 25 11
89 25 11
88 25 11
87 25 10
86 25 10
85 25 10
84 25 10
84 24 11
83 24 11
83 23 11
82 23 12
82 22 13
82 21 15
81 21 17
81 20 20
81 19 24
80 19 29
80 18 35
79 18 42
78 18 50
78 17 56
77 17 62
77 16 66
76 16 67
75 16 66
75 15 64
74 15 60
74 14 57
73 14 54
72 14 51
71 14 48
70 14 46
69 14 42
68 14 37
67 14 31
66 14 26
65 14 21
64 14 18
63 14 16
62 14 14
61 14 13
60 14 13
59 14 12
58 14 12
57 14 12
56 14 12
55 14 11
54 14 11
53 14 11
52 14 11
51 14 11
50 14 11
49 14 11
48 14 11
47 14 10
46 14 10
45 14 10
45 13 10
45 12 10
44 12 10
44 11 10
43 11 10
43 10 10
42 10 10
42 9 10
42 8 10
42 7 11
42 6 11
42 5 12
42 4 15
42 3 18
42 2 22
136 51 27
135 51 39
134 51 54
133 51 70
132 51 83
131 51 89
130 51 88
129 51 78
128 51 62
127 51 46
126 51 33
125 51 24
124 51 19
123 51 16
122 51 14
122 50 13
122 49 13
121 49 12
120 49 12
120 48 12
120 47 12
119 47 12
118 47 13
118 46 13
117 46 14
117 45 15
117 44 17
116 44 21
116 43 25
116 42 32
116 41 43
116 40 58
116 39 78
116 38 98
116 37 113
116 36 119
116 35 114
116 34 98
116 33 75
116 32 52
116 31 34
116 30 23
116 29 16
116 28 13
116 27 11
116 26 11
116 25 10
116 24 10
115 24 10
115 23 10
115 22 10
114 22 10
131 108 10
132 108 10
132 107 10
132 106 10
132 105 10
133 105 10
134 105 10
134 104 10
135 104 10
135 103 10
136 103 10
137 103 10
137 102 10
138 102 10
139 102 10
140 102 10
141 102 10
142 102 10
142 101 10
142 100 11
142 99 11
143 99 12
143 98 13
143 97 15
143 96 19
143 95 25
143 94 34
143 93 44
143 92 55
143 91 67
143 90 81
143 89 95
143 88 106
143 87 112
143 86 110
143 85 99
143 84 81
143 83 61
143 82 42
143 81 29
143 80 20
143 79 15
143 78 13
143 77 12
143 76 11
142 76 11
142 75 11
142 74 11
142 73 12
142 72 13
142 71 16
142 70 22
142 69 33
142 68 50
142 67 72
142 66 94
142 65 111
142 64 119
142 63 119
142 62 113
142 61 101
142 60 86
142 59 70
142 58 53
142 57 40
142 56 29
142 55 22
142 54 17
142 53 14
142 52 12
142 51 11
141 51 11
140 51 12
139 51 13
138 51 15
10 100 12
10 99 11
10 98 10
11 98 10
12 98 10
13 98 10
14 98 10
15 98 10
16 98 11
17 98 11
18 98 11
19 98 11
20 98 10
21 98 10
22 98 10
23 98 10
24 98 10
25 98 10
26 98 10
27 98 10
28 98 10
29 98 10
30 98 11
31 98 11
32 98 12
33 98 13
34 98 15
35 98 21
36 98 32
37 98 54
38 98 95
39 98 160
40 98 243
41 98 324
42 98 375
43 98 376
44 98 327
45 98 247
46 98 164
47 98 100
48 98 59
49 98 36
50 98 24
51 98 17
52 98 14
53 98 12
54 98 11
55 98 11
55 97 11
55 96 11
55 95 12
55 94 13
55 93 15
55 92 17
55 91 20
55 90 22
55 89 22
55 88 20
55 87 17
55 86 14
55 85 12
55 84 11
55 83 11
55 82 10
55 81 10
55 80 10
55 79 10
54 79 10
54 78 10
53 78 10
53 77 10
52 77 10
