131 60 189
33 199 98
152 167 17
48 120 15
188 142 11
194 46 16
83 7 76
148 24 19
48 119 15
48 118 15
48 117 15
48 116 15
48 115 16
49 115 16
50 115 17
50 114 17
51 114 17
51 113 17
52 113 18
53 113 18
53 112 18
54 112 19
54 111 20
55 111 21
56 111 22
57 111 22
57 110 23
58 110 22
59 110 22
59 109 21
60 109 21
60 108 20
61 108 20
61 107 19
62 107 19
62 106 20
63 106 20
64 106 21
64 105 22
65 105 23
65 104 25
66 104 28
67 104 31
68 104 37
69 104 46
70 104 60
71 104 82
72 104 113
73 104 152
74 104 194
75 104 230
76 104 250
77 104 253
78 104 244
79 104 228
80 104 207
81 104 183
82 104 156
83 104 125
84 104 94
85 104 67
86 104 46
87 104 32
88 104 24
89 104 19
89 103 17
90 103 15
91 103 14
91 102 13
91 101 13
92 101 12
92 100 12
93 100 12
93 99 12
93 98 13
93 97 13
94 97 13
94 96 13
94 95 13
94 94 13
95 94 13
96 94 13
96 93 12
96 92 12
96 91 13
97 91 13
97 90 13
97 89 14
97 88 15
97 87 17
97 86 20
97 85 25
97 84 32
97 83 41
97 82 56
97 81 82
97 80 115
97 79 152
97 78 184
97 77 204
97 76 210
97 75 207
97 74 195
97 73 180
97 72 159
97 71 134
97 70 107
97 69 82
97 68 61
97 67 45
97 66 35
98 66 27
98 65 22
99 65 19
99 64 17
100 64 15
100 63 14
101 63 13
102 63 13
103 63 13
103 62 13
103 61 13
104 61 13
105 61 13
105 60 13
105 59 13
105 58 13
106 58 13
107 58 13
108 58 13
109 58 14
110 58 14
111 58 14
112 58 14
113 58 13
114 58 13
115 58 13
116 58 13
117 58 13
118 58 14
119 58 14
120 58 15
121 58 17
122 58 19
123 58 22
124 58 26
125 58 31
126 58 38
127 58 48
128 58 62
128 59 77
129 59 97
130 59 120
131 59 148
147 24 15
146 24 13
145 24 12
144 24 12
144 23 12
143 23 12
143 22 12
143 21 12
142 21 12
142 20 12
142 19 13
141 19 13
141 18 12
141 17 12
140 17 12
140 16 12
140 15 12
139 15 12
138 15 12
137 15 13
136 15 14
135 15 16
134 15 17
133 15 19
132 15 22
131 15 25
130 15 27
129 15 30
128 15 32
127 15 35
126 15 38
125 15 44
124 15 52
123 15 63
122 15 77
121 15 96
120 15 118
119 15 141
118 15 166
118 16 196
117 16 230
117 17 270
117 18 313
117 19 351
116 19 381
116 20 397
116 21 409
115 21 409
115 22 397
115 23 378
114 23 343
114 24 304
114 25 264
114 26 225
114 27 190
114 28 159
114 29 133
114 30 113
114 31 99
114 32 90
114 33 84
114 34 81
114 35 78
114 36 73
114 37 68
114 38 62
114 39 56
114 40 51
115 40 43
115 41 37
115 42 33
115 43 29
115 44 26
115 45 23
115 46 21
115 47 18
115 48 16
115 49 14
115 50 13
115 51 12
115 52 12
115 53 11
115 54 11
115 55 11
115 56 11
115 57 12
84 7 101
85 7 124
86 7 141
87 7 150
88 7 152
89 7 149
90 7 143
90 6 133
91 6 118
92 6 102
93 6 89
93 5 77
94 5 65
95 5 58
96 5 54
97 5 53
98 5 54
99 5 56
100 5 60
101 5 65
102 5 72
103 5 79
104 5 87
105 5 97
106 5 109
107 5 122
108 5 137
108 6 151
109 6 167
109 7 185
110 7 198
111 7 221
111 8 229
112 8 247
112 9 253
113 9 259
113 10 260
114 10 252
115 10 248
115 11 228
116 11 211
117 11 195
117 12 173
118 12 152
118 13 143
118 14 148
193 46 16
193 47 16
193 48 17
193 49 18
193 50 18
193 51 18
193 52 18
193 53 17
193 54 16
193 55 15
193 56 14
193 57 13
193 58 12
193 59 12
193 60 12
193 61 12
193 62 13
193 63 13
193 64 14
193 65 14
193 66 14
193 67 13
193 68 13
193 69 13
193 70 12
193 71 12
193 72 12
193 73 12
193 74 12
193 75 12
193 76 12
193 77 12
193 78 12
193 79 12
193 80 12
193 81 12
192 81 12
191 81 11
191 82 11
191 83 11
190 83 11
190 84 10
189 84 10
188 84 10
187 84 10
186 84 10
185 84 10
184 84 10
183 84 10
183 85 10
182 85 10
182 86 10
182 87 10
181 87 11
181 88 11
180 88 12
179 88 14
178 88 17
177 88 23
176 88 33
175 88 48
174 88 71
173 88 100
172 88 132
171 88 163
170 88 188
169 88 206
168 88 216
167 88 221
166 88 226
165 88 233
165 89 250
165 90 266
165 91 281
165 92 295
165 93 304
165 94 304
165 95 294
164 95 274
164 96 241
164 97 204
164 98 169
164 99 138
163 99 110
163 100 88
162 100 74
162 101 61
161 101 54
161 102 48
160 102 44
160 103 43
159 103 42
158 103 43
158 104 45
157 104 48
157 105 53
156 105 59
156 106 67
155 106 75
154 106 89
154 107 101
153 107 119
153 108 140
152 108 159
151 108 187
151 109 201
150 109 215
150 110 223
149 110 212
148 110 198
148 111 175
147 111 144
146 111 116
146 112 88
145 112 66
145 113 48
144 113 35
144 114 26
144 115 21
144 116 17
144 117 15
144 118 14
144 119 13
144 120 12
144 121 12
144 122 12
144 123 12
144 124 12
144 125 12
144 126 12
144 127 12
144 128 12
144 129 12
144 130 12
144 131 12
144 132 12
144 133 12
144 134 12
144 135 12
144 136 12
144 137 12
144 138 12
144 139 12
144 140 13
144 141 13
144 142 14
144 143 14
144 144 14
144 145 14
144 146 14
144 147 13
144 148 13
144 149 12
144 150 12
144 151 11
144 152 11
144 153 11
144 154 11
144 155 11
145 155 10
146 155 10
146 156 10
146 157 10
146 158 10
146 159 10
147 159 10
148 159 10
148 160 10
148 161 10
149 161 10
150 161 10
150 162 10
150 163 10
151 163 10
152 163 10
152 164 11
152 165 12
152 166 13
189 142 11
190 142 11
191 142 10
192 142 10
192 143 10
192 144 11
192 145 11
192 146 11
192 147 12
192 148 12
192 149 13
192 150 14
192 151 16
192 152 19
192 153 23
192 154 29
192 155 34
192 156 40
192 157 45
192 158 47
192 159 46
192 160 43
192 161 39
192 162 35
192 163 32
192 164 31
191 164 31
191 165 31
190 165 31
189 165 32
189 166 32
188 166 34
188 167 34
187 167 38
186 167 45
185 167 58
184 167 78
183 167 109
182 167 153
181 167 208
180 167 272
179 167 345
178 167 431
177 167 537
176 167 663
175 167 807
174 167 960
173 167 1112
172 167 1248
171 167 1350
170 167 1400
169 167 1384
168 167 1297
167 167 1142
166 167 934
165 167 702
164 167 482
163 167 303
162 167 177
161 167 100
160 167 58
159 167 37
158 167 26
157 167 21
156 167 18
155 167 17
154 167 16
153 167 16
