188 30 16
1 58 459
38 85 12
42 159 70
3 15 54
172 51 15
136 131 39
114 150 14
71 92 85
119 12 1007
143 61 133
36 34 17
172 50 15
172 49 14
172 48 14
172 47 14
172 46 14
172 45 14
172 44 14
172 43 14
172 42 14
172 41 14
172 40 13
172 39 13
172 38 12
172 37 12
172 36 12
172 35 12
172 34 12
172 33 12
172 32 12
172 31 12
173 31 12
174 31 12
175 31 12
176 31 12
177 31 12
177 30 12
178 30 12
179 30 13
180 30 13
181 30 13
182 30 14
183 30 15
184 30 15
185 30 15
186 30 16
187 30 16
35 34 16
35 35 15
35 36 15
35 37 14
35 38 14
35 39 14
35 40 14
35 41 14
35 42 15
35 43 15
35 44 15
35 45 16
35 46 16
35 47 17
35 48 17
35 49 18
35 50 18
35 51 19
35 52 19
35 53 19
35 54 18
35 55 17
35 56 16
35 57 15
35 58 14
35 59 13
35 60 12
35 61 11
35 62 11
35 63 11
35 64 10
35 65 10
35 66 10
35 67 10
35 68 10
35 69 10
35 70 10
35 71 10
35 72 10
35 73 10
35 74 10
36 74 10
37 74 10
37 75 10
38 75 10
38 76 10
38 77 10
38 78 11
38 79 11
38 80 11
38 81 11
38 82 11
38 83 11
38 84 12
71 91 73
71 90 61
71 89 50
71 88 41
71 87 35
70 87 31
69 87 28
68 87 25
67 87 22
66 87 20
65 87 18
64 87 17
63 87 15
62 87 14
61 87 13
60 87 12
59 87 12
58 87 11
57 87 11
56 87 11
55 87 10
54 87 10
53 87 10
52 87 10
51 87 10
50 87 10
50 86 10
49 86 10
49 85 10
48 85 10
47 85 11
46 85 11
45 85 11
44 85 11
43 85 11
42 85 12
41 85 12
40 85 12
39 85 12
4 15 47
4 16 41
4 17 36
4 18 32
5 18 28
5 19 26
6 19 24
7 19 22
7 20 21
8 20 20
8 21 19
8 22 18
9 22 17
10 22 16
11 22 16
12 22 15
13 22 15
14 22 15
14 23 15
14 24 14
15 24 14
15 25 14
16 25 15
17 25 15
18 25 15
19 25 15
20 25 16
21 25 16
22 25 16
23 25 16
24 25 16
25 25 16
26 25 16
27 25 16
28 25 16
29 25 16
30 25 16
30 26 16
30 27 17
30 28 17
30 29 17
30 30 17
30 31 17
30 32 16
30 33 16
30 34 16
31 34 15
32 34 15
33 34 15
34 34 15
144 61 109
145 61 90
146 61 74
147 61 61
148 61 51
149 61 42
150 61 35
151 61 29
152 61 25
153 61 22
154 61 20
155 61 18
156 61 18
157 61 17
158 61 17
158 60 18
158 59 18
158 58 18
159 58 18
160 58 18
160 57 18
161 57 17
161 56 17
162 56 17
163 56 16
164 56 16
164 55 15
164 54 15
164 53 14
164 52 14
165 52 14
166 52 13
167 52 13
168 52 13
169 52 13
169 51 13
170 51 13
171 51 14
114 151 14
114 152 14
114 153 14
114 154 14
114 155 14
114 156 14
114 157 14
114 158 14
114 159 13
113 159 13
113 160 13
112 160 13
112 161 13
112 162 13
112 163 13
111 163 13
111 164 14
111 165 14
110 165 14
110 166 15
109 166 16
108 166 17
108 167 18
108 168 20
108 169 22
107 169 24
107 170 26
107 171 29
107 172 31
106 172 33
105 172 36
104 172 40
103 172 44
102 172 48
101 172 53
100 172 59
99 172 64
98 172 69
97 172 74
96 172 79
95 172 83
94 172 87
93 172 89
92 172 91
91 172 92
90 172 92
89 172 94
88 172 96
87 172 101
86 172 109
85 172 121
84 172 137
83 172 157
82 172 181
81 172 208
80 172 236
79 172 261
78 172 284
77 172 303
76 172 319
75 172 327
74 172 328
73 172 319
72 172 303
71 172 281
70 172 255
69 172 229
68 172 203
67 172 181
66 172 162
65 172 147
64 172 136
63 172 128
62 172 123
61 172 120
60 172 118
59 172 115
58 172 110
57 172 102
56 172 92
55 172 81
54 172 70
53 172 59
52 172 50
51 172 42
50 172 36
49 172 32
48 172 29
47 172 27
46 172 26
45 172 25
45 171 26
45 170 26
45 169 26
45 168 26
44 168 26
44 167 26
44 166 26
44 165 27
44 164 29
43 164 30
43 163 33
42 163 36
42 162 41
42 161 48
42 160 57
136 132 37
136 133 35
136 134 34
136 135 32
136 136 31
136 137 29
136 138 28
136 139 27
135 139 25
135 140 24
134 140 23
133 140 22
133 141 20
133 142 19
133 143 18
133 144 17
132 144 16
132 145 15
131 145 14
130 145 13
129 145 13
129 146 12
129 147 12
128 147 12
127 147 11
126 147 11
125 147 11
124 147 11
124 148 11
124 149 11
123 149 11
122 149 11
122 150 11
121 150 11
120 150 12
119 150 12
118 150 12
117 150 13
116 150 13
115 150 13
119 11 840
119 10 701
119 9 590
119 8 504
120 8 438
121 8 381
122 8 333
123 8 296
123 7 267
124 7 244
125 7 229
125 6 217
126 6 210
126 5 204
127 5 201
128 5 201
129 5 204
130 5 208
131 5 213
132 5 216
133 5 217
134 5 215
135 5 209
136 5 200
137 5 190
138 5 179
139 5 169
140 5 160
141 5 153
142 5 149
143 5 147
144 5 148
145 5 152
146 5 157
147 5 163
148 5 171
149 5 183
150 5 201
151 5 225
152 5 257
153 5 295
154 5 335
155 5 375
156 5 409
157 5 432
158 5 441
159 5 436
160 5 416
161 5 385
162 5 348
163 5 309
164 5 272
165 5 237
166 5 207
166 6 192
166 7 175
166 8 156
166 9 136
166 10 115
166 11 95
166 12 77
166 13 62
166 14 52
166 15 44
166 16 38
167 16 33
168 16 29
168 17 26
169 17 24
170 17 22
171 17 20
171 18 18
171 19 17
171 20 16
171 21 15
172 21 14
172 22 13
172 23 13
172 24 13
172 25 12
172 26 12
172 27 12
172 28 12
172 29 12
172 30 12
