173 116 21
7 190 234
5 55 40
112 121 184
144 198 47
44 143 100
119 155 20
32 184 331
68 31 18
177 89 280
141 167 20
27 98 13
18 150 11
177 90 225
177 91 177
177 92 138
177 93 110
177 94 90
177 95 77
176 95 65
176 96 56
175 96 47
174 96 40
173 96 34
173 97 28
173 98 25
173 99 23
173 100 22
173 101 21
173 102 21
173 103 21
173 104 21
173 105 21
173 106 20
173 107 19
173 108 18
173 109 17
173 110 16
173 111 15
173 112 15
173 113 16
173 114 17
173 115 18
27 97 12
27 96 12
27 95 11
26 95 11
26 94 11
25 94 11
25 93 12
24 93 12
24 92 12
24 91 13
24 90 14
23 90 15
22 90 16
22 89 18
22 88 20
22 87 23
21 87 26
21 86 30
21 85 35
20 85 41
20 84 48
19 84 56
19 83 66
19 82 78
18 82 92
18 81 108
18 80 128
18 79 153
18 78 184
18 77 222
18 76 265
18 75 308
18 74 344
18 73 365
18 72 364
18 71 342
18 70 304
18 69 257
18 68 202
18 67 148
18 66 103
18 65 71
18 64 51
18 63 38
18 62 30
18 61 26
18 60 23
18 59 22
18 58 21
18 57 20
17 57 20
17 56 20
17 55 20
16 55 20
16 54 20
16 53 20
16 52 20
15 52 19
14 52 19
13 52 19
12 52 19
11 52 19
10 52 19
9 52 19
8 52 18
7 52 17
6 52 16
5 52 16
5 53 20
5 54 28
18 149 10
18 148 10
19 148 10
19 147 10
20 147 10
21 147 10
21 146 10
22 146 10
22 145 10
22 144 10
23 144 10
24 144 10
24 143 10
24 142 10
24 141 10
24 140 11
24 139 11
24 138 12
24 137 14
24 136 16
24 135 19
24 134 25
24 133 34
24 132 49
24 131 71
24 130 103
24 129 140
24 128 178
24 127 213
24 126 240
24 125 260
24 124 277
24 123 291
24 122 301
24 121 304
24 120 306
24 119 310
24 118 315
24 117 317
24 116 313
24 115 298
24 114 270
24 113 230
24 112 182
24 111 135
24 110 94
24 109 64
24 108 45
24 107 34
24 106 27
24 105 24
24 104 22
24 103 21
24 102 20
24 101 19
24 100 18
24 99 16
25 99 15
26 99 14
26 98 13
43 143 73
43 144 54
42 144 42
41 144 34
40 144 30
39 144 26
38 144 24
37 144 21
36 144 18
35 144 15
34 144 13
33 144 12
32 144 11
31 144 11
30 144 10
29 144 10
28 144 10
27 144 10
26 144 10
25 144 10
32 183 256
32 182 212
32 181 186
31 181 165
30 181 147
30 180 131
29 180 113
29 179 97
29 178 81
29 177 65
29 176 50
29 175 37
29 174 29
29 173 22
29 172 18
29 171 15
29 170 13
29 169 12
29 168 11
29 167 11
29 166 11
29 165 11
29 164 11
29 163 11
29 162 11
29 161 11
29 160 12
29 159 12
29 158 12
29 157 12
29 156 12
29 155 12
29 154 12
29 153 11
29 152 11
29 151 11
29 150 10
29 149 10
29 148 10
29 147 10
29 146 10
29 145 10
141 166 17
141 165 15
141 164 13
141 163 12
141 162 12
141 161 11
141 160 11
141 159 11
141 158 11
142 158 12
143 158 12
144 158 13
145 158 14
145 157 15
146 157 15
147 157 16
148 157 17
148 156 18
149 156 18
150 156 19
151 156 19
151 155 20
151 154 20
151 153 20
152 153 20
153 153 19
153 152 19
153 151 18
154 151 18
154 150 18
154 149 18
155 149 19
155 148 19
155 147 20
155 146 21
155 145 22
156 145 23
156 144 24
157 144 25
157 143 27
158 143 28
158 142 31
159 142 34
159 141 38
160 141 44
160 140 50
161 140 60
161 139 70
162 139 86
162 138 103
163 138 128
163 137 154
163 136 192
163 135 241
163 134 295
163 133 339
163 132 365
163 131 366
163 130 349
163 129 321
163 128 292
163 127 269
164 127 248
164 126 228
165 126 213
165 125 200
166 125 188
167 125 179
167 124 168
168 124 156
169 124 143
170 124 132
171 124 119
172 124 104
173 124 88
173 123 75
173 122 66
173 121 57
173 120 48
173 119 39
173 118 32
173 117 26
120 155 18
121 155 15
122 155 14
123 155 12
124 155 12
124 156 11
125 156 11
125 157 11
126 157 11
127 157 11
127 158 10
128 158 11
129 158 11
130 158 11
131 158 11
132 158 11
133 158 11
134 158 11
135 158 11
136 158 11
137 158 11
138 158 11
139 158 11
140 158 11
143 198 43
142 198 40
141 198 36
140 198 32
139 198 28
138 198 24
137 198 22
137 197 24
137 196 27
137 195 30
137 194 32
137 193 33
137 192 34
137 191 34
137 190 33
137 189 33
137 188 32
137 187 31
137 186 29
137 185 27
137 184 27
137 183 26
137 182 25
137 181 23
137 180 22
137 179 21
137 178 20
137 177 19
137 176 18
137 175 16
137 174 15
137 173 14
137 172 13
137 171 13
137 170 13
137 169 13
137 168 13
137 167 12
138 167 13
139 167 14
140 167 17
68 32 17
68 33 16
68 34 16
68 35 15
68 36 14
68 37 13
68 38 12
68 39 12
68 40 11
68 41 11
67 41 11
67 42 11
66 42 10
65 42 10
65 43 10
64 43 10
64 44 10
63 44 10
63 45 10
62 45 10
61 45 10
61 46 10
61 47 11
61 48 11
61 49 11
61 50 11
61 51 11
61 52 11
61 53 11
61 54 11
61 55 11
61 56 10
61 57 10
61 58 10
61 59 10
60 59 11
59 59 11
58 59 11
57 59 12
56 59 13
55 59 14
54 59 16
53 59 17
52 59 19
51 59 22
50 59 24
49 59 27
48 59 30
47 59 33
46 59 39
45 59 47
44 59 62
43 59 84
42 59 119
41 59 168
40 59 228
39 59 294
38 59 364
37 59 441
36 59 524
35 59 600
34 59 654
33 59 669
32 59 636
31 59 561
30 59 460
29 59 356
28 59 264
27 59 193
26 59 142
25 59 104
24 59 75
23 59 53
22 59 39
21 59 30
20 59 25
19 59 23
111 121 137
110 121 109
109 121 94
108 121 87
107 121 86
106 121 88
106 122 121
106 123 166
106 124 227
106 125 309
106 126 413
106 127 529
106 128 635
106 129 707
106 130 725
106 131 686
106 132 602
106 133 496
106 134 389
106 135 296
106 136 220
106 137 158
106 138 111
106 139 77
106 140 55
106 141 41
106 142 33
106 143 29
106 144 27
106 145 26
106 146 26
106 147 26
106 148 27
106 149 28
107 149 29
108 149 30
108 150 31
109 150 32
110 150 33
111 150 34
112 150 33
113 150 32
114 150 30
115 150 29
116 150 28
116 151 27
117 151 26
118 151 26
119 151 25
119 152 23
119 153 22
119 154 21
