199 165 17
3 182 10
2 53 10
84 154 10
85 154 10
86 154 10
87 154 10
88 154 10
89 154 10
90 154 10
91 154 10
91 155 10
92 155 10
93 155 10
94 155 10
94 156 10
94 157 10
94 158 10
94 159 10
94 160 10
94 161 10
94 162 10
94 163 10
94 164 11
94 165 11
94 166 11
94 167 12
94 168 13
94 169 14
94 170 14
94 171 14
94 172 14
94 173 13
94 174 13
94 175 12
94 176 12
94 177 11
94 178 11
94 179 11
95 179 11
95 180 11
96 180 12
97 180 12
98 180 12
99 180 12
100 180 12
101 180 12
102 180 12
102 181 12
102 182 12
102 183 12
103 183 12
104 183 12
104 184 12
105 184 13
106 184 14
106 185 15
106 186 16
107 186 19
108 186 25
109 186 36
110 186 55
111 186 82
112 186 118
113 186 167
114 186 220
115 186 260
116 186 265
117 186 231
118 186 175
119 186 119
120 186 78
121 186 52
122 186 35
123 186 27
124 186 23
124 185 21
125 185 20
126 185 19
126 184 19
127 184 19
128 184 18
129 184 18
130 184 17
131 184 15
132 184 14
132 183 13
133 183 13
134 183 12
134 182 12
135 182 12
135 181 12
136 181 12
137 181 12
137 180 13
138 180 14
138 179 15
139 179 17
140 179 20
141 179 24
142 179 27
143 179 29
143 178 28
144 178 27
145 178 25
145 177 24
146 177 21
147 177 19
147 176 18
147 175 17
148 175 16
148 174 16
149 174 15
149 173 15
149 172 15
149 171 15
149 170 14
149 169 13
149 168 12
150 168 11
151 168 11
152 168 11
153 168 11
154 168 11
155 168 11
156 168 11
157 168 10
158 168 10
159 168 10
160 168 10
161 168 10
162 168 10
163 168 10
164 168 11
165 168 11
166 168 12
167 168 12
168 168 14
169 168 16
170 168 19
171 168 23
172 168 29
173 168 35
174 168 41
175 168 48
176 168 55
177 168 62
178 168 69
179 168 73
180 168 74
181 168 69
182 168 60
183 168 49
184 168 39
185 168 31
186 168 27
187 168 24
188 168 22
189 168 22
190 168 22
191 168 22
192 168 22
193 168 23
193 167 21
193 166 20
194 166 18
194 165 16
195 165 16
196 165 15
197 165 15
198 165 16
3 181 10
3 180 10
3 179 10
4 179 10
4 178 11
5 178 11
6 178 12
7 178 14
8 178 17
9 178 23
10 178 33
11 178 45
12 178 58
13 178 66
14 178 68
15 178 67
16 178 65
17 178 63
17 177 61
18 177 60
18 176 61
19 176 63
19 175 68
20 175 76
20 174 82
20 173 92
21 173 94
21 172 93
21 171 89
22 171 77
22 170 66
23 170 52
24 170 40
25 170 31
26 170 25
27 170 20
28 170 17
29 170 16
30 170 15
31 170 15
32 170 17
32 171 21
33 171 25
33 172 30
33 173 36
34 173 43
34 174 47
34 175 51
34 176 52
35 176 54
35 177 53
36 177 55
36 178 55
37 178 56
38 178 56
39 178 57
39 179 59
40 179 62
41 179 70
42 179 80
43 179 89
44 179 93
45 179 89
46 179 79
47 179 66
47 180 51
48 180 38
48 181 27
49 181 20
50 181 15
51 181 13
52 181 11
53 181 11
54 181 10
55 181 10
56 181 10
57 181 10
58 181 10
59 181 10
60 181 11
61 181 11
62 181 10
63 181 10
64 181 10
65 181 10
66 181 10
67 181 10
68 181 11
69 181 11
70 181 12
71 181 14
72 181 16
73 181 17
74 181 18
75 181 18
76 181 19
76 180 20
77 180 20
78 180 22
78 179 23
79 179 25
79 178 27
80 178 27
81 178 28
82 178 28
83 178 29
84 178 30
85 178 28
86 178 25
87 178 21
88 178 17
89 178 14
90 178 12
91 178 11
92 178 11
93 178 11
3 53 11
4 53 11
4 54 11
5 54 11
5 55 11
6 55 11
6 56 11
6 57 11
7 57 11
8 57 11
9 57 12
9 58 12
9 59 13
10 59 14
10 60 15
10 61 17
11 61 20
12 61 24
13 61 30
14 61 37
15 61 45
16 61 50
17 61 53
18 61 54
19 61 50
20 61 45
21 61 41
22 61 41
23 61 42
24 61 46
25 61 51
26 61 54
27 61 53
28 61 50
29 61 49
30 61 49
31 61 49
32 61 47
33 61 41
34 61 33
35 61 26
36 61 21
37 61 18
37 62 19
37 63 20
37 64 21
37 65 23
37 66 27
37 67 33
37 68 46
37 69 68
37 70 97
37 71 123
37 72 136
37 73 130
37 74 112
37 75 90
37 76 71
37 77 57
37 78 48
37 79 42
37 80 37
37 81 34
37 82 31
37 83 27
37 84 23
37 85 19
37 86 15
37 87 13
37 88 11
37 89 11
37 90 11
37 91 10
37 92 10
36 92 10
36 93 10
36 94 10
35 94 10
35 95 10
35 96 11
35 97 11
35 98 11
35 99 11
35 100 11
35 101 11
35 102 11
35 103 11
35 104 10
35 105 10
35 106 10
35 107 10
35 108 10
35 109 11
35 110 11
35 111 11
35 112 11
35 113 11
35 114 11
35 115 11
35 116 10
35 117 10
35 118 10
35 119 10
36 119 11
37 119 11
37 120 11
38 120 12
38 121 13
39 121 14
39 122 16
39 123 21
39 124 28
39 125 39
39 126 51
39 127 62
39 128 68
39 129 69
39 130 68
39 131 68
39 132 68
39 133 62
39 134 53
39 135 42
39 136 35
39 137 30
39 138 28
39 139 28
39 140 27
39 141 26
39 142 24
39 143 22
39 144 21
38 144 20
37 144 19
37 145 18
36 145 16
35 145 14
35 146 13
35 147 12
35 148 11
35 149 10
35 150 10
35 151 10
35 152 10
35 153 10
35 154 10
35 155 10
35 156 10
35 157 10
35 158 10
34 158 10
33 158 10
33 159 10
33 160 10
33 161 10
33 162 10
32 162 10
32 163 10
32 164 11
32 165 11
32 166 11
32 167 12
32 168 13
32 169 15
