145 55 18
81 69 11
185 66 26
188 142 19
0 102 10
89 170 10
125 145 11
75 129 169
125 146 11
126 146 10
127 146 10
128 146 10
128 147 10
129 147 10
130 147 10
130 148 10
131 148 10
132 148 10
132 149 10
132 150 10
133 150 10
134 150 10
135 150 11
136 150 11
137 150 11
138 150 12
139 150 13
140 150 15
141 150 17
142 150 20
143 150 23
144 150 25
145 150 26
146 150 25
147 150 24
148 150 23
149 150 23
150 150 23
151 150 23
152 150 25
153 150 28
154 150 30
155 150 31
156 150 30
157 150 27
158 150 23
159 150 19
160 150 16
161 150 14
162 150 13
163 150 13
164 150 12
165 150 12
166 150 12
167 150 12
168 150 12
169 150 11
170 150 11
171 150 11
172 150 11
173 150 10
173 149 10
173 148 10
174 148 10
174 147 10
175 147 10
175 146 10
175 145 10
176 145 10
176 144 10
176 143 11
177 143 11
177 142 11
178 142 11
179 142 11
180 142 11
181 142 11
182 142 12
183 142 12
184 142 13
185 142 13
186 142 14
187 142 16
89 169 10
89 168 10
89 167 10
90 167 10
91 167 10
92 167 10
93 167 10
93 166 10
94 166 10
95 166 10
95 165 10
95 164 10
96 164 10
97 164 10
98 164 10
99 164 10
100 164 10
100 163 10
101 163 10
102 163 10
103 163 10
104 163 10
105 163 10
106 163 10
107 163 10
108 163 10
109 163 11
109 162 10
110 162 10
111 162 10
112 162 10
112 161 10
112 160 10
112 159 10
113 159 10
113 158 11
113 157 11
113 156 11
113 155 11
113 154 11
114 154 11
115 154 11
116 154 11
116 153 11
117 153 11
117 152 11
117 151 11
117 150 11
117 149 11
118 149 10
119 149 10
120 149 10
120 148 10
121 148 10
122 148 11
123 148 11
124 148 11
124 147 11
125 147 11
75 130 136
75 131 115
75 132 103
75 133 99
75 134 98
75 135 99
75 136 99
75 137 95
75 138 85
75 139 73
75 140 61
75 141 48
75 142 36
75 143 26
75 144 18
75 145 14
75 146 12
75 147 11
75 148 11
75 149 11
75 150 10
75 151 10
75 152 10
75 153 10
75 154 10
75 155 10
75 156 10
75 157 10
76 157 10
76 158 10
77 158 10
77 159 10
78 159 10
79 159 10
79 160 10
79 161 10
80 161 10
81 161 11
82 161 11
83 161 11
84 161 11
85 161 11
85 162 11
86 162 11
87 162 10
87 163 10
87 164 10
87 165 10
88 165 10
89 165 10
89 166 10
1 102 10
2 102 10
3 102 10
4 102 10
5 102 10
6 102 10
7 102 10
8 102 10
9 102 10
10 102 10
11 102 10
12 102 10
13 102 10
13 103 10
13 104 10
14 104 10
14 105 10
15 105 10
15 106 10
16 106 10
17 106 10
18 106 10
19 106 10
20 106 11
21 106 11
22 106 12
23 106 13
24 106 14
25 106 15
26 106 15
27 106 16
28 106 16
29 106 17
30 106 18
31 106 19
31 107 21
31 108 25
31 109 30
31 110 36
31 111 42
31 112 47
31 113 50
31 114 51
31 115 53
31 116 58
32 116 64
32 117 72
33 117 81
33 118 94
34 118 105
35 118 119
35 119 132
36 119 141
37 119 146
38 119 146
39 119 139
40 119 126
41 119 111
42 119 96
43 119 82
44 119 70
44 120 68
45 120 66
46 120 64
46 121 60
47 121 58
47 122 56
47 123 60
48 123 63
48 124 64
48 125 63
48 126 60
48 127 56
48 128 53
49 128 47
49 129 42
49 130 38
50 130 34
50 131 31
51 131 28
52 131 27
52 132 24
53 132 22
54 132 21
54 133 19
55 133 18
56 133 17
56 134 16
57 134 15
57 135 14
57 136 13
58 136 13
58 137 12
58 138 12
58 139 12
59 139 11
60 139 11
61 139 11
61 140 11
62 140 11
63 140 11
63 141 11
64 141 11
64 142 11
65 142 11
65 143 11
65 144 11
66 144 11
66 145 11
67 145 11
68 145 12
69 145 12
70 145 12
71 145 12
72 145 13
73 145 13
74 145 14
