89 176 932
187 194 11
105 47 12
47 155 219
177 40 18
58 37 13
193 95 20
133 73 20
183 133 31
107 102 29
17 149 30
48 155 164
49 155 120
50 155 86
51 155 62
52 155 46
53 155 35
53 156 34
53 157 33
53 158 32
53 159 31
53 160 29
53 161 27
53 162 25
53 163 23
53 164 21
53 165 19
53 166 18
53 167 17
53 168 16
53 169 16
53 170 15
53 171 16
53 172 16
53 173 17
54 173 18
54 174 19
54 175 21
54 176 23
54 177 25
55 177 26
55 178 28
55 179 30
56 179 31
56 180 32
56 181 32
56 182 32
56 183 31
56 184 29
56 185 27
56 186 24
56 187 21
56 188 19
57 188 17
57 189 15
57 190 14
57 191 13
58 191 12
58 192 12
59 192 11
60 192 11
61 192 11
61 193 11
62 193 11
63 193 12
64 193 13
65 193 15
66 193 18
67 193 23
68 193 30
69 193 39
70 193 49
71 193 59
72 193 66
73 193 68
74 193 65
75 193 58
76 193 49
77 193 40
78 193 31
79 193 25
80 193 20
81 193 16
82 193 14
83 193 12
84 193 11
85 193 11
86 193 10
87 193 10
88 193 10
89 193 10
89 192 10
89 191 11
89 190 12
89 189 15
89 188 20
89 187 30
89 186 50
89 185 87
89 184 146
89 183 230
89 182 339
89 181 467
89 180 608
89 179 743
89 178 850
89 177 915
107 103 30
107 104 30
107 105 29
107 106 28
107 107 26
107 108 23
107 109 21
107 110 19
107 111 17
106 111 16
105 111 15
105 112 14
104 112 13
104 113 13
104 114 12
103 114 12
103 115 11
103 116 11
102 116 11
102 117 11
101 117 11
100 117 11
99 117 11
98 117 11
97 117 11
96 117 12
95 117 13
94 117 14
93 117 17
92 117 20
91 117 25
90 117 33
89 117 43
88 117 56
87 117 70
86 117 85
85 117 99
84 117 109
83 117 115
82 117 115
81 117 112
80 117 106
79 117 99
78 117 94
77 117 90
76 117 88
75 117 88
75 118 105
75 119 122
75 120 141
75 121 158
75 122 173
75 123 181
75 124 182
75 125 176
75 126 164
75 127 148
75 128 131
75 129 114
75 130 101
75 131 90
75 132 82
75 133 75
75 134 69
75 135 63
75 136 57
75 137 52
74 137 48
74 138 43
74 139 41
73 139 38
73 140 37
72 140 36
72 141 36
71 141 36
71 142 36
70 142 36
69 142 36
69 143 35
68 143 34
67 143 32
66 143 30
66 144 28
65 144 26
64 144 24
64 145 22
63 145 21
63 146 19
62 146 18
62 147 17
61 147 17
61 148 16
61 149 16
61 150 16
60 150 16
59 150 16
58 150 16
58 151 16
57 151 17
57 152 17
57 153 18
57 154 19
56 154 21
56 155 22
55 155 24
54 155 28
133 74 18
133 75 17
133 76 16
133 77 16
133 78 15
132 78 15
132 79 15
132 80 15
131 80 14
130 80 14
130 81 14
129 81 14
129 82 14
129 83 14
128 83 14
128 84 13
128 85 13
127 85 13
127 86 13
126 86 14
126 87 14
125 87 14
125 88 14
124 88 15
124 89 15
123 89 16
123 90 17
123 91 17
122 91 18
121 91 20
121 92 21
120 92 23
120 93 24
119 93 25
118 93 26
117 93 27
117 94 27
116 94 27
115 94 26
114 94 26
114 95 24
113 95 23
112 95 22
111 95 22
110 95 21
109 95 21
108 95 21
108 96 21
108 97 21
108 98 22
108 99 23
108 100 25
108 101 26
108 102 27
176 40 17
175 40 17
174 40 17
173 40 18
173 41 19
172 41 20
171 41 21
171 42 22
170 42 22
169 42 23
168 42 23
168 43 24
167 43 23
166 43 23
165 43 24
165 44 24
164 44 25
163 44 27
163 45 29
163 46 33
163 47 40
163 48 48
163 49 59
163 50 73
163 51 87
163 52 103
163 53 118
163 54 135
163 55 154
163 56 175
163 57 195
163 58 212
163 59 222
163 60 226
163 61 221
163 62 210
163 63 193
163 64 172
163 65 151
162 65 145
161 65 142
160 65 141
159 65 141
158 65 139
157 65 135
156 65 128
155 65 117
154 65 103
153 65 88
152 65 74
151 65 59
150 65 46
149 65 35
148 65 27
147 65 21
146 65 17
145 65 14
144 65 12
143 65 11
142 65 11
142 66 11
142 67 11
141 67 11
140 67 11
139 67 11
138 67 11
138 68 12
138 69 12
138 70 12
138 71 13
137 71 13
136 71 14
136 72 15
136 73 15
135 73 16
134 73 17
17 148 23
17 147 19
17 146 16
17 145 15
18 145 15
18 144 14
19 144 14
20 144 14
20 143 14
20 142 14
20 141 14
21 141 14
22 141 14
23 141 14
23 140 14
23 139 15
24 139 15
25 139 14
26 139 14
27 139 15
28 139 15
29 139 15
30 139 16
31 139 17
32 139 19
33 139 22
34 139 25
35 139 31
36 139 38
37 139 49
38 139 64
38 140 83
39 140 106
40 140 133
40 141 166
41 141 199
42 141 236
42 142 275
43 142 309
44 142 344
44 143 374
45 143 392
46 143 400
47 143 394
48 143 374
49 143 341
50 143 299
50 144 252
51 144 203
52 144 158
53 144 121
54 144 92
54 145 68
55 145 51
55 146 39
56 146 31
57 146 25
57 147 21
58 147 19
58 148 17
58 149 16
106 47 11
106 48 11
106 49 12
106 50 12
107 50 12
108 50 13
109 50 13
109 51 14
110 51 16
111 51 19
112 51 24
113 51 31
114 51 42
115 51 56
116 51 73
117 51 95
118 51 118
119 51 143
120 51 170
121 51 199
122 51 229
123 51 257
124 51 282
125 51 302
126 51 318
127 51 328
128 51 332
129 51 331
130 51 324
131 51 313
131 52 295
132 52 269
133 52 243
133 53 216
134 53 186
134 54 161
135 54 135
135 55 113
136 55 94
136 56 75
136 57 61
137 57 49
137 58 38
137 59 30
138 59 25
138 60 20
138 61 17
138 62 15
138 63 13
138 64 12
138 65 12
138 66 12
192 95 21
191 95 22
190 95 23
189 95 24
188 95 25
187 95 26
186 95 27
185 95 27
184 95 27
183 95 28
182 95 30
181 95 33
180 95 36
179 95 39
178 95 43
177 95 47
176 95 52
175 95 61
174 95 73
173 95 89
172 95 108
171 95 131
171 94 158
170 94 184
169 94 218
169 93 254
168 93 299
168 92 343
168 91 402
167 91 449
167 90 506
166 90 561
166 89 601
166 88 638
166 87 667
166 86 678
166 85 668
166 84 635
166 83 581
166 82 516
166 81 447
166 80 380
166 79 317
166 78 264
166 77 220
166 76 186
166 75 161
166 74 143
165 74 128
165 73 116
165 72 109
164 72 103
164 71 99
163 71 97
163 70 96
163 69 99
163 68 106
163 67 116
163 66 132
183 132 23
183 131 18
183 130 15
183 129 13
183 128 12
183 127 12
182 127 12
182 126 12
182 125 12
182 124 13
181 124 13
180 124 14
180 123 15
179 123 17
179 122 19
178 122 22
177 122 26
177 121 30
177 120 37
177 119 48
177 118 64
177 117 87
177 116 121
177 115 165
177 114 218
177 113 274
177 112 324
177 111 357
177 110 365
177 109 346
177 108 303
177 107 246
177 106 187
177 105 135
177 104 96
177 103 69
177 102 52
177 101 41
177 100 35
177 99 32
177 98 31
177 97 32
177 96 37
58 38 12
58 39 12
58 40 12
58 41 11
57 41 11
56 41 11
55 41 11
54 41 11
53 41 12
52 41 13
51 41 14
50 41 16
49 41 18
48 41 20
47 41 21
46 41 23
45 41 23
44 41 23
43 41 22
42 41 21
41 41 20
40 41 20
40 42 19
39 42 19
39 43 18
38 43 18
38 44 18
37 44 19
37 45 20
37 46 21
37 47 22
36 47 24
36 48 26
36 49 30
35 49 34
35 50 39
35 51 46
34 51 57
34 52 68
34 53 86
33 53 109
33 54 139
32 54 181
32 55 229
31 55 293
31 56 359
30 56 437
30 57 508
29 57 573
29 58 621
28 58 646
28 59 647
27 59 620
27 60 574
26 60 507
26 61 433
25 61 355
25 62 283
24 62 217
23 62 163
22 62 120
21 62 86
20 62 60
19 62 43
18 62 31
17 62 23
17 63 18
16 63 15
15 63 13
15 64 12
15 65 11
15 66 11
14 66 10
13 66 10
12 66 10
12 67 10
12 68 10
12 69 10
11 69 11
11 70 11
11 71 12
11 72 13
11 73 15
11 74 18
11 75 23
11 76 29
11 77 38
11 78 52
11 79 71
11 80 96
11 81 129
11 82 164
11 83 198
11 84 225
11 85 240
11 86 241
11 87 229
11 88 205
11 89 176
11 90 145
11 91 117
11 92 93
11 93 74
11 94 61
11 95 51
10 95 42
10 96 36
9 96 31
8 96 27
8 97 24
7 97 22
7 98 20
6 98 19
6 99 18
6 100 18
5 100 18
5 101 18
4 101 18
4 102 18
4 103 19
4 104 19
4 105 19
3 105 19
3 106 19
3 107 18
3 108 18
2 108 17
1 108 17
1 109 16
1 110 15
0 110 15
0 111 14
0 112 13
0 113 13
0 114 13
0 115 13
0 116 13
0 117 14
0 118 15
0 119 17
0 120 20
0 121 25
0 122 33
0 123 45
0 124 60
0 125 78
0 126 98
0 127 118
0 128 136
0 129 151
0 130 164
0 131 178
0 132 194
0 133 211
1 133 226
1 134 234
1 135 241
1 136 246
2 136 242
2 137 236
2 138 230
3 138 216
3 139 200
4 139 185
4 140 165
5 140 149
5 141 131
6 141 115
7 141 100
8 141 85
9 141 72
10 141 59
11 141 49
12 141 40
13 141 32
14 141 27
15 141 23
16 141 20
17 141 18
18 141 16
19 141 15
186 194 11
186 193 11
186 192 11
186 191 12
185 191 13
185 190 14
184 190 16
183 190 19
183 189 24
182 189 31
182 188 42
181 188 59
180 188 85
179 188 120
178 188 166
177 188 219
176 188 269
175 188 309
174 188 328
173 188 323
172 188 298
171 188 260
170 188 222
169 188 192
168 188 172
168 187 149
168 186 136
167 186 120
167 185 112
166 185 101
166 184 98
165 184 92
165 183 92
164 183 90
164 182 93
163 182 96
163 181 101
162 181 109
162 180 116
162 179 129
161 179 140
161 178 156
160 178 175
160 177 196
159 177 224
158 177 264
157 177 315
156 177 375
155 177 438
154 177 496
153 177 543
152 177 576
151 177 586
150 177 569
149 177 523
148 177 453
147 177 371
146 177 287
145 177 213
144 177 155
143 177 113
142 177 85
141 177 68
140 177 58
139 177 53
138 177 53
138 176 54
137 176 56
137 175 60
136 175 66
136 174 73
135 174 80
135 173 89
134 173 95
133 173 103
133 172 106
132 172 110
132 171 110
131 171 108
131 170 104
130 170 96
129 170 90
128 170 83
127 170 77
126 170 70
125 170 62
124 170 55
123 170 48
122 170 41
121 170 36
120 170 31
119 170 27
118 170 24
117 170 22
116 170 22
115 170 23
115 171 23
114 171 24
114 172 25
114 173 26
113 173 28
113 174 30
112 174 34
112 175 37
112 176 41
112 177 47
111 177 54
111 178 61
111 179 71
111 180 82
111 181 96
110 181 113
110 182 134
110 183 165
109 183 202
109 184 251
108 184 312
108 185 380
107 185 460
107 186 535
106 186 612
106 187 664
105 187 704
105 188 709
104 188 690
104 189 643
103 189 570
102 189 488
102 190 400
101 190 312
100 190 237
99 190 176
98 190 128
97 190 93
96 190 66
95 190 46
94 190 33
93 190 24
92 190 18
91 190 15
90 190 13
