147 162 12
28 182 82
78 38 12
16 71 2049
93 135 30
94 135 26
95 135 22
96 135 19
97 135 17
98 135 16
99 135 15
100 135 14
101 135 14
102 135 15
103 135 14
104 135 14
105 135 13
106 135 12
107 135 12
108 135 11
109 135 11
110 135 11
111 135 11
111 136 11
111 137 11
111 138 11
111 139 12
111 140 12
111 141 12
111 142 13
112 142 13
112 143 14
112 144 15
112 145 16
112 146 16
112 147 16
112 148 15
113 148 14
114 148 14
115 148 13
116 148 12
116 149 12
116 150 11
116 151 11
116 152 11
117 152 11
118 152 11
119 152 11
120 152 11
121 152 11
121 153 11
122 153 11
123 153 11
124 153 11
125 153 12
126 153 12
126 154 12
126 155 12
127 155 12
128 155 12
128 156 12
128 157 12
128 158 12
128 159 12
128 160 12
129 160 11
130 160 11
130 161 11
131 161 11
132 161 11
132 162 11
133 162 11
134 162 11
135 162 12
136 162 12
137 162 12
138 162 13
139 162 13
140 162 14
141 162 15
142 162 15
143 162 14
144 162 14
145 162 13
146 162 12
29 182 63
29 181 53
30 181 44
30 180 38
30 179 36
30 178 36
30 177 38
30 176 40
30 175 43
30 174 45
30 173 46
30 172 49
30 171 52
30 170 54
30 169 54
30 168 50
30 167 43
30 166 34
30 165 27
30 164 22
30 163 18
30 162 16
30 161 14
30 160 14
30 159 13
31 159 13
32 159 13
33 159 13
34 159 13
34 158 13
35 158 13
35 157 12
35 156 12
35 155 12
36 155 11
37 155 11
38 155 11
38 154 11
38 153 10
38 152 10
38 151 10
38 150 10
39 150 10
40 150 10
40 149 10
41 149 10
42 149 10
43 149 10
44 149 10
44 148 10
44 147 10
45 147 10
46 147 10
46 146 10
47 146 10
48 146 10
48 145 10
49 145 10
49 144 10
50 144 10
51 144 10
51 143 10
51 142 10
52 142 11
53 142 11
53 141 11
54 141 12
55 141 13
56 141 15
57 141 17
57 140 20
58 140 24
59 140 31
60 140 39
61 140 47
62 140 51
63 140 51
64 140 48
65 140 44
66 140 40
67 140 36
68 140 33
69 140 30
70 140 26
70 139 24
71 139 22
72 139 21
72 138 20
73 138 19
73 137 19
74 137 20
75 137 21
76 137 23
77 137 25
78 137 27
79 137 29
80 137 31
81 137 31
82 137 31
83 137 30
84 137 29
85 137 27
86 137 26
87 137 25
88 137 25
89 137 25
90 137 26
91 137 27
92 137 26
93 137 25
93 136 27
16 72 2034
16 73 2023
16 74 2007
16 75 1970
16 76 1903
16 77 1799
16 78 1664
16 79 1506
16 80 1342
16 81 1184
16 82 1036
16 83 885
16 84 719
16 85 559
16 86 428
16 87 347
16 88 322
16 89 298
16 90 276
16 91 262
16 92 279
16 93 297
16 94 314
16 95 338
16 96 370
16 97 404
16 98 432
16 99 444
16 100 436
16 101 412
16 102 378
16 103 345
16 104 319
17 104 290
17 105 260
17 106 232
17 107 202
18 107 170
18 108 141
18 109 118
18 110 105
19 110 94
19 111 91
20 111 91
21 111 95
22 111 101
22 112 106
23 112 111
24 112 113
25 112 112
26 112 108
26 113 100
27 113 88
28 113 78
29 113 71
29 114 64
30 114 60
30 115 58
31 115 59
31 116 61
31 117 64
31 118 65
31 119 63
31 120 58
31 121 51
31 122 44
31 123 38
32 123 34
32 124 29
33 124 25
33 125 22
34 125 20
34 126 19
35 126 18
35 127 17
35 128 17
35 129 17
35 130 16
35 131 15
35 132 14
35 133 13
35 134 12
35 135 12
35 136 11
35 137 11
35 138 11
35 139 11
35 140 11
35 141 11
35 142 11
35 143 11
35 144 11
36 144 10
36 145 10
36 146 10
36 147 10
36 148 10
36 149 10
37 149 10
37 150 10
78 37 11
78 36 11
78 35 11
78 34 11
77 34 11
77 33 11
77 32 11
77 31 11
76 31 11
75 31 12
74 31 12
73 31 13
72 31 13
71 31 13
70 31 13
69 31 14
68 31 14
67 31 14
66 31 15
65 31 16
64 31 17
63 31 19
62 31 21
61 31 23
60 31 25
59 31 26
59 30 27
58 30 27
57 30 26
56 30 26
55 30 26
54 30 26
53 30 26
53 29 28
53 28 31
52 28 35
51 28 42
51 27 50
50 27 64
49 27 84
48 27 108
47 27 132
46 27 150
45 27 158
44 27 156
43 27 153
42 27 158
42 26 161
41 26 175
41 25 191
40 25 215
39 25 254
38 25 304
37 25 357
36 25 399
35 25 417
34 25 403
33 25 363
32 25 313
31 25 262
30 25 212
29 25 168
28 25 138
27 25 120
26 25 113
25 25 115
25 26 125
25 27 131
25 28 131
25 29 125
25 30 116
25 31 106
24 31 103
23 31 106
22 31 112
21 31 117
20 31 122
19 31 129
18 31 134
17 31 132
16 31 122
15 31 102
14 31 78
13 31 57
12 31 41
11 31 31
10 31 25
9 31 21
8 31 18
7 31 16
6 31 16
5 31 15
4 31 15
4 32 16
3 32 17
3 33 18
3 34 19
3 35 19
3 36 20
3 37 21
3 38 22
3 39 25
3 40 29
3 41 35
3 42 41
3 43 47
3 44 52
3 45 54
3 46 54
3 47 53
3 48 52
3 49 52
3 50 54
3 51 59
3 52 70
3 53 88
3 54 118
3 55 160
3 56 212
3 57 265
3 58 308
3 59 341
3 60 374
3 61 412
3 62 454
3 63 497
3 64 535
3 65 565
3 66 583
3 67 591
3 68 589
3 69 582
3 70 573
3 71 563
3 72 556
3 73 552
3 74 547
3 75 532
3 76 504
3 77 462
3 78 409
3 79 353
3 80 300
3 81 254
3 82 216
3 83 183
3 84 159
3 85 147
3 86 149
4 86 159
5 86 177
5 87 196
6 87 215
7 87 237
8 87 262
9 87 288
10 87 315
11 87 336
12 87 344
13 87 341
14 87 334
15 87 330
