50 187 752
60 13 16
6 148 10
119 198 32
100 119 10
143 182 10
132 134 10
151 87 400
185 102 21
5 97 10
142 182 10
141 182 10
140 182 10
139 182 10
138 182 10
137 182 10
136 182 10
135 182 10
134 182 10
133 182 10
132 182 10
131 182 10
130 182 10
130 183 10
130 184 10
130 185 10
130 186 10
130 187 10
130 188 10
130 189 10
129 189 10
129 190 10
128 190 10
128 191 10
128 192 10
128 193 10
127 193 11
126 193 11
126 194 11
126 195 11
126 196 12
126 197 12
125 197 12
124 197 13
124 198 14
123 198 15
122 198 17
121 198 20
120 198 25
132 135 10
132 136 11
132 137 11
132 138 11
132 139 11
132 140 11
132 141 12
132 142 12
132 143 12
132 144 12
132 145 12
132 146 11
132 147 11
132 148 11
132 149 10
132 150 10
132 151 10
132 152 10
132 153 10
132 154 10
132 155 10
132 156 10
132 157 10
132 158 10
132 159 10
132 160 10
132 161 10
132 162 10
132 163 10
132 164 10
132 165 10
132 166 10
132 167 10
132 168 10
132 169 10
132 170 10
132 171 10
132 172 10
132 173 10
132 174 10
132 175 10
132 176 10
132 177 10
132 178 10
132 179 10
132 180 10
132 181 10
101 119 10
102 119 10
103 119 10
104 119 10
105 119 10
106 119 10
107 119 10
108 119 10
109 119 10
110 119 10
111 119 10
112 119 10
113 119 10
114 119 10
115 119 10
116 119 10
117 119 10
118 119 10
119 119 10
120 119 10
121 119 10
122 119 10
123 119 10
124 119 10
125 119 10
125 120 10
125 121 10
125 122 10
126 122 10
126 123 10
126 124 10
126 125 10
126 126 10
126 127 10
126 128 10
126 129 10
126 130 10
127 130 10
127 131 10
128 131 10
129 131 10
130 131 10
131 131 10
131 132 10
131 133 10
131 134 10
5 98 10
5 99 10
5 100 10
5 101 10
5 102 10
5 103 10
5 104 10
5 105 10
5 106 10
5 107 10
5 108 10
5 109 10
5 110 10
5 111 10
5 112 10
5 113 10
5 114 10
5 115 10
5 116 10
5 117 10
5 118 10
5 119 10
5 120 10
5 121 10
5 122 10
5 123 10
5 124 10
5 125 10
5 126 11
5 127 11
5 128 11
5 129 11
5 130 11
5 131 11
5 132 11
5 133 11
5 134 11
5 135 11
5 136 11
5 137 12
5 138 12
5 139 12
5 140 12
5 141 12
5 142 12
5 143 11
5 144 11
5 145 11
5 146 10
5 147 10
5 148 10
184 102 21
183 102 21
182 102 20
181 102 20
180 102 19
179 102 17
178 102 15
177 102 14
176 102 13
175 102 12
174 102 11
173 102 11
172 102 11
171 102 11
170 102 11
170 103 11
169 103 12
168 103 13
167 103 14
167 104 15
166 104 17
166 105 20
166 106 24
166 107 29
166 108 34
166 109 38
166 110 39
166 111 37
166 112 35
165 112 33
164 112 32
163 112 32
162 112 34
161 112 36
160 112 39
159 112 42
158 112 44
157 112 44
156 112 43
155 112 40
154 112 37
153 112 36
152 112 36
152 113 40
151 113 44
151 114 51
150 114 57
150 115 64
149 115 71
148 115 78
147 115 82
146 115 80
145 115 72
144 115 60
143 115 46
142 115 36
141 115 29
140 115 26
139 115 24
138 115 23
137 115 23
136 115 22
135 115 21
134 115 19
133 115 16
132 115 14
131 115 12
130 115 11
129 115 11
128 115 11
127 115 11
126 115 10
126 116 10
125 116 10
125 117 10
125 118 10
151 88 307
151 89 246
152 89 200
152 90 176
152 91 167
152 92 164
152 93 157
152 94 142
152 95 121
152 96 97
152 97 77
152 98 60
152 99 50
152 100 43
152 101 41
152 102 41
152 103 44
152 104 48
152 105 50
152 106 50
152 107 48
152 108 44
152 109 40
152 110 37
152 111 35
