5 53 17
98 129 18
42 115 124
84 86 27
124 110 25
94 178 14
195 178 17
72 154 17
51 9 728
42 114 116
42 113 107
42 112 96
42 111 86
42 110 76
42 109 67
42 108 59
42 107 51
42 106 45
42 105 39
41 105 37
41 104 37
41 103 36
41 102 35
41 101 34
41 100 34
41 99 33
41 98 32
41 97 31
41 96 30
41 95 29
41 94 28
41 93 26
41 92 26
41 91 25
41 90 25
41 89 26
41 88 28
41 87 32
41 86 36
41 85 42
41 84 51
41 83 61
41 82 75
41 81 91
41 80 109
41 79 129
41 78 149
41 77 168
41 76 186
41 75 200
41 74 212
41 73 221
41 72 227
41 71 230
41 70 232
41 69 230
41 68 227
41 67 223
40 67 215
40 66 205
40 65 197
39 65 188
39 64 177
39 63 170
38 63 163
38 62 157
38 61 157
37 61 155
37 60 158
36 60 163
36 59 171
36 58 182
35 58 194
35 57 208
35 56 222
34 56 238
33 56 254
32 56 266
31 56 272
30 56 270
29 56 261
28 56 247
28 55 229
27 55 206
26 55 183
26 54 160
25 54 137
25 53 117
24 53 97
24 52 83
23 52 69
22 52 59
22 51 50
21 51 44
20 51 40
19 51 37
18 51 35
17 51 33
16 51 32
15 51 31
14 51 30
13 51 30
12 51 29
11 51 28
10 51 26
9 51 24
8 51 21
7 51 19
6 51 17
5 51 15
5 52 16
72 153 16
72 152 16
72 151 15
72 150 15
72 149 15
71 149 16
70 149 17
69 149 18
68 149 20
67 149 23
66 149 26
65 149 29
64 149 33
63 149 38
62 149 43
61 149 47
60 149 49
59 149 50
58 149 47
57 149 42
56 149 36
55 149 30
54 149 25
53 149 21
52 149 17
51 149 15
50 149 14
49 149 13
48 149 12
47 149 12
46 149 11
45 149 11
44 149 11
43 149 11
42 149 11
41 149 11
40 149 11
39 149 11
39 148 12
39 147 13
39 146 14
39 145 15
39 144 18
39 143 21
39 142 25
39 141 31
39 140 38
39 139 45
39 138 53
39 137 61
39 136 71
39 135 81
39 134 92
39 133 105
39 132 118
39 131 133
39 130 149
39 129 167
39 128 187
39 127 207
39 126 225
39 125 241
39 124 252
39 123 257
39 122 256
39 121 250
39 120 238
39 119 223
39 118 204
39 117 183
39 116 159
39 115 133
40 115 123
41 115 120
94 177 13
94 176 13
94 175 13
94 174 13
94 173 12
94 172 12
94 171 12
94 170 12
94 169 11
94 168 11
94 167 11
94 166 11
94 165 10
94 164 10
94 163 10
94 162 10
94 161 10
94 160 10
94 159 10
94 158 10
94 157 10
94 156 10
93 156 10
92 156 10
91 156 10
91 155 10
90 155 10
89 155 10
88 155 10
88 154 10
87 154 10
86 154 10
85 154 11
84 154 11
83 154 11
82 154 11
81 154 12
80 154 12
79 154 13
78 154 14
77 154 14
76 154 15
75 154 15
74 154 16
73 154 16
98 130 17
98 131 16
98 132 15
98 133 14
97 133 14
97 134 13
97 135 12
97 136 12
97 137 12
97 138 12
97 139 12
97 140 11
97 141 11
97 142 11
97 143 11
97 144 11
97 145 11
97 146 11
97 147 11
97 148 11
97 149 10
97 150 10
97 151 10
97 152 10
97 153 10
97 154 10
97 155 10
96 155 10
96 156 10
95 156 10
123 110 23
122 110 21
121 110 19
120 110 18
119 110 16
118 110 14
117 110 13
116 110 12
115 110 12
114 110 11
113 110 11
112 110 10
111 110 10
110 110 10
109 110 10
108 110 10
107 110 10
106 110 10
105 110 10
105 111 10
105 112 10
104 112 10
104 113 10
103 113 10
102 113 10
101 113 10
100 113 10
99 113 10
99 114 10
99 115 10
99 116 11
99 117 11
99 118 11
98 118 11
98 119 12
98 120 13
98 121 14
98 122 15
98 123 16
98 124 18
98 125 19
98 126 19
98 127 19
98 128 19
85 86 22
86 86 19
87 86 17
87 87 15
88 87 14
88 88 13
88 89 12
89 89 12
90 89 12
90 90 11
91 90 11
92 90 11
92 91 11
92 92 11
92 93 10
92 94 10
93 94 10
93 95 10
94 95 10
94 96 10
94 97 10
94 98 10
94 99 10
94 100 10
94 101 10
95 101 10
96 101 10
97 101 10
97 102 10
98 102 10
98 103 10
98 104 10
98 105 10
99 105 10
99 106 10
99 107 10
99 108 10
99 109 10
99 110 10
99 111 10
99 112 10
194 178 17
193 178 17
192 178 17
191 178 18
191 177 19
191 176 20
191 175 21
191 174 20
191 173 20
191 172 19
191 171 18
191 170 16
191 169 15
191 168 14
191 167 14
191 166 13
191 165 13
191 164 12
191 163 12
191 162 12
191 161 12
191 160 13
191 159 13
191 158 14
191 157 14
191 156 15
191 155 15
191 154 16
191 153 16
191 152 16
191 151 15
191 150 15
191 149 14
191 148 14
191 147 13
191 146 13
191 145 13
191 144 13
191 143 13
191 142 13
191 141 13
191 140 14
191 139 14
191 138 14
191 137 13
191 136 13
191 135 13
191 134 13
191 133 12
191 132 12
191 131 12
191 130 11
191 129 11
191 128 11
191 127 11
191 126 11
191 125 11
191 124 11
190 124 11
189 124 11
189 123 11
188 123 11
187 123 12
187 122 12
186 122 12
185 122 13
185 121 13
184 121 14
183 121 15
182 121 16
181 121 17
180 121 18
179 121 19
179 120 20
178 120 21
177 120 21
176 120 22
175 120 23
175 119 24
174 119 25
173 119 26
173 118 28
172 118 29
172 117 31
172 116 33
171 116 34
171 115 36
170 115 39
170 114 41
169 114 44
169 113 47
169 112 52
168 112 59
167 112 68
166 112 82
165 112 102
164 112 127
163 112 160
162 112 200
161 112 250
160 112 314
159 112 401
158 112 517
157 112 663
156 112 837
155 112 1025
154 112 1212
153 112 1377
152 112 1506
151 112 1588
150 112 1620
149 112 1605
148 112 1550
147 112 1463
146 112 1355
145 112 1229
144 112 1096
143 112 963
142 112 840
141 112 728
140 112 630
139 112 544
138 112 469
137 112 401
136 112 340
135 112 282
134 112 229
133 112 181
132 112 138
131 112 103
130 112 76
129 112 56
128 112 43
127 112 35
126 112 30
125 112 26
124 112 24
124 111 24
52 9 651
53 9 583
54 9 527
55 9 486
56 9 463
56 10 542
56 11 642
56 12 764
56 13 906
56 14 1059
56 15 1210
56 16 1341
56 17 1436
56 18 1481
56 19 1468
56 20 1396
56 21 1275
56 22 1122
56 23 963
56 24 818
56 25 697
56 26 605
56 27 538
56 28 494
56 29 466
56 30 451
56 31 444
56 32 438
56 33 428
56 34 410
56 35 380
56 36 339
56 37 291
56 38 242
56 39 200
56 40 165
56 41 136
56 42 111
56 43 91
56 44 76
56 45 65
56 46 58
55 46 51
54 46 47
54 47 45
53 47 44
53 48 45
52 48 47
51 48 53
50 48 61
49 48 70
48 48 81
47 48 92
46 48 103
45 48 114
44 48 126
43 48 139
42 48 153
41 48 168
40 48 184
40 49 200
39 49 216
39 50 227
39 51 235
39 52 237
39 53 234
39 54 227
39 55 220
39 56 213
38 56 204
37 56 203
36 56 210
