90 140 11
128 179 11
168 127 10
134 35 27
192 198 11
30 162 385
21 89 30
30 161 223
30 160 124
30 159 72
30 158 47
30 157 36
30 156 30
30 155 26
30 154 23
30 153 20
30 152 18
30 151 17
30 150 16
30 149 16
31 149 17
32 149 19
33 149 20
34 149 20
35 149 20
36 149 20
37 149 21
38 149 23
39 149 26
40 149 31
41 149 36
42 149 41
43 149 45
44 149 49
45 149 51
46 149 53
47 149 54
48 149 55
49 149 59
50 149 65
51 149 74
52 149 87
53 149 100
54 149 110
55 149 114
56 149 109
57 149 96
58 149 81
59 149 66
60 149 53
61 149 42
62 149 36
62 148 31
63 148 27
64 148 25
64 147 24
65 147 23
66 147 23
67 147 23
68 147 23
69 147 23
70 147 22
71 147 20
72 147 18
73 147 16
74 147 15
75 147 13
75 146 13
76 146 12
76 145 12
76 144 12
76 143 12
76 142 12
77 142 12
78 142 12
78 141 12
78 140 11
79 140 11
80 140 11
81 140 11
82 140 11
83 140 11
84 140 11
85 140 11
86 140 11
87 140 11
88 140 11
89 140 11
22 89 21
23 89 15
24 89 12
25 89 11
26 89 11
27 89 10
28 89 10
29 89 10
30 89 10
30 90 10
31 90 10
31 91 10
31 92 10
31 93 10
32 93 10
32 94 10
32 95 10
32 96 11
32 97 11
32 98 11
32 99 12
32 100 14
32 101 16
32 102 21
32 103 27
32 104 35
32 105 42
32 106 45
32 107 45
32 108 42
32 109 39
32 110 38
32 111 38
32 112 40
32 113 42
32 114 48
31 114 53
31 115 62
31 116 73
31 117 87
31 118 101
31 119 111
31 120 116
31 121 113
31 122 104
31 123 92
31 124 83
31 125 80
31 126 81
31 127 85
31 128 90
31 129 92
31 130 88
31 131 77
31 132 62
31 133 47
31 134 36
31 135 28
31 136 24
31 137 22
31 138 22
31 139 22
31 140 23
31 141 24
31 142 24
31 143 23
31 144 21
31 145 19
31 146 18
31 147 17
31 148 17
135 35 22
136 35 19
137 35 17
138 35 16
138 36 16
139 36 16
140 36 17
140 37 18
140 38 19
141 38 20
141 39 21
142 39 21
142 40 21
142 41 22
142 42 23
142 43 26
142 44 31
142 45 38
142 46 44
142 47 48
142 48 48
142 49 46
142 50 44
142 51 43
142 52 45
142 53 50
142 54 60
142 55 75
142 56 93
142 57 116
142 58 144
142 59 176
142 60 209
142 61 236
142 62 253
142 63 255
142 64 244
142 65 224
142 66 200
142 67 176
142 68 152
142 69 129
142 70 103
142 71 76
142 72 52
142 73 34
142 74 23
142 75 16
142 76 13
142 77 12
142 78 11
142 79 11
142 80 10
142 81 10
142 82 10
141 82 10
140 82 10
140 83 10
139 83 10
138 83 10
137 83 10
137 84 10
137 85 10
136 85 10
135 85 10
135 86 10
135 87 10
134 87 11
133 87 11
132 87 11
131 87 12
130 87 12
129 87 12
128 87 12
127 87 12
126 87 11
125 87 11
124 87 11
123 87 11
123 88 11
122 88 11
122 89 11
121 89 11
121 90 11
120 90 11
120 91 10
119 91 10
118 91 10
117 91 10
117 92 10
117 93 10
117 94 10
117 95 10
117 96 10
116 96 10
116 97 10
116 98 10
116 99 10
116 100 10
115 100 10
115 101 10
115 102 10
115 103 10
115 104 10
115 105 10
114 105 10
114 106 11
114 107 11
114 108 11
114 109 11
114 110 11
114 111 11
114 112 11
113 112 11
113 113 11
112 113 11
112 114 11
112 115 11
112 116 11
111 116 11
110 116 11
110 117 11
109 117 11
108 117 11
108 118 11
108 119 11
107 119 11
107 120 11
107 121 10
106 121 10
106 122 10
105 122 10
105 123 10
104 123 10
104 124 10
103 124 11
103 125 11
102 125 11
101 125 11
100 125 11
99 125 11
99 126 11
98 126 12
97 126 12
96 126 12
95 126 12
94 126 12
93 126 11
92 126 11
92 127 11
92 128 11
92 129 11
92 130 11
92 131 11
92 132 11
91 132 11
91 133 11
91 134 11
91 135 11
91 136 11
90 136 10
90 137 10
90 138 11
90 139 11
191 198 11
190 198 11
190 199 11
189 199 12
188 199 14
187 199 17
186 199 21
185 199 25
184 199 28
183 199 30
182 199 32
181 199 34
180 199 37
179 199 41
178 199 48
177 199 62
176 199 87
175 199 130
174 199 198
173 199 290
172 199 392
171 199 480
170 199 531
169 199 543
168 199 539
167 199 546
166 199 574
165 199 627
164 199 698
163 199 773
162 199 831
161 199 850
160 199 814
159 199 724
158 199 602
157 199 480
156 199 381
155 199 310
154 199 261
153 199 226
152 199 199
151 199 174
150 199 149
149 199 122
148 199 96
147 199 73
147 198 54
146 198 41
146 197 31
145 197 25
145 196 20
145 195 18
144 195 16
143 195 15
143 194 14
143 193 13
143 192 13
143 191 13
143 190 12
142 190 12
142 189 11
142 188 11
141 188 11
141 187 11
141 186 10
141 185 10
141 184 10
140 184 10
139 184 10
139 183 10
138 183 10
138 182 10
138 181 10
137 181 10
136 181 10
135 181 10
135 180 10
135 179 10
134 179 10
133 179 10
132 179 11
131 179 11
130 179 11
129 179 11
