47 73 18
22 53 11
43 138 99
92 50 30
1 18 10
57 43 14
189 63 13
112 117 10
174 92 10
117 5 10
147 123 16
86 163 21
56 43 11
56 44 11
55 44 10
55 45 10
55 46 10
55 47 10
55 48 10
54 48 10
53 48 10
53 49 10
52 49 10
51 49 10
51 50 10
51 51 10
51 52 10
51 53 10
51 54 10
51 55 10
51 56 11
50 56 11
50 57 11
50 58 13
50 59 14
50 60 17
50 61 18
50 62 19
50 63 18
50 64 17
50 65 17
50 66 16
50 67 16
49 67 15
48 67 14
47 67 14
47 68 13
47 69 13
47 70 14
47 71 15
47 72 16
85 163 16
84 163 14
84 162 13
84 161 13
84 160 12
84 159 12
84 158 12
84 157 11
84 156 11
83 156 11
83 155 10
82 155 10
81 155 10
80 155 10
79 155 10
78 155 10
77 155 10
77 154 10
77 153 10
77 152 10
76 152 10
75 152 10
74 152 10
74 151 10
74 150 10
73 150 10
73 149 10
72 149 10
72 148 10
71 148 10
71 147 10
71 146 10
70 146 11
69 146 11
68 146 12
67 146 15
66 146 19
65 146 26
64 146 37
63 146 49
62 146 59
61 146 61
60 146 56
59 146 46
58 146 36
57 146 27
56 146 23
55 146 19
54 146 16
53 146 15
52 146 14
51 146 13
50 146 13
49 146 12
48 146 12
47 146 12
46 146 12
45 146 11
44 146 12
44 145 12
44 144 14
44 143 17
44 142 23
44 141 33
44 140 47
44 139 62
44 138 77
112 118 10
112 119 10
112 120 10
112 121 10
112 122 11
112 123 12
112 124 13
112 125 16
112 126 20
112 127 24
112 128 26
112 129 29
112 130 30
112 131 29
112 132 28
112 133 27
111 133 25
111 134 24
110 134 22
109 134 20
109 135 18
108 135 16
108 136 15
107 136 14
107 137 13
107 138 13
107 139 13
107 140 12
107 141 12
107 142 12
107 143 12
106 143 12
105 143 13
104 143 13
103 143 14
102 143 14
101 143 14
100 143 14
99 143 13
98 143 12
97 143 12
96 143 11
95 143 11
94 143 11
93 143 11
92 143 10
91 143 10
90 143 10
89 143 10
89 144 10
89 145 10
88 145 10
88 146 10
87 146 10
87 147 10
86 147 10
86 148 10
86 149 10
85 149 10
85 150 10
85 151 10
85 152 10
84 152 10
84 153 10
84 154 10
83 154 10
174 91 10
174 90 10
174 89 10
174 88 10
174 87 10
173 87 10
172 87 10
171 87 11
170 87 11
169 87 11
168 87 10
167 87 10
166 87 10
165 87 10
164 87 10
163 87 10
162 87 10
161 87 10
160 87 10
159 87 10
158 87 11
157 87 11
156 87 12
155 87 13
154 87 14
153 87 15
152 87 16
151 87 17
150 87 16
149 87 15
148 87 13
147 87 12
146 87 11
145 87 10
145 88 10
145 89 10
145 90 10
145 91 10
144 91 10
144 92 10
143 92 10
142 92 10
141 92 10
141 93 10
141 94 10
141 95 10
141 96 10
141 97 10
140 97 10
139 97 10
138 97 10
138 98 10
137 98 10
136 98 10
136 99 10
135 99 10
135 100 10
135 101 10
135 102 10
134 102 10
134 103 10
133 103 10
133 104 10
133 105 10
133 106 10
132 106 10
131 106 10
131 107 10
130 107 10
129 107 10
129 108 10
128 108 10
128 109 10
128 110 10
127 110 10
127 111 10
127 112 10
126 112 10
125 112 10
124 112 10
124 113 10
123 113 10
122 113 10
121 113 10
120 113 10
119 113 10
118 113 10
117 113 10
116 113 10
115 113 10
114 113 10
114 114 10
113 114 10
113 115 10
113 116 10
113 117 10
190 63 13
190 64 15
190 65 20
190 66 29
190 67 41
190 68 58
190 69 76
190 70 88
190 71 89
190 72 78
190 73 61
190 74 44
190 75 31
190 76 23
190 77 18
190 78 15
190 79 13
190 80 12
190 81 11
190 82 11
190 83 11
189 83 11
188 83 12
187 83 12
186 83 12
186 84 12
185 84 12
185 85 12
184 85 13
183 85 13
182 85 12
181 85 12
180 85 11
179 85 11
178 85 11
178 86 10
177 86 10
176 86 10
176 87 10
175 87 10
147 122 13
147 121 12
147 120 12
147 119 13
146 119 16
145 119 21
144 119 29
144 118 40
143 118 55
142 118 74
141 118 91
140 118 99
139 118 98
138 118 91
138 117 74
137 117 58
137 116 41
136 116 30
136 115 21
135 115 17
135 114 13
134 114 12
133 114 11
132 114 11
132 113 10
131 113 10
130 113 10
129 113 10
128 113 10
127 113 10
117 6 10
117 7 10
118 7 10
118 8 10
119 8 10
119 9 10
119 10 10
119 11 10
119 12 10
119 13 10
120 13 10
120 14 10
121 14 10
121 15 10
122 15 10
122 16 10
122 17 10
123 17 10
124 17 10
125 17 10
126 17 10
126 18 10
126 19 10
126 20 10
126 21 10
126 22 10
127 22 10
128 22 10
129 22 10
130 22 10
131 22 10
131 23 10
131 24 10
132 24 10
132 25 10
132 26 10
132 27 11
132 28 12
132 29 14
132 30 21
132 31 34
132 32 55
132 33 78
132 34 95
132 35 102
132 36 101
132 37 89
132 38 74
132 39 62
132 40 55
132 41 53
132 42 57
132 43 65
132 44 74
132 45 83
133 45 92
133 46 99
134 46 103
135 46 101
136 46 92
137 46 79
137 47 64
137 48 53
137 49 42
137 50 31
137 51 23
137 52 17
137 53 14
137 54 12
137 55 11
137 56 11
137 57 11
137 58 11
137 59 11
137 60 11
137 61 12
137 62 13
137 63 14
137 64 15
137 65 15
137 66 14
137 67 13
137 68 12
137 69 12
137 70 11
137 71 11
137 72 11
137 73 11
137 74 11
137 75 11
137 76 11
137 77 10
137 78 10
137 79 10
137 80 10
137 81 10
137 82 10
137 83 10
137 84 10
138 84 10
139 84 10
140 84 10
141 84 10
142 84 10
142 85 10
142 86 10
143 86 10
143 87 10
144 87 10
1 17 10
1 16 10
1 15 11
1 14 11
1 13 12
1 12 14
1 11 15
1 10 16
1 9 16
1 8 16
2 8 16
2 7 16
3 7 16
3 6 17
3 5 19
4 5 21
5 5 25
6 5 31
7 5 39
8 5 47
9 5 52
10 5 58
10 4 65
11 4 69
12 4 70
13 4 64
14 4 51
15 4 36
16 4 24
17 4 17
18 4 14
19 4 12
20 4 11
21 4 11
22 4 11
23 4 11
24 4 11
25 4 11
26 4 12
27 4 12
28 4 13
29 4 14
30 4 15
31 4 17
32 4 19
33 4 22
33 5 30
33 6 39
33 7 50
33 8 61
33 9 70
33 10 79
33 11 88
34 11 101
34 12 105
35 12 112
35 13 105
36 13 97
37 13 84
37 14 66
38 14 49
39 14 35
40 14 25
41 14 19
41 15 15
42 15 13
42 16 12
42 17 11
43 17 11
44 17 11
45 17 11
46 17 11
47 17 11
48 17 11
48 18 11
48 19 11
49 19 11
49 20 11
50 20 10
50 21 10
50 22 10
50 23 10
50 24 10
50 25 10
50 26 10
50 27 10
50 28 10
50 29 10
50 30 10
50 31 10
50 32 10
50 33 10
50 34 10
50 35 10
50 36 10
51 36 10
52 36 10
52 37 10
52 38 10
53 38 10
53 39 10
53 40 10
53 41 10
54 41 10
54 42 10
54 43 10
54 44 10
