23 196 14
197 80 139
57 75 12
196 17 58
110 94 322
75 189 33
74 47 11
10 129 197
33 92 15
171 39 16
33 91 15
33 90 14
33 89 14
33 88 13
33 87 13
33 86 13
33 85 13
33 84 13
34 84 13
34 83 13
35 83 13
36 83 14
37 83 14
38 83 15
39 83 16
40 83 17
41 83 18
42 83 18
43 83 17
44 83 16
45 83 14
46 83 13
47 83 12
48 83 12
49 83 11
50 83 11
50 82 11
51 82 11
51 81 11
51 80 11
52 80 11
52 79 11
53 79 11
53 78 12
53 77 11
53 76 11
54 76 11
55 76 11
55 75 11
56 75 12
73 47 11
73 48 11
73 49 11
73 50 11
72 50 11
72 51 12
71 51 12
71 52 13
71 53 14
71 54 14
71 55 14
71 56 14
71 57 14
71 58 13
71 59 13
70 59 13
69 59 12
68 59 12
68 60 12
67 60 12
67 61 12
67 62 13
67 63 13
67 64 13
67 65 13
67 66 13
66 66 13
66 67 12
65 67 12
64 67 12
63 67 12
62 67 12
62 68 12
62 69 11
61 69 11
60 69 11
59 69 11
58 69 11
58 70 11
58 71 11
58 72 11
57 72 11
57 73 11
57 74 12
75 190 25
75 191 20
75 192 16
75 193 14
75 194 12
75 195 11
75 196 11
75 197 10
74 197 10
74 198 10
73 198 10
72 198 10
72 199 10
71 199 11
70 199 11
69 199 11
68 199 11
67 199 12
66 199 12
65 199 12
64 199 12
63 199 12
62 199 12
61 199 13
60 199 14
59 199 15
58 199 17
57 199 19
56 199 21
55 199 21
54 199 21
53 199 21
52 199 20
51 199 20
50 199 20
49 199 20
48 199 21
47 199 23
46 199 24
45 199 25
44 199 26
43 199 26
42 199 26
41 199 26
40 199 26
39 199 25
38 199 25
37 199 25
36 199 26
35 199 26
34 199 26
33 199 23
32 199 20
31 199 17
30 199 15
29 199 13
28 199 12
28 198 12
28 197 12
28 196 12
27 196 12
26 196 12
25 196 12
24 196 13
172 39 14
173 39 14
173 40 13
173 41 12
173 42 11
173 43 11
173 44 11
174 44 10
174 45 10
174 46 10
175 46 10
176 46 10
177 46 10
178 46 10
179 46 11
180 46 11
180 47 11
180 48 11
180 49 11
181 49 11
182 49 11
183 49 11
184 49 10
184 50 10
185 50 10
185 51 10
185 52 10
185 53 10
186 53 10
186 54 11
186 55 11
187 55 11
187 56 11
187 57 12
188 57 12
189 57 12
189 58 13
189 59 13
189 60 14
189 61 14
189 62 14
189 63 14
189 64 14
189 65 14
189 66 14
189 67 15
189 68 15
189 69 17
189 70 20
189 71 25
189 72 32
189 73 41
189 74 51
189 75 62
189 76 77
189 77 93
189 78 109
189 79 119
189 80 118
190 80 121
191 80 122
192 80 122
193 80 120
194 80 120
195 80 122
196 80 128
195 17 52
194 17 49
193 17 48
192 17 47
191 17 46
190 17 44
189 17 39
188 17 34
187 17 30
186 17 26
185 17 22
185 18 23
185 19 23
185 20 22
185 21 20
185 22 19
185 23 17
185 24 16
185 25 15
185 26 15
185 27 15
185 28 15
185 29 15
185 30 15
185 31 16
185 32 17
185 33 17
185 34 17
185 35 16
185 36 15
185 37 14
185 38 13
185 39 12
185 40 11
185 41 11
185 42 11
185 43 11
185 44 11
185 45 11
185 46 11
185 47 11
185 48 11
184 48 11
10 128 204
10 127 219
10 126 237
10 125 251
10 124 255
10 123 246
10 122 225
10 121 196
10 120 169
10 119 150
10 118 142
11 118 149
12 118 154
13 118 157
14 118 157
15 118 148
16 118 131
17 118 110
18 118 89
19 118 72
19 117 60
20 117 50
20 116 42
21 116 36
21 115 32
22 115 30
22 114 28
23 114 28
23 113 28
23 112 29
23 111 31
23 110 32
23 109 32
23 108 33
23 107 35
24 107 37
24 106 39
24 105 41
24 104 41
24 103 38
24 102 34
24 101 28
24 100 24
24 99 20
25 99 18
26 99 16
26 98 14
26 97 13
27 97 12
27 96 12
28 96 11
28 95 11
28 94 11
29 94 11
30 94 11
30 93 11
30 92 11
31 92 12
32 92 13
109 94 244
108 94 188
107 94 152
106 94 131
105 94 117
104 94 110
103 94 113
102 94 127
101 94 155
100 94 195
99 94 244
98 94 294
97 94 330
96 94 343
95 94 331
94 94 305
93 94 278
92 94 259
91 94 247
90 94 243
90 93 237
89 93 232
88 93 230
87 93 225
86 93 217
85 93 203
84 93 184
83 93 161
82 93 138
81 93 120
81 92 106
80 92 95
79 92 90
79 91 84
78 91 83
77 91 85
76 91 88
75 91 89
74 91 85
73 91 77
72 91 65
71 91 53
70 91 42
69 91 34
68 91 30
67 91 27
67 90 26
67 89 25
66 89 25
65 89 25
65 88 25
64 88 25
63 88 24
62 88 23
61 88 22
60 88 19
59 88 17
58 88 15
57 88 14
57 87 13
56 87 12
55 87 12
54 87 11
54 86 11
54 85 11
54 84 11
53 84 11
52 84 11
51 84 11
51 83 11
