133 63 10
29 177 14
25 32 48
26 32 36
27 32 30
28 32 27
29 32 25
30 32 26
31 32 27
31 33 29
31 34 30
32 34 32
32 35 32
32 36 33
32 37 33
33 37 33
34 37 36
35 37 42
36 37 52
37 37 69
38 37 94
39 37 126
40 37 163
41 37 200
42 37 228
43 37 239
44 37 229
45 37 202
46 37 164
47 37 123
48 37 87
49 37 60
50 37 42
51 37 31
52 37 25
53 37 21
54 37 19
55 37 19
56 37 19
57 37 20
58 37 22
59 37 25
60 37 28
61 37 33
62 37 37
63 37 43
64 37 51
65 37 61
66 37 75
67 37 93
68 37 115
69 37 140
70 37 164
71 37 184
72 37 193
73 37 189
74 37 170
75 37 141
76 37 106
77 37 74
78 37 49
79 37 32
80 37 22
81 37 16
82 37 13
83 37 11
84 37 11
85 37 10
86 37 10
87 37 10
88 37 10
89 37 10
90 37 10
91 37 10
92 37 10
93 37 10
94 37 10
95 37 10
96 37 10
97 37 10
98 37 10
99 37 10
99 36 10
100 36 10
101 36 10
102 36 10
103 36 11
104 36 11
105 36 11
106 36 12
107 36 12
108 36 13
109 36 13
110 36 14
111 36 14
112 36 15
113 36 16
114 36 18
115 36 21
116 36 25
117 36 32
117 37 39
118 37 48
118 38 53
118 39 59
119 39 59
119 40 59
120 40 55
120 41 51
121 41 46
121 42 41
122 42 37
122 43 33
123 43 30
123 44 28
124 44 27
124 45 25
124 46 23
124 47 22
124 48 19
124 49 17
124 50 16
124 51 14
124 52 13
124 53 12
124 54 11
125 54 11
125 55 10
126 55 10
126 56 10
126 57 10
127 57 10
127 58 10
128 58 10
128 59 10
128 60 10
129 60 10
129 61 10
129 62 10
130 62 10
130 63 10
131 63 10
132 63 10
29 176 13
29 175 13
29 174 13
29 173 14
28 173 15
28 172 16
28 171 18
28 170 21
27 170 24
26 170 28
26 169 33
25 169 38
24 169 44
24 168 51
23 168 58
23 167 65
22 167 73
22 166 81
21 166 91
21 165 99
20 165 110
20 164 118
20 163 129
20 162 141
20 161 152
20 160 159
20 159 157
20 158 146
20 157 128
20 156 106
20 155 83
20 154 61
20 153 42
20 152 29
20 151 21
20 150 16
20 149 14
20 148 12
20 147 12
20 146 11
19 146 11
18 146 11
17 146 11
17 145 11
17 144 12
16 144 12
15 144 12
15 143 12
15 142 13
15 141 14
15 140 16
15 139 18
15 138 20
15 137 21
15 136 22
15 135 21
15 134 19
15 133 17
15 132 15
15 131 13
15 130 12
15 129 11
15 128 11
15 127 11
15 126 10
15 125 10
15 124 10
15 123 10
15 122 10
15 121 10
16 121 10
17 121 10
18 121 10
18 120 10
19 120 10
19 119 10
20 119 10
20 118 10
21 118 10
21 117 10
22 117 10
23 117 10
24 117 10
24 116 10
24 115 10
24 114 10
25 114 10
26 114 10
26 113 10
27 113 10
27 112 10
28 112 11
29 112 11
30 112 12
31 112 12
32 112 13
33 112 13
34 112 12
35 112 12
36 112 11
37 112 11
38 112 10
39 112 10
40 112 10
41 112 10
42 112 10
43 112 10
44 112 10
45 112 10
46 112 10
47 112 10
48 112 10
49 112 10
49 111 10
50 111 10
51 111 10
52 111 11
53 111 12
54 111 14
55 111 16
56 111 19
57 111 22
58 111 24
59 111 24
60 111 23
61 111 21
62 111 19
63 111 17
64 111 15
65 111 13
66 111 12
67 111 11
68 111 11
69 111 10
70 111 10
71 111 10
72 111 10
73 111 10
74 111 10
75 111 10
76 111 10
77 111 10
78 111 10
79 111 10
80 111 10
81 111 10
82 111 10
83 111 10
84 111 11
85 111 11
86 111 11
87 111 11
88 111 11
89 111 11
90 111 11
91 111 10
92 111 10
93 111 10
94 111 10
95 111 10
96 111 10
97 111 10
98 111 10
99 111 10
99 110 10
99 109 10
99 108 10
99 107 10
100 107 10
100 106 11
100 105 11
100 104 12
100 103 13
100 102 14
100 101 16
100 100 18
100 99 20
100 98 24
100 97 29
100 96 35
100 95 43
100 94 50
100 93 56
100 92 57
100 91 56
100 90 52
100 89 45
100 88 38
100 87 30
100 86 24
100 85 19
100 84 15
100 83 13
100 82 12
100 81 11
100 80 11
100 79 10
100 78 10
100 77 10
100 76 10
100 75 10
100 74 10
99 74 10
99 73 10
98 73 10
97 73 10
97 72 10
96 72 10
95 72 10
94 72 10
94 71 10
94 70 11
94 69 11
94 68 13
94 67 16
94 66 22
94 65 32
94 64 47
94 63 67
94 62 88
94 61 105
94 60 115
94 59 114
94 58 100
94 57 80
94 56 59
94 55 42
94 54 29
94 53 22
94 52 17
94 51 14
94 50 13
94 49 12
94 48 11
94 47 11
94 46 10
94 45 10
94 44 10
94 43 10
94 42 10
94 41 10
94 40 10
94 39 10
94 38 10
