174 109 10
79 132 13
158 5 11
84 47 350
143 132 12
34 41 21
95 161 1084
10 172 25
197 93 11
168 178 32
10 91 19
196 93 11
195 93 11
194 93 11
193 93 10
192 93 10
191 93 10
190 93 10
189 93 10
188 93 10
187 93 10
186 93 10
185 93 10
185 94 10
184 94 10
183 94 10
182 94 10
182 95 10
181 95 10
180 95 10
180 96 11
180 97 11
180 98 11
180 99 11
180 100 11
180 101 11
180 102 11
180 103 11
180 104 11
180 105 11
180 106 11
179 106 10
178 106 10
177 106 10
176 106 10
175 106 10
174 106 10
174 107 10
174 108 10
144 132 12
145 132 12
146 132 11
147 132 11
148 132 11
149 132 11
150 132 11
151 132 11
151 131 11
152 131 11
153 131 11
153 130 11
154 130 11
155 130 11
156 130 11
157 130 11
157 129 11
157 128 11
158 128 11
158 127 11
158 126 11
159 126 11
160 126 11
161 126 11
162 126 11
162 125 11
163 125 11
164 125 11
164 124 11
164 123 11
164 122 10
164 121 10
165 121 10
165 120 10
165 119 10
166 119 10
166 118 11
166 117 11
166 116 11
167 116 11
167 115 11
168 115 11
169 115 11
170 115 11
170 114 11
171 114 11
172 114 11
172 113 11
173 113 11
173 112 10
173 111 10
173 110 10
174 110 10
10 92 20
10 93 22
10 94 23
10 95 24
10 96 24
10 97 24
10 98 24
10 99 24
10 100 25
10 101 25
10 102 26
10 103 27
10 104 28
10 105 29
10 106 30
11 106 32
11 107 34
12 107 37
12 108 40
13 108 44
13 109 48
14 109 53
14 110 60
15 110 66
15 111 77
16 111 86
17 111 101
17 112 115
18 112 135
18 113 157
19 113 181
20 113 210
21 113 242
22 113 272
23 113 293
24 113 302
25 113 295
26 113 273
27 113 242
28 113 208
29 113 177
30 113 152
31 113 133
32 113 119
33 113 109
34 113 100
35 113 93
36 113 85
37 113 77
38 113 67
39 113 57
40 113 46
41 113 37
42 113 29
43 113 24
44 113 20
45 113 18
46 113 16
47 113 15
47 114 14
47 115 14
48 115 14
49 115 13
49 116 14
50 116 13
51 116 14
51 117 14
51 118 14
51 119 14
52 119 14
53 119 15
54 119 15
54 120 15
54 121 15
55 121 16
56 121 16
57 121 16
57 122 15
58 122 15
59 122 15
60 122 14
60 123 13
61 123 13
62 123 12
63 123 12
64 123 12
64 124 11
65 124 11
66 124 11
67 124 11
68 124 11
69 124 11
70 124 11
71 124 11
72 124 11
73 124 11
73 125 11
74 125 11
75 125 11
76 125 11
77 125 11
78 125 11
78 126 11
79 126 11
79 127 11
79 128 11
79 129 11
79 130 12
79 131 12
168 177 31
168 176 33
167 176 33
166 176 34
165 176 35
165 175 35
164 175 35
163 175 35
162 175 35
161 175 35
161 174 34
160 174 35
160 173 37
159 173 39
159 172 44
158 172 49
158 171 58
157 171 69
157 170 84
157 169 105
156 169 129
156 168 158
156 167 191
156 166 224
156 165 254
156 164 277
156 163 291
156 162 297
156 161 296
156 160 290
156 159 277
156 158 259
156 157 240
156 156 221
156 155 206
156 154 194
156 153 186
156 152 181
156 151 176
156 150 169
156 149 159
156 148 145
156 147 128
156 146 109
156 145 92
156 144 76
156 143 60
156 142 45
156 141 34
156 140 25
156 139 20
156 138 16
156 137 14
156 136 13
156 135 12
156 134 11
156 133 11
156 132 11
156 131 11
157 5 10
156 5 10
156 6 10
156 7 10
156 8 10
155 8 10
155 9 10
154 9 10
153 9 10
152 9 10
152 10 10
152 11 10
152 12 10
152 13 10
151 13 10
151 14 10
150 14 10
149 14 10
148 14 10
148 15 10
147 15 10
146 15 10
146 16 10
146 17 10
146 18 10
145 18 10
144 18 10
144 19 10
143 19 10
142 19 10
141 19 10
141 20 10
141 21 10
141 22 10
141 23 10
141 24 10
141 25 10
141 26 10
141 27 10
141 28 10
141 29 10
141 30 10
141 31 10
141 32 10
141 33 10
141 34 10
140 34 10
139 34 10
139 35 10
138 35 10
138 36 11
138 37 11
138 38 12
138 39 12
138 40 13
138 41 14
138 42 15
138 43 16
138 44 18
138 45 19
138 46 21
138 47 22
138 48 24
138 49 27
138 50 30
138 51 36
139 51 44
139 52 52
140 52 61
140 53 70
141 53 81
141 54 91
142 54 103
142 55 112
142 56 124
143 56 135
143 57 145
143 58 154
143 59 165
143 60 176
143 61 187
143 62 195
143 63 195
143 64 186
143 65 169
143 66 146
143 67 120
143 68 97
143 69 78
143 70 64
143 71 54
144 71 46
144 72 40
144 73 35
144 74 31
144 75 28
145 75 25
145 76 23
145 77 22
146 77 21
147 77 21
147 78 21
148 78 22
149 78 24
149 79 26
150 79 30
151 79 35
151 80 42
152 80 51
153 80 63
154 80 75
155 80 86
156 80 94
157 80 99
158 80 101
159 80 101
160 80 99
161 80 96
162 80 92
163 80 87
164 80 83
164 81 79
165 81 76
165 82 74
166 82 72
167 82 72
167 83 70
168 83 69
169 83 67
170 83 64
171 83 58
172 83 50
173 83 41
174 83 31
175 83 24
176 83 18
177 83 15
178 83 13
179 83 12
179 84 11
179 85 11
179 86 10
179 87 10
179 88 10
179 89 10
179 90 10
179 91 10
179 92 10
179 93 10
179 94 10
180 94 10
84 48 277
84 49 208
84 50 148
84 51 101
84 52 67
84 53 46
84 54 33
84 55 25
85 55 22
86 55 20
87 55 18
88 55 17
89 55 16
90 55 15
91 55 14
92 55 14
93 55 13
94 55 13
95 55 12
96 55 11
97 55 11
98 55 11
99 55 10
100 55 10
101 55 10
102 55 10
103 55 10
104 55 10
105 55 10
105 54 10
106 54 10
107 54 10
107 53 10
108 53 10
108 52 10
109 52 10
110 52 10
111 52 10
112 52 11
113 52 11
114 52 11
114 51 11
115 51 11
116 51 11
116 50 11
117 50 11
118 50 11
119 50 11
120 50 11
120 49 11
120 48 10
121 48 10
122 48 10
123 48 10
124 48 10
125 48 10
126 48 10
127 48 10
128 48 10
129 48 10
130 48 11
131 48 11
132 48 11
133 48 12
134 48 13
135 48 14
136 48 16
137 48 20
35 41 16
36 41 13
37 41 12
38 41 11
39 41 11
40 41 11
41 41 11
42 41 10
43 41 10
44 41 10
45 41 10
46 41 10
47 41 10
48 41 10
49 41 10
50 41 10
50 42 10
50 43 10
51 43 10
51 44 10
52 44 10
53 44 10
54 44 10
54 45 10
55 45 10
56 45 10
57 45 11
57 46 11
57 47 11
57 48 12
57 49 13
57 50 13
57 51 14
57 52 15
57 53 15
57 54 16
58 54 17
58 55 18
59 55 20
60 55 21
61 55 22
62 55 24
62 56 25
62 57 27
63 57 29
64 57 33
65 57 38
66 57 46
67 57 57
68 57 72
69 57 89
70 57 108
71 57 125
72 57 137
73 57 144
74 57 144
75 57 135
76 57 118
77 57 97
78 57 75
79 57 57
80 57 44
81 57 34
82 57 27
83 57 22
84 57 19
84 56 21
10 171 23
10 170 22
10 169 23
10 168 24
11 168 25
12 168 26
12 167 27
13 167 27
14 167 27
15 167 26
16 167 24
17 167 21
18 167 19
19 167 17
19 166 16
19 165 15
20 165 14
20 164 14
20 163 14
20 162 14
21 162 13
21 161 13
21 160 14
22 160 14
22 159 14
22 158 14
23 158 15
23 157 16
23 156 16
23 155 17
24 155 18
25 155 19
26 155 19
26 154 20
27 154 19
28 154 19
28 153 19
29 153 19
29 152 18
30 152 18
30 151 18
30 150 19
30 149 20
30 148 24
30 147 31
30 146 41
30 145 57
30 144 82
30 143 122
30 142 180
30 141 258
30 140 350
30 139 443
30 138 521
30 137 572
30 136 591
30 135 581
30 134 551
30 133 510
30 132 467
30 131 423
30 130 380
30 129 343
30 128 314
30 127 293
30 126 278
30 125 268
30 124 261
30 123 254
30 122 246
30 121 236
30 120 223
30 119 206
30 118 188
30 117 170
30 116 155
30 115 146
30 114 145
95 162 999
95 163 897
95 164 777
95 165 649
95 166 522
95 167 407
95 168 309
95 169 231
95 170 173
95 171 131
95 172 102
95 173 81
94 173 67
94 174 53
94 175 45
94 176 39
94 177 34
94 178 31
94 179 29
94 180 28
94 181 27
94 182 28
94 183 30
94 184 34
94 185 39
94 186 48
94 187 60
95 187 77
95 188 96
96 188 122
97 188 151
98 188 182
99 188 210
100 188 231
101 188 244
102 188 249
103 188 250
104 188 243
105 188 229
106 188 211
107 188 193
107 189 176
108 189 160
109 189 149
110 189 143
111 189 141
112 189 142
113 189 144
114 189 144
115 189 141
116 189 133
117 189 122
118 189 110
119 189 96
120 189 82
121 189 69
122 189 57
123 189 47
124 189 40
125 189 35
126 189 32
127 189 31
128 189 31
129 189 34
130 189 39
130 188 47
130 187 55
130 186 64
130 185 73
131 185 80
131 184 86
131 183 92
132 183 96
132 182 101
133 182 102
134 182 103
135 182 103
135 181 99
136 181 95
137 181 92
137 180 89
138 180 86
139 180 87
140 180 91
141 180 100
142 180 112
143 180 128
144 180 147
145 180 166
146 180 182
147 180 196
148 180 205
149 180 209
150 180 206
151 180 198
152 180 185
153 180 170
154 180 153
155 180 137
155 179 122
156 179 104
156 178 89
157 178 74
158 178 63
158 177 54
159 177 47
159 176 42
160 176 38
160 175 36
