186 89 12
169 1 10
39 38 10
54 168 314
39 39 10
39 40 10
40 40 10
40 41 10
41 41 10
42 41 10
43 41 10
44 41 10
44 42 10
45 42 10
45 43 10
45 44 10
45 45 10
45 46 10
45 47 10
45 48 10
46 48 10
46 49 10
47 49 10
48 49 10
49 49 10
50 49 10
51 49 10
52 49 10
53 49 11
53 50 11
54 50 13
55 50 16
56 50 22
57 50 38
58 50 69
59 50 122
60 50 197
61 50 281
62 50 351
63 50 390
64 50 389
65 50 354
66 50 299
67 50 244
68 50 198
69 50 166
69 51 143
70 51 122
70 52 109
71 52 94
72 52 86
73 52 79
74 52 72
75 52 62
76 52 51
77 52 40
78 52 29
79 52 19
80 52 14
81 52 11
82 52 10
83 52 10
84 52 10
85 52 10
86 52 10
87 52 10
88 52 10
89 52 10
90 52 10
91 52 10
92 52 10
93 52 10
94 52 10
95 52 10
96 52 10
97 52 10
97 51 10
97 50 10
98 50 10
98 49 10
99 49 10
100 49 10
100 48 10
100 47 10
101 47 10
101 46 10
102 46 10
102 45 10
103 45 11
104 45 11
105 45 11
105 44 11
106 44 12
107 44 13
108 44 14
109 44 16
110 44 16
111 44 17
112 44 16
113 44 15
114 44 14
115 44 13
116 44 12
117 44 11
118 44 11
119 44 11
120 44 11
120 43 11
120 42 11
120 41 11
121 41 11
122 41 11
122 40 11
122 39 12
122 38 13
123 38 14
123 37 16
124 37 20
125 37 26
126 37 37
127 37 51
128 37 70
129 37 87
130 37 96
131 37 96
132 37 88
133 37 76
134 37 65
135 37 56
136 37 50
137 37 46
138 37 44
139 37 43
140 37 42
141 37 41
141 36 38
142 36 36
142 35 35
143 35 32
144 35 30
144 34 28
144 33 25
144 32 22
145 32 19
145 31 16
145 30 14
145 29 13
145 28 12
145 27 11
145 26 11
146 26 10
146 25 10
146 24 10
147 24 10
147 23 10
147 22 10
148 22 10
149 22 10
149 21 10
150 21 10
151 21 10
152 21 10
153 21 10
154 21 10
155 21 10
156 21 10
156 20 10
157 20 10
157 19 10
157 18 10
158 18 10
159 18 10
159 17 10
160 17 10
160 16 10
161 16 10
161 15 10
161 14 10
161 13 10
161 12 10
161 11 10
161 10 10
161 9 10
161 8 10
161 7 10
161 6 10
162 6 10
163 6 10
163 5 10
164 5 10
165 5 10
166 5 10
167 5 10
168 5 10
168 4 10
168 3 10
169 3 10
169 2 10
53 168 198
52 168 118
51 168 69
50 168 41
49 168 25
48 168 16
47 168 12
46 168 11
45 168 10
45 167 10
45 166 10
44 166 10
44 165 10
44 164 10
43 164 10
43 163 10
43 162 11
43 161 12
43 160 13
43 159 16
43 158 20
43 157 26
43 156 33
43 155 40
43 154 46
43 153 47
43 152 43
43 151 36
43 150 28
43 149 21
43 148 17
43 147 14
43 146 13
43 145 12
44 145 11
44 144 11
45 144 11
45 143 11
46 143 11
46 142 11
47 142 11
47 141 11
48 141 11
49 141 13
50 141 16
51 141 22
52 141 32
53 141 46
54 141 62
55 141 75
56 141 82
57 141 80
58 141 71
59 141 60
60 141 49
61 141 39
62 141 31
63 141 26
64 141 22
65 141 19
66 141 16
67 141 14
67 142 13
68 142 12
69 142 11
70 142 11
70 143 10
71 143 10
72 143 10
72 144 10
73 144 10
74 144 10
74 145 10
75 145 10
76 145 10
76 146 10
76 147 10
77 147 10
77 148 10
77 149 10
77 150 11
77 151 11
77 152 11
78 152 11
78 153 11
78 154 11
79 154 11
80 154 11
80 155 11
81 155 11
81 156 11
82 156 12
83 156 13
84 156 15
85 156 18
86 156 22
87 156 29
88 156 37
89 156 46
90 156 56
91 156 69
92 156 84
93 156 98
94 156 109
95 156 114
96 156 108
97 156 93
98 156 72
99 156 50
100 156 33
101 156 22
102 156 16
103 156 13
103 155 12
103 154 12
104 154 11
104 153 11
105 153 11
105 152 11
105 151 12
105 150 13
105 149 17
105 148 23
105 147 35
105 146 54
105 145 79
105 144 108
105 143 136
105 142 154
105 141 156
105 140 143
105 139 119
105 138 91
105 137 66
105 136 48
105 135 35
105 134 28
105 133 24
105 132 22
105 131 21
106 131 21
106 130 21
107 130 20
108 130 19
109 130 18
109 129 17
109 128 17
109 127 18
109 126 19
109 125 21
109 124 23
109 123 25
109 122 28
109 121 31
109 120 35
109 119 38
109 118 39
109 117 39
109 116 38
109 115 35
109 114 33
109 113 30
109 112 28
109 111 25
109 110 23
109 109 21
109 108 19
109 107 18
109 106 17
109 105 16
109 104 17
109 103 18
109 102 19
109 101 21
109 100 23
109 99 25
109 98 26
110 98 25
110 97 23
110 96 21
110 95 19
110 94 17
110 93 15
110 92 14
110 91 13
110 90 12
110 89 11
110 88 11
110 87 11
110 86 11
110 85 11
110 84 11
110 83 11
110 82 11
110 81 11
110 80 11
110 79 11
109 79 12
108 79 12
107 79 13
106 79 13
105 79 14
104 79 15
103 79 16
102 79 18
101 79 21
100 79 23
99 79 25
98 79 27
97 79 28
96 79 28
95 79 28
94 79 28
93 79 27
92 79 26
91 79 25
90 79 23
89 79 20
88 79 18
88 78 16
88 77 16
88 76 16
88 75 16
88 74 16
88 73 16
88 72 16
88 71 15
88 70 14
88 69 13
88 68 12
88 67 12
88 66 11
88 65 11
88 64 11
88 63 11
88 62 11
88 61 10
88 60 10
88 59 10
88 58 10
88 57 10
88 56 10
88 55 10
88 54 10
88 53 10
