160 145 11
102 101 18
137 98 20
120 52 52
22 42 12
87 152 10
0 23 11
29 88 10
189 86 12
157 0 11
50 139 15
86 152 10
85 152 10
85 151 10
85 150 10
84 150 10
84 149 10
84 148 10
83 148 10
83 147 10
83 146 10
83 145 10
83 144 11
83 143 11
83 142 11
83 141 12
83 140 13
83 139 15
83 138 17
83 137 21
83 136 24
83 135 25
83 134 23
83 133 20
83 132 16
83 131 13
83 130 12
83 129 11
83 128 11
83 127 10
84 127 10
85 127 10
86 127 10
86 126 10
87 126 10
87 125 10
87 124 10
87 123 10
87 122 10
87 121 10
87 120 10
87 119 10
88 119 10
88 118 10
89 118 10
90 118 10
90 117 10
91 117 10
92 117 10
92 116 10
92 115 10
92 114 10
93 114 10
93 113 10
93 112 10
93 111 10
94 111 10
94 110 10
94 109 10
94 108 10
94 107 10
94 106 10
94 105 10
95 105 10
95 104 10
96 104 10
97 104 10
97 103 10
98 103 10
98 102 11
98 101 11
99 101 11
100 101 12
101 101 14
49 139 12
48 139 11
48 138 11
48 137 12
48 136 12
48 135 13
48 134 14
48 133 14
48 132 14
48 131 15
48 130 15
48 129 16
48 128 16
48 127 17
48 126 17
48 125 17
48 124 18
49 124 20
49 123 22
50 123 24
50 122 28
51 122 35
51 121 42
52 121 55
52 120 66
52 119 84
53 119 97
53 118 115
54 118 122
55 118 130
55 117 123
56 117 111
57 117 94
58 117 74
59 117 54
60 117 39
61 117 28
62 117 20
63 117 16
64 117 13
65 117 12
66 117 11
67 117 11
68 117 11
69 117 11
70 117 11
71 117 11
72 117 11
73 117 11
74 117 11
75 117 11
76 117 10
77 117 10
78 117 10
79 117 10
80 117 10
81 117 10
82 117 10
83 117 10
84 117 10
84 118 10
84 119 10
85 119 10
86 119 10
189 87 13
188 87 15
187 87 16
186 87 18
185 87 20
184 87 22
183 87 24
182 87 26
181 87 26
180 87 26
179 87 25
178 87 23
177 87 21
176 87 20
175 87 18
174 87 17
173 87 15
172 87 14
171 87 14
170 87 13
169 87 13
168 87 13
167 87 14
166 87 15
166 88 16
166 89 18
165 89 20
164 89 23
164 90 26
163 90 29
162 90 31
161 90 35
160 90 39
159 90 45
158 90 54
157 90 67
156 90 83
155 90 102
154 90 120
153 90 134
152 90 144
151 90 147
150 90 143
149 90 133
148 90 121
147 90 110
146 90 101
146 91 89
146 92 78
145 92 66
145 93 54
145 94 44
144 94 36
144 95 29
144 96 25
143 96 22
143 97 20
142 97 19
142 98 18
141 98 18
140 98 18
139 98 19
138 98 20
121 52 30
122 52 18
123 52 13
124 52 11
125 52 11
126 52 10
127 52 10
128 52 10
129 52 10
130 52 10
131 52 10
132 52 10
133 52 10
134 52 10
135 52 10
136 52 10
137 52 10
138 52 10
139 52 10
140 52 10
141 52 10
142 52 10
142 53 10
142 54 10
142 55 10
142 56 10
142 57 10
142 58 10
142 59 10
143 59 10
144 59 10
145 59 10
146 59 10
147 59 10
147 60 10
147 61 10
147 62 10
148 62 10
149 62 10
149 63 11
149 64 11
149 65 12
149 66 12
149 67 12
149 68 13
149 69 13
149 70 14
149 71 15
149 72 16
150 72 17
150 73 18
151 73 19
151 74 19
151 75 20
151 76 21
151 77 23
151 78 28
151 79 35
151 80 46
151 81 59
151 82 74
151 83 90
151 84 106
151 85 118
151 86 126
151 87 130
151 88 133
151 89 138
30 88 10
31 88 10
32 88 10
33 88 10
33 89 10
34 89 11
35 89 11
36 89 13
37 89 16
38 89 22
39 89 33
40 89 53
41 89 81
42 89 113
43 89 139
44 89 151
45 89 149
46 89 139
47 89 127
48 89 115
49 89 102
50 89 94
51 89 92
52 89 96
53 89 105
54 89 117
55 89 129
56 89 137
57 89 135
58 89 123
59 89 104
60 89 87
61 89 73
62 89 62
62 90 57
62 91 49
62 92 39
62 93 29
62 94 22
62 95 17
62 96 14
62 97 12
62 98 12
62 99 11
62 100 11
62 101 11
62 102 11
62 103 11
62 104 11
62 105 11
62 106 11
62 107 11
62 108 11
62 109 11
62 110 11
62 111 11
62 112 11
62 113 11
62 114 12
62 115 13
62 116 15
23 42 11
24 42 10
25 42 10
25 43 10
25 44 10
26 44 10
26 45 10
26 46 10
27 46 10
27 47 10
27 48 11
27 49 11
27 50 13
27 51 16
27 52 22
27 53 29
27 54 37
27 55 45
27 56 51
27 57 57
27 58 64
26 58 70
26 59 72
26 60 70
26 61 66
26 62 61
25 62 55
25 63 49
24 63 42
23 63 35
22 63 28
22 64 22
21 64 18
21 65 15
21 66 14
21 67 14
21 68 14
21 69 15
21 70 15
21 71 15
21 72 15
21 73 15
21 74 15
21 75 14
21 76 13
21 77 13
21 78 12
22 78 12
22 79 12
22 80 11
22 81 11
22 82 11
22 83 11
22 84 11
22 85 11
22 86 11
23 86 11
23 87 10
24 87 10
25 87 10
26 87 10
27 87 10
28 87 10
29 87 10
1 23 12
2 23 12
3 23 12
4 23 12
5 23 12
6 23 11
7 23 11
8 23 11
9 23 10
10 23 10
11 23 10
12 23 10
12 24 10
12 25 10
13 25 10
14 25 10
15 25 10
15 26 10
15 27 10
15 28 10
15 29 10
15 30 10
16 30 10
17 30 10
17 31 10
17 32 10
18 32 10
19 32 10
19 33 10
20 33 10
21 33 10
21 34 10
22 34 10
22 35 10
22 36 11
22 37 11
22 38 11
22 39 11
22 40 11
22 41 12
156 0 11
155 0 10
154 0 10
153 0 10
152 0 10
151 0 10
150 0 10
149 0 10
148 0 10
147 0 10
146 0 10
145 0 10
144 0 10
143 0 10
142 0 10
141 0 10
140 0 10
139 0 11
138 0 11
137 0 13
136 0 16
135 0 22
134 0 31
133 0 44
132 0 57
131 0 69
130 0 79
129 0 86
128 0 87
127 0 83
126 0 78
125 0 73
124 0 72
123 0 74
122 0 78
121 0 83
120 0 84
119 0 81
118 0 74
117 0 68
116 0 64
115 0 60
114 0 55
113 0 48
112 0 40
111 0 31
110 0 25
109 0 20
108 0 18
107 0 17
106 0 16
105 0 16
104 0 16
103 0 17
102 0 18
101 0 21
100 0 28
99 0 40
98 0 62
97 0 97
96 0 142
95 0 191
94 0 240
93 0 274
92 0 281
91 0 259
90 0 218
89 0 172
88 0 132
87 0 103
86 0 84
85 0 74
84 0 71
84 1 74
84 2 75
84 3 70
84 4 61
84 5 49
84 6 38
84 7 30
84 8 24
83 8 20
82 8 17
82 9 15
81 9 14
80 9 13
79 9 12
79 10 11
79 11 11
79 12 11
78 12 10
78 13 10
78 14 10
77 14 10
77 15 10
77 16 10
77 17 10
76 17 10
75 17 10
74 17 10
73 17 10
73 18 10
72 18 10
71 18 10
71 19 10
71 20 10
70 20 10
70 21 10
70 22 10
70 23 10
69 23 10
68 23 10
67 23 10
67 24 10
66 24 10
65 24 10
64 24 11
63 24 11
62 24 11
62 25 11
61 25 12
61 26 12
60 26 13
59 26 14
59 27 15
59 28 18
59 29 21
59 30 26
59 31 33
59 32 40
59 33 44
59 34 46
59 35 46
59 36 46
59 37 45
58 37 44
58 38 41
58 39 40
57 39 40
57 40 39
57 41 41
56 41 40
56 42 40
55 42 39
55 43 37
54 43 35
54 44 30
53 44 27
53 45 22
53 46 19
52 46 16
51 46 15
50 46 14
49 46 13
48 46 12
47 46 12
46 46 11
45 46 11
44 46 11
43 46 10
42 46 10
41 46 10
40 46 10
39 46 10
38 46 10
37 46 10
36 46 10
35 46 10
34 46 10
33 46 10
32 46 10
31 46 10
30 46 10
29 46 10
28 46 10
