7 2 11
20 98 76
110 85 15
63 158 20
120 34 56
168 195 31
2 34 105
32 13 127
96 133 530
70 38 44
99 59 13
146 65 13
100 59 13
101 59 13
101 60 13
102 60 13
103 60 13
104 60 12
104 61 12
105 61 11
106 61 11
106 62 11
107 62 10
107 63 10
107 64 10
107 65 10
107 66 10
107 67 10
107 68 11
107 69 11
107 70 11
107 71 11
107 72 11
107 73 12
107 74 12
107 75 11
107 76 11
108 76 11
108 77 11
109 77 11
110 77 11
110 78 11
110 79 11
110 80 11
110 81 12
110 82 12
110 83 13
110 84 14
145 65 13
144 65 13
143 65 13
142 65 13
141 65 13
140 65 13
139 65 12
138 65 12
137 65 12
136 65 11
135 65 11
134 65 10
133 65 10
132 65 10
131 65 10
130 65 10
129 65 10
128 65 10
127 65 10
126 65 10
125 65 10
124 65 10
123 65 10
122 65 11
121 65 11
120 65 11
119 65 11
118 65 11
117 65 11
116 65 11
115 65 11
114 65 11
113 65 11
112 65 11
111 65 10
110 65 10
109 65 10
108 65 10
120 35 42
120 36 34
120 37 30
120 38 27
120 39 25
120 40 23
120 41 21
120 42 19
120 43 18
120 44 16
120 45 15
120 46 14
120 47 13
120 48 12
120 49 12
120 50 11
120 51 11
120 52 11
120 53 11
120 54 11
120 55 11
120 56 11
120 57 11
120 58 11
120 59 11
120 60 11
120 61 11
120 62 11
120 63 11
120 64 11
71 38 36
72 38 31
73 38 28
74 38 25
75 38 24
76 38 24
76 39 24
76 40 24
76 41 24
76 42 24
76 43 24
76 44 23
76 45 21
76 46 19
76 47 18
76 48 16
76 49 15
76 50 15
76 51 14
77 51 14
77 52 14
78 52 14
79 52 15
80 52 15
81 52 16
82 52 16
83 52 17
84 52 16
85 52 16
86 52 15
87 52 15
88 52 14
89 52 14
90 52 13
91 52 13
92 52 13
92 53 13
92 54 12
92 55 12
93 55 12
94 55 12
94 56 12
95 56 12
96 56 12
96 57 12
97 57 12
97 58 12
97 59 12
98 59 13
1 34 78
0 34 58
0 33 47
0 32 40
0 31 36
0 30 34
0 29 33
0 28 33
0 27 33
0 26 34
0 25 35
0 24 35
0 23 34
0 22 31
0 21 27
0 20 23
0 19 19
0 18 17
0 17 15
0 16 13
0 15 13
0 14 12
0 13 11
0 12 11
0 11 10
0 10 10
0 9 10
0 8 10
0 7 10
1 7 10
2 7 10
3 7 10
3 6 10
3 5 10
3 4 10
3 3 10
4 3 10
5 3 11
5 2 11
6 2 11
32 12 103
32 11 80
32 10 60
32 9 46
32 8 36
32 7 30
31 7 26
31 6 23
31 5 21
30 5 19
29 5 18
29 4 18
28 4 18
28 3 18
27 3 18
27 2 18
26 2 20
25 2 21
24 2 22
23 2 23
22 2 25
21 2 26
20 2 28
19 2 29
18 2 28
17 2 26
16 2 24
15 2 20
14 2 17
13 2 15
12 2 14
11 2 13
10 2 12
9 2 12
8 2 11
63 157 19
63 156 19
63 155 19
63 154 19
63 153 19
63 152 19
63 151 19
63 150 20
63 149 20
63 148 19
63 147 18
63 146 17
63 145 15
63 144 14
63 143 13
63 142 12
63 141 12
62 141 12
61 141 12
61 140 12
60 140 12
60 139 12
59 139 12
58 139 12
57 139 13
56 139 13
55 139 13
54 139 13
53 139 13
52 139 12
51 139 12
50 139 11
49 139 11
49 138 11
49 137 11
49 136 11
48 136 11
47 136 11
47 135 11
46 135 11
46 134 12
46 133 12
46 132 12
45 132 12
45 131 12
45 130 13
45 129 12
45 128 12
45 127 12
44 127 12
44 126 12
44 125 12
43 125 13
42 125 13
41 125 13
40 125 13
39 125 13
39 124 13
38 124 12
37 124 12
37 123 12
36 123 12
35 123 12
34 123 12
33 123 12
32 123 13
31 123 13
30 123 14
30 122 15
29 122 16
28 122 17
27 122 17
26 122 17
25 122 17
24 122 16
23 122 15
22 122 14
21 122 13
20 122 13
20 121 12
20 120 12
20 119 12
20 118 12
20 117 13
20 116 13
20 115 14
20 114 15
20 113 16
20 112 17
20 111 18
20 110 18
20 109 19
20 108 20
20 107 22
20 106 24
20 105 28
20 104 33
20 103 41
20 102 51
20 101 60
20 100 68
20 99 73
95 133 547
94 133 553
93 133 536
92 133 491
91 133 423
90 133 345
89 133 271
88 133 210
87 133 166
86 133 135
85 133 111
84 133 89
83 133 70
82 133 56
81 133 45
80 133 38
79 133 33
78 133 31
77 133 29
77 134 28
76 134 27
75 134 25
74 134 24
74 135 22
73 135 20
72 135 19
71 135 17
70 135 16
69 135 15
68 135 14
67 135 13
67 136 12
67 137 12
67 138 12
67 139 12
66 139 12
65 139 11
65 140 12
65 141 12
64 141 12
169 195 28
170 195 25
171 195 22
171 194 24
171 193 27
171 192 32
171 191 39
171 190 48
171 189 61
171 188 77
171 187 94
171 186 110
171 185 120
171 184 122
171 183 118
171 182 110
171 181 102
171 180 97
171 179 96
171 178 95
171 177 94
171 176 92
171 175 90
171 174 91
171 173 97
170 173 110
170 172 125
170 171 148
169 171 173
169 170 203
168 170 231
168 169 255
167 169 274
167 168 282
167 167 287
166 167 279
166 166 271
166 165 259
166 164 239
166 163 213
166 162 185
165 162 159
165 161 137
165 160 122
164 160 112
164 159 105
164 158 105
164 157 108
164 156 114
164 155 120
164 154 124
164 153 127
164 152 126
164 151 120
164 150 109
164 149 94
164 148 80
164 147 67
164 146 57
164 145 51
164 144 48
163 144 48
163 143 48
162 143 51
162 142 54
162 141 59
162 140 66
162 139 73
162 138 79
162 137 82
162 136 84
161 136 85
161 135 83
161 134 82
160 134 80
160 133 78
159 133 77
159 132 77
158 132 79
158 131 83
157 131 90
157 130 100
156 130 113
156 129 129
155 129 147
155 128 168
154 128 187
153 128 208
152 128 225
151 128 236
150 128 236
149 128 226
148 128 211
147 128 200
147 127 195
146 127 192
146 126 196
145 126 206
145 125 220
145 124 243
144 124 266
144 123 295
143 123 327
143 122 353
143 121 381
142 121 402
141 121 425
140 121 443
139 121 447
138 121 435
137 121 407
136 121 370
135 121 332
134 121 303
134 120 280
133 120 266
133 119 256
133 118 256
132 118 260
132 117 264
132 116 272
131 116 275
131 115 274
131 114 271
130 114 258
130 113 237
130 112 212
129 112 181
129 111 149
129 110 121
129 109 100
129 108 83
129 107 72
129 106 63
129 105 57
129 104 53
129 103 49
129 102 46
129 101 42
129 100 39
129 99 37
129 98 34
129 97 31
129 96 28
129 95 25
129 94 23
129 93 21
129 92 19
129 91 18
129 90 16
129 89 15
129 88 14
129 87 13
129 86 13
129 85 13
129 84 12
129 83 12
129 82 12
129 81 12
129 80 12
129 79 12
129 78 12
129 77 12
129 76 12
129 75 12
129 74 11
129 73 11
129 72 11
129 71 10
129 70 10
129 69 10
129 68 10
129 67 10
129 66 10
