34 39 19
48 94 602
117 184 36
114 19 990
37 148 15
54 198 51
137 74 12
37 147 15
37 146 15
37 145 15
37 144 16
37 143 17
37 142 18
37 141 19
37 140 18
37 139 17
37 138 16
37 137 14
37 136 13
37 135 13
37 134 13
37 133 13
37 132 13
37 131 14
38 131 15
38 130 16
38 129 17
38 128 19
38 127 20
39 127 21
39 126 22
39 125 23
39 124 23
40 124 24
40 123 24
40 122 25
41 122 25
42 122 26
43 122 29
44 122 31
45 122 34
46 122 36
47 122 38
48 122 38
49 122 38
50 122 38
50 121 39
50 120 40
50 119 41
50 118 42
50 117 43
50 116 43
50 115 43
50 114 42
50 113 41
50 112 41
50 111 41
50 110 41
50 109 44
50 108 47
49 108 51
49 107 55
49 106 60
48 106 65
48 105 69
48 104 75
48 103 84
48 102 100
48 101 125
48 100 163
48 99 217
48 98 290
48 97 377
48 96 466
48 95 544
53 198 51
52 198 49
51 198 47
50 198 44
49 198 41
49 197 38
48 197 35
48 196 33
48 195 32
48 194 32
48 193 33
48 192 33
48 191 34
48 190 34
48 189 33
48 188 30
48 187 27
48 186 24
48 185 21
48 184 18
48 183 17
48 182 16
48 181 15
48 180 15
47 180 15
46 180 15
46 179 15
45 179 15
45 178 15
44 178 16
43 178 16
42 178 16
41 178 16
40 178 16
39 178 16
38 178 15
37 178 14
36 178 14
35 178 13
34 178 13
33 178 14
32 178 14
32 177 14
32 176 15
32 175 15
32 174 16
32 173 17
32 172 18
32 171 18
32 170 18
32 169 17
32 168 16
32 167 15
32 166 15
32 165 14
32 164 15
32 163 15
32 162 16
32 161 16
32 160 17
32 159 17
32 158 17
32 157 16
32 156 15
32 155 14
32 154 13
32 153 12
32 152 12
32 151 11
32 150 11
33 150 11
33 149 11
33 148 11
34 148 12
35 148 12
36 148 13
136 74 12
135 74 13
135 73 13
134 73 14
133 73 14
132 73 14
131 73 14
130 73 14
130 72 13
129 72 13
128 72 13
127 72 13
127 71 13
127 70 13
126 70 13
126 69 14
125 69 14
125 68 15
125 67 16
125 66 17
125 65 18
125 64 19
125 63 18
124 63 18
124 62 17
124 61 16
124 60 15
124 59 15
123 59 14
122 59 15
121 59 15
120 59 16
119 59 17
118 59 18
117 59 19
116 59 20
115 59 21
114 59 22
113 59 22
112 59 22
111 59 22
110 59 22
109 59 23
109 58 24
109 57 26
108 57 28
108 56 32
107 56 37
106 56 45
105 56 56
104 56 68
103 56 80
102 56 89
101 56 95
100 56 98
99 56 99
99 55 100
98 55 99
98 54 97
97 54 96
96 54 101
95 54 114
94 54 137
93 54 169
92 54 205
91 54 238
90 54 261
89 54 272
88 54 273
87 54 267
86 54 259
85 54 256
84 54 259
83 54 272
82 54 296
81 54 330
80 54 365
79 54 393
78 54 408
77 54 407
76 54 390
75 54 364
74 54 333
73 54 304
73 55 274
72 55 246
72 56 227
71 56 206
71 57 188
71 58 169
71 59 151
70 59 139
69 59 136
68 59 137
67 59 140
66 59 145
65 59 152
64 59 157
63 59 156
62 59 145
61 59 127
60 59 105
59 59 82
58 59 64
57 59 50
56 59 40
55 59 33
54 59 27
53 59 22
52 59 19
51 59 17
50 59 16
50 58 15
49 58 15
49 57 14
48 57 14
48 56 13
47 56 13
47 55 13
46 55 13
45 55 13
44 55 13
43 55 13
42 55 13
41 55 13
40 55 13
39 55 12
38 55 12
37 55 11
36 55 11
36 54 11
36 53 11
36 52 10
36 51 10
35 51 10
35 50 10
35 49 10
35 48 10
34 48 10
34 47 10
34 46 11
34 45 11
34 44 12
34 43 12
34 42 13
34 41 14
34 40 16
114 20 936
114 21 864
114 22 777
114 23 678
114 24 578
114 25 484
114 26 404
114 27 340
114 28 291
114 29 256
114 30 232
114 31 214
113 31 199
113 32 179
113 33 160
113 34 142
113 35 126
112 35 110
112 36 98
111 36 89
111 37 81
111 38 77
111 39 76
111 40 78
111 41 81
111 42 83
111 43 85
111 44 86
111 45 87
111 46 91
111 47 96
111 48 98
111 49 96
111 50 89
111 51 76
111 52 63
111 53 50
111 54 40
111 55 33
111 56 28
111 57 24
111 58 22
