9 9 100
9 29 100
9 49 100
9 69 100
9 89 100
9 109 100
9 129 100
9 149 100
9 169 100
9 189 100
29 9 100
29 29 100
29 49 100
29 69 100
29 89 100
29 109 100
29 129 100
29 149 100
29 169 100
29 189 100
49 9 100
49 29 100
49 49 100
49 69 100
49 89 100
49 109 100
49 129 100
49 149 100
49 169 100
49 189 100
69 9 100
69 29 100
69 49 100
69 69 100
69 89 100
69 109 100
69 129 100
69 149 100
69 169 100
69 189 100
89 9 100
89 29 100
89 49 100
89 69 100
89 89 100
89 109 100
89 129 100
89 149 100
89 169 100
89 189 100
109 9 100
109 29 100
109 49 100
109 69 100
109 89 100
109 109 100
109 129 100
109 149 100
109 169 100
109 189 100
129 9 100
129 29 100
129 49 100
129 69 100
129 89 100
129 109 100
129 129 100
129 149 100
129 169 100
129 189 100
149 9 100
149 29 100
149 49 100
149 69 100
149 89 100
149 109 100
149 129 100
149 149 100
149 169 100
149 189 100
169 9 100
169 29 100
169 49 100
169 69 100
169 89 100
169 109 100
169 129 100
169 149 100
169 169 100
169 189 100
189 9 100
189 29 100
189 49 100
189 69 100
189 89 100
189 109 100
189 129 100
189 149 100
189 169 100
189 189 100
9 9 100
9 29 100
9 49 100
9 69 100
9 109 100
9 129 100
9 169 100
9 189 100
29 9 100
29 29 100
29 49 100
29 69 100
29 89 100
29 109 100
29 129 100
29 149 100
29 169 100
49 9 100
49 49 100
49 109 100
49 149 100
49 169 100
49 189 100
69 9 100
69 29 100
69 49 100
69 89 100
69 109 100
69 129 100
69 169 100
69 189 100
89 9 100
89 29 100
89 49 100
89 69 100
89 89 100
89 109 100
89 129 100
89 169 100
89 189 100
109 9 100
109 29 100
109 49 100
109 69 100
109 89 100
109 109 100
109 129 100
109 189 100
129 9 100
129 69 100
129 89 100
129 109 100
129 129 100
129 149 100
129 169 100
149 9 100
149 29 100
149 49 100
149 69 100
149 89 100
149 109 100
149 129 100
149 169 100
149 189 100
169 29 100
169 49 100
169 89 100
169 109 100
169 129 100
169 149 100
169 169 100
169 189 100
189 29 100
189 49 100
189 69 100
189 89 100
189 109 100
189 129 100
189 149 100
189 189 100
104 45 40
104 45 42
104 45 44
104 45 46
104 45 48
104 45 50
104 45 52
104 45 54
104 45 56
104 45 58
104 45 60
104 45 62
180 170 40
28 183 40
79 101 40
195 15 40
23 102 40
23 102 42
80 141 40
150 145 40
59 69 40
53 35 40
195 14 40
194 14 40
194 13 40
193 13 40
193 12 40
192 12 40
192 11 40
191 11 40
191 10 40
190 10 40
190 9 40
189 8 40
188 8 40
187 8 40
186 8 40
185 8 40
184 8 40
183 8 40
182 8 40
181 8 40
180 8 40
179 8 40
178 8 40
177 8 40
176 8 40
176 8 42
175 8 40
175 8 42
174 8 40
174 8 42
173 8 40
173 8 42
172 8 40
172 8 42
171 8 40
171 8 42
171 8 44
170 8 40
170 8 42
170 8 44
169 8 40
169 8 42
169 8 44
169 8 46
169 10 40
169 10 42
168 10 40
168 10 42
168 10 44
168 11 40
168 11 42
168 12 40
168 12 42
168 13 40
168 13 42
168 14 40
168 15 40
168 16 40
168 17 40
168 18 40
168 19 40
168 20 40
168 20 42
168 21 40
168 21 42
168 22 40
168 22 42
168 23 40
168 23 42
168 24 40
168 24 42
168 25 40
168 25 42
168 26 40
168 26 42
168 27 40
168 27 42
168 28 40
168 28 42
167 28 40
167 28 42
166 28 40
165 28 40
164 28 40
163 28 40
162 28 40
161 28 40
160 28 40
159 28 40
158 28 40
157 28 40
156 28 40
155 28 40
154 28 40
154 28 42
153 28 40
153 28 42
152 28 40
152 28 42
151 28 40
151 28 42
151 28 44
150 28 40
150 28 42
150 28 44
150 28 46
149 28 40
149 28 42
149 28 44
149 28 46
149 28 48
149 28 50
148 28 40
148 28 42
148 28 44
148 28 46
148 28 48
148 28 50
148 28 52
148 28 54
147 28 40
147 28 42
147 28 44
147 28 46
147 28 48
147 28 50
147 28 52
147 28 54
147 28 56
147 28 58
146 28 40
146 28 42
146 28 44
146 28 46
146 28 48
146 28 50
146 28 52
146 28 54
146 28 56
146 28 58
146 28 60
145 28 40
145 28 42
145 28 44
145 28 46
145 28 48
145 28 50
145 28 52
145 28 54
145 28 56
145 28 58
145 28 60
145 28 62
145 28 64
144 28 40
144 28 42
144 28 44
144 28 46
144 28 48
144 28 50
144 28 52
144 28 54
144 28 56
144 28 58
144 28 60
144 28 62
144 28 64
144 28 66
143 28 40
143 28 42
143 28 44
143 28 46
143 28 48
143 28 50
143 28 52
143 28 54
143 28 56
143 28 58
143 28 60
143 28 62
143 28 64
143 28 66
142 28 40
142 28 42
142 28 44
142 28 46
142 28 48
142 28 50
142 28 52
142 28 54
142 28 56
142 28 58
142 28 60
142 28 62
142 28 64
142 28 66
141 28 40
141 28 42
141 28 44
141 28 46
141 28 48
141 28 50
141 28 52
141 28 54
141 28 56
141 28 58
141 28 60
141 28 62
141 28 64
140 28 40
140 28 42
140 28 44
140 28 46
140 28 48
140 28 50
140 28 52
140 28 54
140 28 56
140 28 58
140 28 60
140 28 62
139 28 40
139 28 42
139 28 44
139 28 46
139 28 48
139 28 50
139 28 52
139 28 54
139 28 56
139 28 58
139 28 60
138 28 40
138 28 42
138 28 44
138 28 46
138 28 48
138 28 50
138 28 52
138 28 54
138 28 56
137 28 40
137 28 42
137 28 44
137 28 46
137 28 48
137 28 50
137 28 52
137 28 54
136 28 40
136 28 42
136 28 44
136 28 46
136 28 48
136 28 50
136 28 52
135 28 40
135 28 42
135 28 44
135 28 46
135 28 48
135 28 50
134 28 40
134 28 42
134 28 44
134 28 46
134 28 48
133 28 40
133 28 42
133 28 44
133 28 46
133 28 48
132 28 40
132 28 42
132 28 44
132 28 46
131 28 40
131 28 42
131 28 44
131 28 46
130 28 40
130 28 42
130 28 44
130 28 46
130 29 40
130 29 42
130 29 44
129 30 40
129 30 42
128 30 40
128 30 42
128 31 40
128 32 40
128 33 40
128 34 40
128 35 40
128 36 40
128 37 40
128 38 40
128 39 40
128 40 40
128 41 40
128 42 40
128 43 40
128 44 40
128 45 40
127 45 40
126 45 40
125 45 40
124 45 40
124 45 42
123 45 40
123 45 42
122 45 40
122 45 42
121 45 40
121 45 42
120 45 40
120 45 42
120 45 44
119 45 40
119 45 42
119 45 44
118 45 40
118 45 42
118 45 44
117 45 40
117 45 42
117 45 44
117 45 46
116 45 40
116 45 42
116 45 44
116 45 46
115 45 40
115 45 42
115 45 44
115 45 46
115 45 48
114 45 40
114 45 42
114 45 44
114 45 46
114 45 48
113 45 40
113 45 42
113 45 44
113 45 46
113 45 48
113 45 50
112 45 40
112 45 42
112 45 44
112 45 46
112 45 48
112 45 50
112 45 52
111 45 40
111 45 42
111 45 44
111 45 46
111 45 48
111 45 50
111 45 52
110 45 40
110 45 42
110 45 44
110 45 46
110 45 48
110 45 50
110 45 52
110 45 54
109 45 40
109 45 42
109 45 44
109 45 46
109 45 48
109 45 50
109 45 52
109 45 54
109 45 56
108 45 40
108 45 42
108 45 44
108 45 46
108 45 48
108 45 50
108 45 52
108 45 54
108 45 56
108 45 58
107 45 40
107 45 42
107 45 44
107 45 46
107 45 48
107 45 50
107 45 52
107 45 54
107 45 56
107 45 58
107 45 60
106 45 40
106 45 42
106 45 44
106 45 46
106 45 48
106 45 50
106 45 52
106 45 54
106 45 56
106 45 58
106 45 60
105 45 40
105 45 42
105 45 44
105 45 46
105 45 48
105 45 50
105 45 52
105 45 54
105 45 56
105 45 58
105 45 60
105 45 62
60 69 40
61 69 40
62 69 40
63 69 40
64 69 40
65 69 40
66 69 40
67 69 40
68 69 40
70 69 40
70 68 40
71 68 40
72 68 40
73 68 40
74 68 40
74 68 42
75 68 40
75 68 42
76 68 40
76 68 42
76 68 44
77 68 40
77 68 42
77 68 44
78 68 40
78 68 42
78 68 44
78 68 46
79 68 40
79 68 42
79 68 44
79 68 46
79 68 48
80 68 40
80 68 42
80 68 44
80 68 46
80 68 48
80 68 50
81 68 40
81 68 42
81 68 44
81 68 46
81 68 48
81 68 50
81 68 52
82 68 40
82 68 42
82 68 44
82 68 46
82 68 48
82 68 50
82 68 52
83 68 40
83 68 42
83 68 44
83 68 46
83 68 48
83 68 50
83 68 52
83 68 54
84 68 40
84 68 42
84 68 44
84 68 46
84 68 48
84 68 50
84 68 52
85 68 40
85 68 42
85 68 44
85 68 46
85 68 48
85 68 50
85 68 52
86 68 40
86 68 42
86 68 44
86 68 46
86 68 48
86 68 50
87 68 40
87 68 42
87 68 44
87 68 46
87 68 48
88 68 40
88 68 42
88 68 44
88 68 46
88 68 48
89 68 40
89 68 42
89 68 44
89 68 46
90 68 40
90 68 42
90 68 44
90 67 40
90 67 42
90 67 44
91 67 40
91 67 42
91 66 40
91 66 42
92 66 40
92 66 42
92 65 40
92 65 42
93 65 40
93 65 42
93 64 40
93 64 42
94 64 40
95 64 40
95 63 40
95 62 40
96 62 40
97 62 40
97 61 40
97 60 40
97 60 42
98 60 40
98 59 40
98 59 42
99 59 40
99 59 42
100 59 40
100 59 42
100 58 40
100 58 42
101 58 40
101 58 42
101 57 40
101 57 42
101 57 44
102 57 40
102 57 42
102 57 44
102 56 40
102 56 42
102 56 44
102 56 46
102 55 40
102 55 42
102 55 44
102 55 46
102 55 48
102 54 40
102 54 42
102 54 44
102 54 46
102 54 48
102 54 50
102 54 52
102 53 40
102 53 42
102 53 44
102 53 46
102 53 48
102 53 50
102 53 52
102 53 54
102 52 40
102 52 42
102 52 44
102 52 46
102 52 48
102 52 50
102 52 52
102 52 54
102 52 56
102 52 58
102 51 40
102 51 42
102 51 44
102 51 46
102 51 48
102 51 50
102 51 52
102 51 54
102 51 56
102 51 58
102 51 60
102 50 40
102 50 42
102 50 44
102 50 46
102 50 48
102 50 50
102 50 52
102 50 54
102 50 56
102 50 58
102 50 60
102 50 62
102 49 40
102 49 42
102 49 44
102 49 46
102 49 48
102 49 50
102 49 52
102 49 54
102 49 56
102 49 58
102 49 60
102 49 62
102 48 40
102 48 42
102 48 44
102 48 46
102 48 48
102 48 50
102 48 52
102 48 54
102 48 56
102 48 58
102 48 60
102 48 62
102 48 64
102 47 40
102 47 42
102 47 44
102 47 46
102 47 48
102 47 50
102 47 52
102 47 54
102 47 56
102 47 58
102 47 60
102 47 62
102 46 40
102 46 42
102 46 44
102 46 46
102 46 48
102 46 50
102 46 52
102 46 54
102 46 56
102 46 58
102 46 60
102 46 62
102 45 40
102 45 42
102 45 44
102 45 46
102 45 48
102 45 50
102 45 52
102 45 54
102 45 56
102 45 58
102 45 60
102 45 62
103 45 40
103 45 42
103 45 44
103 45 46
103 45 48
103 45 50
103 45 52
103 45 54
103 45 56
103 45 58
103 45 60
103 45 62
53 36 40
53 36 42
53 37 40
53 37 42
53 38 40
53 38 42
53 38 44
53 39 40
53 39 42
53 39 44
53 39 46
53 40 40
53 40 42
53 40 44
53 40 46
53 40 48
53 41 40
53 41 42
53 41 44
53 41 46
53 41 48
53 41 50
53 41 52
53 42 40
53 42 42
53 42 44
53 42 46
53 42 48
53 42 50
53 42 52
53 42 54
53 42 56
53 43 40
53 43 42
53 43 44
53 43 46
53 43 48
53 43 50
53 43 52
53 43 54
53 43 56
53 43 58
53 43 60
53 44 40
53 44 42
53 44 44
53 44 46
53 44 48
53 44 50
53 44 52
53 44 54
53 44 56
53 44 58
53 44 60
53 44 62
53 44 64
53 45 40
53 45 42
53 45 44
53 45 46
53 45 48
53 45 50
53 45 52
53 45 54
53 45 56
53 45 58
53 45 60
53 45 62
53 45 64
53 45 66
53 46 40
53 46 42
53 46 44
53 46 46
53 46 48
53 46 50
53 46 52
53 46 54
53 46 56
53 46 58
53 46 60
53 46 62
53 46 64
53 46 66
53 46 68
53 47 40
53 47 42
53 47 44
53 47 46
53 47 48
53 47 50
53 47 52
53 47 54
53 47 56
53 47 58
53 47 60
53 47 62
53 47 64
53 47 66
53 47 68
53 47 70
53 48 40
53 48 42
53 48 44
53 48 46
53 48 48
53 48 50
53 48 52
53 48 54
53 48 56
53 48 58
53 48 60
53 48 62
53 48 64
53 48 66
53 48 68
53 48 70
53 49 40
53 49 42
53 49 44
53 49 46
53 49 48
53 49 50
53 49 52
53 49 54
53 49 56
53 49 58
53 49 60
53 49 62
53 49 64
53 49 66
53 49 68
53 50 40
53 50 42
53 50 44
53 50 46
53 50 48
53 50 50
53 50 52
53 50 54
53 50 56
53 50 58
53 50 60
53 50 62
53 50 64
53 50 66
53 51 40
53 51 42
53 51 44
53 51 46
53 51 48
53 51 50
53 51 52
53 51 54
53 51 56
53 51 58
53 51 60
53 51 62
53 51 64
53 52 40
53 52 42
53 52 44
53 52 46
53 52 48
53 52 50
53 52 52
53 52 54
53 52 56
53 52 58
53 52 60
53 53 40
53 53 42
53 53 44
53 53 46
53 53 48
53 53 50
53 53 52
53 53 54
53 53 56
53 53 58
53 54 40
53 54 42
53 54 44
53 54 46
53 54 48
53 54 50
53 54 52
53 54 54
53 55 40
53 55 42
53 55 44
53 55 46
53 55 48
53 55 50
53 55 52
53 56 40
53 56 42
53 56 44
53 56 46
53 56 48
53 56 50
53 57 40
53 57 42
53 57 44
53 57 46
53 57 48
53 58 40
53 58 42
53 58 44
53 59 40
53 59 42
53 59 44
53 60 40
53 60 42
53 61 40
53 61 42
53 62 40
53 63 40
53 64 40
53 65 40
53 66 40
53 67 40
53 68 40
53 69 40
54 69 40
55 69 40
56 69 40
57 69 40
58 69 40
79 100 40
79 99 40
79 98 40
79 97 40
79 97 42
79 96 40
79 96 42
79 96 44
79 95 40
79 95 42
79 95 44
79 95 46
79 94 40
79 94 42
79 94 44
79 94 46
79 94 48
79 94 50
79 94 52
79 93 40
79 93 42
79 93 44
79 93 46
79 93 48
79 93 50
79 93 52
79 93 54
79 93 56
79 93 58
79 93 60
79 93 62
79 92 40
79 92 42
79 92 44
79 92 46
79 92 48
79 92 50
79 92 52
79 92 54
79 92 56
79 92 58
79 92 60
79 92 62
79 92 64
79 92 66
79 92 68
79 92 70
79 92 72
79 91 40
79 91 42
79 91 44
79 91 46
79 91 48
79 91 50
79 91 52
79 91 54
79 91 56
79 91 58
79 91 60
79 91 62
79 91 64
79 91 66
79 91 68
79 91 70
79 91 72
79 91 74
79 91 76
79 91 78
79 91 80
79 91 82
79 91 84
79 90 40
79 90 42
79 90 44
79 90 46
79 90 48
79 90 50
79 90 52
79 90 54
79 90 56
79 90 58
79 90 60
79 90 62
79 90 64
79 90 66
79 90 68
79 90 70
79 90 72
79 90 74
79 90 76
79 90 78
79 90 80
79 90 82
79 90 84
79 90 86
79 90 88
79 90 90
79 90 92
79 90 94
79 90 96
79 89 40
79 89 42
79 89 44
79 89 46
79 89 48
79 89 50
79 89 52
79 89 54
79 89 56
79 89 58
79 89 60
79 89 62
79 89 64
79 89 66
79 89 68
79 89 70
79 89 72
79 89 74
79 89 76
79 89 78
79 89 80
79 89 82
79 89 84
79 89 86
79 89 88
79 89 90
79 89 92
79 89 94
79 89 96
79 89 98
79 89 100
79 89 102
79 89 104
79 89 106
79 89 108
79 88 40
79 88 42
79 88 44
79 88 46
79 88 48
79 88 50
79 88 52
79 88 54
79 88 56
79 88 58
79 88 60
79 88 62
79 88 64
79 88 66
79 88 68
79 88 70
79 88 72
79 88 74
79 88 76
79 88 78
79 88 80
79 88 82
79 88 84
79 88 86
79 88 88
79 88 90
79 88 92
79 88 94
79 88 96
79 88 98
79 88 100
79 88 102
79 88 104
79 88 106
79 88 108
79 88 110
79 88 112
79 88 114
79 88 116
79 87 40
79 87 42
79 87 44
79 87 46
79 87 48
79 87 50
79 87 52
79 87 54
79 87 56
79 87 58
79 87 60
79 87 62
79 87 64
79 87 66
79 87 68
79 87 70
79 87 72
79 87 74
79 87 76
79 87 78
79 87 80
79 87 82
79 87 84
79 87 86
79 87 88
79 87 90
79 87 92
79 87 94
79 87 96
79 87 98
79 87 100
79 87 102
79 87 104
79 87 106
79 87 108
79 87 110
79 87 112
79 87 114
79 87 116
79 87 118
79 87 120
79 87 122
79 86 40
79 86 42
79 86 44
79 86 46
79 86 48
79 86 50
79 86 52
79 86 54
79 86 56
79 86 58
79 86 60
79 86 62
79 86 64
79 86 66
79 86 68
79 86 70
79 86 72
79 86 74
79 86 76
79 86 78
79 86 80
79 86 82
79 86 84
79 86 86
79 86 88
79 86 90
79 86 92
79 86 94
79 86 96
79 86 98
79 86 100
79 86 102
79 86 104
79 86 106
79 86 108
79 86 110
79 86 112
79 86 114
79 86 116
79 86 118
79 86 120
79 86 122
79 86 124
79 86 126
79 85 40
79 85 42
79 85 44
79 85 46
79 85 48
79 85 50
79 85 52
79 85 54
79 85 56
79 85 58
79 85 60
79 85 62
79 85 64
79 85 66
79 85 68
79 85 70
79 85 72
79 85 74
79 85 76
79 85 78
79 85 80
79 85 82
79 85 84
79 85 86
79 85 88
79 85 90
79 85 92
79 85 94
79 85 96
79 85 98
79 85 100
79 85 102
79 85 104
79 85 106
79 85 108
79 85 110
79 85 112
79 85 114
79 85 116
79 85 118
79 85 120
79 85 122
79 85 124
79 85 126
79 85 128
79 85 130
79 84 40
79 84 42
79 84 44
79 84 46
79 84 48
79 84 50
79 84 52
79 84 54
79 84 56
79 84 58
79 84 60
79 84 62
79 84 64
79 84 66
79 84 68
79 84 70
79 84 72
79 84 74
79 84 76
79 84 78
79 84 80
79 84 82
79 84 84
79 84 86
79 84 88
79 84 90
79 84 92
79 84 94
79 84 96
79 84 98
79 84 100
79 84 102
79 84 104
79 84 106
79 84 108
79 84 110
79 84 112
79 84 114
79 84 116
79 84 118
79 84 120
79 84 122
79 84 124
79 84 126
79 84 128
79 84 130
79 84 132
79 83 40
79 83 42
79 83 44
79 83 46
79 83 48
79 83 50
79 83 52
79 83 54
79 83 56
79 83 58
79 83 60
79 83 62
79 83 64
79 83 66
79 83 68
79 83 70
79 83 72
79 83 74
79 83 76
79 83 78
79 83 80
79 83 82
79 83 84
79 83 86
79 83 88
79 83 90
79 83 92
79 83 94
79 83 96
79 83 98
79 83 100
79 83 102
79 83 104
79 83 106
79 83 108
79 83 110
79 83 112
79 83 114
79 83 116
79 83 118
79 83 120
79 83 122
79 83 124
79 83 126
79 83 128
79 83 130
79 83 132
79 82 40
79 82 42
79 82 44
79 82 46
79 82 48
79 82 50
79 82 52
79 82 54
79 82 56
79 82 58
79 82 60
79 82 62
79 82 64
79 82 66
79 82 68
79 82 70
79 82 72
79 82 74
79 82 76
79 82 78
79 82 80
79 82 82
79 82 84
79 82 86
79 82 88
79 82 90
79 82 92
79 82 94
79 82 96
79 82 98
79 82 100
79 82 102
79 82 104
79 82 106
79 82 108
79 82 110
79 82 112
79 82 114
79 82 116
79 82 118
79 82 120
79 82 122
79 82 124
79 82 126
79 82 128
79 82 130
79 82 132
79 81 40
79 81 42
79 81 44
79 81 46
79 81 48
79 81 50
79 81 52
79 81 54
79 81 56
79 81 58
79 81 60
79 81 62
79 81 64
79 81 66
79 81 68
79 81 70
79 81 72
79 81 74
79 81 76
79 81 78
79 81 80
79 81 82
79 81 84
79 81 86
79 81 88
79 81 90
79 81 92
79 81 94
79 81 96
79 81 98
79 81 100
79 81 102
79 81 104
79 81 106
79 81 108
79 81 110
79 81 112
79 81 114
79 81 116
79 81 118
79 81 120
79 81 122
79 81 124
79 81 126
79 81 128
79 81 130
79 80 40
79 80 42
79 80 44
79 80 46
79 80 48
79 80 50
79 80 52
79 80 54
79 80 56
79 80 58
79 80 60
79 80 62
79 80 64
79 80 66
79 80 68
79 80 70
79 80 72
79 80 74
79 80 76
79 80 78
79 80 80
79 80 82
79 80 84
79 80 86
79 80 88
79 80 90
79 80 92
79 80 94
79 80 96
79 80 98
79 80 100
79 80 102
79 80 104
79 80 106
79 80 108
79 80 110
79 80 112
79 80 114
79 80 116
79 80 118
79 80 120
79 80 122
79 80 124
79 80 126
79 80 128
79 80 130
79 79 40
79 79 42
79 79 44
79 79 46
79 79 48
79 79 50
79 79 52
79 79 54
79 79 56
79 79 58
79 79 60
79 79 62
79 79 64
79 79 66
79 79 68
79 79 70
79 79 72
79 79 74
79 79 76
79 79 78
79 79 80
79 79 82
79 79 84
79 79 86
79 79 88
79 79 90
79 79 92
79 79 94
79 79 96
79 79 98
79 79 100
79 79 102
79 79 104
79 79 106
79 79 108
79 79 110
79 79 112
79 79 114
79 79 116
79 79 118
79 79 120
79 79 122
79 79 124
79 79 126
79 79 128
79 78 40
79 78 42
79 78 44
79 78 46
79 78 48
79 78 50
79 78 52
79 78 54
79 78 56
79 78 58
79 78 60
79 78 62
79 78 64
79 78 66
79 78 68
79 78 70
79 78 72
79 78 74
79 78 76
79 78 78
79 78 80
79 78 82
79 78 84
79 78 86
79 78 88
79 78 90
79 78 92
79 78 94
79 78 96
79 78 98
79 78 100
79 78 102
79 78 104
79 78 106
79 78 108
79 78 110
79 78 112
79 78 114
79 78 116
79 78 118
79 78 120
79 78 122
79 78 124
79 77 40
79 77 42
79 77 44
79 77 46
79 77 48
79 77 50
79 77 52
79 77 54
79 77 56
79 77 58
79 77 60
79 77 62
79 77 64
79 77 66
79 77 68
79 77 70
79 77 72
79 77 74
79 77 76
79 77 78
79 77 80
79 77 82
79 77 84
79 77 86
79 77 88
79 77 90
79 77 92
79 77 94
79 77 96
79 77 98
79 77 100
79 77 102
79 77 104
79 77 106
79 77 108
79 77 110
79 77 112
79 77 114
79 77 116
79 77 118
79 77 120
79 77 122
79 76 40
79 76 42
79 76 44
79 76 46
79 76 48
79 76 50
79 76 52
79 76 54
79 76 56
79 76 58
79 76 60
79 76 62
79 76 64
79 76 66
79 76 68
79 76 70
79 76 72
79 76 74
79 76 76
79 76 78
79 76 80
79 76 82
79 76 84
79 76 86
79 76 88
79 76 90
79 76 92
79 76 94
79 76 96
79 76 98
79 76 100
79 76 102
79 76 104
79 76 106
79 76 108
79 76 110
79 76 112
79 76 114
79 76 116
79 75 40
79 75 42
79 75 44
79 75 46
79 75 48
79 75 50
79 75 52
79 75 54
79 75 56
79 75 58
79 75 60
79 75 62
79 75 64
79 75 66
79 75 68
79 75 70
79 75 72
79 75 74
79 75 76
79 75 78
79 75 80
79 75 82
79 75 84
79 75 86
79 75 88
79 75 90
79 75 92
79 75 94
79 75 96
79 75 98
79 75 100
79 75 102
79 75 104
79 75 106
79 75 108
79 75 110
79 74 40
79 74 42
79 74 44
79 74 46
79 74 48
79 74 50
79 74 52
79 74 54
79 74 56
79 74 58
79 74 60
79 74 62
79 74 64
79 74 66
79 74 68
79 74 70
79 74 72
79 74 74
79 74 76
79 74 78
79 74 80
79 74 82
79 74 84
79 74 86
79 74 88
79 74 90
79 74 92
79 74 94
79 74 96
79 74 98
79 74 100
79 74 102
79 73 40
79 73 42
79 73 44
79 73 46
79 73 48
79 73 50
79 73 52
79 73 54
79 73 56
79 73 58
79 73 60
79 73 62
79 73 64
79 73 66
79 73 68
79 73 70
79 73 72
79 73 74
79 73 76
79 73 78
79 73 80
79 73 82
79 73 84
79 73 86
79 73 88
79 73 90
79 73 92
79 72 40
79 72 42
79 72 44
79 72 46
79 72 48
79 72 50
79 72 52
79 72 54
79 72 56
79 72 58
79 72 60
79 72 62
79 72 64
79 72 66
79 72 68
79 72 70
79 72 72
79 72 74
79 72 76
79 72 78
79 72 80
79 72 82
79 71 40
79 71 42
79 71 44
79 71 46
79 71 48
79 71 50
79 71 52
79 71 54
79 71 56
79 71 58
79 71 60
79 71 62
79 71 64
79 71 66
79 71 68
79 71 70
79 71 72
79 70 40
79 70 42
79 70 44
79 70 46
79 70 48
79 70 50
79 70 52
79 70 54
79 70 56
79 70 58
79 70 60
79 70 62
79 69 40
79 69 42
79 69 44
79 69 46
79 69 48
79 69 50
79 69 52
79 69 54
23 101 40
23 101 42
23 100 40
24 100 40
24 100 42
25 100 40
25 100 42
26 100 40
26 100 42
27 100 40
27 100 42
28 100 40
28 100 42
28 100 44
29 100 40
29 100 42
29 100 44
30 100 40
30 100 42
30 100 44
31 100 40
31 100 42
31 100 44
31 100 46
32 100 40
32 100 42
32 100 44
32 100 46
33 100 40
33 100 42
33 100 44
34 100 40
34 100 42
34 100 44
35 100 40
35 100 42
35 100 44
36 100 40
36 100 42
37 100 40
37 100 42
38 100 40
38 100 42
39 100 40
39 99 40
39 98 40
40 98 40
41 98 40
41 97 40
41 96 40
42 96 40
42 95 40
43 95 40
43 94 40
44 94 40
44 93 40
45 93 40
45 92 40
46 92 40
46 91 40
47 91 40
47 90 40
48 90 40
48 89 40
49 88 40
49 87 40
49 86 40
49 85 40
49 84 40
49 83 40
49 82 40
49 81 40
49 80 40
49 79 40
49 78 40
49 77 40
49 76 40
49 75 40
49 74 40
49 73 40
49 72 40
49 71 40
49 70 40
50 69 40
51 69 40
52 69 40
80 142 40
80 143 40
80 144 40
80 145 40
79 145 40
78 145 40
77 145 40
76 145 40
75 145 40
74 145 40
74 146 40
73 146 40
72 146 40
72 147 40
71 147 40
70 147 40
69 147 40
68 147 40
67 147 40
67 146 40
66 146 40
66 145 40
65 145 40
65 144 40
64 144 40
63 144 40
63 143 40
63 143 42
62 143 40
62 143 42
62 142 40
62 142 42
62 142 44
61 142 40
61 142 42
61 142 44
61 141 40
61 141 42
61 141 44
61 141 46
61 140 40
61 140 42
61 140 44
61 140 46
61 140 48
61 140 50
60 140 40
60 140 42
60 140 44
60 140 46
60 140 48
60 140 50
60 140 52
59 140 40
59 140 42
59 140 44
59 140 46
59 140 48
59 140 50
59 140 52
59 139 40
59 139 42
59 139 44
59 139 46
59 139 48
59 139 50
59 139 52
59 139 54
59 139 56
59 138 40
59 138 42
59 138 44
59 138 46
59 138 48
59 138 50
59 138 52
59 138 54
59 138 56
59 138 58
59 138 60
58 138 40
58 138 42
58 138 44
58 138 46
58 138 48
58 138 50
58 138 52
58 138 54
58 138 56
58 138 58
58 138 60
58 137 40
58 137 42
58 137 44
58 137 46
58 137 48
58 137 50
58 137 52
58 137 54
58 137 56
58 137 58
58 137 60
58 137 62
58 137 64
57 137 40
57 137 42
57 137 44
57 137 46
57 137 48
57 137 50
57 137 52
57 137 54
57 137 56
57 137 58
57 137 60
57 137 62
56 137 40
56 137 42
56 137 44
56 137 46
56 137 48
56 137 50
56 137 52
56 137 54
56 137 56
56 137 58
56 137 60
56 136 40
56 136 42
56 136 44
56 136 46
56 136 48
56 136 50
56 136 52
56 136 54
56 136 56
56 136 58
56 136 60
56 136 62
55 136 40
55 136 42
55 136 44
55 136 46
55 136 48
55 136 50
55 136 52
55 136 54
55 136 56
55 136 58
55 135 40
55 135 42
55 135 44
55 135 46
55 135 48
55 135 50
55 135 52
55 135 54
55 135 56
55 135 58
55 134 40
55 134 42
55 134 44
55 134 46
55 134 48
55 134 50
55 134 52
55 134 54
55 134 56
55 134 58
54 134 40
54 134 42
54 134 44
54 134 46
54 134 48
54 134 50
54 134 52
54 134 54
53 134 40
53 134 42
53 134 44
53 134 46
53 134 48
53 134 50
53 133 40
53 133 42
53 133 44
53 133 46
53 133 48
53 133 50
52 133 40
52 133 42
52 133 44
52 133 46
52 133 48
52 132 40
52 132 42
52 132 44
52 132 46
52 132 48
51 132 40
51 132 42
51 132 44
51 132 46
51 131 40
51 131 42
51 131 44
51 131 46
50 131 40
50 131 42
50 131 44
50 130 40
50 130 42
50 130 44
49 130 40
49 130 42
49 128 40
49 128 42
49 128 44
49 127 40
49 127 42
49 127 44
49 126 40
49 126 42
49 126 44
49 126 46
49 125 40
49 125 42
49 125 44
49 125 46
49 125 48
49 124 40
49 124 42
49 124 44
49 124 46
49 124 48
49 124 50
49 123 40
49 123 42
49 123 44
49 123 46
49 123 48
49 123 50
49 123 52
49 122 40
49 122 42
49 122 44
49 122 46
49 122 48
49 122 50
49 122 52
49 122 54
49 121 40
49 121 42
49 121 44
49 121 46
49 121 48
49 121 50
49 121 52
49 121 54
49 121 56
49 120 40
49 120 42
49 120 44
49 120 46
49 120 48
49 120 50
49 120 52
49 120 54
49 120 56
49 120 58
49 120 60
49 119 40
49 119 42
49 119 44
49 119 46
49 119 48
49 119 50
49 119 52
49 119 54
49 119 56
49 119 58
49 119 60
49 118 40
49 118 42
49 118 44
49 118 46
49 118 48
49 118 50
49 118 52
49 118 54
49 118 56
49 118 58
49 118 60
49 118 62
49 117 40
49 117 42
49 117 44
49 117 46
49 117 48
49 117 50
49 117 52
49 117 54
49 117 56
49 117 58
49 117 60
49 117 62
49 116 40
49 116 42
49 116 44
49 116 46
49 116 48
49 116 50
49 116 52
49 116 54
49 116 56
49 116 58
49 116 60
49 116 62
49 115 40
49 115 42
49 115 44
49 115 46
49 115 48
49 115 50
49 115 52
49 115 54
49 115 56
49 115 58
49 115 60
49 114 40
49 114 42
49 114 44
49 114 46
49 114 48
49 114 50
49 114 52
49 114 54
49 114 56
49 114 58
49 114 60
49 113 40
49 113 42
49 113 44
49 113 46
49 113 48
49 113 50
49 113 52
49 113 54
49 113 56
49 113 58
49 112 40
49 112 42
49 112 44
49 112 46
49 112 48
49 112 50
49 112 52
49 112 54
49 112 56
49 111 40
49 111 42
49 111 44
49 111 46
49 111 48
49 111 50
49 111 52
49 111 54
49 110 40
49 110 42
49 110 44
49 110 46
49 110 48
49 110 50
49 110 52
49 109 40
49 109 42
49 108 40
49 108 42
49 108 44
49 108 46
49 108 48
49 108 50
49 107 40
49 107 42
49 107 44
49 107 46
49 107 48
49 106 40
49 106 42
49 106 44
49 106 46
49 105 40
49 105 42
49 105 44
49 105 46
49 104 40
49 104 42
49 104 44
49 104 46
49 103 40
49 103 42
49 103 44
49 102 40
49 102 42
49 102 44
49 101 40
49 101 42
49 100 40
49 100 42
49 99 40
49 98 40
49 97 40
49 96 40
49 95 40
49 94 40
49 93 40
49 92 40
49 91 40
49 90 40
150 146 40
150 147 40
150 148 40
149 148 40
148 149 40
147 149 40
146 149 40
145 149 40
144 149 40
144 149 42
143 149 40
143 149 42
142 149 40
142 149 42
142 149 44
141 149 40
141 149 42
141 149 44
141 149 46
141 149 48
140 149 40
140 149 42
140 149 44
140 149 46
140 149 48
140 149 50
140 149 52
140 149 54
139 149 40
139 149 42
139 149 44
139 149 46
139 149 48
139 149 50
139 149 52
139 149 54
139 149 56
139 149 58
139 149 60
139 149 62
139 149 64
138 149 40
138 149 42
138 149 44
138 149 46
138 149 48
138 149 50
138 149 52
138 149 54
138 149 56
138 149 58
138 149 60
138 149 62
138 149 64
138 149 66
138 149 68
138 149 70
138 149 72
138 149 74
137 149 40
137 149 42
137 149 44
137 149 46
137 149 48
137 149 50
137 149 52
137 149 54
137 149 56
137 149 58
137 149 60
137 149 62
137 149 64
137 149 66
137 149 68
137 149 70
137 149 72
137 149 74
137 149 76
137 149 78
137 149 80
137 149 82
137 149 84
137 149 86
137 149 88
136 149 40
136 149 42
136 149 44
136 149 46
136 149 48
136 149 50
136 149 52
136 149 54
136 149 56
136 149 58
136 149 60
136 149 62
136 149 64
136 149 66
136 149 68
136 149 70
136 149 72
136 149 74
136 149 76
136 149 78
136 149 80
136 149 82
136 149 84
136 149 86
136 149 88
136 149 90
136 149 92
136 149 94
136 149 96
136 149 98
136 149 100
135 149 40
135 149 42
135 149 44
135 149 46
135 149 48
135 149 50
135 149 52
135 149 54
135 149 56
135 149 58
135 149 60
135 149 62
135 149 64
135 149 66
135 149 68
135 149 70
135 149 72
135 149 74
135 149 76
135 149 78
135 149 80
135 149 82
135 149 84
135 149 86
135 149 88
135 149 90
135 149 92
135 149 94
135 149 96
135 149 98
135 149 100
135 149 102
135 149 104
135 149 106
135 149 108
135 149 110
135 149 112
134 149 40
134 149 42
134 149 44
134 149 46
134 149 48
134 149 50
134 149 52
134 149 54
134 149 56
134 149 58
134 149 60
134 149 62
134 149 64
134 149 66
134 149 68
134 149 70
134 149 72
134 149 74
134 149 76
134 149 78
134 149 80
134 149 82
134 149 84
134 149 86
134 149 88
134 149 90
134 149 92
134 149 94
134 149 96
134 149 98
134 149 100
134 149 102
134 149 104
134 149 106
134 149 108
134 149 110
134 149 112
134 149 114
134 149 116
134 149 118
134 149 120
133 149 40
133 149 42
133 149 44
133 149 46
133 149 48
133 149 50
133 149 52
133 149 54
133 149 56
133 149 58
133 149 60
133 149 62
133 149 64
133 149 66
133 149 68
133 149 70
133 149 72
133 149 74
133 149 76
133 149 78
133 149 80
133 149 82
133 149 84
133 149 86
133 149 88
133 149 90
133 149 92
133 149 94
133 149 96
133 149 98
133 149 100
133 149 102
133 149 104
133 149 106
133 149 108
133 149 110
133 149 112
133 149 114
133 149 116
133 149 118
133 149 120
133 149 122
133 149 124
133 149 126
132 149 40
132 149 42
132 149 44
132 149 46
132 149 48
132 149 50
132 149 52
132 149 54
132 149 56
132 149 58
132 149 60
132 149 62
132 149 64
132 149 66
132 149 68
132 149 70
132 149 72
132 149 74
132 149 76
132 149 78
132 149 80
132 149 82
132 149 84
132 149 86
132 149 88
132 149 90
132 149 92
132 149 94
132 149 96
132 149 98
132 149 100
132 149 102
132 149 104
132 149 106
132 149 108
132 149 110
132 149 112
132 149 114
132 149 116
132 149 118
132 149 120
132 149 122
132 149 124
132 149 126
132 149 128
132 149 130
132 149 132
131 149 40
131 149 42
131 149 44
131 149 46
131 149 48
131 149 50
131 149 52
131 149 54
131 149 56
131 149 58
131 149 60
131 149 62
131 149 64
131 149 66
131 149 68
131 149 70
131 149 72
131 149 74
131 149 76
131 149 78
131 149 80
131 149 82
131 149 84
131 149 86
131 149 88
131 149 90
131 149 92
131 149 94
131 149 96
131 149 98
131 149 100
131 149 102
131 149 104
131 149 106
131 149 108
131 149 110
131 149 112
131 149 114
131 149 116
131 149 118
131 149 120
131 149 122
131 149 124
131 149 126
131 149 128
131 149 130
131 149 132
131 149 134
130 149 40
130 149 42
130 149 44
130 149 46
130 149 48
130 149 50
130 149 52
130 149 54
130 149 56
130 149 58
130 149 60
130 149 62
130 149 64
130 149 66
130 149 68
130 149 70
130 149 72
130 149 74
130 149 76
130 149 78
130 149 80
130 149 82
130 149 84
130 149 86
130 149 88
130 149 90
130 149 92
130 149 94
130 149 96
130 149 98
130 149 100
130 149 102
130 149 104
130 149 106
130 149 108
130 149 110
130 149 112
130 149 114
130 149 116
130 149 118
130 149 120
130 149 122
130 149 124
130 149 126
130 149 128
130 149 130
130 149 132
130 149 134
130 149 136
129 149 40
129 149 42
129 149 44
129 149 46
129 149 48
129 149 50
129 149 52
129 149 54
129 149 56
129 149 58
129 149 60
129 149 62
129 149 64
129 149 66
129 149 68
129 149 70
129 149 72
129 149 74
129 149 76
129 149 78
129 149 80
129 149 82
129 149 84
129 149 86
129 149 88
129 149 90
129 149 92
129 149 94
129 149 96
129 149 98
129 149 100
129 149 102
129 149 104
129 149 106
129 149 108
129 149 110
129 149 112
129 149 114
129 149 116
129 149 118
129 149 120
129 149 122
129 149 124
129 149 126
129 149 128
129 149 130
129 149 132
129 149 134
129 149 136
128 149 40
128 149 42
128 149 44
128 149 46
128 149 48
128 149 50
128 149 52
128 149 54
128 149 56
128 149 58
128 149 60
128 149 62
128 149 64
128 149 66
128 149 68
128 149 70
128 149 72
128 149 74
128 149 76
128 149 78
128 149 80
128 149 82
128 149 84
128 149 86
128 149 88
128 149 90
128 149 92
128 149 94
128 149 96
128 149 98
128 149 100
128 149 102
128 149 104
128 149 106
128 149 108
128 149 110
128 149 112
128 149 114
128 149 116
128 149 118
128 149 120
128 149 122
128 149 124
128 149 126
128 149 128
128 149 130
128 149 132
128 149 134
128 149 136
128 149 138
128 149 140
127 149 40
127 149 42
127 149 44
127 149 46
127 149 48
127 149 50
127 149 52
127 149 54
127 149 56
127 149 58
127 149 60
127 149 62
127 149 64
127 149 66
127 149 68
127 149 70
127 149 72
127 149 74
127 149 76
127 149 78
127 149 80
127 149 82
127 149 84
127 149 86
127 149 88
127 149 90
127 149 92
127 149 94
127 149 96
127 149 98
127 149 100
127 149 102
127 149 104
127 149 106
127 149 108
127 149 110
127 149 112
127 149 114
127 149 116
127 149 118
127 149 120
127 149 122
127 149 124
127 149 126
127 149 128
127 149 130
127 149 132
127 149 134
127 149 136
127 149 138
127 149 140
126 149 40
126 149 42
126 149 44
126 149 46
126 149 48
126 149 50
126 149 52
126 149 54
126 149 56
126 149 58
126 149 60
126 149 62
126 149 64
126 149 66
126 149 68
126 149 70
126 149 72
126 149 74
126 149 76
126 149 78
126 149 80
126 149 82
126 149 84
126 149 86
126 149 88
126 149 90
126 149 92
126 149 94
126 149 96
126 149 98
126 149 100
126 149 102
126 149 104
126 149 106
126 149 108
126 149 110
126 149 112
126 149 114
126 149 116
126 149 118
126 149 120
126 149 122
126 149 124
126 149 126
126 149 128
126 149 130
126 149 132
126 149 134
126 149 136
126 149 138
126 149 140
125 149 40
125 149 42
125 149 44
125 149 46
125 149 48
125 149 50
125 149 52
125 149 54
125 149 56
125 149 58
125 149 60
125 149 62
125 149 64
125 149 66
125 149 68
125 149 70
125 149 72
125 149 74
125 149 76
125 149 78
125 149 80
125 149 82
125 149 84
125 149 86
125 149 88
125 149 90
125 149 92
125 149 94
125 149 96
125 149 98
125 149 100
125 149 102
125 149 104
125 149 106
125 149 108
125 149 110
125 149 112
125 149 114
125 149 116
125 149 118
125 149 120
125 149 122
125 149 124
125 149 126
125 149 128
125 149 130
125 149 132
125 149 134
125 149 136
125 149 138
124 149 40
124 149 42
124 149 44
124 149 46
124 149 48
124 149 50
124 149 52
124 149 54
124 149 56
124 149 58
124 149 60
124 149 62
124 149 64
124 149 66
124 149 68
124 149 70
124 149 72
124 149 74
124 149 76
124 149 78
124 149 80
124 149 82
124 149 84
124 149 86
124 149 88
124 149 90
124 149 92
124 149 94
124 149 96
124 149 98
124 149 100
124 149 102
124 149 104
124 149 106
124 149 108
124 149 110
124 149 112
124 149 114
124 149 116
124 149 118
124 149 120
124 149 122
124 149 124
124 149 126
124 149 128
124 149 130
124 149 132
124 149 134
124 149 136
124 149 138
123 149 40
123 149 42
123 149 44
123 149 46
123 149 48
123 149 50
123 149 52
123 149 54
123 149 56
123 149 58
123 149 60
123 149 62
123 149 64
123 149 66
123 149 68
123 149 70
123 149 72
123 149 74
123 149 76
123 149 78
123 149 80
123 149 82
123 149 84
123 149 86
123 149 88
123 149 90
123 149 92
123 149 94
123 149 96
123 149 98
123 149 100
123 149 102
123 149 104
123 149 106
123 149 108
123 149 110
123 149 112
123 149 114
123 149 116
123 149 118
123 149 120
123 149 122
123 149 124
123 149 126
123 149 128
123 149 130
123 149 132
123 149 134
123 149 136
122 149 40
122 149 42
122 149 44
122 149 46
122 149 48
122 149 50
122 149 52
122 149 54
122 149 56
122 149 58
122 149 60
122 149 62
122 149 64
122 149 66
122 149 68
122 149 70
122 149 72
122 149 74
122 149 76
122 149 78
122 149 80
122 149 82
122 149 84
122 149 86
122 149 88
122 149 90
122 149 92
122 149 94
122 149 96
122 149 98
122 149 100
122 149 102
122 149 104
122 149 106
122 149 108
122 149 110
122 149 112
122 149 114
122 149 116
122 149 118
122 149 120
122 149 122
122 149 124
122 149 126
122 149 128
122 149 130
122 149 132
121 149 40
121 149 42
121 149 44
121 149 46
121 149 48
121 149 50
121 149 52
121 149 54
121 149 56
121 149 58
121 149 60
121 149 62
121 149 64
121 149 66
121 149 68
121 149 70
121 149 72
121 149 74
121 149 76
121 149 78
121 149 80
121 149 82
121 149 84
121 149 86
121 149 88
121 149 90
121 149 92
121 149 94
121 149 96
121 149 98
121 149 100
121 149 102
121 149 104
121 149 106
121 149 108
121 149 110
121 149 112
121 149 114
121 149 116
121 149 118
121 149 120
121 149 122
121 149 124
121 149 126
121 149 128
121 149 130
120 149 40
120 149 42
120 149 44
120 149 46
120 149 48
120 149 50
120 149 52
120 149 54
120 149 56
120 149 58
120 149 60
120 149 62
120 149 64
120 149 66
120 149 68
120 149 70
120 149 72
120 149 74
120 149 76
120 149 78
120 149 80
120 149 82
120 149 84
120 149 86
120 149 88
120 149 90
120 149 92
120 149 94
120 149 96
120 149 98
120 149 100
120 149 102
120 149 104
120 149 106
120 149 108
120 149 110
120 149 112
120 149 114
120 149 116
120 149 118
120 149 120
120 149 122
120 149 124
119 149 40
119 149 42
119 149 44
119 149 46
119 149 48
119 149 50
119 149 52
119 149 54
119 149 56
119 149 58
119 149 60
119 149 62
119 149 64
119 149 66
119 149 68
119 149 70
119 149 72
119 149 74
119 149 76
119 149 78
119 149 80
119 149 82
119 149 84
119 149 86
119 149 88
119 149 90
119 149 92
119 149 94
119 149 96
119 149 98
119 149 100
119 149 102
119 149 104
119 149 106
119 149 108
119 149 110
119 149 112
119 149 114
119 149 116
119 149 118
118 149 40
118 149 42
118 149 44
118 149 46
118 149 48
118 149 50
118 149 52
118 149 54
118 149 56
118 149 58
118 149 60
118 149 62
118 149 64
118 149 66
118 149 68
118 149 70
118 149 72
118 149 74
118 149 76
118 149 78
118 149 80
118 149 82
118 149 84
118 149 86
118 149 88
118 149 90
118 149 92
118 149 94
118 149 96
118 149 98
118 149 100
118 149 102
118 149 104
118 149 106
118 149 108
118 149 110
118 149 112
117 149 40
117 149 42
117 149 44
117 149 46
117 149 48
117 149 50
117 149 52
117 149 54
117 149 56
117 149 58
117 149 60
117 149 62
117 149 64
117 149 66
117 149 68
117 149 70
117 149 72
117 149 74
117 149 76
117 149 78
117 149 80
117 149 82
117 149 84
117 149 86
117 149 88
117 149 90
117 149 92
117 149 94
117 149 96
117 149 98
117 149 100
117 149 102
116 149 40
116 149 42
116 149 44
116 149 46
116 149 48
116 149 50
116 149 52
116 149 54
116 149 56
116 149 58
116 149 60
116 149 62
116 149 64
116 149 66
116 149 68
116 149 70
116 149 72
116 149 74
116 149 76
116 149 78
116 149 80
116 149 82
116 149 84
116 149 86
116 149 88
116 149 90
116 149 92
115 149 40
115 149 42
115 149 44
115 149 46
115 149 48
115 149 50
115 149 52
115 149 54
115 149 56
115 149 58
115 149 60
115 149 62
115 149 64
115 149 66
115 149 68
115 149 70
115 149 72
115 149 74
115 149 76
115 149 78
115 149 80
115 149 82
114 149 40
114 149 42
114 149 44
114 149 46
114 149 48
114 149 50
114 149 52
114 149 54
114 149 56
114 149 58
114 149 60
114 149 62
114 149 64
114 149 66
114 149 68
114 149 70
113 149 40
113 149 42
113 149 44
113 149 46
113 149 48
113 149 50
113 149 52
113 149 54
113 149 56
113 149 58
113 149 60
112 149 40
112 149 42
112 149 44
112 149 46
112 149 48
112 149 50
112 149 52
111 149 40
111 149 42
111 149 44
111 149 46
110 149 40
110 149 42
110 149 44
108 149 40
107 149 40
106 149 40
105 149 40
104 149 40
103 149 40
102 149 40
101 149 40
100 149 40
99 149 40
98 149 40
97 149 40
96 149 40
95 149 40
94 149 40
93 149 40
92 149 40
91 149 40
90 149 40
88 149 40
88 148 40
87 148 40
87 147 40
86 147 40
86 146 40
85 146 40
84 146 40
84 145 40
83 145 40
82 145 40
81 145 40
179 170 40
178 170 40
177 170 40
176 170 40
175 170 40
174 170 40
174 170 42
173 170 40
173 170 42
172 170 40
172 170 42
171 170 40
171 170 42
171 170 44
170 170 40
170 170 42
170 170 44
170 169 40
170 169 42
170 169 44
170 169 46
169 168 40
169 168 42
169 168 44
169 168 46
169 168 48
169 168 50
168 168 40
168 168 42
168 168 44
168 168 46
168 168 48
168 168 50
168 168 52
168 167 40
168 167 42
168 167 44
168 167 46
168 167 48
168 167 50
168 167 52
168 167 54
168 167 56
167 167 40
167 167 42
167 167 44
167 167 46
167 167 48
167 167 50
167 167 52
167 167 54
167 167 56
167 166 40
167 166 42
167 166 44
167 166 46
167 166 48
167 166 50
167 166 52
167 166 54
167 166 56
167 166 58
166 166 40
166 166 42
166 166 44
166 166 46
166 166 48
166 166 50
166 166 52
166 166 54
166 166 56
166 166 58
166 166 60
166 165 40
166 165 42
166 165 44
166 165 46
166 165 48
166 165 50
166 165 52
166 165 54
166 165 56
166 165 58
166 165 60
166 165 62
165 165 40
165 165 42
165 165 44
165 165 46
165 165 48
165 165 50
165 165 52
165 165 54
165 165 56
165 165 58
165 165 60
165 165 62
164 165 40
164 165 42
164 165 44
164 165 46
164 165 48
164 165 50
164 165 52
164 165 54
164 165 56
164 165 58
164 165 60
164 165 62
164 164 40
164 164 42
164 164 44
164 164 46
164 164 48
164 164 50
164 164 52
164 164 54
164 164 56
164 164 58
164 164 60
164 164 62
163 164 40
163 164 42
163 164 44
163 164 46
163 164 48
163 164 50
163 164 52
163 164 54
163 164 56
163 164 58
163 164 60
163 164 62
163 163 40
163 163 42
163 163 44
163 163 46
163 163 48
163 163 50
163 163 52
163 163 54
163 163 56
163 163 58
163 163 60
163 163 62
163 162 40
163 162 42
163 162 44
163 162 46
163 162 48
163 162 50
163 162 52
163 162 54
163 162 56
163 162 58
163 162 60
163 162 62
162 162 40
162 162 42
162 162 44
162 162 46
162 162 48
162 162 50
162 162 52
162 162 54
162 162 56
162 162 58
162 162 60
162 162 62
162 161 40
162 161 42
162 161 44
162 161 46
162 161 48
162 161 50
162 161 52
162 161 54
162 161 56
162 161 58
162 161 60
162 161 62
161 161 40
161 161 42
161 161 44
161 161 46
161 161 48
161 161 50
161 161 52
161 161 54
161 161 56
161 161 58
161 161 60
161 160 40
161 160 42
161 160 44
161 160 46
161 160 48
161 160 50
161 160 52
161 160 54
161 160 56
161 160 58
161 160 60
160 160 40
160 160 42
160 160 44
160 160 46
160 160 48
160 160 50
160 160 52
160 160 54
160 160 56
160 160 58
160 159 40
160 159 42
160 159 44
160 159 46
160 159 48
160 159 50
160 159 52
160 159 54
160 159 56
160 159 58
159 159 40
159 159 42
159 159 44
159 159 46
159 159 48
159 159 50
159 159 52
159 159 54
159 159 56
159 158 40
159 158 42
159 158 44
159 158 46
159 158 48
159 158 50
159 158 52
159 158 54
158 158 40
158 158 42
158 158 44
158 158 46
158 158 48
158 158 50
158 158 52
157 158 40
157 158 42
157 158 44
157 158 46
157 158 48
157 158 50
157 157 40
157 157 42
157 157 44
157 157 46
157 157 48
157 156 40
157 156 42
157 156 44
157 156 46
156 156 40
156 156 42
156 156 44
155 156 40
155 156 42
155 156 44
155 155 40
155 155 42
154 155 40
154 155 42
154 154 40
153 154 40
153 153 40
152 153 40
152 152 40
151 152 40
151 151 40
150 151 40
150 150 40
150 149 40
28 184 40
28 185 40
28 186 40
28 187 40
29 187 40
30 187 40
31 187 40
32 187 40
32 186 40
33 186 40
33 185 40
33 184 40
34 184 40
34 183 40
35 183 40
36 183 40
36 182 40
37 182 40
37 182 42
37 181 40
37 181 42
38 181 40
38 181 42
38 180 40
38 180 42
39 180 40
39 180 42
39 179 40
39 179 42
40 179 40
40 179 42
40 179 44
40 178 40
40 178 42
40 178 44
40 178 46
40 177 40
40 177 42
40 177 44
40 177 46
41 177 40
41 177 42
41 177 44
41 177 46
41 177 48
42 177 40
42 177 42
42 177 44
42 177 46
42 177 48
42 177 50
42 176 40
42 176 42
42 176 44
42 176 46
42 176 48
42 176 50
42 176 52
42 176 54
42 175 40
42 175 42
42 175 44
42 175 46
42 175 48
42 175 50
42 175 52
42 175 54
42 175 56
43 175 40
43 175 42
43 175 44
43 175 46
43 175 48
43 175 50
43 175 52
43 175 54
43 175 56
43 175 58
44 175 40
44 175 42
44 175 44
44 175 46
44 175 48
44 175 50
44 175 52
44 175 54
44 175 56
44 175 58
44 175 60
44 175 62
44 174 40
44 174 42
44 174 44
44 174 46
44 174 48
44 174 50
44 174 52
44 174 54
44 174 56
44 174 58
44 174 60
44 174 62
44 174 64
44 173 40
44 173 42
44 173 44
44 173 46
44 173 48
44 173 50
44 173 52
44 173 54
44 173 56
44 173 58
44 173 60
44 173 62
44 173 64
44 173 66
44 173 68
45 173 40
45 173 42
45 173 44
45 173 46
45 173 48
45 173 50
45 173 52
45 173 54
45 173 56
45 173 58
45 173 60
45 173 62
45 173 64
45 173 66
45 173 68
45 173 70
45 172 40
45 172 42
45 172 44
45 172 46
45 172 48
45 172 50
45 172 52
45 172 54
45 172 56
45 172 58
45 172 60
45 172 62
45 172 64
45 172 66
45 172 68
45 172 70
45 172 72
45 172 74
46 172 40
46 172 42
46 172 44
46 172 46
46 172 48
46 172 50
46 172 52
46 172 54
46 172 56
46 172 58
46 172 60
46 172 62
46 172 64
46 172 66
46 172 68
46 172 70
46 172 72
46 172 74
46 172 76
47 172 40
47 172 42
47 172 44
47 172 46
47 172 48
47 172 50
47 172 52
47 172 54
47 172 56
47 172 58
47 172 60
47 172 62
47 172 64
47 172 66
47 172 68
47 172 70
47 172 72
47 172 74
47 172 76
48 172 40
48 172 42
48 172 44
48 172 46
48 172 48
48 172 50
48 172 52
48 172 54
48 172 56
48 172 58
48 172 60
48 172 62
48 172 64
48 172 66
48 172 68
48 172 70
48 172 72
48 172 74
48 172 76
48 172 78
49 172 40
49 172 42
49 172 44
49 172 46
49 172 48
49 172 50
49 172 52
49 172 54
49 172 56
49 172 58
49 172 60
49 172 62
49 172 64
49 172 66
49 172 68
49 172 70
49 172 72
49 172 74
49 172 76
49 171 40
49 171 42
49 171 44
49 171 46
49 171 48
49 171 50
49 171 52
49 171 54
49 171 56
49 171 58
49 171 60
49 171 62
49 171 64
49 171 66
49 171 68
49 171 70
49 171 72
49 171 74
49 171 76
49 171 78
49 170 40
49 170 42
49 170 44
49 170 46
49 170 48
49 170 50
49 170 52
49 170 54
49 170 56
49 170 58
49 170 60
49 170 62
49 170 64
49 170 66
49 170 68
49 170 70
49 170 72
49 170 74
49 170 76
49 170 78
49 170 80
49 169 40
49 169 42
49 169 44
49 169 46
49 169 48
49 169 50
49 169 52
49 169 54
49 169 56
49 169 58
49 169 60
49 169 62
49 169 64
49 169 66
49 169 68
49 169 70
49 169 72
49 169 74
49 169 76
49 168 40
49 168 42
49 168 44
49 168 46
49 168 48
49 168 50
49 168 52
49 168 54
49 168 56
49 168 58
49 168 60
49 168 62
49 168 64
49 168 66
49 168 68
49 168 70
49 168 72
49 168 74
49 168 76
49 168 78
49 168 80
49 167 40
49 167 42
49 167 44
49 167 46
49 167 48
49 167 50
49 167 52
49 167 54
49 167 56
49 167 58
49 167 60
49 167 62
49 167 64
49 167 66
49 167 68
49 167 70
49 167 72
49 167 74
49 167 76
49 167 78
49 167 80
49 166 40
49 166 42
49 166 44
49 166 46
49 166 48
49 166 50
49 166 52
49 166 54
49 166 56
49 166 58
49 166 60
49 166 62
49 166 64
49 166 66
49 166 68
49 166 70
49 166 72
49 166 74
49 166 76
49 166 78
49 166 80
50 166 40
50 166 42
50 166 44
50 166 46
50 166 48
50 166 50
50 166 52
50 166 54
50 166 56
50 166 58
50 166 60
50 166 62
50 166 64
50 166 66
50 166 68
50 166 70
50 166 72
50 166 74
50 166 76
51 166 40
51 166 42
51 166 44
51 166 46
51 166 48
51 166 50
51 166 52
51 166 54
51 166 56
51 166 58
51 166 60
51 166 62
51 166 64
51 166 66
51 166 68
51 166 70
51 166 72
52 166 40
52 166 42
52 166 44
52 166 46
52 166 48
52 166 50
52 166 52
52 166 54
52 166 56
52 166 58
52 166 60
52 166 62
52 166 64
52 166 66
52 166 68
52 166 70
52 165 40
52 165 42
52 165 44
52 165 46
52 165 48
52 165 50
52 165 52
52 165 54
52 165 56
52 165 58
52 165 60
52 165 62
52 165 64
52 165 66
52 165 68
53 165 40
53 165 42
53 165 44
53 165 46
53 165 48
53 165 50
53 165 52
53 165 54
53 165 56
53 165 58
53 165 60
53 165 62
53 165 64
53 164 40
53 164 42
53 164 44
53 164 46
53 164 48
53 164 50
53 164 52
53 164 54
53 164 56
53 164 58
53 164 60
54 164 40
54 164 42
54 164 44
54 164 46
54 164 48
54 164 50
54 164 52
54 164 54
54 164 56
54 164 58
54 163 40
54 163 42
54 163 44
54 163 46
54 163 48
54 163 50
54 163 52
54 163 54
54 163 56
55 163 40
55 163 42
55 163 44
55 163 46
55 163 48
55 163 50
55 163 52
55 162 40
55 162 42
55 162 44
55 162 46
55 162 48
55 162 50
56 162 40
56 162 42
56 162 44
56 162 46
56 162 48
56 162 50
56 161 40
56 161 42
56 161 44
56 161 46
56 161 48
57 161 40
57 161 42
57 161 44
57 161 46
57 160 40
57 160 42
57 160 44
57 160 46
58 160 40
58 160 42
58 160 44
58 159 40
58 159 42
58 159 44
59 159 40
59 159 42
59 159 44
59 158 40
59 158 42
60 158 40
60 158 42
60 157 40
60 157 42
61 157 40
61 157 42
61 156 40
61 156 42
62 156 40
62 156 42
62 155 40
63 155 40
63 155 42
64 155 40
64 155 42
64 154 40
64 153 40
65 153 40
66 153 40
66 152 40
67 152 40
67 151 40
68 151 40
68 150 40
68 149 40
68 148 40
