9 9 100
9 29 100
9 49 100
9 69 100
9 89 100
9 109 100
9 129 100
9 149 100
9 169 100
9 189 100
29 9 100
29 29 100
29 49 100
29 69 100
29 89 100
29 109 100
29 129 100
29 149 100
29 169 100
29 189 100
49 9 100
49 29 100
49 49 100
49 69 100
49 89 100
49 109 100
49 129 100
49 149 100
49 169 100
49 189 100
69 9 100
69 29 100
69 49 100
69 69 100
69 89 100
69 109 100
69 129 100
69 149 100
69 169 100
69 189 100
89 9 100
89 29 100
89 49 100
89 69 100
89 89 100
89 109 100
89 129 100
89 149 100
89 169 100
89 189 100
109 9 100
109 29 100
109 49 100
109 69 100
109 89 100
109 109 100
109 129 100
109 149 100
109 169 100
109 189 100
129 9 100
129 29 100
129 49 100
129 69 100
129 89 100
129 109 100
129 129 100
129 149 100
129 169 100
129 189 100
149 9 100
149 29 100
149 49 100
149 69 100
149 89 100
149 109 100
149 129 100
149 149 100
149 169 100
149 189 100
169 9 100
169 29 100
169 49 100
169 69 100
169 89 100
169 109 100
169 129 100
169 149 100
169 169 100
169 189 100
189 9 100
189 29 100
189 49 100
189 69 100
189 89 100
189 109 100
189 129 100
189 149 100
189 169 100
189 189 100
9 9 100
9 29 100
9 49 100
9 149 100
29 29 100
29 49 100
29 89 100
29 149 100
29 189 100
49 49 100
49 69 100
49 89 100
49 189 100
69 9 100
69 69 100
69 89 100
69 149 100
69 189 100
89 9 100
89 109 100
89 129 100
89 149 100
89 169 100
89 189 100
109 9 100
109 49 100
109 109 100
109 129 100
109 169 100
129 9 100
129 29 100
129 49 100
129 69 100
129 89 100
129 109 100
129 129 100
129 149 100
149 29 100
149 69 100
149 89 100
149 149 100
149 189 100
169 9 100
169 89 100
169 149 100
169 169 100
169 189 100
189 9 100
189 49 100
189 89 100
189 149 100
189 189 100
189 122 40
99 22 40
53 114 40
153 48 40
14 177 40
14 176 40
14 175 40
14 174 40
14 173 40
14 172 40
14 171 40
15 171 40
16 171 40
17 171 40
18 171 40
19 171 40
20 171 40
21 171 40
22 171 40
23 171 40
24 171 40
25 171 40
26 171 40
27 171 40
27 170 40
28 170 40
28 169 40
30 169 40
31 169 40
31 169 41
32 169 40
32 169 41
33 169 40
33 169 41
34 169 40
34 169 41
35 169 40
35 169 41
36 169 40
36 169 41
37 169 40
37 169 41
38 169 40
38 169 41
39 169 40
39 169 41
40 169 40
40 169 41
41 169 40
41 169 41
42 169 40
42 169 41
43 169 40
43 169 41
44 169 40
44 169 41
45 169 40
45 169 41
46 169 40
46 169 41
47 169 40
47 169 41
48 169 40
49 168 40
49 167 40
49 166 40
49 165 40
49 164 40
49 163 40
49 162 40
49 161 40
49 160 40
49 159 40
49 158 40
49 157 40
49 156 40
49 155 40
49 154 40
49 153 40
49 152 40
49 151 40
49 150 40
49 148 40
49 147 40
49 146 40
49 145 40
49 144 40
49 143 40
49 142 40
49 141 40
49 140 40
49 139 40
49 138 40
49 137 40
49 136 40
49 135 40
49 134 40
49 133 40
49 132 40
49 131 40
49 130 40
49 128 40
50 128 40
50 127 40
51 127 40
51 126 40
51 125 40
51 124 40
51 123 40
51 122 40
51 121 40
51 120 40
51 119 40
51 118 40
51 117 40
51 116 40
51 115 40
51 114 40
52 114 40
154 48 40
155 48 40
156 48 40
157 48 40
158 48 40
159 48 40
160 48 40
161 48 40
162 48 40
163 48 40
164 48 40
165 48 40
166 48 40
167 48 40
168 48 40
168 49 40
169 50 40
169 51 40
169 52 40
169 53 40
169 54 40
169 55 40
169 56 40
169 57 40
169 58 40
169 59 40
169 60 40
169 61 40
169 62 40
169 63 40
169 64 40
169 65 40
169 66 40
169 67 40
169 68 40
169 70 40
169 71 40
169 72 40
169 73 40
169 74 40
169 75 40
169 76 40
169 76 41
169 77 40
169 77 41
169 77 42
169 78 40
169 78 41
169 78 42
169 78 43
169 79 40
169 79 41
169 79 42
169 79 43
169 79 44
169 80 40
169 80 41
169 80 42
169 80 43
169 80 44
169 80 45
169 80 46
169 81 40
169 81 41
169 81 42
169 81 43
169 81 44
169 81 45
169 81 46
169 81 47
169 81 48
169 82 40
169 82 41
169 82 42
169 82 43
169 82 44
169 82 45
169 82 46
169 82 47
169 82 48
169 82 49
169 83 40
169 83 41
169 83 42
169 83 43
169 83 44
169 83 45
169 83 46
169 83 47
169 83 48
169 83 49
169 84 40
169 84 41
169 84 42
169 84 43
169 84 44
169 84 45
169 84 46
169 84 47
169 84 48
169 84 49
169 84 50
169 85 40
169 85 41
169 85 42
169 85 43
169 85 44
169 85 45
169 85 46
169 85 47
169 85 48
169 85 49
169 85 50
169 86 40
169 86 41
169 86 42
169 86 43
169 86 44
169 86 45
169 86 46
169 86 47
169 86 48
169 86 49
169 86 50
169 87 40
169 87 41
169 87 42
169 87 43
169 87 44
169 87 45
169 87 46
169 87 47
169 87 48
169 87 49
169 87 50
169 88 40
169 88 41
169 88 42
169 88 43
169 88 44
169 88 45
169 88 46
169 88 47
169 88 48
169 88 49
169 88 50
169 89 40
169 89 41
169 89 42
169 89 43
169 89 44
169 89 45
169 89 46
169 90 40
169 90 41
169 90 42
169 90 43
169 90 44
169 90 45
169 90 46
169 90 47
169 90 48
169 90 49
169 90 50
169 91 40
169 91 41
169 91 42
169 91 43
169 91 44
169 91 45
169 91 46
169 91 47
169 91 48
169 91 49
169 91 50
169 92 40
169 92 41
169 92 42
169 92 43
169 92 44
169 92 45
169 92 46
169 92 47
169 92 48
169 92 49
169 93 40
169 93 41
169 93 42
169 93 43
169 93 44
169 93 45
169 93 46
169 93 47
169 94 40
169 94 41
169 94 42
169 94 43
169 94 44
169 94 45
169 94 46
169 95 40
169 95 41
169 95 42
169 95 43
169 95 44
169 96 40
169 96 41
169 96 42
169 96 43
169 97 40
169 97 41
169 97 42
169 97 43
169 98 40
169 98 41
169 98 42
169 99 40
169 99 41
169 99 42
169 100 40
169 100 41
169 100 42
169 101 40
169 101 41
169 101 42
169 102 40
169 102 41
169 102 42
169 103 40
169 103 41
169 104 40
169 104 41
169 105 40
169 105 41
169 106 40
169 107 40
169 108 40
170 109 40
171 109 40
172 109 40
173 109 40
174 109 40
175 109 40
176 109 40
177 109 40
178 109 40
179 109 40
180 109 40
181 109 40
182 109 40
183 109 40
184 109 40
185 109 40
186 109 40
187 109 40
188 109 40
189 110 40
189 111 40
189 112 40
189 113 40
189 114 40
189 115 40
189 116 40
189 117 40
189 118 40
189 119 40
189 120 40
189 121 40
