9 9 100
9 29 100
9 49 100
9 69 100
9 89 100
9 109 100
9 129 100
9 149 100
9 169 100
9 189 100
29 9 100
29 29 100
29 49 100
29 69 100
29 89 100
29 109 100
29 129 100
29 149 100
29 169 100
29 189 100
49 9 100
49 29 100
49 49 100
49 69 100
49 89 100
49 109 100
49 129 100
49 149 100
49 169 100
49 189 100
69 9 100
69 29 100
69 49 100
69 69 100
69 89 100
69 109 100
69 129 100
69 149 100
69 169 100
69 189 100
89 9 100
89 29 100
89 49 100
89 69 100
89 89 100
89 109 100
89 129 100
89 149 100
89 169 100
89 189 100
109 9 100
109 29 100
109 49 100
109 69 100
109 89 100
109 109 100
109 129 100
109 149 100
109 169 100
109 189 100
129 9 100
129 29 100
129 49 100
129 69 100
129 89 100
129 109 100
129 129 100
129 149 100
129 169 100
129 189 100
149 9 100
149 29 100
149 49 100
149 69 100
149 89 100
149 109 100
149 129 100
149 149 100
149 169 100
149 189 100
169 9 100
169 29 100
169 49 100
169 69 100
169 89 100
169 109 100
169 129 100
169 149 100
169 169 100
169 189 100
189 9 100
189 29 100
189 49 100
189 69 100
189 89 100
189 109 100
189 129 100
189 149 100
189 169 100
189 189 100
9 29 100
9 49 100
9 69 100
9 89 100
9 109 100
9 129 100
9 149 100
9 169 100
9 189 100
29 9 100
29 29 100
29 69 100
29 89 100
29 129 100
29 149 100
29 189 100
49 69 100
49 89 100
49 109 100
49 129 100
49 149 100
49 169 100
49 189 100
69 9 100
69 29 100
69 49 100
69 69 100
69 89 100
69 109 100
69 129 100
69 149 100
69 189 100
89 9 100
89 29 100
89 49 100
89 69 100
89 89 100
89 129 100
89 149 100
89 169 100
89 189 100
109 49 100
109 69 100
109 89 100
109 109 100
109 129 100
109 149 100
109 169 100
109 189 100
129 9 100
129 29 100
129 49 100
129 69 100
129 89 100
129 109 100
129 169 100
149 9 100
149 29 100
149 49 100
149 69 100
149 89 100
149 109 100
149 129 100
149 149 100
149 169 100
149 189 100
169 9 100
169 29 100
169 49 100
169 89 100
169 109 100
169 129 100
169 149 100
169 169 100
189 9 100
189 29 100
189 49 100
189 69 100
189 89 100
189 129 100
189 149 100
189 169 100
2 136 40
184 188 40
184 188 72
147 80 40
122 25 40
122 25 72
67 101 40
67 101 72
67 101 104
67 101 136
66 101 40
66 101 72
66 101 104
66 101 136
66 101 168
65 101 40
65 101 72
65 101 104
65 101 136
65 101 168
64 101 40
64 101 72
64 101 104
64 101 136
64 101 168
64 101 200
63 101 40
63 101 72
63 101 104
63 101 136
63 101 168
63 101 200
62 101 40
62 101 72
62 101 104
62 101 136
62 101 168
62 101 200
62 101 232
61 101 40
61 101 72
61 101 104
61 101 136
61 101 168
61 101 200
61 101 232
60 101 40
60 101 72
60 101 104
60 101 136
60 101 168
60 101 200
60 101 232
59 101 40
59 101 72
59 101 104
59 101 136
59 101 168
59 101 200
59 101 232
58 101 40
58 101 72
58 101 104
58 101 136
58 101 168
58 101 200
58 101 232
58 101 264
57 101 40
57 101 72
57 101 104
57 101 136
57 101 168
57 101 200
57 101 232
57 101 264
56 101 40
56 101 72
56 101 104
56 101 136
56 101 168
56 101 200
56 101 232
56 101 264
55 101 40
55 101 72
55 101 104
55 101 136
55 101 168
55 101 200
55 101 232
55 101 264
54 101 40
54 101 72
54 101 104
54 101 136
54 101 168
54 101 200
54 101 232
54 101 264
53 101 40
53 101 72
53 101 104
53 101 136
53 101 168
53 101 200
53 101 232
52 101 40
52 101 72
52 101 104
52 101 136
52 101 168
52 101 200
52 101 232
51 101 40
51 101 72
51 101 104
51 101 136
51 101 168
51 101 200
51 101 232
50 101 40
50 101 72
50 101 104
50 101 136
50 101 168
50 101 200
50 101 232
49 101 40
49 101 72
49 101 104
49 101 136
49 101 168
49 101 200
49 101 232
48 101 40
48 101 72
48 101 104
48 101 136
48 101 168
48 101 200
48 101 232
47 101 40
47 101 72
47 101 104
47 101 136
47 101 168
47 101 200
47 101 232
46 101 40
46 101 72
46 101 104
46 101 136
46 101 168
46 101 200
46 101 232
45 101 40
45 101 72
45 101 104
45 101 136
45 101 168
45 101 200
45 101 232
44 101 40
44 101 72
44 101 104
44 101 136
44 101 168
44 101 200
43 101 40
43 101 72
43 101 104
43 101 136
43 101 168
43 101 200
42 101 40
42 101 72
42 101 104
42 101 136
42 101 168
42 101 200
41 101 40
41 101 72
41 101 104
41 101 136
41 101 168
41 101 200
40 101 40
40 101 72
40 101 104
40 101 136
40 101 168
39 101 40
39 101 72
39 101 104
39 101 136
38 101 40
38 101 72
38 101 104
38 101 136
37 101 40
37 101 72
37 101 104
36 101 40
36 101 72
36 101 104
36 102 40
36 102 72
35 102 40
35 102 72
35 103 40
35 103 72
34 103 40
34 104 40
33 104 40
33 105 40
32 105 40
32 106 40
31 106 40
31 107 40
30 107 40
30 108 40
29 108 40
28 109 40
28 110 40
27 110 40
27 111 40
26 111 40
26 112 40
25 112 40
25 112 72
25 113 40
25 113 72
24 113 40
24 113 72
24 114 40
24 114 72
24 115 40
24 115 72
23 115 40
23 115 72
23 115 104
22 115 40
22 115 72
22 115 104
22 116 40
22 116 72
22 116 104
21 116 40
21 116 72
21 116 104
21 116 136
21 117 40
21 117 72
21 117 104
21 117 136
20 117 40
20 117 72
20 117 104
20 117 136
20 118 40
20 118 72
20 118 104
20 118 136
20 119 40
20 119 72
20 119 104
20 119 136
19 119 40
19 119 72
19 119 104
19 119 136
19 119 168
19 120 40
19 120 72
19 120 104
19 120 136
19 120 168
18 120 40
18 120 72
18 120 104
18 120 136
18 120 168
18 120 200
17 120 40
17 120 72
17 120 104
17 120 136
17 120 168
17 120 200
17 120 232
17 121 40
17 121 72
17 121 104
17 121 136
17 121 168
17 121 200
17 121 232
17 121 264
16 121 40
16 121 72
16 121 104
16 121 136
16 121 168
16 121 200
16 121 232
16 121 264
16 121 296
16 122 40
16 122 72
16 122 104
16 122 136
16 122 168
16 122 200
16 122 232
16 122 264
16 122 296
15 122 40
15 122 72
15 122 104
15 122 136
15 122 168
15 122 200
15 122 232
15 122 264
15 122 296
15 122 328
15 123 40
15 123 72
15 123 104
15 123 136
15 123 168
15 123 200
15 123 232
15 123 264
15 123 296
15 123 328
14 123 40
14 123 72
14 123 104
14 123 136
14 123 168
14 123 200
14 123 232
14 123 264
14 123 296
14 123 328
14 124 40
14 124 72
14 124 104
14 124 136
14 124 168
14 124 200
14 124 232
14 124 264
14 124 296
13 124 40
13 124 72
13 124 104
13 124 136
13 124 168
13 124 200
13 124 232
13 124 264
13 124 296
13 125 40
13 125 72
13 125 104
13 125 136
13 125 168
13 125 200
13 125 232
13 125 264
12 125 40
12 125 72
12 125 104
12 125 136
12 125 168
12 125 200
12 125 232
12 125 264
12 126 40
12 126 72
12 126 104
12 126 136
12 126 168
12 126 200
12 126 232
11 126 40
11 126 72
11 126 104
11 126 136
11 126 168
11 126 200
11 127 40
11 127 72
11 127 104
11 127 136
11 127 168
10 127 40
10 127 72
10 127 104
10 127 136
10 127 168
10 128 40
10 128 72
10 128 104
10 128 136
9 128 40
9 128 72
9 128 104
8 129 40
8 129 72
7 129 40
7 129 72
6 129 40
6 129 72
5 129 40
5 129 72
4 129 40
3 129 40
2 129 40
2 130 40
2 131 40
2 132 40
2 133 40
2 134 40
2 135 40
147 81 40
147 82 40
147 83 40
147 84 40
147 85 40
147 86 40
147 86 72
147 87 40
147 87 72
147 88 40
147 88 72
147 88 104
147 89 40
147 89 72
147 89 104
147 90 40
147 90 72
147 90 104
147 90 136
147 91 40
147 91 72
147 91 104
147 91 136
147 92 40
147 92 72
147 92 104
147 92 136
147 92 168
146 92 40
146 92 72
146 92 104
146 92 136
146 92 168
145 92 40
145 92 72
145 92 104
145 92 136
145 92 168
145 93 40
145 93 72
145 93 104
145 93 136
145 93 168
144 93 40
144 93 72
144 93 104
144 93 136
144 93 168
144 94 40
144 94 72
144 94 104
144 94 136
144 94 168
144 95 40
144 95 72
144 95 104
144 95 136
144 95 168
144 95 200
143 95 40
143 95 72
143 95 104
143 95 136
143 95 168
143 95 200
143 96 40
143 96 72
143 96 104
143 96 136
143 96 168
143 96 200
142 96 40
142 96 72
142 96 104
142 96 136
142 96 168
142 96 200
142 97 40
142 97 72
142 97 104
142 97 136
142 97 168
142 97 200
141 97 40
141 97 72
141 97 104
141 97 136
141 97 168
140 97 40
140 97 72
140 97 104
140 97 136
140 97 168
140 98 40
140 98 72
140 98 104
140 98 136
140 98 168
139 98 40
139 98 72
139 98 104
139 98 136
139 98 168
139 99 40
139 99 72
139 99 104
139 99 136
138 99 40
138 99 72
138 99 104
138 99 136
137 99 40
137 99 72
137 99 104
137 99 136
136 99 40
136 99 72
136 99 104
136 99 136
135 99 40
135 99 72
135 99 104
135 99 136
134 99 40
134 99 72
134 99 104
134 99 136
133 99 40
133 99 72
133 99 104
133 99 136
132 99 40
132 99 72
132 99 104
132 99 136
132 99 168
131 99 40
131 99 72
131 99 104
131 99 136
131 99 168
130 99 40
130 99 72
130 99 104
130 99 136
130 99 168
129 99 40
129 99 72
129 99 104
129 99 136
129 99 168
128 99 40
128 99 72
128 99 104
128 99 136
128 99 168
127 99 40
127 99 72
127 99 104
127 99 136
127 99 168
126 99 40
126 99 72
126 99 104
126 99 136
126 99 168
125 99 40
125 99 72
125 99 104
125 99 136
125 99 168
124 99 40
124 99 72
124 99 104
124 99 136
123 99 40
123 99 72
123 99 104
122 99 40
122 99 72
122 99 104
121 99 40
121 99 72
120 99 40
120 99 72
119 99 40
119 99 72
119 100 40
119 100 72
118 100 40
118 100 72
118 101 40
118 101 72
117 101 40
117 101 72
117 102 40
117 102 72
116 102 40
116 102 72
116 103 40
116 103 72
116 103 104
115 103 40
115 103 72
115 103 104
115 104 40
115 104 72
115 104 104
114 104 40
114 104 72
114 104 104
114 104 136
113 104 40
113 104 72
113 104 104
113 104 136
113 105 40
113 105 72
113 105 104
113 105 136
112 105 40
112 105 72
112 105 104
112 105 136
112 106 40
112 106 72
112 106 104
112 106 136
112 106 168
111 106 40
111 106 72
111 106 104
111 106 136
111 107 40
111 107 72
111 107 104
111 107 136
111 107 168
110 107 40
110 107 72
110 107 104
110 107 136
110 108 40
110 108 72
110 108 104
110 108 136
109 108 40
109 108 72
109 108 104
108 108 40
108 108 72
108 108 104
107 108 40
107 108 72
106 108 40
106 108 72
105 108 40
105 108 72
104 108 40
104 108 72
103 108 40
103 108 72
102 108 40
101 108 40
100 108 40
99 108 40
98 108 40
97 108 40
96 108 40
95 108 40
94 108 40
93 108 40
92 108 40
91 108 40
90 108 40
89 108 40
88 108 40
88 107 40
87 107 40
87 106 40
86 106 40
86 105 40
85 105 40
84 105 40
84 104 40
83 104 40
83 103 40
83 102 40
82 102 40
81 102 40
81 101 40
80 101 40
79 101 40
78 101 40
77 101 40
76 101 40
75 101 40
74 101 40
73 101 40
72 101 40
72 101 72
71 101 40
71 101 72
70 101 40
70 101 72
69 101 40
69 101 72
69 101 104
68 101 40
68 101 72
68 101 104
183 188 40
183 188 72
182 188 40
182 188 72
181 188 40
181 188 72
181 188 104
180 188 40
180 188 72
180 188 104
180 188 136
179 188 40
179 188 72
179 188 104
179 188 136
178 188 40
178 188 72
178 188 104
178 188 136
178 188 168
177 188 40
177 188 72
177 188 104
177 188 136
177 188 168
176 188 40
176 188 72
176 188 104
176 188 136
176 188 168
175 188 40
175 188 72
175 188 104
175 188 136
174 188 40
174 188 72
174 188 104
174 188 136
173 188 40
173 188 72
173 188 104
173 188 136
172 188 40
172 188 72
172 188 104
171 188 40
171 188 72
171 188 104
170 188 40
170 188 72
170 189 40
170 189 72
168 189 40
168 189 72
167 189 40
167 189 72
166 189 40
166 189 72
165 189 40
165 189 72
164 189 40
164 189 72
163 189 40
163 189 72
162 189 40
162 189 72
161 189 40
161 189 72
160 189 40
160 189 72
159 189 40
159 189 72
158 189 40
158 189 72
157 189 40
157 189 72
156 189 40
156 189 72
155 189 40
155 189 72
154 189 40
154 189 72
153 189 40
153 189 72
152 189 40
152 189 72
151 189 40
151 189 72
150 189 40
150 189 72
148 189 40
148 189 72
147 189 40
147 189 72
147 189 104
146 189 40
146 189 72
146 189 104
145 189 40
145 189 72
145 189 104
144 189 40
144 189 72
144 189 104
143 189 40
143 189 72
143 189 104
142 189 40
142 189 72
142 189 104
141 189 40
141 189 72
141 189 104
140 189 40
140 189 72
140 189 104
139 189 40
139 189 72
139 189 104
138 189 40
138 189 72
138 189 104
137 189 40
137 189 72
137 189 104
136 189 40
136 189 72
135 189 40
135 189 72
134 189 40
134 189 72
133 189 40
133 189 72
132 189 40
131 189 40
130 189 40
130 189 72
129 188 40
129 188 72
129 187 40
129 187 72
129 186 40
129 186 72
129 185 40
129 185 72
129 185 104
129 184 40
129 184 72
129 184 104
129 183 40
129 183 72
129 183 104
129 183 136
129 182 40
129 182 72
129 182 104
129 182 136
129 182 168
129 181 40
129 181 72
129 181 104
129 181 136
129 181 168
129 180 40
129 180 72
129 180 104
129 180 136
129 180 168
129 180 200
129 179 40
129 179 72
129 179 104
129 179 136
129 179 168
129 179 200
129 178 40
129 178 72
129 178 104
129 178 136
129 178 168
129 178 200
129 178 232
129 177 40
129 177 72
129 177 104
129 177 136
129 177 168
129 177 200
129 177 232
129 176 40
129 176 72
129 176 104
129 176 136
129 176 168
129 176 200
129 176 232
129 175 40
129 175 72
129 175 104
129 175 136
129 175 168
129 175 200
129 175 232
129 175 264
129 174 40
129 174 72
129 174 104
129 174 136
129 174 168
129 174 200
129 174 232
129 174 264
129 173 40
129 173 72
129 173 104
129 173 136
129 173 168
129 173 200
129 173 232
129 173 264
129 173 296
129 172 40
129 172 72
129 172 104
129 172 136
129 172 168
129 172 200
129 172 232
129 172 264
129 172 296
129 171 40
129 171 72
129 171 104
129 171 136
129 171 168
129 171 200
129 171 232
129 171 264
129 171 296
129 171 328
129 170 40
129 170 72
129 170 104
129 170 136
129 170 168
129 170 200
129 170 232
129 170 264
129 170 296
129 170 328
129 170 360
129 169 40
129 169 72
129 169 104
129 169 136
129 169 168
129 169 200
129 169 232
129 169 264
129 169 296
129 169 328
129 169 360
129 168 40
129 168 72
129 168 104
129 168 136
129 168 168
129 168 200
129 168 232
129 168 264
129 168 296
129 168 328
129 168 360
129 168 392
129 167 40
129 167 72
129 167 104
129 167 136
129 167 168
129 167 200
129 167 232
129 167 264
129 167 296
129 167 328
129 167 360
129 167 392
129 166 40
129 166 72
129 166 104
129 166 136
129 166 168
129 166 200
129 166 232
129 166 264
129 166 296
129 166 328
129 166 360
129 166 392
129 165 40
129 165 72
129 165 104
129 165 136
129 165 168
129 165 200
129 165 232
129 165 264
129 165 296
129 165 328
129 165 360
129 165 392
129 164 40
129 164 72
129 164 104
129 164 136
129 164 168
129 164 200
129 164 232
129 164 264
129 164 296
129 164 328
129 164 360
129 163 40
129 163 72
129 163 104
129 163 136
129 163 168
129 163 200
129 163 232
129 163 264
129 163 296
129 163 328
129 162 40
129 162 72
129 162 104
129 162 136
129 162 168
129 162 200
129 162 232
129 162 264
129 162 296
129 161 40
129 161 72
129 161 104
129 161 136
129 161 168
129 161 200
129 161 232
129 161 264
129 160 40
129 160 72
129 160 104
129 160 136
129 160 168
129 160 200
129 160 232
129 159 40
129 159 72
129 159 104
129 159 136
129 159 168
129 159 200
129 158 40
129 158 72
129 158 104
129 158 136
129 158 168
129 157 40
129 157 72
129 157 104
129 157 136
129 156 40
129 156 72
129 156 104
129 155 40
129 155 72
129 155 104
129 154 40
129 154 72
129 154 104
129 153 40
129 153 72
129 153 104
129 152 40
129 152 72
129 152 104
129 151 40
129 151 72
129 151 104
129 150 40
129 150 72
129 148 40
129 148 72
129 147 40
129 147 72
129 146 40
129 145 40
129 144 40
129 143 40
129 142 40
129 141 40
129 140 40
129 139 40
129 138 40
129 137 40
129 136 40
129 135 40
129 134 40
129 133 40
129 132 40
129 131 40
129 130 40
128 129 40
128 128 40
128 128 72
127 128 40
127 128 72
127 127 40
127 127 72
126 127 40
126 127 72
126 127 104
126 126 40
126 126 72
126 126 104
126 126 136
125 126 40
125 126 72
125 126 104
125 126 136
125 125 40
125 125 72
125 125 104
125 125 136
125 125 168
124 125 40
124 125 72
124 125 104
124 125 136
124 125 168
124 125 200
124 124 40
124 124 72
124 124 104
124 124 136
124 124 168
124 124 200
123 124 40
123 124 72
123 124 104
123 124 136
123 124 168
123 124 200
123 124 232
123 123 40
123 123 72
123 123 104
123 123 136
123 123 168
123 123 200
123 123 232
123 123 264
122 123 40
122 123 72
122 123 104
122 123 136
122 123 168
122 123 200
122 123 232
122 123 264
122 123 296
122 122 40
122 122 72
122 122 104
122 122 136
122 122 168
122 122 200
122 122 232
122 122 264
122 122 296
121 122 40
121 122 72
121 122 104
121 122 136
121 122 168
121 122 200
121 122 232
121 122 264
121 122 296
121 122 328
121 121 40
121 121 72
121 121 104
121 121 136
121 121 168
121 121 200
121 121 232
121 121 264
121 121 296
121 121 328
120 121 40
120 121 72
120 121 104
120 121 136
120 121 168
120 121 200
120 121 232
120 121 264
120 121 296
120 121 328
120 121 360
120 120 40
120 120 72
120 120 104
120 120 136
120 120 168
120 120 200
120 120 232
120 120 264
120 120 296
120 120 328
120 120 360
119 120 40
119 120 72
119 120 104
119 120 136
119 120 168
119 120 200
119 120 232
119 120 264
119 120 296
119 120 328
119 120 360
119 120 392
119 119 40
119 119 72
119 119 104
119 119 136
119 119 168
119 119 200
119 119 232
119 119 264
119 119 296
119 119 328
119 119 360
119 119 392
119 118 40
119 118 72
119 118 104
119 118 136
119 118 168
119 118 200
119 118 232
119 118 264
119 118 296
119 118 328
119 118 360
118 118 40
118 118 72
118 118 104
118 118 136
118 118 168
118 118 200
118 118 232
118 118 264
118 118 296
118 118 328
118 118 360
118 117 40
118 117 72
118 117 104
118 117 136
118 117 168
118 117 200
118 117 232
118 117 264
118 117 296
118 117 328
118 117 360
117 117 40
117 117 72
117 117 104
117 117 136
117 117 168
117 117 200
117 117 232
117 117 264
117 117 296
117 117 328
117 117 360
116 117 40
116 117 72
116 117 104
116 117 136
116 117 168
116 117 200
116 117 232
116 117 264
116 117 296
116 117 328
116 116 40
116 116 72
116 116 104
116 116 136
116 116 168
116 116 200
116 116 232
116 116 264
116 116 296
116 116 328
115 116 40
115 116 72
115 116 104
115 116 136
115 116 168
115 116 200
115 116 232
115 116 264
115 116 296
115 115 40
115 115 72
115 115 104
115 115 136
115 115 168
115 115 200
115 115 232
115 115 264
114 115 40
114 115 72
114 115 104
114 115 136
114 115 168
114 115 200
114 115 232
114 114 40
114 114 72
114 114 104
114 114 136
114 114 168
114 114 200
114 114 232
113 114 40
113 114 72
113 114 104
113 114 136
113 114 168
113 114 200
113 113 40
113 113 72
113 113 104
113 113 136
113 113 168
113 113 200
112 113 40
112 113 72
112 113 104
112 113 136
112 113 168
112 112 40
112 112 72
112 112 104
112 112 136
112 112 168
111 112 40
111 112 72
111 112 104
111 112 136
111 111 40
111 111 72
111 111 104
111 111 136
110 111 40
110 111 72
110 111 104
110 111 136
110 110 40
110 110 72
110 110 104
110 110 136
110 109 40
110 109 72
110 109 104
110 109 136
121 25 40
120 25 40
119 25 40
118 25 40
117 25 40
116 25 40
115 25 40
114 25 40
113 25 40
112 25 40
112 26 40
111 26 40
111 27 40
111 28 40
111 29 40
111 30 40
111 31 40
112 31 40
112 32 40
113 32 40
113 33 40
113 34 40
114 34 40
114 34 72
114 35 40
114 35 72
115 35 40
115 35 72
115 36 40
115 36 72
116 36 40
116 36 72
116 36 104
116 37 40
116 37 72
116 37 104
117 37 40
117 37 72
117 37 104
117 37 136
118 37 40
118 37 72
118 37 104
118 37 136
118 37 168
118 38 40
118 38 72
118 38 104
118 38 136
118 38 168
118 38 200
118 39 40
118 39 72
118 39 104
118 39 136
118 39 168
118 39 200
119 39 40
119 39 72
119 39 104
119 39 136
119 39 168
119 39 200
119 39 232
119 39 264
119 40 40
119 40 72
119 40 104
119 40 136
119 40 168
119 40 200
119 40 232
119 40 264
119 41 40
119 41 72
119 41 104
119 41 136
119 41 168
119 41 200
119 41 232
119 41 264
119 41 296
119 42 40
119 42 72
119 42 104
119 42 136
119 42 168
119 42 200
119 42 232
119 42 264
119 42 296
119 42 328
119 43 40
119 43 72
119 43 104
119 43 136
119 43 168
119 43 200
119 43 232
119 43 264
119 43 296
119 43 328
119 43 360
119 44 40
119 44 72
119 44 104
119 44 136
119 44 168
119 44 200
119 44 232
119 44 264
119 44 296
119 44 328
119 44 360
119 44 392
119 45 40
119 45 72
119 45 104
119 45 136
119 45 168
119 45 200
119 45 232
119 45 264
119 45 296
119 45 328
119 45 360
119 45 392
119 45 424
119 46 40
119 46 72
119 46 104
119 46 136
119 46 168
119 46 200
119 46 232
119 46 264
119 46 296
119 46 328
119 46 360
119 46 392
119 46 424
119 46 456
119 47 40
119 47 72
119 47 104
119 47 136
119 47 168
119 47 200
119 47 232
119 47 264
119 47 296
119 47 328
119 47 360
119 47 392
119 47 424
119 47 456
119 47 488
119 48 40
119 48 72
119 48 104
119 48 136
119 48 168
119 48 200
119 48 232
119 48 264
119 48 296
119 48 328
119 48 360
119 48 392
119 48 424
119 48 456
119 48 488
119 49 40
119 49 72
119 49 104
119 49 136
119 49 168
119 49 200
119 49 232
119 49 264
119 49 296
119 49 328
119 49 360
119 49 392
119 49 424
119 49 456
119 49 488
119 50 40
119 50 72
119 50 104
119 50 136
119 50 168
119 50 200
119 50 232
119 50 264
119 50 296
119 50 328
119 50 360
119 50 392
119 50 424
119 50 456
119 50 488
119 51 40
119 51 72
119 51 104
119 51 136
119 51 168
119 51 200
119 51 232
119 51 264
119 51 296
119 51 328
119 51 360
119 51 392
119 51 424
119 51 456
119 51 488
119 52 40
119 52 72
119 52 104
119 52 136
119 52 168
119 52 200
119 52 232
119 52 264
119 52 296
119 52 328
119 52 360
119 52 392
119 52 424
119 52 456
119 52 488
119 53 40
119 53 72
119 53 104
119 53 136
119 53 168
119 53 200
119 53 232
119 53 264
119 53 296
119 53 328
119 53 360
119 53 392
119 53 424
119 53 456
119 54 40
119 54 72
119 54 104
119 54 136
119 54 168
119 54 200
119 54 232
119 54 264
119 54 296
119 54 328
119 54 360
119 54 392
119 54 424
119 54 456
119 55 40
119 55 72
119 55 104
119 55 136
119 55 168
119 55 200
119 55 232
119 55 264
119 55 296
119 55 328
119 55 360
119 55 392
119 55 424
119 56 40
119 56 72
119 56 104
119 56 136
119 56 168
119 56 200
119 56 232
119 56 264
119 56 296
119 56 328
119 56 360
119 56 392
119 56 424
119 57 40
119 57 72
119 57 104
119 57 136
119 57 168
119 57 200
119 57 232
119 57 264
119 57 296
119 57 328
119 57 360
119 57 392
119 57 424
119 58 40
119 58 72
119 58 104
119 58 136
119 58 168
119 58 200
119 58 232
119 58 264
119 58 296
119 58 328
119 58 360
119 58 392
119 59 40
119 59 72
119 59 104
119 59 136
119 59 168
119 59 200
119 59 232
119 59 264
119 59 296
119 59 328
119 59 360
119 59 392
120 59 40
120 59 72
120 59 104
120 59 136
120 59 168
120 59 200
120 59 232
120 59 264
120 59 296
120 59 328
120 59 360
120 60 40
120 60 72
120 60 104
120 60 136
120 60 168
120 60 200
120 60 232
120 60 264
120 60 296
120 60 328
121 60 40
121 60 72
121 60 104
121 60 136
121 60 168
121 60 200
121 60 232
121 60 264
121 60 296
121 60 328
121 61 40
121 61 72
121 61 104
121 61 136
121 61 168
121 61 200
121 61 232
121 61 264
121 61 296
122 61 40
122 61 72
122 61 104
122 61 136
122 61 168
122 61 200
122 61 232
122 61 264
122 61 296
122 62 40
122 62 72
122 62 104
122 62 136
122 62 168
122 62 200
122 62 232
122 62 264
123 62 40
123 62 72
123 62 104
123 62 136
123 62 168
123 62 200
123 62 232
123 62 264
123 63 40
123 63 72
123 63 104
123 63 136
123 63 168
123 63 200
123 63 232
124 63 40
124 63 72
124 63 104
124 63 136
124 63 168
124 63 200
124 63 232
124 64 40
124 64 72
124 64 104
124 64 136
124 64 168
124 64 200
125 64 40
125 64 72
125 64 104
125 64 136
125 64 168
125 64 200
125 65 40
125 65 72
125 65 104
125 65 136
125 65 168
126 65 40
126 65 72
126 65 104
126 65 136
126 66 40
126 66 72
126 66 104
126 66 136
127 66 40
127 66 72
127 66 104
127 66 136
127 67 40
127 67 72
127 67 104
128 67 40
128 67 72
128 67 104
128 68 40
128 68 72
128 68 104
129 68 40
129 68 72
129 68 104
130 69 40
130 69 72
130 70 40
130 70 72
131 70 40
131 70 72
131 71 40
131 71 72
132 71 40
132 71 72
132 72 40
132 72 72
133 72 40
133 72 72
133 73 40
133 73 72
134 73 40
134 73 72
134 74 40
134 74 72
134 74 104
135 74 40
135 74 72
135 74 104
135 75 40
135 75 72
135 75 104
136 75 40
136 75 72
136 75 104
136 76 40
136 76 72
136 76 104
137 76 40
137 76 72
137 76 104
137 77 40
137 77 72
137 77 104
137 78 40
137 78 72
137 78 104
138 78 40
138 78 72
138 78 104
139 78 40
139 78 72
139 79 40
139 79 72
139 80 40
139 80 72
139 80 104
140 80 40
140 80 72
140 81 40
140 81 72
140 81 104
141 81 40
141 81 72
142 81 40
142 81 72
142 82 40
142 82 72
142 83 40
142 83 72
143 83 40
143 83 72
144 83 40
145 83 40
146 83 40
