9 9 100
9 29 100
9 49 100
9 69 100
9 89 100
9 109 100
9 129 100
9 149 100
9 169 100
9 189 100
29 9 100
29 29 100
29 49 100
29 69 100
29 89 100
29 109 100
29 129 100
29 149 100
29 169 100
29 189 100
49 9 100
49 29 100
49 49 100
49 69 100
49 89 100
49 109 100
49 129 100
49 149 100
49 169 100
49 189 100
69 9 100
69 29 100
69 49 100
69 69 100
69 89 100
69 109 100
69 129 100
69 149 100
69 169 100
69 189 100
89 9 100
89 29 100
89 49 100
89 69 100
89 89 100
89 109 100
89 129 100
89 149 100
89 169 100
89 189 100
109 9 100
109 29 100
109 49 100
109 69 100
109 89 100
109 109 100
109 129 100
109 149 100
109 169 100
109 189 100
129 9 100
129 29 100
129 49 100
129 69 100
129 89 100
129 109 100
129 129 100
129 149 100
129 169 100
129 189 100
149 9 100
149 29 100
149 49 100
149 69 100
149 89 100
149 109 100
149 129 100
149 149 100
149 169 100
149 189 100
169 9 100
169 29 100
169 49 100
169 69 100
169 89 100
169 109 100
169 129 100
169 149 100
169 169 100
169 189 100
189 9 100
189 29 100
189 49 100
189 69 100
189 89 100
189 109 100
189 129 100
189 149 100
189 169 100
189 189 100
9 29 100
9 49 100
9 69 100
9 89 100
9 109 100
9 149 100
9 189 100
29 29 100
29 49 100
29 69 100
29 89 100
29 109 100
29 129 100
29 169 100
49 29 100
49 109 100
49 149 100
49 169 100
49 189 100
69 9 100
69 29 100
69 49 100
69 89 100
69 129 100
69 169 100
89 49 100
89 69 100
89 89 100
89 109 100
89 129 100
89 169 100
89 189 100
109 9 100
109 29 100
109 109 100
109 169 100
109 189 100
129 9 100
129 29 100
129 49 100
129 109 100
129 129 100
129 169 100
129 189 100
149 9 100
149 49 100
149 89 100
149 109 100
149 189 100
169 9 100
169 29 100
169 49 100
169 89 100
169 109 100
169 129 100
169 149 100
189 9 100
189 49 100
189 89 100
189 109 100
189 149 100
189 169 100
189 189 100
38 20 40
170 184 40
114 139 40
140 27 40
141 27 40
142 27 40
143 27 40
144 27 40
145 27 40
146 27 40
147 27 40
148 27 40
148 28 40
148 29 40
149 30 40
149 31 40
149 32 40
149 33 40
149 34 40
149 35 40
149 36 40
149 37 40
149 38 40
149 39 40
149 40 40
149 41 40
149 42 40
149 43 40
149 44 40
149 45 40
149 46 40
149 46 41
149 47 40
149 47 41
149 47 42
149 47 43
149 48 40
149 48 41
149 48 42
149 48 43
149 48 44
149 48 45
149 48 46
149 49 40
149 49 41
149 49 42
149 49 43
149 49 44
149 50 40
149 50 41
149 50 42
149 50 43
149 50 44
149 50 45
149 50 46
149 50 47
149 50 48
149 50 49
149 50 50
149 50 51
149 51 40
149 51 41
149 51 42
149 51 43
149 51 44
149 51 45
149 51 46
149 51 47
149 51 48
149 51 49
149 51 50
149 51 51
149 52 40
149 52 41
149 52 42
149 52 43
149 52 44
149 52 45
149 52 46
149 52 47
149 52 48
149 52 49
149 52 50
149 52 51
149 53 40
149 53 41
149 53 42
149 53 43
149 53 44
149 53 45
149 53 46
149 53 47
149 53 48
149 53 49
149 53 50
149 53 51
149 54 40
149 54 41
149 54 42
149 54 43
149 54 44
149 54 45
149 54 46
149 54 47
149 54 48
149 54 49
149 54 50
149 55 40
149 55 41
149 55 42
149 55 43
149 55 44
149 55 45
149 55 46
149 55 47
149 55 48
149 55 49
149 56 40
149 56 41
149 56 42
149 56 43
149 56 44
149 56 45
149 56 46
149 56 47
149 57 40
149 57 41
149 57 42
149 57 43
149 57 44
149 57 45
149 58 40
149 58 41
149 58 42
149 58 43
149 58 44
149 59 40
149 59 41
149 59 42
149 59 43
149 60 40
149 60 41
149 60 42
149 61 40
149 61 41
149 61 42
149 62 40
149 62 41
149 62 42
149 63 40
149 63 41
149 63 42
149 64 40
149 64 41
149 64 42
149 65 40
149 65 41
149 65 42
149 66 40
149 66 41
149 67 40
149 67 41
149 68 40
148 69 40
147 69 40
146 69 40
145 69 40
144 69 40
143 69 40
142 69 40
141 69 40
140 69 40
139 69 40
138 69 40
137 69 40
136 69 40
135 69 40
134 69 40
133 69 40
132 69 40
131 69 40
130 69 40
129 70 40
129 71 40
129 72 40
129 73 40
129 74 40
129 75 40
129 76 40
129 77 40
129 78 40
129 79 40
129 80 40
129 81 40
129 82 40
129 83 40
129 84 40
129 85 40
129 86 40
129 87 40
129 88 40
128 89 40
127 89 40
126 89 40
125 89 40
124 89 40
123 89 40
122 89 40
121 89 40
120 89 40
119 89 40
118 89 40
117 89 40
116 89 40
115 89 40
114 89 40
113 89 40
112 89 40
111 89 40
110 89 40
109 90 40
109 91 40
109 92 40
109 93 40
109 94 40
109 95 40
109 96 40
109 97 40
109 98 40
109 99 40
109 99 41
109 100 40
109 100 41
109 100 42
109 101 40
109 101 41
109 101 42
109 101 43
109 101 44
109 102 40
109 102 41
109 102 42
109 102 43
109 102 44
109 102 45
109 102 46
109 102 47
109 103 40
109 103 41
109 103 42
109 103 43
109 103 44
109 103 45
109 103 46
109 103 47
109 103 48
109 103 49
109 104 40
109 104 41
109 104 42
109 104 43
109 104 44
109 104 45
109 104 46
109 104 47
109 104 48
109 104 49
109 104 50
109 104 51
109 105 40
109 105 41
109 105 42
109 105 43
109 105 44
109 105 45
109 105 46
109 105 47
109 105 48
109 105 49
109 105 50
109 105 51
109 105 52
109 105 53
109 106 40
109 106 41
109 106 42
109 106 43
109 106 44
109 106 45
109 106 46
109 106 47
109 106 48
109 106 49
109 106 50
109 106 51
109 106 52
109 106 53
109 106 54
109 106 55
109 107 40
109 107 41
109 107 42
109 107 43
109 107 44
109 107 45
109 107 46
109 107 47
109 107 48
109 107 49
109 107 50
109 107 51
109 107 52
109 107 53
109 107 54
109 107 55
109 107 56
109 107 57
109 108 40
109 108 41
109 108 42
109 108 43
109 108 44
109 108 45
109 108 46
109 108 47
109 108 48
109 108 49
109 108 50
109 108 51
109 108 52
109 108 53
109 108 54
109 108 55
109 108 56
109 108 57
109 108 58
109 108 59
109 108 60
109 109 40
109 109 41
109 109 42
109 109 43
109 109 44
109 109 45
109 109 46
109 109 47
109 109 48
109 109 49
109 109 50
109 109 51
109 109 52
109 109 53
109 109 54
109 109 55
109 109 56
109 109 57
109 109 58
109 109 59
109 110 40
109 110 41
109 110 42
109 110 43
109 110 44
109 110 45
109 110 46
109 110 47
109 110 48
109 110 49
109 110 50
109 110 51
109 110 52
109 110 53
109 110 54
109 110 55
109 110 56
109 110 57
109 110 58
109 110 59
109 110 60
109 110 61
109 110 62
109 110 63
109 110 64
109 111 40
109 111 41
109 111 42
109 111 43
109 111 44
109 111 45
109 111 46
109 111 47
109 111 48
109 111 49
109 111 50
109 111 51
109 111 52
109 111 53
109 111 54
109 111 55
109 111 56
109 111 57
109 111 58
109 111 59
109 111 60
109 111 61
109 111 62
109 111 63
109 111 64
109 112 40
109 112 41
109 112 42
109 112 43
109 112 44
109 112 45
109 112 46
109 112 47
109 112 48
109 112 49
109 112 50
109 112 51
109 112 52
109 112 53
109 112 54
109 112 55
109 112 56
109 112 57
109 112 58
109 112 59
109 112 60
109 112 61
109 112 62
109 112 63
109 112 64
109 113 40
109 113 41
109 113 42
109 113 43
109 113 44
109 113 45
109 113 46
109 113 47
109 113 48
109 113 49
109 113 50
109 113 51
109 113 52
109 113 53
109 113 54
109 113 55
109 113 56
109 113 57
109 113 58
109 113 59
109 113 60
109 113 61
109 113 62
109 114 40
109 114 41
109 114 42
109 114 43
109 114 44
109 114 45
109 114 46
109 114 47
109 114 48
109 114 49
109 114 50
109 114 51
109 114 52
109 114 53
109 114 54
109 114 55
109 114 56
109 114 57
109 114 58
109 114 59
109 115 40
109 115 41
109 115 42
109 115 43
109 115 44
109 115 45
109 115 46
109 115 47
109 115 48
109 115 49
109 115 50
109 115 51
109 115 52
109 115 53
109 115 54
109 115 55
109 116 40
109 116 41
109 116 42
109 116 43
109 116 44
109 116 45
109 116 46
109 116 47
109 116 48
109 116 49
109 116 50
109 116 51
109 116 52
109 117 40
109 117 41
109 117 42
109 117 43
109 117 44
109 117 45
109 117 46
109 117 47
109 117 48
109 117 49
109 117 50
109 118 40
109 118 41
109 118 42
109 118 43
109 118 44
109 118 45
109 118 46
109 118 47
109 118 48
109 119 40
109 119 41
109 119 42
109 119 43
109 119 44
109 119 45
109 119 46
109 119 47
109 120 40
109 120 41
109 120 42
109 120 43
109 120 44
109 120 45
109 120 46
109 121 40
109 121 41
109 121 42
109 121 43
109 121 44
109 121 45
109 122 40
109 122 41
109 122 42
109 122 43
109 123 40
109 123 41
109 123 42
109 124 40
109 124 41
109 125 40
109 125 41
109 126 40
109 127 40
109 128 40
109 130 40
110 130 40
110 131 40
111 131 40
111 132 40
112 132 40
112 133 40
112 134 40
113 134 40
113 135 40
113 136 40
113 137 40
113 138 40
113 139 40
