9 9 100
9 29 100
9 49 100
9 69 100
9 89 100
9 109 100
9 129 100
9 149 100
9 169 100
9 189 100
29 9 100
29 29 100
29 49 100
29 69 100
29 89 100
29 109 100
29 129 100
29 149 100
29 169 100
29 189 100
49 9 100
49 29 100
49 49 100
49 69 100
49 89 100
49 109 100
49 129 100
49 149 100
49 169 100
49 189 100
69 9 100
69 29 100
69 49 100
69 69 100
69 89 100
69 109 100
69 129 100
69 149 100
69 169 100
69 189 100
89 9 100
89 29 100
89 49 100
89 69 100
89 89 100
89 109 100
89 129 100
89 149 100
89 169 100
89 189 100
109 9 100
109 29 100
109 49 100
109 69 100
109 89 100
109 109 100
109 129 100
109 149 100
109 169 100
109 189 100
129 9 100
129 29 100
129 49 100
129 69 100
129 89 100
129 109 100
129 129 100
129 149 100
129 169 100
129 189 100
149 9 100
149 29 100
149 49 100
149 69 100
149 89 100
149 109 100
149 129 100
149 149 100
149 169 100
149 189 100
169 9 100
169 29 100
169 49 100
169 69 100
169 89 100
169 109 100
169 129 100
169 149 100
169 169 100
169 189 100
189 9 100
189 29 100
189 49 100
189 69 100
189 89 100
189 109 100
189 129 100
189 149 100
189 169 100
189 189 100
9 9 100
9 29 100
9 89 100
9 109 100
9 129 100
9 149 100
29 9 100
29 29 100
29 49 100
29 69 100
29 89 100
29 109 100
29 129 100
29 149 100
49 29 100
49 49 100
49 69 100
49 89 100
49 109 100
49 129 100
49 149 100
49 169 100
49 189 100
69 29 100
69 49 100
69 69 100
69 89 100
69 109 100
69 129 100
69 149 100
69 169 100
69 189 100
89 9 100
89 29 100
89 49 100
89 69 100
89 89 100
89 129 100
89 149 100
89 169 100
89 189 100
109 9 100
109 29 100
109 49 100
109 129 100
109 149 100
109 169 100
129 9 100
129 29 100
129 49 100
129 129 100
129 149 100
129 169 100
149 9 100
149 29 100
149 149 100
149 169 100
149 189 100
169 9 100
169 29 100
169 49 100
169 69 100
169 89 100
169 109 100
169 129 100
169 149 100
169 169 100
169 189 100
189 9 100
189 29 100
189 49 100
189 69 100
189 89 100
189 109 100
189 129 100
189 149 100
189 169 100
189 189 100
50 6 40
151 137 40
151 137 41
12 43 40
12 43 41
12 43 42
12 43 43
113 89 40
19 185 40
146 62 40
127 199 40
80 118 40
65 158 40
65 158 41
65 158 42
65 158 43
65 158 44
65 158 45
146 63 40
146 64 40
146 65 40
146 66 40
146 67 40
147 67 40
147 68 40
148 68 40
148 69 40
149 70 40
149 71 40
149 72 40
149 72 41
149 73 40
149 73 41
149 74 40
149 74 41
149 75 40
149 75 41
149 76 40
149 76 41
149 76 42
149 77 40
149 77 41
149 77 42
149 78 40
149 78 41
149 78 42
149 79 40
149 79 41
149 79 42
149 79 43
149 80 40
149 80 41
149 80 42
149 80 43
149 81 40
149 81 41
149 81 42
149 81 43
149 82 40
149 82 41
149 82 42
149 82 43
149 83 40
149 83 41
149 83 42
149 83 43
149 84 40
149 84 41
149 84 42
149 84 43
149 85 40
149 85 41
149 85 42
149 85 43
149 86 40
149 86 41
149 86 42
149 86 43
149 87 40
149 87 41
149 87 42
149 88 40
149 88 41
149 88 42
149 90 40
149 90 41
149 90 42
149 91 40
149 91 41
149 92 40
149 92 41
149 93 40
149 93 41
149 94 40
149 94 41
149 95 40
149 95 41
149 96 40
149 96 41
149 97 40
149 97 41
149 98 40
149 98 41
149 99 40
149 99 41
149 100 40
149 100 41
149 101 40
149 101 41
149 102 40
149 102 41
149 102 42
149 103 40
149 103 41
149 103 42
149 104 40
149 104 41
149 104 42
149 105 40
149 105 41
149 105 42
149 106 40
149 106 41
149 106 42
149 107 40
149 107 41
149 107 42
149 108 40
149 108 41
149 110 40
149 110 41
149 111 40
149 111 41
149 112 40
149 112 41
149 113 40
149 113 41
149 114 40
149 114 41
149 115 40
149 115 41
149 116 40
149 116 41
149 117 40
149 117 41
149 118 40
149 118 41
149 119 40
149 119 41
149 120 40
149 120 41
149 121 40
149 121 41
149 122 40
149 122 41
149 123 40
149 123 41
149 124 40
149 124 41
149 125 40
149 125 41
149 126 40
149 126 41
149 127 40
149 127 41
149 128 40
150 129 40
150 130 40
151 130 40
151 131 40
151 132 40
151 133 40
151 133 41
151 134 40
151 134 41
151 135 40
151 135 41
151 136 40
151 136 41
114 89 40
115 89 40
116 89 40
117 89 40
118 89 40
119 89 40
120 89 40
121 89 40
122 89 40
123 89 40
124 89 40
125 89 40
126 89 40
127 89 40
128 89 40
130 89 40
131 89 40
132 89 40
133 89 40
134 89 40
135 89 40
136 89 40
137 89 40
137 89 41
138 89 40
138 89 41
139 89 40
139 89 41
140 89 40
140 89 41
141 89 40
141 89 41
142 89 40
142 89 41
143 89 40
143 89 41
144 89 40
144 89 41
145 89 40
145 89 41
146 89 40
146 89 41
147 89 40
147 89 41
148 89 40
148 89 41
148 89 42
81 118 40
82 118 40
83 118 40
84 118 40
84 117 40
84 116 40
84 115 40
85 115 40
85 114 40
85 113 40
86 113 40
86 112 40
87 112 40
87 111 40
88 111 40
88 110 40
89 110 40
90 109 40
91 109 40
92 109 40
93 109 40
94 109 40
95 109 40
96 109 40
97 109 40
98 109 40
99 109 40
100 109 40
101 109 40
102 109 40
103 109 40
104 109 40
105 109 40
106 109 40
107 109 40
108 109 40
109 108 40
109 107 40
109 106 40
109 105 40
109 104 40
109 103 40
109 102 40
109 101 40
109 100 40
109 99 40
109 98 40
109 97 40
109 96 40
109 95 40
109 94 40
109 93 40
109 92 40
109 91 40
109 90 40
110 89 40
111 89 40
112 89 40
65 157 40
65 157 41
65 157 42
65 157 43
65 157 44
65 157 45
65 156 40
65 156 41
65 156 42
65 156 43
65 156 44
65 156 45
65 155 40
65 155 41
65 155 42
65 155 43
65 155 44
65 155 45
65 154 40
65 154 41
65 154 42
65 154 43
65 154 44
65 154 45
65 153 40
65 153 41
65 153 42
65 153 43
65 153 44
65 153 45
65 152 40
65 152 41
65 152 42
65 152 43
65 152 44
65 152 45
66 152 40
66 152 41
66 152 42
66 152 43
66 152 44
66 152 45
67 152 40
67 152 41
67 152 42
67 152 43
67 152 44
67 152 45
67 151 40
67 151 41
67 151 42
67 151 43
67 151 44
67 151 45
67 151 46
67 150 40
67 150 41
67 150 42
67 150 43
67 150 44
67 150 45
67 150 46
67 150 47
68 150 40
68 150 41
68 150 42
68 150 43
68 150 44
68 150 45
68 150 46
68 150 47
68 150 48
69 150 40
69 150 41
69 150 42
69 150 43
69 150 44
69 150 45
69 150 46
69 150 47
69 150 48
69 149 40
69 149 41
69 149 42
69 149 43
69 149 44
69 149 45
70 149 40
70 149 41
70 149 42
70 149 43
70 149 44
70 149 45
70 149 46
70 149 47
70 149 48
70 149 49
70 149 50
70 148 40
70 148 41
70 148 42
70 148 43
70 148 44
70 148 45
70 148 46
70 148 47
70 148 48
70 148 49
70 148 50
70 148 51
70 147 40
70 147 41
70 147 42
70 147 43
70 147 44
70 147 45
70 147 46
70 147 47
70 147 48
70 147 49
70 147 50
70 147 51
70 147 52
71 147 40
71 147 41
71 147 42
71 147 43
71 147 44
71 147 45
71 147 46
71 147 47
71 147 48
71 147 49
71 147 50
71 147 51
71 147 52
71 146 40
71 146 41
71 146 42
71 146 43
71 146 44
71 146 45
71 146 46
71 146 47
71 146 48
71 146 49
71 146 50
71 146 51
71 146 52
72 146 40
72 146 41
72 146 42
72 146 43
72 146 44
72 146 45
72 146 46
72 146 47
72 146 48
72 146 49
72 146 50
72 146 51
72 145 40
72 145 41
72 145 42
72 145 43
72 145 44
72 145 45
72 145 46
72 145 47
72 145 48
72 145 49
72 145 50
72 145 51
73 145 40
73 145 41
73 145 42
73 145 43
73 145 44
73 145 45
73 145 46
73 145 47
73 145 48
73 145 49
73 145 50
74 145 40
74 145 41
74 145 42
74 145 43
74 145 44
74 145 45
74 145 46
74 145 47
74 145 48
74 145 49
74 144 40
74 144 41
74 144 42
74 144 43
74 144 44
74 144 45
74 144 46
74 144 47
74 144 48
74 143 40
74 143 41
74 143 42
74 143 43
74 143 44
74 143 45
74 143 46
74 143 47
75 143 40
75 143 41
75 143 42
75 143 43
75 143 44
75 143 45
75 143 46
75 142 40
75 142 41
75 142 42
75 142 43
75 142 44
75 142 45
75 142 46
76 142 40
76 142 41
76 142 42
76 142 43
76 142 44
76 142 45
76 141 40
76 141 41
76 141 42
76 141 43
76 141 44
77 141 40
77 141 41
77 141 42
77 141 43
77 141 44
77 140 40
77 140 41
77 140 42
77 140 43
78 140 40
78 140 41
78 140 42
78 140 43
79 140 40
79 140 41
79 140 42
79 140 43
79 139 40
79 139 41
79 139 42
80 139 40
80 139 41
80 139 42
80 138 40
80 138 41
80 138 42
80 137 40
80 137 41
80 137 42
81 137 40
81 137 41
81 137 42
81 136 40
81 136 41
81 136 42
82 136 40
82 136 41
82 136 42
82 135 40
82 135 41
82 135 42
83 135 40
83 135 41
83 135 42
83 135 43
83 134 40
83 134 41
83 134 42
83 134 43
84 134 40
84 134 41
84 134 42
84 134 43
84 133 40
84 133 41
84 133 42
84 133 43
85 133 40
85 133 41
85 133 42
85 133 43
85 133 44
85 132 40
85 132 41
85 132 42
85 132 43
85 132 44
86 132 40
86 132 41
86 132 42
86 132 43
86 132 44
86 131 40
86 131 41
86 131 42
86 131 43
86 131 44
86 130 40
86 130 41
86 130 42
86 130 43
86 129 40
86 129 41
86 129 42
86 129 43
86 128 40
86 128 41
86 128 42
86 127 40
86 127 41
86 127 42
86 126 40
86 126 41
86 126 42
86 125 40
86 125 41
86 124 40
86 124 41
85 124 40
85 124 41
85 123 40
85 123 41
85 122 40
85 121 40
85 120 40
85 119 40
85 118 40
20 185 40
21 185 40
22 185 40
23 185 40
24 185 40
25 185 40
26 185 40
27 185 40
28 185 40
28 184 40
28 183 40
28 182 40
28 181 40
28 180 40
28 179 40
28 178 40
28 177 40
28 176 40
28 175 40
28 174 40
28 173 40
28 172 40
28 171 40
28 170 40
29 170 40
30 169 40
30 168 40
31 168 40
32 168 40
33 168 40
34 168 40
35 168 40
36 168 40
37 168 40
38 168 40
39 168 40
40 168 40
41 168 40
42 168 40
42 168 41
43 168 40
43 168 41
44 168 40
44 168 41
45 168 40
45 168 41
46 168 40
46 168 41
46 168 42
47 168 40
47 168 41
47 168 42
48 168 40
48 168 41
48 168 42
48 168 43
49 168 40
49 168 41
49 168 42
49 168 43
50 168 40
50 168 41
50 168 42
50 168 43
50 168 44
50 167 40
50 167 41
50 167 42
50 167 43
50 167 44
50 167 45
51 167 40
51 167 41
51 167 42
51 167 43
51 167 44
51 167 45
51 167 46
51 166 40
51 166 41
51 166 42
51 166 43
51 166 44
51 166 45
51 166 46
51 166 47
52 166 40
52 166 41
52 166 42
52 166 43
52 166 44
52 166 45
52 166 46
52 166 47
52 166 48
52 165 40
52 165 41
52 165 42
52 165 43
52 165 44
52 165 45
52 165 46
52 165 47
52 165 48
52 165 49
53 165 40
53 165 41
53 165 42
53 165 43
53 165 44
53 165 45
53 165 46
53 165 47
53 165 48
53 165 49
53 165 50
53 164 40
53 164 41
53 164 42
53 164 43
53 164 44
53 164 45
53 164 46
53 164 47
53 164 48
53 164 49
53 164 50
53 164 51
54 164 40
54 164 41
54 164 42
54 164 43
54 164 44
54 164 45
54 164 46
54 164 47
54 164 48
54 164 49
54 164 50
54 164 51
54 163 40
54 163 41
54 163 42
54 163 43
54 163 44
54 163 45
54 163 46
54 163 47
54 163 48
54 163 49
54 163 50
54 163 51
54 163 52
55 163 40
55 163 41
55 163 42
55 163 43
55 163 44
55 163 45
55 163 46
55 163 47
55 163 48
55 163 49
55 163 50
55 163 51
55 163 52
55 162 40
55 162 41
55 162 42
55 162 43
55 162 44
55 162 45
55 162 46
55 162 47
55 162 48
55 162 49
55 162 50
55 162 51
55 162 52
56 162 40
56 162 41
56 162 42
56 162 43
56 162 44
56 162 45
56 162 46
56 162 47
56 162 48
56 162 49
56 162 50
56 162 51
56 162 52
57 162 40
57 162 41
57 162 42
57 162 43
57 162 44
57 162 45
57 162 46
57 162 47
57 162 48
57 162 49
57 162 50
57 162 51
57 161 40
57 161 41
57 161 42
57 161 43
57 161 44
57 161 45
57 161 46
57 161 47
57 161 48
57 161 49
57 161 50
57 161 51
57 160 40
57 160 41
57 160 42
57 160 43
57 160 44
57 160 45
57 160 46
57 160 47
57 160 48
57 160 49
57 160 50
57 160 51
58 160 40
58 160 41
58 160 42
58 160 43
58 160 44
58 160 45
58 160 46
58 160 47
58 160 48
58 160 49
58 160 50
58 159 40
58 159 41
58 159 42
58 159 43
58 159 44
58 159 45
58 159 46
58 159 47
58 159 48
58 159 49
58 159 50
59 159 40
59 159 41
59 159 42
59 159 43
59 159 44
59 159 45
59 159 46
59 159 47
59 159 48
59 159 49
59 158 40
59 158 41
59 158 42
59 158 43
59 158 44
59 158 45
59 158 46
59 158 47
59 158 48
59 158 49
60 158 40
60 158 41
60 158 42
60 158 43
60 158 44
60 158 45
60 158 46
60 158 47
60 158 48
61 158 40
61 158 41
61 158 42
61 158 43
61 158 44
61 158 45
61 158 46
61 158 47
61 158 48
62 158 40
62 158 41
62 158 42
62 158 43
62 158 44
62 158 45
62 158 46
62 158 47
63 158 40
63 158 41
63 158 42
63 158 43
63 158 44
63 158 45
63 158 46
64 158 40
64 158 41
64 158 42
64 158 43
64 158 44
64 158 45
64 158 46
127 198 40
127 197 40
127 196 40
127 195 40
127 194 40
127 193 40
127 192 40
127 192 41
127 191 40
127 191 41
127 190 40
127 190 41
128 190 40
128 190 41
128 189 40
128 189 41
129 188 40
129 188 41
129 188 42
130 188 40
130 188 41
130 188 42
130 187 40
130 187 41
130 187 42
130 186 40
130 186 41
130 186 42
130 185 40
130 185 41
130 185 42
130 185 43
130 184 40
130 184 41
130 184 42
130 184 43
130 183 40
130 183 41
130 183 42
130 183 43
130 182 40
130 182 41
130 182 42
130 182 43
130 182 44
130 181 40
130 181 41
130 181 42
130 181 43
130 181 44
130 180 40
130 180 41
130 180 42
130 180 43
130 180 44
130 180 45
130 179 40
130 179 41
130 179 42
130 179 43
130 179 44
130 179 45
130 179 46
130 178 40
130 178 41
130 178 42
130 178 43
130 178 44
130 178 45
130 178 46
130 178 47
130 178 48
130 177 40
130 177 41
130 177 42
130 177 43
130 177 44
130 177 45
130 177 46
130 177 47
130 177 48
130 177 49
130 177 50
130 176 40
130 176 41
130 176 42
130 176 43
130 176 44
130 176 45
130 176 46
130 176 47
130 176 48
130 176 49
130 176 50
130 176 51
130 176 52
130 175 40
130 175 41
130 175 42
130 175 43
130 175 44
130 175 45
130 175 46
130 175 47
130 175 48
130 175 49
130 175 50
130 175 51
130 175 52
130 175 53
130 175 54
130 174 40
130 174 41
130 174 42
130 174 43
130 174 44
130 174 45
130 174 46
130 174 47
130 174 48
130 174 49
130 174 50
130 174 51
130 174 52
130 174 53
130 174 54
130 174 55
130 174 56
130 174 57
130 173 40
130 173 41
130 173 42
130 173 43
130 173 44
130 173 45
130 173 46
130 173 47
130 173 48
130 173 49
130 173 50
130 173 51
130 173 52
130 173 53
130 173 54
130 173 55
130 173 56
130 173 57
130 173 58
130 173 59
130 172 40
130 172 41
130 172 42
130 172 43
130 172 44
130 172 45
130 172 46
130 172 47
130 172 48
130 172 49
130 172 50
130 172 51
130 172 52
130 172 53
130 172 54
130 172 55
130 172 56
130 172 57
130 172 58
130 172 59
130 172 60
130 172 61
130 172 62
130 171 40
130 171 41
130 171 42
130 171 43
130 171 44
130 171 45
130 171 46
130 171 47
130 171 48
130 171 49
130 171 50
130 171 51
130 171 52
130 171 53
130 171 54
130 171 55
130 171 56
130 171 57
130 171 58
130 171 59
130 171 60
130 171 61
130 171 62
130 171 63
130 171 64
130 171 65
130 170 40
130 170 41
130 170 42
130 170 43
130 170 44
130 170 45
130 170 46
130 170 47
130 170 48
130 170 49
130 170 50
130 170 51
130 170 52
130 170 53
130 170 54
130 170 55
130 170 56
130 170 57
130 170 58
130 170 59
130 170 60
130 170 61
130 170 62
130 170 63
130 170 64
130 170 65
130 170 66
130 170 67
130 169 40
130 169 41
130 169 42
130 169 43
130 169 44
130 169 45
130 169 46
130 169 47
130 169 48
130 169 49
130 169 50
130 169 51
130 169 52
130 169 53
130 169 54
130 169 55
130 169 56
130 169 57
130 169 58
130 169 59
130 169 60
130 169 61
130 169 62
130 169 63
130 169 64
130 169 65
130 169 66
130 169 67
130 169 68
130 168 40
130 168 41
130 168 42
130 168 43
130 168 44
130 168 45
130 168 46
130 168 47
130 168 48
130 168 49
130 168 50
130 168 51
130 168 52
130 168 53
130 168 54
130 168 55
130 168 56
130 168 57
130 168 58
130 168 59
130 168 60
130 168 61
130 168 62
130 168 63
130 168 64
130 168 65
130 168 66
130 168 67
130 168 68
130 168 69
130 167 40
130 167 41
130 167 42
130 167 43
130 167 44
130 167 45
130 167 46
130 167 47
130 167 48
130 167 49
130 167 50
130 167 51
130 167 52
130 167 53
130 167 54
130 167 55
130 167 56
130 167 57
130 167 58
130 167 59
130 167 60
130 167 61
130 167 62
130 167 63
130 167 64
130 167 65
130 167 66
130 167 67
130 167 68
130 167 69
130 167 70
130 166 40
130 166 41
130 166 42
130 166 43
130 166 44
130 166 45
130 166 46
130 166 47
130 166 48
130 166 49
130 166 50
130 166 51
130 166 52
130 166 53
130 166 54
130 166 55
130 166 56
130 166 57
130 166 58
130 166 59
130 166 60
130 166 61
130 166 62
130 166 63
130 166 64
130 166 65
130 166 66
130 166 67
130 166 68
130 166 69
130 166 70
130 165 40
130 165 41
130 165 42
130 165 43
130 165 44
130 165 45
130 165 46
130 165 47
130 165 48
130 165 49
130 165 50
130 165 51
130 165 52
130 165 53
130 165 54
130 165 55
130 165 56
130 165 57
130 165 58
130 165 59
130 165 60
130 165 61
130 165 62
130 165 63
130 165 64
130 165 65
130 165 66
130 165 67
130 165 68
130 165 69
130 164 40
130 164 41
130 164 42
130 164 43
130 164 44
130 164 45
130 164 46
130 164 47
130 164 48
130 164 49
130 164 50
130 164 51
130 164 52
130 164 53
130 164 54
130 164 55
130 164 56
130 164 57
130 164 58
130 164 59
130 164 60
130 164 61
130 164 62
130 164 63
130 164 64
130 164 65
130 164 66
130 164 67
130 164 68
130 164 69
130 163 40
130 163 41
130 163 42
130 163 43
130 163 44
130 163 45
130 163 46
130 163 47
130 163 48
130 163 49
130 163 50
130 163 51
130 163 52
130 163 53
130 163 54
130 163 55
130 163 56
130 163 57
130 163 58
130 163 59
130 163 60
130 163 61
130 163 62
130 163 63
130 163 64
130 163 65
130 163 66
130 163 67
130 163 68
130 162 40
130 162 41
130 162 42
130 162 43
130 162 44
130 162 45
130 162 46
130 162 47
130 162 48
130 162 49
130 162 50
130 162 51
130 162 52
130 162 53
130 162 54
130 162 55
130 162 56
130 162 57
130 162 58
130 162 59
130 162 60
130 162 61
130 162 62
130 162 63
130 162 64
130 162 65
130 162 66
130 162 67
130 161 40
130 161 41
130 161 42
130 161 43
130 161 44
130 161 45
130 161 46
130 161 47
130 161 48
130 161 49
130 161 50
130 161 51
130 161 52
130 161 53
130 161 54
130 161 55
130 161 56
130 161 57
130 161 58
130 161 59
130 161 60
130 161 61
130 161 62
130 161 63
130 161 64
130 161 65
130 161 66
130 160 40
130 160 41
130 160 42
130 160 43
130 160 44
130 160 45
130 160 46
130 160 47
130 160 48
130 160 49
130 160 50
130 160 51
130 160 52
130 160 53
130 160 54
130 160 55
130 160 56
130 160 57
130 160 58
130 160 59
130 160 60
130 160 61
130 160 62
130 160 63
130 160 64
130 160 65
130 159 40
130 159 41
130 159 42
130 159 43
130 159 44
130 159 45
130 159 46
130 159 47
130 159 48
130 159 49
130 159 50
130 159 51
130 159 52
130 159 53
130 159 54
130 159 55
130 159 56
130 159 57
130 159 58
130 159 59
130 159 60
130 159 61
130 159 62
130 159 63
130 159 64
130 158 40
130 158 41
130 158 42
130 158 43
130 158 44
130 158 45
130 158 46
130 158 47
130 158 48
130 158 49
130 158 50
130 158 51
130 158 52
130 158 53
130 158 54
130 158 55
130 158 56
130 158 57
130 158 58
130 158 59
130 158 60
130 158 61
130 158 62
130 158 63
130 157 40
130 157 41
130 157 42
130 157 43
130 157 44
130 157 45
130 157 46
130 157 47
130 157 48
130 157 49
130 157 50
130 157 51
130 157 52
130 157 53
130 157 54
130 157 55
130 157 56
130 157 57
130 157 58
130 157 59
130 157 60
130 157 61
130 157 62
130 157 63
130 156 40
130 156 41
130 156 42
130 156 43
130 156 44
130 156 45
130 156 46
130 156 47
130 156 48
130 156 49
130 156 50
130 156 51
130 156 52
130 156 53
130 156 54
130 156 55
130 156 56
130 156 57
130 156 58
130 156 59
130 156 60
130 156 61
130 156 62
130 155 40
130 155 41
130 155 42
130 155 43
130 155 44
130 155 45
130 155 46
130 155 47
130 155 48
130 155 49
130 155 50
130 155 51
130 155 52
130 155 53
130 155 54
130 155 55
130 155 56
130 155 57
130 155 58
130 155 59
130 155 60
130 155 61
130 155 62
130 154 40
130 154 41
130 154 42
130 154 43
130 154 44
130 154 45
130 154 46
130 154 47
130 154 48
130 154 49
130 154 50
130 154 51
130 154 52
130 154 53
130 154 54
130 154 55
130 154 56
130 154 57
130 154 58
130 154 59
130 154 60
130 154 61
130 154 62
130 153 40
130 153 41
130 153 42
130 153 43
130 153 44
130 153 45
130 153 46
130 153 47
130 153 48
130 153 49
130 153 50
130 153 51
130 153 52
130 153 53
130 153 54
130 153 55
130 153 56
130 153 57
130 153 58
130 153 59
130 153 60
130 153 61
130 153 62
130 152 40
130 152 41
130 152 42
130 152 43
130 152 44
130 152 45
130 152 46
130 152 47
130 152 48
130 152 49
130 152 50
130 152 51
130 152 52
130 152 53
130 152 54
130 152 55
130 152 56
130 152 57
130 152 58
130 152 59
130 152 60
130 152 61
130 152 62
130 151 40
130 151 41
130 151 42
130 151 43
130 151 44
130 151 45
130 151 46
130 151 47
130 151 48
130 151 49
130 151 50
130 151 51
130 151 52
130 151 53
130 151 54
130 151 55
130 151 56
130 151 57
130 151 58
130 151 59
130 151 60
130 151 61
130 151 62
130 150 40
130 150 41
130 150 42
130 150 43
130 150 44
130 150 45
130 150 46
130 150 47
130 150 48
130 150 49
130 150 50
130 150 51
130 150 52
130 150 53
130 150 54
130 150 55
130 150 56
130 150 57
130 150 58
130 150 59
130 150 60
130 150 61
130 150 62
130 149 40
130 149 41
130 149 42
130 149 43
130 149 44
130 149 45
130 149 46
130 149 47
130 149 48
130 149 49
130 149 50
130 149 51
130 149 52
130 149 53
130 149 54
130 149 55
130 149 56
130 149 57
130 149 58
130 149 59
130 149 60
130 149 61
130 149 62
130 148 40
130 148 41
130 148 42
130 148 43
130 148 44
130 148 45
130 148 46
130 148 47
130 148 48
130 148 49
130 148 50
130 148 51
130 148 52
130 148 53
130 148 54
130 148 55
130 148 56
130 148 57
130 148 58
130 148 59
130 148 60
130 148 61
130 147 40
130 147 41
130 147 42
130 147 43
130 147 44
130 147 45
130 147 46
130 147 47
130 147 48
130 147 49
130 147 50
130 147 51
130 147 52
130 147 53
130 147 54
130 147 55
130 147 56
130 147 57
130 147 58
130 147 59
130 147 60
130 146 40
130 146 41
130 146 42
130 146 43
130 146 44
130 146 45
130 146 46
130 146 47
130 146 48
130 146 49
130 146 50
130 146 51
130 146 52
130 146 53
130 146 54
130 146 55
130 146 56
130 146 57
130 146 58
130 146 59
130 145 40
130 145 41
130 145 42
130 145 43
130 145 44
130 145 45
130 145 46
130 145 47
130 145 48
130 145 49
130 145 50
130 145 51
130 145 52
130 145 53
130 145 54
130 145 55
130 145 56
130 145 57
130 144 40
130 144 41
130 144 42
130 144 43
130 144 44
130 144 45
130 144 46
130 144 47
130 144 48
130 144 49
130 144 50
130 144 51
130 144 52
130 144 53
130 144 54
130 144 55
130 144 56
130 143 40
130 143 41
130 143 42
130 143 43
130 143 44
130 143 45
130 143 46
130 143 47
130 143 48
130 143 49
130 143 50
130 143 51
130 143 52
130 143 53
130 143 54
130 142 40
130 142 41
130 142 42
130 142 43
130 142 44
130 142 45
130 142 46
130 142 47
130 142 48
130 142 49
130 142 50
130 142 51
130 142 52
130 141 40
130 141 41
130 141 42
130 141 43
130 141 44
130 141 45
130 141 46
130 141 47
130 141 48
130 141 49
130 141 50
130 140 40
130 140 41
130 140 42
130 140 43
130 140 44
130 140 45
130 140 46
130 140 47
130 140 48
130 140 49
130 139 40
130 139 41
130 139 42
130 139 43
130 139 44
130 139 45
130 139 46
130 139 47
130 138 40
130 138 41
130 138 42
130 138 43
130 138 44
130 138 45
130 138 46
130 137 40
130 137 41
130 137 42
130 137 43
130 137 44
130 137 45
130 136 40
130 136 41
130 136 42
130 136 43
130 136 44
130 135 40
130 135 41
130 135 42
130 135 43
130 135 44
130 134 40
130 134 41
130 134 42
130 134 43
130 133 40
130 133 41
130 133 42
130 133 43
130 132 40
130 132 41
130 132 42
130 132 43
130 131 40
130 131 41
130 131 42
130 131 43
130 130 40
130 130 41
130 130 42
130 130 43
131 130 40
131 130 41
131 130 42
131 130 43
132 130 40
132 130 41
132 130 42
132 130 43
133 130 40
133 130 41
133 130 42
133 130 43
134 130 40
134 130 41
134 130 42
134 130 43
135 130 40
135 130 41
135 130 42
135 130 43
136 130 40
136 130 41
136 130 42
136 130 43
137 130 40
137 130 41
137 130 42
137 130 43
138 130 40
138 130 41
138 130 42
138 130 43
139 130 40
139 130 41
139 130 42
139 130 43
140 130 40
140 130 41
140 130 42
140 130 43
141 130 40
141 130 41
141 130 42
142 130 40
142 130 41
142 130 42
143 130 40
143 130 41
143 130 42
144 130 40
144 130 41
145 130 40
145 130 41
146 130 40
146 130 41
147 130 40
147 130 41
148 130 40
148 130 41
149 130 40
149 130 41
