9 9 100
9 29 100
9 49 100
9 69 100
9 89 100
9 109 100
9 129 100
9 149 100
9 169 100
9 189 100
29 9 100
29 29 100
29 49 100
29 69 100
29 89 100
29 109 100
29 129 100
29 149 100
29 169 100
29 189 100
49 9 100
49 29 100
49 49 100
49 69 100
49 89 100
49 109 100
49 129 100
49 149 100
49 169 100
49 189 100
69 9 100
69 29 100
69 49 100
69 69 100
69 89 100
69 109 100
69 129 100
69 149 100
69 169 100
69 189 100
89 9 100
89 29 100
89 49 100
89 69 100
89 89 100
89 109 100
89 129 100
89 149 100
89 169 100
89 189 100
109 9 100
109 29 100
109 49 100
109 69 100
109 89 100
109 109 100
109 129 100
109 149 100
109 169 100
109 189 100
129 9 100
129 29 100
129 49 100
129 69 100
129 89 100
129 109 100
129 129 100
129 149 100
129 169 100
129 189 100
149 9 100
149 29 100
149 49 100
149 69 100
149 89 100
149 109 100
149 129 100
149 149 100
149 169 100
149 189 100
169 9 100
169 29 100
169 49 100
169 69 100
169 89 100
169 109 100
169 129 100
169 149 100
169 169 100
169 189 100
189 9 100
189 29 100
189 49 100
189 69 100
189 89 100
189 109 100
189 129 100
189 149 100
189 169 100
189 189 100
9 9 100
9 29 100
9 49 100
9 69 100
9 89 100
29 9 100
29 29 100
29 49 100
29 169 100
29 189 100
49 9 100
49 29 100
49 49 100
49 89 100
49 109 100
49 129 100
49 149 100
49 169 100
49 189 100
69 9 100
69 29 100
69 49 100
69 109 100
69 129 100
69 149 100
69 169 100
69 189 100
89 69 100
89 89 100
109 49 100
109 109 100
129 9 100
129 29 100
129 89 100
129 109 100
129 129 100
129 149 100
129 189 100
149 29 100
149 49 100
149 109 100
149 189 100
169 9 100
169 29 100
169 49 100
169 69 100
169 89 100
169 149 100
169 169 100
169 189 100
189 29 100
189 49 100
189 69 100
189 89 100
189 149 100
189 189 100
146 103 40
107 199 40
177 172 40
5 196 40
138 40 40
50 61 40
22 107 40
94 165 40
174 121 40
160 140 40
96 77 40
178 15 40
173 121 40
173 120 40
173 119 40
173 118 40
173 117 40
173 116 40
173 115 40
173 114 40
173 113 40
172 113 40
172 112 40
171 112 40
171 111 40
170 111 40
170 110 40
169 110 40
168 109 40
168 108 40
167 108 40
166 108 40
165 108 40
164 108 40
163 108 40
162 108 40
162 108 168
161 108 40
161 108 168
160 108 40
160 108 168
159 108 40
159 108 168
158 108 40
158 108 168
157 108 40
157 108 168
156 108 40
156 108 168
155 108 40
155 108 168
154 108 40
154 108 168
153 108 40
153 108 168
152 108 40
152 108 168
151 108 40
151 108 168
150 108 40
150 108 168
149 108 40
149 108 168
148 108 40
148 108 168
148 107 40
148 107 168
147 107 40
147 107 168
147 106 40
147 106 168
146 106 40
146 106 168
146 105 40
146 105 168
146 104 40
94 166 40
94 167 40
95 167 40
96 167 40
97 167 40
98 167 40
99 167 40
100 167 40
101 167 40
102 167 40
103 167 40
104 167 40
105 167 40
106 167 40
107 167 40
108 167 40
108 167 168
108 168 40
109 168 40
109 168 168
109 170 40
109 170 168
109 171 40
109 171 168
109 172 40
109 172 168
109 173 40
109 174 40
109 175 40
109 176 40
109 177 40
109 178 40
109 179 40
109 180 40
109 181 40
109 182 40
109 183 40
109 184 40
109 185 40
109 186 40
109 187 40
109 188 40
108 189 40
108 190 40
107 190 40
107 191 40
107 192 40
107 193 40
107 194 40
107 195 40
107 196 40
107 197 40
107 198 40
160 139 40
160 138 40
160 137 40
160 136 40
160 135 40
160 134 40
160 133 40
161 133 40
162 133 40
163 133 40
164 133 40
164 132 40
165 132 40
166 132 40
166 131 40
167 131 40
167 130 40
168 130 40
168 129 40
169 128 40
170 128 40
170 127 40
171 127 40
171 126 40
172 126 40
172 125 40
173 125 40
173 124 40
173 123 40
173 122 40
138 41 40
138 42 40
138 43 40
138 44 40
138 45 40
139 45 40
140 45 40
141 45 40
142 45 40
143 45 40
143 45 168
144 45 40
144 45 168
144 46 40
144 46 168
145 46 40
145 46 168
146 46 40
146 46 168
146 47 40
146 47 168
147 47 40
147 47 168
147 48 40
147 48 168
148 48 40
148 48 168
148 49 40
148 49 168
148 50 40
148 50 168
148 51 40
148 51 168
148 52 40
148 52 168
148 53 40
148 53 168
148 54 40
148 55 40
148 56 40
148 57 40
148 58 40
148 59 40
148 60 40
148 61 40
148 62 40
148 63 40
148 64 40
148 65 40
148 65 168
148 66 40
148 66 168
148 67 40
148 67 168
148 68 40
148 68 168
148 69 40
148 69 168
149 70 40
149 70 168
149 71 40
149 71 168
149 72 40
149 72 168
149 73 40
149 73 168
149 74 40
149 74 168
149 74 296
149 75 40
149 75 168
149 75 296
149 76 40
149 76 168
149 76 296
149 77 40
149 77 168
149 77 296
149 78 40
149 78 168
149 78 296
149 78 424
149 79 40
149 79 168
149 79 296
149 79 424
149 80 40
149 80 168
149 80 296
149 81 40
149 81 168
149 81 296
149 82 40
149 82 168
149 82 296
149 83 40
149 83 168
149 83 296
149 84 40
149 84 168
149 84 296
149 85 40
149 85 168
149 86 40
149 86 168
149 87 40
149 87 168
149 88 40
149 88 168
149 90 40
149 90 168
148 90 40
148 91 40
147 91 40
147 92 40
147 93 40
147 94 40
147 95 40
147 96 40
147 97 40
147 98 40
147 99 40
147 100 40
147 101 40
147 102 40
147 103 40
97 77 40
98 77 40
99 77 40
100 77 40
101 77 40
102 77 40
103 77 40
104 77 40
104 76 40
105 76 40
105 75 40
105 74 40
106 74 40
106 73 40
106 72 40
107 72 40
107 71 40
107 71 168
108 71 40
108 71 168
108 70 40
108 70 168
109 70 40
109 70 168
110 69 40
110 69 168
111 69 40
111 69 168
112 69 40
112 69 168
113 69 40
113 69 168
114 69 40
114 69 168
115 69 40
115 69 168
116 69 40
116 69 168
117 69 40
117 69 168
118 69 40
118 69 168
119 69 40
119 69 168
120 69 40
120 69 168
121 69 40
121 69 168
122 69 40
122 69 168
123 69 40
123 69 168
124 69 40
124 69 168
125 69 40
125 69 168
126 69 40
127 69 40
128 69 40
130 69 40
131 69 40
132 69 40
133 69 40
134 69 40
135 69 40
136 69 40
137 69 40
138 69 40
139 69 40
140 69 40
141 69 40
142 69 40
143 69 40
144 69 40
145 69 40
146 69 40
147 69 40
147 69 168
50 62 40
50 63 40
50 64 40
50 65 40
50 66 40
50 67 40
50 68 40
50 69 40
51 69 40
52 69 40
53 69 40
54 69 40
55 69 40
55 69 168
56 69 40
56 69 168
57 69 40
58 69 40
58 69 168
59 69 40
59 69 168
60 69 40
60 69 168
61 69 40
62 69 40
63 69 40
64 69 40
65 69 40
66 69 40
67 69 40
67 69 168
68 69 40
68 69 168
69 70 40
69 70 168
69 71 40
69 71 168
69 72 40
69 72 168
69 73 40
69 73 168
69 74 40
69 74 168
69 75 40
69 75 168
69 76 40
69 76 168
69 77 40
69 78 40
69 79 40
69 80 40
69 81 40
69 82 40
69 83 40
69 84 40
69 85 40
69 86 40
69 87 40
69 88 40
69 90 40
69 90 168
70 90 40
70 90 168
70 91 40
70 91 168
70 92 40
70 92 168
70 93 40
70 93 168
70 93 296
70 94 40
70 94 168
70 94 296
70 95 40
70 95 168
70 95 296
70 96 40
70 96 168
70 96 296
70 97 40
70 97 168
70 97 296
70 98 40
70 98 168
70 98 296
70 99 40
70 99 168
70 99 296
70 100 40
70 100 168
70 100 296
70 101 40
70 101 168
70 101 296
70 102 40
70 102 168
70 103 40
70 103 168
70 104 40
70 104 168
70 105 40
70 105 168
70 106 40
70 106 168
70 107 40
70 107 168
70 108 40
70 108 168
71 108 40
71 108 168
72 108 40
72 108 168
73 108 40
73 108 168
73 108 296
74 108 40
74 108 168
74 108 296
75 108 40
75 108 168
75 108 296
76 108 40
76 108 168
76 108 296
77 108 40
77 108 168
77 108 296
78 108 40
78 108 168
78 108 296
79 108 40
79 108 168
79 108 296
80 108 40
80 108 168
80 108 296
81 108 40
81 108 168
82 108 40
82 108 168
83 108 40
83 108 168
84 108 40
84 108 168
85 108 40
85 108 168
86 108 40
86 108 168
87 108 40
87 108 168
88 108 40
88 108 168
88 109 40
89 110 40
89 111 40
89 112 40
89 113 40
89 114 40
89 115 40
89 116 40
89 117 40
89 118 40
89 119 40
89 120 40
89 121 40
89 122 40
89 123 40
89 124 40
89 125 40
89 126 40
89 127 40
89 128 40
89 130 40
89 131 40
89 132 40
89 133 40
89 134 40
89 135 40
89 136 40
89 137 40
89 138 40
89 139 40
89 140 40
89 141 40
89 142 40
89 143 40
89 144 40
89 145 40
89 146 40
89 147 40
89 148 40
89 150 40
89 151 40
89 152 40
89 153 40
89 154 40
89 155 40
89 156 40
89 157 40
89 158 40
89 159 40
89 160 40
89 161 40
89 162 40
89 163 40
89 164 40
89 165 40
89 166 40
89 167 40
90 167 40
91 167 40
92 167 40
93 167 40
23 107 40
24 107 40
24 107 168
25 107 40
25 107 168
26 107 40
26 107 168
27 107 40
27 107 168
28 107 40
28 107 168
29 107 40
29 107 168
29 106 40
29 106 168
29 105 40
29 105 168
29 105 296
29 104 40
29 104 168
29 104 296
29 103 40
29 103 168
29 103 296
29 102 40
29 102 168
29 102 296
29 101 40
29 101 168
29 101 296
29 100 40
29 100 168
29 99 40
29 99 168
29 98 40
29 98 168
29 97 40
29 97 168
29 96 40
29 96 168
29 95 40
29 95 168
29 94 40
29 94 168
29 93 40
29 93 168
29 92 40
29 92 168
29 91 40
29 91 168
29 90 40
29 90 168
29 88 40
29 88 168
29 87 40
29 86 40
29 85 40
29 84 40
29 83 40
29 82 40
29 81 40
29 80 40
29 79 40
29 78 40
29 77 40
29 76 40
29 75 40
29 74 40
29 73 40
29 72 40
29 71 40
29 70 40
30 69 40
31 69 40
32 69 40
33 69 40
34 69 40
35 69 40
36 69 40
37 69 40
38 69 40
39 69 40
40 69 40
41 69 40
42 69 40
43 69 40
44 69 40
45 69 40
46 69 40
47 69 40
48 69 40
5 195 40
5 194 40
5 193 40
5 192 40
5 191 40
5 190 40
5 189 40
5 188 40
5 187 40
5 186 40
5 185 40
5 184 40
5 183 40
5 182 40
5 181 40
5 180 40
5 179 40
5 178 40
5 177 40
5 176 40
5 175 40
5 174 40
5 173 40
5 172 40
5 171 40
5 170 40
5 169 40
5 168 40
5 167 40
5 166 40
5 165 40
5 164 40
5 163 40
5 162 40
5 161 40
5 160 40
5 159 40
5 158 40
5 157 40
5 156 40
5 155 40
5 154 40
5 153 40
5 152 40
5 151 40
5 150 40
5 149 40
5 148 40
5 147 40
5 146 40
5 145 40
5 144 40
5 143 40
5 142 40
5 141 40
5 140 40
5 139 40
5 139 168
5 138 40
5 137 40
5 136 40
5 135 40
5 134 40
5 133 40
5 132 40
5 131 40
5 130 40
5 129 40
6 129 40
6 128 40
6 127 40
6 126 40
6 125 40
6 124 40
6 123 40
6 122 40
6 121 40
6 120 40
6 119 40
6 118 40
6 117 40
6 116 40
6 115 40
6 114 40
6 113 40
6 112 40
6 111 40
6 110 40
6 109 40
7 109 40
8 109 40
10 109 40
10 108 40
11 108 40
11 107 40
12 107 40
13 107 40
14 107 40
15 107 40
16 107 40
17 107 40
18 107 40
19 107 40
20 107 40
21 107 40
178 14 40
178 13 40
177 13 40
176 13 40
175 13 40
174 13 40
174 13 168
174 12 40
174 12 168
173 12 40
173 12 168
172 12 40
172 12 168
172 11 40
172 11 168
171 11 40
171 11 168
171 10 40
171 10 168
170 10 40
170 10 168
169 10 40
169 10 168
169 10 296
168 10 40
168 10 168
168 10 296
167 10 40
167 10 168
167 10 296
166 10 40
166 10 168
166 10 296
165 10 40
165 10 168
165 10 296
165 10 424
164 10 40
164 10 168
164 10 296
164 10 424
163 10 40
163 10 168
163 10 296
163 10 424
162 10 40
162 10 168
162 10 296
162 10 424
161 10 40
161 10 168
161 10 296
161 10 424
160 10 40
160 10 168
160 10 296
160 10 424
159 10 40
159 10 168
159 10 296
159 10 424
158 10 40
158 10 168
158 10 296
158 10 424
157 10 40
157 10 168
157 10 296
156 10 40
156 10 168
156 10 296
155 10 40
155 10 168
155 10 296
154 10 40
154 10 168
154 10 296
153 10 40
153 10 168
152 10 40
152 10 168
151 10 40
151 10 168
150 10 40
150 10 168
149 10 40
149 10 168
148 10 40
148 10 168
147 10 40
147 11 40
146 11 40
146 12 40
145 12 40
145 13 40
144 13 40
144 14 40
144 14 168
144 15 40
144 15 168
143 15 40
143 15 168
142 15 40
142 15 168
142 16 40
142 16 168
142 16 296
142 17 40
142 17 168
142 17 296
141 17 40
141 17 168
141 17 296
140 17 40
140 17 168
140 17 296
140 18 40
140 18 168
140 18 296
140 18 424
140 19 40
140 19 168
140 19 296
140 19 424
139 19 40
139 19 168
139 19 296
139 19 424
138 19 40
138 19 168
138 19 296
138 19 424
138 20 40
138 20 168
138 20 296
138 20 424
138 21 40
138 21 168
138 21 296
138 21 424
137 21 40
137 21 168
137 21 296
137 21 424
136 21 40
136 21 168
136 21 296
136 21 424
136 22 40
136 22 168
136 22 296
136 23 40
136 23 168
136 23 296
135 23 40
135 23 168
135 23 296
134 23 40
134 23 168
134 23 296
134 24 40
134 24 168
134 24 296
133 24 40
133 24 168
133 24 296
133 25 40
133 25 168
133 25 296
132 25 40
132 25 168
132 25 296
132 26 40
132 26 168
132 26 296
131 26 40
131 26 168
131 26 296
131 27 40
131 27 168
131 27 296
131 28 40
131 28 168
131 28 296
131 29 40
131 29 168
131 30 40
131 30 168
131 31 40
131 31 168
131 32 40
131 32 168
131 33 40
131 34 40
131 35 40
131 36 40
131 37 40
131 38 40
131 39 40
131 40 40
131 41 40
131 42 40
131 43 40
131 44 40
131 45 40
132 45 40
133 45 40
134 45 40
135 45 40
136 45 40
137 45 40
