9 9 100
9 29 100
9 49 100
9 69 100
9 89 100
9 109 100
9 129 100
9 149 100
9 169 100
9 189 100
29 9 100
29 29 100
29 49 100
29 69 100
29 89 100
29 109 100
29 129 100
29 149 100
29 169 100
29 189 100
49 9 100
49 29 100
49 49 100
49 69 100
49 89 100
49 109 100
49 129 100
49 149 100
49 169 100
49 189 100
69 9 100
69 29 100
69 49 100
69 69 100
69 89 100
69 109 100
69 129 100
69 149 100
69 169 100
69 189 100
89 9 100
89 29 100
89 49 100
89 69 100
89 89 100
89 109 100
89 129 100
89 149 100
89 169 100
89 189 100
109 9 100
109 29 100
109 49 100
109 69 100
109 89 100
109 109 100
109 129 100
109 149 100
109 169 100
109 189 100
129 9 100
129 29 100
129 49 100
129 69 100
129 89 100
129 109 100
129 129 100
129 149 100
129 169 100
129 189 100
149 9 100
149 29 100
149 49 100
149 69 100
149 89 100
149 109 100
149 129 100
149 149 100
149 169 100
149 189 100
169 9 100
169 29 100
169 49 100
169 69 100
169 89 100
169 109 100
169 129 100
169 149 100
169 169 100
169 189 100
189 9 100
189 29 100
189 49 100
189 69 100
189 89 100
189 109 100
189 129 100
189 149 100
189 169 100
189 189 100
9 29 100
9 49 100
9 69 100
9 109 100
9 129 100
9 149 100
9 169 100
29 9 100
29 29 100
29 49 100
29 69 100
29 129 100
29 149 100
29 189 100
49 9 100
49 29 100
49 49 100
49 69 100
49 89 100
49 109 100
49 149 100
49 169 100
49 189 100
69 9 100
69 29 100
69 49 100
69 69 100
69 89 100
69 109 100
69 129 100
69 149 100
69 189 100
89 89 100
89 109 100
89 129 100
89 149 100
89 169 100
89 189 100
109 9 100
109 29 100
109 49 100
109 109 100
109 129 100
109 149 100
109 169 100
129 9 100
129 29 100
129 49 100
129 69 100
129 89 100
129 109 100
129 149 100
129 169 100
149 9 100
149 29 100
149 69 100
149 89 100
149 109 100
149 129 100
149 149 100
149 169 100
149 189 100
169 9 100
169 29 100
169 49 100
169 69 100
169 89 100
169 109 100
169 129 100
169 149 100
169 189 100
189 29 100
189 49 100
189 89 100
189 109 100
189 129 100
189 149 100
189 169 100
189 189 100
121 192 40
16 194 40
179 15 40
179 15 44
12 6 40
185 178 40
185 178 44
185 178 48
185 178 52
91 6 40
145 58 40
145 58 44
145 58 48
18 105 40
18 105 44
52 0 40
52 0 44
52 0 48
52 0 52
52 0 56
52 0 60
52 0 64
52 0 68
52 0 72
52 0 76
52 0 80
30 162 40
30 162 44
30 163 40
30 163 44
30 164 40
30 164 44
30 165 40
30 165 44
30 166 40
30 166 44
30 167 40
30 167 44
30 168 40
30 168 44
30 169 40
30 169 44
29 170 40
29 170 44
28 170 40
28 170 44
28 171 40
28 171 44
28 172 40
28 172 44
28 173 40
28 173 44
28 174 40
28 174 44
28 175 40
28 175 44
28 176 40
28 176 44
28 176 48
28 177 40
28 177 44
28 177 48
28 178 40
28 178 44
28 178 48
28 179 40
28 179 44
28 179 48
28 180 40
28 180 44
28 180 48
28 181 40
28 181 44
28 181 48
28 182 40
28 182 44
28 182 48
28 183 40
28 183 44
28 183 48
28 184 40
28 184 44
28 184 48
28 185 40
28 185 44
28 185 48
28 186 40
28 186 44
28 186 48
28 187 40
28 187 44
28 187 48
28 188 40
28 188 44
28 188 48
28 189 40
28 189 44
28 189 48
28 190 40
28 190 44
28 190 48
27 190 40
27 190 44
27 191 40
27 191 44
26 191 40
26 191 44
26 192 40
26 192 44
25 192 40
24 192 40
23 192 40
22 192 40
21 192 40
20 192 40
19 192 40
18 192 40
17 192 40
16 192 40
16 193 40
19 105 40
19 105 44
20 105 40
21 105 40
22 105 40
23 105 40
24 105 40
25 105 40
26 105 40
26 106 40
27 106 40
27 107 40
28 107 40
28 108 40
29 108 40
30 109 40
30 110 40
31 110 40
32 110 40
33 110 40
34 110 40
35 110 40
36 110 40
37 110 40
38 110 40
39 110 40
40 110 40
41 110 40
42 110 40
43 110 40
44 110 40
45 110 40
46 110 40
46 110 44
47 110 40
47 110 44
48 110 40
48 110 44
48 111 40
48 111 44
48 112 40
48 112 44
48 113 40
48 114 40
48 115 40
48 116 40
48 117 40
48 118 40
48 119 40
48 120 40
48 121 40
48 122 40
48 123 40
48 124 40
48 125 40
48 126 40
48 127 40
48 127 44
48 128 40
48 128 44
48 129 40
48 129 44
48 130 40
48 130 44
48 130 48
47 130 40
47 130 44
47 130 48
47 130 52
47 131 40
47 131 44
47 131 48
47 131 52
47 131 56
46 131 40
46 131 44
46 131 48
46 131 52
46 131 56
46 131 60
46 132 40
46 132 44
46 132 48
46 132 52
46 132 56
46 132 60
46 132 64
45 132 40
45 132 44
45 132 48
45 132 52
45 132 56
45 132 60
45 132 64
45 132 68
45 133 40
45 133 44
45 133 48
45 133 52
45 133 56
45 133 60
45 133 64
45 133 68
45 133 72
44 133 40
44 133 44
44 133 48
44 133 52
44 133 56
44 133 60
44 133 64
44 133 68
44 133 72
44 133 76
44 133 80
44 134 40
44 134 44
44 134 48
44 134 52
44 134 56
44 134 60
44 134 64
44 134 68
44 134 72
44 134 76
44 134 80
44 134 84
44 135 40
44 135 44
44 135 48
44 135 52
44 135 56
44 135 60
44 135 64
44 135 68
44 135 72
44 135 76
44 135 80
44 135 84
44 135 88
43 135 40
43 135 44
43 135 48
43 135 52
43 135 56
43 135 60
43 135 64
43 135 68
43 135 72
43 135 76
43 135 80
43 135 84
43 135 88
43 135 92
43 135 96
42 135 40
42 135 44
42 135 48
42 135 52
42 135 56
42 135 60
42 135 64
42 135 68
42 135 72
42 135 76
42 135 80
42 135 84
42 135 88
42 135 92
42 135 96
42 135 100
42 136 40
42 136 44
42 136 48
42 136 52
42 136 56
42 136 60
42 136 64
42 136 68
42 136 72
42 136 76
42 136 80
42 136 84
42 136 88
42 136 92
42 136 96
42 136 100
42 136 104
42 137 40
42 137 44
42 137 48
42 137 52
42 137 56
42 137 60
42 137 64
42 137 68
42 137 72
42 137 76
42 137 80
42 137 84
42 137 88
42 137 92
42 137 96
42 137 100
42 137 104
42 137 108
42 137 112
41 137 40
41 137 44
41 137 48
41 137 52
41 137 56
41 137 60
41 137 64
41 137 68
41 137 72
41 137 76
41 137 80
41 137 84
41 137 88
41 137 92
41 137 96
41 137 100
41 137 104
41 137 108
41 137 112
40 137 40
40 137 44
40 137 48
40 137 52
40 137 56
40 137 60
40 137 64
40 137 68
40 137 72
40 137 76
40 137 80
40 137 84
40 137 88
40 137 92
40 137 96
40 137 100
40 137 104
40 137 108
40 137 112
40 137 116
40 138 40
40 138 44
40 138 48
40 138 52
40 138 56
40 138 60
40 138 64
40 138 68
40 138 72
40 138 76
40 138 80
40 138 84
40 138 88
40 138 92
40 138 96
40 138 100
40 138 104
40 138 108
40 138 112
40 138 116
40 138 120
40 138 124
39 138 40
39 138 44
39 138 48
39 138 52
39 138 56
39 138 60
39 138 64
39 138 68
39 138 72
39 138 76
39 138 80
39 138 84
39 138 88
39 138 92
39 138 96
39 138 100
39 138 104
39 138 108
39 138 112
39 138 116
39 138 120
39 138 124
39 139 40
39 139 44
39 139 48
39 139 52
39 139 56
39 139 60
39 139 64
39 139 68
39 139 72
39 139 76
39 139 80
39 139 84
39 139 88
39 139 92
39 139 96
39 139 100
39 139 104
39 139 108
39 139 112
39 139 116
39 139 120
39 139 124
39 139 128
39 139 132
39 140 40
39 140 44
39 140 48
39 140 52
39 140 56
39 140 60
39 140 64
39 140 68
39 140 72
39 140 76
39 140 80
39 140 84
39 140 88
39 140 92
39 140 96
39 140 100
39 140 104
39 140 108
39 140 112
39 140 116
39 140 120
39 140 124
39 140 128
39 140 132
39 140 136
39 141 40
39 141 44
39 141 48
39 141 52
39 141 56
39 141 60
39 141 64
39 141 68
39 141 72
39 141 76
39 141 80
39 141 84
39 141 88
39 141 92
39 141 96
39 141 100
39 141 104
39 141 108
39 141 112
39 141 116
39 141 120
39 141 124
39 141 128
39 141 132
39 141 136
39 141 140
39 142 40
39 142 44
39 142 48
39 142 52
39 142 56
39 142 60
39 142 64
39 142 68
39 142 72
39 142 76
39 142 80
39 142 84
39 142 88
39 142 92
39 142 96
39 142 100
39 142 104
39 142 108
39 142 112
39 142 116
39 142 120
39 142 124
39 142 128
39 142 132
39 142 136
39 142 140
39 143 40
39 143 44
39 143 48
39 143 52
39 143 56
39 143 60
39 143 64
39 143 68
39 143 72
39 143 76
39 143 80
39 143 84
39 143 88
39 143 92
39 143 96
39 143 100
39 143 104
39 143 108
39 143 112
39 143 116
39 143 120
39 143 124
39 143 128
39 143 132
39 143 136
39 143 140
39 144 40
39 144 44
39 144 48
39 144 52
39 144 56
39 144 60
39 144 64
39 144 68
39 144 72
39 144 76
39 144 80
39 144 84
39 144 88
39 144 92
39 144 96
39 144 100
39 144 104
39 144 108
39 144 112
39 144 116
39 144 120
39 144 124
39 144 128
39 144 132
39 144 136
39 145 40
39 145 44
39 145 48
39 145 52
39 145 56
39 145 60
39 145 64
39 145 68
39 145 72
39 145 76
39 145 80
39 145 84
39 145 88
39 145 92
39 145 96
39 145 100
39 145 104
39 145 108
39 145 112
39 145 116
39 145 120
39 145 124
39 145 128
39 145 132
39 146 40
39 146 44
39 146 48
39 146 52
39 146 56
39 146 60
39 146 64
39 146 68
39 146 72
39 146 76
39 146 80
39 146 84
39 146 88
39 146 92
39 146 96
39 146 100
39 146 104
39 146 108
39 146 112
39 146 116
39 146 120
39 146 124
39 146 128
39 147 40
39 147 44
39 147 48
39 147 52
39 147 56
39 147 60
39 147 64
39 147 68
39 147 72
39 147 76
39 147 80
39 147 84
39 147 88
39 147 92
39 147 96
39 147 100
39 147 104
39 147 108
39 147 112
39 147 116
39 147 120
39 148 40
39 148 44
39 148 48
39 148 52
39 148 56
39 148 60
39 148 64
39 148 68
39 148 72
39 148 76
39 148 80
39 148 84
39 148 88
39 148 92
39 148 96
39 148 100
39 148 104
39 148 108
39 148 112
39 149 40
39 149 44
39 149 48
39 149 52
39 149 56
39 149 60
39 149 64
39 149 68
39 149 72
39 149 76
39 149 80
39 149 84
39 149 88
39 149 92
39 149 96
39 149 100
39 149 104
39 150 40
39 150 44
39 150 48
39 150 52
39 150 56
39 150 60
39 150 64
39 150 68
39 150 72
39 150 76
39 150 80
39 150 84
39 150 88
39 150 92
39 151 40
39 151 44
39 151 48
39 151 52
39 151 56
39 151 60
39 151 64
39 151 68
39 151 72
39 151 76
39 151 80
39 152 40
39 152 44
39 152 48
39 152 52
39 152 56
39 152 60
39 152 64
39 152 68
39 152 72
39 153 40
39 153 44
39 153 48
39 153 52
39 153 56
39 153 60
39 153 64
39 154 40
39 154 44
39 154 48
39 154 52
39 154 56
39 154 60
39 155 40
39 155 44
39 155 48
39 155 52
39 155 56
39 156 40
39 156 44
39 156 48
39 156 52
39 157 40
39 157 44
39 157 48
39 158 40
39 158 44
39 158 48
39 159 40
39 159 44
39 159 48
38 159 40
38 159 44
38 159 48
38 160 40
38 160 44
38 160 48
37 160 40
37 160 44
37 160 48
37 161 40
37 161 44
36 161 40
36 161 44
36 162 40
36 162 44
36 163 40
36 163 44
35 163 40
35 163 44
34 163 40
34 163 44
34 164 40
34 164 44
33 164 40
33 164 44
33 165 40
33 165 44
32 165 40
32 165 44
31 165 40
31 165 44
90 6 40
90 6 44
89 6 40
89 6 44
89 7 40
89 7 44
89 8 40
89 8 44
89 10 40
89 11 40
89 12 40
89 13 40
89 14 40
89 15 40
89 16 40
89 17 40
89 18 40
89 19 40
89 20 40
89 21 40
89 22 40
89 23 40
89 24 40
89 25 40
89 26 40
89 27 40
89 27 44
89 28 40
89 28 44
89 30 40
89 30 44
89 31 40
89 31 44
89 32 40
89 32 44
89 33 40
89 33 44
89 34 40
89 34 44
89 35 40
89 35 44
89 35 48
89 36 40
89 36 44
89 36 48
89 37 40
89 37 44
89 37 48
89 38 40
89 38 44
89 38 48
89 39 40
89 39 44
89 39 48
89 40 40
89 40 44
89 40 48
89 41 40
89 41 44
89 41 48
89 41 52
89 42 40
89 42 44
89 42 48
89 42 52
89 43 40
89 43 44
89 43 48
89 43 52
89 44 40
89 44 44
89 44 48
89 44 52
89 45 40
89 45 44
89 45 48
89 45 52
89 46 40
89 46 44
89 46 48
89 47 40
89 47 44
89 47 48
89 48 40
89 48 44
89 48 48
89 50 40
89 50 44
89 51 40
89 51 44
89 52 40
89 52 44
89 53 40
89 54 40
89 55 40
89 56 40
89 57 40
89 58 40
89 59 40
89 60 40
89 61 40
89 62 40
89 63 40
89 63 44
89 64 40
89 64 44
89 65 40
89 65 44
89 66 40
89 66 44
89 67 40
89 67 44
89 68 40
89 68 44
88 69 40
88 69 44
88 69 48
88 70 40
88 70 44
88 70 48
87 70 40
87 70 44
87 70 48
87 70 52
86 70 40
86 70 44
86 70 48
86 70 52
86 70 56
86 70 60
85 70 40
85 70 44
85 70 48
85 70 52
85 70 56
85 70 60
85 70 64
84 70 40
84 70 44
84 70 48
84 70 52
84 70 56
84 70 60
84 70 64
84 70 68
84 70 72
83 70 40
83 70 44
83 70 48
83 70 52
83 70 56
83 70 60
83 70 64
83 70 68
83 70 72
83 70 76
83 70 80
82 70 40
82 70 44
82 70 48
82 70 52
82 70 56
82 70 60
82 70 64
82 70 68
82 70 72
82 70 76
82 70 80
82 70 84
81 70 40
81 70 44
81 70 48
81 70 52
81 70 56
81 70 60
81 70 64
81 70 68
81 70 72
81 70 76
81 70 80
81 70 84
81 70 88
80 70 40
80 70 44
80 70 48
80 70 52
80 70 56
80 70 60
80 70 64
80 70 68
80 70 72
80 70 76
80 70 80
80 70 84
80 70 88
80 70 92
79 70 40
79 70 44
79 70 48
79 70 52
79 70 56
79 70 60
79 70 64
79 70 68
79 70 72
79 70 76
79 70 80
79 70 84
79 70 88
79 70 92
79 70 96
78 70 40
78 70 44
78 70 48
78 70 52
78 70 56
78 70 60
78 70 64
78 70 68
78 70 72
78 70 76
78 70 80
78 70 84
78 70 88
78 70 92
78 70 96
78 70 100
77 70 40
77 70 44
77 70 48
77 70 52
77 70 56
77 70 60
77 70 64
77 70 68
77 70 72
77 70 76
77 70 80
77 70 84
77 70 88
77 70 92
77 70 96
77 70 100
77 70 104
76 70 40
76 70 44
76 70 48
76 70 52
76 70 56
76 70 60
76 70 64
76 70 68
76 70 72
76 70 76
76 70 80
76 70 84
76 70 88
76 70 92
76 70 96
76 70 100
76 70 104
76 70 108
75 70 40
75 70 44
75 70 48
75 70 52
75 70 56
75 70 60
75 70 64
75 70 68
75 70 72
75 70 76
75 70 80
75 70 84
75 70 88
75 70 92
75 70 96
75 70 100
75 70 104
75 70 108
75 70 112
75 70 116
74 70 40
74 70 44
74 70 48
74 70 52
74 70 56
74 70 60
74 70 64
74 70 68
74 70 72
74 70 76
74 70 80
74 70 84
74 70 88
74 70 92
74 70 96
74 70 100
74 70 104
74 70 108
74 70 112
74 70 116
74 70 120
73 70 40
73 70 44
73 70 48
73 70 52
73 70 56
73 70 60
73 70 64
73 70 68
73 70 72
73 70 76
73 70 80
73 70 84
73 70 88
73 70 92
73 70 96
73 70 100
73 70 104
73 70 108
73 70 112
73 70 116
73 70 120
73 70 124
72 70 40
72 70 44
72 70 48
72 70 52
72 70 56
72 70 60
72 70 64
72 70 68
72 70 72
72 70 76
72 70 80
72 70 84
72 70 88
72 70 92
72 70 96
72 70 100
72 70 104
72 70 108
72 70 112
72 70 116
72 70 120
72 70 124
72 70 128
72 70 132
71 70 40
71 70 44
71 70 48
71 70 52
71 70 56
71 70 60
71 70 64
71 70 68
71 70 72
71 70 76
71 70 80
71 70 84
71 70 88
71 70 92
71 70 96
71 70 100
71 70 104
71 70 108
71 70 112
71 70 116
71 70 120
71 70 124
71 70 128
71 70 132
70 70 40
70 70 44
70 70 48
70 70 52
70 70 56
70 70 60
70 70 64
70 70 68
70 70 72
70 70 76
70 70 80
70 70 84
70 70 88
70 70 92
70 70 96
70 70 100
70 70 104
70 70 108
70 70 112
70 70 116
70 70 120
70 70 124
70 70 128
70 70 132
70 70 136
69 70 40
69 70 44
69 70 48
69 70 52
69 70 56
69 70 60
69 70 64
69 70 68
69 70 72
69 70 76
69 70 80
69 70 84
69 70 88
69 70 92
69 70 96
69 70 100
69 70 104
69 70 108
69 70 112
69 70 116
69 70 120
69 70 124
69 70 128
69 70 132
68 70 40
68 70 44
68 70 48
68 70 52
68 70 56
68 70 60
68 70 64
68 70 68
68 70 72
68 70 76
68 70 80
68 70 84
68 70 88
68 70 92
68 70 96
68 70 100
68 70 104
68 70 108
68 70 112
68 70 116
68 70 120
68 70 124
68 70 128
68 70 132
67 70 40
67 70 44
67 70 48
67 70 52
67 70 56
67 70 60
67 70 64
67 70 68
67 70 72
67 70 76
67 70 80
67 70 84
67 70 88
67 70 92
67 70 96
67 70 100
67 70 104
67 70 108
67 70 112
67 70 116
67 70 120
67 70 124
66 70 40
66 70 44
66 70 48
66 70 52
66 70 56
66 70 60
66 70 64
66 70 68
66 70 72
66 70 76
66 70 80
66 70 84
66 70 88
66 70 92
66 70 96
66 70 100
66 70 104
66 70 108
66 70 112
66 70 116
66 70 120
65 70 40
65 70 44
65 70 48
65 70 52
65 70 56
65 70 60
65 70 64
65 70 68
65 70 72
65 70 76
65 70 80
65 70 84
65 70 88
65 70 92
65 70 96
65 70 100
65 70 104
65 70 108
65 70 112
64 70 40
64 70 44
64 70 48
64 70 52
64 70 56
64 70 60
64 70 64
64 70 68
64 70 72
64 70 76
64 70 80
64 70 84
64 70 88
64 70 92
64 70 96
64 70 100
63 70 40
63 70 44
63 70 48
63 70 52
63 70 56
63 70 60
63 70 64
63 70 68
63 70 72
63 70 76
63 70 80
63 70 84
63 70 88
63 70 92
62 70 40
62 70 44
62 70 48
62 70 52
62 70 56
62 70 60
62 70 64
62 70 68
62 70 72
62 70 76
62 70 80
61 70 40
61 70 44
61 70 48
61 70 52
61 70 56
61 70 60
61 70 64
61 70 68
61 70 72
60 70 40
60 70 44
60 70 48
60 70 52
60 70 56
60 70 60
60 70 64
59 70 40
59 70 44
59 70 48
59 70 52
59 70 56
59 70 60
58 70 40
58 70 44
58 70 48
58 70 52
58 70 56
57 70 40
57 70 44
57 70 48
57 70 52
56 70 40
56 70 44
56 70 48
55 70 40
55 70 44
55 70 48
54 70 40
54 70 44
54 70 48
53 70 40
53 70 44
53 70 48
52 70 40
52 70 44
52 70 48
51 70 40
51 70 44
51 70 48
50 70 40
50 70 44
50 70 48
49 70 40
49 70 44
49 70 48
48 70 40
48 70 44
48 70 48
48 70 52
47 70 40
47 70 44
47 70 48
47 70 52
47 71 40
47 71 44
47 71 48
47 71 52
46 71 40
46 71 44
46 71 48
46 71 52
46 71 56
46 72 40
46 72 44
46 72 48
46 72 52
46 72 56
46 72 60
45 72 40
45 72 44
45 72 48
45 72 52
45 72 56
45 72 60
45 73 40
45 73 44
45 73 48
45 73 52
45 73 56
45 73 60
45 73 64
44 73 40
44 73 44
44 73 48
44 73 52
44 73 56
44 73 60
44 73 64
44 73 68
44 74 40
44 74 44
44 74 48
44 74 52
44 74 56
44 74 60
44 74 64
44 74 68
44 74 72
43 74 40
43 74 44
43 74 48
43 74 52
43 74 56
43 74 60
43 74 64
43 74 68
43 74 72
43 74 76
43 75 40
43 75 44
43 75 48
43 75 52
43 75 56
43 75 60
43 75 64
43 75 68
43 75 72
43 75 76
42 75 40
42 75 44
42 75 48
42 75 52
42 75 56
42 75 60
42 75 64
42 75 68
42 75 72
42 75 76
42 75 80
42 76 40
42 76 44
42 76 48
42 76 52
42 76 56
42 76 60
42 76 64
42 76 68
42 76 72
42 76 76
42 76 80
42 76 84
41 76 40
41 76 44
41 76 48
41 76 52
41 76 56
41 76 60
41 76 64
41 76 68
41 76 72
41 76 76
41 76 80
41 76 84
41 76 88
41 77 40
41 77 44
41 77 48
41 77 52
41 77 56
41 77 60
41 77 64
41 77 68
41 77 72
41 77 76
41 77 80
41 77 84
41 77 88
40 77 40
40 77 44
40 77 48
40 77 52
40 77 56
40 77 60
40 77 64
40 77 68
40 77 72
40 77 76
40 77 80
40 77 84
40 77 88
40 78 40
40 78 44
40 78 48
40 78 52
40 78 56
40 78 60
40 78 64
40 78 68
40 78 72
40 78 76
40 78 80
40 78 84
40 78 88
40 78 92
40 79 40
40 79 44
40 79 48
40 79 52
40 79 56
40 79 60
40 79 64
40 79 68
40 79 72
40 79 76
40 79 80
40 79 84
40 79 88
40 79 92
39 79 40
39 79 44
39 79 48
39 79 52
39 79 56
39 79 60
39 79 64
39 79 68
39 79 72
39 79 76
39 79 80
39 79 84
39 79 88
39 80 40
39 80 44
39 80 48
39 80 52
39 80 56
39 80 60
39 80 64
39 80 68
39 80 72
39 80 76
39 80 80
39 80 84
39 80 88
38 80 40
38 80 44
38 80 48
38 80 52
38 80 56
38 80 60
38 80 64
38 80 68
38 80 72
38 80 76
38 80 80
38 80 84
38 80 88
38 81 40
38 81 44
38 81 48
38 81 52
38 81 56
38 81 60
38 81 64
38 81 68
38 81 72
38 81 76
38 81 80
38 81 84
37 81 40
37 81 44
37 81 48
37 81 52
37 81 56
37 81 60
37 81 64
37 81 68
37 81 72
37 81 76
37 81 80
37 81 84
36 81 40
36 81 44
36 81 48
36 81 52
36 81 56
36 81 60
36 81 64
36 81 68
36 81 72
36 81 76
36 81 80
36 82 40
36 82 44
36 82 48
36 82 52
36 82 56
36 82 60
36 82 64
36 82 68
36 82 72
36 82 76
36 82 80
35 82 40
35 82 44
35 82 48
35 82 52
35 82 56
35 82 60
35 82 64
35 82 68
35 82 72
35 82 76
35 83 40
35 83 44
35 83 48
35 83 52
35 83 56
35 83 60
35 83 64
35 83 68
35 83 72
35 84 40
35 84 44
35 84 48
35 84 52
35 84 56
35 84 60
35 84 64
35 84 68
35 84 72
34 84 40
34 84 44
34 84 48
34 84 52
34 84 56
34 84 60
34 84 64
34 84 68
34 85 40
34 85 44
34 85 48
34 85 52
34 85 56
34 85 60
34 85 64
33 85 40
33 85 44
33 85 48
33 85 52
33 85 56
33 85 60
33 85 64
32 85 40
32 85 44
32 85 48
32 85 52
32 85 56
32 85 60
32 86 40
32 86 44
32 86 48
32 86 52
32 86 56
31 86 40
31 86 44
31 86 48
31 86 52
31 86 56
31 87 40
31 87 44
31 87 48
31 87 52
30 87 40
30 87 44
30 87 48
30 87 52
30 88 40
30 88 44
30 88 48
29 88 40
29 88 44
29 88 48
29 90 40
29 90 44
29 91 40
29 91 44
29 92 40
29 92 44
29 93 40
29 93 44
29 94 40
29 94 44
29 95 40
29 95 44
29 96 40
29 96 44
29 97 40
29 97 44
29 98 40
29 98 44
29 99 40
29 100 40
29 101 40
29 102 40
29 103 40
29 104 40
29 105 40
29 106 40
29 107 40
53 0 40
53 0 44
53 0 48
53 0 52
53 0 56
53 0 60
53 0 64
53 0 68
53 0 72
53 0 76
53 0 80
54 0 40
54 0 44
54 0 48
54 0 52
54 0 56
54 0 60
54 0 64
54 0 68
54 0 72
54 0 76
54 0 80
55 0 40
55 0 44
55 0 48
55 0 52
55 0 56
55 0 60
55 0 64
55 0 68
55 0 72
55 0 76
55 0 80
56 0 40
56 0 44
56 0 48
56 0 52
56 0 56
56 0 60
56 0 64
56 0 68
56 0 72
56 0 76
56 0 80
56 0 84
57 0 40
57 0 44
57 0 48
57 0 52
57 0 56
57 0 60
57 0 64
57 0 68
57 0 72
57 0 76
57 0 80
57 0 84
58 0 40
58 0 44
58 0 48
58 0 52
58 0 56
58 0 60
58 0 64
58 0 68
58 0 72
58 0 76
58 0 80
58 0 84
58 0 88
59 0 40
59 0 44
59 0 48
59 0 52
59 0 56
59 0 60
59 0 64
59 0 68
59 0 72
59 0 76
59 0 80
59 0 84
59 0 88
59 0 92
60 0 40
60 0 44
60 0 48
60 0 52
60 0 56
60 0 60
60 0 64
60 0 68
60 0 72
60 0 76
60 0 80
60 0 84
60 0 88
60 0 92
60 0 96
60 0 100
61 0 40
61 0 44
61 0 48
61 0 52
61 0 56
61 0 60
61 0 64
61 0 68
61 0 72
61 0 76
61 0 80
61 0 84
61 0 88
61 0 92
61 0 96
61 0 100
61 0 104
61 0 108
62 0 40
62 0 44
62 0 48
62 0 52
62 0 56
62 0 60
62 0 64
62 0 68
62 0 72
62 0 76
62 0 80
62 0 84
62 0 88
62 0 92
62 0 96
62 0 100
62 0 104
62 0 108
62 0 112
62 0 116
63 0 40
63 0 44
63 0 48
63 0 52
63 0 56
63 0 60
63 0 64
63 0 68
63 0 72
63 0 76
63 0 80
63 0 84
63 0 88
63 0 92
63 0 96
63 0 100
63 0 104
63 0 108
63 0 112
63 0 116
63 0 120
64 0 40
64 0 44
64 0 48
64 0 52
64 0 56
64 0 60
64 0 64
64 0 68
64 0 72
64 0 76
64 0 80
64 0 84
64 0 88
64 0 92
64 0 96
64 0 100
64 0 104
64 0 108
64 0 112
64 0 116
64 0 120
64 0 124
64 0 128
65 0 40
65 0 44
65 0 48
65 0 52
65 0 56
65 0 60
65 0 64
65 0 68
65 0 72
65 0 76
65 0 80
65 0 84
65 0 88
65 0 92
65 0 96
65 0 100
65 0 104
65 0 108
65 0 112
65 0 116
65 0 120
65 0 124
65 0 128
65 0 132
66 0 40
66 0 44
66 0 48
66 0 52
66 0 56
66 0 60
66 0 64
66 0 68
66 0 72
66 0 76
66 0 80
66 0 84
66 0 88
66 0 92
66 0 96
66 0 100
66 0 104
66 0 108
66 0 112
66 0 116
66 0 120
66 0 124
66 0 128
66 0 132
66 0 136
67 0 40
67 0 44
67 0 48
67 0 52
67 0 56
67 0 60
67 0 64
67 0 68
67 0 72
67 0 76
67 0 80
67 0 84
67 0 88
67 0 92
67 0 96
67 0 100
67 0 104
67 0 108
67 0 112
67 0 116
67 0 120
67 0 124
67 0 128
67 0 132
67 0 136
67 0 140
68 0 40
68 0 44
68 0 48
68 0 52
68 0 56
68 0 60
68 0 64
68 0 68
68 0 72
68 0 76
68 0 80
68 0 84
68 0 88
68 0 92
68 0 96
68 0 100
68 0 104
68 0 108
68 0 112
68 0 116
68 0 120
68 0 124
68 0 128
68 0 132
68 0 136
68 0 140
68 0 144
69 0 40
69 0 44
69 0 48
69 0 52
69 0 56
69 0 60
69 0 64
69 0 68
69 0 72
69 0 76
69 0 80
69 0 84
69 0 88
69 0 92
69 0 96
69 0 100
69 0 104
69 0 108
69 0 112
69 0 116
69 0 120
69 0 124
69 0 128
69 0 132
69 0 136
69 0 140
69 0 144
70 0 40
70 0 44
70 0 48
70 0 52
70 0 56
70 0 60
70 0 64
70 0 68
70 0 72
70 0 76
70 0 80
70 0 84
70 0 88
70 0 92
70 0 96
70 0 100
70 0 104
70 0 108
70 0 112
70 0 116
70 0 120
70 0 124
70 0 128
70 0 132
70 0 136
70 0 140
70 0 144
71 0 40
71 0 44
71 0 48
71 0 52
71 0 56
71 0 60
71 0 64
71 0 68
71 0 72
71 0 76
71 0 80
71 0 84
71 0 88
71 0 92
71 0 96
71 0 100
71 0 104
71 0 108
71 0 112
71 0 116
71 0 120
71 0 124
71 0 128
71 0 132
71 0 136
71 0 140
72 0 40
72 0 44
72 0 48
72 0 52
72 0 56
72 0 60
72 0 64
72 0 68
72 0 72
72 0 76
72 0 80
72 0 84
72 0 88
72 0 92
72 0 96
72 0 100
72 0 104
72 0 108
72 0 112
72 0 116
72 0 120
72 0 124
72 0 128
72 0 132
72 0 136
73 0 40
73 0 44
73 0 48
73 0 52
73 0 56
73 0 60
73 0 64
73 0 68
73 0 72
73 0 76
73 0 80
73 0 84
73 0 88
73 0 92
73 0 96
73 0 100
73 0 104
73 0 108
73 0 112
73 0 116
73 0 120
73 0 124
73 0 128
73 0 132
74 0 40
74 0 44
74 0 48
74 0 52
74 0 56
74 0 60
74 0 64
74 0 68
74 0 72
74 0 76
74 0 80
74 0 84
74 0 88
74 0 92
74 0 96
74 0 100
74 0 104
74 0 108
74 0 112
74 0 116
74 0 120
74 0 124
75 0 40
75 0 44
75 0 48
75 0 52
75 0 56
75 0 60
75 0 64
75 0 68
75 0 72
75 0 76
75 0 80
75 0 84
75 0 88
75 0 92
75 0 96
75 0 100
75 0 104
75 0 108
75 0 112
75 0 116
75 0 120
76 0 40
76 0 44
76 0 48
76 0 52
76 0 56
76 0 60
76 0 64
76 0 68
76 0 72
76 0 76
76 0 80
76 0 84
76 0 88
76 0 92
76 0 96
76 0 100
76 0 104
76 0 108
76 0 112
77 0 40
77 0 44
77 0 48
77 0 52
77 0 56
77 0 60
77 0 64
77 0 68
77 0 72
77 0 76
77 0 80
77 0 84
77 0 88
77 0 92
77 0 96
77 0 100
77 0 104
77 0 108
78 0 40
78 0 44
78 0 48
78 0 52
78 0 56
78 0 60
78 0 64
78 0 68
78 0 72
78 0 76
78 0 80
78 0 84
78 0 88
78 0 92
78 0 96
78 0 100
79 0 40
79 0 44
79 0 48
79 0 52
79 0 56
79 0 60
79 0 64
79 0 68
79 0 72
79 0 76
79 0 80
79 0 84
79 0 88
79 0 92
79 0 96
80 0 40
80 0 44
80 0 48
80 0 52
80 0 56
80 0 60
80 0 64
80 0 68
80 0 72
80 0 76
80 0 80
80 0 84
80 0 88
80 0 92
81 0 40
81 0 44
81 0 48
81 0 52
81 0 56
81 0 60
81 0 64
81 0 68
81 0 72
81 0 76
81 0 80
81 0 84
81 0 88
81 0 92
82 0 40
82 0 44
82 0 48
82 0 52
82 0 56
82 0 60
82 0 64
82 0 68
82 0 72
82 0 76
82 0 80
82 0 84
82 0 88
83 0 40
83 0 44
83 0 48
83 0 52
83 0 56
83 0 60
83 0 64
83 0 68
83 0 72
83 0 76
83 0 80
84 0 40
84 0 44
84 0 48
84 0 52
84 0 56
84 0 60
84 0 64
84 0 68
84 0 72
84 0 76
85 0 40
85 0 44
85 0 48
85 0 52
85 0 56
85 0 60
85 0 64
85 0 68
86 0 40
86 0 44
86 0 48
86 0 52
86 0 56
86 0 60
86 0 64
87 0 40
87 0 44
87 0 48
87 0 52
87 0 56
88 0 40
88 0 44
88 0 48
88 0 52
89 0 40
89 0 44
89 0 48
89 1 40
89 1 44
89 1 48
89 2 40
89 2 44
89 2 48
89 3 40
89 3 44
89 3 48
89 4 40
89 4 44
89 5 40
89 5 44
144 58 40
144 58 44
144 58 48
143 58 40
143 58 44
143 58 48
142 58 40
142 58 44
142 58 48
141 58 40
141 58 44
141 58 48
140 58 40
140 58 44
140 58 48
140 58 52
139 58 40
139 58 44
139 58 48
139 58 52
139 59 40
139 59 44
139 59 48
139 59 52
139 59 56
138 59 40
138 59 44
138 59 48
138 59 52
138 59 56
137 59 40
137 59 44
137 59 48
137 59 52
137 59 56
137 59 60
136 59 40
136 59 44
136 59 48
136 59 52
136 59 56
136 59 60
136 59 64
135 59 40
135 59 44
135 59 48
135 59 52
135 59 56
135 59 60
135 59 64
135 59 68
134 59 40
134 59 44
134 59 48
134 59 52
134 59 56
134 59 60
134 59 64
134 59 68
134 59 72
134 59 76
133 59 40
133 59 44
133 59 48
133 59 52
133 59 56
133 59 60
133 59 64
133 59 68
133 59 72
133 59 76
133 59 80
132 59 40
132 59 44
132 59 48
132 59 52
132 59 56
132 59 60
132 59 64
132 59 68
132 59 72
132 59 76
132 59 80
132 59 84
131 59 40
131 59 44
131 59 48
131 59 52
131 59 56
131 59 60
131 59 64
131 59 68
131 59 72
131 59 76
131 59 80
131 59 84
131 59 88
130 59 40
130 59 44
130 59 48
130 59 52
130 59 56
130 59 60
130 59 64
130 59 68
130 59 72
130 59 76
130 59 80
130 59 84
130 59 88
130 59 92
129 59 40
129 59 44
129 59 48
129 59 52
129 59 56
129 59 60
129 59 64
129 59 68
129 59 72
129 59 76
129 59 80
129 59 84
129 59 88
129 59 92
129 59 96
128 59 40
128 59 44
128 59 48
128 59 52
128 59 56
128 59 60
128 59 64
128 59 68
128 59 72
128 59 76
128 59 80
128 59 84
128 59 88
128 59 92
128 59 96
128 59 100
127 59 40
127 59 44
127 59 48
127 59 52
127 59 56
127 59 60
127 59 64
127 59 68
127 59 72
127 59 76
127 59 80
127 59 84
127 59 88
127 59 92
127 59 96
127 59 100
126 59 40
126 59 44
126 59 48
126 59 52
126 59 56
126 59 60
126 59 64
126 59 68
126 59 72
126 59 76
126 59 80
126 59 84
126 59 88
126 59 92
126 59 96
126 59 100
126 59 104
125 59 40
125 59 44
125 59 48
125 59 52
125 59 56
125 59 60
125 59 64
125 59 68
125 59 72
125 59 76
125 59 80
125 59 84
125 59 88
125 59 92
125 59 96
125 59 100
125 59 104
125 59 108
124 59 40
124 59 44
124 59 48
124 59 52
124 59 56
124 59 60
124 59 64
124 59 68
124 59 72
124 59 76
124 59 80
124 59 84
124 59 88
124 59 92
124 59 96
124 59 100
124 59 104
124 59 108
123 59 40
123 59 44
123 59 48
123 59 52
123 59 56
123 59 60
123 59 64
123 59 68
123 59 72
123 59 76
123 59 80
123 59 84
123 59 88
123 59 92
123 59 96
123 59 100
123 59 104
123 59 108
123 59 112
122 59 40
122 59 44
122 59 48
122 59 52
122 59 56
122 59 60
122 59 64
122 59 68
122 59 72
122 59 76
122 59 80
122 59 84
122 59 88
122 59 92
122 59 96
122 59 100
122 59 104
122 59 108
121 59 40
121 59 44
121 59 48
121 59 52
121 59 56
121 59 60
121 59 64
121 59 68
121 59 72
121 59 76
121 59 80
121 59 84
121 59 88
121 59 92
121 59 96
121 59 100
121 59 104
121 59 108
120 59 40
120 59 44
120 59 48
120 59 52
120 59 56
120 59 60
120 59 64
120 59 68
120 59 72
120 59 76
120 59 80
120 59 84
120 59 88
120 59 92
120 59 96
120 59 100
120 59 104
119 59 40
119 59 44
119 59 48
119 59 52
119 59 56
119 59 60
119 59 64
119 59 68
119 59 72
119 59 76
119 59 80
119 59 84
119 59 88
119 59 92
119 59 96
119 59 100
119 59 104
118 59 40
118 59 44
118 59 48
118 59 52
118 59 56
118 59 60
118 59 64
118 59 68
118 59 72
118 59 76
118 59 80
118 59 84
118 59 88
118 59 92
118 59 96
118 59 100
118 60 40
118 60 44
118 60 48
118 60 52
118 60 56
118 60 60
118 60 64
118 60 68
118 60 72
118 60 76
118 60 80
118 60 84
118 60 88
118 60 92
118 60 96
118 60 100
117 60 40
117 60 44
117 60 48
117 60 52
117 60 56
117 60 60
117 60 64
117 60 68
117 60 72
117 60 76
117 60 80
117 60 84
117 60 88
117 60 92
117 60 96
117 61 40
117 61 44
117 61 48
117 61 52
117 61 56
117 61 60
117 61 64
117 61 68
117 61 72
117 61 76
117 61 80
117 61 84
117 61 88
117 61 92
117 61 96
116 61 40
116 61 44
116 61 48
116 61 52
116 61 56
116 61 60
116 61 64
116 61 68
116 61 72
116 61 76
116 61 80
116 61 84
116 61 88
116 61 92
116 62 40
116 62 44
116 62 48
116 62 52
116 62 56
116 62 60
116 62 64
116 62 68
116 62 72
116 62 76
116 62 80
116 62 84
116 62 88
116 62 92
116 63 40
116 63 44
116 63 48
116 63 52
116 63 56
116 63 60
116 63 64
116 63 68
116 63 72
116 63 76
116 63 80
116 63 84
116 63 88
116 63 92
115 63 40
115 63 44
115 63 48
115 63 52
115 63 56
115 63 60
115 63 64
115 63 68
115 63 72
115 63 76
115 63 80
115 63 84
115 63 88
115 64 40
115 64 44
115 64 48
115 64 52
115 64 56
115 64 60
115 64 64
115 64 68
115 64 72
115 64 76
115 64 80
115 64 84
114 64 40
114 64 44
114 64 48
114 64 52
114 64 56
114 64 60
114 64 64
114 64 68
114 64 72
114 64 76
114 64 80
113 64 40
113 64 44
113 64 48
113 64 52
113 64 56
113 64 60
113 64 64
113 64 68
113 64 72
113 64 76
113 65 40
113 65 44
113 65 48
113 65 52
113 65 56
113 65 60
113 65 64
113 65 68
113 65 72
112 65 40
112 65 44
112 65 48
112 65 52
112 65 56
112 65 60
112 65 64
112 65 68
112 66 40
112 66 44
112 66 48
112 66 52
112 66 56
112 66 60
112 66 64
111 66 40
111 66 44
111 66 48
111 66 52
111 66 56
111 66 60
111 67 40
111 67 44
111 67 48
111 67 52
111 67 56
110 67 40
110 67 44
110 67 48
110 67 52
110 68 40
110 68 44
110 68 48
109 68 40
109 68 44
108 69 40
108 69 44
107 69 40
106 69 40
105 69 40
104 69 40
103 69 40
102 69 40
101 69 40
100 69 40
99 69 40
98 69 40
97 69 40
96 69 40
95 69 40
94 69 40
93 69 40
92 69 40
91 69 40
91 69 44
90 69 40
90 69 44
11 6 40
10 6 40
9 6 40
8 6 40
7 6 40
6 6 40
5 6 40
5 5 40
5 4 40
5 3 40
5 2 40
5 1 40
5 1 44
5 0 40
5 0 44
6 0 40
6 0 44
7 0 40
7 0 44
8 0 40
8 0 44
9 0 40
9 0 44
10 0 40
10 0 44
11 0 40
11 0 44
12 0 40
12 0 44
13 0 40
13 0 44
14 0 40
14 0 44
15 0 40
15 0 44
16 0 40
16 0 44
17 0 40
17 0 44
17 0 48
18 0 40
18 0 44
18 0 48
19 0 40
19 0 44
19 0 48
19 0 52
20 0 40
20 0 44
20 0 48
20 0 52
20 0 56
21 0 40
21 0 44
21 0 48
21 0 52
21 0 56
21 0 60
21 0 64
22 0 40
22 0 44
22 0 48
22 0 52
22 0 56
22 0 60
22 0 64
22 0 68
22 0 72
23 0 40
23 0 44
23 0 48
23 0 52
23 0 56
23 0 60
23 0 64
23 0 68
23 0 72
23 0 76
23 0 80
23 0 84
24 0 40
24 0 44
24 0 48
24 0 52
24 0 56
24 0 60
24 0 64
24 0 68
24 0 72
24 0 76
24 0 80
24 0 84
24 0 88
24 0 92
24 0 96
25 0 40
25 0 44
25 0 48
25 0 52
25 0 56
25 0 60
25 0 64
25 0 68
25 0 72
25 0 76
25 0 80
25 0 84
25 0 88
25 0 92
25 0 96
25 0 100
25 0 104
25 0 108
26 0 40
26 0 44
26 0 48
26 0 52
26 0 56
26 0 60
26 0 64
26 0 68
26 0 72
26 0 76
26 0 80
26 0 84
26 0 88
26 0 92
26 0 96
26 0 100
26 0 104
26 0 108
26 0 112
26 0 116
26 0 120
27 0 40
27 0 44
27 0 48
27 0 52
27 0 56
27 0 60
27 0 64
27 0 68
27 0 72
27 0 76
27 0 80
27 0 84
27 0 88
27 0 92
27 0 96
27 0 100
27 0 104
27 0 108
27 0 112
27 0 116
27 0 120
27 0 124
27 0 128
27 0 132
28 0 40
28 0 44
28 0 48
28 0 52
28 0 56
28 0 60
28 0 64
28 0 68
28 0 72
28 0 76
28 0 80
28 0 84
28 0 88
28 0 92
28 0 96
28 0 100
28 0 104
28 0 108
28 0 112
28 0 116
28 0 120
28 0 124
28 0 128
28 0 132
28 0 136
28 0 140
29 0 40
29 0 44
29 0 48
29 0 52
29 0 56
29 0 60
29 0 64
29 0 68
29 0 72
29 0 76
29 0 80
29 0 84
29 0 88
29 0 92
29 0 96
29 0 100
29 0 104
29 0 108
29 0 112
29 0 116
29 0 120
29 0 124
29 0 128
29 0 132
29 0 136
29 0 140
29 0 144
29 0 148
30 0 40
30 0 44
30 0 48
30 0 52
30 0 56
30 0 60
30 0 64
30 0 68
30 0 72
30 0 76
30 0 80
30 0 84
30 0 88
30 0 92
30 0 96
30 0 100
30 0 104
30 0 108
30 0 112
30 0 116
30 0 120
30 0 124
30 0 128
30 0 132
30 0 136
30 0 140
30 0 144
30 0 148
30 0 152
30 0 156
31 0 40
31 0 44
31 0 48
31 0 52
31 0 56
31 0 60
31 0 64
31 0 68
31 0 72
31 0 76
31 0 80
31 0 84
31 0 88
31 0 92
31 0 96
31 0 100
31 0 104
31 0 108
31 0 112
31 0 116
31 0 120
31 0 124
31 0 128
31 0 132
31 0 136
31 0 140
31 0 144
31 0 148
31 0 152
31 0 156
31 0 160
32 0 40
32 0 44
32 0 48
32 0 52
32 0 56
32 0 60
32 0 64
32 0 68
32 0 72
32 0 76
32 0 80
32 0 84
32 0 88
32 0 92
32 0 96
32 0 100
32 0 104
32 0 108
32 0 112
32 0 116
32 0 120
32 0 124
32 0 128
32 0 132
32 0 136
32 0 140
32 0 144
32 0 148
32 0 152
32 0 156
32 0 160
33 0 40
33 0 44
33 0 48
33 0 52
33 0 56
33 0 60
33 0 64
33 0 68
33 0 72
33 0 76
33 0 80
33 0 84
33 0 88
33 0 92
33 0 96
33 0 100
33 0 104
33 0 108
33 0 112
33 0 116
33 0 120
33 0 124
33 0 128
33 0 132
33 0 136
33 0 140
33 0 144
33 0 148
33 0 152
33 0 156
33 0 160
33 0 164
34 0 40
34 0 44
34 0 48
34 0 52
34 0 56
34 0 60
34 0 64
34 0 68
34 0 72
34 0 76
34 0 80
34 0 84
34 0 88
34 0 92
34 0 96
34 0 100
34 0 104
34 0 108
34 0 112
34 0 116
34 0 120
34 0 124
34 0 128
34 0 132
34 0 136
34 0 140
34 0 144
34 0 148
34 0 152
34 0 156
34 0 160
34 0 164
35 0 40
35 0 44
35 0 48
35 0 52
35 0 56
35 0 60
35 0 64
35 0 68
35 0 72
35 0 76
35 0 80
35 0 84
35 0 88
35 0 92
35 0 96
35 0 100
35 0 104
35 0 108
35 0 112
35 0 116
35 0 120
35 0 124
35 0 128
35 0 132
35 0 136
35 0 140
35 0 144
35 0 148
35 0 152
35 0 156
35 0 160
35 0 164
36 0 40
36 0 44
36 0 48
36 0 52
36 0 56
36 0 60
36 0 64
36 0 68
36 0 72
36 0 76
36 0 80
36 0 84
36 0 88
36 0 92
36 0 96
36 0 100
36 0 104
36 0 108
36 0 112
36 0 116
36 0 120
36 0 124
36 0 128
36 0 132
36 0 136
36 0 140
36 0 144
36 0 148
36 0 152
36 0 156
36 0 160
36 0 164
37 0 40
37 0 44
37 0 48
37 0 52
37 0 56
37 0 60
37 0 64
37 0 68
37 0 72
37 0 76
37 0 80
37 0 84
37 0 88
37 0 92
37 0 96
37 0 100
37 0 104
37 0 108
37 0 112
37 0 116
37 0 120
37 0 124
37 0 128
37 0 132
37 0 136
37 0 140
37 0 144
37 0 148
37 0 152
37 0 156
37 0 160
38 0 40
38 0 44
38 0 48
38 0 52
38 0 56
38 0 60
38 0 64
38 0 68
38 0 72
38 0 76
38 0 80
38 0 84
38 0 88
38 0 92
38 0 96
38 0 100
38 0 104
38 0 108
38 0 112
38 0 116
38 0 120
38 0 124
38 0 128
38 0 132
38 0 136
38 0 140
38 0 144
38 0 148
38 0 152
38 0 156
39 0 40
39 0 44
39 0 48
39 0 52
39 0 56
39 0 60
39 0 64
39 0 68
39 0 72
39 0 76
39 0 80
39 0 84
39 0 88
39 0 92
39 0 96
39 0 100
39 0 104
39 0 108
39 0 112
39 0 116
39 0 120
39 0 124
39 0 128
39 0 132
39 0 136
39 0 140
39 0 144
39 0 148
39 0 152
40 0 40
40 0 44
40 0 48
40 0 52
40 0 56
40 0 60
40 0 64
40 0 68
40 0 72
40 0 76
40 0 80
40 0 84
40 0 88
40 0 92
40 0 96
40 0 100
40 0 104
40 0 108
40 0 112
40 0 116
40 0 120
40 0 124
40 0 128
40 0 132
40 0 136
40 0 140
40 0 144
41 0 40
41 0 44
41 0 48
41 0 52
41 0 56
41 0 60
41 0 64
41 0 68
41 0 72
41 0 76
41 0 80
41 0 84
41 0 88
41 0 92
41 0 96
41 0 100
41 0 104
41 0 108
41 0 112
41 0 116
41 0 120
41 0 124
41 0 128
41 0 132
41 0 136
41 0 140
42 0 40
42 0 44
42 0 48
42 0 52
42 0 56
42 0 60
42 0 64
42 0 68
42 0 72
42 0 76
42 0 80
42 0 84
42 0 88
42 0 92
42 0 96
42 0 100
42 0 104
42 0 108
42 0 112
42 0 116
42 0 120
42 0 124
42 0 128
42 0 132
43 0 40
43 0 44
43 0 48
43 0 52
43 0 56
43 0 60
43 0 64
43 0 68
43 0 72
43 0 76
43 0 80
43 0 84
43 0 88
43 0 92
43 0 96
43 0 100
43 0 104
43 0 108
43 0 112
43 0 116
43 0 120
43 0 124
44 0 40
44 0 44
44 0 48
44 0 52
44 0 56
44 0 60
44 0 64
44 0 68
44 0 72
44 0 76
44 0 80
44 0 84
44 0 88
44 0 92
44 0 96
44 0 100
44 0 104
44 0 108
44 0 112
44 0 116
45 0 40
45 0 44
45 0 48
45 0 52
45 0 56
45 0 60
45 0 64
45 0 68
45 0 72
45 0 76
45 0 80
45 0 84
45 0 88
45 0 92
45 0 96
45 0 100
45 0 104
45 0 108
46 0 40
46 0 44
46 0 48
46 0 52
46 0 56
46 0 60
46 0 64
46 0 68
46 0 72
46 0 76
46 0 80
46 0 84
46 0 88
46 0 92
46 0 96
46 0 100
47 0 40
47 0 44
47 0 48
47 0 52
47 0 56
47 0 60
47 0 64
47 0 68
47 0 72
47 0 76
47 0 80
47 0 84
47 0 88
47 0 92
47 0 96
48 0 40
48 0 44
48 0 48
48 0 52
48 0 56
48 0 60
48 0 64
48 0 68
48 0 72
48 0 76
48 0 80
48 0 84
48 0 88
48 0 92
49 0 40
49 0 44
49 0 48
49 0 52
49 0 56
49 0 60
49 0 64
49 0 68
49 0 72
49 0 76
49 0 80
49 0 84
49 0 88
50 0 40
50 0 44
50 0 48
50 0 52
50 0 56
50 0 60
50 0 64
50 0 68
50 0 72
50 0 76
50 0 80
50 0 84
51 0 40
51 0 44
51 0 48
51 0 52
51 0 56
51 0 60
51 0 64
51 0 68
51 0 72
51 0 76
51 0 80
51 0 84
184 178 40
184 178 44
184 178 48
184 178 52
183 178 40
183 178 44
183 178 48
182 178 40
182 178 44
182 178 48
181 178 40
181 178 44
181 178 48
180 178 40
180 178 44
179 178 40
179 178 44
178 178 40
178 178 44
177 178 40
177 178 44
177 177 40
177 177 44
176 177 40
176 177 44
176 176 40
176 176 44
175 176 40
175 175 40
175 175 44
174 175 40
174 174 40
173 174 40
173 173 40
172 173 40
172 172 40
171 172 40
171 171 40
170 171 40
169 171 40
168 171 40
167 171 40
167 172 40
166 172 40
165 172 40
165 173 40
164 173 40
164 174 40
163 174 40
163 175 40
162 175 40
162 176 40
162 177 40
161 177 40
160 177 40
160 178 40
160 179 40
159 179 40
158 179 40
157 179 40
157 179 44
156 179 40
156 179 44
155 179 40
155 179 44
154 179 40
154 179 44
153 179 40
153 179 44
152 179 40
152 179 44
151 179 40
151 179 44
150 179 40
150 179 44
149 179 40
149 179 44
149 179 48
148 179 40
148 179 44
148 179 48
147 179 40
147 179 44
147 179 48
146 179 40
146 179 44
146 179 48
146 179 52
145 179 40
145 179 44
145 179 48
145 179 52
145 179 56
144 179 40
144 179 44
144 179 48
144 179 52
144 179 56
144 179 60
143 179 40
143 179 44
143 179 48
143 179 52
143 179 56
143 179 60
142 179 40
142 179 44
142 179 48
142 179 52
142 179 56
142 179 60
142 179 64
141 179 40
141 179 44
141 179 48
141 179 52
141 179 56
141 179 60
141 179 64
140 179 40
140 179 44
140 179 48
140 179 52
140 179 56
140 179 60
140 179 64
139 179 40
139 179 44
139 179 48
139 179 52
139 179 56
139 179 60
139 179 64
138 179 40
138 179 44
138 179 48
138 179 52
138 179 56
138 179 60
138 179 64
138 179 68
138 180 40
138 180 44
138 180 48
138 180 52
138 180 56
138 180 60
138 181 40
138 181 44
138 181 48
138 181 52
138 181 56
137 181 40
137 181 44
137 181 48
137 181 52
137 181 56
137 182 40
137 182 44
137 182 48
137 182 52
136 182 40
136 182 44
136 182 48
136 182 52
136 183 40
136 183 44
136 183 48
135 183 40
135 183 44
135 183 48
134 183 40
134 183 44
134 183 48
134 184 40
134 184 44
133 184 40
133 184 44
133 185 40
133 185 44
132 185 40
132 186 40
131 186 40
131 187 40
130 187 40
130 188 40
129 188 40
128 189 40
128 190 40
127 190 40
127 191 40
126 191 40
126 192 40
125 192 40
124 192 40
123 192 40
122 192 40
