9 9 100
9 29 100
9 49 100
9 69 100
9 89 100
9 109 100
9 129 100
9 149 100
9 169 100
9 189 100
29 9 100
29 29 100
29 49 100
29 69 100
29 89 100
29 109 100
29 129 100
29 149 100
29 169 100
29 189 100
49 9 100
49 29 100
49 49 100
49 69 100
49 89 100
49 109 100
49 129 100
49 149 100
49 169 100
49 189 100
69 9 100
69 29 100
69 49 100
69 69 100
69 89 100
69 109 100
69 129 100
69 149 100
69 169 100
69 189 100
89 9 100
89 29 100
89 49 100
89 69 100
89 89 100
89 109 100
89 129 100
89 149 100
89 169 100
89 189 100
109 9 100
109 29 100
109 49 100
109 69 100
109 89 100
109 109 100
109 129 100
109 149 100
109 169 100
109 189 100
129 9 100
129 29 100
129 49 100
129 69 100
129 89 100
129 109 100
129 129 100
129 149 100
129 169 100
129 189 100
149 9 100
149 29 100
149 49 100
149 69 100
149 89 100
149 109 100
149 129 100
149 149 100
149 169 100
149 189 100
169 9 100
169 29 100
169 49 100
169 69 100
169 89 100
169 109 100
169 129 100
169 149 100
169 169 100
169 189 100
189 9 100
189 29 100
189 49 100
189 69 100
189 89 100
189 109 100
189 129 100
189 149 100
189 169 100
189 189 100
9 9 100
9 29 100
9 49 100
9 89 100
9 129 100
9 149 100
29 89 100
29 109 100
29 129 100
29 149 100
29 169 100
29 189 100
49 69 100
49 89 100
49 109 100
49 129 100
49 149 100
49 169 100
69 9 100
69 29 100
69 49 100
69 69 100
69 89 100
69 169 100
69 189 100
89 9 100
89 29 100
89 49 100
89 69 100
89 89 100
89 109 100
89 169 100
89 189 100
109 9 100
109 29 100
109 109 100
109 149 100
109 169 100
129 9 100
129 29 100
129 49 100
129 89 100
129 129 100
129 169 100
129 189 100
149 29 100
149 89 100
149 109 100
149 129 100
149 149 100
149 169 100
149 189 100
169 9 100
169 29 100
169 49 100
169 89 100
169 109 100
169 169 100
169 189 100
189 9 100
189 29 100
189 49 100
189 89 100
189 109 100
189 169 100
189 189 100
71 116 40
10 109 40
26 62 40
199 16 40
60 30 40
0 176 40
100 72 40
101 72 40
102 72 40
103 72 40
104 72 40
105 72 40
106 72 40
107 72 40
108 72 40
109 72 40
109 73 40
109 74 40
109 75 40
109 76 40
109 77 40
109 78 40
109 79 40
109 80 40
109 81 40
109 82 40
109 83 40
109 84 40
109 85 40
109 85 42
109 86 40
109 86 42
109 87 40
109 87 42
109 88 40
109 88 42
110 89 40
110 89 42
110 90 40
110 90 42
111 90 40
111 90 42
111 91 40
111 91 42
111 91 44
112 91 40
112 91 42
112 92 40
112 92 42
112 92 44
113 92 40
113 92 42
113 92 44
113 93 40
113 93 42
113 93 44
114 93 40
114 93 42
114 93 44
114 94 40
114 94 42
114 94 44
114 95 40
114 95 42
114 95 44
114 95 46
115 95 40
115 95 42
115 95 44
115 96 40
115 96 42
115 96 44
115 96 46
116 96 40
116 96 42
116 96 44
116 97 40
116 97 42
116 97 44
116 97 46
117 97 40
117 97 42
117 97 44
117 98 40
117 98 42
117 98 44
117 98 46
118 98 40
118 98 42
118 98 44
119 98 40
119 98 42
119 98 44
119 99 40
119 99 42
119 99 44
119 100 40
119 100 42
119 100 44
120 100 40
120 100 42
120 100 44
121 100 40
121 100 42
121 100 44
121 101 40
121 101 42
121 101 44
121 102 40
121 102 42
121 102 44
122 102 40
122 102 42
123 102 40
123 102 42
123 103 40
123 103 42
124 103 40
124 103 42
124 104 40
124 104 42
125 104 40
125 104 42
125 105 40
125 105 42
126 105 40
126 105 42
126 106 40
126 106 42
127 106 40
127 106 42
127 107 40
127 107 42
127 108 40
127 108 42
127 109 40
127 109 42
127 110 40
127 111 40
127 112 40
126 112 40
125 112 40
125 113 40
124 113 40
124 114 40
123 114 40
123 115 40
122 115 40
122 116 40
122 116 42
122 117 40
122 117 42
121 117 40
121 117 42
121 117 44
120 117 40
120 117 42
120 117 44
120 118 40
120 118 42
120 118 44
120 118 46
120 119 40
120 119 42
120 119 44
120 119 46
120 119 48
119 119 40
119 119 42
119 119 44
119 119 46
119 119 48
119 119 50
119 120 40
119 120 42
119 120 44
119 120 46
119 120 48
119 120 50
119 120 52
118 120 40
118 120 42
118 120 44
118 120 46
118 120 48
118 120 50
118 120 52
118 120 54
117 120 40
117 120 42
117 120 44
117 120 46
117 120 48
117 120 50
117 120 52
117 120 54
117 120 56
117 121 40
117 121 42
117 121 44
117 121 46
117 121 48
117 121 50
117 121 52
117 121 54
117 121 56
116 121 40
116 121 42
116 121 44
116 121 46
116 121 48
116 121 50
116 121 52
116 121 54
116 121 56
116 121 58
116 122 40
116 122 42
116 122 44
116 122 46
116 122 48
116 122 50
116 122 52
116 122 54
116 122 56
115 122 40
115 122 42
115 122 44
115 122 46
115 122 48
115 122 50
115 122 52
115 122 54
115 122 56
115 123 40
115 123 42
115 123 44
115 123 46
115 123 48
115 123 50
115 123 52
115 123 54
115 123 56
114 123 40
114 123 42
114 123 44
114 123 46
114 123 48
114 123 50
114 123 52
114 123 54
114 124 40
114 124 42
114 124 44
114 124 46
114 124 48
114 124 50
114 124 52
113 124 40
113 124 42
113 124 44
113 124 46
113 124 48
113 124 50
113 124 52
113 125 40
113 125 42
113 125 44
113 125 46
113 125 48
113 125 50
112 125 40
112 125 42
112 125 44
112 125 46
112 125 48
112 125 50
112 126 40
112 126 42
112 126 44
112 126 46
112 126 48
111 126 40
111 126 42
111 126 44
111 126 46
111 127 40
111 127 42
111 127 44
111 127 46
110 127 40
110 127 42
110 127 44
110 128 40
110 128 42
110 128 44
109 128 40
109 128 42
109 128 44
108 129 40
108 129 42
107 129 40
107 129 42
106 129 40
106 129 42
105 129 40
105 129 42
104 129 40
104 129 42
103 129 40
103 129 42
102 129 40
102 129 42
101 129 40
101 129 42
100 129 40
100 129 42
99 129 40
99 129 42
98 129 40
98 129 42
97 129 40
97 129 42
96 129 40
96 129 42
95 129 40
94 129 40
93 129 40
92 129 40
91 129 40
90 129 40
88 129 40
87 129 40
86 129 40
85 129 40
84 129 40
83 129 40
82 129 40
81 129 40
80 129 40
79 129 40
78 129 40
77 129 40
76 129 40
75 129 40
74 129 40
73 129 40
72 129 40
71 129 40
71 128 40
71 127 40
71 126 40
71 125 40
71 124 40
71 123 40
71 122 40
71 121 40
71 120 40
71 119 40
71 118 40
71 117 40
26 61 40
26 60 40
26 59 40
26 58 40
26 57 40
26 56 40
26 55 40
26 54 40
26 53 40
26 52 40
27 52 40
27 51 40
28 51 40
28 50 40
29 50 40
30 49 40
31 49 40
32 49 40
33 49 40
34 49 40
35 49 40
36 49 40
37 49 40
38 49 40
39 49 40
40 49 40
41 49 40
42 49 40
43 49 40
44 49 40
45 49 40
46 49 40
47 49 40
48 49 40
48 49 42
50 49 40
50 49 42
50 49 44
50 50 40
50 50 42
50 50 44
50 51 40
50 51 42
50 51 44
51 51 40
51 51 42
51 51 44
51 51 46
51 52 40
51 52 42
51 52 44
51 52 46
51 52 48
52 52 40
52 52 42
52 52 44
52 52 46
52 52 48
52 52 50
53 52 40
53 52 42
53 52 44
53 52 46
53 52 48
53 52 50
53 52 52
53 52 54
53 53 40
53 53 42
53 53 44
53 53 46
53 53 48
53 53 50
53 53 52
53 53 54
53 53 56
54 53 40
54 53 42
54 53 44
54 53 46
54 53 48
54 53 50
54 53 52
54 53 54
54 53 56
54 53 58
54 53 60
54 54 40
54 54 42
54 54 44
54 54 46
54 54 48
54 54 50
54 54 52
54 54 54
54 54 56
54 54 58
54 54 60
54 55 40
54 55 42
54 55 44
54 55 46
54 55 48
54 55 50
54 55 52
54 55 54
54 55 56
54 55 58
54 55 60
54 55 62
55 55 40
55 55 42
55 55 44
55 55 46
55 55 48
55 55 50
55 55 52
55 55 54
55 55 56
55 55 58
55 55 60
55 55 62
55 55 64
56 55 40
56 55 42
56 55 44
56 55 46
56 55 48
56 55 50
56 55 52
56 55 54
56 55 56
56 55 58
56 55 60
56 55 62
56 55 64
56 55 66
56 55 68
56 56 40
56 56 42
56 56 44
56 56 46
56 56 48
56 56 50
56 56 52
56 56 54
56 56 56
56 56 58
56 56 60
56 56 62
56 56 64
56 56 66
56 56 68
57 56 40
57 56 42
57 56 44
57 56 46
57 56 48
57 56 50
57 56 52
57 56 54
57 56 56
57 56 58
57 56 60
57 56 62
57 56 64
57 56 66
57 56 68
57 56 70
57 57 40
57 57 42
57 57 44
57 57 46
57 57 48
57 57 50
57 57 52
57 57 54
57 57 56
57 57 58
57 57 60
57 57 62
57 57 64
57 57 66
57 57 68
58 57 40
58 57 42
58 57 44
58 57 46
58 57 48
58 57 50
58 57 52
58 57 54
58 57 56
58 57 58
58 57 60
58 57 62
58 57 64
58 57 66
58 57 68
58 57 70
58 58 40
58 58 42
58 58 44
58 58 46
58 58 48
58 58 50
58 58 52
58 58 54
58 58 56
58 58 58
58 58 60
58 58 62
58 58 64
58 58 66
58 58 68
58 59 40
58 59 42
58 59 44
58 59 46
58 59 48
58 59 50
58 59 52
58 59 54
58 59 56
58 59 58
58 59 60
58 59 62
58 59 64
59 59 40
59 59 42
59 59 44
59 59 46
59 59 48
59 59 50
59 59 52
59 59 54
59 59 56
59 59 58
59 59 60
59 59 62
59 59 64
59 59 66
59 60 40
59 60 42
59 60 44
59 60 46
59 60 48
59 60 50
59 60 52
59 60 54
59 60 56
59 60 58
59 60 60
59 60 62
60 60 40
60 60 42
60 60 44
60 60 46
60 60 48
60 60 50
60 60 52
60 60 54
60 60 56
60 60 58
60 60 60
60 60 62
60 60 64
60 61 40
60 61 42
60 61 44
60 61 46
60 61 48
60 61 50
60 61 52
60 61 54
60 61 56
60 61 58
60 61 60
61 61 40
61 61 42
61 61 44
61 61 46
61 61 48
61 61 50
61 61 52
61 61 54
61 61 56
61 61 58
61 61 60
61 61 62
61 62 40
61 62 42
61 62 44
61 62 46
61 62 48
61 62 50
61 62 52
61 62 54
61 62 56
61 62 58
62 62 40
62 62 42
62 62 44
62 62 46
62 62 48
62 62 50
62 62 52
62 62 54
62 62 56
62 62 58
62 62 60
63 62 40
63 62 42
63 62 44
63 62 46
63 62 48
63 62 50
63 62 52
63 62 54
63 62 56
63 62 58
63 62 60
63 62 62
63 63 40
63 63 42
63 63 44
63 63 46
63 63 48
63 63 50
63 63 52
63 63 54
63 63 56
63 63 58
64 63 40
64 63 42
64 63 44
64 63 46
64 63 48
64 63 50
64 63 52
64 63 54
64 63 56
64 63 58
64 64 40
64 64 42
64 64 44
64 64 46
64 64 48
64 64 50
64 64 52
64 64 54
64 64 56
65 64 40
65 64 42
65 64 44
65 64 46
65 64 48
65 64 50
65 64 52
65 64 54
65 64 56
65 65 40
65 65 42
65 65 44
65 65 46
65 65 48
65 65 50
65 65 52
65 65 54
66 65 40
66 65 42
66 65 44
66 65 46
66 65 48
66 65 50
66 65 52
66 65 54
66 66 40
66 66 42
66 66 44
66 66 46
66 66 48
66 66 50
66 66 52
67 66 40
67 66 42
67 66 44
67 66 46
67 66 48
67 66 50
67 67 40
67 67 42
67 67 44
67 67 46
67 67 48
67 67 50
68 67 40
68 67 42
68 67 44
68 67 46
68 67 48
68 68 40
68 68 42
68 68 44
68 68 46
68 68 48
69 68 40
69 68 42
69 68 44
69 68 46
69 68 48
70 69 40
70 69 42
70 69 44
70 69 46
71 69 40
71 69 42
71 69 44
71 69 46
72 69 40
72 69 42
72 69 44
72 69 46
73 69 40
73 69 42
73 69 44
73 69 46
74 69 40
74 69 42
74 69 44
75 69 40
75 69 42
75 69 44
76 69 40
76 69 42
76 69 44
76 69 46
77 69 40
77 69 42
77 69 44
77 69 46
78 69 40
78 69 42
78 69 44
78 69 46
79 69 40
79 69 42
79 69 44
79 69 46
80 69 40
80 69 42
80 69 44
80 69 46
81 69 40
81 69 42
81 69 44
81 69 46
81 69 48
82 69 40
82 69 42
82 69 44
82 69 46
82 69 48
83 69 40
83 69 42
83 69 44
83 69 46
83 69 48
84 69 40
84 69 42
84 69 44
84 69 46
84 69 48
85 69 40
85 69 42
85 69 44
85 69 46
85 69 48
86 69 40
86 69 42
86 69 44
86 69 46
86 69 48
87 69 40
87 69 42
87 69 44
87 69 46
88 69 40
88 69 42
88 69 44
88 69 46
90 69 40
90 69 42
90 69 44
90 70 40
90 70 42
90 70 44
90 70 46
91 70 40
91 70 42
91 70 44
91 71 40
91 71 42
91 71 44
91 71 46
92 71 40
92 71 42
92 71 44
92 72 40
92 72 42
92 72 44
92 72 46
93 72 40
93 72 42
93 72 44
94 72 40
94 72 42
94 72 44
95 72 40
95 72 42
96 72 40
96 72 42
97 72 40
98 72 40
99 72 40
59 30 40
58 30 40
57 30 40
56 30 40
55 30 40
54 30 40
53 30 40
52 30 40
51 30 40
50 30 40
49 30 40
49 31 40
49 32 40
49 33 40
49 34 40
49 35 40
49 36 40
49 37 40
49 38 40
49 39 40
49 40 40
49 41 40
49 42 40
49 43 40
49 44 40
49 44 42
49 45 40
49 45 42
49 46 40
49 46 42
49 47 40
49 47 42
49 48 40
49 48 42
8 109 40
8 108 40
8 107 40
8 106 40
8 105 40
8 105 42
8 104 40
8 104 42
8 103 40
8 103 42
8 103 44
8 102 40
8 102 42
8 102 44
8 102 46
8 101 40
8 101 42
8 101 44
8 101 46
8 101 48
8 101 50
8 100 40
8 100 42
8 100 44
8 100 46
8 100 48
8 100 50
8 100 52
8 99 40
8 99 42
8 99 44
8 99 46
8 99 48
8 99 50
8 99 52
8 99 54
8 98 40
8 98 42
8 98 44
8 98 46
8 98 48
8 98 50
8 98 52
8 98 54
8 98 56
8 97 40
8 97 42
8 97 44
8 97 46
8 97 48
8 97 50
8 97 52
8 97 54
8 97 56
8 97 58
8 96 40
8 96 42
8 96 44
8 96 46
8 96 48
8 96 50
8 96 52
8 96 54
8 96 56
8 96 58
8 95 40
8 95 42
8 95 44
8 95 46
8 95 48
8 95 50
8 95 52
8 95 54
8 95 56
8 95 58
8 94 40
8 94 42
8 94 44
8 94 46
8 94 48
8 94 50
8 94 52
8 94 54
8 94 56
8 94 58
8 93 40
8 93 42
8 93 44
8 93 46
8 93 48
8 93 50
8 93 52
8 93 54
8 93 56
8 93 58
8 92 40
8 92 42
8 92 44
8 92 46
8 92 48
8 92 50
8 92 52
8 92 54
8 92 56
8 91 40
8 91 42
8 91 44
8 91 46
8 91 48
8 91 50
8 91 52
8 91 54
8 91 56
8 90 40
8 90 42
8 90 44
8 90 46
8 90 48
8 90 50
8 90 52
8 90 54
8 89 40
8 89 42
8 89 44
8 89 46
8 89 48
8 89 50
8 89 52
8 88 40
8 88 42
8 88 44
8 88 46
8 88 48
8 88 50
8 87 40
8 87 42
8 87 44
8 87 46
8 87 48
8 86 40
8 86 42
8 86 44
8 86 46
8 85 40
8 85 42
8 85 44
8 84 40
8 84 42
8 84 44
8 83 40
8 83 42
8 83 44
8 82 40
8 82 42
8 82 44
8 81 40
8 81 42
8 80 40
8 80 42
8 79 40
8 79 42
8 78 40
8 78 42
8 77 40
8 77 42
8 76 40
8 76 42
8 75 40
8 74 40
8 73 40
8 72 40
8 71 40
8 70 40
8 69 40
10 69 40
11 69 40
12 69 40
13 69 40
14 69 40
15 69 40
16 69 40
17 69 40
18 69 40
19 69 40
20 69 40
21 69 40
22 69 40
23 69 40
24 69 40
25 69 40
26 69 40
26 68 40
26 67 40
26 66 40
26 65 40
26 64 40
26 63 40
0 175 40
0 174 40
0 173 40
0 172 40
0 171 40
0 170 40
0 169 40
1 169 40
2 169 40
3 169 40
4 169 40
5 169 40
5 168 40
5 167 40
5 166 40
5 165 40
5 164 40
5 163 40
5 162 40
5 161 40
5 160 40
5 159 40
5 158 40
5 157 40
5 156 40
5 155 40
5 154 40
5 153 40
5 153 42
5 152 40
5 152 42
5 151 40
5 151 42
5 150 40
5 150 42
5 149 40
5 149 42
5 148 40
5 148 42
5 148 44
5 147 40
5 147 42
5 147 44
5 146 40
5 146 42
5 146 44
5 145 40
5 145 42
5 145 44
5 145 46
5 144 40
5 144 42
5 144 44
5 144 46
5 143 40
5 143 42
5 143 44
5 143 46
5 142 40
5 142 42
5 142 44
5 142 46
5 142 48
5 141 40
5 141 42
5 141 44
5 141 46
5 141 48
5 140 40
5 140 42
5 140 44
5 140 46
5 140 48
5 139 40
5 139 42
5 139 44
5 139 46
5 139 48
5 138 40
5 138 42
5 138 44
5 138 46
5 137 40
5 137 42
5 137 44
5 137 46
5 136 40
5 136 42
5 136 44
5 135 40
5 135 42
5 135 44
5 134 40
5 134 42
5 134 44
5 133 40
5 133 42
5 132 40
5 132 42
5 131 40
5 131 42
5 130 40
5 130 42
5 129 40
5 128 40
5 127 40
5 126 40
5 125 40
5 124 40
5 123 40
5 122 40
5 121 40
5 120 40
5 119 40
5 118 40
5 117 40
5 116 40
5 115 40
5 114 40
5 113 40
5 112 40
5 111 40
5 110 40
5 109 40
6 109 40
7 109 40
198 16 40
197 16 40
196 16 40
195 16 40
194 16 40
193 16 40
193 17 40
193 18 40
193 19 40
193 19 42
193 20 40
193 20 42
193 21 40
193 21 42
193 22 40
193 22 42
193 22 44
193 23 40
193 23 42
193 23 44
193 23 46
193 24 40
193 24 42
193 24 44
193 24 46
193 24 48
193 25 40
193 25 42
193 25 44
193 25 46
193 25 48
193 25 50
193 26 40
193 26 42
193 26 44
193 26 46
193 26 48
193 26 50
193 26 52
193 26 54
193 27 40
193 27 42
193 27 44
193 27 46
193 27 48
193 27 50
193 27 52
193 27 54
193 27 56
193 27 58
193 28 40
193 28 42
193 28 44
193 28 46
193 28 48
193 28 50
193 28 52
193 28 54
193 28 56
193 28 58
193 28 60
193 28 62
193 28 64
193 29 40
193 29 42
193 29 44
193 29 46
193 29 48
193 29 50
193 29 52
193 29 54
193 29 56
193 29 58
193 29 60
193 29 62
193 29 64
193 29 66
193 29 68
193 30 40
193 30 42
193 30 44
193 30 46
193 30 48
193 30 50
193 30 52
193 30 54
193 30 56
193 30 58
193 30 60
193 30 62
193 30 64
193 30 66
193 30 68
193 30 70
193 31 40
193 31 42
193 31 44
193 31 46
193 31 48
193 31 50
193 31 52
193 31 54
193 31 56
193 31 58
193 31 60
193 31 62
193 31 64
193 31 66
193 31 68
193 31 70
193 31 72
193 31 74
193 32 40
193 32 42
193 32 44
193 32 46
193 32 48
193 32 50
193 32 52
193 32 54
193 32 56
193 32 58
193 32 60
193 32 62
193 32 64
193 32 66
193 32 68
193 32 70
193 32 72
193 32 74
193 32 76
193 33 40
193 33 42
193 33 44
193 33 46
193 33 48
193 33 50
193 33 52
193 33 54
193 33 56
193 33 58
193 33 60
193 33 62
193 33 64
193 33 66
193 33 68
193 33 70
193 33 72
193 33 74
193 33 76
193 34 40
193 34 42
193 34 44
193 34 46
193 34 48
193 34 50
193 34 52
193 34 54
193 34 56
193 34 58
193 34 60
193 34 62
193 34 64
193 34 66
193 34 68
193 34 70
193 34 72
193 34 74
193 34 76
193 34 78
193 35 40
193 35 42
193 35 44
193 35 46
193 35 48
193 35 50
193 35 52
193 35 54
193 35 56
193 35 58
193 35 60
193 35 62
193 35 64
193 35 66
193 35 68
193 35 70
193 35 72
193 35 74
193 35 76
193 35 78
193 36 40
193 36 42
193 36 44
193 36 46
193 36 48
193 36 50
193 36 52
193 36 54
193 36 56
193 36 58
193 36 60
193 36 62
193 36 64
193 36 66
193 36 68
193 36 70
193 36 72
193 36 74
193 36 76
193 37 40
193 37 42
193 37 44
193 37 46
193 37 48
193 37 50
193 37 52
193 37 54
193 37 56
193 37 58
193 37 60
193 37 62
193 37 64
193 37 66
193 37 68
193 37 70
193 37 72
193 37 74
193 38 40
193 38 42
193 38 44
193 38 46
193 38 48
193 38 50
193 38 52
193 38 54
193 38 56
193 38 58
193 38 60
193 38 62
193 38 64
193 38 66
193 38 68
193 38 70
193 38 72
193 39 40
193 39 42
193 39 44
193 39 46
193 39 48
193 39 50
193 39 52
193 39 54
193 39 56
193 39 58
193 39 60
193 39 62
193 39 64
193 39 66
193 39 68
193 39 70
193 40 40
193 40 42
193 40 44
193 40 46
193 40 48
193 40 50
193 40 52
193 40 54
193 40 56
193 40 58
193 40 60
193 40 62
193 40 64
193 40 66
193 41 40
193 41 42
193 41 44
193 41 46
193 41 48
193 41 50
193 41 52
193 41 54
193 41 56
193 41 58
193 41 60
193 41 62
193 41 64
193 42 40
193 42 42
193 42 44
193 42 46
193 42 48
193 42 50
193 42 52
193 42 54
193 42 56
193 42 58
193 42 60
193 43 40
193 43 42
193 43 44
193 43 46
193 43 48
193 43 50
193 43 52
193 43 54
193 43 56
193 43 58
193 44 40
193 44 42
193 44 44
193 44 46
193 44 48
193 44 50
193 44 52
193 44 54
193 44 56
193 45 40
193 45 42
193 45 44
193 45 46
193 45 48
193 45 50
193 45 52
193 45 54
193 46 40
193 46 42
193 46 44
193 46 46
193 46 48
193 46 50
193 46 52
193 46 54
192 46 40
192 46 42
192 46 44
192 46 46
192 46 48
192 46 50
192 46 52
192 46 54
192 47 40
192 47 42
192 47 44
192 47 46
192 47 48
192 47 50
192 47 52
191 47 40
191 47 42
191 47 44
191 47 46
191 47 48
191 47 50
191 47 52
191 48 40
191 48 42
191 48 44
191 48 46
191 48 48
190 48 40
190 48 42
190 48 44
190 48 46
190 48 48
190 49 40
190 49 42
190 49 44
190 49 46
190 50 40
190 50 42
190 50 44
190 51 40
190 51 42
190 51 44
190 52 40
190 52 42
190 53 40
190 54 40
190 55 40
190 56 40
190 57 40
190 58 40
190 59 40
190 60 40
190 61 40
190 62 40
190 63 40
190 64 40
190 65 40
190 66 40
190 67 40
190 68 40
189 68 40
188 69 40
187 69 40
186 69 40
185 69 40
184 69 40
184 69 42
183 69 40
183 69 42
182 69 40
182 69 42
181 69 40
181 69 42
180 69 40
180 69 42
179 69 40
179 69 42
178 69 40
178 69 42
177 69 40
177 69 42
176 69 40
176 69 42
175 69 40
175 69 42
174 69 40
174 69 42
173 69 40
172 69 40
171 69 40
170 69 40
168 69 40
167 69 40
166 69 40
165 69 40
164 69 40
163 69 40
162 69 40
161 69 40
160 69 40
159 69 40
158 69 40
157 69 40
156 69 40
155 69 40
154 69 40
153 69 40
152 69 40
151 69 40
150 69 40
148 69 40
147 69 40
146 69 40
145 69 40
144 69 40
143 69 40
142 69 40
141 69 40
140 69 40
139 69 40
138 69 40
137 69 40
136 69 40
135 69 40
134 69 40
133 69 40
132 69 40
131 69 40
130 69 40
128 69 40
127 69 40
126 69 40
125 69 40
124 69 40
123 69 40
122 69 40
121 69 40
120 69 40
119 69 40
118 69 40
117 69 40
116 69 40
115 69 40
114 69 40
113 69 40
112 69 40
111 69 40
110 69 40
109 70 40
109 71 40
