9 9 100
9 29 100
9 49 100
9 69 100
9 89 100
9 109 100
9 129 100
9 149 100
9 169 100
9 189 100
29 9 100
29 29 100
29 49 100
29 69 100
29 89 100
29 109 100
29 129 100
29 149 100
29 169 100
29 189 100
49 9 100
49 29 100
49 49 100
49 69 100
49 89 100
49 109 100
49 129 100
49 149 100
49 169 100
49 189 100
69 9 100
69 29 100
69 49 100
69 69 100
69 89 100
69 109 100
69 129 100
69 149 100
69 169 100
69 189 100
89 9 100
89 29 100
89 49 100
89 69 100
89 89 100
89 109 100
89 129 100
89 149 100
89 169 100
89 189 100
109 9 100
109 29 100
109 49 100
109 69 100
109 89 100
109 109 100
109 129 100
109 149 100
109 169 100
109 189 100
129 9 100
129 29 100
129 49 100
129 69 100
129 89 100
129 109 100
129 129 100
129 149 100
129 169 100
129 189 100
149 9 100
149 29 100
149 49 100
149 69 100
149 89 100
149 109 100
149 129 100
149 149 100
149 169 100
149 189 100
169 9 100
169 29 100
169 49 100
169 69 100
169 89 100
169 109 100
169 129 100
169 149 100
169 169 100
169 189 100
189 9 100
189 29 100
189 49 100
189 69 100
189 89 100
189 109 100
189 129 100
189 149 100
189 169 100
189 189 100
9 29 100
9 49 100
9 69 100
9 89 100
9 129 100
9 149 100
9 169 100
9 189 100
29 9 100
29 29 100
29 69 100
29 89 100
29 109 100
29 129 100
29 149 100
49 9 100
49 89 100
49 109 100
49 129 100
69 49 100
69 89 100
69 109 100
69 149 100
89 9 100
89 29 100
89 49 100
89 69 100
89 89 100
89 149 100
89 169 100
89 189 100
109 9 100
109 29 100
109 49 100
109 69 100
109 89 100
109 149 100
109 169 100
109 189 100
129 9 100
129 49 100
129 89 100
129 109 100
129 169 100
129 189 100
149 49 100
149 89 100
149 109 100
149 189 100
169 29 100
169 49 100
169 89 100
169 109 100
169 149 100
189 9 100
189 29 100
189 49 100
189 89 100
189 109 100
189 129 100
189 149 100
189 169 100
189 189 100
41 169 40
180 176 40
180 176 44
146 6 40
103 107 40
104 107 40
105 107 40
106 107 40
107 107 40
107 108 40
108 108 40
108 109 40
109 110 40
109 111 40
109 112 40
109 113 40
109 114 40
109 115 40
109 116 40
109 117 40
109 118 40
109 119 40
109 120 40
109 121 40
109 122 40
109 123 40
109 124 40
109 125 40
109 126 40
109 127 40
109 128 40
110 129 40
111 129 40
112 129 40
113 129 40
114 129 40
115 129 40
116 129 40
117 129 40
118 129 40
119 129 40
120 129 40
121 129 40
122 129 40
123 129 40
124 129 40
125 129 40
126 129 40
127 129 40
128 129 40
129 130 40
129 131 40
129 132 40
129 133 40
129 134 40
129 135 40
129 136 40
129 137 40
129 138 40
129 139 40
129 140 40
129 141 40
129 142 40
129 143 40
129 144 40
129 145 40
129 146 40
129 147 40
129 148 40
130 149 40
131 149 40
132 149 40
133 149 40
134 149 40
135 149 40
136 149 40
137 149 40
138 149 40
139 149 40
140 149 40
141 149 40
142 149 40
143 149 40
144 149 40
145 149 40
146 149 40
147 149 40
148 149 40
149 150 40
149 151 40
149 152 40
149 153 40
149 154 40
149 155 40
149 156 40
149 157 40
149 158 40
149 159 40
149 160 40
149 161 40
149 162 40
149 163 40
149 164 40
149 165 40
149 166 40
149 167 40
149 168 40
150 169 40
151 169 40
152 169 40
153 169 40
154 169 40
155 169 40
156 169 40
157 169 40
158 169 40
159 169 40
160 169 40
161 169 40
162 169 40
163 169 40
164 169 40
165 169 40
166 169 40
167 169 40
168 169 40
169 170 40
170 170 40
170 171 40
171 171 40
171 172 40
172 172 40
172 173 40
172 174 40
173 174 40
173 175 40
173 176 40
174 176 40
175 176 40
176 176 40
177 176 40
178 176 40
179 176 40
179 176 44
147 6 40
148 6 40
149 6 40
149 7 40
149 8 40
149 10 40
149 11 40
149 12 40
149 13 40
149 14 40
149 15 40
149 16 40
149 17 40
149 18 40
149 19 40
149 20 40
149 21 40
149 22 40
149 23 40
149 24 40
149 25 40
149 26 40
149 27 40
149 28 40
149 30 40
149 30 44
149 31 40
149 31 44
149 32 40
149 32 44
149 32 48
149 33 40
149 33 44
149 33 48
149 34 40
149 34 44
149 34 48
149 35 40
149 35 44
149 35 48
149 36 40
149 36 44
149 36 48
149 36 52
149 37 40
149 37 44
149 37 48
149 37 52
149 38 40
149 38 44
149 38 48
149 38 52
149 39 40
149 39 44
149 39 48
149 39 52
149 40 40
149 40 44
149 40 48
149 40 52
149 41 40
149 41 44
149 41 48
149 41 52
149 42 40
149 42 44
149 42 48
149 42 52
149 43 40
149 43 44
149 43 48
149 43 52
149 43 56
149 44 40
149 44 44
149 44 48
149 44 52
149 44 56
149 45 40
149 45 44
149 45 48
149 45 52
149 45 56
149 45 60
149 46 40
149 46 44
149 46 48
149 46 52
149 46 56
149 46 60
149 47 40
149 47 44
149 47 48
149 47 52
149 47 56
149 47 60
149 47 64
149 48 40
149 48 44
149 48 48
149 48 52
149 48 56
149 48 60
149 48 64
149 49 40
149 49 44
149 49 48
149 50 40
149 50 44
149 50 48
149 50 52
149 50 56
149 50 60
149 51 40
149 51 44
149 51 48
149 51 52
149 51 56
149 51 60
149 52 40
149 52 44
149 52 48
149 52 52
149 52 56
149 53 40
149 53 44
149 53 48
149 53 52
149 53 56
149 54 40
149 54 44
149 54 48
149 54 52
149 55 40
149 55 44
149 55 48
149 55 52
149 56 40
149 56 44
149 56 48
149 57 40
149 57 44
149 57 48
149 58 40
149 58 44
149 58 48
149 59 40
149 59 44
149 60 40
149 60 44
149 61 40
149 61 44
149 62 40
149 62 44
149 63 40
149 63 44
149 64 40
149 64 44
149 65 40
149 65 44
149 66 40
149 66 44
149 67 40
149 67 44
149 68 40
149 68 44
148 69 40
148 69 44
147 69 40
147 69 44
146 69 40
146 69 44
145 69 40
145 69 44
144 69 40
143 69 40
142 69 40
141 69 40
140 69 40
139 69 40
138 69 40
137 69 40
136 69 40
135 69 40
134 69 40
133 69 40
132 69 40
131 69 40
130 69 40
129 70 40
128 70 40
128 71 40
128 72 40
128 73 40
128 74 40
128 74 44
128 75 40
128 75 44
128 76 40
128 76 44
128 77 40
128 77 44
128 78 40
128 78 44
128 79 40
128 79 44
128 79 48
128 80 40
128 80 44
128 80 48
128 81 40
128 81 44
128 81 48
128 81 52
128 82 40
128 82 44
128 82 48
128 82 52
128 83 40
128 83 44
128 83 48
128 83 52
128 84 40
128 84 44
128 84 48
128 84 52
128 85 40
128 85 44
128 85 48
128 85 52
128 86 40
128 86 44
128 86 48
128 86 52
128 87 40
128 87 44
128 87 48
128 87 52
128 88 40
128 88 44
128 88 48
128 88 52
128 89 40
128 89 44
128 89 48
128 89 52
127 89 40
127 89 44
127 89 48
127 89 52
126 89 40
126 89 44
126 89 48
126 89 52
125 89 40
125 89 44
125 89 48
125 89 52
124 89 40
124 89 44
124 89 48
124 89 52
123 89 40
123 89 44
123 89 48
123 89 52
122 89 40
122 89 44
122 89 48
122 89 52
121 89 40
121 89 44
121 89 48
121 89 52
120 89 40
120 89 44
120 89 48
120 89 52
119 89 40
119 89 44
119 89 48
119 89 52
118 89 40
118 89 44
118 89 48
118 89 52
118 89 56
117 89 40
117 89 44
117 89 48
117 89 52
117 89 56
116 89 40
116 89 44
116 89 48
116 89 52
116 89 56
115 89 40
115 89 44
115 89 48
115 89 52
115 89 56
114 89 40
114 89 44
114 89 48
114 89 52
113 89 40
113 89 44
113 89 48
113 89 52
112 89 40
112 89 44
112 89 48
112 89 52
111 89 40
111 89 44
111 89 48
111 89 52
110 89 40
110 89 44
110 89 48
110 89 52
110 90 40
110 90 44
110 90 48
110 91 40
110 91 44
110 91 48
110 92 40
110 92 44
110 92 48
110 93 40
110 93 44
110 93 48
110 94 40
110 94 44
110 95 40
110 95 44
110 96 40
110 96 44
110 97 40
110 98 40
110 99 40
110 100 40
110 101 40
110 102 40
110 103 40
110 104 40
110 105 40
110 106 40
110 107 40
110 108 40
109 108 40
