9 9 100
9 29 100
9 49 100
9 69 100
9 89 100
9 109 100
9 129 100
9 149 100
9 169 100
9 189 100
29 9 100
29 29 100
29 49 100
29 69 100
29 89 100
29 109 100
29 129 100
29 149 100
29 169 100
29 189 100
49 9 100
49 29 100
49 49 100
49 69 100
49 89 100
49 109 100
49 129 100
49 149 100
49 169 100
49 189 100
69 9 100
69 29 100
69 49 100
69 69 100
69 89 100
69 109 100
69 129 100
69 149 100
69 169 100
69 189 100
89 9 100
89 29 100
89 49 100
89 69 100
89 89 100
89 109 100
89 129 100
89 149 100
89 169 100
89 189 100
109 9 100
109 29 100
109 49 100
109 69 100
109 89 100
109 109 100
109 129 100
109 149 100
109 169 100
109 189 100
129 9 100
129 29 100
129 49 100
129 69 100
129 89 100
129 109 100
129 129 100
129 149 100
129 169 100
129 189 100
149 9 100
149 29 100
149 49 100
149 69 100
149 89 100
149 109 100
149 129 100
149 149 100
149 169 100
149 189 100
169 9 100
169 29 100
169 49 100
169 69 100
169 89 100
169 109 100
169 129 100
169 149 100
169 169 100
169 189 100
189 9 100
189 29 100
189 49 100
189 69 100
189 89 100
189 109 100
189 129 100
189 149 100
189 169 100
189 189 100
9 9 100
9 69 100
9 89 100
9 109 100
9 129 100
9 149 100
9 169 100
9 189 100
29 9 100
29 29 100
29 49 100
29 69 100
29 89 100
29 109 100
29 129 100
29 149 100
29 169 100
29 189 100
49 9 100
49 29 100
49 49 100
49 69 100
49 89 100
49 109 100
49 129 100
49 149 100
49 169 100
49 189 100
69 49 100
69 69 100
69 89 100
69 109 100
69 169 100
89 9 100
89 69 100
89 89 100
109 9 100
109 29 100
109 49 100
109 69 100
129 9 100
129 29 100
129 49 100
129 89 100
129 109 100
149 9 100
149 29 100
149 89 100
149 109 100
149 129 100
149 189 100
169 9 100
169 29 100
169 69 100
169 89 100
169 109 100
169 129 100
169 149 100
169 169 100
169 189 100
189 29 100
189 49 100
189 69 100
189 89 100
189 109 100
189 129 100
189 149 100
189 169 100
189 189 100
39 18 40
39 18 104
39 18 168
39 18 232
103 161 40
104 161 40
105 161 40
105 160 40
105 159 40
105 158 40
105 157 40
105 156 40
105 155 40
105 154 40
105 153 40
105 152 40
106 152 40
106 151 40
107 151 40
107 150 40
108 150 40
108 149 40
109 148 40
109 147 40
109 146 40
109 145 40
109 144 40
109 143 40
109 142 40
109 141 40
109 140 40
109 139 40
109 138 40
109 137 40
109 136 40
109 135 40
109 134 40
109 133 40
109 132 40
109 131 40
109 130 40
109 128 40
109 127 40
109 126 40
109 125 40
109 124 40
109 123 40
109 122 40
109 121 40
109 120 40
109 119 40
109 118 40
109 117 40
109 116 40
109 115 40
109 114 40
109 113 40
109 112 40
109 111 40
109 110 40
109 108 40
109 107 40
109 106 40
109 105 40
109 104 40
109 103 40
109 102 40
109 101 40
109 100 40
109 99 40
109 98 40
109 97 40
109 96 40
109 95 40
109 94 40
109 93 40
109 92 40
109 91 40
109 90 40
110 89 40
110 88 40
111 88 40
112 88 40
113 88 40
113 88 104
114 88 40
114 88 104
115 88 40
115 88 104
116 88 40
116 88 104
117 88 40
117 88 104
118 88 40
118 88 104
119 88 40
119 88 104
120 88 40
120 88 104
120 88 168
121 88 40
121 88 104
121 88 168
122 88 40
122 88 104
122 88 168
123 88 40
123 88 104
123 88 168
124 88 40
124 88 104
124 88 168
125 88 40
125 88 104
125 88 168
126 88 40
126 88 104
126 88 168
127 88 40
127 88 104
127 88 168
128 88 40
128 88 104
128 88 168
128 87 40
128 87 104
128 87 168
128 86 40
128 86 104
128 86 168
128 85 40
128 85 104
128 85 168
128 84 40
128 84 104
128 84 168
128 83 40
128 83 104
128 83 168
128 82 40
128 82 104
128 82 168
128 81 40
128 81 104
128 81 168
128 80 40
128 80 104
128 80 168
128 79 40
128 79 104
128 79 168
128 78 40
128 78 104
128 78 168
128 77 40
128 77 104
128 76 40
128 76 104
128 75 40
128 75 104
128 74 40
128 74 104
128 73 40
128 73 104
128 72 40
128 72 104
128 71 40
128 71 104
128 70 40
128 69 40
128 68 40
128 67 40
128 66 40
128 65 40
128 65 104
128 64 40
128 64 104
128 63 40
128 63 104
128 62 40
128 62 104
128 61 40
128 61 104
128 60 40
128 60 104
128 59 40
128 59 104
128 58 40
128 58 104
128 57 40
128 57 104
128 56 40
128 56 104
128 55 40
128 55 104
128 54 40
128 54 104
128 53 40
128 53 104
128 52 40
128 52 104
128 51 40
128 51 104
128 50 40
128 50 104
128 50 168
127 50 40
127 50 104
127 50 168
126 50 40
126 50 104
126 50 168
125 50 40
125 50 104
125 50 168
124 50 40
124 50 104
124 50 168
123 50 40
123 50 104
123 50 168
122 50 40
122 50 104
122 50 168
121 50 40
121 50 104
121 50 168
120 50 40
120 50 104
120 50 168
119 50 40
119 50 104
119 50 168
119 50 232
118 50 40
118 50 104
118 50 168
118 50 232
117 50 40
117 50 104
117 50 168
117 50 232
116 50 40
116 50 104
116 50 168
116 50 232
115 50 40
115 50 104
115 50 168
115 50 232
114 50 40
114 50 104
114 50 168
114 50 232
113 50 40
113 50 104
113 50 168
113 50 232
112 50 40
112 50 104
112 50 168
112 50 232
111 50 40
111 50 104
111 50 168
111 50 232
110 50 40
110 50 104
110 50 168
110 50 232
109 50 40
109 50 104
109 50 168
108 50 40
108 50 104
108 50 168
107 50 40
107 50 104
107 50 168
106 50 40
106 50 104
106 50 168
105 50 40
105 50 104
105 50 168
104 50 40
104 50 104
104 50 168
103 50 40
103 50 104
103 50 168
102 50 40
102 50 104
102 50 168
101 50 40
101 50 104
101 50 168
100 50 40
100 50 104
100 50 168
99 50 40
99 50 104
99 50 168
98 50 40
98 50 104
98 50 168
97 50 40
97 50 104
97 50 168
96 50 40
96 50 104
96 50 168
95 50 40
95 50 104
94 50 40
94 50 104
93 50 40
93 50 104
92 50 40
92 50 104
91 50 40
91 50 104
90 50 40
90 50 104
90 49 40
90 49 104
89 48 40
89 48 104
89 47 40
89 47 104
89 46 40
89 46 104
89 45 40
89 45 104
89 44 40
89 44 104
89 43 40
89 43 104
89 42 40
89 42 104
89 41 40
89 41 104
89 40 40
89 40 104
89 39 40
89 39 104
89 38 40
89 38 104
89 37 40
89 37 104
89 36 40
89 36 104
89 35 40
89 35 104
89 34 40
89 34 104
89 33 40
89 33 104
89 32 40
89 32 104
89 31 40
89 31 104
89 30 40
89 30 104
88 29 40
88 29 104
87 29 40
87 29 104
86 29 40
86 29 104
85 29 40
85 29 104
84 29 40
84 29 104
83 29 40
83 29 104
82 29 40
82 29 104
81 29 40
81 29 104
80 29 40
80 29 104
79 29 40
79 29 104
78 29 40
77 29 40
76 29 40
75 29 40
74 29 40
73 29 40
72 29 40
71 29 40
70 29 40
69 28 40
68 28 40
68 27 40
67 27 40
67 26 40
66 26 40
66 25 40
66 24 40
65 24 40
65 23 40
65 22 40
65 21 40
65 20 40
65 19 40
65 18 40
64 18 40
63 18 40
62 18 40
61 18 40
60 18 40
59 18 40
58 18 40
57 18 40
56 18 40
55 18 40
55 18 104
54 18 40
54 18 104
53 18 40
53 18 104
52 18 40
52 18 104
51 18 40
51 18 104
50 18 40
50 18 104
49 18 40
49 18 104
49 18 168
48 18 40
48 18 104
48 18 168
47 18 40
47 18 104
47 18 168
46 18 40
46 18 104
46 18 168
46 18 232
45 18 40
45 18 104
45 18 168
45 18 232
44 18 40
44 18 104
44 18 168
44 18 232
43 18 40
43 18 104
43 18 168
43 18 232
42 18 40
42 18 104
42 18 168
42 18 232
42 18 296
41 18 40
41 18 104
41 18 168
41 18 232
40 18 40
40 18 104
40 18 168
40 18 232
