9 9 100
9 29 100
9 49 100
9 69 100
9 89 100
9 109 100
9 129 100
9 149 100
9 169 100
9 189 100
29 9 100
29 29 100
29 49 100
29 69 100
29 89 100
29 109 100
29 129 100
29 149 100
29 169 100
29 189 100
49 9 100
49 29 100
49 49 100
49 69 100
49 89 100
49 109 100
49 129 100
49 149 100
49 169 100
49 189 100
69 9 100
69 29 100
69 49 100
69 69 100
69 89 100
69 109 100
69 129 100
69 149 100
69 169 100
69 189 100
89 9 100
89 29 100
89 49 100
89 69 100
89 89 100
89 109 100
89 129 100
89 149 100
89 169 100
89 189 100
109 9 100
109 29 100
109 49 100
109 69 100
109 89 100
109 109 100
109 129 100
109 149 100
109 169 100
109 189 100
129 9 100
129 29 100
129 49 100
129 69 100
129 89 100
129 109 100
129 129 100
129 149 100
129 169 100
129 189 100
149 9 100
149 29 100
149 49 100
149 69 100
149 89 100
149 109 100
149 129 100
149 149 100
149 169 100
149 189 100
169 9 100
169 29 100
169 49 100
169 69 100
169 89 100
169 109 100
169 129 100
169 149 100
169 169 100
169 189 100
189 9 100
189 29 100
189 49 100
189 69 100
189 89 100
189 109 100
189 129 100
189 149 100
189 169 100
189 189 100
9 9 100
9 49 100
9 89 100
9 109 100
9 129 100
9 189 100
29 9 100
29 29 100
29 49 100
29 89 100
29 129 100
29 149 100
29 169 100
29 189 100
49 9 100
49 29 100
49 49 100
49 69 100
49 89 100
49 129 100
49 169 100
69 29 100
69 49 100
69 89 100
69 109 100
69 149 100
69 169 100
89 29 100
89 69 100
89 89 100
89 129 100
89 149 100
89 189 100
109 9 100
109 29 100
109 49 100
109 89 100
109 109 100
109 149 100
109 189 100
129 29 100
129 49 100
129 69 100
129 89 100
129 129 100
129 169 100
129 189 100
149 9 100
149 29 100
149 49 100
149 69 100
149 149 100
149 189 100
169 49 100
169 69 100
169 89 100
169 109 100
169 129 100
169 149 100
169 189 100
189 9 100
189 29 100
189 49 100
189 69 100
189 129 100
189 189 100
146 43 40
146 43 72
17 64 40
127 10 40
165 199 40
50 123 40
168 20 40
76 15 40
199 71 40
141 133 40
138 80 40
12 158 40
168 21 40
168 22 40
168 23 40
168 24 40
168 25 40
168 26 40
168 27 40
168 28 40
168 29 40
168 30 40
167 30 40
167 31 40
166 31 40
166 32 40
165 32 40
165 33 40
165 34 40
164 34 40
164 35 40
163 35 40
162 35 40
162 36 40
161 36 40
161 37 40
161 38 40
160 38 40
159 38 40
159 39 40
159 40 40
158 40 40
157 40 40
157 41 40
157 42 40
157 42 72
156 42 40
156 42 72
156 43 40
156 43 72
155 43 40
155 43 72
154 43 40
154 43 72
153 43 40
152 43 40
151 43 40
150 43 40
150 43 72
149 43 40
149 43 72
148 43 40
148 43 72
147 43 40
147 43 72
128 10 40
128 9 40
129 8 40
130 8 40
131 8 40
132 8 40
133 8 40
134 8 40
135 8 40
136 8 40
136 8 72
137 8 40
137 8 72
138 8 40
138 8 72
138 8 104
139 8 40
139 8 72
139 8 104
139 8 136
140 8 40
140 8 72
140 8 104
140 8 136
140 8 168
141 8 40
141 8 72
141 8 104
141 8 136
141 8 168
141 8 200
141 8 232
142 8 40
142 8 72
142 8 104
142 8 136
142 8 168
142 8 200
142 8 232
142 8 264
143 8 40
143 8 72
143 8 104
143 8 136
143 8 168
143 8 200
143 8 232
143 8 264
143 8 296
144 8 40
144 8 72
144 8 104
144 8 136
144 8 168
144 8 200
144 8 232
144 8 264
144 8 296
144 8 328
145 8 40
145 8 72
145 8 104
145 8 136
145 8 168
145 8 200
145 8 232
145 8 264
145 8 296
145 8 328
145 8 360
146 8 40
146 8 72
146 8 104
146 8 136
146 8 168
146 8 200
146 8 232
146 8 264
146 8 296
146 8 328
146 8 360
147 8 40
147 8 72
147 8 104
147 8 136
147 8 168
147 8 200
147 8 232
147 8 264
147 8 296
147 8 328
147 8 360
148 8 40
148 8 72
148 8 104
148 8 136
148 8 168
148 8 200
148 8 232
148 8 264
148 8 296
148 8 328
149 8 40
149 8 72
149 8 104
149 8 136
149 8 168
149 8 200
149 8 232
149 8 264
149 8 296
150 8 40
150 8 72
150 8 104
150 8 136
150 8 168
150 8 200
150 8 232
150 8 264
151 8 40
151 8 72
151 8 104
151 8 136
151 8 168
151 8 200
151 8 232
152 8 40
152 8 72
152 8 104
152 8 136
152 8 168
152 8 200
153 8 40
153 8 72
153 8 104
153 8 136
153 8 168
154 8 40
154 8 72
154 8 104
154 8 136
155 8 40
155 8 72
155 8 104
156 8 40
156 8 72
156 8 104
157 8 40
157 8 72
157 8 104
158 8 40
158 8 72
158 8 104
159 8 40
159 8 72
160 8 40
160 8 72
161 8 40
161 8 72
162 8 40
162 8 72
163 8 40
163 8 72
164 8 40
165 8 40
166 8 40
167 8 40
168 8 40
168 9 40
168 10 40
168 11 40
168 12 40
168 13 40
168 14 40
168 15 40
168 16 40
168 17 40
168 18 40
168 19 40
76 14 40
76 13 40
76 12 40
77 12 40
78 12 40
79 12 40
80 12 40
81 12 40
82 12 40
83 12 40
84 12 40
85 12 40
86 12 40
86 11 40
87 11 40
87 10 40
88 10 40
88 9 40
89 8 40
90 8 40
91 8 40
92 8 40
93 8 40
94 8 40
95 8 40
96 8 40
96 8 72
97 8 40
97 8 72
98 8 40
98 8 72
99 8 40
99 8 72
99 8 104
100 8 40
100 8 72
100 8 104
101 8 40
101 8 72
101 8 104
101 8 136
102 8 40
102 8 72
102 8 104
102 8 136
103 8 40
103 8 72
103 8 104
103 8 136
103 8 168
104 8 40
104 8 72
104 8 104
104 8 136
104 8 168
104 8 200
105 8 40
105 8 72
105 8 104
105 8 136
105 8 168
105 8 200
105 8 232
106 8 40
106 8 72
106 8 104
106 8 136
106 8 168
106 8 200
106 8 232
106 8 264
107 8 40
107 8 72
107 8 104
107 8 136
107 8 168
107 8 200
107 8 232
107 8 264
108 8 40
108 8 72
108 8 104
108 8 136
108 8 168
108 8 200
108 8 232
108 8 264
109 8 40
109 8 72
109 8 104
109 8 136
109 8 168
109 8 200
109 8 232
110 8 40
110 8 72
110 8 104
110 8 136
110 8 168
110 8 200
110 8 232
111 8 40
111 8 72
111 8 104
111 8 136
111 8 168
111 8 200
112 8 40
112 8 72
112 8 104
112 8 136
112 8 168
113 8 40
113 8 72
113 8 104
113 8 136
114 8 40
114 8 72
114 8 104
115 8 40
115 8 72
116 8 40
116 8 72
117 8 40
118 8 40
119 8 40
120 8 40
121 8 40
122 8 40
123 8 40
124 8 40
125 8 40
126 8 40
127 8 40
128 8 40
50 122 40
50 121 40
50 120 40
50 119 40
50 118 40
50 117 40
50 116 40
50 115 40
50 114 40
50 113 40
50 112 40
50 111 40
50 110 40
50 109 40
48 109 40
48 109 72
47 109 40
47 109 72
46 109 40
46 109 72
45 109 40
45 109 72
44 109 40
44 109 72
43 109 40
43 109 72
42 109 40
42 109 72
41 109 40
41 109 72
40 109 40
40 109 72
39 109 40
39 109 72
38 109 40
38 109 72
37 109 40
37 109 72
36 109 40
36 109 72
35 109 40
35 109 72
34 109 40
34 109 72
33 109 40
33 109 72
32 109 40
31 109 40
30 109 40
29 108 40
29 107 40
29 106 40
29 105 40
29 104 40
29 104 72
29 103 40
29 103 72
29 102 40
29 102 72
29 101 40
29 101 72
29 101 104
29 100 40
29 100 72
29 100 104
29 99 40
29 99 72
29 99 104
29 99 136
29 98 40
29 98 72
29 98 104
29 98 136
29 98 168
29 97 40
29 97 72
29 97 104
29 97 136
29 97 168
29 97 200
29 96 40
29 96 72
29 96 104
29 96 136
29 96 168
29 96 200
29 96 232
29 96 264
29 95 40
29 95 72
29 95 104
29 95 136
29 95 168
29 95 200
29 95 232
29 95 264
29 95 296
29 94 40
29 94 72
29 94 104
29 94 136
29 94 168
29 94 200
29 94 232
29 94 264
29 94 296
29 94 328
29 93 40
29 93 72
29 93 104
29 93 136
29 93 168
29 93 200
29 93 232
29 93 264
29 93 296
29 93 328
29 93 360
29 92 40
29 92 72
29 92 104
29 92 136
29 92 168
29 92 200
29 92 232
29 92 264
29 92 296
29 92 328
29 92 360
29 92 392
29 91 40
29 91 72
29 91 104
29 91 136
29 91 168
29 91 200
29 91 232
29 91 264
29 91 296
29 91 328
29 91 360
29 91 392
29 90 40
29 90 72
29 90 104
29 90 136
29 90 168
29 90 200
29 90 232
29 90 264
29 90 296
29 90 328
29 90 360
29 90 392
29 90 424
29 89 40
29 89 72
29 89 104
29 89 136
29 89 168
29 89 200
29 89 232
29 89 264
29 89 296
29 89 328
29 89 360
29 89 392
29 88 40
29 88 72
29 88 104
29 88 136
29 88 168
29 88 200
29 88 232
29 88 264
29 88 296
29 88 328
29 88 360
29 88 392
29 87 40
29 87 72
29 87 104
29 87 136
29 87 168
29 87 200
29 87 232
29 87 264
29 87 296
29 87 328
29 87 360
29 87 392
29 86 40
29 86 72
29 86 104
29 86 136
29 86 168
29 86 200
29 86 232
29 86 264
29 86 296
29 86 328
29 86 360
29 85 40
29 85 72
29 85 104
29 85 136
29 85 168
29 85 200
29 85 232
29 85 264
29 85 296
29 85 328
29 84 40
29 84 72
29 84 104
29 84 136
29 84 168
29 84 200
29 84 232
29 84 264
29 84 296
29 83 40
29 83 72
29 83 104
29 83 136
29 83 168
29 83 200
29 83 232
29 83 264
29 82 40
29 82 72
29 82 104
29 82 136
29 82 168
29 82 200
29 82 232
29 81 40
29 81 72
29 81 104
29 81 136
29 81 168
29 81 200
29 80 40
29 80 72
29 80 104
29 80 136
29 80 168
29 79 40
29 79 72
29 79 104
29 79 136
29 78 40
29 78 72
29 78 104
29 77 40
29 77 72
29 77 104
29 76 40
29 76 72
29 76 104
29 75 40
29 75 72
29 74 40
29 74 72
29 73 40
29 73 72
29 72 40
29 71 40
29 70 40
28 69 40
28 68 40
27 68 40
27 67 40
26 67 40
26 66 40
25 66 40
24 66 40
23 66 40
22 66 40
21 66 40
20 66 40
19 66 40
18 66 40
17 66 40
17 65 40
12 157 40
12 156 40
12 155 40
12 154 40
12 153 40
12 152 40
11 152 40
11 151 40
10 151 40
10 150 40
10 150 72
10 149 40
10 149 72
10 148 40
10 148 72
10 148 104
10 147 40
10 147 72
10 147 104
10 147 136
10 146 40
10 146 72
10 146 104
10 146 136
10 146 168
10 145 40
10 145 72
10 145 104
10 145 136
10 145 168
10 145 200
10 144 40
10 144 72
10 144 104
10 144 136
10 144 168
10 144 200
10 144 232
10 143 40
10 143 72
10 143 104
10 143 136
10 143 168
10 143 200
10 143 232
10 143 264
10 142 40
10 142 72
10 142 104
10 142 136
10 142 168
10 142 200
10 142 232
10 142 264
10 142 296
10 141 40
10 141 72
10 141 104
10 141 136
10 141 168
10 141 200
10 141 232
10 141 264
10 141 296
10 140 40
10 140 72
10 140 104
10 140 136
10 140 168
10 140 200
10 140 232
10 140 264
10 140 296
10 140 328
10 139 40
10 139 72
10 139 104
10 139 136
10 139 168
10 139 200
10 139 232
10 139 264
10 139 296
10 139 328
10 138 40
10 138 72
10 138 104
10 138 136
10 138 168
10 138 200
10 138 232
10 138 264
10 138 296
10 138 328
10 137 40
10 137 72
10 137 104
10 137 136
10 137 168
10 137 200
10 137 232
10 137 264
10 137 296
10 137 328
10 136 40
10 136 72
10 136 104
10 136 136
10 136 168
10 136 200
10 136 232
10 136 264
10 136 296
10 136 328
10 135 40
10 135 72
10 135 104
10 135 136
10 135 168
10 135 200
10 135 232
10 135 264
10 135 296
10 134 40
10 134 72
10 134 104
10 134 136
10 134 168
10 134 200
10 134 232
10 134 264
10 133 40
10 133 72
10 133 104
10 133 136
10 133 168
10 133 200
10 133 232
10 132 40
10 132 72
10 132 104
10 132 136
10 132 168
10 132 200
10 131 40
10 131 72
10 131 104
10 131 136
10 131 168
10 130 40
10 130 72
10 130 104
10 130 136
10 129 40
10 129 72
10 129 104
10 128 40
10 128 72
10 127 40
10 127 72
11 127 40
11 127 72
11 126 40
11 126 72
12 126 40
12 126 72
12 125 40
13 125 40
13 124 40
14 124 40
15 124 40
15 123 40
15 122 40
16 122 40
17 122 40
17 121 40
17 120 40
18 120 40
18 119 40
19 119 40
20 119 40
20 118 40
21 118 40
21 117 40
21 116 40
22 116 40
22 115 40
23 115 40
23 114 40
24 114 40
24 113 40
25 113 40
26 113 40
26 112 40
27 112 40
27 111 40
28 111 40
28 110 40
29 110 40
142 133 40
143 133 40
144 133 40
145 133 40
145 132 40
146 132 40
146 131 40
147 131 40
147 130 40
148 130 40
148 129 40
149 128 40
149 128 72
149 127 40
149 127 72
149 126 40
149 126 72
149 125 40
149 125 72
149 125 104
149 124 40
149 124 72
149 124 104
149 124 136
149 123 40
149 123 72
149 123 104
149 123 136
149 123 168
149 122 40
149 122 72
149 122 104
149 122 136
149 122 168
149 122 200
149 121 40
149 121 72
149 121 104
149 121 136
149 121 168
149 121 200
149 121 232
149 120 40
149 120 72
149 120 104
149 120 136
149 120 168
149 120 200
149 120 232
149 120 264
149 119 40
149 119 72
149 119 104
149 119 136
149 119 168
149 119 200
149 119 232
149 119 264
149 118 40
149 118 72
149 118 104
149 118 136
149 118 168
149 118 200
149 118 232
149 118 264
149 117 40
149 117 72
149 117 104
149 117 136
149 117 168
149 117 200
149 117 232
149 117 264
149 116 40
149 116 72
149 116 104
149 116 136
149 116 168
149 116 200
149 116 232
149 115 40
149 115 72
149 115 104
149 115 136
149 115 168
149 115 200
149 114 40
149 114 72
149 114 104
149 114 136
149 114 168
149 113 40
149 113 72
149 113 104
149 113 136
149 112 40
149 112 72
149 112 104
149 112 136
149 111 40
149 111 72
149 111 104
149 110 40
149 110 72
148 109 40
148 109 72
147 109 40
146 109 40
145 109 40
144 109 40
143 109 40
142 109 40
141 109 40
140 109 40
139 109 40
138 109 40
137 109 40
136 109 40
135 109 40
134 109 40
133 109 40
132 109 40
131 109 40
131 109 72
130 109 40
130 109 72
129 110 40
129 110 72
128 110 40
128 110 72
128 111 40
128 111 72
128 111 104
127 111 40
127 111 72
127 111 104
126 111 40
126 111 72
126 111 104
126 111 136
126 112 40
126 112 72
126 112 104
126 112 136
126 113 40
126 113 72
126 113 104
126 113 136
126 113 168
125 113 40
125 113 72
125 113 104
125 113 136
125 113 168
125 113 200
124 113 40
124 113 72
124 113 104
124 113 136
124 113 168
124 113 200
124 113 232
124 114 40
124 114 72
124 114 104
124 114 136
124 114 168
124 114 200
124 114 232
124 115 40
124 115 72
124 115 104
124 115 136
124 115 168
124 115 200
124 115 232
124 115 264
123 115 40
123 115 72
123 115 104
123 115 136
123 115 168
123 115 200
123 115 232
123 115 264
123 115 296
122 115 40
122 115 72
122 115 104
122 115 136
122 115 168
122 115 200
122 115 232
122 115 264
122 115 296
122 115 328
122 116 40
122 116 72
122 116 104
122 116 136
122 116 168
122 116 200
122 116 232
122 116 264
122 116 296
122 116 328
122 116 360
122 117 40
122 117 72
122 117 104
122 117 136
122 117 168
122 117 200
122 117 232
122 117 264
122 117 296
122 117 328
122 117 360
121 117 40
121 117 72
121 117 104
121 117 136
121 117 168
121 117 200
121 117 232
121 117 264
121 117 296
121 117 328
121 117 360
121 117 392
121 118 40
121 118 72
121 118 104
121 118 136
121 118 168
121 118 200
121 118 232
121 118 264
121 118 296
121 118 328
121 118 360
121 118 392
120 118 40
120 118 72
120 118 104
120 118 136
120 118 168
120 118 200
120 118 232
120 118 264
120 118 296
120 118 328
120 118 360
120 118 392
120 118 424
119 118 40
119 118 72
119 118 104
119 118 136
119 118 168
119 118 200
119 118 232
119 118 264
119 118 296
119 118 328
119 118 360
119 118 392
119 118 424
119 119 40
119 119 72
119 119 104
119 119 136
119 119 168
119 119 200
119 119 232
119 119 264
119 119 296
119 119 328
119 119 360
119 119 392
119 119 424
119 120 40
119 120 72
119 120 104
119 120 136
119 120 168
119 120 200
119 120 232
119 120 264
119 120 296
119 120 328
119 120 360
119 120 392
119 120 424
118 120 40
118 120 72
118 120 104
118 120 136
118 120 168
118 120 200
118 120 232
118 120 264
118 120 296
118 120 328
118 120 360
118 120 392
118 121 40
118 121 72
118 121 104
118 121 136
118 121 168
118 121 200
118 121 232
118 121 264
118 121 296
118 121 328
118 121 360
118 121 392
117 121 40
117 121 72
117 121 104
117 121 136
117 121 168
117 121 200
117 121 232
117 121 264
117 121 296
117 121 328
117 121 360
117 121 392
117 122 40
117 122 72
117 122 104
117 122 136
117 122 168
117 122 200
117 122 232
117 122 264
117 122 296
117 122 328
117 122 360
116 122 40
116 122 72
116 122 104
116 122 136
116 122 168
116 122 200
116 122 232
116 122 264
116 122 296
116 122 328
116 123 40
116 123 72
116 123 104
116 123 136
116 123 168
116 123 200
116 123 232
116 123 264
116 123 296
115 123 40
115 123 72
115 123 104
115 123 136
115 123 168
115 123 200
115 123 232
115 123 264
114 123 40
114 123 72
114 123 104
114 123 136
114 123 168
114 123 200
114 123 232
114 124 40
114 124 72
114 124 104
114 124 136
114 124 168
114 124 200
113 124 40
113 124 72
113 124 104
113 124 136
113 124 168
113 125 40
113 125 72
113 125 104
113 125 136
112 125 40
112 125 72
112 125 104
112 125 136
112 126 40
112 126 72
112 126 104
111 126 40
111 126 72
111 126 104
111 127 40
111 127 72
110 127 40
110 127 72
109 127 40
109 127 72
108 127 40
108 127 72
108 127 104
107 127 40
107 127 72
107 127 104
106 127 40
106 127 72
106 127 104
106 127 136
106 126 40
106 126 72
106 126 104
106 126 136
106 125 40
106 125 72
106 125 104
106 125 136
106 125 168
105 125 40
105 125 72
105 125 104
105 125 136
105 125 168
105 125 200
104 125 40
104 125 72
104 125 104
104 125 136
104 125 168
104 125 200
104 125 232
104 124 40
104 124 72
104 124 104
104 124 136
104 124 168
104 124 200
104 124 232
103 124 40
103 124 72
103 124 104
103 124 136
103 124 168
103 124 200
103 124 232
103 124 264
103 123 40
103 123 72
103 123 104
103 123 136
103 123 168
103 123 200
103 123 232
103 123 264
103 123 296
103 122 40
103 122 72
103 122 104
103 122 136
103 122 168
103 122 200
103 122 232
103 122 264
103 122 296
103 122 328
102 122 40
102 122 72
102 122 104
102 122 136
102 122 168
102 122 200
102 122 232
102 122 264
102 122 296
102 122 328
102 122 360
101 122 40
101 122 72
101 122 104
101 122 136
101 122 168
101 122 200
101 122 232
101 122 264
101 122 296
101 122 328
101 122 360
101 122 392
101 121 40
101 121 72
101 121 104
101 121 136
101 121 168
101 121 200
101 121 232
101 121 264
101 121 296
101 121 328
101 121 360
101 121 392
100 121 40
100 121 72
100 121 104
100 121 136
100 121 168
100 121 200
100 121 232
100 121 264
100 121 296
100 121 328
100 121 360
100 121 392
100 121 424
100 120 40
100 120 72
100 120 104
100 120 136
100 120 168
100 120 200
100 120 232
100 120 264
100 120 296
100 120 328
100 120 360
100 120 392
100 120 424
100 120 456
100 119 40
100 119 72
100 119 104
100 119 136
100 119 168
100 119 200
100 119 232
100 119 264
100 119 296
100 119 328
100 119 360
100 119 392
100 119 424
100 119 456
99 119 40
99 119 72
99 119 104
99 119 136
99 119 168
99 119 200
99 119 232
99 119 264
99 119 296
99 119 328
99 119 360
99 119 392
99 119 424
99 119 456
99 119 488
98 119 40
98 119 72
98 119 104
98 119 136
98 119 168
98 119 200
98 119 232
98 119 264
98 119 296
98 119 328
98 119 360
98 119 392
98 119 424
98 119 456
98 119 488
98 118 40
98 118 72
98 118 104
98 118 136
98 118 168
98 118 200
98 118 232
98 118 264
98 118 296
98 118 328
98 118 360
98 118 392
98 118 424
98 118 456
98 118 488
98 117 40
98 117 72
98 117 104
98 117 136
98 117 168
98 117 200
98 117 232
98 117 264
98 117 296
98 117 328
98 117 360
98 117 392
98 117 424
98 117 456
98 117 488
97 117 40
97 117 72
97 117 104
97 117 136
97 117 168
97 117 200
97 117 232
97 117 264
97 117 296
97 117 328
97 117 360
97 117 392
97 117 424
97 117 456
97 117 488
97 116 40
97 116 72
97 116 104
97 116 136
97 116 168
97 116 200
97 116 232
97 116 264
97 116 296
97 116 328
97 116 360
97 116 392
97 116 424
97 116 456
97 116 488
96 116 40
96 116 72
96 116 104
96 116 136
96 116 168
96 116 200
96 116 232
96 116 264
96 116 296
96 116 328
96 116 360
96 116 392
96 116 424
96 116 456
96 115 40
96 115 72
96 115 104
96 115 136
96 115 168
96 115 200
96 115 232
96 115 264
96 115 296
96 115 328
96 115 360
96 115 392
96 115 424
96 115 456
95 115 40
95 115 72
95 115 104
95 115 136
95 115 168
95 115 200
95 115 232
95 115 264
95 115 296
95 115 328
95 115 360
95 115 392
95 115 424
95 114 40
95 114 72
95 114 104
95 114 136
95 114 168
95 114 200
95 114 232
95 114 264
95 114 296
95 114 328
95 114 360
94 114 40
94 114 72
94 114 104
94 114 136
94 114 168
94 114 200
94 114 232
94 114 264
94 114 296
94 114 328
93 114 40
93 114 72
93 114 104
93 114 136
93 114 168
93 114 200
93 114 232
93 114 264
93 113 40
93 113 72
93 113 104
93 113 136
93 113 168
93 113 200
92 113 40
92 113 72
92 113 104
92 113 136
92 113 168
92 112 40
92 112 72
92 112 104
91 112 40
91 112 72
91 111 40
91 111 72
90 111 40
90 110 40
89 110 40
88 109 40
87 109 40
86 109 40
85 109 40
84 109 40
83 109 40
82 109 40
81 109 40
80 109 40
79 109 40
78 109 40
77 109 40
76 109 40
76 109 72
75 109 40
75 109 72
74 109 40
74 109 72
73 109 40
73 109 72
73 109 104
72 109 40
72 109 72
72 109 104
71 109 40
71 109 72
71 109 104
70 109 40
70 109 72
70 109 104
68 109 40
68 109 72
67 109 40
67 109 72
66 109 40
66 109 72
65 109 40
64 109 40
63 109 40
62 109 40
61 109 40
60 109 40
59 109 40
58 109 40
57 109 40
56 109 40
55 109 40
54 109 40
53 109 40
52 109 40
51 109 40
138 81 40
138 82 40
138 83 40
138 84 40
138 85 40
139 85 40
140 85 40
141 85 40
142 85 40
143 85 40
144 85 40
145 85 40
145 86 40
146 86 40
146 87 40
147 87 40
147 88 40
148 88 40
148 89 40
149 90 40
149 91 40
149 92 40
149 93 40
149 94 40
149 95 40
149 96 40
149 97 40
149 98 40
149 99 40
149 100 40
149 101 40
149 102 40
149 103 40
149 104 40
149 105 40
149 106 40
149 107 40
149 108 40
149 108 72
199 72 40
199 73 40
199 74 40
199 75 40
199 76 40
199 77 40
199 78 40
199 79 40
199 80 40
199 81 40
199 82 40
199 83 40
199 84 40
199 84 72
198 84 40
197 84 40
196 84 40
195 84 40
194 84 40
194 85 40
193 85 40
193 86 40
192 86 40
192 87 40
191 87 40
191 88 40
190 88 40
190 89 40
188 89 40
188 89 72
187 89 40
187 89 72
186 89 40
186 89 72
186 89 104
185 89 40
185 89 72
185 89 104
185 89 136
184 89 40
184 89 72
184 89 104
184 89 136
183 89 40
183 89 72
183 89 104
183 89 136
183 89 168
182 89 40
182 89 72
182 89 104
182 89 136
182 89 168
182 89 200
181 89 40
181 89 72
181 89 104
181 89 136
181 89 168
181 89 200
181 89 232
180 89 40
180 89 72
180 89 104
180 89 136
180 89 168
180 89 200
180 89 232
180 89 264
179 89 40
179 89 72
179 89 104
179 89 136
179 89 168
179 89 200
179 89 232
179 89 264
178 89 40
178 89 72
178 89 104
178 89 136
178 89 168
178 89 200
178 89 232
178 89 264
178 89 296
177 89 40
177 89 72
177 89 104
177 89 136
177 89 168
177 89 200
177 89 232
177 89 264
177 89 296
177 89 328
176 89 40
176 89 72
176 89 104
176 89 136
176 89 168
176 89 200
176 89 232
176 89 264
176 89 296
176 89 328
175 89 40
175 89 72
175 89 104
175 89 136
175 89 168
175 89 200
175 89 232
175 89 264
175 89 296
175 89 328
174 89 40
174 89 72
174 89 104
174 89 136
174 89 168
174 89 200
174 89 232
174 89 264
174 89 296
174 89 328
173 89 40
173 89 72
173 89 104
173 89 136
173 89 168
173 89 200
173 89 232
173 89 264
173 89 296
173 89 328
172 89 40
172 89 72
172 89 104
172 89 136
172 89 168
172 89 200
172 89 232
172 89 264
172 89 296
172 89 328
171 89 40
171 89 72
171 89 104
171 89 136
171 89 168
171 89 200
171 89 232
171 89 264
171 89 296
171 89 328
170 89 40
170 89 72
170 89 104
170 89 136
170 89 168
170 89 200
170 89 232
170 89 264
170 89 296
170 89 328
169 89 40
169 89 72
169 89 104
169 89 136
169 89 168
169 89 200
169 89 232
169 89 264
169 89 296
168 89 40
168 89 72
168 89 104
168 89 136
168 89 168
168 89 200
168 89 232
168 89 264
168 89 296
167 89 40
167 89 72
167 89 104
167 89 136
167 89 168
167 89 200
167 89 232
167 89 264
166 89 40
166 89 72
166 89 104
166 89 136
166 89 168
166 89 200
165 89 40
165 89 72
165 89 104
165 89 136
165 89 168
164 89 40
164 89 72
164 89 104
163 89 40
163 89 72
162 89 40
162 89 72
161 89 40
160 89 40
159 89 40
158 89 40
157 89 40
156 89 40
155 89 40
154 89 40
153 89 40
152 89 40
151 89 40
150 89 40
165 198 40
165 197 40
165 197 72
165 196 40
165 196 72
165 195 40
165 195 72
165 194 40
165 194 72
165 193 40
165 193 72
165 193 104
165 192 40
165 192 72
165 192 104
165 191 40
165 191 72
165 191 104
165 191 136
165 190 40
165 190 72
165 190 104
165 190 136
165 189 40
165 189 72
165 189 104
165 189 136
165 188 40
165 188 72
165 188 104
165 188 136
165 188 168
165 187 40
165 187 72
165 187 104
165 187 136
165 187 168
165 186 40
165 186 72
165 186 104
165 186 136
165 186 168
165 185 40
165 185 72
165 185 104
165 185 136
165 185 168
165 184 40
165 184 72
165 184 104
165 184 136
165 184 168
165 183 40
165 183 72
165 183 104
165 183 136
165 183 168
165 182 40
165 182 72
165 182 104
165 182 136
165 181 40
165 181 72
165 181 104
165 180 40
165 180 72
165 180 104
165 179 40
165 179 72
165 178 40
165 178 72
165 177 40
165 176 40
165 175 40
165 174 40
165 173 40
165 172 40
166 172 40
166 171 40
167 171 40
167 170 40
168 170 40
168 169 40
170 169 40
170 169 72
171 169 40
171 169 72
171 169 104
172 169 40
172 169 72
172 169 104
172 169 136
173 169 40
173 169 72
173 169 104
173 169 136
173 169 168
174 169 40
174 169 72
174 169 104
174 169 136
174 169 168
174 169 200
175 169 40
175 169 72
175 169 104
175 169 136
175 169 168
175 169 200
175 169 232
176 169 40
176 169 72
176 169 104
176 169 136
176 169 168
176 169 200
176 169 232
176 169 264
177 169 40
177 169 72
177 169 104
177 169 136
177 169 168
177 169 200
177 169 232
177 169 264
178 169 40
178 169 72
178 169 104
178 169 136
178 169 168
178 169 200
178 169 232
178 169 264
179 169 40
179 169 72
179 169 104
179 169 136
179 169 168
179 169 200
179 169 232
179 169 264
180 169 40
180 169 72
180 169 104
180 169 136
180 169 168
180 169 200
180 169 232
180 169 264
181 169 40
181 169 72
181 169 104
181 169 136
181 169 168
181 169 200
181 169 232
182 169 40
182 169 72
182 169 104
182 169 136
182 169 168
182 169 200
183 169 40
183 169 72
183 169 104
183 169 136
183 169 168
183 169 200
184 169 40
184 169 72
184 169 104
184 169 136
184 169 168
185 169 40
185 169 72
185 169 104
185 169 136
186 169 40
186 169 72
186 169 104
187 169 40
187 169 72
187 169 104
188 169 40
188 169 72
189 168 40
189 168 72
189 167 40
189 167 72
189 166 40
189 166 72
189 165 40
189 165 72
189 164 40
189 164 72
189 163 40
189 163 72
189 162 40
189 162 72
189 161 40
189 161 72
189 160 40
189 160 72
189 159 40
189 158 40
189 157 40
189 156 40
189 155 40
189 154 40
189 153 40
189 152 40
189 151 40
189 150 40
189 148 40
189 147 40
189 146 40
189 145 40
189 144 40
189 143 40
189 143 72
189 142 40
189 142 72
189 142 104
189 141 40
189 141 72
189 141 104
189 140 40
189 140 72
189 140 104
189 140 136
189 139 40
189 139 72
189 139 104
189 139 136
189 138 40
189 138 72
189 138 104
189 138 136
189 138 168
189 137 40
189 137 72
189 137 104
189 137 136
189 137 168
189 136 40
189 136 72
189 136 104
189 136 136
189 136 168
189 135 40
189 135 72
189 135 104
189 135 136
189 135 168
189 134 40
189 134 72
189 134 104
189 134 136
189 133 40
189 133 72
189 133 104
189 133 136
189 132 40
189 132 72
189 132 104
189 132 136
189 131 40
189 131 72
189 131 104
189 130 40
189 130 72
189 130 104
189 128 40
189 128 72
189 127 40
189 127 72
189 126 40
189 126 72
189 125 40
189 124 40
189 123 40
189 122 40
189 121 40
189 120 40
189 119 40
189 118 40
189 117 40
189 116 40
189 115 40
189 114 40
189 113 40
189 112 40
189 111 40
189 110 40
189 108 40
189 107 40
189 106 40
189 105 40
189 104 40
189 103 40
189 103 72
189 102 40
189 102 72
189 101 40
189 101 72
189 100 40
189 100 72
189 100 104
189 99 40
189 99 72
189 99 104
189 98 40
189 98 72
189 98 104
189 97 40
189 97 72
189 97 104
189 97 136
189 96 40
189 96 72
189 96 104
189 96 136
189 95 40
189 95 72
189 95 104
189 95 136
189 94 40
189 94 72
189 94 104
189 94 136
189 93 40
189 93 72
189 93 104
189 92 40
189 92 72
189 92 104
189 91 40
189 91 72
189 90 40
189 90 72
