9 9 100
9 29 100
9 49 100
9 69 100
9 89 100
9 109 100
9 129 100
9 149 100
9 169 100
9 189 100
29 9 100
29 29 100
29 49 100
29 69 100
29 89 100
29 109 100
29 129 100
29 149 100
29 169 100
29 189 100
49 9 100
49 29 100
49 49 100
49 69 100
49 89 100
49 109 100
49 129 100
49 149 100
49 169 100
49 189 100
69 9 100
69 29 100
69 49 100
69 69 100
69 89 100
69 109 100
69 129 100
69 149 100
69 169 100
69 189 100
89 9 100
89 29 100
89 49 100
89 69 100
89 89 100
89 109 100
89 129 100
89 149 100
89 169 100
89 189 100
109 9 100
109 29 100
109 49 100
109 69 100
109 89 100
109 109 100
109 129 100
109 149 100
109 169 100
109 189 100
129 9 100
129 29 100
129 49 100
129 69 100
129 89 100
129 109 100
129 129 100
129 149 100
129 169 100
129 189 100
149 9 100
149 29 100
149 49 100
149 69 100
149 89 100
149 109 100
149 129 100
149 149 100
149 169 100
149 189 100
169 9 100
169 29 100
169 49 100
169 69 100
169 89 100
169 109 100
169 129 100
169 149 100
169 169 100
169 189 100
189 9 100
189 29 100
189 49 100
189 69 100
189 89 100
189 109 100
189 129 100
189 149 100
189 169 100
189 189 100
9 9 100
9 29 100
9 49 100
9 69 100
9 89 100
9 109 100
9 129 100
9 189 100
29 29 100
49 69 100
49 149 100
49 189 100
69 9 100
69 29 100
69 49 100
69 69 100
69 89 100
89 69 100
89 89 100
89 109 100
89 129 100
89 149 100
109 49 100
109 69 100
109 89 100
109 129 100
109 169 100
129 9 100
129 29 100
129 49 100
129 69 100
129 89 100
129 109 100
129 149 100
129 169 100
129 189 100
149 49 100
149 69 100
149 89 100
149 109 100
149 129 100
149 149 100
149 169 100
149 189 100
169 109 100
169 169 100
189 89 100
189 109 100
189 169 100
189 189 100
20 3 40
27 69 40
178 13 40
155 191 40
27 122 40
51 105 40
118 100 40
150 84 40
150 84 44
93 191 40
57 46 40
56 46 40
55 46 40
54 46 40
53 46 40
52 46 40
51 46 40
51 47 40
50 47 40
50 48 40
49 48 40
48 49 40
47 49 40
46 49 40
45 49 40
44 49 40
43 49 40
42 49 40
41 49 40
40 49 40
39 49 40
38 49 40
37 49 40
36 49 40
35 49 40
34 49 40
33 49 40
32 49 40
31 49 40
30 49 40
29 50 40
29 51 40
29 52 40
29 53 40
29 54 40
29 55 40
29 56 40
29 57 40
29 58 40
29 59 40
29 60 40
29 61 40
29 62 40
29 63 40
29 64 40
29 65 40
29 66 40
29 67 40
29 68 40
28 69 40
27 121 40
27 120 40
27 119 40
27 118 40
27 117 40
27 116 40
27 115 40
27 114 40
27 113 40
27 112 40
27 111 40
28 111 40
28 110 40
29 110 40
29 108 40
29 107 40
29 106 40
29 105 40
29 104 40
29 103 40
29 102 40
29 101 40
29 100 40
29 99 40
29 98 40
29 97 40
29 96 40
29 95 40
29 94 40
29 93 40
29 92 40
29 91 40
29 90 40
29 88 40
29 87 40
29 86 40
29 85 40
29 84 40
29 83 40
29 82 40
29 81 40
29 80 40
29 79 40
29 78 40
29 77 40
29 76 40
29 75 40
29 74 40
29 73 40
29 72 40
29 71 40
29 70 40
51 106 40
51 107 40
51 108 40
50 108 40
49 108 40
48 109 40
47 109 40
46 109 40
45 109 40
44 109 40
43 109 40
42 109 40
41 109 40
40 109 40
39 109 40
38 109 40
37 109 40
36 109 40
35 109 40
34 109 40
33 109 40
32 109 40
31 109 40
30 109 40
150 85 40
150 85 44
150 86 40
150 86 44
150 87 40
150 87 44
150 88 40
150 88 44
150 88 48
151 88 40
151 88 44
151 88 48
152 88 40
152 88 44
153 88 40
153 88 44
154 88 40
154 88 44
155 88 40
155 88 44
156 88 40
156 88 44
157 88 40
157 88 44
158 88 40
159 88 40
160 88 40
161 88 40
162 88 40
163 88 40
164 88 40
165 88 40
166 88 40
167 88 40
168 88 40
169 88 40
169 87 40
169 86 40
169 85 40
169 84 40
169 83 40
169 82 40
169 81 40
169 80 40
169 79 40
169 78 40
169 77 40
169 76 40
169 75 40
169 74 40
169 73 40
169 72 40
169 71 40
169 70 40
169 68 40
169 67 40
169 66 40
169 65 40
169 64 40
169 63 40
169 62 40
169 61 40
169 60 40
169 59 40
169 58 40
169 57 40
169 56 40
169 55 40
169 54 40
169 53 40
169 52 40
169 51 40
169 50 40
169 48 40
169 47 40
169 46 40
169 45 40
169 44 40
169 43 40
169 42 40
169 41 40
169 40 40
169 39 40
169 38 40
169 37 40
169 36 40
169 35 40
169 34 40
169 33 40
169 32 40
169 31 40
169 30 40
170 29 40
170 28 40
170 27 40
170 26 40
170 25 40
170 24 40
170 23 40
170 22 40
170 21 40
170 20 40
170 19 40
170 18 40
170 17 40
170 16 40
170 15 40
170 14 40
170 13 40
171 13 40
172 13 40
173 13 40
174 13 40
175 13 40
176 13 40
177 13 40
119 100 40
120 100 40
121 100 40
122 100 40
122 100 44
123 100 40
123 100 44
124 100 40
124 100 44
125 100 40
125 100 44
125 100 48
125 99 40
125 99 44
125 99 48
125 98 40
125 98 44
125 98 48
125 97 40
125 97 44
125 97 48
125 96 40
125 96 44
125 96 48
125 95 40
125 95 44
125 95 48
125 94 40
125 94 44
126 94 40
126 94 44
126 93 40
126 93 44
126 92 40
126 92 44
127 92 40
127 92 44
127 91 40
127 91 44
128 91 40
128 91 44
128 90 40
128 90 44
128 90 48
129 90 40
129 90 44
129 90 48
130 89 40
130 89 44
130 89 48
130 89 52
130 89 56
131 89 40
131 89 44
131 89 48
131 89 52
131 89 56
131 89 60
132 89 40
132 89 44
132 89 48
132 89 52
132 89 56
132 89 60
132 89 64
133 89 40
133 89 44
133 89 48
133 89 52
133 89 56
133 89 60
133 89 64
134 89 40
134 89 44
134 89 48
134 89 52
134 89 56
134 89 60
134 89 64
135 89 40
135 89 44
135 89 48
135 89 52
135 89 56
135 89 60
135 89 64
136 89 40
136 89 44
136 89 48
136 89 52
136 89 56
136 89 60
137 89 40
137 89 44
137 89 48
137 89 52
137 89 56
137 89 60
138 89 40
138 89 44
138 89 48
138 89 52
138 89 56
139 89 40
139 89 44
139 89 48
139 89 52
139 89 56
139 89 60
140 89 40
140 89 44
140 89 48
140 89 52
140 89 56
140 89 60
141 89 40
141 89 44
141 89 48
141 89 52
141 89 56
141 89 60
141 89 64
142 89 40
142 89 44
142 89 48
142 89 52
142 89 56
142 89 60
142 89 64
143 89 40
143 89 44
143 89 48
143 89 52
143 89 56
143 89 60
143 89 64
144 89 40
144 89 44
144 89 48
144 89 52
144 89 56
144 89 60
145 89 40
145 89 44
145 89 48
145 89 52
145 89 56
145 89 60
146 89 40
146 89 44
146 89 48
146 89 52
146 89 56
147 89 40
147 89 44
147 89 48
147 89 52
148 89 40
148 89 44
148 89 48
150 89 40
150 89 44
150 89 48
92 191 40
91 191 40
91 190 40
90 190 40
90 189 40
89 188 40
89 187 40
89 186 40
89 185 40
89 184 40
89 183 40
89 182 40
89 181 40
89 180 40
89 179 40
89 178 40
89 177 40
89 176 40
89 175 40
89 174 40
89 173 40
89 172 40
89 171 40
89 170 40
88 169 40
87 169 40
86 169 40
85 169 40
84 169 40
83 169 40
82 169 40
81 169 40
80 169 40
79 169 40
78 169 40
77 169 40
76 169 40
75 169 40
74 169 40
73 169 40
72 169 40
71 169 40
70 169 40
69 168 40
69 167 40
69 166 40
69 165 40
69 164 40
69 163 40
69 162 40
69 162 44
69 161 40
69 161 44
69 160 40
69 160 44
69 160 48
69 159 40
69 159 44
69 159 48
69 159 52
69 158 40
69 158 44
69 158 48
69 158 52
69 157 40
69 157 44
69 157 48
69 157 52
69 156 40
69 156 44
69 156 48
69 156 52
69 155 40
69 155 44
69 155 48
69 154 40
69 154 44
69 154 48
69 153 40
69 153 44
69 153 48
69 152 40
69 152 44
69 151 40
69 151 44
69 150 40
69 150 44
69 148 40
69 148 44
69 147 40
69 147 44
69 146 40
69 146 44
69 145 40
69 145 44
69 144 40
69 144 44
69 143 40
69 143 44
69 142 40
69 142 44
69 141 40
69 141 44
69 140 40
69 140 44
69 139 40
69 139 44
69 138 40
69 138 44
69 137 40
69 136 40
69 135 40
69 134 40
69 133 40
69 132 40
69 131 40
69 130 40
69 128 40
69 127 40
69 126 40
69 125 40
69 124 40
69 123 40
69 122 40
69 121 40
69 120 40
69 119 40
69 118 40
69 117 40
69 116 40
69 115 40
69 114 40
69 113 40
69 112 40
69 111 40
69 110 40
68 109 40
67 109 40
66 109 40
65 109 40
64 109 40
63 109 40
62 109 40
61 109 40
60 109 40
59 109 40
58 109 40
57 109 40
56 109 40
55 109 40
54 109 40
53 109 40
52 109 40
51 109 40
