9 9 100
9 29 100
9 49 100
9 69 100
9 89 100
9 109 100
9 129 100
9 149 100
9 169 100
9 189 100
29 9 100
29 29 100
29 49 100
29 69 100
29 89 100
29 109 100
29 129 100
29 149 100
29 169 100
29 189 100
49 9 100
49 29 100
49 49 100
49 69 100
49 89 100
49 109 100
49 129 100
49 149 100
49 169 100
49 189 100
69 9 100
69 29 100
69 49 100
69 69 100
69 89 100
69 109 100
69 129 100
69 149 100
69 169 100
69 189 100
89 9 100
89 29 100
89 49 100
89 69 100
89 89 100
89 109 100
89 129 100
89 149 100
89 169 100
89 189 100
109 9 100
109 29 100
109 49 100
109 69 100
109 89 100
109 109 100
109 129 100
109 149 100
109 169 100
109 189 100
129 9 100
129 29 100
129 49 100
129 69 100
129 89 100
129 109 100
129 129 100
129 149 100
129 169 100
129 189 100
149 9 100
149 29 100
149 49 100
149 69 100
149 89 100
149 109 100
149 129 100
149 149 100
149 169 100
149 189 100
169 9 100
169 29 100
169 49 100
169 69 100
169 89 100
169 109 100
169 129 100
169 149 100
169 169 100
169 189 100
189 9 100
189 29 100
189 49 100
189 69 100
189 89 100
189 109 100
189 129 100
189 149 100
189 169 100
189 189 100
9 129 100
9 149 100
29 9 100
29 49 100
29 69 100
29 89 100
29 109 100
29 149 100
29 169 100
49 9 100
49 29 100
49 69 100
49 89 100
49 109 100
49 149 100
49 169 100
49 189 100
69 9 100
69 49 100
69 69 100
69 149 100
89 9 100
89 29 100
89 49 100
89 89 100
89 109 100
89 129 100
89 149 100
89 169 100
89 189 100
109 9 100
109 29 100
109 49 100
109 89 100
109 149 100
109 189 100
129 9 100
129 49 100
129 109 100
129 129 100
149 9 100
149 49 100
149 89 100
149 109 100
149 129 100
149 169 100
169 49 100
169 109 100
169 129 100
169 189 100
189 9 100
189 29 100
189 49 100
189 69 100
189 89 100
189 129 100
189 169 100
189 189 100
18 173 40
169 164 40
148 21 40
70 84 40
11 10 40
18 108 40
131 184 40
131 183 40
131 182 40
131 181 40
131 180 40
131 179 40
131 178 40
131 177 40
131 176 40
131 175 40
131 174 40
131 173 40
131 172 40
131 171 40
130 171 40
130 170 40
129 170 40
129 168 40
129 168 168
129 167 40
129 167 168
129 166 40
129 166 168
129 165 40
129 165 168
129 164 40
129 164 168
129 163 40
129 163 168
129 163 296
129 162 40
129 162 168
129 162 296
129 161 40
129 161 168
129 161 296
129 160 40
129 160 168
129 160 296
129 160 424
129 159 40
129 159 168
129 159 296
129 159 424
129 158 40
129 158 168
129 158 296
129 158 424
129 157 40
129 157 168
129 157 296
129 157 424
129 156 40
129 156 168
129 156 296
129 156 424
129 155 40
129 155 168
129 155 296
129 155 424
129 154 40
129 154 168
129 154 296
129 154 424
129 153 40
129 153 168
129 153 296
129 152 40
129 152 168
129 152 296
129 151 40
129 151 168
129 150 40
129 150 168
130 149 40
130 149 168
131 149 40
132 149 40
133 149 40
134 149 40
135 149 40
136 149 40
137 149 40
138 149 40
139 149 40
140 149 40
141 149 40
142 149 40
143 149 40
144 149 40
145 149 40
146 149 40
147 149 40
148 149 40
150 149 40
151 149 40
152 149 40
153 149 40
154 149 40
155 149 40
156 149 40
157 149 40
158 149 40
159 149 40
160 149 40
161 149 40
162 149 40
163 149 40
164 149 40
165 149 40
166 149 40
167 149 40
168 149 40
169 150 40
169 151 40
169 152 40
169 153 40
169 154 40
169 155 40
169 156 40
169 157 40
169 158 40
169 159 40
169 160 40
169 161 40
169 162 40
169 163 40
70 83 40
70 82 40
70 81 40
70 80 40
70 79 40
70 78 40
70 77 40
70 76 40
70 75 40
70 74 40
70 73 40
70 72 40
70 71 40
70 71 168
70 70 40
70 70 168
71 70 40
71 70 168
72 70 40
72 70 168
73 70 40
73 70 168
74 70 40
74 70 168
74 70 296
75 70 40
75 70 168
75 70 296
76 70 40
76 70 168
76 70 296
77 70 40
77 70 168
77 70 296
78 70 40
78 70 168
78 70 296
79 70 40
79 70 168
79 70 296
80 70 40
80 70 168
80 70 296
81 70 40
81 70 168
81 70 296
82 70 40
82 70 168
82 70 296
83 70 40
83 70 168
84 70 40
84 70 168
85 70 40
85 70 168
86 70 40
86 70 168
87 70 40
87 70 168
88 70 40
88 69 40
90 69 40
91 69 40
92 69 40
93 69 40
94 69 40
95 69 40
96 69 40
97 69 40
98 69 40
99 69 40
100 69 40
101 69 40
102 69 40
103 69 40
104 69 40
105 69 40
106 69 40
107 69 40
108 69 40
110 69 40
111 69 40
112 69 40
113 69 40
114 69 40
115 69 40
116 69 40
117 69 40
118 69 40
119 69 40
120 69 40
121 69 40
122 69 40
123 69 40
124 69 40
125 69 40
126 69 40
127 69 40
128 69 40
129 70 40
129 70 168
129 71 40
129 71 168
129 72 40
129 72 168
129 73 40
129 73 168
129 74 40
129 74 168
129 74 296
129 75 40
129 75 168
129 75 296
129 76 40
129 76 168
129 76 296
129 77 40
129 77 168
129 77 296
129 77 424
129 78 40
129 78 168
129 78 296
129 78 424
129 79 40
129 79 168
129 79 296
129 79 424
129 80 40
129 80 168
129 80 296
129 80 424
129 81 40
129 81 168
129 81 296
129 81 424
129 82 40
129 82 168
129 82 296
129 82 424
129 83 40
129 83 168
129 83 296
129 84 40
129 84 168
129 84 296
129 85 40
129 85 168
129 86 40
129 86 168
129 87 40
129 87 168
129 88 40
129 88 168
128 89 40
128 90 40
127 90 40
127 91 40
126 91 40
126 92 40
125 92 40
125 93 40
124 93 40
124 94 40
124 95 40
123 95 40
123 95 168
123 96 40
123 96 168
122 96 40
122 96 168
121 96 40
121 96 168
121 97 40
121 97 168
121 97 296
120 97 40
120 97 168
120 97 296
120 98 40
120 98 168
120 98 296
120 98 424
120 99 40
120 99 168
120 99 296
120 99 424
119 99 40
119 99 168
119 99 296
119 99 424
119 99 552
118 99 40
118 99 168
118 99 296
118 99 424
118 99 552
118 100 40
118 100 168
118 100 296
118 100 424
118 100 552
118 100 680
117 100 40
117 100 168
117 100 296
117 100 424
117 100 552
117 100 680
117 101 40
117 101 168
117 101 296
117 101 424
117 101 552
117 101 680
117 102 40
117 102 168
117 102 296
117 102 424
117 102 552
117 102 680
116 102 40
116 102 168
116 102 296
116 102 424
116 102 552
116 102 680
116 103 40
116 103 168
116 103 296
116 103 424
116 103 552
116 103 680
115 103 40
115 103 168
115 103 296
115 103 424
115 103 552
115 103 680
115 104 40
115 104 168
115 104 296
115 104 424
115 104 552
114 104 40
114 104 168
114 104 296
114 104 424
114 104 552
114 105 40
114 105 168
114 105 296
114 105 424
113 105 40
113 105 168
113 105 296
113 105 424
113 106 40
113 106 168
113 106 296
112 106 40
112 106 168
112 106 296
112 107 40
112 107 168
112 107 296
111 107 40
111 107 168
111 108 40
111 108 168
110 108 40
110 108 168
110 109 40
110 109 168
109 110 40
109 111 40
109 112 40
109 113 40
109 114 40
109 115 40
109 116 40
109 117 40
109 118 40
109 119 40
109 120 40
109 121 40
109 122 40
109 123 40
109 124 40
109 125 40
109 126 40
109 127 40
109 128 40
110 129 40
110 130 40
111 130 40
111 131 40
112 131 40
112 132 40
113 132 40
113 133 40
114 133 40
114 133 168
114 134 40
114 134 168
115 134 40
115 134 168
115 135 40
115 135 168
115 136 40
115 136 168
116 136 40
116 136 168
116 136 296
117 136 40
117 136 168
117 136 296
117 137 40
117 137 168
117 137 296
118 137 40
118 137 168
118 137 296
118 137 424
118 138 40
118 138 168
118 138 296
118 139 40
118 139 168
118 139 296
119 139 40
119 139 168
119 139 296
119 140 40
119 140 168
119 140 296
120 140 40
120 140 168
120 140 296
120 141 40
120 141 168
120 141 296
121 141 40
121 141 168
121 141 296
121 142 40
121 142 168
121 142 296
122 142 40
122 142 168
122 142 296
122 143 40
122 143 168
122 143 296
123 143 40
123 143 168
123 143 296
124 143 40
124 143 168
124 144 40
124 144 168
124 145 40
124 145 168
125 145 40
125 145 168
126 145 40
126 145 168
126 146 40
126 146 168
127 146 40
127 146 168
127 147 40
127 147 168
128 147 40
128 147 168
128 148 40
128 148 168
129 148 40
129 148 168
10 10 40
9 10 40
8 10 40
8 11 40
8 12 40
8 13 40
8 14 40
8 15 40
8 16 40
8 17 40
8 18 40
8 19 40
8 20 40
8 21 40
8 22 40
8 23 40
8 24 40
8 25 40
8 26 40
8 27 40
8 28 40
8 29 40
8 29 168
10 29 40
10 29 168
11 29 40
11 29 168
12 29 40
12 29 168
13 29 40
13 29 168
14 29 40
14 29 168
15 29 40
15 29 168
16 29 40
16 29 168
17 29 40
17 29 168
18 29 40
18 29 168
19 29 40
19 29 168
20 29 40
20 29 168
21 29 40
21 29 168
22 29 40
23 29 40
24 29 40
25 29 40
26 29 40
27 29 40
28 29 40
29 30 40
30 30 40
30 31 40
31 31 40
31 31 168
31 32 40
31 32 168
32 32 40
32 32 168
32 33 40
32 33 168
33 33 40
33 33 168
33 34 40
33 34 168
34 34 40
34 34 168
34 35 40
34 35 168
35 35 40
35 35 168
35 36 40
35 36 168
36 36 40
36 36 168
36 37 40
36 37 168
37 37 40
37 37 168
38 37 40
38 37 168
38 38 40
38 38 168
39 38 40
39 38 168
39 39 40
39 39 168
39 40 40
39 40 168
40 40 40
40 40 168
40 41 40
40 41 168
41 41 40
41 41 168
41 42 40
41 42 168
42 42 40
42 42 168
43 42 40
43 43 40
44 43 40
44 44 40
45 44 40
45 45 40
46 45 40
46 46 40
47 46 40
47 47 40
48 47 40
48 48 40
49 48 40
50 49 40
50 50 40
51 50 40
52 50 40
53 50 40
54 50 40
55 50 40
56 50 40
57 50 40
58 50 40
59 50 40
60 50 40
61 50 40
62 50 40
63 50 40
64 50 40
64 50 168
65 50 40
65 50 168
66 50 40
66 50 168
67 50 40
67 50 168
68 50 40
68 50 168
69 50 40
69 50 168
69 51 40
69 51 168
69 52 40
69 52 168
69 53 40
69 53 168
69 54 40
69 54 168
69 55 40
69 55 168
69 55 296
69 56 40
69 56 168
69 56 296
69 57 40
69 57 168
69 57 296
69 58 40
69 58 168
69 58 296
69 58 424
69 59 40
69 59 168
69 59 296
69 59 424
69 60 40
69 60 168
69 60 296
69 60 424
69 60 552
69 61 40
69 61 168
69 61 296
69 61 424
69 61 552
69 62 40
69 62 168
69 62 296
69 62 424
69 62 552
69 63 40
69 63 168
69 63 296
69 63 424
69 63 552
69 64 40
69 64 168
69 64 296
69 64 424
69 64 552
69 65 40
69 65 168
69 65 296
69 65 424
69 66 40
69 66 168
69 66 296
69 66 424
69 67 40
69 67 168
69 67 296
69 68 40
69 68 168
69 68 296
70 69 40
70 69 168
17 108 40
16 108 40
15 108 40
14 108 40
13 108 40
12 108 40
11 108 40
10 108 40
9 108 40
8 108 40
7 108 40
7 107 40
7 106 40
7 105 40
7 104 40
7 103 40
7 102 40
7 101 40
7 100 40
7 99 40
7 98 40
7 97 40
7 96 40
7 95 40
7 94 40
7 93 40
7 92 40
7 91 40
7 90 40
7 89 40
7 88 40
7 87 40
7 86 40
7 85 40
7 84 40
7 83 40
7 82 40
7 81 40
7 80 40
7 79 40
7 78 40
7 77 40
7 76 40
7 75 40
7 74 40
7 73 40
7 72 40
7 71 40
7 70 40
7 69 40
7 68 40
7 67 40
7 66 40
7 65 40
7 64 40
7 63 40
7 62 40
7 61 40
7 60 40
7 59 40
7 58 40
7 57 40
7 56 40
7 55 40
7 54 40
7 53 40
7 52 40
7 51 40
7 50 40
7 50 168
7 49 40
7 49 168
7 48 40
7 48 168
7 47 40
7 47 168
7 46 40
7 46 168
7 46 296
7 45 40
7 45 168
7 45 296
7 44 40
7 44 168
7 44 296
7 43 40
7 43 168
7 43 296
7 43 424
7 42 40
7 42 168
7 42 296
7 42 424
7 41 40
7 41 168
7 41 296
7 41 424
7 41 552
7 40 40
7 40 168
7 40 296
7 40 424
7 40 552
7 39 40
7 39 168
7 39 296
7 39 424
7 39 552
7 38 40
7 38 168
7 38 296
7 38 424
7 38 552
7 37 40
7 37 168
7 37 296
7 37 424
7 37 552
7 36 40
7 36 168
7 36 296
7 36 424
7 35 40
7 35 168
7 35 296
7 35 424
7 34 40
7 34 168
7 34 296
7 33 40
7 33 168
7 33 296
7 32 40
7 32 168
7 31 40
7 31 168
7 30 40
7 30 168
7 29 40
7 29 168
