9 9 100
9 29 100
9 49 100
9 69 100
9 89 100
9 109 100
9 129 100
9 149 100
9 169 100
9 189 100
29 9 100
29 29 100
29 49 100
29 69 100
29 89 100
29 109 100
29 129 100
29 149 100
29 169 100
29 189 100
49 9 100
49 29 100
49 49 100
49 69 100
49 89 100
49 109 100
49 129 100
49 149 100
49 169 100
49 189 100
69 9 100
69 29 100
69 49 100
69 69 100
69 89 100
69 109 100
69 129 100
69 149 100
69 169 100
69 189 100
89 9 100
89 29 100
89 49 100
89 69 100
89 89 100
89 109 100
89 129 100
89 149 100
89 169 100
89 189 100
109 9 100
109 29 100
109 49 100
109 69 100
109 89 100
109 109 100
109 129 100
109 149 100
109 169 100
109 189 100
129 9 100
129 29 100
129 49 100
129 69 100
129 89 100
129 109 100
129 129 100
129 149 100
129 169 100
129 189 100
149 9 100
149 29 100
149 49 100
149 69 100
149 89 100
149 109 100
149 129 100
149 149 100
149 169 100
149 189 100
169 9 100
169 29 100
169 49 100
169 69 100
169 89 100
169 109 100
169 129 100
169 149 100
169 169 100
169 189 100
189 9 100
189 29 100
189 49 100
189 69 100
189 89 100
189 109 100
189 129 100
189 149 100
189 169 100
189 189 100
9 9 100
9 29 100
9 49 100
9 69 100
9 89 100
9 109 100
9 129 100
9 189 100
29 9 100
29 29 100
29 49 100
29 69 100
29 89 100
29 109 100
29 129 100
29 169 100
29 189 100
49 9 100
49 29 100
49 49 100
49 69 100
49 89 100
49 109 100
49 189 100
69 9 100
69 29 100
69 49 100
69 69 100
69 89 100
69 109 100
69 129 100
69 189 100
89 9 100
89 29 100
89 69 100
89 89 100
89 109 100
89 129 100
89 149 100
89 169 100
89 189 100
109 9 100
109 29 100
109 49 100
109 69 100
109 89 100
109 109 100
109 129 100
109 149 100
109 169 100
109 189 100
129 9 100
129 29 100
129 49 100
129 69 100
129 89 100
129 109 100
129 129 100
129 149 100
129 169 100
129 189 100
149 9 100
149 29 100
149 49 100
149 69 100
149 89 100
149 109 100
149 129 100
149 149 100
149 169 100
149 189 100
169 9 100
169 49 100
169 69 100
169 89 100
169 109 100
169 129 100
169 149 100
169 169 100
169 189 100
189 9 100
189 29 100
189 49 100
189 69 100
189 89 100
189 109 100
189 129 100
189 149 100
189 169 100
189 189 100
19 172 40
19 172 72
19 172 104
187 194 40
187 194 72
187 194 104
62 77 40
62 77 72
62 77 104
146 38 40
146 38 72
146 38 104
124 183 40
124 183 72
124 183 104
60 115 40
60 115 72
60 115 104
59 152 40
157 84 40
157 84 72
157 84 104
157 84 136
157 84 168
157 84 200
157 84 232
157 84 264
157 84 296
157 84 328
119 10 40
119 10 72
119 10 104
119 10 136
29 122 40
29 122 72
29 122 104
29 122 136
76 173 40
76 173 72
75 173 40
75 173 72
74 173 40
74 173 72
73 173 40
73 173 72
73 172 40
72 172 40
72 171 40
71 171 40
71 170 40
70 170 40
70 169 40
68 169 40
67 169 40
66 169 40
65 169 40
64 169 40
63 169 40
62 169 40
61 169 40
60 169 40
59 169 40
58 169 40
57 169 40
56 169 40
55 169 40
54 169 40
53 169 40
52 169 40
51 169 40
50 169 40
49 170 40
48 170 40
47 170 40
46 170 40
45 170 40
44 170 40
43 170 40
43 170 72
42 170 40
42 170 72
41 170 40
41 170 72
40 170 40
39 170 40
38 170 40
37 170 40
37 170 72
36 170 40
36 170 72
35 170 40
35 170 72
34 170 40
34 170 72
33 170 40
33 170 72
32 170 40
32 170 72
31 170 40
31 170 72
30 170 40
30 170 72
30 170 104
29 170 40
29 170 72
29 170 104
28 170 40
28 170 72
28 170 104
27 170 40
27 170 72
27 170 104
27 171 40
27 171 72
27 171 104
26 171 40
26 171 72
26 171 104
26 172 40
26 172 72
26 172 104
25 172 40
25 172 72
25 172 104
24 172 40
24 172 72
24 172 104
23 172 40
23 172 72
23 172 104
22 172 40
22 172 72
22 172 104
21 172 40
21 172 72
21 172 104
20 172 40
20 172 72
20 172 104
58 152 40
57 152 40
56 152 40
55 152 40
54 152 40
53 152 40
52 152 40
51 152 40
50 152 40
50 153 40
50 154 40
50 155 40
50 156 40
50 157 40
50 158 40
50 159 40
50 160 40
50 161 40
50 162 40
50 163 40
50 164 40
50 165 40
50 166 40
50 167 40
50 168 40
29 123 40
29 123 72
29 123 104
29 123 136
29 124 40
29 124 72
29 124 104
29 124 136
29 125 40
29 125 72
29 125 104
29 125 136
29 126 40
29 126 72
29 126 104
29 126 136
29 127 40
29 127 72
29 127 104
29 127 136
29 128 40
29 128 72
29 128 104
30 128 40
30 128 72
30 128 104
30 128 136
31 128 40
31 128 72
31 128 104
31 128 136
32 128 40
32 128 72
32 128 104
32 128 136
33 128 40
33 128 72
33 128 104
33 128 136
34 128 40
34 128 72
34 128 104
35 128 40
35 128 72
35 128 104
36 128 40
36 128 72
36 128 104
37 128 40
37 128 72
38 128 40
38 128 72
39 128 40
39 128 72
40 128 40
40 128 72
41 128 40
41 128 72
42 128 40
42 128 72
43 128 40
43 128 72
44 128 40
44 128 72
45 128 40
45 128 72
46 128 40
46 128 72
47 128 40
47 128 72
48 128 40
48 128 72
48 129 40
48 129 72
49 130 40
49 130 72
49 131 40
49 131 72
49 132 40
49 132 72
49 133 40
49 133 72
49 134 40
49 135 40
49 136 40
49 137 40
49 138 40
49 139 40
49 140 40
49 141 40
49 142 40
49 143 40
49 144 40
49 145 40
49 146 40
49 147 40
49 148 40
50 149 40
50 150 40
50 151 40
60 116 40
60 116 72
60 116 104
60 117 40
60 117 72
60 117 104
60 118 40
60 118 72
60 118 104
60 119 40
60 119 72
60 119 104
60 120 40
60 120 72
60 120 104
60 121 40
60 121 72
60 121 104
60 122 40
60 122 72
60 122 104
60 123 40
60 123 72
60 123 104
60 124 40
60 124 72
60 125 40
60 125 72
59 125 40
59 125 72
58 125 40
58 125 72
57 125 40
57 125 72
56 125 40
56 125 72
56 125 104
55 125 40
55 125 72
55 125 104
54 125 40
54 125 72
54 125 104
53 125 40
53 125 72
53 125 104
53 126 40
53 126 72
53 126 104
52 126 40
52 126 72
52 126 104
52 127 40
52 127 72
52 127 104
51 127 40
51 127 72
51 127 104
51 128 40
51 128 72
50 128 40
50 128 72
49 128 40
49 128 72
123 183 40
123 183 72
123 183 104
122 183 40
122 183 72
122 183 104
121 183 40
121 183 72
121 183 104
120 183 40
120 183 72
120 183 104
120 183 136
119 183 40
119 183 72
119 183 104
119 183 136
118 183 40
118 183 72
118 183 104
118 183 136
117 183 40
117 183 72
117 183 104
117 183 136
117 183 168
116 183 40
116 183 72
116 183 104
116 183 136
116 183 168
115 183 40
115 183 72
115 183 104
115 183 136
115 183 168
114 183 40
114 183 72
114 183 104
114 183 136
113 183 40
113 183 72
113 183 104
113 183 136
112 183 40
112 183 72
112 183 104
112 183 136
111 183 40
111 183 72
111 183 104
111 183 136
110 183 40
110 183 72
110 183 104
110 183 136
109 183 40
109 183 72
109 183 104
109 183 136
108 183 40
108 183 72
108 183 104
108 183 136
107 183 40
107 183 72
107 183 104
107 183 136
106 183 40
106 183 72
106 183 104
106 183 136
106 183 168
105 183 40
105 183 72
105 183 104
105 183 136
105 183 168
104 183 40
104 183 72
104 183 104
104 183 136
104 183 168
103 183 40
103 183 72
103 183 104
103 183 136
103 183 168
102 183 40
102 183 72
102 183 104
102 183 136
102 183 168
102 183 200
102 182 40
102 182 72
102 182 104
102 182 136
102 182 168
101 182 40
101 182 72
101 182 104
101 182 136
101 182 168
101 181 40
101 181 72
101 181 104
101 181 136
101 181 168
100 181 40
100 181 72
100 181 104
100 181 136
100 181 168
100 180 40
100 180 72
100 180 104
100 180 136
100 180 168
99 180 40
99 180 72
99 180 104
99 180 136
99 179 40
99 179 72
99 179 104
99 179 136
98 179 40
98 179 72
98 179 104
98 179 136
98 178 40
98 178 72
98 178 104
98 178 136
98 177 40
98 177 72
98 177 104
98 177 136
97 177 40
97 177 72
97 177 104
97 177 136
96 177 40
96 177 72
96 177 104
96 177 136
96 176 40
96 176 72
96 176 104
96 176 136
95 176 40
95 176 72
95 176 104
95 175 40
95 175 72
95 175 104
94 175 40
94 175 72
94 175 104
94 174 40
94 174 72
94 174 104
93 174 40
93 174 72
93 174 104
93 173 40
93 173 72
93 173 104
92 173 40
92 173 72
92 173 104
92 172 40
92 172 72
92 172 104
91 172 40
91 172 72
91 172 104
90 172 40
90 172 72
90 172 104
89 172 40
89 172 72
89 172 104
88 172 40
88 172 72
88 172 104
87 172 40
87 172 72
87 172 104
86 172 40
86 172 72
86 172 104
85 172 40
85 172 72
85 172 104
84 172 40
84 172 72
84 172 104
83 172 40
83 172 72
83 172 104
82 172 40
82 172 72
81 172 40
81 172 72
80 172 40
80 172 72
79 172 40
79 172 72
78 172 40
78 172 72
77 172 40
77 172 72
76 172 40
76 172 72
61 77 40
61 77 72
61 77 104
61 78 40
61 78 72
61 78 104
60 78 40
60 78 72
60 78 104
60 79 40
60 79 72
60 79 104
60 80 40
60 80 72
60 80 104
60 81 40
60 81 72
60 81 104
60 81 136
60 82 40
60 82 72
60 82 104
60 82 136
60 83 40
60 83 72
60 83 104
60 83 136
60 84 40
60 84 72
60 84 104
60 84 136
60 85 40
60 85 72
60 85 104
60 85 136
60 85 168
60 86 40
60 86 72
60 86 104
60 86 136
60 86 168
60 87 40
60 87 72
60 87 104
60 87 136
60 87 168
60 87 200
60 88 40
60 88 72
60 88 104
60 88 136
60 88 168
60 88 200
60 89 40
60 89 72
60 89 104
60 89 136
60 89 168
60 89 200
60 90 40
60 90 72
60 90 104
60 90 136
60 90 168
60 90 200
60 90 232
60 91 40
60 91 72
60 91 104
60 91 136
60 91 168
60 91 200
60 91 232
60 92 40
60 92 72
60 92 104
60 92 136
60 92 168
60 92 200
60 92 232
60 93 40
60 93 72
60 93 104
60 93 136
60 93 168
60 93 200
60 93 232
60 94 40
60 94 72
60 94 104
60 94 136
60 94 168
60 94 200
60 95 40
60 95 72
60 95 104
60 95 136
60 95 168
60 95 200
60 96 40
60 96 72
60 96 104
60 96 136
60 96 168
60 96 200
60 97 40
60 97 72
60 97 104
60 97 136
60 97 168
60 97 200
60 98 40
60 98 72
60 98 104
60 98 136
60 98 168
60 98 200
60 98 232
60 99 40
60 99 72
60 99 104
60 99 136
60 99 168
60 99 200
60 99 232
60 100 40
60 100 72
60 100 104
60 100 136
60 100 168
60 100 200
60 100 232
60 101 40
60 101 72
60 101 104
60 101 136
60 101 168
60 101 200
60 101 232
60 102 40
60 102 72
60 102 104
60 102 136
60 102 168
60 102 200
60 102 232
60 103 40
60 103 72
60 103 104
60 103 136
60 103 168
60 103 200
60 103 232
60 104 40
60 104 72
60 104 104
60 104 136
60 104 168
60 104 200
60 105 40
60 105 72
60 105 104
60 105 136
60 105 168
60 105 200
60 106 40
60 106 72
60 106 104
60 106 136
60 106 168
60 106 200
60 107 40
60 107 72
60 107 104
60 107 136
60 107 168
60 108 40
60 108 72
60 108 104
60 108 136
60 108 168
60 109 40
60 109 72
60 109 104
60 109 136
60 110 40
60 110 72
60 110 104
60 110 136
60 111 40
60 111 72
60 111 104
60 112 40
60 112 72
60 112 104
60 113 40
60 113 72
60 113 104
60 114 40
60 114 72
60 114 104
145 38 40
145 38 72
145 38 104
144 38 40
144 38 72
144 38 104
143 38 40
143 38 72
143 38 104
143 38 136
142 38 40
142 38 72
142 38 104
142 38 136
141 38 40
141 38 72
141 38 104
141 38 136
140 38 40
140 38 72
140 38 104
140 38 136
140 38 168
139 38 40
139 38 72
139 38 104
139 38 136
139 38 168
138 38 40
138 38 72
138 38 104
138 38 136
138 38 168
137 38 40
137 38 72
137 38 104
137 38 136
137 38 168
137 37 40
137 37 72
137 37 104
137 37 136
137 37 168
137 36 40
137 36 72
137 36 104
137 36 136
137 36 168
136 36 40
136 36 72
136 36 104
136 36 136
136 36 168
135 36 40
135 36 72
135 36 104
135 36 136
135 36 168
135 35 40
135 35 72
135 35 104
135 35 136
135 35 168
134 35 40
134 35 72
134 35 104
134 35 136
134 35 168
134 34 40
134 34 72
134 34 104
134 34 136
134 34 168
133 34 40
133 34 72
133 34 104
133 34 136
133 34 168
133 33 40
133 33 72
133 33 104
133 33 136
133 33 168
132 33 40
132 33 72
132 33 104
132 33 136
132 33 168
131 33 40
131 33 72
131 33 104
131 33 136
131 33 168
130 33 40
130 33 72
130 33 104
130 33 136
130 33 168
129 33 40
129 33 72
129 33 104
129 33 136
129 33 168
128 33 40
128 33 72
128 33 104
128 33 136
128 33 168
127 33 40
127 33 72
127 33 104
127 33 136
127 33 168
126 33 40
126 33 72
126 33 104
126 33 136
126 33 168
125 33 40
125 33 72
125 33 104
125 33 136
125 33 168
124 33 40
124 33 72
124 33 104
124 33 136
124 34 40
124 34 72
124 34 104
124 34 136
124 34 168
123 34 40
123 34 72
123 34 104
123 34 136
123 34 168
123 35 40
123 35 72
123 35 104
123 35 136
123 35 168
123 36 40
123 36 72
123 36 104
123 36 136
123 36 168
122 36 40
122 36 72
122 36 104
122 36 136
122 36 168
122 37 40
122 37 72
122 37 104
122 37 136
122 37 168
121 37 40
121 37 72
121 37 104
121 37 136
121 37 168
120 37 40
120 37 72
120 37 104
120 37 136
120 37 168
120 38 40
120 38 72
120 38 104
120 38 136
120 38 168
120 39 40
120 39 72
120 39 104
120 39 136
120 39 168
119 39 40
119 39 72
119 39 104
119 39 136
119 39 168
118 39 40
118 39 72
118 39 104
118 39 136
118 39 168
117 39 40
117 39 72
117 39 104
117 39 136
117 39 168
116 39 40
116 39 72
116 39 104
116 39 136
116 39 168
115 39 40
115 39 72
115 39 104
115 39 136
115 39 168
114 39 40
114 39 72
114 39 104
114 39 136
114 39 168
113 39 40
113 39 72
113 39 104
113 39 136
113 39 168
112 39 40
112 39 72
112 39 104
112 39 136
112 39 168
111 39 40
111 39 72
111 39 104
111 39 136
111 39 168
110 39 40
110 39 72
110 39 104
110 39 136
110 39 168
109 39 40
109 39 72
109 39 104
109 39 136
109 39 168
108 39 40
108 39 72
108 39 104
108 39 136
108 39 168
107 39 40
107 39 72
107 39 104
107 39 136
107 39 168
106 39 40
106 39 72
106 39 104
106 39 136
106 39 168
105 39 40
105 39 72
105 39 104
105 39 136
105 39 168
104 39 40
104 39 72
104 39 104
104 39 136
104 39 168
103 39 40
103 39 72
103 39 104
103 39 136
103 39 168
102 39 40
102 39 72
102 39 104
102 39 136
102 39 168
101 39 40
101 39 72
101 39 104
101 39 136
101 39 168
100 39 40
100 39 72
100 39 104
100 39 136
100 39 168
100 39 200
99 39 40
99 39 72
99 39 104
99 39 136
99 39 168
99 39 200
99 40 40
99 40 72
99 40 104
99 40 136
99 40 168
99 40 200
98 40 40
98 40 72
98 40 104
98 40 136
98 40 168
98 40 200
97 40 40
97 40 72
97 40 104
97 40 136
97 40 168
97 40 200
97 41 40
97 41 72
97 41 104
97 41 136
97 41 168
97 41 200
97 42 40
97 42 72
97 42 104
97 42 136
97 42 168
96 42 40
96 42 72
96 42 104
96 42 136
96 42 168
95 42 40
95 42 72
95 42 104
95 42 136
95 42 168
95 43 40
95 43 72
95 43 104
95 43 136
95 43 168
94 43 40
94 43 72
94 43 104
94 43 136
94 43 168
94 44 40
94 44 72
94 44 104
94 44 136
93 44 40
93 44 72
93 44 104
93 44 136
93 45 40
93 45 72
93 45 104
93 45 136
92 45 40
92 45 72
92 45 104
92 45 136
92 46 40
92 46 72
92 46 104
92 46 136
91 46 40
91 46 72
91 46 104
91 46 136
91 47 40
91 47 72
91 47 104
90 47 40
90 47 72
90 47 104
90 48 40
90 48 72
90 48 104
89 48 40
89 48 72
89 48 104
88 49 40
88 49 72
88 50 40
88 50 72
87 50 40
87 50 72
87 51 40
87 51 72
86 51 40
86 51 72
86 52 40
86 52 72
86 53 40
86 53 72
85 53 40
85 53 72
84 53 40
84 53 72
84 54 40
84 54 72
83 54 40
83 54 72
83 55 40
83 55 72
83 55 104
82 55 40
82 55 72
82 55 104
82 56 40
82 56 72
82 56 104
81 56 40
81 56 72
81 56 104
81 57 40
81 57 72
81 57 104
81 58 40
81 58 72
81 58 104
80 58 40
80 58 72
80 58 104
79 58 40
79 58 72
79 58 104
79 59 40
79 59 72
79 59 104
78 59 40
78 59 72
78 60 40
78 60 72
78 61 40
78 61 72
77 61 40
77 61 72
77 62 40
77 62 72
76 62 40
76 62 72
76 63 40
76 63 72
75 63 40
75 63 72
74 63 40
74 63 72
74 64 40
74 64 72
73 64 40
73 64 72
73 65 40
73 65 72
72 65 40
72 65 72
72 66 40
72 66 72
71 66 40
71 66 72
71 66 104
71 67 40
71 67 72
71 67 104
70 67 40
70 67 72
70 67 104
70 68 40
70 68 72
70 68 104
69 68 40
69 68 72
69 68 104
69 70 40
69 70 72
69 70 104
68 70 40
68 70 72
68 70 104
68 70 136
67 70 40
67 70 72
67 70 104
67 70 136
67 71 40
67 71 72
67 71 104
67 71 136
66 71 40
66 71 72
66 71 104
66 71 136
66 72 40
66 72 72
66 72 104
66 72 136
65 72 40
65 72 72
65 72 104
65 72 136
65 73 40
65 73 72
65 73 104
65 73 136
64 73 40
64 73 72
64 73 104
64 73 136
64 74 40
64 74 72
64 74 104
64 74 136
63 74 40
63 74 72
63 74 104
63 74 136
63 75 40
63 75 72
63 75 104
63 75 136
62 75 40
62 75 72
62 75 104
62 75 136
62 76 40
62 76 72
62 76 104
62 76 136
119 11 40
119 11 72
119 11 104
119 11 136
119 11 168
119 12 40
119 12 72
119 12 104
119 12 136
119 12 168
119 13 40
119 13 72
119 13 104
119 13 136
119 13 168
119 14 40
119 14 72
119 14 104
119 14 136
119 14 168
119 15 40
119 15 72
119 15 104
119 15 136
119 15 168
119 15 200
119 16 40
119 16 72
119 16 104
119 16 136
119 16 168
119 16 200
119 17 40
119 17 72
119 17 104
119 17 136
119 17 168
119 17 200
119 17 232
119 18 40
119 18 72
119 18 104
119 18 136
119 18 168
119 18 200
119 18 232
119 18 264
119 19 40
119 19 72
119 19 104
119 19 136
119 19 168
119 19 200
119 19 232
119 19 264
120 19 40
120 19 72
120 19 104
120 19 136
120 19 168
120 19 200
120 19 232
120 19 264
120 20 40
120 20 72
120 20 104
120 20 136
120 20 168
120 20 200
120 20 232
120 20 264
121 20 40
121 20 72
121 20 104
121 20 136
121 20 168
121 20 200
121 20 232
121 20 264
121 21 40
121 21 72
121 21 104
121 21 136
121 21 168
121 21 200
121 21 232
121 21 264
122 21 40
122 21 72
122 21 104
122 21 136
122 21 168
122 21 200
122 21 232
122 21 264
122 22 40
122 22 72
122 22 104
122 22 136
122 22 168
122 22 200
122 22 232
123 22 40
123 22 72
123 22 104
123 22 136
123 22 168
123 22 200
123 22 232
123 23 40
123 23 72
123 23 104
123 23 136
123 23 168
123 23 200
124 23 40
124 23 72
124 23 104
124 23 136
124 23 168
124 23 200
124 24 40
124 24 72
124 24 104
124 24 136
124 24 168
124 24 200
125 24 40
125 24 72
125 24 104
125 24 136
125 24 168
125 25 40
125 25 72
125 25 104
125 25 136
125 25 168
126 25 40
126 25 72
126 25 104
126 25 136
126 25 168
126 26 40
126 26 72
126 26 104
126 26 136
127 26 40
127 26 72
127 26 104
127 26 136
127 27 40
127 27 72
127 27 104
127 27 136
127 28 40
127 28 72
127 28 104
127 28 136
127 29 40
127 29 72
127 29 104
127 29 136
127 30 40
127 30 72
127 30 104
127 30 136
127 31 40
127 31 72
127 31 104
127 31 136
127 32 40
127 32 72
127 32 104
127 32 136
157 83 40
157 83 72
157 83 104
157 83 136
157 83 168
157 83 200
157 83 232
157 83 264
157 83 296
157 83 328
157 83 360
157 82 40
157 82 72
157 82 104
157 82 136
157 82 168
157 82 200
157 82 232
157 82 264
157 82 296
157 82 328
157 82 360
157 81 40
157 81 72
157 81 104
157 81 136
157 81 168
157 81 200
157 81 232
157 81 264
157 81 296
157 81 328
157 81 360
157 81 392
157 80 40
157 80 72
157 80 104
157 80 136
157 80 168
157 80 200
157 80 232
157 80 264
157 80 296
157 80 328
157 80 360
157 80 392
157 79 40
157 79 72
157 79 104
157 79 136
157 79 168
157 79 200
157 79 232
157 79 264
157 79 296
157 79 328
157 79 360
157 79 392
157 78 40
157 78 72
157 78 104
157 78 136
157 78 168
157 78 200
157 78 232
157 78 264
157 78 296
157 78 328
157 78 360
157 78 392
157 77 40
157 77 72
157 77 104
157 77 136
157 77 168
157 77 200
157 77 232
157 77 264
157 77 296
157 77 328
157 77 360
157 77 392
157 76 40
157 76 72
157 76 104
157 76 136
157 76 168
157 76 200
157 76 232
157 76 264
157 76 296
157 76 328
157 76 360
157 76 392
157 75 40
157 75 72
157 75 104
157 75 136
157 75 168
157 75 200
157 75 232
157 75 264
157 75 296
157 75 328
157 75 360
157 74 40
157 74 72
157 74 104
157 74 136
157 74 168
157 74 200
157 74 232
157 74 264
157 74 296
157 74 328
157 73 40
157 73 72
157 73 104
157 73 136
157 73 168
157 73 200
157 73 232
157 73 264
157 73 296
157 73 328
157 72 40
157 72 72
157 72 104
157 72 136
157 72 168
157 72 200
157 72 232
157 72 264
157 72 296
157 71 40
157 71 72
157 71 104
157 71 136
157 71 168
157 71 200
157 71 232
157 71 264
157 70 40
157 70 72
157 70 104
157 70 136
157 70 168
157 70 200
157 70 232
157 70 264
157 69 40
157 69 72
157 69 104
157 69 136
157 69 168
157 69 200
157 69 232
157 68 40
157 68 72
157 68 104
157 68 136
157 68 168
157 68 200
157 68 232
157 67 40
157 67 72
157 67 104
157 67 136
157 67 168
157 67 200
157 66 40
157 66 72
157 66 104
157 66 136
157 66 168
157 66 200
157 65 40
157 65 72
157 65 104
157 65 136
157 65 168
157 65 200
157 64 40
157 64 72
157 64 104
157 64 136
157 64 168
157 64 200
157 63 40
157 63 72
157 63 104
157 63 136
157 63 168
157 63 200
157 62 40
157 62 72
157 62 104
157 62 136
157 62 168
157 62 200
157 61 40
157 61 72
157 61 104
157 61 136
157 61 168
157 61 200
157 60 40
157 60 72
157 60 104
157 60 136
157 60 168
157 60 200
157 59 40
157 59 72
157 59 104
157 59 136
157 59 168
157 59 200
157 58 40
157 58 72
157 58 104
157 58 136
157 58 168
157 58 200
157 57 40
157 57 72
157 57 104
157 57 136
157 57 168
157 57 200
157 56 40
157 56 72
157 56 104
157 56 136
157 56 168
157 56 200
157 55 40
157 55 72
157 55 104
157 55 136
157 55 168
157 54 40
157 54 72
157 54 104
157 54 136
157 54 168
157 53 40
157 53 72
157 53 104
157 53 136
157 53 168
157 52 40
157 52 72
157 52 104
157 52 136
157 51 40
157 51 72
157 51 104
157 51 136
157 50 40
157 50 72
157 50 104
157 50 136
157 49 40
157 49 72
157 49 104
157 49 136
157 48 40
157 48 72
157 48 104
157 48 136
157 47 40
157 47 72
157 47 104
157 47 136
157 46 40
157 46 72
157 46 104
157 46 136
157 45 40
157 45 72
157 45 104
157 45 136
157 44 40
157 44 72
157 44 104
157 44 136
157 43 40
157 43 72
157 43 104
157 42 40
157 42 72
157 42 104
157 41 40
157 41 72
157 40 40
157 40 72
157 39 40
157 39 72
157 38 40
157 38 72
156 38 40
156 38 72
155 38 40
155 38 72
154 38 40
154 38 72
153 38 40
153 38 72
153 38 104
152 38 40
152 38 72
152 38 104
151 38 40
151 38 72
151 38 104
150 38 40
150 38 72
150 38 104
149 38 40
149 38 72
149 38 104
148 38 40
148 38 72
148 38 104
147 38 40
147 38 72
147 38 104
