9 9 100
9 29 100
9 49 100
9 69 100
9 89 100
9 109 100
9 129 100
9 149 100
9 169 100
9 189 100
29 9 100
29 29 100
29 49 100
29 69 100
29 89 100
29 109 100
29 129 100
29 149 100
29 169 100
29 189 100
49 9 100
49 29 100
49 49 100
49 69 100
49 89 100
49 109 100
49 129 100
49 149 100
49 169 100
49 189 100
69 9 100
69 29 100
69 49 100
69 69 100
69 89 100
69 109 100
69 129 100
69 149 100
69 169 100
69 189 100
89 9 100
89 29 100
89 49 100
89 69 100
89 89 100
89 109 100
89 129 100
89 149 100
89 169 100
89 189 100
109 9 100
109 29 100
109 49 100
109 69 100
109 89 100
109 109 100
109 129 100
109 149 100
109 169 100
109 189 100
129 9 100
129 29 100
129 49 100
129 69 100
129 89 100
129 109 100
129 129 100
129 149 100
129 169 100
129 189 100
149 9 100
149 29 100
149 49 100
149 69 100
149 89 100
149 109 100
149 129 100
149 149 100
149 169 100
149 189 100
169 9 100
169 29 100
169 49 100
169 69 100
169 89 100
169 109 100
169 129 100
169 149 100
169 169 100
169 189 100
189 9 100
189 29 100
189 49 100
189 69 100
189 89 100
189 109 100
189 129 100
189 149 100
189 169 100
189 189 100
9 9 100
9 29 100
9 49 100
9 89 100
9 109 100
9 129 100
9 149 100
9 169 100
9 189 100
29 9 100
29 29 100
29 49 100
29 69 100
29 89 100
29 109 100
29 129 100
29 149 100
29 169 100
29 189 100
49 29 100
49 89 100
49 109 100
49 189 100
69 9 100
69 29 100
69 49 100
69 69 100
69 89 100
69 129 100
69 149 100
69 169 100
69 189 100
89 9 100
89 29 100
89 49 100
89 69 100
89 89 100
89 109 100
89 129 100
89 149 100
89 189 100
109 9 100
109 49 100
109 69 100
109 89 100
109 149 100
109 169 100
109 189 100
129 9 100
129 29 100
129 49 100
129 69 100
129 89 100
129 129 100
129 149 100
149 9 100
149 29 100
149 49 100
149 89 100
149 109 100
149 129 100
149 149 100
149 169 100
149 189 100
169 9 100
169 49 100
169 89 100
169 129 100
169 149 100
169 169 100
169 189 100
189 9 100
189 29 100
189 49 100
189 69 100
189 89 100
189 109 100
189 129 100
189 149 100
189 169 100
148 67 40
102 136 40
102 136 72
113 13 40
113 13 72
113 13 104
113 13 136
113 13 168
113 13 200
113 13 232
130 175 40
57 174 40
34 118 40
34 118 72
34 118 104
34 118 136
40 64 40
54 11 40
54 11 72
165 116 40
165 115 40
165 114 40
165 113 40
166 113 40
166 112 40
167 112 40
167 111 40
168 111 40
168 110 40
169 110 40
169 108 40
169 108 72
169 107 40
169 107 72
169 107 104
169 106 40
169 106 72
169 106 104
169 105 40
169 105 72
169 105 104
169 104 40
169 104 72
169 104 104
169 104 136
169 103 40
169 103 72
169 103 104
169 103 136
169 102 40
169 102 72
169 102 104
169 102 136
169 101 40
169 101 72
169 101 104
169 101 136
169 101 168
169 100 40
169 100 72
169 100 104
169 100 136
169 100 168
169 100 200
169 99 40
169 99 72
169 99 104
169 99 136
169 99 168
169 99 200
169 98 40
169 98 72
169 98 104
169 98 136
169 98 168
169 98 200
169 98 232
169 98 264
169 97 40
169 97 72
169 97 104
169 97 136
169 97 168
169 97 200
169 97 232
169 97 264
169 97 296
169 96 40
169 96 72
169 96 104
169 96 136
169 96 168
169 96 200
169 96 232
169 96 264
169 96 296
169 96 328
169 95 40
169 95 72
169 95 104
169 95 136
169 95 168
169 95 200
169 95 232
169 95 264
169 95 296
169 95 328
169 95 360
169 94 40
169 94 72
169 94 104
169 94 136
169 94 168
169 94 200
169 94 232
169 94 264
169 94 296
169 94 328
169 94 360
169 94 392
169 93 40
169 93 72
169 93 104
169 93 136
169 93 168
169 93 200
169 93 232
169 93 264
169 93 296
169 93 328
169 93 360
169 93 392
169 92 40
169 92 72
169 92 104
169 92 136
169 92 168
169 92 200
169 92 232
169 92 264
169 92 296
169 92 328
169 92 360
169 92 392
169 91 40
169 91 72
169 91 104
169 91 136
169 91 168
169 91 200
169 91 232
169 91 264
169 91 296
169 91 328
169 91 360
169 91 392
169 90 40
169 90 72
169 90 104
169 90 136
169 90 168
169 90 200
169 90 232
169 90 264
169 90 296
169 90 328
169 90 360
169 90 392
169 89 40
169 89 72
169 89 104
169 89 136
169 89 168
169 89 200
169 89 232
169 89 264
169 89 296
169 89 328
169 89 360
169 88 40
169 88 72
169 88 104
169 88 136
169 88 168
169 88 200
169 88 232
169 88 264
169 88 296
169 88 328
169 88 360
169 88 392
169 87 40
169 87 72
169 87 104
169 87 136
169 87 168
169 87 200
169 87 232
169 87 264
169 87 296
169 87 328
169 87 360
169 87 392
169 86 40
169 86 72
169 86 104
169 86 136
169 86 168
169 86 200
169 86 232
169 86 264
169 86 296
169 86 328
169 86 360
169 85 40
169 85 72
169 85 104
169 85 136
169 85 168
169 85 200
169 85 232
169 85 264
169 85 296
169 85 328
169 85 360
169 84 40
169 84 72
169 84 104
169 84 136
169 84 168
169 84 200
169 84 232
169 84 264
169 84 296
169 84 328
169 84 360
169 83 40
169 83 72
169 83 104
169 83 136
169 83 168
169 83 200
169 83 232
169 83 264
169 83 296
169 83 328
169 82 40
169 82 72
169 82 104
169 82 136
169 82 168
169 82 200
169 82 232
169 82 264
169 82 296
169 82 328
169 81 40
169 81 72
169 81 104
169 81 136
169 81 168
169 81 200
169 81 232
169 81 264
169 81 296
169 80 40
169 80 72
169 80 104
169 80 136
169 80 168
169 80 200
169 80 232
169 80 264
169 80 296
169 79 40
169 79 72
169 79 104
169 79 136
169 79 168
169 79 200
169 79 232
169 79 264
169 78 40
169 78 72
169 78 104
169 78 136
169 78 168
169 78 200
169 78 232
169 77 40
169 77 72
169 77 104
169 77 136
169 77 168
169 77 200
169 76 40
169 76 72
169 76 104
169 76 136
169 76 168
169 75 40
169 75 72
169 75 104
169 75 136
169 74 40
169 74 72
169 74 104
169 73 40
169 73 72
169 73 104
169 72 40
169 72 72
169 71 40
169 71 72
169 70 40
169 70 72
168 69 40
167 69 40
166 69 40
165 69 40
164 69 40
163 69 40
162 69 40
161 69 40
160 69 40
159 69 40
158 69 40
157 69 40
156 69 40
155 69 40
154 69 40
153 69 40
152 69 40
151 69 40
150 69 40
149 68 40
148 68 40
130 174 40
130 173 40
130 172 40
130 171 40
130 170 40
129 170 40
128 169 40
128 168 40
127 168 40
127 167 40
126 167 40
126 166 40
125 166 40
125 165 40
124 165 40
124 164 40
124 163 40
123 163 40
123 163 72
123 162 40
123 162 72
122 162 40
122 162 72
121 162 40
121 162 72
121 162 104
121 161 40
121 161 72
121 161 104
120 161 40
120 161 72
120 161 104
120 161 136
120 160 40
120 160 72
120 160 104
120 160 136
120 159 40
120 159 72
120 159 104
120 159 136
119 159 40
119 159 72
119 159 104
119 159 136
119 159 168
119 158 40
119 158 72
119 158 104
119 158 136
119 158 168
119 157 40
119 157 72
119 157 104
119 157 136
119 157 168
119 157 200
119 156 40
119 156 72
119 156 104
119 156 136
119 156 168
119 156 200
119 155 40
119 155 72
119 155 104
119 155 136
119 155 168
119 155 200
119 155 232
119 154 40
119 154 72
119 154 104
119 154 136
119 154 168
119 154 200
119 154 232
119 154 264
119 153 40
119 153 72
119 153 104
119 153 136
119 153 168
119 153 200
119 153 232
119 153 264
119 153 296
119 153 328
119 152 40
119 152 72
119 152 104
119 152 136
119 152 168
119 152 200
119 152 232
119 152 264
119 152 296
119 152 328
119 152 360
119 151 40
119 151 72
119 151 104
119 151 136
119 151 168
119 151 200
119 151 232
119 151 264
119 151 296
119 151 328
119 151 360
119 151 392
119 150 40
119 150 72
119 150 104
119 150 136
119 150 168
119 150 200
119 150 232
119 150 264
119 150 296
119 150 328
119 150 360
119 150 392
119 150 424
119 149 40
119 149 72
119 149 104
119 149 136
119 149 168
119 149 200
119 149 232
119 149 264
119 149 296
119 149 328
119 149 360
119 149 392
119 149 424
119 149 456
119 148 40
119 148 72
119 148 104
119 148 136
119 148 168
119 148 200
119 148 232
119 148 264
119 148 296
119 148 328
119 148 360
119 148 392
119 148 424
119 148 456
119 147 40
119 147 72
119 147 104
119 147 136
119 147 168
119 147 200
119 147 232
119 147 264
119 147 296
119 147 328
119 147 360
119 147 392
119 147 424
119 147 456
119 146 40
119 146 72
119 146 104
119 146 136
119 146 168
119 146 200
119 146 232
119 146 264
119 146 296
119 146 328
119 146 360
119 146 392
119 146 424
119 146 456
119 145 40
119 145 72
119 145 104
119 145 136
119 145 168
119 145 200
119 145 232
119 145 264
119 145 296
119 145 328
119 145 360
119 145 392
119 145 424
119 145 456
119 144 40
119 144 72
119 144 104
119 144 136
119 144 168
119 144 200
119 144 232
119 144 264
119 144 296
119 144 328
119 144 360
119 144 392
119 144 424
119 144 456
119 143 40
119 143 72
119 143 104
119 143 136
119 143 168
119 143 200
119 143 232
119 143 264
119 143 296
119 143 328
119 143 360
119 143 392
119 143 424
119 143 456
119 142 40
119 142 72
119 142 104
119 142 136
119 142 168
119 142 200
119 142 232
119 142 264
119 142 296
119 142 328
119 142 360
119 142 392
119 142 424
119 142 456
119 141 40
119 141 72
119 141 104
119 141 136
119 141 168
119 141 200
119 141 232
119 141 264
119 141 296
119 141 328
119 141 360
119 141 392
119 141 424
119 141 456
119 140 40
119 140 72
119 140 104
119 140 136
119 140 168
119 140 200
119 140 232
119 140 264
119 140 296
119 140 328
119 140 360
119 140 392
119 140 424
119 139 40
119 139 72
119 139 104
119 139 136
119 139 168
119 139 200
119 139 232
119 139 264
119 139 296
119 139 328
119 139 360
119 139 392
119 139 424
118 139 40
118 139 72
118 139 104
118 139 136
118 139 168
118 139 200
118 139 232
118 139 264
118 139 296
118 139 328
118 139 360
118 139 392
118 138 40
118 138 72
118 138 104
118 138 136
118 138 168
118 138 200
118 138 232
118 138 264
118 138 296
118 138 328
118 138 360
118 138 392
118 137 40
118 137 72
118 137 104
118 137 136
118 137 168
118 137 200
118 137 232
118 137 264
118 137 296
118 137 328
118 137 360
117 137 40
117 137 72
117 137 104
117 137 136
117 137 168
117 137 200
117 137 232
117 137 264
117 137 296
117 137 328
116 137 40
116 137 72
116 137 104
116 137 136
116 137 168
116 137 200
116 137 232
116 137 264
116 137 296
116 136 40
116 136 72
116 136 104
116 136 136
116 136 168
116 136 200
116 136 232
115 136 40
115 136 72
115 136 104
115 136 136
115 136 168
115 136 200
115 135 40
115 135 72
115 135 104
115 135 136
115 135 168
114 135 40
114 135 72
114 135 104
114 135 136
114 135 168
114 134 40
114 134 72
114 134 104
114 134 136
113 134 40
113 134 72
113 134 104
113 134 136
113 133 40
113 133 72
113 133 104
113 133 136
113 132 40
113 132 72
113 132 104
112 132 40
112 132 72
112 132 104
112 131 40
112 131 72
112 131 104
111 131 40
111 131 72
111 131 104
110 131 40
110 131 72
109 131 40
109 131 72
108 131 40
108 131 72
107 131 40
107 131 72
106 131 40
106 132 40
105 132 40
105 133 40
104 133 40
104 134 40
103 134 40
103 135 40
103 135 72
103 136 40
103 136 72
56 174 40
55 174 40
54 174 40
53 174 40
53 173 40
53 172 40
52 172 40
52 171 40
51 171 40
51 170 40
50 170 40
50 169 40
49 168 40
49 167 40
49 166 40
49 165 40
49 164 40
49 163 40
49 162 40
49 161 40
49 160 40
49 159 40
49 159 72
49 158 40
49 158 72
49 157 40
49 157 72
49 156 40
49 156 72
49 155 40
49 155 72
49 154 40
49 154 72
49 153 40
49 153 72
49 152 40
49 152 72
49 151 40
49 151 72
49 150 40
49 148 40
49 147 40
49 146 40
49 145 40
49 144 40
49 143 40
49 142 40
49 141 40
49 140 40
49 139 40
49 138 40
49 137 40
49 136 40
49 135 40
49 134 40
49 133 40
49 132 40
49 132 72
49 131 40
49 131 72
49 130 40
49 130 72
50 129 40
50 129 72
50 128 40
50 128 72
50 128 104
51 128 40
51 128 72
51 128 104
51 128 136
51 127 40
51 127 72
51 127 104
51 127 136
52 127 40
52 127 72
52 127 104
52 127 136
52 127 168
52 126 40
52 126 72
52 126 104
52 126 136
52 126 168
52 126 200
53 126 40
53 126 72
53 126 104
53 126 136
53 126 168
53 126 200
53 126 232
53 125 40
53 125 72
53 125 104
53 125 136
53 125 168
53 125 200
53 125 232
53 125 264
53 125 296
54 125 40
54 125 72
54 125 104
54 125 136
54 125 168
54 125 200
54 125 232
54 125 264
54 125 296
54 124 40
54 124 72
54 124 104
54 124 136
54 124 168
54 124 200
54 124 232
54 124 264
54 124 296
54 124 328
54 124 360
54 123 40
54 123 72
54 123 104
54 123 136
54 123 168
54 123 200
54 123 232
54 123 264
54 123 296
54 123 328
54 123 360
54 123 392
55 123 40
55 123 72
55 123 104
55 123 136
55 123 168
55 123 200
55 123 232
55 123 264
55 123 296
55 123 328
55 123 360
55 123 392
55 123 424
55 122 40
55 122 72
55 122 104
55 122 136
55 122 168
55 122 200
55 122 232
55 122 264
55 122 296
55 122 328
55 122 360
55 122 392
55 122 424
56 122 40
56 122 72
56 122 104
56 122 136
56 122 168
56 122 200
56 122 232
56 122 264
56 122 296
56 122 328
56 122 360
56 122 392
56 122 424
56 122 456
57 122 40
57 122 72
57 122 104
57 122 136
57 122 168
57 122 200
57 122 232
57 122 264
57 122 296
57 122 328
57 122 360
57 122 392
57 122 424
57 122 456
57 121 40
57 121 72
57 121 104
57 121 136
57 121 168
57 121 200
57 121 232
57 121 264
57 121 296
57 121 328
57 121 360
57 121 392
57 121 424
57 121 456
58 121 40
58 121 72
58 121 104
58 121 136
58 121 168
58 121 200
58 121 232
58 121 264
58 121 296
58 121 328
58 121 360
58 121 392
58 121 424
58 121 456
58 120 40
58 120 72
58 120 104
58 120 136
58 120 168
58 120 200
58 120 232
58 120 264
58 120 296
58 120 328
58 120 360
58 120 392
58 120 424
58 120 456
59 120 40
59 120 72
59 120 104
59 120 136
59 120 168
59 120 200
59 120 232
59 120 264
59 120 296
59 120 328
59 120 360
59 120 392
59 120 424
59 120 456
59 119 40
59 119 72
59 119 104
59 119 136
59 119 168
59 119 200
59 119 232
59 119 264
59 119 296
59 119 328
59 119 360
59 119 392
59 119 424
59 119 456
59 118 40
59 118 72
59 118 104
59 118 136
59 118 168
59 118 200
59 118 232
59 118 264
59 118 296
59 118 328
59 118 360
59 118 392
59 118 424
60 118 40
60 118 72
60 118 104
60 118 136
60 118 168
60 118 200
60 118 232
60 118 264
60 118 296
60 118 328
60 118 360
60 118 392
60 118 424
60 117 40
60 117 72
60 117 104
60 117 136
60 117 168
60 117 200
60 117 232
60 117 264
60 117 296
60 117 328
60 117 360
60 117 392
60 117 424
61 117 40
61 117 72
61 117 104
61 117 136
61 117 168
61 117 200
61 117 232
61 117 264
61 117 296
61 117 328
61 117 360
61 117 392
61 117 424
61 116 40
61 116 72
61 116 104
61 116 136
61 116 168
61 116 200
61 116 232
61 116 264
61 116 296
61 116 328
61 116 360
61 116 392
62 116 40
62 116 72
62 116 104
62 116 136
62 116 168
62 116 200
62 116 232
62 116 264
62 116 296
62 116 328
62 116 360
62 116 392
62 115 40
62 115 72
62 115 104
62 115 136
62 115 168
62 115 200
62 115 232
62 115 264
62 115 296
62 115 328
62 115 360
62 115 392
63 115 40
63 115 72
63 115 104
63 115 136
63 115 168
63 115 200
63 115 232
63 115 264
63 115 296
63 115 328
63 115 360
63 115 392
63 114 40
63 114 72
63 114 104
63 114 136
63 114 168
63 114 200
63 114 232
63 114 264
63 114 296
63 114 328
63 114 360
64 114 40
64 114 72
64 114 104
64 114 136
64 114 168
64 114 200
64 114 232
64 114 264
64 114 296
64 114 328
64 114 360
64 113 40
64 113 72
64 113 104
64 113 136
64 113 168
64 113 200
64 113 232
64 113 264
64 113 296
64 113 328
65 113 40
65 113 72
65 113 104
65 113 136
65 113 168
65 113 200
65 113 232
65 113 264
65 113 296
65 113 328
65 112 40
65 112 72
65 112 104
65 112 136
65 112 168
65 112 200
65 112 232
65 112 264
65 112 296
66 112 40
66 112 72
66 112 104
66 112 136
66 112 168
66 112 200
66 112 232
66 111 40
66 111 72
66 111 104
66 111 136
66 111 168
66 111 200
67 111 40
67 111 72
67 111 104
67 111 136
67 111 168
67 110 40
67 110 72
67 110 104
67 110 136
68 110 40
68 110 72
68 110 104
68 109 40
68 109 72
70 109 40
70 109 72
71 109 40
71 109 72
72 109 40
73 109 40
74 109 40
75 109 40
76 109 40
77 109 40
78 109 40
79 109 40
80 109 40
81 109 40
81 109 72
82 109 40
82 109 72
83 109 40
83 109 72
84 109 40
84 109 72
84 109 104
85 109 40
85 109 72
85 109 104
86 109 40
86 109 72
86 109 104
86 109 136
87 109 40
87 109 72
87 109 104
87 109 136
88 109 40
88 109 72
88 109 104
88 109 136
89 109 40
89 109 72
89 109 104
90 109 40
90 109 72
90 109 104
90 109 136
90 109 168
91 109 40
91 109 72
91 109 104
91 109 136
91 109 168
92 109 40
92 109 72
92 109 104
92 109 136
92 109 168
93 109 40
93 109 72
93 109 104
93 109 136
93 109 168
94 109 40
94 109 72
94 109 104
94 109 136
94 109 168
95 109 40
95 109 72
95 109 104
95 109 136
95 109 168
96 109 40
96 109 72
96 109 104
96 109 136
96 109 168
97 109 40
97 109 72
97 109 104
97 109 136
97 109 168
98 109 40
98 109 72
98 109 104
98 109 136
98 109 168
99 109 40
99 109 72
99 109 104
99 109 136
100 109 40
100 109 72
100 109 104
100 109 136
101 109 40
101 109 72
101 109 104
102 109 40
102 109 72
102 109 104
103 109 40
103 109 72
104 109 40
104 109 72
105 109 40
105 109 72
106 109 40
106 109 72
107 109 40
107 109 72
108 109 40
108 109 72
109 110 40
109 110 72
109 111 40
109 111 72
109 112 40
109 112 72
109 113 40
109 114 40
109 115 40
109 116 40
109 117 40
109 118 40
109 119 40
109 120 40
109 121 40
109 122 40
109 123 40
109 124 40
109 125 40
109 126 40
109 127 40
109 128 40
109 128 72
109 130 40
109 130 72
35 118 40
35 118 72
35 118 104
35 118 136
36 118 40
36 118 72
36 118 104
37 118 40
37 118 72
37 118 104
38 118 40
38 118 72
38 118 104
39 118 40
39 118 72
39 118 104
39 119 40
39 119 72
39 119 104
39 120 40
39 120 72
39 120 104
40 120 40
40 120 72
40 120 104
40 120 136
40 121 40
40 121 72
40 121 104
40 121 136
41 121 40
41 121 72
41 121 104
41 121 136
42 121 40
42 121 72
42 121 104
42 121 136
42 122 40
42 122 72
42 122 104
42 122 136
43 122 40
43 122 72
43 122 104
43 122 136
43 123 40
43 123 72
43 123 104
43 123 136
44 123 40
44 123 72
44 123 104
44 123 136
44 124 40
44 124 72
44 124 104
45 124 40
45 124 72
45 124 104
45 124 136
45 125 40
45 125 72
45 125 104
45 126 40
45 126 72
46 126 40
46 126 72
46 127 40
46 127 72
47 127 40
47 127 72
47 128 40
47 128 72
48 128 40
48 128 72
48 129 40
48 129 72
41 64 40
42 64 40
43 64 40
44 64 40
45 64 40
45 65 40
46 65 40
46 66 40
47 66 40
47 67 40
48 67 40
48 68 40
49 68 40
50 69 40
50 70 40
51 70 40
51 71 40
52 71 40
52 72 40
52 72 72
53 72 40
53 72 72
53 73 40
53 73 72
53 74 40
53 74 72
54 74 40
54 74 72
54 74 104
54 75 40
54 75 72
54 75 104
55 75 40
55 75 72
55 75 104
55 75 136
55 76 40
55 76 72
55 76 104
55 76 136
55 76 168
56 76 40
56 76 72
56 76 104
56 76 136
56 76 168
56 77 40
56 77 72
56 77 104
56 77 136
56 77 168
56 77 200
57 77 40
57 77 72
57 77 104
57 77 136
57 77 168
57 77 200
57 77 232
57 78 40
57 78 72
57 78 104
57 78 136
57 78 168
57 78 200
57 78 232
58 78 40
58 78 72
58 78 104
58 78 136
58 78 168
58 78 200
58 78 232
58 78 264
59 78 40
59 78 72
59 78 104
59 78 136
59 78 168
59 78 200
59 78 232
59 78 264
59 78 296
59 79 40
59 79 72
59 79 104
59 79 136
59 79 168
59 79 200
59 79 232
59 79 264
59 79 296
59 79 328
59 80 40
59 80 72
59 80 104
59 80 136
59 80 168
59 80 200
59 80 232
59 80 264
59 80 296
59 80 328
59 81 40
59 81 72
59 81 104
59 81 136
59 81 168
59 81 200
59 81 232
59 81 264
59 81 296
59 81 328
59 82 40
59 82 72
59 82 104
59 82 136
59 82 168
59 82 200
59 82 232
59 82 264
59 82 296
59 83 40
59 83 72
59 83 104
59 83 136
59 83 168
59 83 200
59 83 232
59 83 264
59 83 296
59 84 40
59 84 72
59 84 104
59 84 136
59 84 168
59 84 200
59 84 232
59 84 264
59 84 296
59 85 40
59 85 72
59 85 104
59 85 136
59 85 168
59 85 200
59 85 232
59 85 264
59 85 296
59 86 40
59 86 72
59 86 104
59 86 136
59 86 168
59 86 200
59 86 232
59 86 264
59 87 40
59 87 72
59 87 104
59 87 136
59 87 168
59 87 200
59 87 232
59 87 264
59 88 40
59 88 72
59 88 104
59 88 136
59 88 168
59 88 200
59 88 232
59 89 40
59 89 72
59 89 104
59 89 136
59 89 168
59 89 200
59 89 232
59 90 40
59 90 72
59 90 104
59 90 136
59 90 168
59 90 200
59 91 40
59 91 72
59 91 104
59 91 136
59 91 168
59 92 40
59 92 72
59 92 104
59 92 136
59 93 40
59 93 72
59 93 104
59 94 40
59 94 72
59 94 104
59 95 40
59 95 72
59 96 40
59 96 72
59 97 40
59 97 72
59 97 104
59 98 40
59 98 72
59 98 104
59 99 40
59 99 72
59 99 104
59 100 40
59 100 72
59 100 104
59 100 136
60 100 40
60 100 72
60 100 104
60 101 40
60 101 72
60 101 104
60 101 136
61 101 40
61 101 72
61 101 104
62 101 40
62 101 72
62 101 104
62 102 40
62 102 72
62 102 104
62 103 40
62 103 72
62 103 104
62 103 136
63 103 40
63 103 72
63 103 104
64 103 40
64 103 72
64 104 40
64 104 72
64 104 104
65 104 40
65 104 72
65 105 40
65 105 72
65 105 104
65 106 40
65 106 72
65 106 104
66 106 40
66 106 72
67 106 40
67 106 72
67 107 40
67 107 72
68 107 40
68 107 72
68 108 40
68 108 72
53 11 40
53 11 72
52 11 40
52 11 72
51 11 40
51 11 72
50 11 40
50 11 72
49 11 40
49 11 72
49 12 40
49 12 72
49 13 40
49 13 72
49 13 104
49 14 40
49 14 72
49 14 104
49 15 40
49 15 72
49 15 104
49 16 40
49 16 72
49 16 104
49 16 136
49 17 40
49 17 72
49 17 104
49 17 136
49 18 40
49 18 72
49 18 104
49 18 136
49 19 40
49 19 72
49 19 104
49 19 136
49 20 40
49 20 72
49 20 104
49 20 136
49 20 168
49 21 40
49 21 72
49 21 104
49 21 136
49 21 168
49 22 40
49 22 72
49 22 104
49 22 136
49 22 168
49 23 40
49 23 72
49 23 104
49 23 136
49 23 168
49 24 40
49 24 72
49 24 104
49 24 136
49 24 168
49 24 200
49 25 40
49 25 72
49 25 104
49 25 136
49 25 168
49 25 200
49 25 232
49 26 40
49 26 72
49 26 104
49 26 136
49 26 168
49 26 200
49 26 232
49 27 40
49 27 72
49 27 104
49 27 136
49 27 168
49 27 200
49 27 232
49 27 264
49 28 40
49 28 72
49 28 104
49 28 136
49 28 168
49 28 200
49 28 232
49 28 264
49 28 296
49 29 40
49 29 72
49 29 104
49 29 136
49 29 168
49 29 200
49 29 232
49 29 264
49 29 296
49 29 328
49 30 40
49 30 72
49 30 104
49 30 136
49 30 168
49 30 200
49 30 232
49 30 264
49 30 296
49 30 328
49 30 360
49 31 40
49 31 72
49 31 104
49 31 136
49 31 168
49 31 200
49 31 232
49 31 264
49 31 296
49 31 328
49 31 360
49 32 40
49 32 72
49 32 104
49 32 136
49 32 168
49 32 200
49 32 232
49 32 264
49 32 296
49 32 328
49 32 360
49 33 40
49 33 72
49 33 104
49 33 136
49 33 168
49 33 200
49 33 232
49 33 264
49 33 296
49 33 328
49 33 360
49 34 40
49 34 72
49 34 104
49 34 136
49 34 168
49 34 200
49 34 232
49 34 264
49 34 296
49 34 328
49 34 360
49 35 40
49 35 72
49 35 104
49 35 136
49 35 168
49 35 200
49 35 232
49 35 264
49 35 296
49 35 328
49 36 40
49 36 72
49 36 104
49 36 136
49 36 168
49 36 200
49 36 232
49 36 264
49 36 296
49 37 40
49 37 72
49 37 104
49 37 136
49 37 168
49 37 200
49 37 232
49 37 264
49 38 40
49 38 72
49 38 104
49 38 136
49 38 168
49 38 200
49 38 232
49 39 40
49 39 72
49 39 104
49 39 136
49 39 168
49 40 40
49 40 72
49 40 104
49 40 136
49 40 168
49 41 40
49 41 72
49 41 104
49 41 136
49 42 40
49 42 72
49 42 104
49 43 40
49 43 72
49 43 104
49 44 40
49 44 72
49 44 104
49 45 40
49 45 72
49 46 40
49 46 72
49 47 40
49 47 72
49 48 40
49 48 72
49 50 40
49 50 72
49 51 40
49 52 40
49 53 40
49 54 40
49 55 40
49 56 40
49 57 40
49 58 40
49 59 40
49 60 40
49 61 40
49 62 40
49 63 40
49 64 40
49 65 40
49 66 40
49 67 40
112 13 40
112 13 72
112 13 104
112 13 136
112 13 168
112 13 200
111 13 40
111 13 72
111 13 104
111 13 136
111 13 168
111 13 200
110 13 40
110 13 72
110 13 104
110 13 136
110 13 168
110 13 200
109 13 40
109 13 72
109 13 104
109 13 136
109 13 168
109 13 200
108 13 40
108 13 72
108 13 104
108 13 136
108 13 168
108 13 200
107 13 40
107 13 72
107 13 104
107 13 136
107 13 168
107 13 200
106 13 40
106 13 72
106 13 104
106 13 136
106 13 168
106 13 200
106 13 232
105 13 40
105 13 72
105 13 104
105 13 136
105 13 168
105 13 200
105 13 232
104 13 40
104 13 72
104 13 104
104 13 136
104 13 168
104 13 200
104 13 232
104 13 264
103 13 40
103 13 72
103 13 104
103 13 136
103 13 168
103 13 200
103 13 232
103 13 264
102 13 40
102 13 72
102 13 104
102 13 136
102 13 168
102 13 200
102 13 232
102 13 264
102 13 296
101 13 40
101 13 72
101 13 104
101 13 136
101 13 168
101 13 200
101 13 232
101 13 264
101 13 296
101 13 328
100 13 40
100 13 72
100 13 104
100 13 136
100 13 168
100 13 200
100 13 232
100 13 264
100 13 296
100 13 328
99 13 40
99 13 72
99 13 104
99 13 136
99 13 168
99 13 200
99 13 232
99 13 264
99 13 296
99 13 328
99 13 360
98 13 40
98 13 72
98 13 104
98 13 136
98 13 168
98 13 200
98 13 232
98 13 264
98 13 296
98 13 328
98 13 360
98 13 392
97 13 40
97 13 72
97 13 104
97 13 136
97 13 168
97 13 200
97 13 232
97 13 264
97 13 296
97 13 328
97 13 360
97 13 392
96 13 40
96 13 72
96 13 104
96 13 136
96 13 168
96 13 200
96 13 232
96 13 264
96 13 296
96 13 328
96 13 360
96 13 392
96 13 424
95 13 40
95 13 72
95 13 104
95 13 136
95 13 168
95 13 200
95 13 232
95 13 264
95 13 296
95 13 328
95 13 360
95 13 392
95 13 424
94 13 40
94 13 72
94 13 104
94 13 136
94 13 168
94 13 200
94 13 232
94 13 264
94 13 296
94 13 328
94 13 360
94 13 392
94 13 424
94 13 456
93 13 40
93 13 72
93 13 104
93 13 136
93 13 168
93 13 200
93 13 232
93 13 264
93 13 296
93 13 328
93 13 360
93 13 392
93 13 424
93 13 456
92 13 40
92 13 72
92 13 104
92 13 136
92 13 168
92 13 200
92 13 232
92 13 264
92 13 296
92 13 328
92 13 360
92 13 392
92 13 424
92 13 456
91 13 40
91 13 72
91 13 104
91 13 136
91 13 168
91 13 200
91 13 232
91 13 264
91 13 296
91 13 328
91 13 360
91 13 392
91 13 424
91 13 456
90 13 40
90 13 72
90 13 104
90 13 136
90 13 168
90 13 200
90 13 232
90 13 264
90 13 296
90 13 328
90 13 360
90 13 392
90 13 424
90 13 456
89 13 40
89 13 72
89 13 104
89 13 136
89 13 168
89 13 200
89 13 232
89 13 264
89 13 296
89 13 328
89 13 360
89 13 392
89 13 424
88 13 40
88 13 72
88 13 104
88 13 136
88 13 168
88 13 200
88 13 232
88 13 264
88 13 296
88 13 328
88 13 360
88 13 392
87 13 40
87 13 72
87 13 104
87 13 136
87 13 168
87 13 200
87 13 232
87 13 264
87 13 296
87 13 328
87 13 360
87 13 392
86 13 40
86 13 72
86 13 104
86 13 136
86 13 168
86 13 200
86 13 232
86 13 264
86 13 296
86 13 328
86 13 360
85 13 40
85 13 72
85 13 104
85 13 136
85 13 168
85 13 200
85 13 232
85 13 264
85 13 296
84 13 40
84 13 72
84 13 104
84 13 136
84 13 168
84 13 200
84 13 232
84 13 264
83 13 40
83 13 72
83 13 104
83 13 136
83 13 168
83 13 200
83 13 232
82 13 40
82 13 72
82 13 104
82 13 136
82 13 168
82 13 200
81 13 40
81 13 72
81 13 104
81 13 136
81 13 168
81 13 200
80 13 40
80 13 72
80 13 104
80 13 136
80 13 168
80 13 200
79 13 40
79 13 72
79 13 104
79 13 136
79 13 168
79 13 200
78 13 40
78 13 72
78 13 104
78 13 136
78 13 168
78 13 200
77 13 40
77 13 72
77 13 104
77 13 136
77 13 168
77 13 200
76 13 40
76 13 72
76 13 104
76 13 136
76 13 168
76 13 200
76 13 232
75 13 40
75 13 72
75 13 104
75 13 136
75 13 168
75 13 200
75 13 232
74 13 40
74 13 72
74 13 104
74 13 136
74 13 168
74 13 200
74 13 232
73 13 40
73 13 72
73 13 104
73 13 136
73 13 168
73 13 200
73 13 232
72 13 40
72 13 72
72 13 104
72 13 136
72 13 168
72 13 200
72 13 232
71 13 40
71 13 72
71 13 104
71 13 136
71 13 168
71 13 200
71 13 232
70 13 40
70 13 72
70 13 104
70 13 136
70 13 168
70 13 200
70 13 232
69 13 40
69 13 72
69 13 104
69 13 136
69 13 168
69 13 200
69 13 232
68 13 40
68 13 72
68 13 104
68 13 136
68 13 168
68 13 200
68 13 232
67 13 40
67 13 72
67 13 104
67 13 136
67 13 168
67 13 200
67 13 232
66 13 40
66 13 72
66 13 104
66 13 136
66 13 168
66 13 200
66 13 232
66 13 264
65 13 40
65 13 72
65 13 104
65 13 136
65 13 168
65 13 200
65 13 232
65 13 264
64 13 40
64 13 72
64 13 104
64 13 136
64 13 168
64 13 200
64 13 232
63 13 40
63 13 72
63 13 104
63 13 136
63 13 168
63 13 200
63 13 232
62 13 40
62 13 72
62 13 104
62 13 136
62 13 168
62 13 200
61 13 40
61 13 72
61 13 104
61 13 136
61 13 168
61 13 200
60 13 40
60 13 72
60 13 104
60 13 136
60 13 168
59 13 40
59 13 72
59 13 104
59 13 136
58 13 40
58 13 72
58 13 104
58 13 136
57 13 40
57 13 72
57 13 104
56 13 40
56 13 72
56 13 104
55 13 40
55 13 72
55 13 104
54 13 40
54 13 72
54 13 104
54 12 40
54 12 72
