9 9 100
9 29 100
9 49 100
9 69 100
9 89 100
9 109 100
9 129 100
9 149 100
9 169 100
9 189 100
29 9 100
29 29 100
29 49 100
29 69 100
29 89 100
29 109 100
29 129 100
29 149 100
29 169 100
29 189 100
49 9 100
49 29 100
49 49 100
49 69 100
49 89 100
49 109 100
49 129 100
49 149 100
49 169 100
49 189 100
69 9 100
69 29 100
69 49 100
69 69 100
69 89 100
69 109 100
69 129 100
69 149 100
69 169 100
69 189 100
89 9 100
89 29 100
89 49 100
89 69 100
89 89 100
89 109 100
89 129 100
89 149 100
89 169 100
89 189 100
109 9 100
109 29 100
109 49 100
109 69 100
109 89 100
109 109 100
109 129 100
109 149 100
109 169 100
109 189 100
129 9 100
129 29 100
129 49 100
129 69 100
129 89 100
129 109 100
129 129 100
129 149 100
129 169 100
129 189 100
149 9 100
149 29 100
149 49 100
149 69 100
149 89 100
149 109 100
149 129 100
149 149 100
149 169 100
149 189 100
169 9 100
169 29 100
169 49 100
169 69 100
169 89 100
169 109 100
169 129 100
169 149 100
169 169 100
169 189 100
189 9 100
189 29 100
189 49 100
189 69 100
189 89 100
189 109 100
189 129 100
189 149 100
189 169 100
189 189 100
9 9 100
9 29 100
9 49 100
9 69 100
9 89 100
9 129 100
9 149 100
9 169 100
29 29 100
29 49 100
29 69 100
29 89 100
29 129 100
29 149 100
29 169 100
29 189 100
49 9 100
49 109 100
49 129 100
69 29 100
69 69 100
69 109 100
69 149 100
69 189 100
89 9 100
89 29 100
89 69 100
89 89 100
89 189 100
109 29 100
109 69 100
109 109 100
109 129 100
109 189 100
129 9 100
129 29 100
129 49 100
129 109 100
129 169 100
129 189 100
149 69 100
149 149 100
149 169 100
169 9 100
169 69 100
169 89 100
169 129 100
169 149 100
169 169 100
169 189 100
189 49 100
189 89 100
189 109 100
189 129 100
112 168 40
65 135 40
40 155 40
25 0 40
25 0 42
25 0 44
25 0 46
61 199 40
7 178 40
7 178 42
7 178 44
193 24 40
160 46 40
1 57 40
138 56 40
138 56 42
138 56 44
138 56 46
138 56 48
139 140 40
49 77 40
82 116 40
83 116 40
84 116 40
85 116 40
86 116 40
86 117 40
86 118 40
86 119 40
86 120 40
86 121 40
86 122 40
86 123 40
86 124 40
86 125 40
86 126 40
86 127 40
86 128 40
86 129 40
85 129 40
84 129 40
83 129 40
82 129 40
81 129 40
80 129 40
79 129 40
78 129 40
77 129 40
76 129 40
75 129 40
74 129 40
73 129 40
72 129 40
71 129 40
70 129 40
69 130 40
68 130 40
68 131 40
67 131 40
67 132 40
66 132 40
66 133 40
65 133 40
65 134 40
138 140 40
137 140 40
136 140 40
135 140 40
134 140 40
133 140 40
133 141 40
133 142 40
133 143 40
133 144 40
132 144 40
132 145 40
132 146 40
131 146 40
131 147 40
130 147 40
130 148 40
129 148 40
128 149 40
127 149 40
126 149 40
125 149 40
124 149 40
123 149 40
122 149 40
121 149 40
120 149 40
119 149 40
118 149 40
117 149 40
116 149 40
115 149 40
114 149 40
113 149 40
112 149 40
111 149 40
110 149 40
109 150 40
109 151 40
109 152 40
109 153 40
109 154 40
109 155 40
109 156 40
109 157 40
109 158 40
109 159 40
109 160 40
109 161 40
109 162 40
109 163 40
109 164 40
109 165 40
109 166 40
109 167 40
109 168 40
110 168 40
111 168 40
7 179 40
7 179 42
7 179 44
7 180 40
7 180 42
7 180 44
7 181 40
7 181 42
7 182 40
7 182 42
7 183 40
7 183 42
7 184 40
7 184 42
7 185 40
7 185 42
7 186 40
7 186 42
7 187 40
7 187 42
7 188 40
7 188 42
7 189 40
7 189 42
8 189 40
8 189 42
10 189 40
11 189 40
12 189 40
13 189 40
14 189 40
15 189 40
16 189 40
17 189 40
18 189 40
19 189 40
20 189 40
21 189 40
22 189 40
23 189 40
23 189 42
24 189 40
24 189 42
25 189 40
25 189 42
26 189 40
26 189 42
26 189 44
27 189 40
27 189 42
27 189 44
28 189 40
28 189 42
28 189 44
28 189 46
30 189 40
30 189 42
30 189 44
31 189 40
31 189 42
31 189 44
32 189 40
32 189 42
33 189 40
33 189 42
34 189 40
35 189 40
36 189 40
37 189 40
38 189 40
39 189 40
40 189 40
41 189 40
42 189 40
43 189 40
44 189 40
45 189 40
46 189 40
47 189 40
48 189 40
49 188 40
49 187 40
49 186 40
49 185 40
49 184 40
49 183 40
49 182 40
49 181 40
49 180 40
49 179 40
49 178 40
49 177 40
49 176 40
49 175 40
49 174 40
49 173 40
49 172 40
49 171 40
49 170 40
49 168 40
48 168 40
48 167 40
47 167 40
47 166 40
47 165 40
47 164 40
47 163 40
47 162 40
47 161 40
47 160 40
47 159 40
47 158 40
47 157 40
47 156 40
47 155 40
46 155 40
45 155 40
44 155 40
43 155 40
42 155 40
41 155 40
60 199 40
59 199 40
58 199 40
57 199 40
56 199 40
55 199 40
54 199 40
54 198 40
54 197 40
54 196 40
54 195 40
54 194 40
53 194 40
53 193 40
52 193 40
52 192 40
51 192 40
51 191 40
50 191 40
50 190 40
49 190 40
49 78 40
49 79 40
49 80 40
49 81 40
49 82 40
49 83 40
49 84 40
49 85 40
49 86 40
49 87 40
49 88 40
50 89 40
51 89 40
52 89 40
53 89 40
54 89 40
55 89 40
56 89 40
57 89 40
58 89 40
59 89 40
60 89 40
61 89 40
62 89 40
63 89 40
64 89 40
65 89 40
66 89 40
67 89 40
68 89 40
69 90 40
69 90 42
70 90 40
70 90 42
70 91 40
70 91 42
71 91 40
71 91 42
72 91 40
72 91 42
72 92 40
72 92 42
72 92 44
73 92 40
73 92 42
73 92 44
73 93 40
73 93 42
73 93 44
74 93 40
74 93 42
74 93 44
74 94 40
74 94 42
74 94 44
74 95 40
74 95 42
74 95 44
74 95 46
75 95 40
75 95 42
75 95 44
75 95 46
75 96 40
75 96 42
75 96 44
75 96 46
76 96 40
76 96 42
76 96 44
76 96 46
76 97 40
76 97 42
76 97 44
76 97 46
77 97 40
77 97 42
77 97 44
77 97 46
77 98 40
77 98 42
77 98 44
77 98 46
77 98 48
78 98 40
78 98 42
78 98 44
78 98 46
78 98 48
79 98 40
79 98 42
79 98 44
79 98 46
79 98 48
79 99 40
79 99 42
79 99 44
79 99 46
79 99 48
80 99 40
80 99 42
80 99 44
80 99 46
80 99 48
80 100 40
80 100 42
80 100 44
80 100 46
80 100 48
81 100 40
81 100 42
81 100 44
81 100 46
81 100 48
81 101 40
81 101 42
81 101 44
81 101 46
81 102 40
81 102 42
81 102 44
81 102 46
82 102 40
82 102 42
82 102 44
82 102 46
83 102 40
83 102 42
83 102 44
83 103 40
83 103 42
83 103 44
84 103 40
84 103 42
84 104 40
84 104 42
84 105 40
84 105 42
85 105 40
85 106 40
86 106 40
86 107 40
87 107 40
87 108 40
87 109 40
87 110 40
87 111 40
87 112 40
86 112 40
86 113 40
86 114 40
86 115 40
138 57 40
138 57 42
138 57 44
138 57 46
138 57 48
138 58 40
138 58 42
138 58 44
138 58 46
138 58 48
138 59 40
138 59 42
138 59 44
138 59 46
138 59 48
138 60 40
138 60 42
138 60 44
138 60 46
138 60 48
137 60 40
137 60 42
137 60 44
137 60 46
137 60 48
137 61 40
137 61 42
137 61 44
137 61 46
137 61 48
137 62 40
137 62 42
137 62 44
137 62 46
137 62 48
136 62 40
136 62 42
136 62 44
136 62 46
135 62 40
135 62 42
135 62 44
135 62 46
135 63 40
135 63 42
135 63 44
135 64 40
135 64 42
135 64 44
134 64 40
134 64 42
134 64 44
134 65 40
134 65 42
133 65 40
133 65 42
133 66 40
133 66 42
132 66 40
132 67 40
131 67 40
131 68 40
130 68 40
130 69 40
129 70 40
129 71 40
129 72 40
129 73 40
129 74 40
129 75 40
129 76 40
129 77 40
129 78 40
129 79 40
129 80 40
129 81 40
129 82 40
129 83 40
129 84 40
129 85 40
129 86 40
129 87 40
129 88 40
130 89 40
131 89 40
132 89 40
133 89 40
134 89 40
135 89 40
136 89 40
137 89 40
138 89 40
139 89 40
139 89 42
140 89 40
140 89 42
141 89 40
141 89 42
142 89 40
142 89 42
143 89 40
143 89 42
144 89 40
144 89 42
145 89 40
145 89 42
146 89 40
146 89 42
147 89 40
147 89 42
148 89 40
148 89 42
149 90 40
149 90 42
149 91 40
149 91 42
149 92 40
149 92 42
149 93 40
149 93 42
149 94 40
149 94 42
149 94 44
149 95 40
149 95 42
149 95 44
149 96 40
149 96 42
149 96 44
149 97 40
149 97 42
149 97 44
149 97 46
149 98 40
149 98 42
149 98 44
149 98 46
149 99 40
149 99 42
149 99 44
149 99 46
149 99 48
149 100 40
149 100 42
149 100 44
149 100 46
149 100 48
149 101 40
149 101 42
149 101 44
149 101 46
149 101 48
149 101 50
149 102 40
149 102 42
149 102 44
149 102 46
149 102 48
149 102 50
149 103 40
149 103 42
149 103 44
149 103 46
149 103 48
149 103 50
149 104 40
149 104 42
149 104 44
149 104 46
149 104 48
149 104 50
149 105 40
149 105 42
149 105 44
149 105 46
149 105 48
149 106 40
149 106 42
149 106 44
149 106 46
149 107 40
149 107 42
149 107 44
149 108 40
149 108 42
149 108 44
149 110 40
149 110 42
149 111 40
149 112 40
149 113 40
149 114 40
149 115 40
149 116 40
149 117 40
149 118 40
149 119 40
149 120 40
149 121 40
149 122 40
149 123 40
149 124 40
149 125 40
149 126 40
149 127 40
149 128 40
148 129 40
148 130 40
147 130 40
146 130 40
145 130 40
144 130 40
143 130 40
142 130 40
141 130 40
140 130 40
139 130 40
138 130 40
137 130 40
136 130 40
135 130 40
134 130 40
133 130 40
133 131 40
133 132 40
133 133 40
133 134 40
133 135 40
133 136 40
133 137 40
133 138 40
133 139 40
159 46 40
158 46 40
157 46 40
156 46 40
155 46 40
154 46 40
153 46 40
152 46 40
151 46 40
151 47 40
150 47 40
150 48 40
150 49 40
148 49 40
148 50 40
147 50 40
147 51 40
146 51 40
146 52 40
145 52 40
145 53 40
145 54 40
145 54 42
144 54 40
144 54 42
144 55 40
144 55 42
143 55 40
143 55 42
143 55 44
143 56 40
143 56 42
143 56 44
142 56 40
142 56 42
142 56 44
141 56 40
141 56 42
141 56 44
141 56 46
140 56 40
140 56 42
140 56 44
140 56 46
139 56 40
139 56 42
139 56 44
139 56 46
139 56 48
193 25 40
192 25 40
192 26 40
191 26 40
191 27 40
190 27 40
190 28 40
189 28 40
188 29 40
187 29 40
186 29 40
185 29 40
184 29 40
183 29 40
182 29 40
181 29 40
180 29 40
179 29 40
178 29 40
177 29 40
176 29 40
175 29 40
174 29 40
173 29 40
172 29 40
171 29 40
170 29 40
169 30 40
169 31 40
169 32 40
169 33 40
169 34 40
169 35 40
169 36 40
169 37 40
169 38 40
169 39 40
169 40 40
169 41 40
169 42 40
169 43 40
169 44 40
169 45 40
169 46 40
168 46 40
167 46 40
166 46 40
165 46 40
164 46 40
163 46 40
162 46 40
161 46 40
1 58 40
1 59 40
1 60 40
1 61 40
1 62 40
1 63 40
1 64 40
1 65 40
1 66 40
1 67 40
1 68 40
2 68 40
3 68 40
4 68 40
5 68 40
6 68 40
7 68 40
8 68 40
8 68 42
9 68 40
9 68 42
10 68 40
10 68 42
10 68 44
11 68 40
11 68 42
11 68 44
11 68 46
12 68 40
12 68 42
12 68 44
12 68 46
12 68 48
13 68 40
13 68 42
13 68 44
13 68 46
13 68 48
13 68 50
13 68 52
14 68 40
14 68 42
14 68 44
14 68 46
14 68 48
14 68 50
14 68 52
14 68 54
14 68 56
15 68 40
15 68 42
15 68 44
15 68 46
15 68 48
15 68 50
15 68 52
15 68 54
15 68 56
15 68 58
15 68 60
16 68 40
16 68 42
16 68 44
16 68 46
16 68 48
16 68 50
16 68 52
16 68 54
16 68 56
16 68 58
16 68 60
16 68 62
16 68 64
17 68 40
17 68 42
17 68 44
17 68 46
17 68 48
17 68 50
17 68 52
17 68 54
17 68 56
17 68 58
17 68 60
17 68 62
17 68 64
17 68 66
17 68 68
18 68 40
18 68 42
18 68 44
18 68 46
18 68 48
18 68 50
18 68 52
18 68 54
18 68 56
18 68 58
18 68 60
18 68 62
18 68 64
18 68 66
18 68 68
18 68 70
18 68 72
19 68 40
19 68 42
19 68 44
19 68 46
19 68 48
19 68 50
19 68 52
19 68 54
19 68 56
19 68 58
19 68 60
19 68 62
19 68 64
19 68 66
19 68 68
19 68 70
19 68 72
19 68 74
19 68 76
19 68 78
20 68 40
20 68 42
20 68 44
20 68 46
20 68 48
20 68 50
20 68 52
20 68 54
20 68 56
20 68 58
20 68 60
20 68 62
20 68 64
20 68 66
20 68 68
20 68 70
20 68 72
20 68 74
20 68 76
20 68 78
20 68 80
20 68 82
21 68 40
21 68 42
21 68 44
21 68 46
21 68 48
21 68 50
21 68 52
21 68 54
21 68 56
21 68 58
21 68 60
21 68 62
21 68 64
21 68 66
21 68 68
21 68 70
21 68 72
21 68 74
21 68 76
21 68 78
21 68 80
21 68 82
21 68 84
21 68 86
21 68 88
22 68 40
22 68 42
22 68 44
22 68 46
22 68 48
22 68 50
22 68 52
22 68 54
22 68 56
22 68 58
22 68 60
22 68 62
22 68 64
22 68 66
22 68 68
22 68 70
22 68 72
22 68 74
22 68 76
22 68 78
22 68 80
22 68 82
22 68 84
22 68 86
22 68 88
22 68 90
22 68 92
22 68 94
23 68 40
23 68 42
23 68 44
23 68 46
23 68 48
23 68 50
23 68 52
23 68 54
23 68 56
23 68 58
23 68 60
23 68 62
23 68 64
23 68 66
23 68 68
23 68 70
23 68 72
23 68 74
23 68 76
23 68 78
23 68 80
23 68 82
23 68 84
23 68 86
23 68 88
23 68 90
23 68 92
23 68 94
23 68 96
23 68 98
23 68 100
24 68 40
24 68 42
24 68 44
24 68 46
24 68 48
24 68 50
24 68 52
24 68 54
24 68 56
24 68 58
24 68 60
24 68 62
24 68 64
24 68 66
24 68 68
24 68 70
24 68 72
24 68 74
24 68 76
24 68 78
24 68 80
24 68 82
24 68 84
24 68 86
24 68 88
24 68 90
24 68 92
24 68 94
24 68 96
24 68 98
24 68 100
24 68 102
24 68 104
25 68 40
25 68 42
25 68 44
25 68 46
25 68 48
25 68 50
25 68 52
25 68 54
25 68 56
25 68 58
25 68 60
25 68 62
25 68 64
25 68 66
25 68 68
25 68 70
25 68 72
25 68 74
25 68 76
25 68 78
25 68 80
25 68 82
25 68 84
25 68 86
25 68 88
25 68 90
25 68 92
25 68 94
25 68 96
25 68 98
25 68 100
25 68 102
25 68 104
25 68 106
26 68 40
26 68 42
26 68 44
26 68 46
26 68 48
26 68 50
26 68 52
26 68 54
26 68 56
26 68 58
26 68 60
26 68 62
26 68 64
26 68 66
26 68 68
26 68 70
26 68 72
26 68 74
26 68 76
26 68 78
26 68 80
26 68 82
26 68 84
26 68 86
26 68 88
26 68 90
26 68 92
26 68 94
26 68 96
26 68 98
26 68 100
26 68 102
26 68 104
26 68 106
26 68 108
27 68 40
27 68 42
27 68 44
27 68 46
27 68 48
27 68 50
27 68 52
27 68 54
27 68 56
27 68 58
27 68 60
27 68 62
27 68 64
27 68 66
27 68 68
27 68 70
27 68 72
27 68 74
27 68 76
27 68 78
27 68 80
27 68 82
27 68 84
27 68 86
27 68 88
27 68 90
27 68 92
27 68 94
27 68 96
27 68 98
27 68 100
27 68 102
27 68 104
27 68 106
27 68 108
28 68 40
28 68 42
28 68 44
28 68 46
28 68 48
28 68 50
28 68 52
28 68 54
28 68 56
28 68 58
28 68 60
28 68 62
28 68 64
28 68 66
28 68 68
28 68 70
28 68 72
28 68 74
28 68 76
28 68 78
28 68 80
28 68 82
28 68 84
28 68 86
28 68 88
28 68 90
28 68 92
28 68 94
28 68 96
28 68 98
28 68 100
28 68 102
28 68 104
28 68 106
28 68 108
28 68 110
29 68 40
29 68 42
29 68 44
29 68 46
29 68 48
29 68 50
29 68 52
29 68 54
29 68 56
29 68 58
29 68 60
29 68 62
29 68 64
29 68 66
29 68 68
29 68 70
29 68 72
29 68 74
29 68 76
29 68 78
29 68 80
29 68 82
29 68 84
29 68 86
29 68 88
29 68 90
29 68 92
29 68 94
29 68 96
29 68 98
29 68 100
29 68 102
29 68 104
29 68 106
29 68 108
29 68 110
30 68 40
30 68 42
30 68 44
30 68 46
30 68 48
30 68 50
30 68 52
30 68 54
30 68 56
30 68 58
30 68 60
30 68 62
30 68 64
30 68 66
30 68 68
30 68 70
30 68 72
30 68 74
30 68 76
30 68 78
30 68 80
30 68 82
30 68 84
30 68 86
30 68 88
30 68 90
30 68 92
30 68 94
30 68 96
30 68 98
30 68 100
30 68 102
30 68 104
30 68 106
30 68 108
31 68 40
31 68 42
31 68 44
31 68 46
31 68 48
31 68 50
31 68 52
31 68 54
31 68 56
31 68 58
31 68 60
31 68 62
31 68 64
31 68 66
31 68 68
31 68 70
31 68 72
31 68 74
31 68 76
31 68 78
31 68 80
31 68 82
31 68 84
31 68 86
31 68 88
31 68 90
31 68 92
31 68 94
31 68 96
31 68 98
31 68 100
31 68 102
31 68 104
31 68 106
31 68 108
32 68 40
32 68 42
32 68 44
32 68 46
32 68 48
32 68 50
32 68 52
32 68 54
32 68 56
32 68 58
32 68 60
32 68 62
32 68 64
32 68 66
32 68 68
32 68 70
32 68 72
32 68 74
32 68 76
32 68 78
32 68 80
32 68 82
32 68 84
32 68 86
32 68 88
32 68 90
32 68 92
32 68 94
32 68 96
32 68 98
32 68 100
32 68 102
32 68 104
32 68 106
33 68 40
33 68 42
33 68 44
33 68 46
33 68 48
33 68 50
33 68 52
33 68 54
33 68 56
33 68 58
33 68 60
33 68 62
33 68 64
33 68 66
33 68 68
33 68 70
33 68 72
33 68 74
33 68 76
33 68 78
33 68 80
33 68 82
33 68 84
33 68 86
33 68 88
33 68 90
33 68 92
33 68 94
33 68 96
33 68 98
33 68 100
33 68 102
34 68 40
34 68 42
34 68 44
34 68 46
34 68 48
34 68 50
34 68 52
34 68 54
34 68 56
34 68 58
34 68 60
34 68 62
34 68 64
34 68 66
34 68 68
34 68 70
34 68 72
34 68 74
34 68 76
34 68 78
34 68 80
34 68 82
34 68 84
34 68 86
34 68 88
34 68 90
34 68 92
34 68 94
34 68 96
34 68 98
35 68 40
35 68 42
35 68 44
35 68 46
35 68 48
35 68 50
35 68 52
35 68 54
35 68 56
35 68 58
35 68 60
35 68 62
35 68 64
35 68 66
35 68 68
35 68 70
35 68 72
35 68 74
35 68 76
35 68 78
35 68 80
35 68 82
35 68 84
35 68 86
35 68 88
35 68 90
35 68 92
36 68 40
36 68 42
36 68 44
36 68 46
36 68 48
36 68 50
36 68 52
36 68 54
36 68 56
36 68 58
36 68 60
36 68 62
36 68 64
36 68 66
36 68 68
36 68 70
36 68 72
36 68 74
36 68 76
36 68 78
36 68 80
36 68 82
36 68 84
36 68 86
37 68 40
37 68 42
37 68 44
37 68 46
37 68 48
37 68 50
37 68 52
37 68 54
37 68 56
37 68 58
37 68 60
37 68 62
37 68 64
37 68 66
37 68 68
37 68 70
37 68 72
37 68 74
37 68 76
37 68 78
38 68 40
38 68 42
38 68 44
38 68 46
38 68 48
38 68 50
38 68 52
38 68 54
38 68 56
38 68 58
38 68 60
38 68 62
38 68 64
38 68 66
38 68 68
38 68 70
39 68 40
39 68 42
39 68 44
39 68 46
39 68 48
39 68 50
39 68 52
39 68 54
39 68 56
39 68 58
39 68 60
39 68 62
39 68 64
40 68 40
40 68 42
40 68 44
40 68 46
40 68 48
40 68 50
40 68 52
40 68 54
40 68 56
40 68 58
41 68 40
41 68 42
41 68 44
41 68 46
41 68 48
41 68 50
41 68 52
41 68 54
42 68 40
42 68 42
42 68 44
42 68 46
42 68 48
42 68 50
43 68 40
43 68 42
43 68 44
43 68 46
44 68 40
44 68 42
44 68 44
45 68 40
45 68 42
46 68 40
46 68 42
47 68 40
48 68 40
49 68 40
49 70 40
49 71 40
49 72 40
49 73 40
49 74 40
49 75 40
49 76 40
