9 9 100
9 29 100
9 49 100
9 69 100
9 89 100
9 109 100
9 129 100
9 149 100
9 169 100
9 189 100
29 9 100
29 29 100
29 49 100
29 69 100
29 89 100
29 109 100
29 129 100
29 149 100
29 169 100
29 189 100
49 9 100
49 29 100
49 49 100
49 69 100
49 89 100
49 109 100
49 129 100
49 149 100
49 169 100
49 189 100
69 9 100
69 29 100
69 49 100
69 69 100
69 89 100
69 109 100
69 129 100
69 149 100
69 169 100
69 189 100
89 9 100
89 29 100
89 49 100
89 69 100
89 89 100
89 109 100
89 129 100
89 149 100
89 169 100
89 189 100
109 9 100
109 29 100
109 49 100
109 69 100
109 89 100
109 109 100
109 129 100
109 149 100
109 169 100
109 189 100
129 9 100
129 29 100
129 49 100
129 69 100
129 89 100
129 109 100
129 129 100
129 149 100
129 169 100
129 189 100
149 9 100
149 29 100
149 49 100
149 69 100
149 89 100
149 109 100
149 129 100
149 149 100
149 169 100
149 189 100
169 9 100
169 29 100
169 49 100
169 69 100
169 89 100
169 109 100
169 129 100
169 149 100
169 169 100
169 189 100
189 9 100
189 29 100
189 49 100
189 69 100
189 89 100
189 109 100
189 129 100
189 149 100
189 169 100
189 189 100
9 49 100
9 69 100
9 89 100
9 109 100
9 129 100
9 149 100
9 169 100
9 189 100
29 29 100
29 49 100
29 69 100
29 149 100
29 169 100
49 29 100
49 49 100
49 69 100
69 9 100
69 29 100
69 49 100
69 69 100
89 9 100
89 29 100
89 49 100
89 69 100
109 9 100
109 29 100
109 49 100
109 69 100
109 109 100
129 9 100
129 29 100
129 89 100
129 109 100
129 129 100
149 89 100
149 109 100
149 129 100
169 89 100
169 109 100
169 129 100
169 149 100
189 69 100
189 89 100
189 109 100
189 129 100
189 149 100
189 189 100
85 126 40
123 190 40
197 154 40
197 154 168
143 14 40
191 1 40
170 64 40
170 64 168
54 180 40
54 181 40
54 182 40
54 183 40
54 184 40
54 185 40
54 186 40
54 187 40
55 187 40
56 187 40
57 187 40
58 187 40
59 187 40
60 187 40
61 187 40
62 187 40
63 187 40
64 187 40
65 187 40
66 187 40
67 187 40
68 187 40
68 188 40
69 188 40
70 189 40
71 189 40
72 189 40
73 189 40
74 189 40
75 189 40
76 189 40
77 189 40
78 189 40
79 189 40
80 189 40
81 189 40
82 189 40
83 189 40
84 189 40
85 189 40
86 189 40
87 189 40
88 189 40
90 189 40
91 189 40
92 189 40
93 189 40
94 189 40
95 189 40
96 189 40
97 189 40
98 189 40
99 189 40
100 189 40
101 189 40
102 189 40
103 189 40
104 189 40
105 189 40
106 189 40
107 189 40
108 189 40
110 189 40
110 190 40
111 190 40
112 190 40
113 190 40
114 190 40
115 190 40
116 190 40
117 190 40
118 190 40
119 190 40
120 190 40
121 190 40
122 190 40
170 65 40
170 65 168
170 66 40
170 66 168
170 67 40
170 67 168
170 68 40
170 68 168
169 68 40
169 68 168
168 69 40
168 69 168
167 69 40
167 69 168
166 69 40
166 69 168
165 69 40
165 69 168
164 69 40
164 69 168
163 69 40
163 69 168
162 69 40
162 69 168
161 69 40
161 69 168
160 69 40
160 69 168
159 69 40
159 69 168
158 69 40
158 69 168
157 69 40
157 69 168
156 69 40
156 69 168
155 69 40
155 69 168
154 69 40
154 69 168
153 69 40
153 69 168
152 69 40
152 69 168
151 69 40
150 69 40
148 69 40
147 69 40
146 69 40
145 69 40
145 69 168
144 69 40
144 69 168
143 69 40
143 69 168
142 69 40
142 69 168
141 69 40
141 69 168
140 69 40
140 69 168
139 69 40
138 69 40
137 69 40
136 69 40
135 69 40
134 69 40
133 69 40
132 69 40
132 69 168
131 69 40
131 69 168
130 69 40
130 69 168
129 70 40
129 70 168
128 70 40
128 70 168
127 70 40
127 70 168
126 70 40
126 70 168
125 70 40
125 70 168
124 70 40
124 70 168
123 70 40
123 70 168
122 70 40
122 70 168
121 70 40
121 70 168
120 70 40
120 70 168
119 70 40
119 70 168
118 70 40
118 70 168
117 70 40
117 70 168
116 70 40
116 70 168
115 70 40
115 70 168
114 70 40
114 70 168
113 70 40
113 70 168
112 70 40
112 70 168
111 70 40
111 70 168
110 70 40
110 70 168
110 71 40
110 71 168
110 72 40
110 72 168
110 73 40
110 73 168
110 74 40
110 74 168
110 75 40
110 75 168
110 76 40
110 76 168
110 76 296
110 77 40
110 77 168
110 77 296
110 78 40
110 78 168
110 79 40
110 79 168
110 80 40
110 80 168
110 81 40
110 81 168
110 82 40
110 82 168
110 83 40
110 83 168
110 84 40
110 84 168
110 85 40
110 85 168
110 86 40
110 86 168
110 87 40
110 87 168
110 88 40
110 88 168
109 88 40
109 88 168
108 89 40
108 89 168
107 89 40
107 89 168
106 89 40
105 89 40
104 89 40
103 89 40
102 89 40
101 89 40
101 89 168
100 89 40
100 89 168
99 89 40
99 89 168
98 89 40
98 89 168
97 89 40
97 89 168
96 89 40
96 89 168
95 89 40
95 89 168
94 89 40
94 89 168
93 89 40
93 89 168
92 89 40
92 89 168
91 89 40
90 89 40
89 90 40
89 91 40
89 92 40
89 93 40
89 94 40
89 95 40
89 96 40
89 97 40
89 98 40
89 99 40
89 100 40
89 101 40
89 102 40
89 103 40
89 104 40
89 105 40
89 106 40
89 107 40
89 108 40
89 110 40
89 111 40
89 112 40
89 113 40
89 114 40
89 115 40
89 116 40
89 117 40
89 118 40
89 119 40
89 120 40
89 121 40
89 122 40
89 123 40
89 124 40
89 125 40
89 126 40
88 126 40
87 126 40
86 126 40
144 14 40
145 14 40
146 14 40
147 14 40
147 15 40
147 16 40
147 17 40
147 18 40
147 19 40
147 20 40
147 21 40
147 22 40
147 23 40
147 24 40
147 25 40
147 26 40
147 27 40
148 27 40
148 28 40
149 28 40
149 30 40
149 31 40
149 32 40
149 33 40
149 34 40
149 35 40
149 36 40
149 37 40
149 38 40
149 39 40
149 40 40
149 41 40
149 42 40
149 43 40
149 44 40
149 45 40
149 46 40
149 47 40
149 48 40
149 50 40
149 51 40
149 52 40
149 53 40
149 54 40
149 55 40
149 56 40
149 57 40
149 58 40
149 59 40
149 60 40
149 61 40
149 62 40
149 63 40
149 64 40
149 65 40
149 66 40
149 67 40
149 68 40
190 1 40
189 1 40
188 1 40
187 1 40
186 1 40
185 1 40
184 1 40
183 1 40
182 1 40
181 1 40
180 1 40
179 1 40
178 1 40
177 1 40
176 1 40
175 1 40
174 1 40
173 1 40
172 1 40
171 1 40
170 1 40
169 1 40
169 2 40
169 3 40
169 4 40
169 5 40
169 6 40
168 6 40
167 6 40
166 6 40
165 6 40
164 6 40
163 6 40
162 6 40
161 6 40
160 6 40
159 6 40
158 6 40
157 6 40
156 6 40
155 6 40
154 6 40
153 6 40
152 6 40
151 6 40
150 6 40
149 6 40
149 7 40
149 8 40
149 10 40
149 10 168
148 10 40
148 10 168
148 11 40
148 11 168
147 11 40
147 11 168
147 12 40
147 12 168
147 13 40
