9 9 100
9 29 100
9 49 100
9 69 100
9 89 100
9 109 100
9 129 100
9 149 100
9 169 100
9 189 100
29 9 100
29 29 100
29 49 100
29 69 100
29 89 100
29 109 100
29 129 100
29 149 100
29 169 100
29 189 100
49 9 100
49 29 100
49 49 100
49 69 100
49 89 100
49 109 100
49 129 100
49 149 100
49 169 100
49 189 100
69 9 100
69 29 100
69 49 100
69 69 100
69 89 100
69 109 100
69 129 100
69 149 100
69 169 100
69 189 100
89 9 100
89 29 100
89 49 100
89 69 100
89 89 100
89 109 100
89 129 100
89 149 100
89 169 100
89 189 100
109 9 100
109 29 100
109 49 100
109 69 100
109 89 100
109 109 100
109 129 100
109 149 100
109 169 100
109 189 100
129 9 100
129 29 100
129 49 100
129 69 100
129 89 100
129 109 100
129 129 100
129 149 100
129 169 100
129 189 100
149 9 100
149 29 100
149 49 100
149 69 100
149 89 100
149 109 100
149 129 100
149 149 100
149 169 100
149 189 100
169 9 100
169 29 100
169 49 100
169 69 100
169 89 100
169 109 100
169 129 100
169 149 100
169 169 100
169 189 100
189 9 100
189 29 100
189 49 100
189 69 100
189 89 100
189 109 100
189 129 100
189 149 100
189 169 100
189 189 100
9 49 100
9 89 100
9 169 100
9 189 100
29 9 100
29 49 100
29 69 100
29 89 100
29 109 100
29 129 100
29 169 100
29 189 100
49 29 100
49 109 100
49 169 100
49 189 100
69 9 100
69 29 100
69 49 100
69 69 100
69 89 100
69 109 100
69 129 100
69 149 100
89 69 100
89 109 100
89 149 100
89 169 100
89 189 100
109 9 100
109 29 100
109 69 100
109 89 100
109 129 100
109 149 100
109 169 100
129 9 100
129 49 100
129 69 100
129 89 100
129 109 100
129 129 100
129 149 100
129 169 100
149 169 100
149 189 100
169 9 100
169 29 100
169 49 100
169 69 100
169 89 100
169 129 100
169 149 100
169 169 100
189 9 100
189 49 100
189 69 100
189 89 100
189 109 100
189 149 100
189 169 100
13 30 40
54 83 40
173 184 40
143 156 40
194 23 40
33 61 40
103 186 40
182 135 40
80 3 40
113 60 40
34 61 40
35 61 40
36 61 40
37 61 40
38 61 40
39 61 40
40 61 40
41 61 40
42 61 40
43 61 40
44 61 40
44 62 40
45 62 40
45 63 40
45 64 40
46 64 40
46 65 40
46 66 40
47 66 40
47 67 40
48 67 40
48 68 40
49 68 40
49 70 40
50 70 40
50 71 40
51 71 40
51 72 40
51 73 40
51 74 40
51 75 40
51 76 40
51 77 40
51 78 40
51 79 40
51 80 40
51 81 40
51 82 40
51 83 40
52 83 40
53 83 40
81 3 40
82 3 40
83 3 40
84 3 40
85 3 40
86 3 40
87 3 40
88 3 40
89 3 40
89 4 40
89 5 40
89 6 40
89 7 40
89 8 40
89 10 40
89 11 40
89 12 40
89 13 40
89 14 40
89 15 40
89 16 40
89 17 40
89 18 40
89 19 40
89 20 40
89 21 40
89 22 40
89 23 40
89 24 40
89 25 40
89 26 40
89 27 40
89 28 40
89 30 40
89 31 40
89 32 40
89 33 40
89 34 40
89 35 40
89 36 40
89 37 40
89 38 40
89 39 40
89 40 40
89 41 40
89 42 40
89 43 40
89 44 40
89 45 40
89 46 40
89 47 40
89 48 40
88 49 40
87 49 40
87 49 41
86 49 40
86 49 41
86 49 42
85 49 40
85 49 41
85 49 42
85 49 43
85 49 44
84 49 40
84 49 41
84 49 42
84 49 43
84 49 44
84 49 45
84 49 46
83 49 40
83 49 41
83 49 42
83 49 43
83 49 44
83 49 45
83 49 46
83 49 47
82 49 40
82 49 41
82 49 42
82 49 43
82 49 44
82 49 45
82 49 46
82 49 47
82 49 48
82 49 49
81 49 40
81 49 41
81 49 42
81 49 43
81 49 44
81 49 45
81 49 46
81 49 47
81 49 48
81 49 49
81 49 50
81 49 51
80 49 40
80 49 41
80 49 42
80 49 43
80 49 44
80 49 45
80 49 46
80 49 47
80 49 48
80 49 49
80 49 50
80 49 51
80 49 52
80 49 53
79 49 40
79 49 41
79 49 42
79 49 43
79 49 44
79 49 45
79 49 46
79 49 47
79 49 48
79 49 49
79 49 50
79 49 51
79 49 52
79 49 53
79 49 54
79 49 55
78 49 40
78 49 41
78 49 42
78 49 43
78 49 44
78 49 45
78 49 46
78 49 47
78 49 48
78 49 49
78 49 50
78 49 51
78 49 52
78 49 53
78 49 54
78 49 55
78 49 56
78 49 57
77 49 40
77 49 41
77 49 42
77 49 43
77 49 44
77 49 45
77 49 46
77 49 47
77 49 48
77 49 49
77 49 50
77 49 51
77 49 52
77 49 53
77 49 54
77 49 55
77 49 56
77 49 57
77 49 58
77 49 59
77 49 60
76 49 40
76 49 41
76 49 42
76 49 43
76 49 44
76 49 45
76 49 46
76 49 47
76 49 48
76 49 49
76 49 50
76 49 51
76 49 52
76 49 53
76 49 54
76 49 55
76 49 56
76 49 57
76 49 58
76 49 59
76 49 60
76 49 61
76 49 62
76 49 63
75 49 40
75 49 41
75 49 42
75 49 43
75 49 44
75 49 45
75 49 46
75 49 47
75 49 48
75 49 49
75 49 50
75 49 51
75 49 52
75 49 53
75 49 54
75 49 55
75 49 56
75 49 57
75 49 58
75 49 59
75 49 60
75 49 61
75 49 62
75 49 63
75 49 64
75 49 65
75 49 66
74 49 40
74 49 41
74 49 42
74 49 43
74 49 44
74 49 45
74 49 46
74 49 47
74 49 48
74 49 49
74 49 50
74 49 51
74 49 52
74 49 53
74 49 54
74 49 55
74 49 56
74 49 57
74 49 58
74 49 59
74 49 60
74 49 61
74 49 62
74 49 63
74 49 64
74 49 65
74 49 66
74 49 67
74 49 68
74 49 69
74 49 70
73 49 40
73 49 41
73 49 42
73 49 43
73 49 44
73 49 45
73 49 46
73 49 47
73 49 48
73 49 49
73 49 50
73 49 51
73 49 52
73 49 53
73 49 54
73 49 55
73 49 56
73 49 57
73 49 58
73 49 59
73 49 60
73 49 61
73 49 62
73 49 63
73 49 64
73 49 65
73 49 66
73 49 67
73 49 68
73 49 69
73 49 70
73 49 71
73 49 72
73 49 73
73 49 74
72 49 40
72 49 41
72 49 42
72 49 43
72 49 44
72 49 45
72 49 46
72 49 47
72 49 48
72 49 49
72 49 50
72 49 51
72 49 52
72 49 53
72 49 54
72 49 55
72 49 56
72 49 57
72 49 58
72 49 59
72 49 60
72 49 61
72 49 62
72 49 63
72 49 64
72 49 65
72 49 66
72 49 67
72 49 68
72 49 69
72 49 70
72 49 71
72 49 72
72 49 73
72 49 74
72 49 75
72 49 76
72 49 77
71 49 40
71 49 41
71 49 42
71 49 43
71 49 44
71 49 45
71 49 46
71 49 47
71 49 48
71 49 49
71 49 50
71 49 51
71 49 52
71 49 53
71 49 54
71 49 55
71 49 56
71 49 57
71 49 58
71 49 59
71 49 60
71 49 61
71 49 62
71 49 63
71 49 64
71 49 65
71 49 66
71 49 67
71 49 68
71 49 69
71 49 70
71 49 71
71 49 72
71 49 73
71 49 74
71 49 75
71 49 76
71 49 77
71 49 78
71 49 79
71 49 80
70 49 40
70 49 41
70 49 42
70 49 43
70 49 44
70 49 45
70 49 46
70 49 47
70 49 48
70 49 49
70 49 50
70 49 51
70 49 52
70 49 53
70 49 54
70 49 55
70 49 56
70 49 57
70 49 58
70 49 59
70 49 60
70 49 61
70 49 62
70 49 63
70 49 64
70 49 65
70 49 66
70 49 67
70 49 68
70 49 69
70 49 70
70 49 71
70 49 72
70 49 73
70 49 74
70 49 75
70 49 76
70 49 77
70 49 78
70 49 79
70 49 80
70 49 81
70 49 82
70 49 83
69 49 40
69 49 41
69 49 42
69 49 43
69 49 44
69 49 45
69 49 46
69 49 47
69 49 48
69 49 49
69 49 50
69 49 51
69 49 52
69 49 53
69 49 54
69 49 55
69 49 56
69 49 57
69 49 58
69 49 59
69 49 60
69 49 61
69 49 62
69 49 63
69 49 64
69 49 65
69 49 66
69 49 67
69 49 68
69 49 69
69 49 70
69 49 71
69 49 72
69 49 73
69 49 74
69 49 75
69 49 76
69 49 77
69 49 78
69 49 79
69 49 80
69 49 81
68 49 40
68 49 41
68 49 42
68 49 43
68 49 44
68 49 45
68 49 46
68 49 47
68 49 48
68 49 49
68 49 50
68 49 51
68 49 52
68 49 53
68 49 54
68 49 55
68 49 56
68 49 57
68 49 58
68 49 59
68 49 60
68 49 61
68 49 62
68 49 63
68 49 64
68 49 65
68 49 66
68 49 67
68 49 68
68 49 69
68 49 70
68 49 71
68 49 72
68 49 73
68 49 74
68 49 75
68 49 76
68 49 77
68 49 78
68 49 79
68 49 80
68 49 81
68 49 82
68 49 83
68 49 84
67 49 40
67 49 41
67 49 42
67 49 43
67 49 44
67 49 45
67 49 46
67 49 47
67 49 48
67 49 49
67 49 50
67 49 51
67 49 52
67 49 53
67 49 54
67 49 55
67 49 56
67 49 57
67 49 58
67 49 59
67 49 60
67 49 61
67 49 62
67 49 63
67 49 64
67 49 65
67 49 66
67 49 67
67 49 68
67 49 69
67 49 70
67 49 71
67 49 72
67 49 73
67 49 74
67 49 75
67 49 76
67 49 77
67 49 78
67 49 79
67 49 80
67 49 81
67 49 82
67 49 83
66 49 40
66 49 41
66 49 42
66 49 43
66 49 44
66 49 45
66 49 46
66 49 47
66 49 48
66 49 49
66 49 50
66 49 51
66 49 52
66 49 53
66 49 54
66 49 55
66 49 56
66 49 57
66 49 58
66 49 59
66 49 60
66 49 61
66 49 62
66 49 63
66 49 64
66 49 65
66 49 66
66 49 67
66 49 68
66 49 69
66 49 70
66 49 71
66 49 72
66 49 73
66 49 74
66 49 75
66 49 76
66 49 77
66 49 78
66 49 79
66 49 80
66 49 81
65 49 40
65 49 41
65 49 42
65 49 43
65 49 44
65 49 45
65 49 46
65 49 47
65 49 48
65 49 49
65 49 50
65 49 51
65 49 52
65 49 53
65 49 54
65 49 55
65 49 56
65 49 57
65 49 58
65 49 59
65 49 60
65 49 61
65 49 62
65 49 63
65 49 64
65 49 65
65 49 66
65 49 67
65 49 68
65 49 69
65 49 70
65 49 71
65 49 72
65 49 73
65 49 74
65 49 75
65 49 76
65 49 77
65 49 78
64 49 40
64 49 41
64 49 42
64 49 43
64 49 44
64 49 45
64 49 46
64 49 47
64 49 48
64 49 49
64 49 50
64 49 51
64 49 52
64 49 53
64 49 54
64 49 55
64 49 56
64 49 57
64 49 58
64 49 59
64 49 60
64 49 61
64 49 62
64 49 63
64 49 64
64 49 65
64 49 66
64 49 67
64 49 68
64 49 69
64 49 70
64 49 71
64 49 72
64 49 73
64 49 74
63 49 40
63 49 41
63 49 42
63 49 43
63 49 44
63 49 45
63 49 46
63 49 47
63 49 48
63 49 49
63 49 50
63 49 51
63 49 52
63 49 53
63 49 54
63 49 55
63 49 56
63 49 57
63 49 58
63 49 59
63 49 60
63 49 61
63 49 62
63 49 63
63 49 64
63 49 65
63 49 66
63 49 67
63 49 68
63 49 69
62 49 40
62 49 41
62 49 42
62 49 43
62 49 44
62 49 45
62 49 46
62 49 47
62 49 48
62 49 49
62 49 50
62 49 51
62 49 52
62 49 53
62 49 54
62 49 55
62 49 56
62 49 57
62 49 58
62 49 59
62 49 60
62 49 61
62 49 62
62 49 63
62 49 64
62 49 65
61 49 40
61 49 41
61 49 42
61 49 43
61 49 44
61 49 45
61 49 46
61 49 47
61 49 48
61 49 49
61 49 50
61 49 51
61 49 52
61 49 53
61 49 54
61 49 55
61 49 56
61 49 57
61 49 58
61 49 59
61 49 60
60 49 40
60 49 41
60 49 42
60 49 43
60 49 44
60 49 45
60 49 46
60 49 47
60 49 48
60 49 49
60 49 50
60 49 51
60 49 52
60 49 53
60 49 54
60 49 55
60 49 56
59 49 40
59 49 41
59 49 42
59 49 43
59 49 44
59 49 45
59 49 46
59 49 47
59 49 48
59 49 49
59 49 50
59 49 51
59 49 52
58 49 40
58 49 41
58 49 42
58 49 43
58 49 44
58 49 45
58 49 46
58 49 47
58 49 48
58 49 49
57 49 40
57 49 41
57 49 42
57 49 43
57 49 44
57 49 45
57 49 46
56 49 40
56 49 41
56 49 42
56 49 43
56 49 44
55 49 40
55 49 41
55 49 42
54 49 40
54 49 41
53 49 40
53 49 41
52 49 40
51 49 40
50 49 40
49 50 40
49 51 40
49 52 40
49 53 40
49 54 40
49 55 40
49 56 40
49 57 40
49 58 40
49 59 40
49 60 40
49 61 40
49 62 40
49 63 40
49 64 40
49 65 40
49 66 40
49 67 40
113 59 40
113 58 40
113 57 40
113 56 40
113 55 40
113 54 40
113 53 40
112 53 40
112 52 40
111 52 40
111 51 40
110 51 40
110 50 40
109 50 40
108 49 40
107 49 40
106 49 40
105 49 40
104 49 40
103 49 40
102 49 40
101 49 40
100 49 40
99 49 40
98 49 40
97 49 40
96 49 40
95 49 40
94 49 40
93 49 40
92 49 40
91 49 40
90 49 40
143 155 40
143 154 40
144 154 40
144 153 40
145 153 40
145 152 40
146 152 40
146 151 40
147 151 40
147 150 40
148 150 40
148 149 40
149 148 40
149 147 40
149 146 40
149 145 40
149 144 40
149 143 40
149 142 40
149 141 40
149 140 40
149 139 40
149 139 41
149 138 40
149 138 41
149 137 40
149 137 41
149 136 40
149 136 41
149 135 40
149 135 41
149 134 40
149 134 41
149 133 40
149 132 40
149 131 40
149 130 40
149 128 40
149 127 40
149 126 40
149 125 40
149 124 40
149 123 40
149 122 40
149 121 40
149 120 40
149 119 40
149 118 40
149 117 40
149 116 40
149 115 40
149 114 40
149 113 40
149 112 40
149 111 40
149 110 40
149 108 40
149 107 40
149 106 40
149 105 40
149 104 40
149 103 40
149 102 40
149 101 40
149 100 40
149 99 40
149 98 40
149 97 40
149 96 40
149 95 40
149 94 40
149 93 40
149 92 40
149 91 40
149 90 40
149 88 40
149 87 40
149 86 40
149 85 40
149 84 40
149 83 40
149 82 40
149 81 40
149 80 40
149 79 40
149 78 40
149 77 40
149 76 40
149 75 40
149 74 40
149 73 40
149 72 40
149 71 40
149 70 40
149 68 40
149 67 40
149 66 40
149 65 40
149 64 40
149 63 40
149 62 40
149 61 40
149 60 40
149 59 40
149 59 41
149 58 40
149 58 41
149 57 40
149 57 41
149 56 40
149 56 41
149 55 40
149 55 41
149 54 40
149 53 40
149 52 40
149 51 40
149 50 40
149 48 40
149 47 40
149 46 40
149 45 40
149 44 40
149 43 40
149 42 40
149 41 40
149 40 40
149 39 40
149 38 40
149 37 40
149 36 40
149 35 40
149 34 40
149 33 40
149 32 40
149 31 40
149 30 40
148 29 40
147 29 40
146 29 40
145 29 40
144 29 40
143 29 40
142 29 40
141 29 40
140 29 40
139 29 40
138 29 40
137 29 40
136 29 40
135 29 40
134 29 40
133 29 40
132 29 40
131 29 40
130 29 40
129 30 40
129 30 41
128 30 40
128 30 41
128 30 42
128 31 40
128 31 41
128 31 42
127 31 40
127 31 41
127 31 42
127 31 43
127 32 40
127 32 41
127 32 42
127 32 43
127 32 44
126 32 40
126 32 41
126 32 42
126 32 43
126 32 44
126 32 45
126 32 46
126 32 47
126 33 40
126 33 41
126 33 42
126 33 43
126 33 44
126 33 45
126 33 46
126 33 47
126 33 48
125 33 40
125 33 41
125 33 42
125 33 43
125 33 44
125 33 45
125 33 46
125 33 47
125 33 48
125 33 49
125 33 50
125 33 51
125 33 52
125 34 40
125 34 41
125 34 42
125 34 43
125 34 44
125 34 45
125 34 46
125 34 47
125 34 48
125 34 49
125 34 50
125 34 51
125 34 52
125 34 53
125 34 54
124 34 40
124 34 41
124 34 42
124 34 43
124 34 44
124 34 45
124 34 46
124 34 47
124 34 48
124 34 49
124 34 50
124 34 51
124 34 52
124 34 53
124 34 54
124 34 55
124 34 56
124 34 57
124 34 58
124 35 40
124 35 41
124 35 42
124 35 43
124 35 44
124 35 45
124 35 46
124 35 47
124 35 48
124 35 49
124 35 50
124 35 51
124 35 52
124 35 53
124 35 54
124 35 55
124 35 56
124 35 57
124 35 58
124 35 59
124 35 60
124 35 61
123 35 40
123 35 41
123 35 42
123 35 43
123 35 44
123 35 45
123 35 46
123 35 47
123 35 48
123 35 49
123 35 50
123 35 51
123 35 52
123 35 53
123 35 54
123 35 55
123 35 56
123 35 57
123 35 58
123 35 59
123 35 60
123 35 61
123 35 62
123 35 63
123 35 64
123 35 65
123 35 66
123 36 40
123 36 41
123 36 42
123 36 43
123 36 44
123 36 45
123 36 46
123 36 47
123 36 48
123 36 49
123 36 50
123 36 51
123 36 52
123 36 53
123 36 54
123 36 55
123 36 56
123 36 57
123 36 58
123 36 59
123 36 60
123 36 61
123 36 62
123 36 63
123 36 64
123 36 65
123 36 66
123 36 67
123 36 68
122 36 40
122 36 41
122 36 42
122 36 43
122 36 44
122 36 45
122 36 46
122 36 47
122 36 48
122 36 49
122 36 50
122 36 51
122 36 52
122 36 53
122 36 54
122 36 55
122 36 56
122 36 57
122 36 58
122 36 59
122 36 60
122 36 61
122 36 62
122 36 63
122 36 64
122 36 65
122 36 66
122 36 67
122 36 68
122 36 69
122 36 70
122 36 71
122 36 72
122 37 40
122 37 41
122 37 42
122 37 43
122 37 44
122 37 45
122 37 46
122 37 47
122 37 48
122 37 49
122 37 50
122 37 51
122 37 52
122 37 53
122 37 54
122 37 55
122 37 56
122 37 57
122 37 58
122 37 59
122 37 60
122 37 61
122 37 62
122 37 63
122 37 64
122 37 65
122 37 66
122 37 67
122 37 68
122 37 69
122 37 70
122 37 71
122 37 72
122 37 73
122 37 74
121 37 40
121 37 41
121 37 42
121 37 43
121 37 44
121 37 45
121 37 46
121 37 47
121 37 48
121 37 49
121 37 50
121 37 51
121 37 52
121 37 53
121 37 54
121 37 55
121 37 56
121 37 57
121 37 58
121 37 59
121 37 60
121 37 61
121 37 62
121 37 63
121 37 64
121 37 65
121 37 66
121 37 67
121 37 68
121 37 69
121 37 70
121 37 71
121 37 72
121 37 73
121 37 74
121 37 75
121 37 76
121 37 77
121 38 40
121 38 41
121 38 42
121 38 43
121 38 44
121 38 45
121 38 46
121 38 47
121 38 48
121 38 49
121 38 50
121 38 51
121 38 52
121 38 53
121 38 54
121 38 55
121 38 56
121 38 57
121 38 58
121 38 59
121 38 60
121 38 61
121 38 62
121 38 63
121 38 64
121 38 65
121 38 66
121 38 67
121 38 68
121 38 69
121 38 70
121 38 71
121 38 72
121 38 73
121 38 74
121 38 75
121 38 76
121 38 77
121 38 78
120 38 40
120 38 41
120 38 42
120 38 43
120 38 44
120 38 45
120 38 46
120 38 47
120 38 48
120 38 49
120 38 50
120 38 51
120 38 52
120 38 53
120 38 54
120 38 55
120 38 56
120 38 57
120 38 58
120 38 59
120 38 60
120 38 61
120 38 62
120 38 63
120 38 64
120 38 65
120 38 66
120 38 67
120 38 68
120 38 69
120 38 70
120 38 71
120 38 72
120 38 73
120 38 74
120 38 75
120 38 76
120 38 77
120 38 78
120 38 79
120 39 40
120 39 41
120 39 42
120 39 43
120 39 44
120 39 45
120 39 46
120 39 47
120 39 48
120 39 49
120 39 50
120 39 51
120 39 52
120 39 53
120 39 54
120 39 55
120 39 56
120 39 57
120 39 58
120 39 59
120 39 60
120 39 61
120 39 62
120 39 63
120 39 64
120 39 65
120 39 66
120 39 67
120 39 68
120 39 69
120 39 70
120 39 71
120 39 72
120 39 73
120 39 74
120 39 75
120 39 76
120 39 77
120 39 78
120 39 79
119 39 40
119 39 41
119 39 42
119 39 43
119 39 44
119 39 45
119 39 46
119 39 47
119 39 48
119 39 49
119 39 50
119 39 51
119 39 52
119 39 53
119 39 54
119 39 55
119 39 56
119 39 57
119 39 58
119 39 59
119 39 60
119 39 61
119 39 62
119 39 63
119 39 64
119 39 65
119 39 66
119 39 67
119 39 68
119 39 69
119 39 70
119 39 71
119 39 72
119 39 73
119 39 74
119 39 75
119 39 76
119 39 77
119 39 78
119 39 79
119 40 40
119 40 41
119 40 42
119 40 43
119 40 44
119 40 45
119 40 46
119 40 47
119 40 48
119 40 49
119 40 50
119 40 51
119 40 52
119 40 53
119 40 54
119 40 55
119 40 56
119 40 57
119 40 58
119 40 59
119 40 60
119 40 61
119 40 62
119 40 63
119 40 64
119 40 65
119 40 66
119 40 67
119 40 68
119 40 69
119 40 70
119 40 71
119 40 72
119 40 73
119 40 74
119 40 75
119 40 76
119 40 77
119 40 78
118 40 40
118 40 41
118 40 42
118 40 43
118 40 44
118 40 45
118 40 46
118 40 47
118 40 48
118 40 49
118 40 50
118 40 51
118 40 52
118 40 53
118 40 54
118 40 55
118 40 56
118 40 57
118 40 58
118 40 59
118 40 60
118 40 61
118 40 62
118 40 63
118 40 64
118 40 65
118 40 66
118 40 67
118 40 68
118 40 69
118 40 70
118 40 71
118 40 72
118 40 73
118 40 74
118 40 75
118 40 76
117 40 40
117 40 41
117 40 42
117 40 43
117 40 44
117 40 45
117 40 46
117 40 47
117 40 48
117 40 49
117 40 50
117 40 51
117 40 52
117 40 53
117 40 54
117 40 55
117 40 56
117 40 57
117 40 58
117 40 59
117 40 60
117 40 61
117 40 62
117 40 63
117 40 64
117 40 65
117 40 66
117 40 67
117 40 68
117 40 69
117 40 70
117 40 71
117 40 72
117 40 73
117 40 74
117 40 75
117 41 40
117 41 41
117 41 42
117 41 43
117 41 44
117 41 45
117 41 46
117 41 47
117 41 48
117 41 49
117 41 50
117 41 51
117 41 52
117 41 53
117 41 54
117 41 55
117 41 56
117 41 57
117 41 58
117 41 59
117 41 60
117 41 61
117 41 62
117 41 63
117 41 64
117 41 65
117 41 66
117 41 67
117 41 68
117 41 69
117 41 70
117 41 71
116 41 40
116 41 41
116 41 42
116 41 43
116 41 44
116 41 45
116 41 46
116 41 47
116 41 48
116 41 49
116 41 50
116 41 51
116 41 52
116 41 53
116 41 54
116 41 55
116 41 56
116 41 57
116 41 58
116 41 59
116 41 60
116 41 61
116 41 62
116 41 63
116 41 64
116 41 65
116 41 66
116 41 67
116 41 68
116 42 40
116 42 41
116 42 42
116 42 43
116 42 44
116 42 45
116 42 46
116 42 47
116 42 48
116 42 49
116 42 50
116 42 51
116 42 52
116 42 53
116 42 54
116 42 55
116 42 56
116 42 57
116 42 58
116 42 59
116 42 60
116 42 61
116 42 62
116 42 63
116 42 64
116 43 40
116 43 41
116 43 42
116 43 43
116 43 44
116 43 45
116 43 46
116 43 47
116 43 48
116 43 49
116 43 50
116 43 51
116 43 52
116 43 53
116 43 54
116 43 55
116 43 56
116 43 57
116 43 58
116 43 59
116 43 60
116 43 61
115 43 40
115 43 41
115 43 42
115 43 43
115 43 44
115 43 45
115 43 46
115 43 47
115 43 48
115 43 49
115 43 50
115 43 51
115 43 52
115 43 53
115 43 54
115 43 55
115 43 56
115 43 57
114 43 40
114 43 41
114 43 42
114 43 43
114 43 44
114 43 45
114 43 46
114 43 47
114 43 48
114 43 49
114 43 50
114 43 51
114 43 52
114 43 53
114 44 40
114 44 41
114 44 42
114 44 43
114 44 44
114 44 45
114 44 46
114 44 47
114 44 48
114 44 49
113 44 40
113 44 41
113 44 42
113 44 43
113 44 44
113 44 45
113 44 46
113 45 40
113 45 41
113 45 42
113 45 43
113 45 44
112 45 40
112 45 41
112 45 42
112 45 43
112 46 40
112 46 41
112 46 42
111 46 40
111 46 41
111 47 40
111 47 41
110 47 40
110 48 40
110 49 40
183 135 40
183 134 40
184 134 40
184 133 40
185 133 40
186 133 40
186 132 40
187 132 40
187 131 40
187 130 40
187 129 40
187 128 40
187 127 40
187 126 40
186 126 40
185 126 40
185 125 40
184 125 40
184 124 40
184 123 40
183 123 40
183 122 40
182 122 40
182 121 40
182 121 41
181 121 40
181 120 40
181 120 41
180 120 40
180 120 41
180 119 40
180 119 41
179 119 40
179 119 41
179 118 40
179 118 41
179 118 42
178 118 40
178 118 41
178 118 42
178 117 40
178 117 41
178 117 42
178 117 43
177 117 40
177 117 41
177 117 42
177 117 43
176 117 40
176 117 41
176 117 42
176 117 43
176 116 40
176 116 41
176 116 42
176 116 43
176 116 44
175 116 40
175 116 41
175 116 42
175 116 43
175 116 44
175 115 40
175 115 41
175 115 42
175 115 43
175 115 44
174 115 40
174 115 41
174 115 42
174 115 43
174 115 44
174 114 40
174 114 41
174 114 42
174 114 43
173 114 40
173 114 41
173 114 42
173 114 43
173 113 40
173 113 41
173 113 42
172 113 40
172 113 41
172 113 42
172 112 40
172 112 41
171 112 40
171 112 41
171 111 40
171 111 41
170 111 40
170 110 40
169 110 40
168 109 40
167 109 40
166 109 40
165 109 40
164 109 40
163 109 40
162 109 40
161 109 40
160 109 40
159 109 40
158 109 40
157 109 40
156 109 40
155 109 40
154 109 40
153 109 40
152 109 40
151 109 40
150 109 40
194 24 40
194 25 40
193 25 40
193 26 40
192 26 40
192 27 40
191 27 40
191 28 40
190 28 40
190 29 40
188 29 40
187 29 40
186 29 40
185 29 40
184 29 40
183 29 40
182 29 40
181 29 40
180 29 40
179 29 40
178 29 40
177 29 40
177 29 41
176 29 40
176 29 41
176 29 42
176 29 43
175 29 40
175 29 41
175 29 42
175 29 43
175 29 44
175 29 45
175 29 46
175 29 47
174 29 40
174 29 41
174 29 42
174 29 43
174 29 44
174 29 45
174 29 46
174 29 47
174 29 48
174 29 49
174 29 50
174 29 51
174 29 52
174 29 53
174 29 54
174 29 55
173 29 40
173 29 41
173 29 42
173 29 43
173 29 44
173 29 45
173 29 46
173 29 47
173 29 48
173 29 49
173 29 50
173 29 51
173 29 52
173 29 53
173 29 54
173 29 55
173 29 56
173 29 57
173 29 58
173 29 59
173 29 60
173 29 61
173 29 62
173 29 63
173 29 64
173 29 65
172 29 40
172 29 41
172 29 42
172 29 43
172 29 44
172 29 45
172 29 46
172 29 47
172 29 48
172 29 49
172 29 50
172 29 51
172 29 52
172 29 53
172 29 54
172 29 55
172 29 56
172 29 57
172 29 58
172 29 59
172 29 60
172 29 61
172 29 62
172 29 63
172 29 64
172 29 65
172 29 66
172 29 67
172 29 68
172 29 69
172 29 70
172 29 71
172 29 72
172 29 73
172 29 74
172 29 75
171 29 40
171 29 41
171 29 42
171 29 43
171 29 44
171 29 45
171 29 46
171 29 47
171 29 48
171 29 49
171 29 50
171 29 51
171 29 52
171 29 53
171 29 54
171 29 55
171 29 56
171 29 57
171 29 58
171 29 59
171 29 60
171 29 61
171 29 62
171 29 63
171 29 64
171 29 65
171 29 66
171 29 67
171 29 68
171 29 69
171 29 70
171 29 71
171 29 72
171 29 73
171 29 74
171 29 75
171 29 76
171 29 77
171 29 78
171 29 79
171 29 80
171 29 81
171 29 82
171 29 83
171 29 84
170 29 40
170 29 41
170 29 42
170 29 43
170 29 44
170 29 45
170 29 46
170 29 47
170 29 48
170 29 49
170 29 50
170 29 51
170 29 52
170 29 53
170 29 54
170 29 55
170 29 56
170 29 57
170 29 58
170 29 59
170 29 60
170 29 61
170 29 62
170 29 63
170 29 64
170 29 65
170 29 66
170 29 67
170 29 68
170 29 69
170 29 70
170 29 71
170 29 72
170 29 73
170 29 74
170 29 75
170 29 76
170 29 77
170 29 78
170 29 79
170 29 80
170 29 81
170 29 82
170 29 83
170 29 84
170 29 85
170 29 86
170 29 87
170 29 88
170 29 89
170 29 90
169 29 40
169 29 41
169 29 42
169 29 43
169 29 44
169 29 45
169 29 46
169 29 47
169 29 48
169 29 49
169 29 50
169 29 51
169 29 52
169 29 53
169 29 54
169 29 55
169 29 56
169 29 57
169 29 58
169 29 59
169 29 60
169 29 61
169 29 62
169 29 63
169 29 64
169 29 65
169 29 66
169 29 67
169 29 68
169 29 69
169 29 70
169 29 71
169 29 72
169 29 73
169 29 74
169 29 75
169 29 76
169 29 77
169 29 78
169 29 79
169 29 80
169 29 81
169 29 82
169 29 83
169 29 84
169 29 85
169 29 86
169 29 87
169 29 88
169 29 89
169 29 90
169 29 91
169 29 92
169 29 93
168 29 40
168 29 41
168 29 42
168 29 43
168 29 44
168 29 45
168 29 46
168 29 47
168 29 48
168 29 49
168 29 50
168 29 51
168 29 52
168 29 53
168 29 54
168 29 55
168 29 56
168 29 57
168 29 58
168 29 59
168 29 60
168 29 61
168 29 62
168 29 63
168 29 64
168 29 65
168 29 66
168 29 67
168 29 68
168 29 69
168 29 70
168 29 71
168 29 72
168 29 73
168 29 74
168 29 75
168 29 76
168 29 77
168 29 78
168 29 79
168 29 80
168 29 81
168 29 82
168 29 83
168 29 84
168 29 85
168 29 86
168 29 87
168 29 88
168 29 89
168 29 90
168 29 91
168 29 92
168 29 93
168 29 94
168 29 95
168 29 96
168 29 97
167 29 40
167 29 41
167 29 42
167 29 43
167 29 44
167 29 45
167 29 46
167 29 47
167 29 48
167 29 49
167 29 50
167 29 51
167 29 52
167 29 53
167 29 54
167 29 55
167 29 56
167 29 57
167 29 58
167 29 59
167 29 60
167 29 61
167 29 62
167 29 63
167 29 64
167 29 65
167 29 66
167 29 67
167 29 68
167 29 69
167 29 70
167 29 71
167 29 72
167 29 73
167 29 74
167 29 75
167 29 76
167 29 77
167 29 78
167 29 79
167 29 80
167 29 81
167 29 82
167 29 83
167 29 84
167 29 85
167 29 86
167 29 87
167 29 88
167 29 89
167 29 90
167 29 91
167 29 92
167 29 93
167 29 94
167 29 95
167 29 96
167 29 97
167 29 98
167 29 99
166 29 40
166 29 41
166 29 42
166 29 43
166 29 44
166 29 45
166 29 46
166 29 47
166 29 48
166 29 49
166 29 50
166 29 51
166 29 52
166 29 53
166 29 54
166 29 55
166 29 56
166 29 57
166 29 58
166 29 59
166 29 60
166 29 61
166 29 62
166 29 63
166 29 64
166 29 65
166 29 66
166 29 67
166 29 68
166 29 69
166 29 70
166 29 71
166 29 72
166 29 73
166 29 74
166 29 75
166 29 76
166 29 77
166 29 78
166 29 79
166 29 80
166 29 81
166 29 82
166 29 83
166 29 84
166 29 85
166 29 86
166 29 87
166 29 88
166 29 89
166 29 90
166 29 91
166 29 92
166 29 93
166 29 94
166 29 95
166 29 96
166 29 97
166 29 98
165 29 40
165 29 41
165 29 42
165 29 43
165 29 44
165 29 45
165 29 46
165 29 47
165 29 48
165 29 49
165 29 50
165 29 51
165 29 52
165 29 53
165 29 54
165 29 55
165 29 56
165 29 57
165 29 58
165 29 59
165 29 60
165 29 61
165 29 62
165 29 63
165 29 64
165 29 65
165 29 66
165 29 67
165 29 68
165 29 69
165 29 70
165 29 71
165 29 72
165 29 73
165 29 74
165 29 75
165 29 76
165 29 77
165 29 78
165 29 79
165 29 80
165 29 81
165 29 82
165 29 83
165 29 84
165 29 85
165 29 86
165 29 87
165 29 88
165 29 89
165 29 90
165 29 91
165 29 92
165 29 93
165 29 94
165 29 95
165 29 96
165 29 97
164 29 40
164 29 41
164 29 42
164 29 43
164 29 44
164 29 45
164 29 46
164 29 47
164 29 48
164 29 49
164 29 50
164 29 51
164 29 52
164 29 53
164 29 54
164 29 55
164 29 56
164 29 57
164 29 58
164 29 59
164 29 60
164 29 61
164 29 62
164 29 63
164 29 64
164 29 65
164 29 66
164 29 67
164 29 68
164 29 69
164 29 70
164 29 71
164 29 72
164 29 73
164 29 74
164 29 75
164 29 76
164 29 77
164 29 78
164 29 79
164 29 80
164 29 81
164 29 82
164 29 83
164 29 84
164 29 85
164 29 86
164 29 87
164 29 88
164 29 89
164 29 90
164 29 91
164 29 92
164 29 93
164 29 94
164 29 95
163 29 40
163 29 41
163 29 42
163 29 43
163 29 44
163 29 45
163 29 46
163 29 47
163 29 48
163 29 49
163 29 50
163 29 51
163 29 52
163 29 53
163 29 54
163 29 55
163 29 56
163 29 57
163 29 58
163 29 59
163 29 60
163 29 61
163 29 62
163 29 63
163 29 64
163 29 65
163 29 66
163 29 67
163 29 68
163 29 69
163 29 70
163 29 71
163 29 72
163 29 73
163 29 74
163 29 75
163 29 76
163 29 77
163 29 78
163 29 79
163 29 80
163 29 81
163 29 82
163 29 83
163 29 84
163 29 85
163 29 86
163 29 87
163 29 88
163 29 89
163 29 90
163 29 91
162 29 40
162 29 41
162 29 42
162 29 43
162 29 44
162 29 45
162 29 46
162 29 47
162 29 48
162 29 49
162 29 50
162 29 51
162 29 52
162 29 53
162 29 54
162 29 55
162 29 56
162 29 57
162 29 58
162 29 59
162 29 60
162 29 61
162 29 62
162 29 63
162 29 64
162 29 65
162 29 66
162 29 67
162 29 68
162 29 69
162 29 70
162 29 71
162 29 72
162 29 73
162 29 74
162 29 75
162 29 76
162 29 77
162 29 78
162 29 79
162 29 80
162 29 81
162 29 82
162 29 83
162 29 84
162 29 85
162 29 86
162 29 87
161 29 40
161 29 41
161 29 42
161 29 43
161 29 44
161 29 45
161 29 46
161 29 47
161 29 48
161 29 49
161 29 50
161 29 51
161 29 52
161 29 53
161 29 54
161 29 55
161 29 56
161 29 57
161 29 58
161 29 59
161 29 60
161 29 61
161 29 62
161 29 63
161 29 64
161 29 65
161 29 66
161 29 67
161 29 68
161 29 69
161 29 70
161 29 71
161 29 72
161 29 73
161 29 74
161 29 75
161 29 76
161 29 77
161 29 78
161 29 79
161 29 80
161 29 81
161 29 82
160 29 40
160 29 41
160 29 42
160 29 43
160 29 44
160 29 45
160 29 46
160 29 47
160 29 48
160 29 49
160 29 50
160 29 51
160 29 52
160 29 53
160 29 54
160 29 55
160 29 56
160 29 57
160 29 58
160 29 59
160 29 60
160 29 61
160 29 62
160 29 63
160 29 64
160 29 65
160 29 66
160 29 67
160 29 68
160 29 69
160 29 70
160 29 71
160 29 72
160 29 73
160 29 74
160 29 75
160 29 76
160 29 77
159 29 40
159 29 41
159 29 42
159 29 43
159 29 44
159 29 45
159 29 46
159 29 47
159 29 48
159 29 49
159 29 50
159 29 51
159 29 52
159 29 53
159 29 54
159 29 55
159 29 56
159 29 57
159 29 58
159 29 59
159 29 60
159 29 61
159 29 62
159 29 63
159 29 64
159 29 65
159 29 66
159 29 67
159 29 68
159 29 69
159 29 70
159 29 71
159 29 72
158 29 40
158 29 41
158 29 42
158 29 43
158 29 44
158 29 45
158 29 46
158 29 47
158 29 48
158 29 49
158 29 50
158 29 51
158 29 52
158 29 53
158 29 54
158 29 55
158 29 56
158 29 57
158 29 58
158 29 59
158 29 60
158 29 61
158 29 62
158 29 63
158 29 64
158 29 65
157 29 40
157 29 41
157 29 42
157 29 43
157 29 44
157 29 45
157 29 46
157 29 47
157 29 48
157 29 49
157 29 50
157 29 51
157 29 52
157 29 53
157 29 54
157 29 55
157 29 56
157 29 57
157 29 58
156 29 40
156 29 41
156 29 42
156 29 43
156 29 44
156 29 45
156 29 46
156 29 47
156 29 48
156 29 49
156 29 50
156 29 51
156 29 52
155 29 40
155 29 41
155 29 42
155 29 43
155 29 44
155 29 45
155 29 46
154 29 40
154 29 41
154 29 42
154 29 43
153 29 40
153 29 41
152 29 40
151 29 40
150 29 40
173 185 40
173 186 40
172 186 40
172 187 40
171 187 40
170 187 40
169 187 40
168 187 40
167 187 40
167 186 40
166 186 40
166 185 40
165 185 40
164 185 40
164 185 41
164 184 40
163 184 40
163 184 41
163 183 40
162 183 40
162 183 41
162 182 40
162 182 41
162 181 40
161 181 40
161 181 41
160 181 40
160 181 41
160 180 40
160 180 41
160 179 40
160 179 41
159 179 40
159 179 41
159 179 42
159 178 40
159 178 41
159 178 42
159 177 40
159 177 41
159 177 42
159 176 40
159 176 41
159 176 42
159 176 43
159 175 40
159 175 41
159 175 42
159 175 43
159 175 44
159 174 40
159 174 41
159 174 42
159 174 43
159 174 44
159 174 45
159 173 40
159 173 41
159 173 42
159 173 43
159 173 44
159 173 45
159 173 46
159 173 47
159 173 48
159 172 40
159 172 41
159 172 42
159 172 43
159 172 44
159 172 45
159 172 46
159 172 47
159 172 48
159 172 49
159 172 50
159 172 51
159 171 40
159 171 41
159 171 42
159 171 43
159 171 44
159 171 45
159 171 46
159 171 47
159 171 48
159 171 49
159 171 50
159 171 51
159 171 52
159 171 53
159 171 54
159 171 55
159 171 56
159 170 40
159 170 41
159 170 42
159 170 43
159 170 44
159 170 45
159 170 46
159 170 47
159 170 48
159 170 49
159 170 50
159 170 51
159 170 52
159 170 53
159 170 54
159 170 55
159 170 56
159 170 57
159 170 58
159 170 59
159 170 60
159 169 40
159 169 41
159 169 42
159 169 43
159 169 44
159 169 45
159 169 46
159 169 47
159 169 48
159 169 49
159 169 50
159 169 51
159 169 52
159 169 53
159 169 54
159 169 55
159 169 56
159 169 57
159 169 58
159 169 59
159 169 60
159 169 61
159 169 62
159 169 63
159 169 64
159 168 40
159 168 41
159 168 42
159 168 43
159 168 44
159 168 45
159 168 46
159 168 47
159 168 48
159 168 49
159 168 50
159 168 51
159 168 52
159 168 53
159 168 54
159 168 55
159 168 56
159 168 57
159 168 58
159 168 59
159 168 60
159 168 61
159 168 62
159 168 63
159 168 64
159 168 65
159 168 66
159 168 67
159 167 40
159 167 41
159 167 42
159 167 43
159 167 44
159 167 45
159 167 46
159 167 47
159 167 48
159 167 49
159 167 50
159 167 51
159 167 52
159 167 53
159 167 54
159 167 55
159 167 56
159 167 57
159 167 58
159 167 59
159 167 60
159 167 61
159 167 62
159 167 63
159 167 64
159 167 65
159 167 66
159 167 67
159 167 68
159 167 69
159 166 40
159 166 41
159 166 42
159 166 43
159 166 44
159 166 45
159 166 46
159 166 47
159 166 48
159 166 49
159 166 50
159 166 51
159 166 52
159 166 53
159 166 54
159 166 55
159 166 56
159 166 57
159 166 58
159 166 59
159 166 60
159 166 61
159 166 62
159 166 63
159 166 64
159 166 65
159 166 66
159 166 67
159 166 68
159 166 69
159 165 40
159 165 41
159 165 42
159 165 43
159 165 44
159 165 45
159 165 46
159 165 47
159 165 48
159 165 49
159 165 50
159 165 51
159 165 52
159 165 53
159 165 54
159 165 55
159 165 56
159 165 57
159 165 58
159 165 59
159 165 60
159 165 61
159 165 62
159 165 63
159 165 64
159 165 65
159 165 66
159 165 67
159 164 40
159 164 41
159 164 42
159 164 43
159 164 44
159 164 45
159 164 46
159 164 47
159 164 48
159 164 49
159 164 50
159 164 51
159 164 52
159 164 53
159 164 54
159 164 55
159 164 56
159 164 57
159 164 58
159 164 59
159 164 60
159 164 61
159 164 62
159 164 63
159 164 64
159 163 40
159 163 41
159 163 42
159 163 43
159 163 44
159 163 45
159 163 46
159 163 47
159 163 48
159 163 49
159 163 50
159 163 51
159 163 52
159 163 53
159 163 54
159 163 55
159 163 56
159 163 57
159 163 58
159 163 59
159 163 60
159 162 40
159 162 41
159 162 42
159 162 43
159 162 44
159 162 45
159 162 46
159 162 47
159 162 48
159 162 49
159 162 50
159 162 51
159 162 52
159 162 53
159 162 54
159 162 55
159 162 56
159 161 40
159 161 41
159 161 42
159 161 43
159 161 44
159 161 45
159 161 46
159 161 47
159 161 48
159 161 49
159 161 50
159 161 51
159 160 40
159 160 41
159 160 42
159 160 43
159 160 44
159 160 45
159 160 46
159 160 47
159 160 48
159 159 40
159 159 41
159 159 42
159 159 43
159 159 44
159 159 45
159 158 40
159 158 41
159 158 42
159 158 43
158 158 40
158 158 41
158 158 42
158 158 43
157 158 40
157 158 41
157 158 42
157 158 43
157 157 40
157 157 41
157 157 42
157 156 40
157 156 41
156 156 40
156 156 41
155 156 40
155 155 40
155 154 40
154 154 40
153 154 40
153 153 40
153 152 40
152 152 40
152 151 40
151 151 40
151 150 40
150 150 40
149 150 40
104 186 40
105 186 40
106 186 40
107 186 40
107 187 40
108 187 40
108 188 40
109 188 40
110 189 40
111 189 40
112 189 40
113 189 40
114 189 40
115 189 40
116 189 40
117 189 40
118 189 40
119 189 40
120 189 40
121 189 40
122 189 40
123 189 40
124 189 40
125 189 40
126 189 40
127 189 40
128 189 40
130 189 40
131 189 40
132 189 40
133 189 40
133 189 41
134 189 40
134 189 41
135 189 40
135 189 41
136 189 40
136 189 41
136 189 42
137 189 40
137 189 41
137 189 42
137 189 43
138 189 40
138 189 41
138 189 42
138 189 43
138 189 44
139 189 40
139 189 41
139 189 42
139 189 43
139 189 44
139 189 45
139 189 46
140 189 40
140 189 41
140 189 42
140 189 43
140 189 44
140 189 45
140 189 46
140 189 47
140 189 48
140 189 49
141 189 40
141 189 41
141 189 42
141 189 43
141 189 44
141 189 45
141 189 46
141 189 47
141 189 48
141 189 49
141 189 50
141 189 51
141 189 52
141 189 53
142 189 40
142 189 41
142 189 42
142 189 43
142 189 44
142 189 45
142 189 46
142 189 47
142 189 48
142 189 49
142 189 50
142 189 51
142 189 52
142 189 53
142 189 54
142 189 55
142 189 56
143 189 40
143 189 41
143 189 42
143 189 43
143 189 44
143 189 45
143 189 46
143 189 47
143 189 48
143 189 49
143 189 50
143 189 51
143 189 52
143 189 53
143 189 54
143 189 55
143 189 56
143 189 57
143 189 58
143 189 59
143 189 60
144 189 40
144 189 41
144 189 42
144 189 43
144 189 44
144 189 45
144 189 46
144 189 47
144 189 48
144 189 49
144 189 50
144 189 51
144 189 52
144 189 53
144 189 54
144 189 55
144 189 56
144 189 57
144 189 58
144 189 59
144 189 60
144 189 61
144 189 62
144 189 63
144 189 64
145 189 40
145 189 41
145 189 42
145 189 43
145 189 44
145 189 45
145 189 46
145 189 47
145 189 48
145 189 49
145 189 50
145 189 51
145 189 52
145 189 53
145 189 54
145 189 55
145 189 56
145 189 57
145 189 58
145 189 59
145 189 60
145 189 61
145 189 62
145 189 63
145 189 64
145 189 65
145 189 66
145 189 67
146 189 40
146 189 41
146 189 42
146 189 43
146 189 44
146 189 45
146 189 46
146 189 47
146 189 48
146 189 49
146 189 50
146 189 51
146 189 52
146 189 53
146 189 54
146 189 55
146 189 56
146 189 57
146 189 58
146 189 59
146 189 60
146 189 61
146 189 62
146 189 63
146 189 64
146 189 65
146 189 66
146 189 67
146 189 68
146 189 69
146 189 70
147 189 40
147 189 41
147 189 42
147 189 43
147 189 44
147 189 45
147 189 46
147 189 47
147 189 48
147 189 49
147 189 50
147 189 51
147 189 52
147 189 53
147 189 54
147 189 55
147 189 56
147 189 57
147 189 58
147 189 59
147 189 60
147 189 61
147 189 62
147 189 63
147 189 64
147 189 65
147 189 66
147 189 67
147 189 68
147 189 69
147 189 70
147 189 71
147 189 72
148 189 40
148 189 41
148 189 42
148 189 43
148 189 44
148 189 45
148 189 46
148 189 47
148 189 48
148 189 49
148 189 50
148 189 51
148 189 52
148 189 53
148 189 54
148 189 55
148 189 56
148 189 57
148 189 58
148 189 59
148 189 60
148 189 61
148 189 62
148 189 63
148 189 64
148 189 65
148 189 66
148 189 67
148 189 68
148 189 69
148 189 70
148 189 71
148 189 72
148 189 73
148 189 74
149 189 40
149 189 41
149 189 42
149 189 43
149 189 44
149 189 45
149 189 46
149 189 47
149 189 48
149 189 49
149 189 50
149 189 51
149 189 52
149 189 53
149 189 54
149 189 55
149 189 56
149 189 57
149 189 58
149 189 59
149 189 60
149 189 61
149 189 62
149 189 63
149 189 64
149 189 65
149 189 66
149 189 67
149 189 68
149 189 69
149 189 70
149 189 71
149 189 72
149 189 73
150 189 40
150 189 41
150 189 42
150 189 43
150 189 44
150 189 45
150 189 46
150 189 47
150 189 48
150 189 49
150 189 50
150 189 51
150 189 52
150 189 53
150 189 54
150 189 55
150 189 56
150 189 57
150 189 58
150 189 59
150 189 60
150 189 61
150 189 62
150 189 63
150 189 64
150 189 65
150 189 66
150 189 67
150 189 68
150 189 69
150 189 70
150 189 71
150 189 72
150 189 73
150 189 74
150 189 75
150 189 76
150 189 77
151 189 40
151 189 41
151 189 42
151 189 43
151 189 44
151 189 45
151 189 46
151 189 47
151 189 48
151 189 49
151 189 50
151 189 51
151 189 52
151 189 53
151 189 54
151 189 55
151 189 56
151 189 57
151 189 58
151 189 59
151 189 60
151 189 61
151 189 62
151 189 63
151 189 64
151 189 65
151 189 66
151 189 67
151 189 68
151 189 69
151 189 70
151 189 71
151 189 72
151 189 73
151 189 74
151 189 75
151 189 76
151 189 77
152 189 40
152 189 41
152 189 42
152 189 43
152 189 44
152 189 45
152 189 46
152 189 47
152 189 48
152 189 49
152 189 50
152 189 51
152 189 52
152 189 53
152 189 54
152 189 55
152 189 56
152 189 57
152 189 58
152 189 59
152 189 60
152 189 61
152 189 62
152 189 63
152 189 64
152 189 65
152 189 66
152 189 67
152 189 68
152 189 69
152 189 70
152 189 71
152 189 72
152 189 73
152 189 74
152 189 75
152 189 76
152 189 77
153 189 40
153 189 41
153 189 42
153 189 43
153 189 44
153 189 45
153 189 46
153 189 47
153 189 48
153 189 49
153 189 50
153 189 51
153 189 52
153 189 53
153 189 54
153 189 55
153 189 56
153 189 57
153 189 58
153 189 59
153 189 60
153 189 61
153 189 62
153 189 63
153 189 64
153 189 65
153 189 66
153 189 67
153 189 68
153 189 69
153 189 70
153 189 71
153 189 72
153 189 73
153 189 74
153 189 75
153 189 76
153 189 77
154 189 40
154 189 41
154 189 42
154 189 43
154 189 44
154 189 45
154 189 46
154 189 47
154 189 48
154 189 49
154 189 50
154 189 51
154 189 52
154 189 53
154 189 54
154 189 55
154 189 56
154 189 57
154 189 58
154 189 59
154 189 60
154 189 61
154 189 62
154 189 63
154 189 64
154 189 65
154 189 66
154 189 67
154 189 68
154 189 69
154 189 70
154 189 71
154 189 72
154 189 73
154 189 74
154 189 75
155 189 40
155 189 41
155 189 42
155 189 43
155 189 44
155 189 45
155 189 46
155 189 47
155 189 48
155 189 49
155 189 50
155 189 51
155 189 52
155 189 53
155 189 54
155 189 55
155 189 56
155 189 57
155 189 58
155 189 59
155 189 60
155 189 61
155 189 62
155 189 63
155 189 64
155 189 65
155 189 66
155 189 67
155 189 68
155 189 69
155 189 70
155 189 71
155 189 72
155 189 73
156 189 40
156 189 41
156 189 42
156 189 43
156 189 44
156 189 45
156 189 46
156 189 47
156 189 48
156 189 49
156 189 50
156 189 51
156 189 52
156 189 53
156 189 54
156 189 55
156 189 56
156 189 57
156 189 58
156 189 59
156 189 60
156 189 61
156 189 62
156 189 63
156 189 64
156 189 65
156 189 66
156 189 67
156 189 68
156 189 69
156 189 70
157 189 40
157 189 41
157 189 42
157 189 43
157 189 44
157 189 45
157 189 46
157 189 47
157 189 48
157 189 49
157 189 50
157 189 51
157 189 52
157 189 53
157 189 54
157 189 55
157 189 56
157 189 57
157 189 58
157 189 59
157 189 60
157 189 61
157 189 62
157 189 63
157 189 64
157 189 65
157 189 66
158 189 40
158 189 41
158 189 42
158 189 43
158 189 44
158 189 45
158 189 46
158 189 47
158 189 48
158 189 49
158 189 50
158 189 51
158 189 52
158 189 53
158 189 54
158 189 55
158 189 56
158 189 57
158 189 58
158 189 59
158 189 60
158 189 61
158 189 62
159 189 40
159 189 41
159 189 42
159 189 43
159 189 44
159 189 45
159 189 46
159 189 47
159 189 48
159 189 49
159 189 50
159 189 51
159 189 52
159 189 53
159 189 54
159 189 55
159 189 56
159 189 57
160 189 40
160 189 41
160 189 42
160 189 43
160 189 44
160 189 45
160 189 46
160 189 47
160 189 48
160 189 49
160 189 50
160 189 51
160 189 52
160 189 53
161 189 40
161 189 41
161 189 42
161 189 43
161 189 44
161 189 45
161 189 46
161 189 47
161 189 48
161 189 49
162 189 40
162 189 41
162 189 42
162 189 43
162 189 44
162 189 45
162 189 46
163 189 40
163 189 41
163 189 42
163 189 43
163 189 44
164 189 40
164 189 41
164 189 42
165 189 40
165 189 41
166 189 40
167 189 40
168 189 40
168 188 40
