9 9 100
9 29 100
9 49 100
9 69 100
9 89 100
9 109 100
9 129 100
9 149 100
9 169 100
9 189 100
29 9 100
29 29 100
29 49 100
29 69 100
29 89 100
29 109 100
29 129 100
29 149 100
29 169 100
29 189 100
49 9 100
49 29 100
49 49 100
49 69 100
49 89 100
49 109 100
49 129 100
49 149 100
49 169 100
49 189 100
69 9 100
69 29 100
69 49 100
69 69 100
69 89 100
69 109 100
69 129 100
69 149 100
69 169 100
69 189 100
89 9 100
89 29 100
89 49 100
89 69 100
89 89 100
89 109 100
89 129 100
89 149 100
89 169 100
89 189 100
109 9 100
109 29 100
109 49 100
109 69 100
109 89 100
109 109 100
109 129 100
109 149 100
109 169 100
109 189 100
129 9 100
129 29 100
129 49 100
129 69 100
129 89 100
129 109 100
129 129 100
129 149 100
129 169 100
129 189 100
149 9 100
149 29 100
149 49 100
149 69 100
149 89 100
149 109 100
149 129 100
149 149 100
149 169 100
149 189 100
169 9 100
169 29 100
169 49 100
169 69 100
169 89 100
169 109 100
169 129 100
169 149 100
169 169 100
169 189 100
189 9 100
189 29 100
189 49 100
189 69 100
189 89 100
189 109 100
189 129 100
189 149 100
189 169 100
189 189 100
9 9 100
9 29 100
9 69 100
9 109 100
9 129 100
9 149 100
9 169 100
29 29 100
29 109 100
29 129 100
29 149 100
29 169 100
29 189 100
49 9 100
49 29 100
49 49 100
49 69 100
49 129 100
49 149 100
49 189 100
69 9 100
69 29 100
69 89 100
69 109 100
69 129 100
69 189 100
89 9 100
89 29 100
89 89 100
89 109 100
89 129 100
89 189 100
109 9 100
109 29 100
109 89 100
109 129 100
109 189 100
129 69 100
129 89 100
129 169 100
129 189 100
149 9 100
149 29 100
149 49 100
149 89 100
149 109 100
149 129 100
149 149 100
169 9 100
169 29 100
169 89 100
169 109 100
169 129 100
169 149 100
169 169 100
189 29 100
189 49 100
189 89 100
189 129 100
189 169 100
0 21 40
137 125 40
137 125 168
183 189 40
59 113 40
116 66 40
189 7 40
62 59 40
63 59 40
64 59 40
65 59 40
65 60 40
65 61 40
65 62 40
65 63 40
65 64 40
66 64 40
66 65 40
66 66 40
67 66 40
67 67 40
67 68 40
67 69 40
67 70 40
67 71 40
66 71 40
66 72 40
66 73 40
65 73 40
65 74 40
64 74 40
63 74 40
63 75 40
63 76 40
62 76 40
61 76 40
61 77 40
61 78 40
61 78 168
60 78 40
60 78 168
60 79 40
60 79 168
59 79 40
59 79 168
58 79 40
58 79 168
58 80 40
58 80 168
58 81 40
58 81 168
57 81 40
57 81 168
56 81 40
56 81 168
56 82 40
56 82 168
55 82 40
55 82 168
55 83 40
55 83 168
54 83 40
54 83 168
54 84 40
54 84 168
53 84 40
53 84 168
53 85 40
53 85 168
52 85 40
52 85 168
52 86 40
52 86 168
51 86 40
51 86 168
51 87 40
51 87 168
50 87 40
50 87 168
50 88 40
50 88 168
49 88 40
49 88 168
49 90 40
49 91 40
49 92 40
49 93 40
49 94 40
49 95 40
49 96 40
49 97 40
49 98 40
49 99 40
49 100 40
49 101 40
49 102 40
49 103 40
49 104 40
49 105 40
49 106 40
49 107 40
49 108 40
50 109 40
50 110 40
51 110 40
51 111 40
52 111 40
52 112 40
53 112 40
53 113 40
54 113 40
55 113 40
56 113 40
57 113 40
58 113 40
115 66 40
114 66 40
113 66 40
112 66 40
111 66 40
111 67 40
110 67 40
110 68 40
109 68 40
108 69 40
107 69 40
106 69 40
105 69 40
104 69 40
103 69 40
102 69 40
101 69 40
100 69 40
99 69 40
98 69 40
97 69 40
96 69 40
95 69 40
94 69 40
93 69 40
92 69 40
91 69 40
90 69 40
88 69 40
87 69 40
86 69 40
85 69 40
84 69 40
83 69 40
82 69 40
81 69 40
80 69 40
79 69 40
78 69 40
77 69 40
76 69 40
75 69 40
74 69 40
73 69 40
72 69 40
71 69 40
70 69 40
68 69 40
188 7 40
187 7 40
186 7 40
185 7 40
184 7 40
183 7 40
182 7 40
181 7 40
180 7 40
179 7 40
178 7 40
177 7 40
176 7 40
175 7 40
174 7 40
173 7 40
172 7 40
171 7 40
171 7 168
170 7 40
170 7 168
169 7 40
169 7 168
168 7 40
168 7 168
167 7 40
167 7 168
166 7 40
166 7 168
166 7 296
165 7 40
165 7 168
165 7 296
165 7 424
164 7 40
164 7 168
164 7 296
164 7 424
163 7 40
163 7 168
163 7 296
163 7 424
163 7 552
162 7 40
162 7 168
162 7 296
162 7 424
162 7 552
161 7 40
161 7 168
161 7 296
161 7 424
161 7 552
161 7 680
160 7 40
160 7 168
160 7 296
160 7 424
160 7 552
160 7 680
159 7 40
159 7 168
159 7 296
159 7 424
159 7 552
159 7 680
159 7 808
158 7 40
158 7 168
158 7 296
158 7 424
158 7 552
158 7 680
158 7 808
157 7 40
157 7 168
157 7 296
157 7 424
157 7 552
157 7 680
157 7 808
156 7 40
156 7 168
156 7 296
156 7 424
156 7 552
156 7 680
156 7 808
155 7 40
155 7 168
155 7 296
155 7 424
155 7 552
155 7 680
155 7 808
154 7 40
154 7 168
154 7 296
154 7 424
154 7 552
154 7 680
154 7 808
153 7 40
153 7 168
153 7 296
153 7 424
153 7 552
153 7 680
153 7 808
152 7 40
152 7 168
152 7 296
152 7 424
152 7 552
152 7 680
152 7 808
151 7 40
151 7 168
151 7 296
151 7 424
151 7 552
151 7 680
151 7 808
150 7 40
150 7 168
150 7 296
150 7 424
150 7 552
150 7 680
149 7 40
149 7 168
149 7 296
149 7 424
149 7 552
149 7 680
148 7 40
148 7 168
148 7 296
148 7 424
148 7 552
148 7 680
147 7 40
147 7 168
147 7 296
147 7 424
147 7 552
146 7 40
146 7 168
146 7 296
146 7 424
145 7 40
145 7 168
145 7 296
145 7 424
144 7 40
144 7 168
144 7 296
143 7 40
143 7 168
142 7 40
142 7 168
141 7 40
141 7 168
140 7 40
139 7 40
138 7 40
137 7 40
136 7 40
135 7 40
134 7 40
133 7 40
132 7 40
131 7 40
130 7 40
129 7 40
129 8 40
129 10 40
129 11 40
129 12 40
129 13 40
129 14 40
129 15 40
129 16 40
129 17 40
129 18 40
129 19 40
129 20 40
129 21 40
129 22 40
129 23 40
129 24 40
129 25 40
129 26 40
129 27 40
129 28 40
129 30 40
129 31 40
129 32 40
129 33 40
129 34 40
129 35 40
129 36 40
129 37 40
129 38 40
129 39 40
129 40 40
129 41 40
129 42 40
129 43 40
129 44 40
129 45 40
129 46 40
129 47 40
129 48 40
128 49 40
127 49 40
126 49 40
125 49 40
124 49 40
123 49 40
122 49 40
121 49 40
120 49 40
119 49 40
118 49 40
117 49 40
116 49 40
115 49 40
114 49 40
113 49 40
112 49 40
111 49 40
110 49 40
109 50 40
109 51 40
109 52 40
109 53 40
109 54 40
109 55 40
109 56 40
109 57 40
109 58 40
109 59 40
109 60 40
109 61 40
109 62 40
109 63 40
109 64 40
109 65 40
109 66 40
109 67 40
