9 9 100
9 29 100
9 49 100
9 69 100
9 89 100
9 109 100
9 129 100
9 149 100
9 169 100
9 189 100
29 9 100
29 29 100
29 49 100
29 69 100
29 89 100
29 109 100
29 129 100
29 149 100
29 169 100
29 189 100
49 9 100
49 29 100
49 49 100
49 69 100
49 89 100
49 109 100
49 129 100
49 149 100
49 169 100
49 189 100
69 9 100
69 29 100
69 49 100
69 69 100
69 89 100
69 109 100
69 129 100
69 149 100
69 169 100
69 189 100
89 9 100
89 29 100
89 49 100
89 69 100
89 89 100
89 109 100
89 129 100
89 149 100
89 169 100
89 189 100
109 9 100
109 29 100
109 49 100
109 69 100
109 89 100
109 109 100
109 129 100
109 149 100
109 169 100
109 189 100
129 9 100
129 29 100
129 49 100
129 69 100
129 89 100
129 109 100
129 129 100
129 149 100
129 169 100
129 189 100
149 9 100
149 29 100
149 49 100
149 69 100
149 89 100
149 109 100
149 129 100
149 149 100
149 169 100
149 189 100
169 9 100
169 29 100
169 49 100
169 69 100
169 89 100
169 109 100
169 129 100
169 149 100
169 169 100
169 189 100
189 9 100
189 29 100
189 49 100
189 69 100
189 89 100
189 109 100
189 129 100
189 149 100
189 169 100
189 189 100
9 29 100
9 49 100
9 69 100
9 109 100
9 149 100
9 169 100
9 189 100
29 9 100
29 29 100
29 69 100
29 129 100
29 149 100
29 189 100
49 9 100
49 69 100
49 109 100
49 129 100
49 189 100
69 9 100
69 69 100
69 89 100
69 109 100
69 129 100
69 189 100
89 29 100
89 49 100
89 69 100
89 109 100
89 129 100
89 189 100
109 29 100
109 69 100
109 89 100
109 109 100
109 129 100
129 29 100
129 69 100
129 89 100
129 129 100
129 169 100
149 69 100
149 89 100
149 169 100
169 29 100
169 49 100
169 69 100
169 89 100
169 109 100
169 149 100
169 189 100
189 29 100
189 129 100
189 149 100
189 189 100
176 2 40
186 50 40
88 149 40
107 103 40
107 103 72
107 103 104
107 103 136
107 103 168
159 126 40
35 108 40
110 22 40
110 22 72
110 22 104
124 196 40
29 54 40
29 54 72
189 139 40
189 139 72
186 49 40
185 49 40
184 49 40
183 49 40
182 49 40
181 49 40
180 49 40
179 49 40
178 49 40
177 49 40
176 49 40
175 49 40
175 49 72
174 49 40
174 49 72
173 49 40
173 49 72
172 49 40
172 49 72
171 49 40
171 49 72
170 49 40
170 49 72
168 49 40
168 49 72
168 49 104
167 49 40
167 49 72
167 49 104
166 49 40
166 49 72
165 49 40
165 49 72
164 49 40
164 49 72
163 49 40
163 49 72
162 49 40
162 49 72
161 49 40
161 49 72
160 49 40
160 49 72
159 49 40
159 49 72
159 49 104
158 49 40
158 49 72
158 49 104
157 49 40
157 49 72
157 49 104
156 49 40
156 49 72
156 49 104
156 49 136
155 49 40
155 49 72
155 49 104
155 49 136
154 49 40
154 49 72
154 49 104
153 49 40
153 49 72
153 49 104
152 49 40
152 49 72
151 49 40
151 49 72
150 49 40
150 49 72
149 48 40
149 47 40
149 46 40
149 45 40
149 44 40
149 43 40
149 42 40
149 41 40
149 40 40
149 39 40
149 38 40
149 37 40
149 36 40
149 35 40
149 34 40
149 33 40
149 32 40
149 31 40
149 30 40
149 28 40
149 27 40
149 26 40
149 25 40
149 24 40
149 23 40
149 22 40
149 21 40
149 20 40
149 19 40
149 18 40
149 17 40
149 16 40
149 15 40
149 14 40
149 13 40
149 12 40
149 11 40
149 10 40
149 8 40
149 7 40
149 6 40
149 5 40
149 4 40
149 3 40
150 3 40
151 3 40
152 3 40
153 3 40
154 3 40
155 3 40
156 3 40
157 3 40
158 3 40
159 3 40
160 3 40
161 3 40
162 3 40
163 3 40
164 3 40
165 3 40
166 3 40
167 3 40
168 3 40
169 3 40
169 2 40
170 2 40
171 2 40
172 2 40
173 2 40
174 2 40
175 2 40
189 138 40
189 138 72
189 137 40
189 137 72
189 136 40
189 136 72
189 135 40
189 135 72
189 134 40
189 134 72
189 133 40
189 133 72
189 132 40
189 132 72
189 131 40
189 131 72
189 131 104
189 130 40
189 130 72
189 130 104
189 128 40
189 128 72
189 128 104
189 127 40
189 127 72
189 127 104
189 127 136
189 126 40
189 126 72
189 126 104
189 126 136
189 125 40
189 125 72
189 125 104
189 125 136
189 125 168
189 124 40
189 124 72
189 124 104
189 124 136
189 124 168
189 123 40
189 123 72
189 123 104
189 123 136
189 123 168
189 122 40
189 122 72
189 122 104
189 122 136
189 121 40
189 121 72
189 121 104
189 121 136
189 120 40
189 120 72
189 120 104
189 120 136
189 119 40
189 119 72
189 119 104
189 118 40
189 118 72
189 118 104
189 117 40
189 117 72
189 116 40
189 116 72
189 115 40
189 115 72
189 114 40
189 114 72
189 113 40
189 113 72
189 112 40
189 111 40
189 111 72
189 110 40
189 110 72
189 108 40
189 108 72
189 107 40
189 107 72
189 106 40
189 106 72
189 106 104
189 105 40
189 105 72
189 105 104
189 104 40
189 104 72
189 104 104
189 103 40
189 103 72
189 103 104
189 102 40
189 102 72
189 102 104
189 101 40
189 101 72
189 101 104
189 100 40
189 100 72
189 100 104
189 99 40
189 99 72
189 99 104
189 98 40
189 98 72
189 98 104
189 97 40
189 97 72
189 97 104
189 96 40
189 96 72
189 96 104
189 95 40
189 95 72
189 94 40
189 94 72
189 93 40
189 93 72
189 92 40
189 92 72
189 91 40
189 91 72
189 90 40
189 90 72
189 88 40
189 88 72
189 87 40
189 87 72
189 86 40
189 86 72
189 85 40
189 85 72
189 84 40
189 84 72
189 83 40
189 82 40
189 81 40
189 80 40
189 79 40
189 78 40
189 77 40
189 76 40
189 75 40
189 74 40
189 73 40
189 72 40
189 71 40
189 70 40
189 68 40
189 67 40
189 66 40
189 65 40
189 64 40
189 63 40
189 62 40
189 61 40
189 60 40
189 59 40
189 58 40
189 57 40
189 56 40
189 55 40
189 54 40
189 53 40
189 52 40
189 51 40
189 50 40
188 50 40
187 50 40
160 126 40
161 126 40
162 126 40
163 126 40
164 126 40
165 126 40
166 126 40
166 127 40
167 127 40
167 128 40
168 128 40
168 128 72
168 129 40
168 129 72
170 129 40
170 129 72
170 130 40
170 130 72
170 130 104
171 130 40
171 130 72
171 130 104
172 130 40
172 130 72
172 130 104
173 130 40
173 130 72
173 130 104
173 130 136
174 130 40
174 130 72
174 130 104
174 130 136
175 130 40
175 130 72
175 130 104
175 130 136
176 130 40
176 130 72
176 130 104
177 130 40
177 130 72
177 130 104
178 130 40
178 130 72
178 130 104
179 130 40
179 130 72
179 130 104
180 130 40
180 130 72
181 130 40
181 130 72
182 130 40
182 130 72
182 130 104
183 130 40
183 130 72
183 130 104
184 130 40
184 130 72
184 130 104
185 130 40
185 130 72
185 130 104
186 130 40
186 130 72
186 130 104
187 130 40
187 130 72
187 130 104
188 130 40
188 130 72
188 130 104
90 149 40
91 149 40
92 149 40
93 149 40
94 149 40
95 149 40
96 149 40
97 149 40
98 149 40
99 149 40
100 149 40
101 149 40
102 149 40
103 149 40
104 149 40
105 149 40
106 149 40
107 149 40
108 149 40
110 149 40
110 149 72
111 149 40
111 149 72
112 149 40
112 149 72
113 149 40
113 149 72
114 149 40
114 149 72
114 149 104
115 149 40
115 149 72
115 149 104
116 149 40
116 149 72
116 149 104
117 149 40
117 149 72
117 149 104
118 149 40
118 149 72
118 149 104
119 149 40
119 149 72
119 149 104
120 149 40
120 149 72
120 149 104
121 149 40
121 149 72
121 149 104
122 149 40
122 149 72
122 149 104
123 149 40
123 149 72
123 149 104
124 149 40
124 149 72
124 149 104
124 149 136
125 149 40
125 149 72
125 149 104
126 149 40
126 149 72
126 149 104
127 149 40
127 149 72
127 149 104
128 149 40
128 149 72
130 149 40
130 149 72
131 149 40
132 149 40
133 149 40
134 149 40
135 149 40
136 149 40
137 149 40
138 149 40
139 149 40
140 149 40
141 149 40
142 149 40
143 149 40
144 149 40
145 149 40
146 149 40
147 149 40
148 149 40
149 148 40
149 147 40
149 146 40
149 145 40
149 144 40
149 143 40
149 142 40
149 141 40
149 140 40
149 139 40
149 138 40
149 137 40
149 136 40
149 135 40
149 134 40
149 133 40
149 132 40
149 131 40
149 130 40
150 129 40
150 128 40
151 128 40
151 127 40
152 127 40
152 126 40
153 126 40
154 126 40
155 126 40
156 126 40
157 126 40
158 126 40
124 195 40
124 194 40
124 193 40
124 192 40
124 191 40
123 191 40
122 191 40
121 191 40
120 191 40
119 191 40
118 191 40
117 191 40
116 191 40
115 191 40
114 191 40
113 191 40
112 191 40
111 191 40
111 190 40
111 190 72
110 190 40
110 190 72
110 189 40
110 189 72
109 188 40
109 188 72
109 187 40
109 187 72
109 186 40
109 186 72
109 186 104
109 185 40
109 185 72
109 185 104
109 184 40
109 184 72
109 184 104
109 183 40
109 183 72
109 183 104
109 182 40
109 182 72
109 182 104
109 181 40
109 181 72
109 181 104
109 181 136
109 180 40
109 180 72
109 180 104
109 180 136
109 179 40
109 179 72
109 179 104
109 179 136
109 179 168
109 178 40
109 178 72
109 178 104
109 178 136
109 178 168
109 177 40
109 177 72
109 177 104
109 177 136
109 177 168
109 176 40
109 176 72
109 176 104
109 176 136
109 176 168
109 175 40
109 175 72
109 175 104
109 175 136
109 174 40
109 174 72
109 174 104
109 174 136
109 173 40
109 173 72
109 173 104
109 172 40
109 172 72
109 172 104
109 171 40
109 171 72
109 170 40
109 170 72
109 168 40
109 167 40
109 166 40
109 165 40
109 164 40
109 163 40
109 162 40
109 161 40
109 160 40
109 159 40
109 158 40
109 157 40
109 156 40
109 155 40
109 154 40
109 153 40
109 152 40
109 151 40
109 150 40
110 21 40
110 21 72
110 21 104
110 20 40
110 20 72
110 19 40
110 19 72
110 18 40
110 17 40
110 16 40
110 15 40
110 14 40
110 13 40
110 12 40
110 11 40
110 10 40
110 9 40
110 8 40
110 8 72
110 7 40
110 7 72
111 7 40
111 7 72
112 7 40
112 7 72
112 7 104
113 7 40
113 7 72
113 7 104
114 7 40
114 7 72
114 7 104
114 7 136
115 7 40
115 7 72
115 7 104
116 7 40
116 7 72
116 7 104
117 7 40
117 7 72
117 7 104
118 7 40
118 7 72
118 7 104
119 7 40
119 7 72
120 7 40
120 7 72
121 7 40
121 7 72
122 7 40
122 7 72
123 7 40
123 7 72
124 7 40
124 7 72
125 7 40
125 7 72
126 7 40
126 7 72
127 7 40
127 7 72
128 7 40
128 7 72
129 7 40
129 7 72
130 7 40
130 7 72
131 7 40
131 7 72
132 7 40
133 7 40
134 7 40
135 7 40
136 7 40
137 7 40
138 7 40
139 7 40
140 7 40
141 7 40
142 7 40
143 7 40
144 7 40
145 7 40
146 7 40
147 7 40
148 7 40
29 53 40
29 52 40
29 51 40
29 50 40
30 49 40
30 49 72
31 49 40
32 49 40
33 49 40
34 49 40
35 49 40
35 49 72
36 49 40
36 49 72
37 49 40
37 49 72
38 49 40
38 49 72
39 49 40
39 49 72
40 49 40
41 49 40
42 49 40
43 49 40
44 49 40
45 49 40
46 49 40
47 49 40
48 49 40
50 49 40
51 49 40
52 49 40
53 49 40
54 49 40
55 49 40
56 49 40
57 49 40
58 49 40
59 49 40
60 49 40
61 49 40
62 49 40
63 49 40
64 49 40
65 49 40
66 49 40
67 49 40
68 49 40
70 49 40
71 49 40
72 49 40
72 49 72
73 49 40
73 49 72
74 49 40
74 49 72
75 49 40
75 49 72
76 49 40
76 49 72
77 49 40
77 49 72
78 49 40
78 49 72
79 49 40
79 49 72
80 49 40
80 49 72
81 49 40
81 49 72
82 49 40
82 49 72
83 49 40
83 49 72
83 49 104
84 49 40
84 49 72
84 49 104
85 49 40
85 49 72
85 49 104
86 49 40
86 49 72
86 49 104
86 49 136
87 49 40
87 49 72
87 49 104
88 49 40
88 49 72
88 49 104
90 49 40
90 49 72
90 49 104
91 49 40
91 49 72
92 49 40
92 49 72
93 49 40
93 49 72
94 49 40
94 49 72
95 49 40
95 49 72
96 49 40
96 49 72
97 49 40
98 49 40
99 49 40
100 49 40
101 49 40
102 49 40
103 49 40
104 49 40
105 49 40
106 49 40
107 49 40
108 49 40
110 49 40
111 49 40
112 49 40
112 49 72
113 49 40
113 49 72
114 49 40
114 49 72
114 49 104
115 49 40
115 49 72
115 49 104
116 49 40
116 49 72
116 49 104
116 49 136
117 49 40
117 49 72
117 49 104
117 49 136
117 49 168
118 49 40
118 49 72
118 49 104
118 49 136
118 49 168
118 49 200
119 49 40
119 49 72
119 49 104
119 49 136
119 49 168
119 49 200
120 49 40
120 49 72
120 49 104
120 49 136
120 49 168
120 49 200
121 49 40
121 49 72
121 49 104
121 49 136
121 49 168
122 49 40
122 49 72
122 49 104
122 49 136
122 49 168
123 49 40
123 49 72
123 49 104
123 49 136
124 49 40
124 49 72
124 49 104
124 49 136
125 49 40
125 49 72
125 49 104
126 49 40
126 49 72
126 49 104
127 49 40
127 49 72
127 49 104
128 49 40
128 49 72
130 49 40
130 49 72
131 49 40
132 49 40
133 49 40
134 49 40
135 49 40
136 49 40
137 49 40
138 49 40
139 49 40
140 49 40
141 49 40
142 49 40
143 49 40
144 49 40
145 49 40
146 49 40
147 49 40
148 49 40
108 103 40
108 103 72
108 103 104
108 103 136
109 103 40
109 103 72
109 103 104
110 103 40
110 103 72
110 103 104
111 103 40
111 103 72
111 103 104
112 103 40
112 103 72
113 103 40
113 103 72
114 103 40
114 103 72
115 103 40
115 103 72
116 103 40
116 103 72
117 103 40
117 103 72
118 103 40
118 103 72
119 103 40
120 103 40
121 103 40
122 103 40
123 103 40
123 103 72
124 103 40
124 103 72
124 104 40
124 105 40
125 105 40
126 105 40
126 106 40
127 106 40
127 107 40
128 107 40
128 108 40
129 108 40
130 109 40
131 109 40
131 109 72
132 109 40
132 109 72
133 109 40
133 109 72
134 109 40
134 109 72
134 109 104
135 109 40
135 109 72
135 109 104
135 109 136
136 109 40
136 109 72
136 109 104
136 109 136
137 109 40
137 109 72
137 109 104
137 109 136
138 109 40
138 109 72
138 109 104
138 109 136
139 109 40
139 109 72
139 109 104
139 109 136
140 109 40
140 109 72
140 109 104
140 109 136
141 109 40
141 109 72
141 109 104
142 109 40
142 109 72
142 109 104
143 109 40
143 109 72
143 109 104
144 109 40
144 109 72
145 109 40
145 109 72
146 109 40
146 109 72
147 109 40
147 109 72
148 109 40
148 109 72
149 110 40
149 110 72
149 111 40
149 111 72
149 112 40
149 112 72
149 113 40
149 113 72
149 113 104
149 114 40
149 114 72
149 114 104
149 115 40
149 115 72
149 116 40
149 116 72
149 117 40
149 117 72
149 118 40
149 119 40
149 120 40
149 121 40
149 122 40
149 123 40
149 124 40
149 125 40
149 126 40
149 127 40
149 128 40
34 108 40
33 108 40
32 108 40
31 108 40
30 108 40
29 108 40
29 107 40
29 106 40
29 105 40
29 104 40
29 103 40
29 102 40
29 101 40
29 100 40
29 99 40
29 98 40
29 97 40
29 96 40
29 95 40
29 94 40
29 93 40
29 92 40
29 91 40
29 90 40
30 89 40
31 89 40
32 89 40
33 89 40
34 89 40
35 89 40
36 89 40
37 89 40
38 89 40
39 89 40
40 89 40
41 89 40
42 89 40
43 89 40
44 89 40
45 89 40
46 89 40
47 89 40
47 89 72
48 89 40
48 89 72
50 89 40
50 89 72
50 89 104
51 89 40
51 89 72
51 89 104
52 89 40
52 89 72
52 89 104
53 89 40
53 89 72
53 89 104
53 89 136
54 89 40
54 89 72
54 89 104
54 89 136
55 89 40
55 89 72
55 89 104
56 89 40
56 89 72
56 89 104
57 89 40
57 89 72
57 89 104
58 89 40
58 89 72
58 89 104
59 89 40
59 89 72
59 89 104
60 89 40
60 89 72
61 89 40
61 89 72
62 89 40
62 89 72
63 89 40
63 89 72
64 89 40
64 89 72
65 89 40
65 89 72
66 89 40
66 89 72
67 89 40
67 89 72
67 89 104
68 89 40
68 89 72
68 89 104
70 89 40
70 89 72
71 89 40
71 89 72
72 89 40
72 89 72
73 89 40
74 89 40
75 89 40
76 89 40
77 89 40
78 89 40
79 89 40
80 89 40
81 89 40
82 89 40
83 89 40
84 89 40
85 89 40
86 89 40
86 89 72
87 89 40
87 89 72
88 89 40
88 89 72
89 90 40
89 90 72
90 90 40
90 90 72
90 90 104
90 91 40
90 91 72
90 91 104
91 91 40
91 91 72
91 91 104
91 92 40
91 92 72
91 92 104
92 92 40
92 92 72
92 92 104
92 93 40
92 93 72
93 93 40
93 93 72
94 93 40
94 93 72
94 94 40
94 94 72
95 94 40
95 94 72
95 95 40
95 95 72
95 96 40
95 96 72
96 96 40
96 96 72
97 96 40
97 96 72
97 96 104
97 97 40
97 97 72
97 97 104
97 98 40
97 98 72
97 98 104
97 98 136
98 98 40
98 98 72
98 98 104
98 98 136
98 98 168
99 98 40
99 98 72
99 98 104
99 98 136
99 98 168
99 99 40
99 99 72
99 99 104
99 99 136
99 99 168
99 99 200
100 99 40
100 99 72
100 99 104
100 99 136
100 99 168
100 99 200
100 100 40
100 100 72
100 100 104
100 100 136
100 100 168
100 100 200
100 100 232
100 101 40
100 101 72
100 101 104
100 101 136
100 101 168
100 101 200
100 101 232
100 101 264
101 101 40
101 101 72
101 101 104
101 101 136
101 101 168
101 101 200
101 101 232
101 101 264
101 102 40
101 102 72
101 102 104
101 102 136
101 102 168
101 102 200
101 102 232
101 102 264
101 102 296
102 102 40
102 102 72
102 102 104
102 102 136
102 102 168
102 102 200
102 102 232
102 102 264
102 103 40
102 103 72
102 103 104
102 103 136
102 103 168
102 103 200
102 103 232
102 103 264
103 103 40
103 103 72
103 103 104
103 103 136
103 103 168
103 103 200
103 103 232
103 103 264
104 103 40
104 103 72
104 103 104
104 103 136
104 103 168
104 103 200
104 103 232
105 103 40
105 103 72
105 103 104
105 103 136
105 103 168
105 103 200
106 103 40
106 103 72
106 103 104
106 103 136
106 103 168
