9 9 100
9 29 100
9 49 100
9 69 100
9 89 100
9 109 100
9 129 100
9 149 100
9 169 100
9 189 100
29 9 100
29 29 100
29 49 100
29 69 100
29 89 100
29 109 100
29 129 100
29 149 100
29 169 100
29 189 100
49 9 100
49 29 100
49 49 100
49 69 100
49 89 100
49 109 100
49 129 100
49 149 100
49 169 100
49 189 100
69 9 100
69 29 100
69 49 100
69 69 100
69 89 100
69 109 100
69 129 100
69 149 100
69 169 100
69 189 100
89 9 100
89 29 100
89 49 100
89 69 100
89 89 100
89 109 100
89 129 100
89 149 100
89 169 100
89 189 100
109 9 100
109 29 100
109 49 100
109 69 100
109 89 100
109 109 100
109 129 100
109 149 100
109 169 100
109 189 100
129 9 100
129 29 100
129 49 100
129 69 100
129 89 100
129 109 100
129 129 100
129 149 100
129 169 100
129 189 100
149 9 100
149 29 100
149 49 100
149 69 100
149 89 100
149 109 100
149 129 100
149 149 100
149 169 100
149 189 100
169 9 100
169 29 100
169 49 100
169 69 100
169 89 100
169 109 100
169 129 100
169 149 100
169 169 100
169 189 100
189 9 100
189 29 100
189 49 100
189 69 100
189 89 100
189 109 100
189 129 100
189 149 100
189 169 100
189 189 100
9 9 100
9 29 100
9 49 100
9 69 100
9 89 100
9 109 100
9 149 100
9 169 100
9 189 100
29 49 100
29 69 100
29 89 100
29 109 100
29 149 100
29 169 100
29 189 100
49 9 100
49 89 100
49 129 100
49 149 100
49 169 100
49 189 100
69 9 100
69 29 100
69 69 100
69 89 100
69 109 100
69 129 100
69 169 100
69 189 100
89 29 100
89 49 100
89 69 100
89 89 100
89 109 100
89 129 100
89 149 100
89 169 100
89 189 100
109 9 100
109 29 100
109 49 100
109 69 100
109 109 100
109 149 100
109 169 100
109 189 100
129 9 100
129 29 100
129 49 100
129 89 100
129 109 100
129 129 100
129 169 100
149 9 100
149 29 100
149 89 100
149 109 100
149 129 100
149 149 100
169 29 100
169 49 100
169 69 100
169 89 100
169 109 100
169 149 100
169 169 100
189 9 100
189 29 100
189 49 100
189 89 100
189 109 100
189 129 100
189 149 100
189 169 100
91 140 40
91 140 56
91 140 72
91 140 88
91 140 104
91 140 120
91 140 136
91 140 152
91 140 168
91 140 184
91 140 200
91 140 216
91 140 232
91 140 248
91 140 264
91 140 280
91 140 296
91 140 312
91 140 328
91 140 344
91 140 360
183 185 40
88 1 40
10 115 40
55 73 40
54 73 40
53 73 40
52 73 40
51 73 40
50 73 40
49 73 40
49 74 40
49 75 40
49 75 56
49 76 40
49 76 56
49 77 40
49 77 56
49 78 40
49 78 56
49 79 40
49 79 56
49 80 40
49 80 56
49 81 40
49 81 56
49 82 40
49 82 56
49 83 40
49 83 56
49 84 40
49 84 56
49 84 72
49 85 40
49 85 56
49 85 72
49 86 40
49 86 56
49 86 72
49 87 40
49 87 56
49 87 72
49 88 40
49 88 56
49 88 72
49 90 40
49 90 56
49 90 72
49 91 40
49 91 56
49 92 40
49 92 56
49 93 40
49 93 56
49 94 40
49 95 40
49 96 40
49 97 40
49 98 40
49 99 40
49 100 40
49 101 40
49 102 40
49 103 40
49 104 40
49 105 40
49 106 40
49 107 40
49 107 56
49 108 40
49 108 56
48 109 40
48 109 56
48 109 72
48 110 40
48 110 56
48 110 72
47 110 40
47 110 56
47 110 72
47 110 88
47 111 40
47 111 56
47 111 72
47 111 88
47 112 40
47 112 56
47 112 72
47 112 88
47 112 104
46 112 40
46 112 56
46 112 72
46 112 88
46 112 104
46 112 120
46 113 40
46 113 56
46 113 72
46 113 88
46 113 104
46 113 120
46 113 136
45 113 40
45 113 56
45 113 72
45 113 88
45 113 104
45 113 120
45 113 136
44 113 40
44 113 56
44 113 72
44 113 88
44 113 104
44 113 120
44 113 136
44 113 152
44 114 40
44 114 56
44 114 72
44 114 88
44 114 104
44 114 120
44 114 136
44 114 152
43 114 40
43 114 56
43 114 72
43 114 88
43 114 104
43 114 120
43 114 136
43 114 152
43 114 168
43 115 40
43 115 56
43 115 72
43 115 88
43 115 104
43 115 120
43 115 136
43 115 152
42 115 40
42 115 56
42 115 72
42 115 88
42 115 104
42 115 120
42 115 136
42 115 152
42 115 168
42 116 40
42 116 56
42 116 72
42 116 88
42 116 104
42 116 120
42 116 136
42 116 152
42 117 40
42 117 56
42 117 72
42 117 88
42 117 104
42 117 120
42 117 136
42 117 152
41 117 40
41 117 56
41 117 72
41 117 88
41 117 104
41 117 120
41 117 136
41 117 152
41 118 40
41 118 56
41 118 72
41 118 88
41 118 104
41 118 120
41 118 136
40 118 40
40 118 56
40 118 72
40 118 88
40 118 104
40 118 120
40 118 136
40 118 152
40 119 40
40 119 56
40 119 72
40 119 88
40 119 104
40 119 120
40 119 136
39 119 40
39 119 56
39 119 72
39 119 88
39 119 104
39 119 120
39 119 136
39 119 152
39 120 40
39 120 56
39 120 72
39 120 88
39 120 104
39 120 120
39 120 136
38 120 40
38 120 56
38 120 72
38 120 88
38 120 104
38 120 120
38 120 136
37 120 40
37 120 56
37 120 72
37 120 88
37 120 104
37 120 120
37 120 136
37 120 152
37 121 40
37 121 56
37 121 72
37 121 88
37 121 104
37 121 120
36 121 40
36 121 56
36 121 72
36 121 88
36 121 104
36 121 120
36 121 136
36 122 40
36 122 56
36 122 72
36 122 88
36 122 104
35 122 40
35 122 56
35 122 72
35 122 88
35 122 104
35 123 40
35 123 56
35 123 72
35 123 88
34 123 40
34 123 56
34 123 72
34 123 88
34 124 40
34 124 56
34 124 72
33 124 40
33 124 56
33 124 72
33 125 40
33 125 56
33 125 72
32 125 40
32 125 56
32 125 72
32 126 40
32 126 56
31 126 40
31 126 56
31 127 40
31 127 56
30 127 40
30 127 56
30 128 40
30 128 56
29 128 40
29 128 56
28 129 40
28 129 56
27 129 40
27 129 56
26 129 40
26 129 56
25 129 40
25 129 56
24 129 40
24 129 56
23 129 40
23 129 56
22 129 40
22 129 56
21 129 40
21 129 56
20 129 40
20 129 56
19 129 40
19 129 56
18 129 40
18 129 56
17 129 40
17 129 56
16 129 40
16 129 56
15 129 40
15 129 56
14 129 40
14 129 56
13 129 40
13 129 56
12 129 40
12 129 56
11 129 40
10 129 40
10 128 40
10 127 40
10 126 40
10 125 40
10 124 40
10 123 40
10 122 40
10 121 40
10 120 40
10 119 40
10 118 40
10 117 40
10 116 40
