9 9 100
9 29 100
9 49 100
9 69 100
9 89 100
9 109 100
9 129 100
9 149 100
9 169 100
9 189 100
29 9 100
29 29 100
29 49 100
29 69 100
29 89 100
29 109 100
29 129 100
29 149 100
29 169 100
29 189 100
49 9 100
49 29 100
49 49 100
49 69 100
49 89 100
49 109 100
49 129 100
49 149 100
49 169 100
49 189 100
69 9 100
69 29 100
69 49 100
69 69 100
69 89 100
69 109 100
69 129 100
69 149 100
69 169 100
69 189 100
89 9 100
89 29 100
89 49 100
89 69 100
89 89 100
89 109 100
89 129 100
89 149 100
89 169 100
89 189 100
109 9 100
109 29 100
109 49 100
109 69 100
109 89 100
109 109 100
109 129 100
109 149 100
109 169 100
109 189 100
129 9 100
129 29 100
129 49 100
129 69 100
129 89 100
129 109 100
129 129 100
129 149 100
129 169 100
129 189 100
149 9 100
149 29 100
149 49 100
149 69 100
149 89 100
149 109 100
149 129 100
149 149 100
149 169 100
149 189 100
169 9 100
169 29 100
169 49 100
169 69 100
169 89 100
169 109 100
169 129 100
169 149 100
169 169 100
169 189 100
189 9 100
189 29 100
189 49 100
189 69 100
189 89 100
189 109 100
189 129 100
189 149 100
189 169 100
189 189 100
9 149 100
9 169 100
9 189 100
29 149 100
29 169 100
29 189 100
49 49 100
49 69 100
49 89 100
49 109 100
49 129 100
49 169 100
49 189 100
69 9 100
69 49 100
69 69 100
69 89 100
69 109 100
69 129 100
89 9 100
89 69 100
89 109 100
89 129 100
89 149 100
109 129 100
109 149 100
109 169 100
129 9 100
129 29 100
129 109 100
129 129 100
129 149 100
129 169 100
129 189 100
149 9 100
149 29 100
149 49 100
149 129 100
149 169 100
169 29 100
169 49 100
189 89 100
189 109 100
189 189 100
63 147 40
120 189 40
120 189 44
103 9 40
176 19 40
194 74 40
33 22 40
119 189 40
118 189 40
117 189 40
116 189 40
115 189 40
114 189 40
113 189 40
112 189 40
111 189 40
110 189 40
108 189 40
107 189 40
106 189 40
105 189 40
104 189 40
103 189 40
102 189 40
101 189 40
100 189 40
99 189 40
98 189 40
97 189 40
96 189 40
95 189 40
94 189 40
93 189 40
92 189 40
91 189 40
90 189 40
89 188 40
89 187 40
89 186 40
89 185 40
89 184 40
89 183 40
89 182 40
89 181 40
89 180 40
89 179 40
89 178 40
89 177 40
89 176 40
89 175 40
89 174 40
89 173 40
89 172 40
89 171 40
89 170 40
88 169 40
87 169 40
86 169 40
85 169 40
84 169 40
83 169 40
82 169 40
81 169 40
80 169 40
79 169 40
78 169 40
77 169 40
76 169 40
75 169 40
74 169 40
73 169 40
72 169 40
71 169 40
70 169 40
69 168 40
69 167 40
69 166 40
69 165 40
69 164 40
69 163 40
69 162 40
69 161 40
69 160 40
69 159 40
69 158 40
69 157 40
69 156 40
69 155 40
69 154 40
69 153 40
69 152 40
69 151 40
69 150 40
68 149 40
68 148 40
67 148 40
67 147 40
66 147 40
65 147 40
64 147 40
33 23 40
33 24 40
33 25 40
32 25 40
32 26 40
32 27 40
31 27 40
30 27 40
30 28 40
30 29 40
29 30 40
29 31 40
29 32 40
29 33 40
29 34 40
29 35 40
29 36 40
29 37 40
29 38 40
29 39 40
29 40 40
29 41 40
29 42 40
29 43 40
29 44 40
29 45 40
29 46 40
29 47 40
29 48 40
29 50 40
29 51 40
29 52 40
29 53 40
29 54 40
29 55 40
29 56 40
29 57 40
29 58 40
29 59 40
29 60 40
29 61 40
29 62 40
29 63 40
29 64 40
29 65 40
29 66 40
29 67 40
29 68 40
29 70 40
29 71 40
29 72 40
29 73 40
29 74 40
29 75 40
29 76 40
29 77 40
29 78 40
29 79 40
29 80 40
29 81 40
29 82 40
29 83 40
29 84 40
29 85 40
29 86 40
29 87 40
29 88 40
29 90 40
29 91 40
29 92 40
29 93 40
29 94 40
29 95 40
29 96 40
29 97 40
29 98 40
29 99 40
29 100 40
29 101 40
29 102 40
29 103 40
29 104 40
29 105 40
29 106 40
29 107 40
29 108 40
29 110 40
29 111 40
29 112 40
29 113 40
29 114 40
29 115 40
29 116 40
29 117 40
29 118 40
29 119 40
29 120 40
29 121 40
29 121 44
29 122 40
29 122 44
29 123 40
29 123 44
29 123 48
29 124 40
29 124 44
29 124 48
29 125 40
29 125 44
29 125 48
29 126 40
29 126 44
29 126 48
29 127 40
29 127 44
29 128 40
29 128 44
30 129 40
30 129 44
30 130 40
30 130 44
31 130 40
31 130 44
32 130 40
32 130 44
33 130 40
33 130 44
33 130 48
34 130 40
34 130 44
34 130 48
35 130 40
35 130 44
35 130 48
36 130 40
36 130 44
37 130 40
37 130 44
38 130 40
38 130 44
39 130 40
39 130 44
40 130 40
40 130 44
40 130 48
41 130 40
41 130 44
41 130 48
42 130 40
42 130 44
42 130 48
43 130 40
43 130 44
43 130 48
43 130 52
44 130 40
44 130 44
44 130 48
44 130 52
45 130 40
45 130 44
45 130 48
45 130 52
46 130 40
46 130 44
46 130 48
46 130 52
47 130 40
47 130 44
47 130 48
47 130 52
48 130 40
48 130 44
48 130 48
48 130 52
48 131 40
48 131 44
48 131 48
48 131 52
48 132 40
48 132 44
48 132 48
48 132 52
48 133 40
48 133 44
48 133 48
48 133 52
48 134 40
48 134 44
48 134 48
48 135 40
48 135 44
48 135 48
48 136 40
48 136 44
48 136 48
48 137 40
48 137 44
48 138 40
48 138 44
48 139 40
48 140 40
48 141 40
48 142 40
48 143 40
48 144 40
48 145 40
48 146 40
48 147 40
49 147 40
50 147 40
51 147 40
52 147 40
53 147 40
54 147 40
55 147 40
56 147 40
57 147 40
58 147 40
59 147 40
60 147 40
61 147 40
62 147 40
104 9 40
105 9 40
106 9 40
107 9 40
108 9 40
109 10 40
109 11 40
109 12 40
109 13 40
109 14 40
109 15 40
109 16 40
109 17 40
109 18 40
109 19 40
109 20 40
109 21 40
109 22 40
109 23 40
109 24 40
109 25 40
109 26 40
109 27 40
109 28 40
108 29 40
107 29 40
106 29 40
105 29 40
104 29 40
103 29 40
102 29 40
101 29 40
100 29 40
99 29 40
98 29 40
97 29 40
96 29 40
95 29 40
94 29 40
93 29 40
92 29 40
91 29 40
90 29 40
88 29 40
87 29 40
86 29 40
85 29 40
84 29 40
83 29 40
82 29 40
81 29 40
80 29 40
79 29 40
79 29 44
78 29 40
78 29 44
77 29 40
77 29 44
77 29 48
76 29 40
76 29 44
76 29 48
76 29 52
75 29 40
75 29 44
75 29 48
75 29 52
74 29 40
74 29 44
74 29 48
74 29 52
73 29 40
73 29 44
73 29 48
72 29 40
72 29 44
72 29 48
71 29 40
71 29 44
70 29 40
70 29 44
68 29 40
68 29 44
67 29 40
67 29 44
66 29 40
66 29 44
65 29 40
65 29 44
64 29 40
64 29 44
63 29 40
63 29 44
62 29 40
62 29 44
61 29 40
61 29 44
60 29 40
60 29 44
59 29 40
58 29 40
57 29 40
56 29 40
55 29 40
54 29 40
53 29 40
52 29 40
51 29 40
50 29 40
48 29 40
47 29 40
46 29 40
45 29 40
44 29 40
43 29 40
42 29 40
41 29 40
40 29 40
39 29 40
38 29 40
37 29 40
36 29 40
35 29 40
34 29 40
33 29 40
32 29 40
31 29 40
194 73 40
193 73 40
193 72 40
192 72 40
192 71 40
191 71 40
191 70 40
190 70 40
190 69 40
188 69 40
187 69 40
186 69 40
185 69 40
184 69 40
183 69 40
182 69 40
181 69 40
180 69 40
179 69 40
178 69 40
177 69 40
176 69 40
175 69 40
174 69 40
173 69 40
172 69 40
171 69 40
170 69 40
168 69 40
167 69 40
166 69 40
165 69 40
164 69 40
163 69 40
162 69 40
161 69 40
160 69 40
159 69 40
158 69 40
157 69 40
156 69 40
155 69 40
154 69 40
153 69 40
152 69 40
151 69 40
150 69 40
148 69 40
147 69 40
146 69 40
145 69 40
144 69 40
143 69 40
142 69 40
141 69 40
140 69 40
139 69 40
138 69 40
137 69 40
136 69 40
135 69 40
134 69 40
133 69 40
132 69 40
131 69 40
130 69 40
128 69 40
127 69 40
126 69 40
125 69 40
124 69 40
123 69 40
122 69 40
121 69 40
120 69 40
119 69 40
118 69 40
117 69 40
116 69 40
115 69 40
114 69 40
113 69 40
112 69 40
111 69 40
110 69 40
109 68 40
109 67 40
109 66 40
109 65 40
109 64 40
109 63 40
109 62 40
109 61 40
109 60 40
109 59 40
109 58 40
109 57 40
109 56 40
109 55 40
109 54 40
109 53 40
109 52 40
109 51 40
109 50 40
109 48 40
109 47 40
109 46 40
109 45 40
109 44 40
109 43 40
109 42 40
109 41 40
109 40 40
109 39 40
109 38 40
109 37 40
109 36 40
109 35 40
109 34 40
109 33 40
109 32 40
109 31 40
109 30 40
176 20 40
176 21 40
176 22 40
176 23 40
176 24 40
176 25 40
177 25 40
178 25 40
179 25 40
180 25 40
181 25 40
182 25 40
183 25 40
184 25 40
185 25 40
186 25 40
186 26 40
187 26 40
187 27 40
188 27 40
188 28 40
188 29 40
189 30 40
189 31 40
189 32 40
189 33 40
189 34 40
189 35 40
189 36 40
189 37 40
189 38 40
189 38 44
189 39 40
189 39 44
189 40 40
189 40 44
189 41 40
189 41 44
189 42 40
189 42 44
189 43 40
189 43 44
189 44 40
189 44 44
189 45 40
189 45 44
189 46 40
189 46 44
189 47 40
189 47 44
189 48 40
189 48 44
189 50 40
189 51 40
189 52 40
189 53 40
189 54 40
189 55 40
189 56 40
189 57 40
189 57 44
189 58 40
189 59 40
189 60 40
189 61 40
189 62 40
189 63 40
189 64 40
189 65 40
189 66 40
189 67 40
189 68 40
