9 9 100
9 29 100
9 49 100
9 69 100
9 89 100
9 109 100
9 129 100
9 149 100
9 169 100
9 189 100
29 9 100
29 29 100
29 49 100
29 69 100
29 89 100
29 109 100
29 129 100
29 149 100
29 169 100
29 189 100
49 9 100
49 29 100
49 49 100
49 69 100
49 89 100
49 109 100
49 129 100
49 149 100
49 169 100
49 189 100
69 9 100
69 29 100
69 49 100
69 69 100
69 89 100
69 109 100
69 129 100
69 149 100
69 169 100
69 189 100
89 9 100
89 29 100
89 49 100
89 69 100
89 89 100
89 109 100
89 129 100
89 149 100
89 169 100
89 189 100
109 9 100
109 29 100
109 49 100
109 69 100
109 89 100
109 109 100
109 129 100
109 149 100
109 169 100
109 189 100
129 9 100
129 29 100
129 49 100
129 69 100
129 89 100
129 109 100
129 129 100
129 149 100
129 169 100
129 189 100
149 9 100
149 29 100
149 49 100
149 69 100
149 89 100
149 109 100
149 129 100
149 149 100
149 169 100
149 189 100
169 9 100
169 29 100
169 49 100
169 69 100
169 89 100
169 109 100
169 129 100
169 149 100
169 169 100
169 189 100
189 9 100
189 29 100
189 49 100
189 69 100
189 89 100
189 109 100
189 129 100
189 149 100
189 169 100
189 189 100
9 29 100
9 49 100
9 69 100
9 89 100
9 129 100
9 169 100
29 109 100
29 129 100
29 149 100
29 169 100
49 9 100
49 29 100
49 49 100
49 69 100
49 89 100
49 109 100
49 129 100
49 149 100
49 169 100
49 189 100
69 29 100
69 49 100
69 89 100
69 109 100
69 149 100
69 169 100
69 189 100
89 9 100
89 29 100
89 49 100
89 109 100
89 129 100
89 149 100
109 9 100
109 29 100
109 69 100
109 129 100
109 169 100
129 29 100
129 49 100
129 89 100
129 109 100
129 129 100
129 149 100
129 169 100
129 189 100
149 9 100
149 29 100
149 49 100
149 69 100
149 89 100
149 109 100
149 189 100
169 9 100
169 49 100
169 69 100
169 109 100
169 149 100
169 169 100
169 189 100
189 29 100
189 69 100
189 89 100
189 109 100
189 149 100
189 169 100
189 189 100
182 1 40
37 36 40
163 130 40
9 185 40
22 89 40
82 161 40
69 63 40
69 64 40
69 65 40
69 66 40
69 67 40
69 68 40
70 69 40
71 69 40
72 69 40
73 69 40
74 69 40
75 69 40
76 69 40
77 69 40
78 69 40
79 69 40
80 69 40
81 69 40
82 69 40
83 69 40
84 69 40
85 69 40
86 69 40
87 69 40
88 69 40
89 70 40
89 71 40
89 72 40
89 73 40
89 74 40
89 75 40
89 76 40
89 77 40
89 78 40
89 79 40
89 80 40
89 81 40
89 82 40
89 83 40
89 84 40
89 85 40
89 86 40
89 87 40
89 88 40
90 89 40
91 89 40
92 89 40
93 89 40
94 89 40
95 89 40
96 89 40
97 89 40
98 89 40
99 89 40
100 89 40
101 89 40
102 89 40
103 89 40
104 89 40
105 89 40
106 89 40
107 89 40
108 89 40
108 89 48
110 89 40
110 89 48
110 88 40
110 88 48
110 88 56
110 87 40
110 87 48
110 87 56
110 87 64
111 87 40
111 87 48
111 87 56
111 87 64
111 87 72
111 87 80
111 86 40
111 86 48
111 86 56
111 86 64
111 86 72
111 86 80
111 86 88
111 86 96
112 86 40
112 86 48
112 86 56
112 86 64
112 86 72
112 86 80
112 86 88
112 86 96
112 86 104
112 86 112
112 85 40
112 85 48
112 85 56
112 85 64
112 85 72
112 85 80
112 85 88
112 85 96
112 85 104
112 85 112
112 85 120
112 85 128
113 85 40
113 85 48
113 85 56
113 85 64
113 85 72
113 85 80
113 85 88
113 85 96
113 85 104
113 85 112
113 85 120
113 85 128
113 85 136
113 85 144
113 84 40
113 84 48
113 84 56
113 84 64
113 84 72
113 84 80
113 84 88
113 84 96
113 84 104
113 84 112
113 84 120
113 84 128
113 84 136
113 84 144
113 84 152
113 84 160
114 84 40
114 84 48
114 84 56
114 84 64
114 84 72
114 84 80
114 84 88
114 84 96
114 84 104
114 84 112
114 84 120
114 84 128
114 84 136
114 84 144
114 84 152
114 84 160
114 84 168
114 84 176
115 84 40
115 84 48
115 84 56
115 84 64
115 84 72
115 84 80
115 84 88
115 84 96
115 84 104
115 84 112
115 84 120
115 84 128
115 84 136
115 84 144
115 84 152
115 84 160
115 84 168
115 84 176
115 84 184
115 84 192
115 83 40
115 83 48
115 83 56
115 83 64
115 83 72
115 83 80
115 83 88
115 83 96
115 83 104
115 83 112
115 83 120
115 83 128
115 83 136
115 83 144
115 83 152
115 83 160
115 83 168
115 83 176
115 83 184
115 83 192
115 83 200
115 83 208
115 82 40
115 82 48
115 82 56
115 82 64
115 82 72
115 82 80
115 82 88
115 82 96
115 82 104
115 82 112
115 82 120
115 82 128
115 82 136
115 82 144
115 82 152
115 82 160
115 82 168
115 82 176
115 82 184
115 82 192
115 82 200
115 82 208
115 82 216
116 82 40
116 82 48
116 82 56
116 82 64
116 82 72
116 82 80
116 82 88
116 82 96
116 82 104
116 82 112
116 82 120
116 82 128
116 82 136
116 82 144
116 82 152
116 82 160
116 82 168
116 82 176
116 82 184
116 82 192
116 82 200
116 82 208
116 82 216
116 82 224
116 81 40
116 81 48
116 81 56
116 81 64
116 81 72
116 81 80
116 81 88
116 81 96
116 81 104
116 81 112
116 81 120
116 81 128
116 81 136
116 81 144
116 81 152
116 81 160
116 81 168
116 81 176
116 81 184
116 81 192
116 81 200
116 81 208
116 81 216
116 81 224
116 81 232
117 81 40
117 81 48
117 81 56
117 81 64
117 81 72
117 81 80
117 81 88
117 81 96
117 81 104
117 81 112
117 81 120
117 81 128
117 81 136
117 81 144
117 81 152
117 81 160
117 81 168
117 81 176
117 81 184
117 81 192
117 81 200
117 81 208
117 81 216
117 81 224
117 81 232
117 81 240
117 80 40
117 80 48
117 80 56
117 80 64
117 80 72
117 80 80
117 80 88
117 80 96
117 80 104
117 80 112
117 80 120
117 80 128
117 80 136
117 80 144
117 80 152
117 80 160
117 80 168
117 80 176
117 80 184
117 80 192
117 80 200
117 80 208
117 80 216
117 80 224
117 80 232
117 80 240
118 80 40
118 80 48
118 80 56
118 80 64
118 80 72
118 80 80
118 80 88
118 80 96
118 80 104
118 80 112
118 80 120
118 80 128
118 80 136
118 80 144
118 80 152
118 80 160
118 80 168
118 80 176
118 80 184
118 80 192
118 80 200
118 80 208
118 80 216
118 80 224
118 80 232
118 80 240
118 80 248
118 79 40
118 79 48
118 79 56
118 79 64
118 79 72
118 79 80
118 79 88
118 79 96
118 79 104
118 79 112
118 79 120
118 79 128
118 79 136
118 79 144
118 79 152
118 79 160
118 79 168
118 79 176
118 79 184
118 79 192
118 79 200
118 79 208
118 79 216
118 79 224
118 79 232
118 79 240
118 79 248
119 79 40
119 79 48
119 79 56
119 79 64
119 79 72
119 79 80
119 79 88
119 79 96
119 79 104
119 79 112
119 79 120
119 79 128
119 79 136
119 79 144
119 79 152
119 79 160
119 79 168
119 79 176
119 79 184
119 79 192
119 79 200
119 79 208
119 79 216
119 79 224
119 79 232
119 79 240
119 79 248
119 78 40
119 78 48
119 78 56
119 78 64
119 78 72
119 78 80
119 78 88
119 78 96
119 78 104
119 78 112
119 78 120
119 78 128
119 78 136
119 78 144
119 78 152
119 78 160
119 78 168
119 78 176
119 78 184
119 78 192
119 78 200
119 78 208
119 78 216
119 78 224
119 78 232
119 78 240
119 78 248
120 78 40
120 78 48
120 78 56
120 78 64
120 78 72
120 78 80
120 78 88
120 78 96
120 78 104
120 78 112
120 78 120
120 78 128
120 78 136
120 78 144
120 78 152
120 78 160
120 78 168
120 78 176
120 78 184
120 78 192
120 78 200
120 78 208
120 78 216
120 78 224
120 78 232
120 78 240
120 78 248
121 78 40
121 78 48
121 78 56
121 78 64
121 78 72
121 78 80
121 78 88
121 78 96
121 78 104
121 78 112
121 78 120
121 78 128
121 78 136
121 78 144
121 78 152
121 78 160
121 78 168
121 78 176
121 78 184
121 78 192
121 78 200
121 78 208
121 78 216
121 78 224
121 78 232
121 78 240
121 77 40
121 77 48
121 77 56
121 77 64
121 77 72
121 77 80
121 77 88
121 77 96
121 77 104
121 77 112
121 77 120
121 77 128
121 77 136
121 77 144
121 77 152
121 77 160
121 77 168
121 77 176
121 77 184
121 77 192
121 77 200
121 77 208
121 77 216
121 77 224
121 77 232
121 76 40
121 76 48
121 76 56
121 76 64
121 76 72
121 76 80
121 76 88
121 76 96
121 76 104
121 76 112
121 76 120
121 76 128
121 76 136
121 76 144
121 76 152
121 76 160
121 76 168
121 76 176
121 76 184
121 76 192
121 76 200
121 76 208
121 76 216
121 76 224
122 76 40
122 76 48
122 76 56
122 76 64
122 76 72
122 76 80
122 76 88
122 76 96
122 76 104
122 76 112
122 76 120
122 76 128
122 76 136
122 76 144
122 76 152
122 76 160
122 76 168
122 76 176
122 76 184
122 76 192
122 76 200
122 76 208
122 76 216
123 76 40
123 76 48
123 76 56
123 76 64
123 76 72
123 76 80
123 76 88
123 76 96
123 76 104
123 76 112
123 76 120
123 76 128
123 76 136
123 76 144
123 76 152
123 76 160
123 76 168
123 76 176
123 76 184
123 76 192
123 76 200
123 76 208
123 75 40
123 75 48
123 75 56
123 75 64
123 75 72
123 75 80
123 75 88
123 75 96
123 75 104
123 75 112
123 75 120
123 75 128
123 75 136
123 75 144
123 75 152
123 75 160
123 75 168
123 75 176
123 75 184
123 75 192
124 75 40
124 75 48
124 75 56
124 75 64
124 75 72
124 75 80
124 75 88
124 75 96
124 75 104
124 75 112
124 75 120
124 75 128
124 75 136
124 75 144
124 75 152
124 75 160
124 75 168
124 75 176
124 74 40
124 74 48
124 74 56
124 74 64
124 74 72
124 74 80
124 74 88
124 74 96
124 74 104
124 74 112
124 74 120
124 74 128
124 74 136
124 74 144
124 74 152
125 74 40
125 74 48
125 74 56
125 74 64
125 74 72
125 74 80
125 74 88
125 74 96
125 74 104
125 74 112
125 74 120
125 74 128
125 74 136
125 73 40
125 73 48
125 73 56
125 73 64
125 73 72
125 73 80
125 73 88
125 73 96
125 73 104
125 73 112
125 73 120
125 72 40
125 72 48
125 72 56
125 72 64
125 72 72
125 72 80
125 72 88
125 72 96
126 72 40
126 72 48
126 72 56
126 72 64
126 72 72
126 72 80
126 72 88
126 71 40
126 71 48
126 71 56
126 71 64
126 71 72
127 71 40
127 71 48
127 71 56
127 71 64
127 70 40
127 70 48
127 70 56
128 70 40
128 70 48
128 69 40
128 69 48
129 68 40
130 68 40
131 68 40
132 68 40
133 68 40
134 68 40
135 68 40
136 68 40
137 68 40
138 68 40
139 68 40
140 68 40
141 68 40
142 68 40
143 68 40
144 68 40
145 68 40
146 68 40
146 68 48
147 68 40
147 68 48
148 68 40
148 68 48
148 68 56
149 68 40
149 68 48
149 68 56
149 68 64
150 68 40
150 68 48
150 68 56
150 68 64
150 68 72
150 67 40
150 67 48
150 67 56
150 67 64
150 67 72
150 67 80
151 67 40
151 67 48
151 67 56
151 67 64
151 67 72
151 67 80
151 67 88
151 66 40
151 66 48
151 66 56
151 66 64
151 66 72
151 66 80
151 66 88
151 66 96
152 66 40
152 66 48
152 66 56
152 66 64
152 66 72
152 66 80
152 66 88
152 66 96
152 66 104
152 65 40
152 65 48
152 65 56
152 65 64
152 65 72
152 65 80
152 65 88
152 65 96
152 65 104
152 65 112
153 65 40
153 65 48
153 65 56
153 65 64
153 65 72
153 65 80
153 65 88
153 65 96
153 65 104
153 65 112
153 65 120
153 64 40
153 64 48
153 64 56
153 64 64
153 64 72
153 64 80
153 64 88
153 64 96
153 64 104
153 64 112
153 64 120
154 64 40
154 64 48
154 64 56
154 64 64
154 64 72
154 64 80
154 64 88
154 64 96
154 64 104
154 64 112
154 64 120
154 64 128
154 63 40
154 63 48
154 63 56
154 63 64
154 63 72
154 63 80
154 63 88
154 63 96
154 63 104
154 63 112
154 63 120
154 63 128
155 63 40
155 63 48
155 63 56
155 63 64
155 63 72
155 63 80
155 63 88
155 63 96
155 63 104
155 63 112
155 63 120
155 63 128
155 62 40
155 62 48
155 62 56
155 62 64
155 62 72
155 62 80
155 62 88
155 62 96
155 62 104
155 62 112
155 62 120
155 62 128
156 62 40
156 62 48
156 62 56
156 62 64
156 62 72
156 62 80
156 62 88
156 62 96
156 62 104
156 62 112
156 62 120
156 62 128
157 62 40
157 62 48
157 62 56
157 62 64
157 62 72
157 62 80
157 62 88
157 62 96
157 62 104
157 62 112
157 62 120
157 62 128
157 61 40
157 61 48
157 61 56
157 61 64
157 61 72
157 61 80
157 61 88
157 61 96
157 61 104
157 61 112
157 61 120
157 60 40
157 60 48
157 60 56
157 60 64
157 60 72
157 60 80
157 60 88
157 60 96
157 60 104
157 60 112
157 60 120
158 60 40
158 60 48
158 60 56
158 60 64
158 60 72
158 60 80
158 60 88
158 60 96
158 60 104
158 60 112
158 59 40
158 59 48
158 59 56
158 59 64
158 59 72
158 59 80
158 59 88
158 59 96
158 59 104
158 59 112
159 59 40
159 59 48
159 59 56
159 59 64
159 59 72
159 59 80
159 59 88
159 59 96
159 59 104
159 58 40
159 58 48
159 58 56
159 58 64
159 58 72
159 58 80
159 58 88
159 58 96
160 58 40
160 58 48
160 58 56
160 58 64
160 58 72
160 58 80
160 58 88
161 58 40
161 58 48
161 58 56
161 58 64
161 58 72
161 58 80
161 57 40
161 57 48
161 57 56
161 57 64
161 57 72
161 57 80
161 56 40
161 56 48
161 56 56
161 56 64
161 56 72
161 56 80
162 56 40
162 56 48
162 56 56
162 56 64
162 56 72
163 56 40
163 56 48
163 56 56
163 56 64
163 56 72
163 55 40
163 55 48
163 55 56
163 55 64
163 55 72
163 54 40
163 54 48
163 54 56
163 54 64
163 54 72
164 54 40
164 54 48
164 54 56
164 54 64
164 53 40
164 53 48
164 53 56
164 53 64
164 53 72
165 53 40
165 53 48
165 53 56
165 53 64
165 52 40
165 52 48
165 52 56
165 52 64
165 52 72
166 52 40
166 52 48
166 52 56
166 52 64
166 51 40
166 51 48
166 51 56
166 51 64
167 51 40
167 51 48
167 51 56
167 51 64
167 50 40
167 50 48
167 50 56
167 50 64
168 50 40
168 50 48
168 50 56
168 49 40
168 49 48
168 49 56
168 49 64
168 48 40
168 48 48
168 48 56
168 48 64
168 47 40
168 47 48
168 47 56
168 47 64
168 46 40
168 46 48
168 46 56
168 46 64
168 46 72
168 45 40
168 45 48
168 45 56
168 45 64
168 45 72
168 44 40
168 44 48
168 44 56
168 44 64
168 44 72
168 43 40
168 43 48
168 43 56
168 43 64
168 43 72
168 43 80
168 42 40
168 42 48
168 42 56
168 42 64
168 42 72
168 42 80
168 41 40
168 41 48
168 41 56
168 41 64
168 41 72
168 41 80
168 40 40
168 40 48
168 40 56
168 40 64
168 40 72
168 40 80
168 39 40
168 39 48
168 39 56
168 39 64
168 39 72
168 39 80
168 38 40
168 38 48
168 38 56
168 38 64
168 38 72
168 38 80
168 37 40
168 37 48
168 37 56
168 37 64
168 37 72
168 36 40
168 36 48
168 36 56
168 36 64
168 36 72
168 35 40
168 35 48
168 35 56
168 35 64
168 34 40
168 34 48
168 34 56
168 34 64
168 33 40
168 33 48
168 33 56
168 32 40
168 32 48
168 32 56
168 31 40
168 31 48
168 30 40
168 30 48
169 30 40
169 30 48
170 29 40
170 28 40
171 28 40
171 27 40
172 27 40
172 26 40
173 26 40
173 25 40
174 25 40
174 24 40
175 24 40
175 23 40
176 23 40
176 22 40
177 22 40
177 21 40
177 20 40
178 20 40
179 20 40
179 19 40
180 19 40
180 18 40
181 18 40
181 17 40
181 16 40
182 16 40
182 15 40
183 15 40
183 14 40
184 14 40
184 13 40
185 13 40
185 12 40
186 12 40
186 11 40
187 11 40
187 10 40
188 10 40
188 9 40
189 8 40
189 7 40
189 6 40
189 5 40
189 4 40
189 3 40
189 2 40
189 1 40
188 1 40
187 1 40
186 1 40
185 1 40
184 1 40
183 1 40
162 130 40
161 130 40
160 130 40
159 130 40
158 130 40
157 130 40
156 130 40
155 130 40
154 130 40
153 130 40
152 130 40
151 130 40
150 130 40
150 129 40
149 128 40
148 128 40
148 128 48
148 127 40
148 127 48
148 126 40
148 126 48
148 125 40
148 125 48
148 124 40
148 124 48
148 123 40
148 123 48
148 123 56
148 122 40
148 122 48
148 122 56
148 121 40
148 121 48
148 121 56
148 120 40
148 120 48
148 120 56
148 120 64
148 119 40
148 119 48
148 119 56
148 119 64
148 118 40
148 118 48
148 118 56
148 118 64
148 117 40
148 117 48
148 117 56
148 117 64
148 116 40
148 116 48
148 116 56
148 116 64
148 115 40
148 115 48
148 115 56
148 115 64
148 114 40
148 114 48
148 114 56
148 114 64
148 113 40
148 113 48
148 113 56
148 113 64
148 112 40
148 112 48
148 112 56
148 112 64
148 111 40
148 111 48
148 111 56
148 110 40
148 110 48
148 110 56
147 110 40
147 110 48
147 110 56
147 110 64
146 110 40
146 110 48
146 110 56
146 110 64
145 110 40
145 110 48
145 110 56
145 110 64
145 110 72
144 110 40
144 110 48
144 110 56
144 110 64
144 110 72
143 110 40
143 110 48
143 110 56
143 110 64
143 110 72
143 110 80
142 110 40
142 110 48
142 110 56
142 110 64
142 110 72
142 110 80
142 110 88
141 110 40
141 110 48
141 110 56
141 110 64
141 110 72
141 110 80
141 110 88
140 110 40
140 110 48
140 110 56
140 110 64
140 110 72
140 110 80
140 110 88
140 110 96
139 110 40
139 110 48
139 110 56
139 110 64
139 110 72
139 110 80
139 110 88
139 110 96
138 110 40
138 110 48
138 110 56
138 110 64
138 110 72
138 110 80
138 110 88
138 110 96
137 110 40
137 110 48
137 110 56
137 110 64
137 110 72
137 110 80
137 110 88
136 110 40
136 110 48
136 110 56
136 110 64
136 110 72
136 110 80
136 110 88
135 110 40
135 110 48
135 110 56
135 110 64
135 110 72
135 110 80
134 110 40
134 110 48
134 110 56
134 110 64
134 110 72
134 110 80
133 110 40
133 110 48
133 110 56
133 110 64
133 110 72
133 110 80
132 110 40
132 110 48
132 110 56
132 110 64
132 110 72
131 110 40
131 110 48
131 110 56
131 110 64
131 110 72
130 110 40
130 110 48
130 110 56
130 110 64
129 110 40
129 110 48
129 110 56
129 110 64
128 110 40
128 110 48
128 110 56
127 110 40
127 110 48
127 110 56
126 110 40
126 110 48
125 110 40
125 110 48
124 110 40
123 110 40
122 110 40
121 110 40
120 110 40
119 110 40
118 110 40
117 110 40
116 110 40
115 110 40
114 110 40
113 110 40
112 110 40
111 110 40
110 110 40
110 109 40
109 108 40
109 107 40
109 106 40
109 105 40
109 104 40
109 103 40
109 102 40
109 101 40
109 100 40
109 99 40
109 98 40
109 97 40
109 96 40
109 95 40
109 94 40
109 93 40
109 92 40
109 91 40
109 90 40
23 89 40
24 89 40
25 89 40
26 89 40
27 89 40
28 89 40
30 89 40
30 90 40
31 90 40
31 91 40
32 91 40
32 92 40
32 93 40
33 93 40
33 93 48
34 93 40
34 93 48
34 94 40
34 94 48
34 95 40
34 95 48
34 95 56
35 95 40
35 95 48
35 95 56
35 95 64
36 95 40
36 95 48
36 95 56
36 95 64
36 95 72
36 96 40
36 96 48
36 96 56
36 96 64
36 96 72
36 96 80
36 97 40
36 97 48
36 97 56
36 97 64
36 97 72
36 97 80
36 97 88
36 97 96
37 97 40
37 97 48
37 97 56
37 97 64
37 97 72
37 97 80
37 97 88
37 97 96
37 97 104
37 98 40
37 98 48
37 98 56
37 98 64
37 98 72
37 98 80
37 98 88
37 98 96
37 98 104
37 98 112
38 98 40
38 98 48
38 98 56
38 98 64
38 98 72
38 98 80
38 98 88
38 98 96
38 98 104
38 98 112
38 98 120
38 99 40
38 99 48
38 99 56
38 99 64
38 99 72
38 99 80
38 99 88
38 99 96
38 99 104
38 99 112
38 99 120
38 99 128
38 99 136
39 99 40
39 99 48
39 99 56
39 99 64
39 99 72
39 99 80
39 99 88
39 99 96
39 99 104
39 99 112
39 99 120
39 99 128
39 99 136
40 99 40
40 99 48
40 99 56
40 99 64
40 99 72
40 99 80
40 99 88
40 99 96
40 99 104
40 99 112
40 99 120
40 99 128
40 100 40
40 100 48
40 100 56
40 100 64
40 100 72
40 100 80
40 100 88
40 100 96
40 100 104
40 100 112
40 100 120
40 100 128
40 100 136
40 100 144
41 100 40
41 100 48
41 100 56
41 100 64
41 100 72
41 100 80
41 100 88
41 100 96
41 100 104
41 100 112
41 100 120
41 100 128
41 100 136
41 101 40
41 101 48
41 101 56
41 101 64
41 101 72
41 101 80
41 101 88
41 101 96
41 101 104
41 101 112
41 101 120
41 101 128
41 101 136
41 101 144
42 101 40
42 101 48
42 101 56
42 101 64
42 101 72
42 101 80
42 101 88
42 101 96
42 101 104
42 101 112
42 101 120
42 101 128
42 101 136
42 102 40
42 102 48
42 102 56
42 102 64
42 102 72
42 102 80
42 102 88
42 102 96
42 102 104
42 102 112
42 102 120
42 102 128
42 102 136
42 102 144
43 102 40
43 102 48
43 102 56
43 102 64
43 102 72
43 102 80
43 102 88
43 102 96
43 102 104
43 102 112
43 102 120
43 102 128
43 102 136
43 103 40
43 103 48
43 103 56
43 103 64
43 103 72
43 103 80
43 103 88
43 103 96
43 103 104
43 103 112
43 103 120
43 103 128
43 103 136
43 103 144
44 103 40
44 103 48
44 103 56
44 103 64
44 103 72
44 103 80
44 103 88
44 103 96
44 103 104
44 103 112
44 103 120
44 103 128
44 104 40
44 104 48
44 104 56
44 104 64
44 104 72
44 104 80
44 104 88
44 104 96
44 104 104
44 104 112
44 104 120
44 104 128
44 104 136
45 104 40
45 104 48
45 104 56
45 104 64
45 104 72
45 104 80
45 104 88
45 104 96
45 104 104
45 104 112
45 104 120
45 105 40
45 105 48
45 105 56
45 105 64
45 105 72
45 105 80
45 105 88
45 105 96
45 105 104
45 105 112
45 105 120
46 105 40
46 105 48
46 105 56
46 105 64
46 105 72
46 105 80
46 105 88
46 105 96
46 105 104
46 106 40
46 106 48
46 106 56
46 106 64
46 106 72
46 106 80
46 106 88
46 106 96
46 106 104
47 106 40
47 106 48
47 106 56
47 106 64
47 106 72
47 106 80
47 106 88
47 106 96
47 107 40
47 107 48
47 107 56
47 107 64
47 107 72
47 107 80
47 107 88
48 107 40
48 107 48
48 107 56
48 107 64
48 107 72
48 107 80
48 108 40
48 108 48
48 108 56
48 108 64
48 108 72
49 108 40
49 108 48
49 108 56
49 108 64
50 108 40
50 108 48
50 108 56
51 108 40
51 108 48
52 108 40
52 108 48
53 108 40
53 108 48
54 108 40
55 108 40
56 108 40
57 108 40
58 108 40
59 108 40
60 108 40
61 108 40
62 108 40
63 108 40
64 108 40
65 108 40
65 108 48
66 108 40
66 108 48
67 108 40
67 108 48
68 108 40
68 108 48
68 108 56
69 108 40
69 108 48
69 108 56
69 108 64
70 108 40
70 108 48
70 108 56
70 108 64
70 108 72
71 108 40
71 108 48
71 108 56
71 108 64
71 108 72
71 108 80
71 107 40
71 107 48
71 107 56
71 107 64
71 107 72
71 107 80
71 107 88
71 106 40
71 106 48
71 106 56
71 106 64
71 106 72
71 106 80
71 106 88
71 106 96
71 106 104
72 106 40
72 106 48
72 106 56
72 106 64
72 106 72
72 106 80
72 106 88
72 106 96
72 106 104
72 106 112
72 106 120
72 105 40
72 105 48
72 105 56
72 105 64
72 105 72
72 105 80
72 105 88
72 105 96
72 105 104
72 105 112
72 105 120
72 105 128
72 105 136
73 105 40
73 105 48
73 105 56
73 105 64
73 105 72
73 105 80
73 105 88
73 105 96
73 105 104
73 105 112
73 105 120
73 105 128
73 105 136
73 105 144
73 105 152
74 105 40
74 105 48
74 105 56
74 105 64
74 105 72
74 105 80
74 105 88
74 105 96
74 105 104
74 105 112
74 105 120
74 105 128
74 105 136
74 105 144
74 105 152
74 105 160
74 104 40
74 104 48
74 104 56
74 104 64
74 104 72
74 104 80
74 104 88
74 104 96
74 104 104
74 104 112
74 104 120
74 104 128
74 104 136
74 104 144
74 104 152
74 104 160
74 104 168
74 104 176
75 104 40
75 104 48
75 104 56
75 104 64
75 104 72
75 104 80
75 104 88
75 104 96
75 104 104
75 104 112
75 104 120
75 104 128
75 104 136
75 104 144
75 104 152
75 104 160
75 104 168
75 104 176
75 104 184
75 104 192
75 103 40
75 103 48
75 103 56
75 103 64
75 103 72
75 103 80
75 103 88
75 103 96
75 103 104
75 103 112
75 103 120
75 103 128
75 103 136
75 103 144
75 103 152
75 103 160
75 103 168
75 103 176
75 103 184
75 103 192
75 103 200
75 103 208
75 102 40
75 102 48
75 102 56
75 102 64
75 102 72
75 102 80
75 102 88
75 102 96
75 102 104
75 102 112
75 102 120
75 102 128
75 102 136
75 102 144
75 102 152
75 102 160
75 102 168
75 102 176
75 102 184
75 102 192
75 102 200
75 102 208
75 102 216
76 102 40
76 102 48
76 102 56
76 102 64
76 102 72
76 102 80
76 102 88
76 102 96
76 102 104
76 102 112
76 102 120
76 102 128
76 102 136
76 102 144
76 102 152
76 102 160
76 102 168
76 102 176
76 102 184
76 102 192
76 102 200
76 102 208
76 102 216
76 102 224
77 102 40
77 102 48
77 102 56
77 102 64
77 102 72
77 102 80
77 102 88
77 102 96
77 102 104
77 102 112
77 102 120
77 102 128
77 102 136
77 102 144
77 102 152
77 102 160
77 102 168
77 102 176
77 102 184
77 102 192
77 102 200
77 102 208
77 102 216
77 102 224
77 102 232
77 101 40
77 101 48
77 101 56
77 101 64
77 101 72
77 101 80
77 101 88
77 101 96
77 101 104
77 101 112
77 101 120
77 101 128
77 101 136
77 101 144
77 101 152
77 101 160
77 101 168
77 101 176
77 101 184
77 101 192
77 101 200
77 101 208
77 101 216
77 101 224
77 101 232
77 101 240
77 100 40
77 100 48
77 100 56
77 100 64
77 100 72
77 100 80
77 100 88
77 100 96
77 100 104
77 100 112
77 100 120
77 100 128
77 100 136
77 100 144
77 100 152
77 100 160
77 100 168
77 100 176
77 100 184
77 100 192
77 100 200
77 100 208
77 100 216
77 100 224
77 100 232
77 100 240
77 100 248
78 100 40
78 100 48
78 100 56
78 100 64
78 100 72
78 100 80
78 100 88
78 100 96
78 100 104
78 100 112
78 100 120
78 100 128
78 100 136
78 100 144
78 100 152
78 100 160
78 100 168
78 100 176
78 100 184
78 100 192
78 100 200
78 100 208
78 100 216
78 100 224
78 100 232
78 100 240
78 100 248
78 99 40
78 99 48
78 99 56
78 99 64
78 99 72
78 99 80
78 99 88
78 99 96
78 99 104
78 99 112
78 99 120
78 99 128
78 99 136
78 99 144
78 99 152
78 99 160
78 99 168
78 99 176
78 99 184
78 99 192
78 99 200
78 99 208
78 99 216
78 99 224
78 99 232
78 99 240
78 99 248
79 99 40
79 99 48
79 99 56
79 99 64
79 99 72
79 99 80
79 99 88
79 99 96
79 99 104
79 99 112
79 99 120
79 99 128
79 99 136
79 99 144
79 99 152
79 99 160
79 99 168
79 99 176
79 99 184
79 99 192
79 99 200
79 99 208
79 99 216
79 99 224
79 99 232
79 99 240
79 99 248
80 99 40
80 99 48
80 99 56
80 99 64
80 99 72
80 99 80
80 99 88
80 99 96
80 99 104
80 99 112
80 99 120
80 99 128
80 99 136
80 99 144
80 99 152
80 99 160
80 99 168
80 99 176
80 99 184
80 99 192
80 99 200
80 99 208
80 99 216
80 99 224
80 99 232
80 99 240
80 98 40
80 98 48
80 98 56
80 98 64
80 98 72
80 98 80
80 98 88
80 98 96
80 98 104
80 98 112
80 98 120
80 98 128
80 98 136
80 98 144
80 98 152
80 98 160
80 98 168
80 98 176
80 98 184
80 98 192
80 98 200
80 98 208
80 98 216
80 98 224
80 98 232
80 98 240
81 98 40
81 98 48
81 98 56
81 98 64
81 98 72
81 98 80
81 98 88
81 98 96
81 98 104
81 98 112
81 98 120
81 98 128
81 98 136
81 98 144
81 98 152
81 98 160
81 98 168
81 98 176
81 98 184
81 98 192
81 98 200
81 98 208
81 98 216
81 98 224
81 98 232
81 97 40
81 97 48
81 97 56
81 97 64
81 97 72
81 97 80
81 97 88
81 97 96
81 97 104
81 97 112
81 97 120
81 97 128
81 97 136
81 97 144
81 97 152
81 97 160
81 97 168
81 97 176
81 97 184
81 97 192
81 97 200
81 97 208
81 97 216
81 96 40
81 96 48
81 96 56
81 96 64
81 96 72
81 96 80
81 96 88
81 96 96
81 96 104
81 96 112
81 96 120
81 96 128
81 96 136
81 96 144
81 96 152
81 96 160
81 96 168
81 96 176
81 96 184
81 96 192
81 96 200
81 96 208
82 96 40
82 96 48
82 96 56
82 96 64
82 96 72
82 96 80
82 96 88
82 96 96
82 96 104
82 96 112
82 96 120
82 96 128
82 96 136
82 96 144
82 96 152
82 96 160
82 96 168
82 96 176
82 96 184
82 96 192
82 95 40
82 95 48
82 95 56
82 95 64
82 95 72
82 95 80
82 95 88
82 95 96
82 95 104
82 95 112
82 95 120
82 95 128
82 95 136
82 95 144
82 95 152
82 95 160
82 95 168
83 95 40
83 95 48
83 95 56
83 95 64
83 95 72
83 95 80
83 95 88
83 95 96
83 95 104
83 95 112
83 95 120
83 95 128
83 95 136
83 95 144
83 95 152
83 94 40
83 94 48
83 94 56
83 94 64
83 94 72
83 94 80
83 94 88
83 94 96
83 94 104
83 94 112
83 94 120
83 94 128
84 94 40
84 94 48
84 94 56
84 94 64
84 94 72
84 94 80
84 94 88
84 94 96
84 94 104
84 94 112
84 93 40
84 93 48
84 93 56
84 93 64
84 93 72
84 93 80
84 93 88
84 93 96
85 93 40
85 93 48
85 93 56
85 93 64
85 93 72
85 93 80
85 92 40
85 92 48
85 92 56
85 92 64
86 92 40
86 92 48
86 92 56
86 91 40
86 91 48
87 91 40
87 91 48
87 90 40
88 90 40
88 89 40
36 36 40
35 36 40
34 36 40
33 36 40
32 36 40
32 37 40
32 38 40
32 39 40
32 40 40
32 41 40
32 42 40
32 43 40
32 44 40
32 45 40
32 46 40
31 46 40
31 47 40
30 47 40
30 48 40
29 48 40
29 50 40
29 51 40
29 52 40
29 53 40
29 54 40
29 55 40
29 56 40
29 57 40
29 58 40
29 59 40
29 60 40
29 60 48
29 61 40
29 61 48
29 62 40
29 62 48
29 63 40
29 63 48
29 64 40
29 64 48
29 65 40
29 65 48
29 66 40
29 66 48
29 67 40
29 67 48
29 68 40
29 68 48
29 70 40
29 70 48
29 71 40
29 71 48
29 72 40
29 73 40
29 74 40
29 75 40
29 76 40
29 77 40
29 78 40
29 79 40
29 80 40
29 81 40
29 82 40
29 83 40
29 84 40
29 85 40
29 86 40
29 87 40
29 88 40
82 162 40
82 163 40
82 164 40
82 165 40
82 166 40
81 166 40
80 166 40
79 166 40
78 166 40
77 166 40
76 166 40
75 166 40
74 166 40
73 166 40
73 166 48
72 166 40
72 166 48
71 166 40
71 166 48
70 166 40
70 166 48
70 166 56
70 165 40
70 165 48
70 165 56
70 164 40
70 164 48
70 164 56
70 163 40
70 163 48
70 163 56
70 163 64
70 162 40
70 162 48
70 162 56
70 162 64
70 162 72
70 161 40
70 161 48
70 161 56
70 161 64
70 161 72
70 161 80
70 160 40
70 160 48
70 160 56
70 160 64
70 160 72
70 160 80
70 160 88
70 159 40
70 159 48
70 159 56
70 159 64
70 159 72
70 159 80
70 159 88
70 159 96
70 158 40
70 158 48
70 158 56
70 158 64
70 158 72
70 158 80
70 158 88
70 158 96
70 158 104
70 158 112
70 157 40
70 157 48
70 157 56
70 157 64
70 157 72
70 157 80
70 157 88
70 157 96
70 157 104
70 157 112
70 157 120
70 156 40
70 156 48
70 156 56
70 156 64
70 156 72
70 156 80
70 156 88
70 156 96
70 156 104
70 156 112
70 156 120
70 156 128
70 156 136
70 155 40
70 155 48
70 155 56
70 155 64
70 155 72
70 155 80
70 155 88
70 155 96
70 155 104
70 155 112
70 155 120
70 155 128
70 155 136
70 155 144
70 154 40
70 154 48
70 154 56
70 154 64
70 154 72
70 154 80
70 154 88
70 154 96
70 154 104
70 154 112
70 154 120
70 154 128
70 154 136
70 154 144
70 154 152
70 154 160
70 153 40
70 153 48
70 153 56
70 153 64
70 153 72
70 153 80
70 153 88
70 153 96
70 153 104
70 153 112
70 153 120
70 153 128
70 153 136
70 153 144
70 153 152
70 153 160
70 153 168
70 152 40
70 152 48
70 152 56
70 152 64
70 152 72
70 152 80
70 152 88
70 152 96
70 152 104
70 152 112
70 152 120
70 152 128
70 152 136
70 152 144
70 152 152
70 152 160
70 152 168
70 152 176
70 151 40
70 151 48
70 151 56
70 151 64
70 151 72
70 151 80
70 151 88
70 151 96
70 151 104
70 151 112
70 151 120
70 151 128
70 151 136
70 151 144
70 151 152
70 151 160
70 151 168
70 151 176
70 150 40
70 150 48
70 150 56
70 150 64
70 150 72
70 150 80
70 150 88
70 150 96
70 150 104
70 150 112
70 150 120
70 150 128
70 150 136
70 150 144
70 150 152
70 150 160
70 150 168
70 150 176
70 149 40
70 149 48
70 149 56
70 149 64
70 149 72
70 149 80
70 149 88
70 149 96
70 149 104
70 149 112
70 149 120
70 149 128
70 149 136
70 149 144
70 149 152
70 149 160
70 149 168
70 149 176
70 148 40
70 148 48
70 148 56
70 148 64
70 148 72
70 148 80
70 148 88
70 148 96
70 148 104
70 148 112
70 148 120
70 148 128
70 148 136
70 148 144
70 148 152
70 148 160
70 148 168
70 147 40
70 147 48
70 147 56
70 147 64
70 147 72
70 147 80
70 147 88
70 147 96
70 147 104
70 147 112
70 147 120
70 147 128
70 147 136
70 147 144
70 147 152
70 147 160
70 146 40
70 146 48
70 146 56
70 146 64
70 146 72
70 146 80
70 146 88
70 146 96
70 146 104
70 146 112
70 146 120
70 146 128
70 146 136
70 146 144
70 146 152
70 145 40
70 145 48
70 145 56
70 145 64
70 145 72
70 145 80
70 145 88
70 145 96
70 145 104
70 145 112
70 145 120
70 145 128
70 145 136
70 145 144
70 144 40
70 144 48
70 144 56
70 144 64
70 144 72
70 144 80
70 144 88
70 144 96
70 144 104
70 144 112
70 144 120
70 144 128
70 144 136
70 143 40
70 143 48
70 143 56
70 143 64
70 143 72
70 143 80
70 143 88
70 143 96
70 143 104
70 143 112
70 143 120
70 143 128
70 142 40
70 142 48
70 142 56
70 142 64
70 142 72
70 142 80
70 142 88
70 142 96
70 142 104
70 142 112
70 142 120
70 141 40
70 141 48
70 141 56
70 141 64
70 141 72
70 141 80
70 141 88
70 141 96
70 141 104
70 141 112
70 140 40
70 140 48
70 140 56
70 140 64
70 140 72
70 140 80
70 140 88
70 140 96
70 140 104
70 139 40
70 139 48
70 139 56
70 139 64
70 139 72
70 139 80
70 139 88
70 139 96
70 138 40
70 138 48
70 138 56
70 138 64
70 138 72
70 138 80
70 138 88
70 137 40
70 137 48
70 137 56
70 137 64
70 137 72
70 137 80
70 136 40
70 136 48
70 136 56
70 136 64
70 136 72
70 135 40
70 135 48
70 135 56
70 135 64
70 134 40
70 134 48
70 134 56
70 134 64
70 133 40
70 133 48
70 133 56
70 132 40
70 132 48
70 131 40
70 131 48
70 130 40
70 130 48
70 129 40
69 128 40
69 127 40
69 126 40
69 125 40
69 124 40
69 123 40
69 122 40
69 121 40
69 120 40
69 119 40
69 118 40
69 117 40
69 116 40
69 115 40
69 114 40
69 113 40
69 112 40
69 112 48
69 111 40
69 111 48
69 110 40
69 110 48
9 186 40
9 187 40
9 188 40
10 189 40
11 189 40
12 189 40
13 189 40
14 189 40
15 189 40
16 189 40
17 189 40
18 189 40
19 189 40
20 189 40
21 189 40
22 189 40
23 189 40
24 189 40
25 189 40
26 189 40
27 189 40
28 189 40
28 189 48
29 188 40
29 188 48
30 188 40
30 188 48
30 187 40
30 187 48
31 187 40
31 187 48
31 187 56
31 186 40
31 186 48
31 186 56
32 186 40
32 186 48
32 186 56
32 185 40
32 185 48
32 185 56
33 185 40
33 185 48
33 185 56
33 185 64
33 184 40
33 184 48
33 184 56
33 184 64
34 184 40
34 184 48
34 184 56
34 184 64
34 184 72
34 183 40
34 183 48
34 183 56
34 183 64
34 183 72
35 183 40
35 183 48
35 183 56
35 183 64
35 183 72
35 183 80
35 182 40
35 182 48
35 182 56
35 182 64
35 182 72
35 182 80
36 182 40
36 182 48
36 182 56
36 182 64
36 182 72
36 182 80
36 181 40
36 181 48
36 181 56
36 181 64
36 181 72
36 181 80
37 181 40
37 181 48
37 181 56
37 181 64
37 181 72
37 181 80
38 181 40
38 181 48
38 181 56
38 181 64
38 181 72
38 181 80
38 180 40
38 180 48
38 180 56
38 180 64
38 180 72
38 180 80
38 179 40
38 179 48
38 179 56
38 179 64
38 179 72
38 179 80
39 179 40
39 179 48
39 179 56
39 179 64
39 179 72
39 179 80
40 179 40
40 179 48
40 179 56
40 179 64
40 179 72
40 178 40
40 178 48
40 178 56
40 178 64
40 178 72
41 178 40
41 178 48
41 178 56
41 178 64
41 177 40
41 177 48
41 177 56
41 177 64
41 176 40
41 176 48
41 176 56
41 176 64
41 176 72
42 176 40
42 176 48
42 176 56
42 176 64
42 175 40
42 175 48
42 175 56
42 175 64
43 175 40
43 175 48
43 175 56
43 174 40
43 174 48
43 174 56
43 174 64
44 174 40
44 174 48
44 174 56
44 173 40
44 173 48
44 173 56
45 173 40
45 173 48
45 173 56
46 173 40
46 173 48
46 173 56
46 172 40
46 172 48
46 172 56
47 172 40
47 172 48
47 172 56
47 171 40
47 171 48
47 171 56
48 171 40
48 171 48
48 171 56
48 170 40
48 170 48
48 170 56
49 170 40
49 170 48
49 170 56
50 169 40
50 169 48
50 169 56
51 169 40
51 169 48
51 169 56
52 169 40
52 169 48
52 169 56
53 169 40
53 169 48
53 169 56
53 169 64
54 169 40
54 169 48
54 169 56
54 169 64
55 169 40
55 169 48
55 169 56
55 169 64
56 169 40
56 169 48
56 169 56
56 169 64
57 169 40
57 169 48
57 169 56
57 169 64
57 169 72
58 169 40
58 169 48
58 169 56
58 169 64
58 169 72
59 169 40
59 169 48
59 169 56
59 169 64
59 169 72
59 169 80
60 169 40
60 169 48
60 169 56
60 169 64
60 169 72
60 169 80
61 169 40
61 169 48
61 169 56
61 169 64
61 169 72
61 169 80
62 169 40
62 169 48
62 169 56
62 169 64
62 169 72
62 169 80
63 169 40
63 169 48
63 169 56
63 169 64
63 169 72
63 169 80
64 169 40
64 169 48
64 169 56
64 169 64
64 169 72
64 169 80
65 169 40
65 169 48
65 169 56
65 169 64
65 169 72
65 169 80
66 169 40
66 169 48
66 169 56
66 169 64
66 169 72
66 169 80
67 169 40
67 169 48
67 169 56
67 169 64
67 169 72
67 169 80
68 169 40
68 169 48
68 169 56
68 169 64
68 169 72
70 169 40
70 169 48
70 169 56
70 169 64
70 168 40
70 168 48
70 168 56
70 167 40
70 167 48
70 167 56
