9 9 100
9 29 100
9 49 100
9 69 100
9 89 100
9 109 100
9 129 100
9 149 100
9 169 100
9 189 100
29 9 100
29 29 100
29 49 100
29 69 100
29 89 100
29 109 100
29 129 100
29 149 100
29 169 100
29 189 100
49 9 100
49 29 100
49 49 100
49 69 100
49 89 100
49 109 100
49 129 100
49 149 100
49 169 100
49 189 100
69 9 100
69 29 100
69 49 100
69 69 100
69 89 100
69 109 100
69 129 100
69 149 100
69 169 100
69 189 100
89 9 100
89 29 100
89 49 100
89 69 100
89 89 100
89 109 100
89 129 100
89 149 100
89 169 100
89 189 100
109 9 100
109 29 100
109 49 100
109 69 100
109 89 100
109 109 100
109 129 100
109 149 100
109 169 100
109 189 100
129 9 100
129 29 100
129 49 100
129 69 100
129 89 100
129 109 100
129 129 100
129 149 100
129 169 100
129 189 100
149 9 100
149 29 100
149 49 100
149 69 100
149 89 100
149 109 100
149 129 100
149 149 100
149 169 100
149 189 100
169 9 100
169 29 100
169 49 100
169 69 100
169 89 100
169 109 100
169 129 100
169 149 100
169 169 100
169 189 100
189 9 100
189 29 100
189 49 100
189 69 100
189 89 100
189 109 100
189 129 100
189 149 100
189 169 100
189 189 100
9 9 100
9 29 100
9 69 100
9 89 100
9 109 100
9 129 100
9 149 100
29 9 100
29 29 100
29 49 100
29 69 100
29 89 100
29 109 100
29 129 100
29 149 100
49 9 100
49 29 100
49 49 100
49 89 100
49 109 100
49 149 100
69 9 100
69 109 100
69 129 100
69 149 100
69 169 100
69 189 100
89 9 100
89 109 100
89 129 100
89 149 100
89 169 100
89 189 100
109 9 100
109 29 100
109 89 100
109 109 100
109 129 100
109 189 100
129 9 100
129 29 100
129 49 100
129 69 100
129 89 100
129 109 100
149 9 100
149 29 100
149 49 100
149 69 100
149 89 100
149 109 100
169 9 100
169 49 100
169 89 100
169 109 100
169 129 100
169 149 100
169 169 100
169 189 100
189 69 100
189 89 100
189 109 100
189 129 100
189 149 100
189 169 100
189 189 100
75 89 40
65 39 40
65 39 41
106 176 40
106 176 41
39 130 40
39 130 41
39 130 42
169 112 40
169 112 41
169 112 42
169 112 43
169 112 44
169 112 45
169 112 46
13 152 40
13 152 41
126 146 40
98 67 40
177 60 40
177 60 41
177 60 42
177 60 43
197 33 40
97 67 40
96 67 40
95 67 40
94 67 40
93 67 40
92 67 40
91 67 40
90 67 40
90 68 40
89 68 40
89 70 40
89 71 40
89 72 40
89 73 40
89 74 40
89 75 40
89 76 40
89 77 40
89 78 40
89 79 40
89 80 40
89 81 40
89 82 40
89 83 40
89 84 40
89 85 40
89 86 40
89 87 40
89 88 40
88 89 40
87 89 40
86 89 40
85 89 40
84 89 40
83 89 40
82 89 40
81 89 40
80 89 40
79 89 40
78 89 40
77 89 40
76 89 40
126 147 40
126 148 40
126 149 40
125 149 40
124 149 40
123 149 40
122 149 40
121 149 40
120 149 40
119 149 40
118 149 40
117 149 40
116 149 40
115 149 40
114 149 40
113 149 40
112 149 40
112 149 41
111 149 40
111 149 41
110 149 40
110 149 41
109 150 40
109 150 41
109 151 40
109 151 41
109 152 40
109 152 41
109 153 40
109 153 41
109 154 40
109 154 41
109 155 40
109 156 40
109 157 40
109 158 40
109 159 40
109 160 40
109 161 40
109 162 40
109 163 40
109 164 40
109 165 40
109 166 40
109 167 40
109 168 40
109 170 40
108 170 40
108 171 40
107 171 40
106 171 40
106 172 40
106 173 40
106 174 40
106 175 40
106 175 41
168 112 40
168 112 41
168 112 42
168 112 43
168 112 44
168 112 45
168 112 46
167 112 40
167 112 41
167 112 42
167 112 43
167 112 44
167 112 45
167 112 46
166 112 40
166 112 41
166 112 42
166 112 43
166 112 44
166 112 45
166 112 46
165 112 40
165 112 41
165 112 42
165 112 43
165 112 44
165 112 45
165 112 46
165 113 40
165 113 41
165 113 42
165 113 43
165 113 44
165 113 45
165 113 46
164 113 40
164 113 41
164 113 42
164 113 43
164 113 44
164 113 45
164 113 46
164 114 40
164 114 41
164 114 42
164 114 43
164 114 44
164 114 45
164 114 46
164 115 40
164 115 41
164 115 42
164 115 43
164 115 44
164 115 45
164 115 46
163 115 40
163 115 41
163 115 42
163 115 43
163 115 44
163 115 45
163 115 46
162 115 40
162 115 41
162 115 42
162 115 43
162 115 44
162 115 45
162 115 46
162 115 47
162 116 40
162 116 41
162 116 42
162 116 43
162 116 44
162 116 45
162 116 46
162 116 47
162 117 40
162 117 41
162 117 42
162 117 43
162 117 44
162 117 45
162 117 46
161 117 40
161 117 41
161 117 42
161 117 43
161 117 44
161 117 45
161 117 46
161 118 40
161 118 41
161 118 42
161 118 43
161 118 44
161 118 45
160 118 40
160 118 41
160 118 42
160 118 43
160 118 44
160 118 45
160 119 40
160 119 41
160 119 42
160 119 43
160 119 44
159 119 40
159 119 41
159 119 42
159 119 43
158 119 40
158 119 41
158 119 42
158 119 43
158 120 40
158 120 41
158 120 42
158 121 40
158 121 41
157 121 40
157 121 41
157 122 40
157 122 41
156 122 40
155 122 40
155 123 40
155 124 40
154 124 40
153 124 40
153 125 40
152 125 40
152 126 40
151 126 40
151 127 40
150 127 40
150 128 40
149 128 40
149 130 40
149 131 40
149 132 40
149 133 40
149 134 40
149 135 40
149 136 40
149 137 40
149 138 40
149 139 40
149 140 40
149 141 40
149 142 40
149 143 40
149 144 40
149 145 40
149 146 40
149 147 40
149 147 41
149 148 40
149 148 41
148 149 40
148 149 41
147 149 40
146 149 40
145 149 40
144 149 40
143 149 40
142 149 40
141 149 40
140 149 40
139 149 40
138 149 40
137 149 40
136 149 40
135 149 40
134 149 40
133 149 40
132 149 40
131 149 40
130 149 40
128 149 40
127 149 40
177 61 40
177 61 41
177 61 42
177 61 43
177 62 40
177 62 41
177 62 42
177 63 40
177 63 41
177 63 42
177 64 40
177 64 41
176 64 40
176 64 41
175 64 40
175 64 41
175 65 40
175 65 41
174 65 40
174 65 41
173 65 40
173 65 41
173 66 40
173 66 41
172 66 40
172 66 41
172 67 40
172 67 41
171 67 40
171 67 41
171 68 40
171 68 41
170 68 40
170 68 41
170 69 40
170 69 41
169 70 40
169 70 41
169 71 40
169 71 41
169 72 40
169 72 41
169 73 40
169 73 41
169 74 40
169 74 41
169 74 42
169 75 40
169 75 41
169 75 42
169 76 40
169 76 41
169 76 42
169 77 40
169 77 41
169 77 42
169 77 43
169 78 40
169 78 41
169 78 42
169 79 40
169 79 41
169 79 42
169 80 40
169 80 41
169 80 42
169 81 40
169 81 41
169 81 42
169 82 40
169 82 41
169 82 42
169 83 40
169 83 41
169 83 42
169 84 40
169 84 41
169 84 42
169 85 40
169 85 41
169 85 42
169 86 40
169 86 41
169 87 40
169 87 41
169 87 42
169 88 40
169 88 41
169 88 42
169 90 40
169 90 41
169 90 42
169 90 43
169 91 40
169 91 41
169 91 42
169 91 43
169 91 44
169 92 40
169 92 41
169 92 42
169 92 43
169 92 44
169 92 45
169 92 46
169 93 40
169 93 41
169 93 42
169 93 43
169 93 44
169 93 45
169 93 46
169 93 47
169 94 40
169 94 41
169 94 42
169 94 43
169 94 44
169 94 45
169 94 46
169 94 47
169 94 48
169 94 49
169 95 40
169 95 41
169 95 42
169 95 43
169 95 44
169 95 45
169 95 46
169 95 47
169 95 48
169 95 49
169 95 50
169 96 40
169 96 41
169 96 42
169 96 43
169 96 44
169 96 45
169 96 46
169 96 47
169 96 48
169 96 49
169 96 50
169 96 51
169 97 40
169 97 41
169 97 42
169 97 43
169 97 44
169 97 45
169 97 46
169 97 47
169 97 48
169 97 49
169 97 50
169 97 51
169 98 40
169 98 41
169 98 42
169 98 43
169 98 44
169 98 45
169 98 46
169 98 47
169 98 48
169 98 49
169 98 50
169 98 51
169 99 40
169 99 41
169 99 42
169 99 43
169 99 44
169 99 45
169 99 46
169 99 47
169 99 48
169 99 49
169 99 50
169 99 51
169 100 40
169 100 41
169 100 42
169 100 43
169 100 44
169 100 45
169 100 46
169 100 47
169 100 48
169 100 49
169 100 50
169 100 51
169 101 40
169 101 41
169 101 42
169 101 43
169 101 44
169 101 45
169 101 46
169 101 47
169 101 48
169 101 49
169 101 50
169 101 51
169 102 40
169 102 41
169 102 42
169 102 43
169 102 44
169 102 45
169 102 46
169 102 47
169 102 48
169 102 49
169 102 50
169 102 51
169 102 52
169 103 40
169 103 41
169 103 42
169 103 43
169 103 44
169 103 45
169 103 46
169 103 47
169 103 48
169 103 49
169 103 50
169 103 51
169 103 52
169 103 53
169 104 40
169 104 41
169 104 42
169 104 43
169 104 44
169 104 45
169 104 46
169 104 47
169 104 48
169 104 49
169 104 50
169 104 51
169 104 52
169 104 53
169 104 54
169 105 40
169 105 41
169 105 42
169 105 43
169 105 44
169 105 45
169 105 46
169 105 47
169 105 48
169 105 49
169 105 50
169 105 51
169 105 52
169 105 53
169 105 54
169 105 55
169 106 40
169 106 41
169 106 42
169 106 43
169 106 44
169 106 45
169 106 46
169 106 47
169 106 48
169 106 49
169 106 50
169 106 51
169 106 52
169 106 53
169 106 54
169 106 55
169 107 40
169 107 41
169 107 42
169 107 43
169 107 44
169 107 45
169 107 46
169 107 47
169 107 48
169 107 49
169 107 50
169 107 51
169 107 52
169 107 53
169 107 54
169 108 40
169 108 41
169 108 42
169 108 43
169 108 44
169 108 45
169 108 46
169 108 47
169 108 48
169 108 49
169 108 50
169 108 51
169 108 52
169 109 40
169 109 41
169 109 42
169 109 43
169 109 44
169 109 45
169 109 46
169 110 40
169 110 41
169 110 42
169 110 43
169 110 44
169 110 45
169 110 46
169 110 47
169 110 48
169 111 40
169 111 41
169 111 42
169 111 43
169 111 44
169 111 45
169 111 46
169 111 47
196 33 40
195 33 40
194 33 40
193 33 40
192 33 40
191 33 40
190 33 40
190 34 40
190 35 40
190 36 40
190 37 40
190 38 40
190 39 40
190 40 40
190 41 40
190 42 40
190 43 40
190 44 40
190 45 40
190 46 40
190 47 40
190 48 40
189 48 40
189 50 40
188 50 40
188 51 40
187 51 40
187 52 40
187 53 40
187 54 40
187 55 40
187 56 40
187 57 40
187 58 40
187 58 41
187 59 40
187 59 41
187 60 40
187 60 41
187 61 40
187 61 41
187 62 40
187 62 41
187 63 40
187 63 41
187 64 40
187 64 41
186 64 40
186 64 41
185 64 40
185 64 41
184 64 40
184 64 41
183 64 40
182 64 40
181 64 40
180 64 40
180 64 41
179 64 40
179 64 41
178 64 40
178 64 41
40 130 40
40 130 41
40 130 42
41 130 40
41 130 41
41 130 42
42 130 40
42 130 41
42 130 42
43 130 40
43 130 41
43 130 42
44 130 40
44 130 41
45 130 40
45 130 41
46 130 40
46 130 41
47 130 40
47 130 41
48 130 40
48 130 41
48 129 40
48 129 41
50 129 40
50 129 41
50 128 40
50 127 40
51 127 40
51 126 40
52 126 40
52 125 40
53 125 40
54 125 40
54 124 40
55 124 40
55 124 41
55 123 40
55 123 41
56 123 40
56 123 41
56 122 40
56 122 41
56 121 40
56 121 41
57 121 40
57 121 41
57 120 40
57 120 41
58 120 40
58 120 41
58 119 40
58 119 41
58 119 42
59 119 40
59 119 41
59 119 42
59 118 40
59 118 41
59 118 42
59 117 40
59 117 41
59 117 42
59 117 43
59 116 40
59 116 41
59 116 42
59 116 43
59 116 44
59 115 40
59 115 41
59 115 42
59 115 43
59 115 44
59 115 45
59 114 40
59 114 41
59 114 42
59 114 43
59 114 44
59 114 45
59 114 46
59 113 40
59 113 41
59 113 42
59 113 43
59 113 44
59 113 45
59 113 46
59 113 47
59 113 48
59 112 40
59 112 41
59 112 42
59 112 43
59 112 44
59 112 45
59 112 46
59 112 47
59 112 48
59 112 49
59 112 50
59 111 40
59 111 41
59 111 42
59 111 43
59 111 44
59 111 45
59 111 46
59 111 47
59 111 48
59 111 49
59 111 50
59 111 51
59 111 52
59 111 53
59 110 40
59 110 41
59 110 42
59 110 43
59 110 44
59 110 45
59 110 46
59 110 47
59 110 48
59 110 49
59 110 50
59 110 51
59 110 52
59 110 53
59 110 54
59 110 55
59 110 56
59 109 40
59 109 41
59 109 42
59 109 43
59 109 44
59 109 45
59 109 46
59 109 47
59 109 48
59 109 49
59 109 50
59 109 51
59 109 52
59 109 53
59 109 54
59 109 55
59 109 56
59 109 57
59 109 58
59 108 40
59 108 41
59 108 42
59 108 43
59 108 44
59 108 45
59 108 46
59 108 47
59 108 48
59 108 49
59 108 50
59 108 51
59 108 52
59 108 53
59 108 54
59 108 55
59 108 56
59 108 57
59 108 58
59 108 59
59 107 40
59 107 41
59 107 42
59 107 43
59 107 44
59 107 45
59 107 46
59 107 47
59 107 48
59 107 49
59 107 50
59 107 51
59 107 52
59 107 53
59 107 54
59 107 55
59 107 56
59 107 57
59 107 58
59 107 59
59 106 40
59 106 41
59 106 42
59 106 43
59 106 44
59 106 45
59 106 46
59 106 47
59 106 48
59 106 49
59 106 50
59 106 51
59 106 52
59 106 53
59 106 54
59 106 55
59 106 56
59 106 57
59 106 58
59 105 40
59 105 41
59 105 42
59 105 43
59 105 44
59 105 45
59 105 46
59 105 47
59 105 48
59 105 49
59 105 50
59 105 51
59 105 52
59 105 53
59 105 54
59 105 55
59 105 56
59 105 57
59 104 40
59 104 41
59 104 42
59 104 43
59 104 44
59 104 45
59 104 46
59 104 47
59 104 48
59 104 49
59 104 50
59 104 51
59 104 52
59 104 53
59 104 54
59 104 55
59 104 56
59 103 40
59 103 41
59 103 42
59 103 43
59 103 44
59 103 45
59 103 46
59 103 47
59 103 48
59 103 49
59 103 50
59 103 51
59 103 52
59 103 53
59 103 54
59 103 55
59 102 40
59 102 41
59 102 42
59 102 43
59 102 44
59 102 45
59 102 46
59 102 47
59 102 48
59 102 49
59 102 50
59 102 51
59 102 52
59 102 53
59 102 54
59 102 55
59 101 40
59 101 41
59 101 42
59 101 43
59 101 44
59 101 45
59 101 46
59 101 47
59 101 48
59 101 49
59 101 50
59 101 51
59 101 52
59 101 53
59 101 54
59 100 40
59 100 41
59 100 42
59 100 43
59 100 44
59 100 45
59 100 46
59 100 47
59 100 48
59 100 49
59 100 50
59 100 51
59 100 52
59 100 53
59 100 54
59 99 40
59 99 41
59 99 42
59 99 43
59 99 44
59 99 45
59 99 46
59 99 47
59 99 48
59 99 49
59 99 50
59 99 51
59 99 52
59 99 53
59 99 54
59 98 40
59 98 41
59 98 42
59 98 43
59 98 44
59 98 45
59 98 46
59 98 47
59 98 48
59 98 49
59 98 50
59 98 51
59 98 52
59 98 53
59 98 54
59 98 55
60 98 40
60 98 41
60 98 42
60 98 43
60 98 44
60 98 45
60 98 46
60 98 47
60 98 48
60 98 49
60 98 50
60 98 51
60 98 52
60 98 53
60 98 54
60 97 40
60 97 41
60 97 42
60 97 43
60 97 44
60 97 45
60 97 46
60 97 47
60 97 48
60 97 49
60 97 50
60 97 51
60 97 52
60 97 53
61 97 40
61 97 41
61 97 42
61 97 43
61 97 44
61 97 45
61 97 46
61 97 47
61 97 48
61 97 49
61 97 50
61 97 51
61 97 52
62 97 40
62 97 41
62 97 42
62 97 43
62 97 44
62 97 45
62 97 46
62 97 47
62 97 48
62 97 49
62 97 50
62 97 51
62 96 40
62 96 41
62 96 42
62 96 43
62 96 44
62 96 45
62 96 46
62 96 47
62 96 48
62 96 49
62 95 40
62 95 41
62 95 42
62 95 43
62 95 44
62 95 45
62 95 46
62 95 47
63 95 40
63 95 41
63 95 42
63 95 43
63 95 44
63 95 45
63 95 46
63 94 40
63 94 41
63 94 42
63 94 43
63 94 44
64 94 40
64 94 41
64 94 42
64 94 43
64 94 44
64 93 40
64 93 41
64 93 42
64 93 43
65 93 40
65 93 41
65 93 42
65 93 43
65 92 40
65 92 41
65 92 42
66 92 40
66 92 41
66 92 42
66 91 40
66 91 41
67 91 40
67 91 41
67 90 40
67 90 41
68 90 40
68 90 41
68 89 40
68 89 41
70 89 40
70 89 41
71 89 40
71 89 41
72 89 40
73 89 40
74 89 40
13 153 40
13 154 40
13 155 40
13 156 40
13 157 40
13 158 40
13 159 40
13 160 40
13 161 40
13 162 40
13 163 40
13 164 40
13 165 40
13 166 40
13 167 40
13 168 40
14 168 40
15 168 40
16 168 40
17 168 40
18 168 40
19 168 40
20 168 40
21 168 40
22 168 40
23 168 40
24 168 40
25 168 40
26 168 40
27 168 40
28 168 40
28 169 40
30 169 40
31 169 40
32 169 40
33 169 40
34 169 40
35 169 40
36 169 40
37 169 40
38 169 40
39 169 40
40 169 40
41 169 40
42 169 40
43 169 40
44 169 40
45 169 40
46 169 40
47 169 40
48 169 40
49 168 40
49 167 40
49 166 40
49 166 41
49 165 40
49 165 41
49 164 40
49 164 41
49 164 42
49 163 40
49 163 41
49 163 42
49 163 43
49 163 44
49 162 40
49 162 41
49 162 42
49 162 43
49 162 44
49 162 45
49 161 40
49 161 41
49 161 42
49 161 43
49 161 44
49 161 45
49 161 46
49 160 40
49 160 41
49 160 42
49 160 43
49 160 44
49 160 45
49 160 46
49 160 47
49 160 48
49 159 40
49 159 41
49 159 42
49 159 43
49 159 44
49 159 45
49 159 46
49 159 47
49 159 48
49 159 49
49 158 40
49 158 41
49 158 42
49 158 43
49 158 44
49 158 45
49 158 46
49 158 47
49 158 48
49 158 49
49 158 50
49 157 40
49 157 41
49 157 42
49 157 43
49 157 44
49 157 45
49 157 46
49 157 47
49 157 48
49 157 49
49 156 40
49 156 41
49 156 42
49 156 43
49 156 44
49 156 45
49 156 46
49 156 47
49 156 48
49 155 40
49 155 41
49 155 42
49 155 43
49 155 44
49 155 45
49 155 46
49 155 47
49 154 40
49 154 41
49 154 42
49 154 43
49 154 44
49 154 45
49 153 40
49 153 41
49 153 42
49 153 43
49 153 44
49 153 45
49 152 40
49 152 41
49 152 42
49 152 43
49 152 44
49 151 40
49 151 41
49 151 42
49 151 43
49 151 44
49 150 40
49 150 41
49 150 42
49 150 43
49 150 44
49 149 40
49 148 40
49 148 41
49 148 42
49 148 43
49 148 44
49 148 45
49 147 40
49 147 41
49 147 42
49 147 43
49 147 44
49 147 45
49 147 46
49 146 40
49 146 41
49 146 42
49 146 43
49 146 44
49 146 45
49 146 46
49 146 47
49 145 40
49 145 41
49 145 42
49 145 43
49 145 44
49 145 45
49 145 46
49 145 47
49 145 48
49 144 40
49 144 41
49 144 42
49 144 43
49 144 44
49 144 45
49 144 46
49 144 47
49 144 48
49 144 49
49 143 40
49 143 41
49 143 42
49 143 43
49 143 44
49 143 45
49 143 46
49 143 47
49 143 48
49 143 49
49 142 40
49 142 41
49 142 42
49 142 43
49 142 44
49 142 45
49 142 46
49 142 47
49 142 48
49 142 49
49 141 40
49 141 41
49 141 42
49 141 43
49 141 44
49 141 45
49 141 46
49 141 47
49 141 48
49 140 40
49 140 41
49 140 42
49 140 43
49 140 44
49 140 45
49 140 46
49 139 40
49 139 41
49 139 42
49 139 43
49 139 44
49 139 45
49 138 40
49 138 41
49 138 42
49 138 43
49 138 44
49 137 40
49 137 41
49 137 42
49 137 43
49 136 40
49 136 41
49 136 42
49 135 40
49 135 41
49 135 42
49 134 40
49 134 41
49 134 42
49 133 40
49 133 41
49 132 40
49 132 41
49 131 40
49 131 41
49 130 40
49 130 41
