9 9 100
9 29 100
9 49 100
9 69 100
9 89 100
9 109 100
9 129 100
9 149 100
9 169 100
9 189 100
29 9 100
29 29 100
29 49 100
29 69 100
29 89 100
29 109 100
29 129 100
29 149 100
29 169 100
29 189 100
49 9 100
49 29 100
49 49 100
49 69 100
49 89 100
49 109 100
49 129 100
49 149 100
49 169 100
49 189 100
69 9 100
69 29 100
69 49 100
69 69 100
69 89 100
69 109 100
69 129 100
69 149 100
69 169 100
69 189 100
89 9 100
89 29 100
89 49 100
89 69 100
89 89 100
89 109 100
89 129 100
89 149 100
89 169 100
89 189 100
109 9 100
109 29 100
109 49 100
109 69 100
109 89 100
109 109 100
109 129 100
109 149 100
109 169 100
109 189 100
129 9 100
129 29 100
129 49 100
129 69 100
129 89 100
129 109 100
129 129 100
129 149 100
129 169 100
129 189 100
149 9 100
149 29 100
149 49 100
149 69 100
149 89 100
149 109 100
149 129 100
149 149 100
149 169 100
149 189 100
169 9 100
169 29 100
169 49 100
169 69 100
169 89 100
169 109 100
169 129 100
169 149 100
169 169 100
169 189 100
189 9 100
189 29 100
189 49 100
189 69 100
189 89 100
189 109 100
189 129 100
189 149 100
189 169 100
189 189 100
9 29 100
9 49 100
9 169 100
9 189 100
29 49 100
29 109 100
29 169 100
49 69 100
49 129 100
49 149 100
49 169 100
69 29 100
69 69 100
69 109 100
69 149 100
69 169 100
89 9 100
89 49 100
89 69 100
89 109 100
89 129 100
109 9 100
109 49 100
109 109 100
109 129 100
109 189 100
129 49 100
129 69 100
129 109 100
129 129 100
129 149 100
129 169 100
129 189 100
149 9 100
149 29 100
149 49 100
169 9 100
169 29 100
169 89 100
169 109 100
169 129 100
169 169 100
189 189 100
30 16 40
116 85 40
99 176 40
131 4 40
64 87 40
70 134 40
186 47 40
30 189 40
65 87 40
66 87 40
67 87 40
67 88 40
68 88 40
69 88 40
70 89 40
71 89 40
72 89 40
73 89 40
74 89 40
75 89 40
76 89 40
77 89 40
78 89 40
79 89 40
79 89 42
80 89 40
80 89 42
81 89 40
81 89 42
82 89 40
82 89 42
82 89 44
83 89 40
83 89 42
83 89 44
84 89 40
84 89 42
84 89 44
85 89 40
85 89 42
85 89 44
86 89 40
86 89 42
86 89 44
87 89 40
87 89 42
87 89 44
88 89 40
88 89 42
88 89 44
90 89 40
90 89 42
91 89 40
92 89 40
93 89 40
94 89 40
95 89 40
96 89 40
97 89 40
98 89 40
99 89 40
100 89 40
101 89 40
102 89 40
103 89 40
104 89 40
105 89 40
106 89 40
107 89 40
108 89 40
109 88 40
110 88 40
110 87 40
111 87 40
111 86 40
112 86 40
112 85 40
113 85 40
114 85 40
115 85 40
186 48 40
186 49 40
185 49 40
184 49 40
183 49 40
182 49 40
181 49 40
180 49 40
179 49 40
178 49 40
177 49 40
176 49 40
175 49 40
174 49 40
173 49 40
172 49 40
171 49 40
170 49 40
169 50 40
169 51 40
169 52 40
169 53 40
169 54 40
169 54 42
169 55 40
169 55 42
169 56 40
169 56 42
169 56 44
169 57 40
169 57 42
169 57 44
169 58 40
169 58 42
169 58 44
169 58 46
169 59 40
169 59 42
169 59 44
169 59 46
169 59 48
169 60 40
169 60 42
169 60 44
169 60 46
169 60 48
169 60 50
169 61 40
169 61 42
169 61 44
169 61 46
169 61 48
169 61 50
169 62 40
169 62 42
169 62 44
169 62 46
169 62 48
169 62 50
169 63 40
169 63 42
169 63 44
169 63 46
169 63 48
169 63 50
169 64 40
169 64 42
169 64 44
169 64 46
169 64 48
169 65 40
169 65 42
169 65 44
169 65 46
169 66 40
169 66 42
169 66 44
169 67 40
169 67 42
169 67 44
169 68 40
169 68 42
168 69 40
167 69 40
166 69 40
165 69 40
164 69 40
163 69 40
162 69 40
161 69 40
160 69 40
159 69 40
158 69 40
157 69 40
156 69 40
155 69 40
154 69 40
153 69 40
152 69 40
151 69 40
150 69 40
149 70 40
149 71 40
149 72 40
149 73 40
149 74 40
149 75 40
149 76 40
149 77 40
149 78 40
149 79 40
149 80 40
149 81 40
149 82 40
149 83 40
149 84 40
149 85 40
149 86 40
149 87 40
149 88 40
148 89 40
147 89 40
146 89 40
145 89 40
144 89 40
143 89 40
142 89 40
141 89 40
140 89 40
139 89 40
138 89 40
137 89 40
136 89 40
136 89 42
135 89 40
135 89 42
134 89 40
134 89 42
133 89 40
133 89 42
133 89 44
132 89 40
132 89 42
132 89 44
131 89 40
131 89 42
131 89 44
130 89 40
130 89 42
130 89 44
129 88 40
129 88 42
129 88 44
129 88 46
128 88 40
128 88 42
128 88 44
127 88 40
127 88 42
127 88 44
127 87 40
127 87 42
127 87 44
127 87 46
126 87 40
126 87 42
126 87 44
126 86 40
126 86 42
126 86 44
126 86 46
125 86 40
125 86 42
125 86 44
124 86 40
124 86 42
123 86 40
122 86 40
121 86 40
120 86 40
119 86 40
118 86 40
117 86 40
116 86 40
130 4 40
129 4 40
129 5 40
129 6 40
129 7 40
129 8 40
129 8 42
129 10 40
129 10 42
129 10 44
129 11 40
129 11 42
129 11 44
129 12 40
129 12 42
129 12 44
129 13 40
129 13 42
129 13 44
129 13 46
129 14 40
129 14 42
129 14 44
129 15 40
129 15 42
129 15 44
129 16 40
129 16 42
129 17 40
129 17 42
129 18 40
129 18 42
129 19 40
129 20 40
129 21 40
129 22 40
129 23 40
129 24 40
129 25 40
129 26 40
129 27 40
129 28 40
128 29 40
127 29 40
126 29 40
125 29 40
124 29 40
123 29 40
122 29 40
121 29 40
120 29 40
119 29 40
118 29 40
118 29 42
117 29 40
117 29 42
116 29 40
116 29 42
115 29 40
115 29 42
115 29 44
114 29 40
114 29 42
114 29 44
114 29 46
113 29 40
113 29 42
113 29 44
113 29 46
112 29 40
112 29 42
112 29 44
112 29 46
111 29 40
111 29 42
111 29 44
111 29 46
110 29 40
110 29 42
110 29 44
108 29 40
108 29 42
107 29 40
106 29 40
105 29 40
104 29 40
103 29 40
102 29 40
101 29 40
100 29 40
99 29 40
98 29 40
97 29 40
96 29 40
95 29 40
94 29 40
93 29 40
92 29 40
91 29 40
90 29 40
90 29 42
89 28 40
89 28 42
88 28 40
88 28 42
88 27 40
88 27 42
88 26 40
88 26 42
88 25 40
88 25 42
88 24 40
88 24 42
88 23 40
88 23 42
88 22 40
88 22 42
88 21 40
88 20 40
88 19 40
88 18 40
88 17 40
88 16 40
88 16 42
88 15 40
88 15 42
88 14 40
88 14 42
88 13 40
88 13 42
88 12 40
88 12 42
88 12 44
88 11 40
88 11 42
88 11 44
88 10 40
88 10 42
88 10 44
87 10 40
87 10 42
87 10 44
86 10 40
86 10 42
86 10 44
85 10 40
85 10 42
85 10 44
84 10 40
84 10 42
84 10 44
83 10 40
83 10 42
83 10 44
82 10 40
82 10 42
82 10 44
81 10 40
81 10 42
81 10 44
81 10 46
80 10 40
80 10 42
80 10 44
80 10 46
79 10 40
79 10 42
79 10 44
79 10 46
78 10 40
78 10 42
78 10 44
78 10 46
78 10 48
77 10 40
77 10 42
77 10 44
77 10 46
77 10 48
76 10 40
76 10 42
76 10 44
76 10 46
75 10 40
75 10 42
75 10 44
75 10 46
74 10 40
74 10 42
74 10 44
73 10 40
73 10 42
73 10 44
72 10 40
72 10 42
71 10 40
70 10 40
70 9 40
69 8 40
69 7 40
69 7 42
68 7 40
67 7 40
66 7 40
65 7 40
64 7 40
63 7 40
62 7 40
61 7 40
60 7 40
59 7 40
58 7 40
57 7 40
56 7 40
55 7 40
54 7 40
53 7 40
52 7 40
51 7 40
50 7 40
49 7 40
48 7 40
47 7 40
46 7 40
45 7 40
44 7 40
43 7 40
42 7 40
41 7 40
40 7 40
39 7 40
38 7 40
37 7 40
36 7 40
35 7 40
35 7 42
34 7 40
34 7 42
33 7 40
33 7 42
33 7 44
32 7 40
32 7 42
32 7 44
31 7 40
31 7 42
31 7 44
31 7 46
30 7 40
30 7 42
30 7 44
30 7 46
30 8 40
30 8 42
30 8 44
30 9 40
30 9 42
30 10 40
30 10 42
30 11 40
30 12 40
30 13 40
30 14 40
30 15 40
70 133 40
70 132 40
70 131 40
70 130 40
69 130 40
69 128 40
68 128 40
67 128 40
67 127 40
66 127 40
66 126 40
66 125 40
65 125 40
64 125 40
64 124 40
63 124 40
63 123 40
63 122 40
62 122 40
61 122 40
61 121 40
60 121 40
60 120 40
59 120 40
59 119 40
58 119 40
58 118 40
57 118 40
57 117 40
56 117 40
56 116 40
55 116 40
55 115 40
54 115 40
54 114 40
54 113 40
53 113 40
53 112 40
52 112 40
52 111 40
51 111 40
51 110 40
50 110 40
50 109 40
49 108 40
49 107 40
49 106 40
49 105 40
49 104 40
49 103 40
49 102 40
49 101 40
49 100 40
49 99 40
49 98 40
49 97 40
49 96 40
49 95 40
49 94 40
49 93 40
49 92 40
49 91 40
49 90 40
50 89 40
50 88 40
51 88 40
51 87 40
52 87 40
53 87 40
54 87 40
55 87 40
56 87 40
57 87 40
58 87 40
59 87 40
60 87 40
61 87 40
62 87 40
63 87 40
99 175 40
99 174 40
98 174 40
97 174 40
96 174 40
95 174 40
94 174 40
93 174 40
93 173 40
93 172 40
92 172 40
92 171 40
91 171 40
91 170 40
90 170 40
90 169 40
89 168 40
89 167 40
89 166 40
89 165 40
89 164 40
89 163 40
89 162 40
89 161 40
89 160 40
89 159 40
89 158 40
89 157 40
89 156 40
89 155 40
89 154 40
89 153 40
89 152 40
89 151 40
89 150 40
89 148 40
89 148 42
88 148 40
88 148 42
87 148 40
87 148 42
87 147 40
87 147 42
86 147 40
86 147 42
86 146 40
86 146 42
86 146 44
85 146 40
85 146 42
85 146 44
85 145 40
85 145 42
85 145 44
85 144 40
85 144 42
85 144 44
84 144 40
84 144 42
83 144 40
83 144 42
83 143 40
83 143 42
82 143 40
82 143 42
82 142 40
82 142 42
82 141 40
81 141 40
81 140 40
80 140 40
80 139 40
79 139 40
78 139 40
78 138 40
78 137 40
77 137 40
76 137 40
76 136 40
75 136 40
75 135 40
74 135 40
74 134 40
73 134 40
73 133 40
72 133 40
71 133 40
31 189 40
32 189 40
33 189 40
34 189 40
35 189 40
36 189 40
37 189 40
38 189 40
39 189 40
40 189 40
41 189 40
42 189 40
43 189 40
44 189 40
45 189 40
46 189 40
47 189 40
48 189 40
50 189 40
51 189 40
52 189 40
53 189 40
54 189 40
55 189 40
56 189 40
57 189 40
58 189 40
58 189 42
59 189 40
59 189 42
60 189 40
60 189 42
61 189 40
61 189 42
62 189 40
62 189 42
62 189 44
63 189 40
63 189 42
63 189 44
64 189 40
64 189 42
64 189 44
64 189 46
65 189 40
65 189 42
65 189 44
65 189 46
66 189 40
66 189 42
66 189 44
67 189 40
67 189 42
67 189 44
68 189 40
68 189 42
68 189 44
70 189 40
70 189 42
71 189 40
71 189 42
72 189 40
73 189 40
74 189 40
75 189 40
76 189 40
77 189 40
78 189 40
79 189 40
80 189 40
81 189 40
82 189 40
83 189 40
84 189 40
85 189 40
86 189 40
87 189 40
88 189 40
89 188 40
89 187 40
89 186 40
89 185 40
89 184 40
89 183 40
89 182 40
89 181 40
89 180 40
89 179 40
89 178 40
89 177 40
89 176 40
89 175 40
89 174 40
89 173 40
89 172 40
89 171 40
89 170 40
