9 9 100
9 29 100
9 49 100
9 69 100
9 89 100
9 109 100
9 129 100
9 149 100
9 169 100
9 189 100
29 9 100
29 29 100
29 49 100
29 69 100
29 89 100
29 109 100
29 129 100
29 149 100
29 169 100
29 189 100
49 9 100
49 29 100
49 49 100
49 69 100
49 89 100
49 109 100
49 129 100
49 149 100
49 169 100
49 189 100
69 9 100
69 29 100
69 49 100
69 69 100
69 89 100
69 109 100
69 129 100
69 149 100
69 169 100
69 189 100
89 9 100
89 29 100
89 49 100
89 69 100
89 89 100
89 109 100
89 129 100
89 149 100
89 169 100
89 189 100
109 9 100
109 29 100
109 49 100
109 69 100
109 89 100
109 109 100
109 129 100
109 149 100
109 169 100
109 189 100
129 9 100
129 29 100
129 49 100
129 69 100
129 89 100
129 109 100
129 129 100
129 149 100
129 169 100
129 189 100
149 9 100
149 29 100
149 49 100
149 69 100
149 89 100
149 109 100
149 129 100
149 149 100
149 169 100
149 189 100
169 9 100
169 29 100
169 49 100
169 69 100
169 89 100
169 109 100
169 129 100
169 149 100
169 169 100
169 189 100
189 9 100
189 29 100
189 49 100
189 69 100
189 89 100
189 109 100
189 129 100
189 149 100
189 169 100
189 189 100
9 9 100
9 49 100
9 89 100
9 109 100
9 149 100
9 169 100
9 189 100
29 9 100
29 49 100
29 69 100
29 109 100
29 129 100
29 149 100
29 189 100
49 9 100
49 29 100
49 49 100
49 109 100
49 149 100
49 189 100
69 9 100
69 49 100
69 69 100
69 89 100
69 109 100
69 129 100
69 149 100
69 189 100
89 29 100
89 49 100
89 89 100
89 129 100
89 149 100
89 169 100
109 9 100
109 69 100
109 89 100
109 149 100
109 169 100
129 9 100
129 49 100
129 69 100
129 89 100
129 109 100
129 129 100
129 169 100
129 189 100
149 9 100
149 29 100
149 69 100
149 109 100
149 149 100
149 189 100
169 9 100
169 29 100
169 49 100
169 69 100
169 89 100
169 109 100
169 129 100
169 149 100
169 169 100
169 189 100
189 29 100
189 49 100
189 89 100
189 169 100
189 189 100
2 161 40
188 118 40
188 117 40
188 116 40
188 115 40
188 114 40
188 113 40
188 112 40
188 111 40
188 110 40
187 110 40
186 110 40
185 110 40
184 110 40
183 110 40
182 110 40
181 110 40
180 110 40
179 110 40
179 110 42
178 110 40
178 110 42
177 110 40
177 110 42
177 110 44
176 110 40
176 110 42
176 110 44
175 110 40
175 110 42
175 110 44
175 110 46
174 110 40
174 110 42
174 110 44
174 110 46
174 110 48
173 110 40
173 110 42
173 110 44
173 110 46
173 110 48
173 110 50
172 110 40
172 110 42
172 110 44
172 110 46
172 110 48
172 110 50
171 110 40
171 110 42
171 110 44
171 110 46
171 110 48
171 110 50
170 110 40
170 110 42
170 110 44
170 110 46
170 110 48
169 110 40
169 110 42
169 110 44
169 110 46
169 110 48
168 110 40
168 110 42
168 110 44
168 110 46
168 111 40
168 111 42
168 111 44
168 111 46
168 111 48
167 111 40
167 111 42
167 111 44
167 111 46
166 111 40
166 111 42
166 111 44
166 111 46
166 112 40
166 112 42
166 112 44
166 112 46
166 112 48
166 113 40
166 113 42
166 113 44
166 113 46
166 113 48
166 113 50
165 113 40
165 113 42
165 113 44
165 113 46
165 113 48
164 113 40
164 113 42
164 113 44
164 113 46
164 113 48
164 114 40
164 114 42
164 114 44
164 114 46
164 114 48
164 114 50
163 114 40
163 114 42
163 114 44
163 114 46
163 114 48
163 114 50
163 115 40
163 115 42
163 115 44
163 115 46
163 115 48
163 115 50
163 115 52
163 115 54
162 115 40
162 115 42
162 115 44
162 115 46
162 115 48
162 115 50
162 115 52
162 115 54
162 116 40
162 116 42
162 116 44
162 116 46
162 116 48
162 116 50
162 116 52
162 116 54
162 116 56
162 116 58
161 116 40
161 116 42
161 116 44
161 116 46
161 116 48
161 116 50
161 116 52
161 116 54
161 116 56
161 116 58
161 117 40
161 117 42
161 117 44
161 117 46
161 117 48
161 117 50
161 117 52
161 117 54
161 117 56
161 117 58
161 117 60
161 117 62
161 117 64
161 117 66
161 118 40
161 118 42
161 118 44
161 118 46
161 118 48
161 118 50
161 118 52
161 118 54
161 118 56
161 118 58
161 118 60
161 118 62
161 118 64
161 118 66
161 118 68
161 118 70
161 118 72
160 118 40
160 118 42
160 118 44
160 118 46
160 118 48
160 118 50
160 118 52
160 118 54
160 118 56
160 118 58
160 118 60
160 118 62
160 118 64
160 118 66
160 118 68
160 118 70
160 118 72
160 119 40
160 119 42
160 119 44
160 119 46
160 119 48
160 119 50
160 119 52
160 119 54
160 119 56
160 119 58
160 119 60
160 119 62
160 119 64
160 119 66
160 119 68
160 119 70
160 119 72
160 119 74
160 119 76
160 119 78
159 119 40
159 119 42
159 119 44
159 119 46
159 119 48
159 119 50
159 119 52
159 119 54
159 119 56
159 119 58
159 119 60
159 119 62
159 119 64
159 119 66
159 119 68
159 119 70
159 119 72
159 119 74
159 119 76
159 119 78
159 120 40
159 120 42
159 120 44
159 120 46
159 120 48
159 120 50
159 120 52
159 120 54
159 120 56
159 120 58
159 120 60
159 120 62
159 120 64
159 120 66
159 120 68
159 120 70
159 120 72
159 120 74
159 120 76
159 120 78
159 120 80
159 120 82
159 120 84
158 120 40
158 120 42
158 120 44
158 120 46
158 120 48
158 120 50
158 120 52
158 120 54
158 120 56
158 120 58
158 120 60
158 120 62
158 120 64
158 120 66
158 120 68
158 120 70
158 120 72
158 120 74
158 120 76
158 120 78
158 120 80
157 120 40
157 120 42
157 120 44
157 120 46
157 120 48
157 120 50
157 120 52
157 120 54
157 120 56
157 120 58
157 120 60
157 120 62
157 120 64
157 120 66
157 120 68
157 120 70
157 120 72
157 120 74
157 120 76
157 120 78
157 121 40
157 121 42
157 121 44
157 121 46
157 121 48
157 121 50
157 121 52
157 121 54
157 121 56
157 121 58
157 121 60
157 121 62
157 121 64
157 121 66
157 121 68
157 121 70
157 121 72
157 121 74
157 121 76
157 121 78
157 121 80
157 122 40
157 122 42
157 122 44
157 122 46
157 122 48
157 122 50
157 122 52
157 122 54
157 122 56
157 122 58
157 122 60
157 122 62
157 122 64
157 122 66
157 122 68
157 122 70
157 122 72
157 122 74
157 122 76
157 122 78
157 122 80
157 122 82
156 122 40
156 122 42
156 122 44
156 122 46
156 122 48
156 122 50
156 122 52
156 122 54
156 122 56
156 122 58
156 122 60
156 122 62
156 122 64
156 122 66
156 122 68
156 122 70
156 122 72
156 122 74
156 122 76
155 122 40
155 122 42
155 122 44
155 122 46
155 122 48
155 122 50
155 122 52
155 122 54
155 122 56
155 122 58
155 122 60
155 122 62
155 122 64
155 122 66
155 122 68
155 122 70
155 122 72
155 123 40
155 123 42
155 123 44
155 123 46
155 123 48
155 123 50
155 123 52
155 123 54
155 123 56
155 123 58
155 123 60
155 123 62
155 123 64
155 123 66
155 123 68
155 123 70
154 123 40
154 123 42
154 123 44
154 123 46
154 123 48
154 123 50
154 123 52
154 123 54
154 123 56
154 123 58
154 123 60
154 123 62
154 123 64
154 124 40
154 124 42
154 124 44
154 124 46
154 124 48
154 124 50
154 124 52
154 124 54
154 124 56
154 124 58
154 124 60
154 124 62
153 124 40
153 124 42
153 124 44
153 124 46
153 124 48
153 124 50
153 124 52
153 124 54
153 124 56
153 124 58
153 125 40
153 125 42
153 125 44
153 125 46
153 125 48
153 125 50
153 125 52
153 125 54
152 125 40
152 125 42
152 125 44
152 125 46
152 125 48
152 125 50
152 125 52
152 126 40
152 126 42
152 126 44
152 126 46
152 126 48
151 126 40
151 126 42
151 126 44
151 126 46
151 127 40
151 127 42
151 127 44
150 127 40
150 127 42
150 127 44
150 128 40
150 128 42
149 128 40
149 128 42
148 129 40
148 130 40
147 130 40
147 131 40
146 131 40
146 132 40
145 132 40
145 132 42
145 133 40
145 133 42
144 133 40
144 133 42
144 134 40
144 134 42
144 134 44
144 135 40
144 135 42
144 135 44
143 135 40
143 135 42
143 135 44
143 135 46
142 135 40
142 135 42
142 135 44
142 135 46
142 135 48
142 135 50
142 136 40
142 136 42
142 136 44
142 136 46
142 136 48
142 136 50
142 136 52
141 136 40
141 136 42
141 136 44
141 136 46
141 136 48
141 136 50
141 136 52
141 136 54
141 137 40
141 137 42
141 137 44
141 137 46
141 137 48
141 137 50
141 137 52
141 137 54
141 137 56
140 137 40
140 137 42
140 137 44
140 137 46
140 137 48
140 137 50
140 137 52
140 137 54
140 137 56
140 137 58
140 138 40
140 138 42
140 138 44
140 138 46
140 138 48
140 138 50
140 138 52
140 138 54
140 138 56
140 138 58
140 138 60
139 138 40
139 138 42
139 138 44
139 138 46
139 138 48
139 138 50
139 138 52
139 138 54
139 138 56
139 138 58
139 138 60
139 139 40
139 139 42
139 139 44
139 139 46
139 139 48
139 139 50
139 139 52
139 139 54
139 139 56
139 139 58
139 139 60
139 140 40
139 140 42
139 140 44
139 140 46
139 140 48
139 140 50
139 140 52
139 140 54
139 140 56
139 140 58
138 140 40
138 140 42
138 140 44
138 140 46
138 140 48
138 140 50
138 140 52
138 140 54
138 140 56
137 140 40
137 140 42
137 140 44
137 140 46
137 140 48
137 140 50
137 140 52
137 140 54
137 141 40
137 141 42
137 141 44
137 141 46
137 141 48
137 141 50
137 142 40
137 142 42
137 142 44
137 142 46
137 142 48
136 142 40
136 142 42
136 142 44
136 142 46
135 142 40
135 142 42
135 142 44
135 143 40
135 143 42
135 144 40
135 144 42
134 144 40
133 144 40
133 145 40
132 145 40
132 146 40
131 146 40
131 147 40
130 147 40
130 148 40
129 148 40
128 148 40
127 148 40
126 148 40
125 148 40
124 148 40
123 148 40
122 148 40
121 148 40
120 148 40
119 148 40
118 148 40
118 148 42
117 148 40
117 148 42
116 148 40
116 148 42
115 148 40
115 148 42
114 148 40
114 148 42
114 148 44
113 148 40
113 148 42
113 148 44
112 148 40
112 148 42
112 148 44
111 148 40
111 148 42
111 148 44
110 148 40
110 148 42
110 148 44
110 147 40
110 147 42
110 147 44
110 146 40
110 146 42
110 145 40
110 145 42
110 144 40
110 143 40
110 142 40
110 141 40
110 140 40
110 139 40
110 138 40
110 137 40
110 136 40
110 135 40
110 134 40
110 133 40
110 132 40
110 131 40
110 130 40
109 130 40
109 128 40
109 127 40
109 126 40
109 125 40
109 124 40
109 123 40
109 122 40
109 121 40
109 120 40
109 119 40
109 118 40
109 117 40
109 116 40
109 115 40
109 114 40
109 113 40
109 112 40
109 111 40
109 110 40
108 109 40
107 109 40
106 109 40
105 109 40
104 109 40
103 109 40
102 109 40
101 109 40
100 109 40
99 109 40
98 109 40
97 109 40
96 109 40
95 109 40
94 109 40
93 109 40
92 109 40
91 109 40
90 109 40
88 109 40
88 110 40
87 110 40
86 110 40
85 110 40
84 110 40
83 110 40
83 110 42
82 110 40
82 110 42
81 110 40
81 110 42
81 110 44
80 110 40
80 110 42
80 110 44
80 110 46
79 110 40
79 110 42
79 110 44
79 110 46
79 110 48
78 110 40
78 110 42
78 110 44
78 110 46
78 110 48
78 110 50
78 110 52
77 110 40
77 110 42
77 110 44
77 110 46
77 110 48
77 110 50
77 110 52
77 110 54
76 110 40
76 110 42
76 110 44
76 110 46
76 110 48
76 110 50
76 110 52
76 110 54
76 110 56
75 110 40
75 110 42
75 110 44
75 110 46
75 110 48
75 110 50
75 110 52
75 110 54
75 110 56
74 110 40
74 110 42
74 110 44
74 110 46
74 110 48
74 110 50
74 110 52
74 110 54
74 110 56
73 110 40
73 110 42
73 110 44
73 110 46
73 110 48
73 110 50
73 110 52
73 110 54
73 110 56
72 110 40
72 110 42
72 110 44
72 110 46
72 110 48
72 110 50
72 110 52
72 110 54
71 110 40
71 110 42
71 110 44
71 110 46
71 110 48
71 110 50
71 110 52
70 110 40
70 110 42
70 110 44
70 110 46
70 110 48
70 110 50
69 110 40
69 110 42
69 110 44
69 110 46
69 110 48
68 110 40
68 110 42
68 110 44
68 110 46
68 111 40
68 111 42
68 111 44
68 111 46
68 111 48
67 111 40
67 111 42
67 111 44
67 111 46
67 112 40
67 112 42
67 112 44
67 112 46
67 112 48
66 112 40
66 112 42
66 112 44
66 112 46
66 113 40
66 113 42
66 113 44
66 113 46
66 113 48
65 113 40
65 113 42
65 113 44
65 113 46
64 113 40
64 113 42
64 113 44
64 113 46
64 114 40
64 114 42
64 114 44
64 114 46
64 114 48
63 114 40
63 114 42
63 114 44
63 114 46
63 115 40
63 115 42
63 115 44
63 115 46
63 115 48
63 116 40
63 116 42
63 116 44
63 116 46
63 116 48
63 116 50
62 116 40
62 116 42
62 116 44
62 116 46
62 116 48
62 117 40
62 117 42
62 117 44
62 117 46
62 117 48
61 117 40
61 117 42
61 117 44
61 117 46
60 117 40
60 117 42
60 117 44
60 118 40
60 118 42
60 118 44
60 119 40
60 119 42
60 119 44
59 119 40
59 119 42
59 120 40
59 120 42
58 120 40
58 121 40
57 121 40
57 122 40
56 122 40
56 123 40
55 123 40
54 123 40
54 124 40
53 124 40
53 125 40
53 126 40
52 126 40
52 127 40
51 127 40
50 127 40
50 128 40
49 128 40
48 129 40
47 129 40
46 129 40
46 129 42
45 129 40
45 129 42
44 129 40
44 129 42
44 129 44
43 129 40
43 129 42
43 129 44
42 129 40
42 129 42
42 129 44
42 129 46
41 129 40
41 129 42
41 129 44
41 129 46
41 129 48
41 129 50
40 129 40
40 129 42
40 129 44
40 129 46
40 129 48
40 129 50
40 129 52
39 129 40
39 129 42
39 129 44
39 129 46
39 129 48
39 129 50
39 129 52
39 129 54
39 129 56
38 129 40
38 129 42
38 129 44
38 129 46
38 129 48
38 129 50
38 129 52
38 129 54
38 129 56
38 129 58
38 129 60
38 129 62
37 129 40
37 129 42
37 129 44
37 129 46
37 129 48
37 129 50
37 129 52
37 129 54
37 129 56
37 129 58
37 129 60
37 129 62
37 129 64
37 129 66
37 129 68
36 129 40
36 129 42
36 129 44
36 129 46
36 129 48
36 129 50
36 129 52
36 129 54
36 129 56
36 129 58
36 129 60
36 129 62
36 129 64
36 129 66
36 129 68
36 129 70
36 129 72
36 129 74
36 129 76
35 129 40
35 129 42
35 129 44
35 129 46
35 129 48
35 129 50
35 129 52
35 129 54
35 129 56
35 129 58
35 129 60
35 129 62
35 129 64
35 129 66
35 129 68
35 129 70
35 129 72
35 129 74
35 129 76
35 129 78
35 129 80
35 129 82
35 129 84
34 129 40
34 129 42
34 129 44
34 129 46
34 129 48
34 129 50
34 129 52
34 129 54
34 129 56
34 129 58
34 129 60
34 129 62
34 129 64
34 129 66
34 129 68
34 129 70
34 129 72
34 129 74
34 129 76
34 129 78
34 129 80
34 129 82
34 129 84
34 129 86
34 129 88
34 129 90
33 129 40
33 129 42
33 129 44
33 129 46
33 129 48
33 129 50
33 129 52
33 129 54
33 129 56
33 129 58
33 129 60
33 129 62
33 129 64
33 129 66
33 129 68
33 129 70
33 129 72
33 129 74
33 129 76
33 129 78
33 129 80
33 129 82
33 129 84
33 129 86
33 129 88
33 129 90
33 129 92
33 129 94
33 129 96
33 129 98
32 129 40
32 129 42
32 129 44
32 129 46
32 129 48
32 129 50
32 129 52
32 129 54
32 129 56
32 129 58
32 129 60
32 129 62
32 129 64
32 129 66
32 129 68
32 129 70
32 129 72
32 129 74
32 129 76
32 129 78
32 129 80
32 129 82
32 129 84
32 129 86
32 129 88
32 129 90
32 129 92
32 129 94
32 129 96
32 129 98
32 129 100
32 129 102
31 129 40
31 129 42
31 129 44
31 129 46
31 129 48
31 129 50
31 129 52
31 129 54
31 129 56
31 129 58
31 129 60
31 129 62
31 129 64
31 129 66
31 129 68
31 129 70
31 129 72
31 129 74
31 129 76
31 129 78
31 129 80
31 129 82
31 129 84
31 129 86
31 129 88
31 129 90
31 129 92
31 129 94
31 129 96
31 129 98
31 129 100
31 129 102
31 129 104
31 129 106
30 129 40
30 129 42
30 129 44
30 129 46
30 129 48
30 129 50
30 129 52
30 129 54
30 129 56
30 129 58
30 129 60
30 129 62
30 129 64
30 129 66
30 129 68
30 129 70
30 129 72
30 129 74
30 129 76
30 129 78
30 129 80
30 129 82
30 129 84
30 129 86
30 129 88
30 129 90
30 129 92
30 129 94
30 129 96
30 129 98
30 129 100
30 129 102
30 129 104
30 129 106
30 129 108
29 129 40
29 129 42
29 129 44
29 129 46
29 129 48
29 129 50
29 129 52
29 129 54
29 129 56
29 129 58
29 129 60
29 129 62
29 129 64
29 129 66
29 129 68
29 129 70
29 129 72
29 129 74
29 129 76
29 129 78
29 129 80
29 129 82
29 129 84
29 129 86
29 129 88
29 129 90
29 129 92
29 129 94
29 129 96
29 129 98
29 129 100
29 129 102
29 129 104
28 129 40
28 129 42
28 129 44
28 129 46
28 129 48
28 129 50
28 129 52
28 129 54
28 129 56
28 129 58
28 129 60
28 129 62
28 129 64
28 129 66
28 129 68
28 129 70
28 129 72
28 129 74
28 129 76
28 129 78
28 129 80
28 129 82
28 129 84
28 129 86
28 129 88
28 129 90
28 129 92
28 129 94
28 129 96
28 129 98
28 129 100
28 129 102
28 129 104
28 129 106
28 129 108
27 129 40
27 129 42
27 129 44
27 129 46
27 129 48
27 129 50
27 129 52
27 129 54
27 129 56
27 129 58
27 129 60
27 129 62
27 129 64
27 129 66
27 129 68
27 129 70
27 129 72
27 129 74
27 129 76
27 129 78
27 129 80
27 129 82
27 129 84
27 129 86
27 129 88
27 129 90
27 129 92
27 129 94
27 129 96
27 129 98
27 129 100
27 129 102
27 129 104
27 129 106
26 129 40
26 129 42
26 129 44
26 129 46
26 129 48
26 129 50
26 129 52
26 129 54
26 129 56
26 129 58
26 129 60
26 129 62
26 129 64
26 129 66
26 129 68
26 129 70
26 129 72
26 129 74
26 129 76
26 129 78
26 129 80
26 129 82
26 129 84
26 129 86
26 129 88
26 129 90
26 129 92
26 129 94
26 129 96
26 129 98
26 129 100
26 129 102
25 129 40
25 129 42
25 129 44
25 129 46
25 129 48
25 129 50
25 129 52
25 129 54
25 129 56
25 129 58
25 129 60
25 129 62
25 129 64
25 129 66
25 129 68
25 129 70
25 129 72
25 129 74
25 129 76
25 129 78
25 129 80
25 129 82
25 129 84
25 129 86
25 129 88
25 129 90
25 129 92
25 129 94
25 129 96
24 129 40
24 129 42
24 129 44
24 129 46
24 129 48
24 129 50
24 129 52
24 129 54
24 129 56
24 129 58
24 129 60
24 129 62
24 129 64
24 129 66
24 129 68
24 129 70
24 129 72
24 129 74
24 129 76
24 129 78
24 129 80
24 129 82
24 129 84
24 129 86
24 129 88
24 129 90
24 129 92
23 129 40
23 129 42
23 129 44
23 129 46
23 129 48
23 129 50
23 129 52
23 129 54
23 129 56
23 129 58
23 129 60
23 129 62
23 129 64
23 129 66
23 129 68
23 129 70
23 129 72
23 129 74
23 129 76
23 129 78
23 129 80
23 129 82
23 129 84
23 129 86
22 129 40
22 129 42
22 129 44
22 129 46
22 129 48
22 129 50
22 129 52
22 129 54
22 129 56
22 129 58
22 129 60
22 129 62
22 129 64
22 129 66
22 129 68
22 129 70
22 129 72
22 129 74
22 129 76
22 129 78
22 129 80
21 129 40
21 129 42
21 129 44
21 129 46
21 129 48
21 129 50
21 129 52
21 129 54
21 129 56
21 129 58
21 129 60
21 129 62
21 129 64
21 129 66
21 129 68
21 129 70
21 129 72
21 129 74
20 129 40
20 129 42
20 129 44
20 129 46
20 129 48
20 129 50
20 129 52
20 129 54
20 129 56
20 129 58
20 129 60
20 129 62
20 129 64
20 129 66
20 129 68
20 129 70
19 129 40
19 129 42
19 129 44
19 129 46
19 129 48
19 129 50
19 129 52
19 129 54
19 129 56
19 129 58
19 129 60
19 129 62
19 129 64
18 129 40
18 129 42
18 129 44
18 129 46
18 129 48
18 129 50
18 129 52
18 129 54
18 129 56
18 129 58
18 129 60
17 129 40
17 129 42
17 129 44
17 129 46
17 129 48
17 129 50
17 129 52
17 129 54
17 129 56
16 129 40
16 129 42
16 129 44
16 129 46
16 129 48
16 129 50
16 129 52
15 129 40
15 129 42
15 129 44
15 129 46
15 129 48
15 129 50
14 129 40
14 129 42
14 129 44
14 129 46
14 129 48
13 129 40
13 129 42
13 129 44
13 129 46
13 129 48
12 129 40
12 129 42
12 129 44
12 129 46
11 129 40
11 129 42
11 129 44
10 129 40
10 129 42
10 129 44
8 129 40
8 129 42
7 129 40
7 129 42
6 129 40
6 129 42
5 129 40
5 129 42
4 129 40
4 129 42
3 129 40
3 129 42
2 129 40
2 129 42
2 129 44
2 130 40
2 130 42
2 131 40
2 131 42
2 132 40
2 132 42
2 133 40
2 133 42
2 134 40
2 134 42
2 135 40
2 135 42
2 136 40
2 136 42
2 137 40
2 138 40
2 139 40
2 140 40
2 141 40
2 142 40
2 143 40
2 144 40
2 145 40
2 146 40
2 147 40
2 148 40
2 149 40
2 150 40
2 151 40
2 152 40
2 153 40
2 154 40
2 155 40
2 156 40
2 157 40
2 158 40
2 159 40
2 160 40
