9 9 100
9 29 100
9 49 100
9 69 100
9 89 100
9 109 100
9 129 100
9 149 100
9 169 100
9 189 100
29 9 100
29 29 100
29 49 100
29 69 100
29 89 100
29 109 100
29 129 100
29 149 100
29 169 100
29 189 100
49 9 100
49 29 100
49 49 100
49 69 100
49 89 100
49 109 100
49 129 100
49 149 100
49 169 100
49 189 100
69 9 100
69 29 100
69 49 100
69 69 100
69 89 100
69 109 100
69 129 100
69 149 100
69 169 100
69 189 100
89 9 100
89 29 100
89 49 100
89 69 100
89 89 100
89 109 100
89 129 100
89 149 100
89 169 100
89 189 100
109 9 100
109 29 100
109 49 100
109 69 100
109 89 100
109 109 100
109 129 100
109 149 100
109 169 100
109 189 100
129 9 100
129 29 100
129 49 100
129 69 100
129 89 100
129 109 100
129 129 100
129 149 100
129 169 100
129 189 100
149 9 100
149 29 100
149 49 100
149 69 100
149 89 100
149 109 100
149 129 100
149 149 100
149 169 100
149 189 100
169 9 100
169 29 100
169 49 100
169 69 100
169 89 100
169 109 100
169 129 100
169 149 100
169 169 100
169 189 100
189 9 100
189 29 100
189 49 100
189 69 100
189 89 100
189 109 100
189 129 100
189 149 100
189 169 100
189 189 100
9 29 100
9 49 100
9 69 100
9 109 100
9 149 100
9 169 100
9 189 100
29 49 100
29 89 100
29 149 100
29 169 100
29 189 100
49 9 100
49 129 100
49 149 100
49 189 100
69 49 100
69 69 100
69 89 100
69 109 100
69 149 100
89 29 100
89 49 100
89 69 100
89 129 100
89 149 100
89 169 100
109 69 100
109 109 100
109 189 100
129 9 100
129 49 100
129 69 100
129 109 100
129 149 100
129 189 100
149 9 100
149 49 100
149 69 100
149 109 100
149 129 100
149 169 100
169 9 100
169 29 100
169 49 100
169 129 100
169 189 100
189 9 100
189 69 100
189 109 100
189 129 100
156 158 40
33 35 40
33 34 40
33 33 40
33 32 40
33 31 40
33 31 42
33 30 40
33 30 42
34 30 40
34 30 42
35 30 40
35 30 42
36 30 40
36 30 42
36 30 44
37 30 40
37 30 42
38 30 40
38 30 42
39 30 40
39 30 42
40 30 40
40 30 42
41 30 40
41 30 42
42 30 40
43 30 40
44 30 40
45 30 40
46 30 40
47 30 40
48 30 40
49 30 40
49 31 40
49 32 40
49 33 40
49 34 40
49 35 40
49 36 40
49 37 40
49 38 40
49 39 40
49 40 40
49 41 40
49 42 40
49 43 40
49 44 40
49 45 40
49 46 40
49 47 40
49 48 40
49 50 40
49 51 40
49 52 40
49 53 40
49 54 40
49 55 40
49 56 40
49 56 42
49 57 40
49 57 42
49 58 40
49 58 42
49 58 44
49 59 40
49 59 42
49 59 44
49 60 40
49 60 42
49 60 44
49 60 46
49 61 40
49 61 42
49 61 44
49 61 46
49 62 40
49 62 42
49 62 44
49 62 46
49 63 40
49 63 42
49 63 44
49 64 40
49 64 42
49 64 44
49 65 40
49 65 42
49 65 44
49 66 40
49 66 42
49 66 44
49 67 40
49 67 42
49 67 44
49 68 40
49 68 42
49 68 44
49 70 40
49 70 42
49 70 44
49 71 40
49 71 42
49 71 44
49 72 40
49 72 42
49 72 44
49 73 40
49 73 42
49 73 44
49 74 40
49 74 42
49 74 44
49 75 40
49 75 42
49 75 44
49 76 40
49 76 42
49 76 44
49 77 40
49 77 42
49 77 44
49 78 40
49 78 42
49 79 40
49 79 42
49 80 40
49 80 42
49 81 40
49 81 42
49 82 40
49 82 42
49 83 40
49 83 42
49 84 40
49 84 42
49 85 40
49 85 42
49 86 40
49 86 42
49 87 40
49 87 42
49 88 40
49 88 42
49 90 40
49 90 42
49 91 40
49 91 42
49 92 40
49 92 42
49 93 40
49 94 40
49 95 40
49 96 40
49 97 40
49 98 40
49 99 40
49 100 40
49 101 40
49 102 40
49 103 40
49 104 40
49 105 40
49 106 40
49 107 40
49 108 40
50 109 40
51 109 40
52 109 40
53 109 40
54 109 40
55 109 40
56 109 40
57 109 40
58 109 40
59 109 40
60 109 40
61 109 40
62 109 40
63 109 40
64 109 40
65 109 40
66 109 40
66 109 42
67 109 40
67 109 42
68 109 40
68 109 42
68 109 44
70 109 40
70 109 42
70 109 44
70 109 46
70 109 48
70 109 50
71 109 40
71 109 42
71 109 44
71 109 46
71 109 48
71 109 50
72 109 40
72 109 42
72 109 44
72 109 46
72 109 48
72 109 50
72 109 52
73 109 40
73 109 42
73 109 44
73 109 46
73 109 48
73 109 50
73 109 52
74 109 40
74 109 42
74 109 44
74 109 46
74 109 48
74 109 50
74 109 52
75 109 40
75 109 42
75 109 44
75 109 46
75 109 48
75 109 50
76 109 40
76 109 42
76 109 44
76 109 46
76 109 48
77 109 40
77 109 42
77 109 44
77 109 46
78 109 40
78 109 42
78 109 44
79 109 40
79 109 42
79 109 44
80 109 40
80 109 42
81 109 40
81 109 42
82 109 40
82 109 42
83 109 40
84 109 40
85 109 40
86 109 40
87 109 40
88 109 40
89 110 40
90 110 40
90 110 42
90 111 40
90 111 42
90 112 40
90 112 42
90 113 40
90 113 42
90 113 44
90 114 40
90 114 42
90 114 44
90 115 40
90 115 42
90 115 44
90 116 40
90 116 42
90 116 44
90 117 40
90 117 42
90 118 40
90 118 42
90 119 40
90 119 42
90 120 40
90 120 42
90 121 40
90 121 42
90 122 40
90 122 42
90 123 40
90 123 42
90 124 40
90 124 42
90 125 40
90 125 42
90 126 40
90 126 42
90 126 44
90 127 40
90 127 42
90 127 44
90 128 40
90 128 42
90 128 44
91 128 40
91 128 42
91 128 44
92 128 40
92 128 42
92 128 44
93 128 40
93 128 42
94 128 40
94 128 42
95 128 40
96 128 40
97 128 40
98 128 40
99 128 40
100 128 40
101 128 40
102 128 40
103 128 40
104 128 40
105 128 40
106 128 40
107 128 40
108 128 40
108 129 40
110 129 40
111 129 40
112 129 40
113 129 40
114 129 40
115 129 40
116 129 40
117 129 40
118 129 40
119 129 40
120 129 40
121 129 40
122 129 40
123 129 40
124 129 40
125 129 40
126 129 40
127 129 40
127 129 42
128 129 40
128 129 42
129 130 40
129 130 42
129 130 44
130 130 40
130 130 42
130 130 44
130 130 46
130 131 40
130 131 42
130 131 44
130 131 46
131 131 40
131 131 42
131 131 44
131 131 46
131 131 48
132 131 40
132 131 42
132 131 44
132 131 46
132 131 48
132 132 40
132 132 42
132 132 44
132 132 46
132 132 48
132 132 50
133 132 40
133 132 42
133 132 44
133 132 46
133 132 48
133 132 50
133 133 40
133 133 42
133 133 44
133 133 46
133 133 48
133 133 50
133 133 52
134 133 40
134 133 42
134 133 44
134 133 46
134 133 48
134 133 50
134 133 52
134 134 40
134 134 42
134 134 44
134 134 46
134 134 48
134 134 50
134 134 52
134 134 54
134 135 40
134 135 42
134 135 44
134 135 46
134 135 48
134 135 50
134 135 52
134 135 54
134 135 56
134 135 58
135 135 40
135 135 42
135 135 44
135 135 46
135 135 48
135 135 50
135 135 52
135 135 54
135 135 56
136 135 40
136 135 42
136 135 44
136 135 46
136 135 48
136 135 50
136 135 52
136 135 54
136 136 40
136 136 42
136 136 44
136 136 46
136 136 48
136 136 50
136 136 52
136 136 54
136 136 56
137 136 40
137 136 42
137 136 44
137 136 46
137 136 48
137 136 50
137 136 52
137 137 40
137 137 42
137 137 44
137 137 46
137 137 48
137 137 50
137 137 52
137 137 54
137 138 40
137 138 42
137 138 44
137 138 46
137 138 48
137 138 50
137 138 52
137 138 54
137 138 56
137 138 58
138 138 40
138 138 42
138 138 44
138 138 46
138 138 48
138 138 50
138 138 52
139 138 40
139 138 42
139 138 44
139 138 46
139 138 48
139 139 40
139 139 42
139 139 44
139 139 46
139 139 48
140 139 40
140 139 42
140 139 44
140 140 40
140 140 42
140 140 44
140 140 46
140 141 40
140 141 42
140 141 44
140 141 46
141 141 40
141 141 42
141 141 44
141 142 40
141 142 42
141 142 44
142 142 40
142 142 42
143 142 40
143 143 40
144 143 40
144 144 40
145 144 40
145 145 40
146 145 40
146 146 40
147 146 40
147 147 40
148 147 40
148 148 40
149 148 40
150 149 40
150 150 40
151 150 40
151 151 40
152 151 40
152 152 40
153 152 40
154 152 40
154 153 40
155 153 40
156 153 40
156 154 40
156 155 40
156 156 40
156 157 40
