9 9 100
9 29 100
9 49 100
9 69 100
9 89 100
9 109 100
9 129 100
9 149 100
9 169 100
9 189 100
29 9 100
29 29 100
29 49 100
29 69 100
29 89 100
29 109 100
29 129 100
29 149 100
29 169 100
29 189 100
49 9 100
49 29 100
49 49 100
49 69 100
49 89 100
49 109 100
49 129 100
49 149 100
49 169 100
49 189 100
69 9 100
69 29 100
69 49 100
69 69 100
69 89 100
69 109 100
69 129 100
69 149 100
69 169 100
69 189 100
89 9 100
89 29 100
89 49 100
89 69 100
89 89 100
89 109 100
89 129 100
89 149 100
89 169 100
89 189 100
109 9 100
109 29 100
109 49 100
109 69 100
109 89 100
109 109 100
109 129 100
109 149 100
109 169 100
109 189 100
129 9 100
129 29 100
129 49 100
129 69 100
129 89 100
129 109 100
129 129 100
129 149 100
129 169 100
129 189 100
149 9 100
149 29 100
149 49 100
149 69 100
149 89 100
149 109 100
149 129 100
149 149 100
149 169 100
149 189 100
169 9 100
169 29 100
169 49 100
169 69 100
169 89 100
169 109 100
169 129 100
169 149 100
169 169 100
169 189 100
189 9 100
189 29 100
189 49 100
189 69 100
189 89 100
189 109 100
189 129 100
189 149 100
189 169 100
189 189 100
9 9 100
9 29 100
9 129 100
9 149 100
9 169 100
9 189 100
29 9 100
29 29 100
29 49 100
29 129 100
29 149 100
29 169 100
49 9 100
49 29 100
49 89 100
49 109 100
49 129 100
49 149 100
49 189 100
69 109 100
69 129 100
69 149 100
89 49 100
89 109 100
89 129 100
89 149 100
109 29 100
109 49 100
109 69 100
109 89 100
109 109 100
109 129 100
109 149 100
129 29 100
129 49 100
129 69 100
129 89 100
129 129 100
129 149 100
149 9 100
149 29 100
149 49 100
149 69 100
149 89 100
149 129 100
149 149 100
149 169 100
149 189 100
169 9 100
169 69 100
169 89 100
169 129 100
169 189 100
189 9 100
189 49 100
189 69 100
189 129 100
189 189 100
163 32 40
163 135 40
163 135 42
98 174 40
188 182 40
11 76 40
100 20 40
61 61 40
194 88 40
100 19 40
100 18 40
100 17 40
100 16 40
100 15 40
100 14 40
100 13 40
101 13 40
102 13 40
103 13 40
104 13 40
104 12 40
105 12 40
106 12 40
106 11 40
107 11 40
107 10 40
108 10 40
108 9 40
109 8 40
109 7 40
110 7 40
111 7 40
112 7 40
113 7 40
114 7 40
115 7 40
116 7 40
117 7 40
118 7 40
119 7 40
120 7 40
121 7 40
122 7 40
123 7 40
124 7 40
125 7 40
126 7 40
127 7 40
128 7 40
129 7 40
129 8 40
130 9 40
130 10 40
131 10 40
132 10 40
133 10 40
134 10 40
134 10 42
135 10 40
135 10 42
136 10 40
136 10 42
137 10 40
137 10 42
138 10 40
138 10 42
138 10 44
139 10 40
139 10 42
139 10 44
140 10 40
140 10 42
140 10 44
141 10 40
141 10 42
141 10 44
142 10 40
142 10 42
142 10 44
143 10 40
143 10 42
143 10 44
144 10 40
144 10 42
144 10 44
145 10 40
145 10 42
145 10 44
146 10 40
146 10 42
146 10 44
147 10 40
147 10 42
147 10 44
147 10 46
148 10 40
148 10 42
148 10 44
148 10 46
149 10 40
149 10 42
149 10 44
149 10 46
149 10 48
150 10 40
150 10 42
150 10 44
150 10 46
150 10 48
151 10 40
151 10 42
151 10 44
151 10 46
151 10 48
151 11 40
151 11 42
151 11 44
151 11 46
151 11 48
152 11 40
152 11 42
152 11 44
152 11 46
152 11 48
152 12 40
152 12 42
152 12 44
152 12 46
152 12 48
153 12 40
153 12 42
153 12 44
153 12 46
153 13 40
153 13 42
153 13 44
153 13 46
154 13 40
154 13 42
154 13 44
154 13 46
154 14 40
154 14 42
154 14 44
155 14 40
155 14 42
155 14 44
155 15 40
155 15 42
155 16 40
155 16 42
156 16 40
156 16 42
156 17 40
157 17 40
158 17 40
158 18 40
159 18 40
159 19 40
159 20 40
160 20 40
160 21 40
161 21 40
161 22 40
162 22 40
163 22 40
163 23 40
164 23 40
164 24 40
165 24 40
165 25 40
166 25 40
166 26 40
167 26 40
167 27 40
167 28 40
167 29 40
167 30 40
167 31 40
167 32 40
166 32 40
165 32 40
164 32 40
62 61 40
63 61 40
64 61 40
65 61 40
65 60 40
65 59 40
65 58 40
65 57 40
65 56 40
65 55 40
65 54 40
65 53 40
65 52 40
66 52 40
66 51 40
67 51 40
67 50 40
68 50 40
68 49 40
69 48 40
69 47 40
69 46 40
69 45 40
69 44 40
69 43 40
69 42 40
69 41 40
69 40 40
69 39 40
69 38 40
69 37 40
69 36 40
69 35 40
69 34 40
69 33 40
69 32 40
69 31 40
69 30 40
70 29 40
71 29 40
72 29 40
73 29 40
74 29 40
75 29 40
76 29 40
77 29 40
78 29 40
79 29 40
80 29 40
81 29 40
82 29 40
83 29 40
84 29 40
85 29 40
86 29 40
87 29 40
88 29 40
89 28 40
90 28 40
90 27 40
90 26 40
90 25 40
90 24 40
90 23 40
90 22 40
90 21 40
90 20 40
90 19 40
90 18 40
90 17 40
90 16 40
90 15 40
90 14 40
90 13 40
91 13 40
92 13 40
93 13 40
94 13 40
95 13 40
96 13 40
97 13 40
98 13 40
99 13 40
11 75 40
11 74 40
11 73 40
11 72 40
11 71 40
11 70 40
11 69 40
12 69 40
13 69 40
14 69 40
15 69 40
16 69 40
17 69 40
18 69 40
19 69 40
20 69 40
21 69 40
22 69 40
23 69 40
24 69 40
25 69 40
26 69 40
27 69 40
28 69 40
30 69 40
31 69 40
32 69 40
33 69 40
34 69 40
35 69 40
36 69 40
37 69 40
38 69 40
39 69 40
40 69 40
41 69 40
42 69 40
43 69 40
44 69 40
45 69 40
46 69 40
47 69 40
48 69 40
49 68 40
50 68 40
51 68 40
52 68 40
53 68 40
54 68 40
55 68 40
56 68 40
57 68 40
58 68 40
59 68 40
60 68 40
61 68 40
62 68 40
63 68 40
64 68 40
65 68 40
65 67 40
65 66 40
65 65 40
65 64 40
65 63 40
65 62 40
193 88 40
192 88 40
191 88 40
190 88 40
189 88 40
189 88 42
188 88 40
188 88 42
187 88 40
187 88 42
187 88 44
187 87 40
187 87 42
187 87 44
187 87 46
186 87 40
186 87 42
186 87 44
186 87 46
186 87 48
186 86 40
186 86 42
186 86 44
186 86 46
186 86 48
186 86 50
186 85 40
186 85 42
186 85 44
186 85 46
186 85 48
186 85 50
186 85 52
185 85 40
185 85 42
185 85 44
185 85 46
185 85 48
185 85 50
185 85 52
185 85 54
185 85 56
185 84 40
185 84 42
185 84 44
185 84 46
185 84 48
185 84 50
185 84 52
185 84 54
185 84 56
185 84 58
184 84 40
184 84 42
184 84 44
184 84 46
184 84 48
184 84 50
184 84 52
184 84 54
184 84 56
184 84 58
184 84 60
184 84 62
184 83 40
184 83 42
184 83 44
184 83 46
184 83 48
184 83 50
184 83 52
184 83 54
184 83 56
184 83 58
184 83 60
184 83 62
183 83 40
183 83 42
183 83 44
183 83 46
183 83 48
183 83 50
183 83 52
183 83 54
183 83 56
183 83 58
183 83 60
183 83 62
183 83 64
183 83 66
183 83 68
182 83 40
182 83 42
182 83 44
182 83 46
182 83 48
182 83 50
182 83 52
182 83 54
182 83 56
182 83 58
182 83 60
182 83 62
182 83 64
182 83 66
182 83 68
182 83 70
182 82 40
182 82 42
182 82 44
182 82 46
182 82 48
182 82 50
182 82 52
182 82 54
182 82 56
182 82 58
182 82 60
182 82 62
182 82 64
182 82 66
182 82 68
182 82 70
182 82 72
181 82 40
181 82 42
181 82 44
181 82 46
181 82 48
181 82 50
181 82 52
181 82 54
181 82 56
181 82 58
181 82 60
181 82 62
181 82 64
181 82 66
181 82 68
181 82 70
181 82 72
181 82 74
181 82 76
181 81 40
181 81 42
181 81 44
181 81 46
181 81 48
181 81 50
181 81 52
181 81 54
181 81 56
181 81 58
181 81 60
181 81 62
181 81 64
181 81 66
181 81 68
181 81 70
181 81 72
181 81 74
181 81 76
181 81 78
181 80 40
181 80 42
181 80 44
181 80 46
181 80 48
181 80 50
181 80 52
181 80 54
181 80 56
181 80 58
181 80 60
181 80 62
181 80 64
181 80 66
181 80 68
181 80 70
181 80 72
181 80 74
181 80 76
181 80 78
181 80 80
181 80 82
180 80 40
180 80 42
180 80 44
180 80 46
180 80 48
180 80 50
180 80 52
180 80 54
180 80 56
180 80 58
180 80 60
180 80 62
180 80 64
180 80 66
180 80 68
180 80 70
180 80 72
180 80 74
180 80 76
180 80 78
180 80 80
180 80 82
180 80 84
180 80 86
179 80 40
179 80 42
179 80 44
179 80 46
179 80 48
179 80 50
179 80 52
179 80 54
179 80 56
179 80 58
179 80 60
179 80 62
179 80 64
179 80 66
179 80 68
179 80 70
179 80 72
179 80 74
179 80 76
179 80 78
179 80 80
179 80 82
179 80 84
179 80 86
179 79 40
179 79 42
179 79 44
179 79 46
179 79 48
179 79 50
179 79 52
179 79 54
179 79 56
179 79 58
179 79 60
179 79 62
179 79 64
179 79 66
179 79 68
179 79 70
179 79 72
179 79 74
179 79 76
179 79 78
179 79 80
179 79 82
179 79 84
179 79 86
179 79 88
179 79 90
179 79 92
179 78 40
179 78 42
179 78 44
179 78 46
179 78 48
179 78 50
179 78 52
179 78 54
179 78 56
179 78 58
179 78 60
179 78 62
179 78 64
179 78 66
179 78 68
179 78 70
179 78 72
179 78 74
179 78 76
179 78 78
179 78 80
179 78 82
179 78 84
179 78 86
179 78 88
179 78 90
179 78 92
179 78 94
179 78 96
179 78 98
179 77 40
179 77 42
179 77 44
179 77 46
179 77 48
179 77 50
179 77 52
179 77 54
179 77 56
179 77 58
179 77 60
179 77 62
179 77 64
179 77 66
179 77 68
179 77 70
179 77 72
179 77 74
179 77 76
179 77 78
179 77 80
179 77 82
179 77 84
179 77 86
179 77 88
179 77 90
179 77 92
179 77 94
179 77 96
179 77 98
179 77 100
179 77 102
179 76 40
179 76 42
179 76 44
179 76 46
179 76 48
179 76 50
179 76 52
179 76 54
179 76 56
179 76 58
179 76 60
179 76 62
179 76 64
179 76 66
179 76 68
179 76 70
179 76 72
179 76 74
179 76 76
179 76 78
179 76 80
179 76 82
179 76 84
179 76 86
179 76 88
179 76 90
179 76 92
179 76 94
179 76 96
179 76 98
179 76 100
179 76 102
179 76 104
179 75 40
179 75 42
179 75 44
179 75 46
179 75 48
179 75 50
179 75 52
179 75 54
179 75 56
179 75 58
179 75 60
179 75 62
179 75 64
179 75 66
179 75 68
179 75 70
179 75 72
179 75 74
179 75 76
179 75 78
179 75 80
179 75 82
179 75 84
179 75 86
179 75 88
179 75 90
179 75 92
179 75 94
179 75 96
179 75 98
179 75 100
179 75 102
179 75 104
179 74 40
179 74 42
179 74 44
179 74 46
179 74 48
179 74 50
179 74 52
179 74 54
179 74 56
179 74 58
179 74 60
179 74 62
179 74 64
179 74 66
179 74 68
179 74 70
179 74 72
179 74 74
179 74 76
179 74 78
179 74 80
179 74 82
179 74 84
179 74 86
179 74 88
179 74 90
179 74 92
179 74 94
179 74 96
179 74 98
179 74 100
179 74 102
179 73 40
179 73 42
179 73 44
179 73 46
179 73 48
179 73 50
179 73 52
179 73 54
179 73 56
179 73 58
179 73 60
179 73 62
179 73 64
179 73 66
179 73 68
179 73 70
179 73 72
179 73 74
179 73 76
179 73 78
179 73 80
179 73 82
179 73 84
179 73 86
179 73 88
179 73 90
179 73 92
179 73 94
179 73 96
179 73 98
179 73 100
179 72 40
179 72 42
179 72 44
179 72 46
179 72 48
179 72 50
179 72 52
179 72 54
179 72 56
179 72 58
179 72 60
179 72 62
179 72 64
179 72 66
179 72 68
179 72 70
179 72 72
179 72 74
179 72 76
179 72 78
179 72 80
179 72 82
179 72 84
179 72 86
179 72 88
179 72 90
179 72 92
179 72 94
179 72 96
179 72 98
179 71 40
179 71 42
179 71 44
179 71 46
179 71 48
179 71 50
179 71 52
179 71 54
179 71 56
179 71 58
179 71 60
179 71 62
179 71 64
179 71 66
179 71 68
179 71 70
179 71 72
179 71 74
179 71 76
179 71 78
179 71 80
179 71 82
179 71 84
179 71 86
179 71 88
179 71 90
179 71 92
179 71 94
179 70 40
179 70 42
179 70 44
179 70 46
179 70 48
179 70 50
179 70 52
179 70 54
179 70 56
179 70 58
179 70 60
179 70 62
179 70 64
179 70 66
179 70 68
179 70 70
179 70 72
179 70 74
179 70 76
179 70 78
179 70 80
179 70 82
179 70 84
179 70 86
179 70 88
179 70 90
179 70 92
179 69 40
179 69 42
179 69 44
179 69 46
179 69 48
179 69 50
179 69 52
179 69 54
179 69 56
179 69 58
179 69 60
179 69 62
179 69 64
179 69 66
179 69 68
179 69 70
179 69 72
179 69 74
179 69 76
179 69 78
179 69 80
179 69 82
179 69 84
179 69 86
179 69 88
179 68 40
179 68 42
179 68 44
179 68 46
179 68 48
179 68 50
179 68 52
179 68 54
179 68 56
179 68 58
179 68 60
179 68 62
179 68 64
179 68 66
179 68 68
179 68 70
179 68 72
179 68 74
179 68 76
179 68 78
179 68 80
179 68 82
179 68 84
179 68 86
179 67 40
179 67 42
179 67 44
179 67 46
179 67 48
179 67 50
179 67 52
179 67 54
179 67 56
179 67 58
179 67 60
179 67 62
179 67 64
179 67 66
179 67 68
179 67 70
179 67 72
179 67 74
179 67 76
179 67 78
179 67 80
179 67 82
179 66 40
179 66 42
179 66 44
179 66 46
179 66 48
179 66 50
179 66 52
179 66 54
179 66 56
179 66 58
179 66 60
179 66 62
179 66 64
179 66 66
179 66 68
179 66 70
179 66 72
179 66 74
179 66 76
179 66 78
179 65 40
179 65 42
179 65 44
179 65 46
179 65 48
179 65 50
179 65 52
179 65 54
179 65 56
179 65 58
179 65 60
179 65 62
179 65 64
179 65 66
179 65 68
179 65 70
179 65 72
179 65 74
179 64 40
179 64 42
179 64 44
179 64 46
179 64 48
179 64 50
179 64 52
179 64 54
179 64 56
179 64 58
179 64 60
179 64 62
179 64 64
179 64 66
179 64 68
179 64 70
179 64 72
179 64 74
179 63 40
179 63 42
179 63 44
179 63 46
179 63 48
179 63 50
179 63 52
179 63 54
179 63 56
179 63 58
179 63 60
179 63 62
179 63 64
179 63 66
179 63 68
179 63 70
179 63 72
179 63 74
179 62 40
179 62 42
179 62 44
179 62 46
179 62 48
179 62 50
179 62 52
179 62 54
179 62 56
179 62 58
179 62 60
179 62 62
179 62 64
179 62 66
179 62 68
179 62 70
179 62 72
179 62 74
179 61 40
179 61 42
179 61 44
179 61 46
179 61 48
179 61 50
179 61 52
179 61 54
179 61 56
179 61 58
179 61 60
179 61 62
179 61 64
179 61 66
179 61 68
179 61 70
179 61 72
179 61 74
179 61 76
179 60 40
179 60 42
179 60 44
179 60 46
179 60 48
179 60 50
179 60 52
179 60 54
179 60 56
179 60 58
179 60 60
179 60 62
179 60 64
179 60 66
179 60 68
179 60 70
179 60 72
179 60 74
179 60 76
179 60 78
179 59 40
179 59 42
179 59 44
179 59 46
179 59 48
179 59 50
179 59 52
179 59 54
179 59 56
179 59 58
179 59 60
179 59 62
179 59 64
179 59 66
179 59 68
179 59 70
179 59 72
179 59 74
179 59 76
179 59 78
179 58 40
179 58 42
179 58 44
179 58 46
179 58 48
179 58 50
179 58 52
179 58 54
179 58 56
179 58 58
179 58 60
179 58 62
179 58 64
179 58 66
179 58 68
179 58 70
179 58 72
179 58 74
179 58 76
179 58 78
179 58 80
178 58 40
178 58 42
178 58 44
178 58 46
178 58 48
178 58 50
178 58 52
178 58 54
178 58 56
178 58 58
178 58 60
178 58 62
178 58 64
178 58 66
178 58 68
178 58 70
178 58 72
178 58 74
178 58 76
178 58 78
178 57 40
178 57 42
178 57 44
178 57 46
178 57 48
178 57 50
178 57 52
178 57 54
178 57 56
178 57 58
178 57 60
178 57 62
178 57 64
178 57 66
178 57 68
178 57 70
178 57 72
178 57 74
178 57 76
178 57 78
177 57 40
177 57 42
177 57 44
177 57 46
177 57 48
177 57 50
177 57 52
177 57 54
177 57 56
177 57 58
177 57 60
177 57 62
177 57 64
177 57 66
177 57 68
177 57 70
177 57 72
177 57 74
177 57 76
176 57 40
176 57 42
176 57 44
176 57 46
176 57 48
176 57 50
176 57 52
176 57 54
176 57 56
176 57 58
176 57 60
176 57 62
176 57 64
176 57 66
176 57 68
176 57 70
176 57 72
176 56 40
176 56 42
176 56 44
176 56 46
176 56 48
176 56 50
176 56 52
176 56 54
176 56 56
176 56 58
176 56 60
176 56 62
176 56 64
176 56 66
176 56 68
176 56 70
176 56 72
175 56 40
175 56 42
175 56 44
175 56 46
175 56 48
175 56 50
175 56 52
175 56 54
175 56 56
175 56 58
175 56 60
175 56 62
175 56 64
175 56 66
175 56 68
175 55 40
175 55 42
175 55 44
175 55 46
175 55 48
175 55 50
175 55 52
175 55 54
175 55 56
175 55 58
175 55 60
175 55 62
175 55 64
175 55 66
175 55 68
174 55 40
174 55 42
174 55 44
174 55 46
174 55 48
174 55 50
174 55 52
174 55 54
174 55 56
174 55 58
174 55 60
174 55 62
174 55 64
174 54 40
174 54 42
174 54 44
174 54 46
174 54 48
174 54 50
174 54 52
174 54 54
174 54 56
174 54 58
174 54 60
174 54 62
173 54 40
173 54 42
173 54 44
173 54 46
173 54 48
173 54 50
173 54 52
173 54 54
173 54 56
173 54 58
173 53 40
173 53 42
173 53 44
173 53 46
173 53 48
173 53 50
173 53 52
173 53 54
173 53 56
173 52 40
173 52 42
173 52 44
173 52 46
173 52 48
173 52 50
173 52 52
173 52 54
172 52 40
172 52 42
172 52 44
172 52 46
172 52 48
172 52 50
172 51 40
172 51 42
172 51 44
172 51 46
172 51 48
171 51 40
171 51 42
171 51 44
171 51 46
171 50 40
171 50 42
171 50 44
170 50 40
170 50 42
170 49 40
170 49 42
169 48 40
169 48 42
169 47 40
169 47 42
169 46 40
169 46 42
169 45 40
169 45 42
169 44 40
169 44 42
169 43 40
169 43 42
169 42 40
169 42 42
169 41 40
169 41 42
169 40 40
169 40 42
169 39 40
169 39 42
169 38 40
169 38 42
169 37 40
169 37 42
169 36 40
169 35 40
169 34 40
169 33 40
169 32 40
169 31 40
169 30 40
168 30 40
164 135 40
164 135 42
165 135 40
165 135 42
165 134 40
165 134 42
166 134 40
166 134 42
166 133 40
166 133 42
166 132 40
166 132 42
166 132 44
167 132 40
167 132 42
167 132 44
167 131 40
167 131 42
167 131 44
168 131 40
168 131 42
168 131 44
168 130 40
168 130 42
168 130 44
168 130 46
168 129 40
168 129 42
168 129 44
168 129 46
168 128 40
168 128 42
168 128 44
168 128 46
168 128 48
168 127 40
168 127 42
168 127 44
168 127 46
168 127 48
168 127 50
168 126 40
168 126 42
168 126 44
168 126 46
168 126 48
168 126 50
168 125 40
168 125 42
168 125 44
168 125 46
168 125 48
168 125 50
168 125 52
168 124 40
168 124 42
168 124 44
168 124 46
168 124 48
168 124 50
168 124 52
168 123 40
168 123 42
168 123 44
168 123 46
168 123 48
168 123 50
168 122 40
168 122 42
168 122 44
168 122 46
168 122 48
168 121 40
168 121 42
168 121 44
168 121 46
168 120 40
168 120 42
168 120 44
168 120 46
168 119 40
168 119 42
168 119 44
168 118 40
168 118 42
168 118 44
168 117 40
168 117 42
168 116 40
168 116 42
168 115 40
168 115 42
168 114 40
168 114 42
168 113 40
168 113 42
168 112 40
168 112 42
168 111 40
168 111 42
168 110 40
168 110 42
169 110 40
169 110 42
170 109 40
170 109 42
171 109 40
171 109 42
172 109 40
172 109 42
173 109 40
173 109 42
174 109 40
174 109 42
175 109 40
175 109 42
175 109 44
176 109 40
176 109 42
176 109 44
177 109 40
177 109 42
177 109 44
178 109 40
178 109 42
178 109 44
178 109 46
179 109 40
179 109 42
179 109 44
179 109 46
180 109 40
180 109 42
180 109 44
180 109 46
181 109 40
181 109 42
181 109 44
182 109 40
182 109 42
182 109 44
183 109 40
183 109 42
183 109 44
184 109 40
184 109 42
185 109 40
185 109 42
186 109 40
186 109 42
187 109 40
187 109 42
188 109 40
188 109 42
189 108 40
189 108 42
189 108 44
189 107 40
189 107 42
189 107 44
189 106 40
189 106 42
189 106 44
189 105 40
189 105 42
189 105 44
189 105 46
189 104 40
189 104 42
189 104 44
189 104 46
189 103 40
189 103 42
189 103 44
189 103 46
189 102 40
189 102 42
189 102 44
189 102 46
189 102 48
189 101 40
189 101 42
189 101 44
189 101 46
189 101 48
189 100 40
189 100 42
189 100 44
189 100 46
189 100 48
189 99 40
189 99 42
189 99 44
189 99 46
189 99 48
189 98 40
189 98 42
189 98 44
189 98 46
189 97 40
189 97 42
189 97 44
189 96 40
189 96 42
189 96 44
189 95 40
189 95 42
189 94 40
189 94 42
189 93 40
189 93 42
189 92 40
189 92 42
189 91 40
189 91 42
189 90 40
189 90 42
188 181 40
188 180 40
188 179 40
188 178 40
188 177 40
188 176 40
188 175 40
188 174 40
188 173 40
188 172 40
188 171 40
188 170 40
188 169 40
187 169 40
186 169 40
185 169 40
184 169 40
183 169 40
182 169 40
181 169 40
180 169 40
179 169 40
178 169 40
177 169 40
176 169 40
175 169 40
174 169 40
173 169 40
172 169 40
171 169 40
170 169 40
169 168 40
169 167 40
169 166 40
169 165 40
169 164 40
169 163 40
169 162 40
169 161 40
169 160 40
169 159 40
169 158 40
169 157 40
169 156 40
169 155 40
169 154 40
169 153 40
169 152 40
169 151 40
169 150 40
169 148 40
168 148 40
168 148 42
168 147 40
168 147 42
167 147 40
167 147 42
167 147 44
167 146 40
167 146 42
167 146 44
167 145 40
167 145 42
167 145 44
167 144 40
167 144 42
167 144 44
167 143 40
167 143 42
167 143 44
167 142 40
167 142 42
167 142 44
167 141 40
167 141 42
167 140 40
167 140 42
167 139 40
167 139 42
167 138 40
167 138 42
167 137 40
167 137 42
167 136 40
167 136 42
167 135 40
167 135 42
167 134 40
167 134 42
99 174 40
100 174 40
101 174 40
102 174 40
103 174 40
104 174 40
104 173 40
105 173 40
106 173 40
106 172 40
107 172 40
107 171 40
108 171 40
108 170 40
109 170 40
110 169 40
111 169 40
112 169 40
113 169 40
114 169 40
115 169 40
116 169 40
117 169 40
118 169 40
119 169 40
120 169 40
121 169 40
122 169 40
123 169 40
124 169 40
125 169 40
126 169 40
127 169 40
128 169 40
128 169 42
130 169 40
130 169 42
131 169 40
131 169 42
132 169 40
132 169 42
133 169 40
133 169 42
134 169 40
134 169 42
135 169 40
135 169 42
135 169 44
136 169 40
136 169 42
136 169 44
137 169 40
137 169 42
137 169 44
137 169 46
138 169 40
138 169 42
138 169 44
138 169 46
138 169 48
139 169 40
139 169 42
139 169 44
139 169 46
139 169 48
139 169 50
140 169 40
140 169 42
140 169 44
140 169 46
140 169 48
140 169 50
141 169 40
141 169 42
141 169 44
141 169 46
141 169 48
141 169 50
141 169 52
142 169 40
142 169 42
142 169 44
142 169 46
142 169 48
142 169 50
142 169 52
143 169 40
143 169 42
143 169 44
143 169 46
143 169 48
143 169 50
143 169 52
144 169 40
144 169 42
144 169 44
144 169 46
144 169 48
144 169 50
144 169 52
145 169 40
145 169 42
145 169 44
145 169 46
145 169 48
145 169 50
145 169 52
146 169 40
146 169 42
146 169 44
146 169 46
146 169 48
146 169 50
147 169 40
147 169 42
147 169 44
147 169 46
147 169 48
148 169 40
148 169 42
148 169 44
148 169 46
150 169 40
150 169 42
150 169 44
151 169 40
151 169 42
152 169 40
152 169 42
153 169 40
153 169 42
154 169 40
155 169 40
156 169 40
157 169 40
158 169 40
159 169 40
160 169 40
161 169 40
162 169 40
163 169 40
164 169 40
165 169 40
166 169 40
167 169 40
168 169 40
