9 9 100
9 29 100
9 49 100
9 69 100
9 89 100
9 109 100
9 129 100
9 149 100
9 169 100
9 189 100
29 9 100
29 29 100
29 49 100
29 69 100
29 89 100
29 109 100
29 129 100
29 149 100
29 169 100
29 189 100
49 9 100
49 29 100
49 49 100
49 69 100
49 89 100
49 109 100
49 129 100
49 149 100
49 169 100
49 189 100
69 9 100
69 29 100
69 49 100
69 69 100
69 89 100
69 109 100
69 129 100
69 149 100
69 169 100
69 189 100
89 9 100
89 29 100
89 49 100
89 69 100
89 89 100
89 109 100
89 129 100
89 149 100
89 169 100
89 189 100
109 9 100
109 29 100
109 49 100
109 69 100
109 89 100
109 109 100
109 129 100
109 149 100
109 169 100
109 189 100
129 9 100
129 29 100
129 49 100
129 69 100
129 89 100
129 109 100
129 129 100
129 149 100
129 169 100
129 189 100
149 9 100
149 29 100
149 49 100
149 69 100
149 89 100
149 109 100
149 129 100
149 149 100
149 169 100
149 189 100
169 9 100
169 29 100
169 49 100
169 69 100
169 89 100
169 109 100
169 129 100
169 149 100
169 169 100
169 189 100
189 9 100
189 29 100
189 49 100
189 69 100
189 89 100
189 109 100
189 129 100
189 149 100
189 169 100
189 189 100
9 9 100
9 69 100
9 89 100
9 129 100
9 149 100
9 189 100
29 9 100
29 29 100
29 49 100
29 69 100
29 89 100
29 129 100
49 129 100
49 169 100
69 9 100
69 29 100
69 49 100
69 69 100
69 89 100
69 109 100
69 129 100
89 9 100
89 29 100
89 69 100
89 109 100
89 129 100
89 169 100
109 29 100
109 49 100
109 69 100
109 109 100
109 129 100
109 149 100
109 169 100
109 189 100
129 9 100
129 49 100
129 89 100
129 169 100
129 189 100
149 9 100
149 49 100
149 109 100
149 129 100
149 169 100
169 29 100
169 69 100
169 129 100
169 149 100
189 9 100
189 69 100
189 169 100
189 189 100
164 100 40
180 188 40
44 5 40
48 103 40
185 41 40
63 186 40
128 136 40
85 158 40
85 158 44
85 158 48
175 135 40
147 68 40
41 69 40
148 68 40
148 69 40
149 70 40
149 71 40
149 72 40
149 73 40
149 74 40
149 75 40
149 76 40
149 77 40
149 78 40
149 79 40
149 80 40
149 81 40
149 82 40
149 83 40
149 84 40
149 85 40
149 86 40
149 87 40
149 88 40
150 89 40
150 90 40
151 90 40
151 91 40
152 91 40
153 91 40
154 91 40
155 91 40
156 91 40
157 91 40
158 91 40
159 91 40
160 91 40
161 91 40
162 91 40
163 91 40
164 91 40
164 92 40
164 93 40
164 94 40
164 95 40
164 96 40
164 97 40
164 98 40
164 99 40
42 69 40
43 69 40
44 69 40
45 69 40
46 69 40
47 69 40
48 69 40
49 68 40
49 67 40
49 66 40
49 65 40
49 64 40
49 63 40
49 62 40
49 61 40
49 60 40
49 59 40
49 58 40
49 57 40
49 56 40
49 55 40
49 54 40
49 53 40
49 52 40
49 51 40
49 50 40
49 50 44
49 48 40
49 48 44
49 47 40
49 47 44
49 47 48
49 46 40
49 46 44
49 46 48
49 45 40
49 45 44
49 44 40
49 44 44
49 43 40
49 43 44
49 42 40
49 41 40
49 40 40
49 39 40
49 38 40
49 37 40
49 36 40
49 35 40
49 34 40
49 33 40
49 32 40
49 31 40
49 30 40
49 28 40
49 27 40
49 26 40
49 25 40
49 24 40
49 23 40
49 22 40
49 21 40
49 20 40
49 19 40
49 18 40
49 17 40
49 16 40
49 15 40
49 14 40
49 13 40
49 12 40
49 11 40
49 10 40
49 8 40
49 7 40
49 6 40
49 5 40
48 5 40
47 5 40
46 5 40
45 5 40
48 102 40
48 101 40
48 100 40
48 99 40
48 98 40
48 97 40
48 96 40
48 95 40
48 94 40
48 93 40
48 92 40
48 91 40
48 90 40
49 90 40
49 88 40
49 87 40
49 86 40
49 85 40
49 84 40
49 83 40
49 82 40
49 81 40
49 80 40
49 79 40
49 78 40
49 77 40
49 76 40
49 75 40
49 74 40
49 73 40
49 72 40
49 71 40
49 70 40
128 137 40
128 138 40
128 139 40
128 140 40
128 140 44
128 141 40
128 141 44
128 142 40
128 142 44
128 143 40
128 143 44
128 144 40
128 144 44
128 145 40
128 145 44
128 146 40
128 146 44
128 147 40
128 147 44
128 148 40
128 148 44
129 148 40
129 148 44
129 148 48
130 149 40
130 149 44
130 149 48
131 149 40
131 149 44
131 149 48
132 149 40
132 149 44
132 149 48
133 149 40
133 149 44
133 149 48
133 149 52
134 149 40
134 149 44
134 149 48
134 149 52
135 149 40
135 149 44
135 149 48
135 149 52
136 149 40
136 149 44
136 149 48
136 149 52
136 149 56
137 149 40
137 149 44
137 149 48
137 149 52
137 149 56
138 149 40
138 149 44
138 149 48
138 149 52
138 149 56
139 149 40
139 149 44
139 149 48
139 149 52
140 149 40
140 149 44
140 149 48
140 149 52
141 149 40
141 149 44
141 149 48
142 149 40
142 149 44
143 149 40
143 149 44
144 149 40
145 149 40
146 149 40
147 149 40
148 149 40
149 150 40
150 150 40
150 151 40
150 152 40
150 153 40
150 154 40
150 155 40
150 156 40
150 157 40
150 158 40
150 159 40
150 159 44
150 160 40
150 160 44
150 161 40
150 161 44
150 162 40
150 162 44
150 162 48
150 163 40
150 163 44
150 163 48
150 163 52
150 164 40
150 164 44
150 164 48
150 164 52
150 165 40
150 165 44
150 165 48
150 165 52
150 166 40
150 166 44
150 166 48
150 166 52
150 167 40
150 167 44
150 167 48
150 167 52
150 168 40
150 168 44
150 168 48
151 168 40
151 168 44
152 168 40
152 168 44
153 168 40
154 168 40
155 168 40
156 168 40
157 168 40
158 168 40
159 168 40
160 168 40
161 168 40
162 168 40
163 168 40
164 168 40
165 168 40
166 168 40
167 168 40
168 168 40
168 168 44
168 169 40
169 170 40
169 171 40
169 172 40
169 173 40
169 174 40
169 175 40
169 176 40
169 177 40
169 178 40
169 179 40
169 180 40
169 181 40
169 182 40
169 183 40
169 184 40
169 185 40
169 186 40
169 187 40
169 188 40
170 188 40
171 188 40
172 188 40
173 188 40
174 188 40
175 188 40
176 188 40
177 188 40
178 188 40
179 188 40
176 135 40
177 135 40
178 135 40
179 135 40
180 135 40
181 135 40
182 135 40
183 135 40
184 135 40
185 135 40
185 134 40
186 134 40
186 133 40
186 132 40
187 132 40
187 131 40
188 131 40
188 130 40
189 130 40
189 128 40
189 127 40
189 126 40
189 125 40
189 124 40
189 123 40
189 122 40
189 121 40
189 120 40
189 119 40
189 118 40
189 117 40
189 116 40
189 115 40
189 114 40
189 113 40
189 112 40
189 111 40
189 110 40
188 109 40
187 109 40
186 109 40
185 109 40
184 109 40
183 109 40
182 109 40
181 109 40
180 109 40
179 109 40
178 109 40
177 109 40
176 109 40
175 109 40
174 109 40
173 109 40
172 109 40
171 109 40
170 109 40
169 108 40
168 108 40
168 107 40
167 107 40
167 106 40
166 106 40
166 105 40
166 104 40
165 104 40
165 103 40
165 102 40
165 101 40
165 100 40
185 42 40
185 43 40
185 44 40
185 45 40
185 46 40
185 47 40
185 48 40
184 48 40
183 48 40
182 48 40
181 48 40
180 48 40
179 48 40
178 48 40
177 48 40
176 48 40
175 48 40
174 48 40
173 48 40
172 48 40
171 48 40
170 48 40
170 49 40
169 50 40
168 50 40
168 51 40
167 51 40
166 51 40
166 52 40
166 53 40
165 53 40
165 54 40
164 54 40
164 55 40
163 55 40
162 55 40
162 56 40
161 56 40
161 57 40
160 57 40
160 58 40
160 59 40
159 59 40
159 60 40
158 60 40
157 60 40
157 61 40
157 62 40
156 62 40
156 63 40
155 63 40
154 63 40
154 64 40
153 64 40
153 65 40
152 65 40
152 66 40
151 66 40
151 67 40
150 67 40
150 68 40
149 68 40
85 157 40
85 157 44
85 156 40
85 156 44
85 155 40
85 154 40
85 153 40
85 152 40
85 151 40
85 150 40
84 150 40
83 150 40
82 150 40
81 150 40
80 150 40
79 150 40
78 150 40
77 150 40
76 150 40
75 150 40
74 150 40
73 150 40
72 150 40
71 150 40
70 150 40
69 150 40
68 149 40
68 148 40
68 147 40
68 146 40
68 145 40
68 144 40
68 143 40
68 142 40
68 142 44
68 141 40
68 141 44
68 140 40
68 140 44
68 139 40
68 139 44
68 138 40
68 138 44
68 137 40
68 137 44
68 136 40
68 136 44
68 135 40
68 135 44
68 134 40
68 134 44
68 133 40
68 133 44
68 132 40
68 132 44
68 131 40
68 131 44
68 130 40
68 130 44
68 129 40
68 129 44
68 128 40
68 128 44
67 128 40
67 128 44
67 127 40
67 127 44
67 126 40
67 126 44
66 126 40
66 126 44
65 126 40
65 125 40
64 125 40
64 124 40
63 124 40
63 123 40
62 123 40
62 122 40
62 121 40
61 121 40
60 121 40
60 120 40
60 119 40
59 119 40
58 119 40
58 118 40
57 118 40
57 117 40
57 117 44
57 116 40
57 116 44
56 116 40
56 116 44
55 116 40
55 116 44
55 115 40
55 115 44
55 115 48
54 115 40
54 115 44
54 115 48
54 114 40
54 114 44
54 114 48
53 114 40
53 114 44
53 114 48
53 113 40
53 113 44
53 113 48
52 113 40
52 113 44
52 113 48
52 112 40
52 112 44
52 112 48
51 112 40
51 112 44
51 112 48
51 111 40
51 111 44
51 111 48
50 111 40
50 111 44
50 110 40
50 110 44
49 110 40
49 110 44
48 109 40
48 108 40
48 107 40
48 106 40
48 105 40
48 104 40
64 186 40
65 186 40
66 186 40
67 186 40
68 186 40
69 186 40
69 185 40
69 184 40
69 183 40
69 182 40
69 181 40
69 180 40
69 179 40
69 178 40
69 177 40
69 176 40
69 175 40
69 174 40
69 173 40
69 172 40
69 171 40
69 170 40
69 168 40
69 167 40
69 167 44
69 166 40
69 166 44
69 165 40
69 165 44
69 164 40
69 164 44
69 163 40
69 163 44
69 162 40
69 161 40
69 160 40
69 159 40
69 158 40
69 157 40
69 156 40
69 155 40
69 154 40
69 153 40
69 152 40
69 151 40
