9 9 100
9 29 100
9 49 100
9 69 100
9 89 100
9 109 100
9 129 100
9 149 100
9 169 100
9 189 100
29 9 100
29 29 100
29 49 100
29 69 100
29 89 100
29 109 100
29 129 100
29 149 100
29 169 100
29 189 100
49 9 100
49 29 100
49 49 100
49 69 100
49 89 100
49 109 100
49 129 100
49 149 100
49 169 100
49 189 100
69 9 100
69 29 100
69 49 100
69 69 100
69 89 100
69 109 100
69 129 100
69 149 100
69 169 100
69 189 100
89 9 100
89 29 100
89 49 100
89 69 100
89 89 100
89 109 100
89 129 100
89 149 100
89 169 100
89 189 100
109 9 100
109 29 100
109 49 100
109 69 100
109 89 100
109 109 100
109 129 100
109 149 100
109 169 100
109 189 100
129 9 100
129 29 100
129 49 100
129 69 100
129 89 100
129 109 100
129 129 100
129 149 100
129 169 100
129 189 100
149 9 100
149 29 100
149 49 100
149 69 100
149 89 100
149 109 100
149 129 100
149 149 100
149 169 100
149 189 100
169 9 100
169 29 100
169 49 100
169 69 100
169 89 100
169 109 100
169 129 100
169 149 100
169 169 100
169 189 100
189 9 100
189 29 100
189 49 100
189 69 100
189 89 100
189 109 100
189 129 100
189 149 100
189 169 100
189 189 100
9 9 100
9 29 100
9 89 100
9 109 100
9 129 100
9 149 100
9 169 100
9 189 100
29 29 100
29 49 100
29 69 100
29 89 100
29 109 100
29 149 100
29 169 100
29 189 100
49 9 100
49 29 100
49 49 100
49 89 100
49 109 100
49 129 100
49 149 100
49 169 100
49 189 100
69 9 100
69 29 100
69 89 100
69 129 100
89 29 100
89 49 100
89 69 100
89 89 100
89 109 100
89 129 100
89 149 100
89 169 100
89 189 100
109 9 100
109 29 100
109 49 100
109 69 100
109 89 100
109 109 100
109 149 100
109 169 100
109 189 100
129 9 100
129 29 100
129 49 100
129 89 100
129 109 100
129 129 100
129 149 100
129 169 100
129 189 100
149 9 100
149 49 100
149 69 100
149 89 100
149 109 100
149 129 100
149 149 100
149 169 100
149 189 100
169 9 100
169 29 100
169 49 100
169 69 100
169 89 100
169 109 100
169 129 100
169 149 100
169 169 100
169 189 100
189 9 100
189 29 100
189 49 100
189 89 100
189 109 100
189 149 100
189 169 100
189 189 100
69 157 40
142 18 40
142 18 168
186 0 40
186 0 168
18 116 40
18 116 168
123 142 40
123 142 168
64 112 40
191 71 40
191 71 168
136 196 40
136 196 168
185 121 40
117 108 40
25 185 40
25 185 168
25 185 296
65 112 40
66 112 40
67 112 40
68 112 40
68 113 40
68 114 40
68 115 40
68 116 40
68 117 40
68 118 40
68 119 40
68 119 168
68 120 40
68 120 168
68 121 40
68 121 168
68 122 40
68 122 168
68 123 40
68 123 168
68 124 40
68 124 168
68 124 296
68 125 40
68 125 168
68 125 296
68 126 40
68 126 168
68 126 296
68 127 40
68 127 168
68 127 296
68 128 40
68 128 168
68 128 296
68 129 40
68 129 168
68 129 296
68 130 40
68 130 168
68 130 296
68 131 40
68 131 168
68 131 296
68 132 40
68 132 168
68 132 296
68 133 40
68 133 168
68 133 296
68 134 40
68 134 168
68 134 296
68 135 40
68 135 168
68 136 40
68 136 168
68 137 40
68 137 168
68 138 40
68 138 168
68 139 40
68 139 168
68 140 40
68 140 168
68 141 40
68 141 168
68 142 40
68 143 40
68 144 40
68 145 40
68 146 40
68 147 40
68 148 40
68 149 40
69 150 40
69 151 40
69 152 40
69 153 40
69 154 40
69 155 40
69 156 40
19 116 40
19 116 168
20 116 40
20 116 168
21 116 40
21 116 168
22 116 40
22 116 168
23 116 40
23 116 168
24 116 40
24 116 168
25 116 40
25 116 168
25 115 40
25 115 168
25 114 40
25 114 168
26 114 40
26 114 168
26 113 40
26 113 168
26 112 40
26 112 168
27 112 40
27 112 168
28 112 40
28 112 168
29 112 40
29 112 168
30 112 40
30 112 168
31 112 40
31 112 168
32 112 40
32 112 168
33 112 40
33 112 168
34 112 40
34 112 168
35 112 40
35 112 168
36 112 40
36 112 168
37 112 40
37 112 168
38 112 40
38 112 168
39 112 40
39 112 168
39 112 296
40 112 40
40 112 168
40 112 296
41 112 40
41 112 168
41 112 296
42 112 40
42 112 168
42 112 296
43 112 40
43 112 168
43 112 296
44 112 40
44 112 168
44 112 296
44 112 424
45 112 40
45 112 168
45 112 296
45 112 424
46 112 40
46 112 168
46 112 296
46 112 424
47 112 40
47 112 168
47 112 296
48 112 40
48 112 168
48 112 296
49 112 40
49 112 168
49 112 296
50 112 40
50 112 168
50 112 296
51 112 40
51 112 168
51 112 296
52 112 40
52 112 168
53 112 40
53 112 168
54 112 40
54 112 168
55 112 40
55 112 168
56 112 40
56 112 168
57 112 40
57 112 168
58 112 40
59 112 40
60 112 40
61 112 40
62 112 40
63 112 40
26 185 40
26 185 168
26 185 296
27 185 40
27 185 168
27 185 296
28 185 40
28 185 168
28 185 296
28 185 424
29 185 40
29 185 168
29 185 296
29 185 424
30 185 40
30 185 168
30 185 296
30 185 424
30 185 552
31 185 40
31 185 168
31 185 296
31 185 424
31 185 552
31 185 680
32 185 40
32 185 168
32 185 296
32 185 424
32 185 552
32 185 680
33 185 40
33 185 168
33 185 296
33 185 424
33 185 552
33 185 680
33 185 808
34 185 40
34 185 168
34 185 296
34 185 424
34 185 552
34 185 680
34 185 808
34 185 936
35 185 40
35 185 168
35 185 296
35 185 424
35 185 552
35 185 680
35 185 808
35 185 936
36 185 40
36 185 168
36 185 296
36 185 424
36 185 552
36 185 680
36 185 808
36 185 936
37 185 40
37 185 168
37 185 296
37 185 424
37 185 552
37 185 680
37 185 808
37 185 936
37 185 1064
38 185 40
38 185 168
38 185 296
38 185 424
38 185 552
38 185 680
38 185 808
38 185 936
38 185 1064
39 185 40
39 185 168
39 185 296
39 185 424
39 185 552
39 185 680
39 185 808
39 185 936
39 185 1064
40 185 40
40 185 168
40 185 296
40 185 424
40 185 552
40 185 680
40 185 808
40 185 936
40 185 1064
41 185 40
41 185 168
41 185 296
41 185 424
41 185 552
41 185 680
41 185 808
41 185 936
41 185 1064
42 185 40
42 185 168
42 185 296
42 185 424
42 185 552
42 185 680
42 185 808
42 185 936
42 185 1064
43 185 40
43 185 168
43 185 296
43 185 424
43 185 552
43 185 680
43 185 808
43 185 936
43 185 1064
44 185 40
44 185 168
44 185 296
44 185 424
44 185 552
44 185 680
44 185 808
44 185 936
45 185 40
45 185 168
45 185 296
45 185 424
45 185 552
45 185 680
45 185 808
45 185 936
46 185 40
46 185 168
46 185 296
46 185 424
46 185 552
46 185 680
46 185 808
46 185 936
47 185 40
47 185 168
47 185 296
47 185 424
47 185 552
47 185 680
47 185 808
48 185 40
48 185 168
48 185 296
48 185 424
48 185 552
48 185 680
48 185 808
49 185 40
49 185 168
49 185 296
49 185 424
49 185 552
49 185 680
50 185 40
50 185 168
50 185 296
50 185 424
50 185 552
51 185 40
51 185 168
51 185 296
51 185 424
51 185 552
52 185 40
52 185 168
52 185 296
52 185 424
53 185 40
53 185 168
53 185 296
53 185 424
54 185 40
54 185 168
54 185 296
55 185 40
55 185 168
55 185 296
56 185 40
56 185 168
56 185 296
57 185 40
57 185 168
58 185 40
58 185 168
59 185 40
59 185 168
60 185 40
60 185 168
61 185 40
61 185 168
62 185 40
63 185 40
64 185 40
65 185 40
66 185 40
67 185 40
68 185 40
68 184 40
68 183 40
68 182 40
68 181 40
68 180 40
68 179 40
68 178 40
68 177 40
68 176 40
68 175 40
68 174 40
68 173 40
68 172 40
68 171 40
68 170 40
69 170 40
69 170 168
69 168 40
69 168 168
69 167 40
69 167 168
69 166 40
69 166 168
69 165 40
69 165 168
69 164 40
69 164 168
69 163 40
69 163 168
69 162 40
69 162 168
69 161 40
69 161 168
69 160 40
69 159 40
69 158 40
122 142 40
122 142 168
122 141 40
122 141 168
121 141 40
121 141 168
121 140 40
121 140 168
120 140 40
120 140 168
120 139 40
120 139 168
119 139 40
119 139 168
118 139 40
118 139 168
118 138 40
118 138 168
117 138 40
117 138 168
117 137 40
117 137 168
116 137 40
116 137 168
116 136 40
116 136 168
115 136 40
115 136 168
115 135 40
114 135 40
114 135 168
114 134 40
113 134 40
113 134 168
113 133 40
113 133 168
112 133 40
112 133 168
112 132 40
112 132 168
111 132 40
111 132 168
111 131 40
111 131 168
110 131 40
110 131 168
109 131 40
109 131 168
108 131 40
108 131 168
107 131 40
107 131 168
106 131 40
106 131 168
106 132 40
106 132 168
106 132 296
105 132 40
105 132 168
105 132 296
105 133 40
105 133 168
105 133 296
104 133 40
104 133 168
104 133 296
104 134 40
104 134 168
104 134 296
104 134 424
103 134 40
103 134 168
103 134 296
103 134 424
103 135 40
103 135 168
103 135 296
103 135 424
103 135 552
102 135 40
102 135 168
102 135 296
102 135 424
102 135 552
102 136 40
102 136 168
102 136 296
102 136 424
102 136 552
101 136 40
101 136 168
101 136 296
101 136 424
101 136 552
101 136 680
101 137 40
101 137 168
101 137 296
101 137 424
101 137 552
101 137 680
101 138 40
101 138 168
101 138 296
101 138 424
101 138 552
101 138 680
101 138 808
100 138 40
100 138 168
100 138 296
100 138 424
100 138 552
100 138 680
100 138 808
99 138 40
99 138 168
99 138 296
99 138 424
99 138 552
99 138 680
99 138 808
99 138 936
99 139 40
99 139 168
99 139 296
99 139 424
99 139 552
99 139 680
99 139 808
99 139 936
98 139 40
98 139 168
98 139 296
98 139 424
98 139 552
98 139 680
98 139 808
98 139 936
97 139 40
97 139 168
97 139 296
97 139 424
97 139 552
97 139 680
97 139 808
97 139 936
96 139 40
96 139 168
96 139 296
96 139 424
96 139 552
96 139 680
96 139 808
96 139 936
95 139 40
95 139 168
95 139 296
95 139 424
95 139 552
95 139 680
95 139 808
95 139 936
94 139 40
94 139 168
94 139 296
94 139 424
94 139 552
94 139 680
94 139 808
94 139 936
93 139 40
93 139 168
93 139 296
93 139 424
93 139 552
93 139 680
93 139 808
93 139 936
92 139 40
92 139 168
92 139 296
92 139 424
92 139 552
92 139 680
92 139 808
92 139 936
91 139 40
91 139 168
91 139 296
91 139 424
91 139 552
91 139 680
91 139 808
91 139 936
90 139 40
90 139 168
90 139 296
90 139 424
90 139 552
90 139 680
90 139 808
89 139 40
89 139 168
89 139 296
89 139 424
89 139 552
89 139 680
89 139 808
88 139 40
88 139 168
88 139 296
88 139 424
88 139 552
88 139 680
87 139 40
87 139 168
87 139 296
87 139 424
87 139 552
87 139 680
86 139 40
86 139 168
86 139 296
86 139 424
86 139 552
85 139 40
85 139 168
85 139 296
85 139 424
84 139 40
84 139 168
84 139 296
84 139 424
83 139 40
83 139 168
83 139 296
82 139 40
82 139 168
82 139 296
81 139 40
81 139 168
81 139 296
80 139 40
80 139 168
80 139 296
79 139 40
79 139 168
79 140 40
79 140 168
78 140 40
78 140 168
77 140 40
77 140 168
77 141 40
77 141 168
76 141 40
76 141 168
76 142 40
75 142 40
75 143 40
74 143 40
74 144 40
73 144 40
73 145 40
73 146 40
72 146 40
72 147 40
71 147 40
71 148 40
70 148 40
69 148 40
117 109 40
117 110 40
117 111 40
117 111 168
117 112 40
117 112 168
117 113 40
117 113 168
117 114 40
117 114 168
117 115 40
117 115 168
117 116 40
117 116 168
117 117 40
117 117 168
117 118 40
117 119 40
117 120 40
117 121 40
116 121 40
116 122 40
116 123 40
115 123 40
114 123 40
114 124 40
113 124 40
113 125 40
112 125 40
112 125 168
112 126 40
111 126 40
111 126 168
111 127 40
111 127 168
110 127 40
110 127 168
110 128 40
110 128 168
110 129 40
110 129 168
110 130 40
110 130 168
136 195 40
136 195 168
136 194 40
136 194 168
135 194 40
135 194 168
134 194 40
134 194 168
134 193 40
134 193 168
133 193 40
133 193 168
133 192 40
133 192 168
132 192 40
132 192 168
132 191 40
132 191 168
131 191 40
131 191 168
131 190 40
131 190 168
131 190 296
130 190 40
130 190 168
130 189 40
130 189 168
130 189 296
129 188 40
129 188 168
129 188 296
129 187 40
129 187 168
129 187 296
129 186 40
129 186 168
129 186 296
129 185 40
129 185 168
129 185 296
129 184 40
129 184 168
129 184 296
129 183 40
129 183 168
129 183 296
129 183 424
129 182 40
129 182 168
129 182 296
129 182 424
129 181 40
129 181 168
129 181 296
129 181 424
129 181 552
129 180 40
129 180 168
129 180 296
129 180 424
129 180 552
129 179 40
129 179 168
129 179 296
129 179 424
129 179 552
129 178 40
129 178 168
129 178 296
129 178 424
129 178 552
129 178 680
129 177 40
129 177 168
129 177 296
129 177 424
129 177 552
129 177 680
129 176 40
129 176 168
129 176 296
129 176 424
129 176 552
129 176 680
129 175 40
129 175 168
129 175 296
129 175 424
129 175 552
129 175 680
129 175 808
129 174 40
129 174 168
129 174 296
129 174 424
129 174 552
129 174 680
129 174 808
129 173 40
129 173 168
129 173 296
129 173 424
129 173 552
129 173 680
129 173 808
129 172 40
129 172 168
129 172 296
129 172 424
129 172 552
129 172 680
129 172 808
129 171 40
129 171 168
129 171 296
129 171 424
129 171 552
129 171 680
129 170 40
129 170 168
129 170 296
129 170 424
129 170 552
129 170 680
129 169 40
129 169 168
129 169 296
129 169 424
129 169 552
129 168 40
129 168 168
129 168 296
129 168 424
129 168 552
129 167 40
129 167 168
129 167 296
129 167 424
129 167 552
129 166 40
129 166 168
129 166 296
129 166 424
129 165 40
129 165 168
129 165 296
129 165 424
129 164 40
129 164 168
129 164 296
129 163 40
129 163 168
129 163 296
129 162 40
129 162 168
129 162 296
129 161 40
129 161 168
129 161 296
129 160 40
129 160 168
129 159 40
129 159 168
129 158 40
129 158 168
129 157 40
129 157 168
129 156 40
129 156 168
129 155 40
129 155 168
129 154 40
129 154 168
129 153 40
129 153 168
129 152 40
129 152 168
129 151 40
129 151 168
129 150 40
129 150 168
128 149 40
128 149 168
128 148 40
128 148 168
127 148 40
127 148 168
127 147 40
127 147 168
126 147 40
126 147 168
126 146 40
126 146 168
125 146 40
125 146 168
125 145 40
125 145 168
124 145 40
124 145 168
124 144 40
124 144 168
123 144 40
123 144 168
123 143 40
123 143 168
185 122 40
185 123 40
185 124 40
185 125 40
186 125 40
186 126 40
186 127 40
186 128 40
186 129 40
186 130 40
186 130 168
185 130 40
185 130 168
184 130 40
184 130 168
183 130 40
183 130 168
182 130 40
182 130 168
181 130 40
181 130 168
180 130 40
180 130 168
180 130 296
179 130 40
179 130 168
179 130 296
178 130 40
178 130 168
178 130 296
177 130 40
177 130 168
177 130 296
176 130 40
176 130 168
176 130 296
175 130 40
175 130 168
175 130 296
174 130 40
174 130 168
174 130 296
173 130 40
173 130 168
173 130 296
172 130 40
172 130 168
172 130 296
171 130 40
171 130 168
171 130 296
170 130 40
170 130 168
170 130 296
169 130 40
169 130 168
168 130 40
168 130 168
168 131 40
168 131 168
168 131 296
167 131 40
167 131 168
167 131 296
167 132 40
167 132 168
167 132 296
166 132 40
166 132 168
166 132 296
166 133 40
166 133 168
166 133 296
165 133 40
165 133 168
165 133 296
165 134 40
165 134 168
165 134 296
164 134 40
164 134 168
164 134 296
163 134 40
163 134 168
163 134 296
163 135 40
163 135 168
163 135 296
163 135 424
163 136 40
163 136 168
163 136 296
163 136 424
162 136 40
162 136 168
162 136 296
162 136 424
162 137 40
162 137 168
162 137 296
162 137 424
161 137 40
161 137 168
161 137 296
161 137 424
160 137 40
160 137 168
160 137 296
160 137 424
160 138 40
160 138 168
160 138 296
160 138 424
160 138 552
160 139 40
160 139 168
160 139 296
160 139 424
160 139 552
159 139 40
159 139 168
159 139 296
159 139 424
159 139 552
158 139 40
158 139 168
158 139 296
158 139 424
158 139 552
157 139 40
157 139 168
157 139 296
157 139 424
157 139 552
156 139 40
156 139 168
156 139 296
156 139 424
156 139 552
156 139 680
155 139 40
155 139 168
155 139 296
155 139 424
155 139 552
155 139 680
154 139 40
154 139 168
154 139 296
154 139 424
154 139 552
154 139 680
153 139 40
153 139 168
153 139 296
153 139 424
153 139 552
153 139 680
152 139 40
152 139 168
152 139 296
152 139 424
152 139 552
152 139 680
152 139 808
151 139 40
151 139 168
151 139 296
151 139 424
151 139 552
151 139 680
151 139 808
150 139 40
150 139 168
150 139 296
150 139 424
150 139 552
150 139 680
150 139 808
150 139 936
149 139 40
149 139 168
149 139 296
149 139 424
149 139 552
149 139 680
149 139 808
149 139 936
148 139 40
148 139 168
148 139 296
148 139 424
148 139 552
148 139 680
148 139 808
148 139 936
147 139 40
147 139 168
147 139 296
147 139 424
147 139 552
147 139 680
147 139 808
147 139 936
147 139 1064
146 139 40
146 139 168
146 139 296
146 139 424
146 139 552
146 139 680
146 139 808
146 139 936
146 139 1064
145 139 40
145 139 168
145 139 296
145 139 424
145 139 552
145 139 680
145 139 808
145 139 936
145 139 1064
144 139 40
144 139 168
144 139 296
144 139 424
144 139 552
144 139 680
144 139 808
144 139 936
144 139 1064
143 139 40
143 139 168
143 139 296
143 139 424
143 139 552
143 139 680
143 139 808
143 139 936
143 139 1064
142 139 40
142 139 168
142 139 296
142 139 424
142 139 552
142 139 680
142 139 808
142 139 936
142 139 1064
141 139 40
141 139 168
141 139 296
141 139 424
141 139 552
141 139 680
141 139 808
141 139 936
141 139 1064
140 139 40
140 139 168
140 139 296
140 139 424
140 139 552
140 139 680
140 139 808
140 139 936
140 139 1064
139 139 40
139 139 168
139 139 296
139 139 424
139 139 552
139 139 680
139 139 808
139 139 936
139 140 40
139 140 168
139 140 296
139 140 424
139 140 552
139 140 680
139 140 808
139 140 936
138 140 40
138 140 168
138 140 296
138 140 424
138 140 552
138 140 680
138 140 808
138 140 936
138 141 40
138 141 168
138 141 296
138 141 424
138 141 552
138 141 680
138 141 808
138 141 936
137 141 40
137 141 168
137 141 296
137 141 424
137 141 552
137 141 680
137 141 808
136 141 40
136 141 168
136 141 296
136 141 424
136 141 552
136 141 680
136 141 808
136 142 40
136 142 168
136 142 296
136 142 424
136 142 552
136 142 680
136 142 808
135 142 40
135 142 168
135 142 296
135 142 424
135 142 552
135 142 680
135 143 40
135 143 168
135 143 296
135 143 424
135 143 552
135 143 680
134 143 40
134 143 168
134 143 296
134 143 424
134 143 552
134 144 40
134 144 168
134 144 296
134 144 424
134 144 552
133 144 40
133 144 168
133 144 296
133 144 424
133 145 40
133 145 168
133 145 296
133 145 424
132 145 40
132 145 168
132 145 296
132 145 424
132 146 40
132 146 168
132 146 296
131 146 40
131 146 168
131 146 296
131 147 40
131 147 168
131 147 296
130 147 40
130 147 168
130 147 296
130 148 40
130 148 168
129 148 40
129 148 168
190 71 40
190 71 168
189 71 40
189 71 168
189 72 40
189 72 168
189 72 296
189 73 40
189 73 168
189 73 296
189 74 40
189 74 168
189 74 296
189 75 40
189 75 168
189 75 296
189 76 40
189 76 168
189 76 296
189 76 424
189 77 40
189 77 168
189 77 296
189 77 424
189 78 40
189 78 168
189 78 296
189 78 424
189 79 40
189 79 168
189 79 296
189 79 424
189 80 40
189 80 168
189 80 296
189 81 40
189 81 168
189 81 296
189 82 40
189 82 168
189 82 296
189 83 40
189 83 168
189 83 296
189 84 40
189 84 168
189 85 40
189 85 168
189 86 40
189 86 168
189 87 40
189 87 168
189 88 40
189 88 168
189 90 40
189 90 168
189 91 40
189 91 168
189 92 40
189 92 168
189 93 40
189 93 168
189 94 40
189 94 168
189 94 296
189 95 40
189 95 168
189 95 296
189 96 40
189 96 168
189 96 296
189 97 40
189 97 168
189 97 296
189 98 40
189 98 168
189 98 296
189 98 424
189 99 40
189 99 168
189 99 296
189 99 424
189 100 40
189 100 168
189 100 296
189 100 424
189 101 40
189 101 168
189 101 296
189 101 424
189 102 40
189 102 168
189 102 296
189 102 424
189 103 40
189 103 168
189 103 296
189 103 424
189 104 40
189 104 168
189 104 296
189 105 40
189 105 168
189 105 296
189 106 40
189 106 168
189 106 296
189 107 40
189 107 168
189 107 296
189 108 40
189 108 168
189 108 296
189 110 40
189 110 168
188 110 40
188 110 168
188 111 40
188 111 168
187 111 40
187 111 168
187 112 40
187 112 168
186 112 40
186 112 168
186 113 40
186 113 168
186 114 40
186 114 168
186 115 40
186 115 168
186 116 40
186 117 40
186 118 40
186 119 40
186 120 40
186 121 40
186 1 40
186 1 168
186 2 40
186 2 168
186 2 296
186 3 40
186 3 168
186 3 296
186 4 40
186 4 168
186 4 296
186 5 40
186 5 168
186 5 296
186 5 424
186 6 40
186 6 168
186 6 296
186 6 424
186 7 40
186 7 168
186 7 296
186 7 424
186 8 40
186 8 168
186 8 296
186 8 424
186 9 40
186 9 168
186 9 296
186 9 424
186 10 40
186 10 168
186 10 296
186 10 424
186 11 40
186 11 168
186 11 296
186 11 424
186 12 40
186 12 168
186 12 296
186 12 424
186 13 40
186 13 168
186 13 296
186 14 40
186 14 168
186 14 296
186 15 40
186 15 168
186 15 296
186 16 40
186 16 168
186 17 40
186 17 168
186 18 40
186 18 168
186 19 40
186 19 168
186 20 40
186 20 168
186 21 40
186 21 168
186 22 40
186 22 168
186 23 40
186 23 168
186 24 40
186 24 168
186 25 40
186 25 168
186 26 40
186 26 168
187 26 40
187 26 168
187 27 40
187 27 168
188 27 40
188 27 168
188 28 40
188 28 168
188 29 40
188 29 168
188 30 40
188 30 168
188 30 296
188 31 40
188 31 168
188 31 296
188 32 40
188 32 168
188 32 296
188 33 40
188 33 168
188 33 296
188 33 424
188 34 40
188 34 168
188 34 296
188 34 424
188 35 40
188 35 168
188 35 296
188 35 424
188 35 552
188 36 40
188 36 168
188 36 296
188 36 424
188 36 552
188 36 680
188 37 40
188 37 168
188 37 296
188 37 424
188 37 552
188 37 680
188 38 40
188 38 168
188 38 296
188 38 424
188 38 552
188 38 680
188 38 808
188 39 40
188 39 168
188 39 296
188 39 424
188 39 552
188 39 680
188 39 808
188 40 40
188 40 168
188 40 296
188 40 424
188 40 552
188 40 680
188 40 808
188 41 40
188 41 168
188 41 296
188 41 424
188 41 552
188 41 680
188 41 808
188 42 40
188 42 168
188 42 296
188 42 424
188 42 552
188 42 680
188 42 808
188 43 40
188 43 168
188 43 296
188 43 424
188 43 552
188 43 680
188 43 808
188 44 40
188 44 168
188 44 296
188 44 424
188 44 552
188 44 680
188 44 808
188 45 40
188 45 168
188 45 296
188 45 424
188 45 552
188 45 680
188 45 808
188 46 40
188 46 168
188 46 296
188 46 424
188 46 552
188 46 680
188 47 40
188 47 168
188 47 296
188 47 424
188 47 552
188 47 680
188 48 40
188 48 168
188 48 296
188 48 424
188 48 552
188 49 40
188 49 168
188 49 296
188 49 424
188 49 552
188 50 40
188 50 168
188 50 296
188 50 424
188 51 40
188 51 168
188 51 296
188 51 424
188 52 40
188 52 168
188 52 296
188 53 40
188 53 168
188 53 296
188 54 40
188 54 168
188 54 296
188 55 40
188 55 168
188 56 40
188 56 168
188 57 40
188 57 168
188 58 40
188 58 168
188 59 40
188 59 168
188 60 40
188 60 168
188 61 40
188 61 168
188 62 40
188 62 168
188 63 40
188 63 168
188 64 40
188 64 168
188 65 40
188 65 168
188 66 40
188 66 168
188 67 40
188 67 168
188 68 40
188 68 168
188 69 40
188 69 168
189 70 40
189 70 168
