9 9 100
9 29 100
9 49 100
9 69 100
9 89 100
9 109 100
9 129 100
9 149 100
9 169 100
9 189 100
29 9 100
29 29 100
29 49 100
29 69 100
29 89 100
29 109 100
29 129 100
29 149 100
29 169 100
29 189 100
49 9 100
49 29 100
49 49 100
49 69 100
49 89 100
49 109 100
49 129 100
49 149 100
49 169 100
49 189 100
69 9 100
69 29 100
69 49 100
69 69 100
69 89 100
69 109 100
69 129 100
69 149 100
69 169 100
69 189 100
89 9 100
89 29 100
89 49 100
89 69 100
89 89 100
89 109 100
89 129 100
89 149 100
89 169 100
89 189 100
109 9 100
109 29 100
109 49 100
109 69 100
109 89 100
109 109 100
109 129 100
109 149 100
109 169 100
109 189 100
129 9 100
129 29 100
129 49 100
129 69 100
129 89 100
129 109 100
129 129 100
129 149 100
129 169 100
129 189 100
149 9 100
149 29 100
149 49 100
149 69 100
149 89 100
149 109 100
149 129 100
149 149 100
149 169 100
149 189 100
169 9 100
169 29 100
169 49 100
169 69 100
169 89 100
169 109 100
169 129 100
169 149 100
169 169 100
169 189 100
189 9 100
189 29 100
189 49 100
189 69 100
189 89 100
189 109 100
189 129 100
189 149 100
189 169 100
189 189 100
9 89 100
9 129 100
9 149 100
9 169 100
9 189 100
29 9 100
29 109 100
29 129 100
29 149 100
29 169 100
29 189 100
49 9 100
49 29 100
49 49 100
49 109 100
49 129 100
49 149 100
49 169 100
49 189 100
69 9 100
69 29 100
69 49 100
69 69 100
69 89 100
69 109 100
69 129 100
69 149 100
69 169 100
69 189 100
89 9 100
89 29 100
89 49 100
89 69 100
89 109 100
89 189 100
109 9 100
109 29 100
109 49 100
109 69 100
109 189 100
129 9 100
129 29 100
129 49 100
129 169 100
129 189 100
149 9 100
149 29 100
149 49 100
149 69 100
149 149 100
149 169 100
149 189 100
169 9 100
169 29 100
169 49 100
169 69 100
169 89 100
169 109 100
169 129 100
169 149 100
169 169 100
169 189 100
189 9 100
189 29 100
189 49 100
189 69 100
189 89 100
189 109 100
189 129 100
189 149 100
189 169 100
189 189 100
153 113 40
116 131 40
196 87 40
196 87 168
196 87 296
196 87 424
196 87 552
139 4 40
139 4 168
16 33 40
98 99 40
133 87 40
16 81 40
18 129 40
18 129 168
18 129 296
133 88 40
134 88 40
135 88 40
136 88 40
137 88 40
138 88 40
139 88 40
140 88 40
141 88 40
142 88 40
143 88 40
144 88 40
145 88 40
146 88 40
147 88 40
148 88 40
148 89 40
149 90 40
149 91 40
149 92 40
149 93 40
149 94 40
149 95 40
149 96 40
149 97 40
149 98 40
149 99 40
149 100 40
149 101 40
149 102 40
149 103 40
149 104 40
149 105 40
149 106 40
149 107 40
149 108 40
149 110 40
150 110 40
150 111 40
151 111 40
151 112 40
152 112 40
152 113 40
117 131 40
118 131 40
119 131 40
120 131 40
121 131 40
122 131 40
123 131 40
124 131 40
125 131 40
126 131 40
127 131 40
127 131 168
127 130 40
128 130 40
128 129 40
130 129 40
131 129 40
132 129 40
133 129 40
134 129 40
135 129 40
135 129 168
136 129 40
136 129 168
137 129 40
137 129 168
138 129 40
138 129 168
139 129 40
139 129 168
140 129 40
140 129 168
141 129 40
141 129 168
142 129 40
142 129 168
143 129 40
143 129 168
144 129 40
144 129 168
145 129 40
145 129 168
146 129 40
146 129 168
147 129 40
147 129 168
148 129 40
148 129 168
149 128 40
149 128 168
149 127 40
149 127 168
149 126 40
149 126 168
149 125 40
149 125 168
149 124 40
149 124 168
149 123 40
149 123 168
149 122 40
149 122 168
149 121 40
149 121 168
149 120 40
149 120 168
149 119 40
149 119 168
149 118 40
149 118 168
149 117 40
149 116 40
149 115 40
149 114 40
149 113 40
149 112 40
149 111 40
98 98 40
98 97 40
98 97 168
98 96 40
98 96 168
98 95 40
98 95 168
98 94 40
98 94 168
99 94 40
99 94 168
100 94 40
101 94 40
102 94 40
103 94 40
104 94 40
105 94 40
105 93 40
105 92 40
106 92 40
106 91 40
107 91 40
108 91 40
108 90 40
109 90 40
110 89 40
111 89 40
112 89 40
113 89 40
114 89 40
115 89 40
116 89 40
117 89 40
118 89 40
119 89 40
120 89 40
121 89 40
122 89 40
123 89 40
124 89 40
125 89 40
126 89 40
127 89 40
128 89 40
129 88 40
130 88 40
131 88 40
132 88 40
16 82 40
16 83 40
16 84 40
16 85 40
17 85 40
18 85 40
19 85 40
20 85 40
21 85 40
22 85 40
23 85 40
24 85 40
25 85 40
26 85 40
26 86 40
27 86 40
27 87 40
28 87 40
28 88 40
29 88 40
30 89 40
31 89 40
32 89 40
33 89 40
34 89 40
34 89 168
35 89 40
35 89 168
36 89 40
36 89 168
37 89 40
37 89 168
38 89 40
38 89 168
39 89 40
39 89 168
40 89 40
40 89 168
41 89 40
41 89 168
42 89 40
42 89 168
43 89 40
43 89 168
44 89 40
44 89 168
45 89 40
45 89 168
46 89 40
46 89 168
47 89 40
47 89 168
48 89 40
48 89 168
50 89 40
50 89 168
51 89 40
51 89 168
52 89 40
52 89 168
53 89 40
53 89 168
53 89 296
54 89 40
54 89 168
54 89 296
55 89 40
55 89 168
55 89 296
56 89 40
56 89 168
56 89 296
57 89 40
57 89 168
57 89 296
58 89 40
58 89 168
58 89 296
59 89 40
59 89 168
59 89 296
60 89 40
60 89 168
60 89 296
61 89 40
61 89 168
62 89 40
62 89 168
63 89 40
63 89 168
64 89 40
64 89 168
64 89 296
65 89 40
65 89 168
65 89 296
66 89 40
66 89 168
66 89 296
67 89 40
67 89 168
67 89 296
68 89 40
68 89 168
68 89 296
70 89 40
70 89 168
71 89 40
71 89 168
72 89 40
72 89 168
72 89 296
73 89 40
73 89 168
73 89 296
74 89 40
74 89 168
74 89 296
75 89 40
75 89 168
75 89 296
76 89 40
76 89 168
76 89 296
77 89 40
77 89 168
77 89 296
78 89 40
78 89 168
78 89 296
79 89 40
79 89 168
79 89 296
80 89 40
80 89 168
80 89 296
81 89 40
81 89 168
81 89 296
82 89 40
82 89 168
82 89 296
83 89 40
83 89 168
84 89 40
84 89 168
85 89 40
85 89 168
86 89 40
86 89 168
87 89 40
87 89 168
88 89 40
88 89 168
89 90 40
89 90 168
90 90 40
90 90 168
91 90 40
91 90 168
91 91 40
91 91 168
92 91 40
92 91 168
92 92 40
92 92 168
93 92 40
93 92 168
93 93 40
93 93 168
94 93 40
94 93 168
94 94 40
94 94 168
95 94 40
95 94 168
96 94 40
96 94 168
97 94 40
97 94 168
15 33 40
14 33 40
13 33 40
12 33 40
11 33 40
10 33 40
10 34 40
10 35 40
10 36 40
10 37 40
10 38 40
10 39 40
10 40 40
10 41 40
10 42 40
10 43 40
10 44 40
10 45 40
10 46 40
10 47 40
10 48 40
9 48 40
8 49 40
8 50 40
8 51 40
8 52 40
8 53 40
8 53 168
8 54 40
8 55 40
8 56 40
8 57 40
8 58 40
8 59 40
8 60 40
8 61 40
8 62 40
8 63 40
8 64 40
8 64 168
8 65 40
8 65 168
8 66 40
8 66 168
8 67 40
8 67 168
8 68 40
8 68 168
8 69 40
8 69 168
9 70 40
9 70 168
10 70 40
10 70 168
10 71 40
10 71 168
11 71 40
12 71 40
12 72 40
13 72 40
13 73 40
13 74 40
13 75 40
13 76 40
13 77 40
13 78 40
13 78 168
13 79 40
13 79 168
13 80 40
13 81 40
14 81 40
15 81 40
17 129 40
17 129 168
17 129 296
16 129 40
16 129 168
16 129 296
15 129 40
15 129 168
15 129 296
14 129 40
14 129 168
14 129 296
13 129 40
13 129 168
13 129 296
12 129 40
12 129 168
11 129 40
11 129 168
10 129 40
10 129 168
10 128 40
10 128 168
10 127 40
10 127 168
10 126 40
10 126 168
10 125 40
10 125 168
10 124 40
10 124 168
10 123 40
10 123 168
10 122 40
10 122 168
10 121 40
10 121 168
10 120 40
10 120 168
10 119 40
10 119 168
10 118 40
10 118 168
10 117 40
10 117 168
10 116 40
10 116 168
10 115 40
10 115 168
10 114 40
10 114 168
10 113 40
10 113 168
10 112 40
10 111 40
10 110 40
10 109 40
10 108 40
10 107 40
10 106 40
10 105 40
10 104 40
10 104 168
10 103 40
10 103 168
10 102 40
10 102 168
10 101 40
10 101 168
10 100 40
10 100 168
10 99 40
10 99 168
10 98 40
10 98 168
10 97 40
10 97 168
10 96 40
10 96 168
10 95 40
10 95 168
10 94 40
10 94 168
10 93 40
10 93 168
10 92 40
10 92 168
10 91 40
10 91 168
10 90 40
10 90 168
10 89 40
10 89 168
10 88 40
10 88 168
10 87 40
10 87 168
11 87 40
11 87 168
11 86 40
11 86 168
12 86 40
12 86 168
12 85 40
12 85 168
13 85 40
14 85 40
15 85 40
195 87 40
195 87 168
195 87 296
195 87 424
195 87 552
194 87 40
194 87 168
194 87 296
194 87 424
194 87 552
193 87 40
193 87 168
193 87 296
193 87 424
193 87 552
192 87 40
192 87 168
192 87 296
192 87 424
192 87 552
191 87 40
191 87 168
191 87 296
191 87 424
191 87 552
190 87 40
190 87 168
190 87 296
190 87 424
190 87 552
189 87 40
189 87 168
189 87 296
189 87 424
189 87 552
188 87 40
188 87 168
188 87 296
188 87 424
188 87 552
187 87 40
187 87 168
187 87 296
187 87 424
187 87 552
187 87 680
186 87 40
186 87 168
186 87 296
186 87 424
186 87 552
186 87 680
185 87 40
185 87 168
185 87 296
185 87 424
185 87 552
184 87 40
184 87 168
184 87 296
184 87 424
184 87 552
183 87 40
183 87 168
183 87 296
183 87 424
183 87 552
182 87 40
182 87 168
182 87 296
182 87 424
182 87 552
181 87 40
181 87 168
181 87 296
181 87 424
181 87 552
180 87 40
180 87 168
180 87 296
180 87 424
179 87 40
179 87 168
179 87 296
179 87 424
178 87 40
178 87 168
178 87 296
178 87 424
177 87 40
177 87 168
177 87 296
176 87 40
176 87 168
176 87 296
175 87 40
175 87 168
175 87 296
174 87 40
174 87 168
174 87 296
173 87 40
173 87 168
173 87 296
172 87 40
172 87 168
172 87 296
171 87 40
171 87 168
171 87 296
170 87 40
170 87 168
170 87 296
169 87 40
169 87 168
169 87 296
168 87 40
168 87 168
168 87 296
167 87 40
167 87 168
167 87 296
166 87 40
166 87 168
166 87 296
165 87 40
165 87 168
164 87 40
164 87 168
163 87 40
163 87 168
162 87 40
162 87 168
161 87 40
161 87 168
160 87 40
160 87 168
159 87 40
159 87 168
158 87 40
158 87 168
157 87 40
157 87 168
156 87 40
156 87 168
155 87 40
155 87 168
154 87 40
154 87 168
153 87 40
153 87 168
152 87 40
152 87 168
151 87 40
151 87 168
150 87 40
150 87 168
150 88 40
150 88 168
149 88 40
139 5 40
139 5 168
139 6 40
139 6 168
139 7 40
139 7 168
139 8 40
139 8 168
139 9 40
139 9 168
139 10 40
139 10 168
139 11 40
139 11 168
139 12 40
139 12 168
139 13 40
139 13 168
139 14 40
139 14 168
139 15 40
139 15 168
139 16 40
139 16 168
139 17 40
139 17 168
139 17 296
139 18 40
139 18 168
139 18 296
139 19 40
139 19 168
139 19 296
139 20 40
139 20 168
139 20 296
139 20 424
138 20 40
138 20 168
138 20 296
138 20 424
137 20 40
137 20 168
137 20 296
137 20 424
137 21 40
137 21 168
137 21 296
137 21 424
136 21 40
136 21 168
136 21 296
136 22 40
136 22 168
136 22 296
135 22 40
135 22 168
135 22 296
135 23 40
135 23 168
135 23 296
134 23 40
134 23 168
134 23 296
134 24 40
134 24 168
134 24 296
133 24 40
133 24 168
133 24 296
133 25 40
133 25 168
133 25 296
132 25 40
132 25 168
132 26 40
132 26 168
132 27 40
132 27 168
131 27 40
131 27 168
130 27 40
130 27 168
130 28 40
130 28 168
130 29 40
130 29 168
130 30 40
130 30 168
130 31 40
130 31 168
130 32 40
130 32 168
130 32 296
130 33 40
130 33 168
130 33 296
130 34 40
130 34 168
130 34 296
130 35 40
130 35 168
130 35 296
130 36 40
130 36 168
130 36 296
130 37 40
130 37 168
130 37 296
130 37 424
130 38 40
130 38 168
130 38 296
130 38 424
130 39 40
130 39 168
130 39 296
130 39 424
130 40 40
130 40 168
130 40 296
130 40 424
130 41 40
130 41 168
130 41 296
130 41 424
130 42 40
130 42 168
130 42 296
130 42 424
130 43 40
130 43 168
130 43 296
130 43 424
130 44 40
130 44 168
130 44 296
130 44 424
130 45 40
130 45 168
130 45 296
130 45 424
130 46 40
130 46 168
130 46 296
130 47 40
130 47 168
130 47 296
130 48 40
130 48 168
130 48 296
130 49 40
130 49 168
130 49 296
130 50 40
130 50 168
130 50 296
130 51 40
130 51 168
130 52 40
130 52 168
130 53 40
130 53 168
130 54 40
130 54 168
130 55 40
130 55 168
130 56 40
130 56 168
130 57 40
130 57 168
130 58 40
130 58 168
130 59 40
130 59 168
130 60 40
130 60 168
130 61 40
130 61 168
130 62 40
130 62 168
130 63 40
130 63 168
130 64 40
130 64 168
130 65 40
130 65 168
130 66 40
130 66 168
130 67 40
130 67 168
130 68 40
130 69 40
129 70 40
129 71 40
129 72 40
129 73 40
129 74 40
129 75 40
129 76 40
129 77 40
129 78 40
129 79 40
129 80 40
129 81 40
129 82 40
129 83 40
129 84 40
129 85 40
129 86 40
129 87 40
