9 9 100
9 29 100
9 49 100
9 69 100
9 89 100
9 109 100
9 129 100
9 149 100
9 169 100
9 189 100
29 9 100
29 29 100
29 49 100
29 69 100
29 89 100
29 109 100
29 129 100
29 149 100
29 169 100
29 189 100
49 9 100
49 29 100
49 49 100
49 69 100
49 89 100
49 109 100
49 129 100
49 149 100
49 169 100
49 189 100
69 9 100
69 29 100
69 49 100
69 69 100
69 89 100
69 109 100
69 129 100
69 149 100
69 169 100
69 189 100
89 9 100
89 29 100
89 49 100
89 69 100
89 89 100
89 109 100
89 129 100
89 149 100
89 169 100
89 189 100
109 9 100
109 29 100
109 49 100
109 69 100
109 89 100
109 109 100
109 129 100
109 149 100
109 169 100
109 189 100
129 9 100
129 29 100
129 49 100
129 69 100
129 89 100
129 109 100
129 129 100
129 149 100
129 169 100
129 189 100
149 9 100
149 29 100
149 49 100
149 69 100
149 89 100
149 109 100
149 129 100
149 149 100
149 169 100
149 189 100
169 9 100
169 29 100
169 49 100
169 69 100
169 89 100
169 109 100
169 129 100
169 149 100
169 169 100
169 189 100
189 9 100
189 29 100
189 49 100
189 69 100
189 89 100
189 109 100
189 129 100
189 149 100
189 169 100
189 189 100
9 9 100
9 69 100
9 89 100
9 109 100
9 189 100
29 49 100
29 69 100
29 89 100
29 109 100
49 9 100
49 29 100
49 49 100
49 69 100
49 89 100
49 109 100
49 149 100
49 169 100
49 189 100
69 9 100
69 29 100
69 169 100
69 189 100
89 9 100
89 29 100
89 69 100
89 89 100
89 109 100
89 129 100
89 149 100
89 169 100
89 189 100
109 9 100
109 49 100
109 69 100
109 89 100
109 109 100
109 129 100
109 149 100
109 169 100
129 9 100
129 29 100
129 49 100
129 69 100
129 109 100
129 129 100
129 149 100
129 169 100
129 189 100
149 9 100
149 69 100
149 89 100
149 109 100
149 129 100
149 149 100
149 169 100
149 189 100
169 9 100
169 29 100
169 69 100
169 89 100
169 109 100
169 129 100
169 149 100
169 189 100
189 9 100
189 29 100
189 89 100
189 109 100
189 189 100
24 21 40
102 197 40
133 73 40
133 73 48
176 32 40
71 88 40
71 88 48
32 181 40
16 133 40
184 178 40
70 88 40
70 88 48
69 88 40
69 88 48
69 87 40
69 87 48
69 86 40
69 86 48
69 85 40
69 85 48
69 84 40
69 84 48
69 83 40
69 83 48
69 82 40
69 82 48
69 81 40
69 81 48
69 80 40
69 80 48
69 79 40
69 79 48
69 78 40
69 78 48
69 77 40
69 77 48
69 76 40
69 76 48
69 75 40
69 75 48
69 74 40
69 73 40
69 72 40
69 71 40
69 70 40
69 68 40
69 67 40
69 66 40
69 65 40
69 64 40
69 63 40
69 62 40
69 61 40
69 60 40
69 59 40
69 58 40
69 57 40
69 56 40
69 55 40
69 54 40
69 53 40
69 52 40
69 51 40
69 50 40
68 49 40
68 48 40
67 48 40
67 47 40
66 47 40
66 46 40
65 46 40
65 45 40
65 45 48
65 44 40
65 44 48
64 44 40
64 44 48
64 43 40
64 43 48
64 43 56
63 43 40
63 43 48
63 43 56
62 43 40
62 43 48
62 43 56
62 42 40
62 42 48
62 42 56
62 42 64
61 42 40
61 42 48
61 42 56
61 42 64
61 41 40
61 41 48
61 41 56
61 41 64
61 41 72
61 40 40
61 40 48
61 40 56
61 40 64
61 40 72
61 40 80
61 40 88
60 40 40
60 40 48
60 40 56
60 40 64
60 40 72
60 40 80
60 40 88
60 40 96
60 39 40
60 39 48
60 39 56
60 39 64
60 39 72
60 39 80
60 39 88
60 39 96
60 39 104
60 39 112
59 39 40
59 39 48
59 39 56
59 39 64
59 39 72
59 39 80
59 39 88
59 39 96
59 39 104
59 39 112
59 39 120
58 39 40
58 39 48
58 39 56
58 39 64
58 39 72
58 39 80
58 39 88
58 39 96
58 39 104
58 39 112
58 39 120
58 39 128
57 39 40
57 39 48
57 39 56
57 39 64
57 39 72
57 39 80
57 39 88
57 39 96
57 39 104
57 39 112
57 39 120
57 39 128
57 39 136
56 39 40
56 39 48
56 39 56
56 39 64
56 39 72
56 39 80
56 39 88
56 39 96
56 39 104
56 39 112
56 39 120
56 39 128
56 39 136
56 39 144
55 39 40
55 39 48
55 39 56
55 39 64
55 39 72
55 39 80
55 39 88
55 39 96
55 39 104
55 39 112
55 39 120
55 39 128
55 39 136
55 39 144
54 39 40
54 39 48
54 39 56
54 39 64
54 39 72
54 39 80
54 39 88
54 39 96
54 39 104
54 39 112
54 39 120
54 39 128
54 39 136
54 39 144
54 39 152
53 39 40
53 39 48
53 39 56
53 39 64
53 39 72
53 39 80
53 39 88
53 39 96
53 39 104
53 39 112
53 39 120
53 39 128
53 39 136
53 39 144
53 39 152
52 39 40
52 39 48
52 39 56
52 39 64
52 39 72
52 39 80
52 39 88
52 39 96
52 39 104
52 39 112
52 39 120
52 39 128
52 39 136
52 39 144
52 39 152
51 39 40
51 39 48
51 39 56
51 39 64
51 39 72
51 39 80
51 39 88
51 39 96
51 39 104
51 39 112
51 39 120
51 39 128
51 39 136
51 39 144
51 39 152
50 39 40
50 39 48
50 39 56
50 39 64
50 39 72
50 39 80
50 39 88
50 39 96
50 39 104
50 39 112
50 39 120
50 39 128
50 39 136
50 39 144
50 39 152
49 39 40
49 39 48
49 39 56
49 39 64
49 39 72
49 39 80
49 39 88
49 39 96
49 39 104
49 39 112
49 39 120
49 39 128
49 39 136
49 39 144
48 39 40
48 39 48
48 39 56
48 39 64
48 39 72
48 39 80
48 39 88
48 39 96
48 39 104
48 39 112
48 39 120
48 39 128
48 39 136
47 39 40
47 39 48
47 39 56
47 39 64
47 39 72
47 39 80
47 39 88
47 39 96
47 39 104
47 39 112
47 39 120
47 39 128
46 39 40
46 39 48
46 39 56
46 39 64
46 39 72
46 39 80
46 39 88
46 39 96
46 39 104
46 39 112
46 39 120
46 39 128
45 39 40
45 39 48
45 39 56
45 39 64
45 39 72
45 39 80
45 39 88
45 39 96
45 39 104
45 39 112
45 39 120
44 39 40
44 39 48
44 39 56
44 39 64
44 39 72
44 39 80
44 39 88
44 39 96
44 39 104
44 39 112
43 39 40
43 39 48
43 39 56
43 39 64
43 39 72
43 39 80
43 39 88
43 39 96
43 39 104
43 39 112
42 39 40
42 39 48
42 39 56
42 39 64
42 39 72
42 39 80
42 39 88
42 39 96
42 39 104
42 39 112
41 39 40
41 39 48
41 39 56
41 39 64
41 39 72
41 39 80
41 39 88
41 39 96
41 39 104
41 39 112
40 39 40
40 39 48
40 39 56
40 39 64
40 39 72
40 39 80
40 39 88
40 39 96
40 39 104
40 39 112
39 39 40
39 39 48
39 39 56
39 39 64
39 39 72
39 39 80
39 39 88
39 39 96
39 39 104
39 39 112
38 39 40
38 39 48
38 39 56
38 39 64
38 39 72
38 39 80
38 39 88
38 39 96
38 39 104
38 38 40
38 38 48
38 38 56
38 38 64
38 38 72
38 38 80
38 38 88
38 38 96
38 38 104
38 37 40
38 37 48
38 37 56
38 37 64
38 37 72
38 37 80
38 37 88
38 37 96
37 37 40
37 37 48
37 37 56
37 37 64
37 37 72
37 37 80
37 37 88
37 37 96
36 37 40
36 37 48
36 37 56
36 37 64
36 37 72
36 37 80
36 37 88
36 36 40
36 36 48
36 36 56
36 36 64
36 36 72
36 36 80
35 36 40
35 36 48
35 36 56
35 36 64
35 36 72
35 35 40
35 35 48
35 35 56
35 35 64
35 35 72
35 34 40
35 34 48
35 34 56
35 34 64
34 34 40
34 34 48
34 34 56
33 34 40
33 34 48
33 34 56
33 33 40
33 33 48
32 33 40
32 33 48
32 32 40
32 32 48
31 32 40
31 31 40
30 31 40
30 30 40
29 30 40
28 29 40
28 28 40
27 28 40
27 27 40
26 27 40
26 26 40
25 26 40
25 25 40
24 25 40
24 24 40
24 23 40
24 22 40
16 132 40
17 132 40
18 132 40
19 132 40
20 132 40
21 132 40
22 132 40
23 132 40
24 132 40
25 132 40
26 132 40
27 132 40
27 131 40
28 131 40
28 130 40
29 130 40
30 129 40
31 129 40
32 129 40
33 129 40
34 129 40
35 129 40
36 129 40
37 129 40
38 129 40
39 129 40
40 129 40
41 129 40
42 129 40
43 129 40
44 129 40
45 129 40
46 129 40
47 129 40
48 129 40
50 129 40
51 129 40
52 129 40
53 129 40
54 129 40
55 129 40
56 129 40
57 129 40
58 129 40
59 129 40
60 129 40
61 129 40
62 129 40
63 129 40
64 129 40
65 129 40
66 129 40
67 129 40
68 129 40
69 128 40
69 127 40
69 126 40
69 125 40
69 124 40
69 123 40
69 122 40
69 121 40
69 120 40
69 119 40
69 118 40
69 117 40
69 116 40
69 115 40
69 114 40
69 113 40
69 112 40
69 111 40
69 110 40
69 108 40
69 107 40
69 106 40
69 105 40
69 104 40
69 103 40
69 102 40
69 101 40
69 100 40
69 99 40
69 98 40
69 97 40
69 96 40
69 95 40
69 94 40
69 93 40
69 92 40
69 91 40
69 90 40
32 180 40
32 179 40
32 178 40
32 177 40
32 176 40
32 175 40
32 175 48
32 174 40
32 174 48
32 173 40
32 173 48
32 172 40
32 172 48
31 172 40
31 172 48
31 171 40
31 171 48
30 171 40
30 171 48
30 170 40
30 170 48
29 170 40
29 170 48
29 168 40
29 168 48
29 167 40
29 167 48
29 166 40
29 166 48
29 165 40
29 164 40
29 163 40
29 163 48
29 162 40
29 162 48
29 161 40
29 161 48
29 160 40
29 160 48
29 159 40
29 159 48
29 158 40
29 158 48
29 157 40
29 157 48
29 156 40
29 156 48
29 155 40
29 155 48
29 154 40
29 153 40
29 152 40
29 151 40
29 150 40
29 148 40
29 147 40
29 146 40
29 145 40
29 144 40
29 143 40
29 142 40
29 141 40
29 140 40
29 139 40
29 138 40
29 137 40
29 136 40
29 135 40
29 134 40
29 133 40
29 132 40
29 131 40
175 32 40
174 32 40
173 32 40
172 32 40
171 32 40
171 31 40
171 31 48
170 31 40
170 31 48
170 30 40
170 30 48
169 30 40
169 30 48
169 30 56
168 30 40
168 30 48
168 30 56
167 30 40
167 30 48
167 30 56
166 30 40
166 30 48
166 30 56
165 30 40
165 30 48
165 30 56
165 30 64
164 30 40
164 30 48
164 30 56
164 30 64
163 30 40
163 30 48
163 30 56
163 30 64
162 30 40
162 30 48
162 30 56
162 30 64
162 30 72
161 30 40
161 30 48
161 30 56
161 30 64
161 30 72
160 30 40
160 30 48
160 30 56
160 30 64
160 30 72
160 30 80
159 30 40
159 30 48
159 30 56
159 30 64
159 30 72
159 30 80
158 30 40
158 30 48
158 30 56
158 30 64
158 30 72
158 30 80
157 30 40
157 30 48
157 30 56
157 30 64
157 30 72
157 30 80
156 30 40
156 30 48
156 30 56
156 30 64
156 30 72
155 30 40
155 30 48
155 30 56
155 30 64
155 30 72
154 30 40
154 30 48
154 30 56
154 30 64
153 30 40
153 30 48
153 30 56
153 30 64
152 30 40
152 30 48
152 30 56
151 30 40
151 30 48
151 30 56
150 30 40
150 30 48
150 30 56
149 30 40
149 30 48
148 29 40
148 29 48
147 29 40
147 29 48
146 29 40
146 29 48
145 29 40
145 29 48
144 29 40
144 29 48
143 29 40
143 29 48
142 29 40
142 29 48
141 29 40
141 29 48
140 29 40
140 29 48
139 29 40
139 29 48
138 29 40
138 29 48
137 29 40
137 29 48
137 29 56
136 29 40
136 29 48
136 29 56
135 29 40
135 29 48
135 29 56
134 29 40
134 29 48
134 29 56
133 29 40
133 29 48
133 29 56
133 29 64
132 29 40
132 29 48
132 29 56
132 29 64
131 29 40
131 29 48
131 29 56
131 29 64
130 29 40
130 29 48
130 29 56
130 29 64
130 29 72
129 29 40
129 29 48
128 29 40
128 29 48
128 29 56
128 29 64
128 29 72
127 29 40
127 29 48
127 29 56
127 29 64
127 29 72
127 29 80
126 29 40
126 29 48
126 29 56
126 29 64
126 29 72
126 29 80
125 29 40
125 29 48
125 29 56
125 29 64
125 29 72
125 29 80
125 29 88
124 29 40
124 29 48
124 29 56
124 29 64
124 29 72
124 29 80
124 29 88
123 29 40
123 29 48
123 29 56
123 29 64
123 29 72
123 29 80
123 29 88
122 29 40
122 29 48
122 29 56
122 29 64
122 29 72
122 29 80
122 29 88
122 29 96
121 29 40
121 29 48
121 29 56
121 29 64
121 29 72
121 29 80
121 29 88
121 29 96
120 29 40
120 29 48
120 29 56
120 29 64
120 29 72
120 29 80
120 29 88
120 29 96
119 29 40
119 29 48
119 29 56
119 29 64
119 29 72
119 29 80
119 29 88
119 29 96
118 29 40
118 29 48
118 29 56
118 29 64
118 29 72
118 29 80
118 29 88
118 29 96
117 29 40
117 29 48
117 29 56
117 29 64
117 29 72
117 29 80
117 29 88
116 29 40
116 29 48
116 29 56
116 29 64
116 29 72
116 29 80
116 29 88
115 29 40
115 29 48
115 29 56
115 29 64
115 29 72
115 29 80
114 29 40
114 29 48
114 29 56
114 29 64
114 29 72
114 29 80
113 29 40
113 29 48
113 29 56
113 29 64
113 29 72
112 29 40
112 29 48
112 29 56
112 29 64
111 29 40
111 29 48
111 29 56
111 29 64
110 29 40
110 29 48
110 29 56
108 29 40
108 29 48
108 30 40
108 30 48
107 30 40
107 30 48
106 30 40
106 30 48
105 30 40
104 30 40
103 30 40
102 30 40
101 30 40
100 30 40
100 30 48
99 30 40
99 30 48
98 30 40
98 30 48
97 30 40
97 30 48
96 30 40
96 30 48
95 30 40
95 30 48
94 30 40
94 30 48
93 30 40
93 30 48
92 30 40
92 30 48
92 30 56
91 30 40
91 30 48
91 30 56
90 30 40
90 30 48
90 30 56
90 31 40
90 31 48
90 32 40
90 32 48
90 33 40
90 34 40
90 35 40
90 36 40
90 37 40
90 38 40
90 39 40
90 40 40
90 41 40
90 42 40
90 43 40
90 44 40
90 45 40
90 46 40
90 47 40
90 48 40
89 48 40
88 49 40
87 49 40
86 49 40
85 49 40
84 49 40
83 49 40
82 49 40
81 49 40
80 49 40
79 49 40
78 49 40
77 49 40
76 49 40
75 49 40
74 49 40
73 49 40
72 49 40
71 49 40
70 49 40
134 73 40
134 73 48
135 73 40
135 73 48
136 73 40
136 73 48
137 73 40
137 73 48
137 72 40
137 72 48
137 71 40
137 71 48
137 70 40
137 70 48
137 69 40
137 69 48
137 68 40
137 68 48
137 67 40
137 67 48
137 67 56
137 66 40
137 66 48
137 66 56
137 65 40
137 65 48
137 65 56
137 65 64
137 64 40
137 64 48
137 64 56
137 64 64
137 64 72
137 63 40
137 63 48
137 63 56
137 63 64
137 63 72
137 62 40
137 62 48
137 62 56
137 62 64
137 62 72
137 62 80
137 61 40
137 61 48
137 61 56
137 61 64
137 61 72
137 61 80
137 61 88
137 60 40
137 60 48
137 60 56
137 60 64
137 60 72
137 60 80
137 60 88
138 60 40
138 60 48
138 60 56
138 60 64
138 60 72
138 60 80
138 60 88
138 60 96
139 60 40
139 60 48
139 60 56
139 60 64
139 60 72
139 60 80
139 60 88
139 60 96
139 59 40
139 59 48
139 59 56
139 59 64
139 59 72
139 59 80
139 59 88
139 59 96
140 59 40
140 59 48
140 59 56
140 59 64
140 59 72
140 59 80
140 59 88
140 59 96
140 58 40
140 58 48
140 58 56
140 58 64
140 58 72
140 58 80
140 58 88
140 58 96
141 58 40
141 58 48
141 58 56
141 58 64
141 58 72
141 58 80
141 58 88
141 58 96
141 57 40
141 57 48
141 57 56
141 57 64
141 57 72
141 57 80
141 57 88
141 57 96
141 56 40
141 56 48
141 56 56
141 56 64
141 56 72
141 56 80
141 56 88
142 56 40
142 56 48
142 56 56
142 56 64
142 56 72
142 56 80
142 56 88
142 55 40
142 55 48
142 55 56
142 55 64
142 55 72
142 55 80
143 55 40
143 55 48
143 55 56
143 55 64
143 55 72
143 55 80
143 54 40
143 54 48
143 54 56
143 54 64
143 54 72
143 54 80
144 54 40
144 54 48
144 54 56
144 54 64
144 54 72
144 53 40
144 53 48
144 53 56
144 53 64
144 53 72
145 53 40
145 53 48
145 53 56
145 53 64
145 53 72
145 52 40
145 52 48
145 52 56
145 52 64
146 52 40
146 52 48
146 52 56
146 52 64
146 51 40
146 51 48
146 51 56
147 51 40
147 51 48
147 51 56
147 50 40
147 50 48
147 50 56
148 50 40
148 50 48
148 50 56
148 49 40
148 49 48
148 49 56
149 48 40
149 48 48
149 48 56
149 47 40
149 47 48
149 46 40
149 46 48
149 45 40
149 45 48
149 44 40
149 44 48
149 43 40
149 43 48
149 42 40
149 42 48
149 41 40
149 41 48
149 40 40
149 40 48
149 40 56
149 39 40
149 39 48
149 39 56
149 38 40
149 38 48
149 38 56
149 37 40
149 37 48
149 37 56
149 36 40
149 36 48
149 36 56
149 35 40
149 35 48
149 35 56
149 34 40
149 34 48
149 34 56
149 33 40
149 33 48
149 33 56
149 32 40
149 32 48
149 32 56
149 31 40
149 31 48
149 31 56
184 177 40
184 176 40
184 175 40
184 174 40
184 173 40
184 172 40
184 171 40
183 171 40
182 171 40
181 171 40
180 171 40
179 171 40
178 171 40
177 171 40
176 171 40
175 171 40
174 171 40
173 171 40
172 171 40
171 171 40
170 171 40
169 171 40
168 171 40
168 172 40
168 173 40
168 174 40
168 175 40
168 176 40
168 177 40
168 178 40
168 179 40
168 180 40
168 181 40
168 182 40
168 183 40
168 184 40
168 185 40
168 185 48
168 186 40
168 186 48
168 187 40
168 187 48
168 188 40
168 188 48
168 188 56
167 188 40
167 188 48
167 188 56
166 188 40
166 188 48
165 188 40
165 188 48
164 188 40
164 188 48
163 188 40
163 188 48
162 188 40
161 188 40
160 188 40
159 188 40
158 188 40
157 188 40
156 188 40
156 188 48
155 188 40
155 188 48
154 188 40
154 188 48
153 188 40
153 188 48
152 188 40
152 188 48
152 188 56
151 188 40
151 188 48
151 188 56
150 188 40
150 188 48
150 188 56
150 188 64
149 188 40
149 188 48
149 188 56
149 188 64
149 188 72
148 188 40
148 188 48
148 188 56
148 188 64
148 188 72
148 188 80
147 188 40
147 188 48
147 188 56
147 188 64
147 188 72
147 188 80
147 188 88
146 188 40
146 188 48
146 188 56
146 188 64
146 188 72
146 188 80
146 188 88
146 188 96
145 188 40
145 188 48
145 188 56
145 188 64
145 188 72
145 188 80
145 188 88
145 188 96
145 188 104
145 188 112
144 188 40
144 188 48
144 188 56
144 188 64
144 188 72
144 188 80
144 188 88
144 188 96
144 188 104
144 188 112
144 188 120
143 188 40
143 188 48
143 188 56
143 188 64
143 188 72
143 188 80
143 188 88
143 188 96
143 188 104
143 188 112
143 188 120
143 188 128
143 188 136
142 188 40
142 188 48
142 188 56
142 188 64
142 188 72
142 188 80
142 188 88
142 188 96
142 188 104
142 188 112
142 188 120
142 188 128
142 188 136
142 188 144
141 188 40
141 188 48
141 188 56
141 188 64
141 188 72
141 188 80
141 188 88
141 188 96
141 188 104
141 188 112
141 188 120
141 188 128
141 188 136
141 188 144
141 188 152
140 188 40
140 188 48
140 188 56
140 188 64
140 188 72
140 188 80
140 188 88
140 188 96
140 188 104
140 188 112
140 188 120
140 188 128
140 188 136
140 188 144
140 188 152
140 188 160
139 188 40
139 188 48
139 188 56
139 188 64
139 188 72
139 188 80
139 188 88
139 188 96
139 188 104
139 188 112
139 188 120
139 188 128
139 188 136
139 188 144
139 188 152
139 188 160
139 188 168
138 188 40
138 188 48
138 188 56
138 188 64
138 188 72
138 188 80
138 188 88
138 188 96
138 188 104
138 188 112
138 188 120
138 188 128
138 188 136
138 188 144
138 188 152
138 188 160
138 188 168
138 188 176
137 188 40
137 188 48
137 188 56
137 188 64
137 188 72
137 188 80
137 188 88
137 188 96
137 188 104
137 188 112
137 188 120
137 188 128
137 188 136
137 188 144
137 188 152
137 188 160
137 188 168
137 188 176
136 188 40
136 188 48
136 188 56
136 188 64
136 188 72
136 188 80
136 188 88
136 188 96
136 188 104
136 188 112
136 188 120
136 188 128
136 188 136
136 188 144
136 188 152
136 188 160
136 188 168
136 188 176
136 188 184
135 188 40
135 188 48
135 188 56
135 188 64
135 188 72
135 188 80
135 188 88
135 188 96
135 188 104
135 188 112
135 188 120
135 188 128
135 188 136
135 188 144
135 188 152
135 188 160
135 188 168
135 188 176
134 188 40
134 188 48
134 188 56
134 188 64
134 188 72
134 188 80
134 188 88
134 188 96
134 188 104
134 188 112
134 188 120
134 188 128
134 188 136
134 188 144
134 188 152
134 188 160
134 188 168
134 188 176
133 188 40
133 188 48
133 188 56
133 188 64
133 188 72
133 188 80
133 188 88
133 188 96
133 188 104
133 188 112
133 188 120
133 188 128
133 188 136
133 188 144
133 188 152
133 188 160
133 188 168
132 188 40
132 188 48
132 188 56
132 188 64
132 188 72
132 188 80
132 188 88
132 188 96
132 188 104
132 188 112
132 188 120
132 188 128
132 188 136
132 188 144
132 188 152
132 188 160
131 188 40
131 188 48
131 188 56
131 188 64
131 188 72
131 188 80
131 188 88
131 188 96
131 188 104
131 188 112
131 188 120
131 188 128
131 188 136
131 188 144
130 188 40
130 188 48
130 188 56
130 188 64
130 188 72
130 188 80
130 188 88
130 188 96
130 188 104
130 188 112
130 188 120
130 188 128
130 188 136
129 188 40
129 188 48
129 188 56
129 188 64
129 188 72
129 188 80
129 188 88
129 188 96
129 188 104
129 188 112
129 188 120
129 188 128
128 188 40
128 188 48
128 188 56
128 188 64
128 188 72
128 188 80
128 188 88
128 188 96
128 188 104
128 188 112
128 188 120
127 188 40
127 188 48
127 188 56
127 188 64
127 188 72
127 188 80
127 188 88
127 188 96
127 188 104
127 188 112
126 188 40
126 188 48
126 188 56
126 188 64
126 188 72
126 188 80
126 188 88
126 188 96
126 188 104
125 188 40
125 188 48
125 188 56
125 188 64
125 188 72
125 188 80
125 188 88
125 188 96
124 188 40
124 188 48
124 188 56
124 188 64
124 188 72
124 188 80
124 188 88
123 188 40
123 188 48
123 188 56
123 188 64
123 188 72
123 188 80
123 188 88
122 188 40
122 188 48
122 188 56
122 188 64
122 188 72
122 188 80
121 188 40
121 188 48
121 188 56
121 188 64
121 188 72
120 188 40
120 188 48
120 188 56
120 188 64
119 188 40
119 188 48
119 188 56
119 188 64
118 188 40
118 188 48
118 188 56
117 188 40
117 188 48
116 188 40
116 188 48
115 188 40
115 188 48
114 188 40
113 188 40
112 188 40
111 188 40
110 188 40
110 189 40
109 190 40
108 190 40
108 191 40
107 191 40
107 192 40
106 192 40
106 193 40
105 193 40
105 194 40
104 194 40
104 195 40
104 196 40
104 197 40
103 197 40
