9 9 100
9 29 100
9 49 100
9 69 100
9 89 100
9 109 100
9 129 100
9 149 100
9 169 100
9 189 100
29 9 100
29 29 100
29 49 100
29 69 100
29 89 100
29 109 100
29 129 100
29 149 100
29 169 100
29 189 100
49 9 100
49 29 100
49 49 100
49 69 100
49 89 100
49 109 100
49 129 100
49 149 100
49 169 100
49 189 100
69 9 100
69 29 100
69 49 100
69 69 100
69 89 100
69 109 100
69 129 100
69 149 100
69 169 100
69 189 100
89 9 100
89 29 100
89 49 100
89 69 100
89 89 100
89 109 100
89 129 100
89 149 100
89 169 100
89 189 100
109 9 100
109 29 100
109 49 100
109 69 100
109 89 100
109 109 100
109 129 100
109 149 100
109 169 100
109 189 100
129 9 100
129 29 100
129 49 100
129 69 100
129 89 100
129 109 100
129 129 100
129 149 100
129 169 100
129 189 100
149 9 100
149 29 100
149 49 100
149 69 100
149 89 100
149 109 100
149 129 100
149 149 100
149 169 100
149 189 100
169 9 100
169 29 100
169 49 100
169 69 100
169 89 100
169 109 100
169 129 100
169 149 100
169 169 100
169 189 100
189 9 100
189 29 100
189 49 100
189 69 100
189 89 100
189 109 100
189 129 100
189 149 100
189 169 100
189 189 100
9 9 100
9 49 100
9 69 100
9 89 100
9 109 100
9 149 100
9 169 100
9 189 100
29 9 100
29 29 100
29 49 100
29 69 100
29 109 100
29 149 100
29 169 100
29 189 100
49 9 100
49 29 100
49 49 100
49 69 100
49 109 100
49 129 100
49 149 100
49 189 100
69 29 100
69 69 100
69 89 100
69 109 100
69 149 100
69 169 100
69 189 100
89 9 100
89 69 100
89 89 100
89 149 100
89 169 100
89 189 100
109 9 100
109 29 100
109 49 100
109 69 100
109 109 100
109 129 100
109 149 100
109 169 100
109 189 100
129 9 100
129 29 100
129 49 100
129 89 100
129 109 100
129 129 100
129 169 100
129 189 100
149 9 100
149 49 100
149 129 100
149 169 100
149 189 100
169 9 100
169 29 100
169 49 100
169 69 100
169 89 100
169 109 100
169 129 100
169 149 100
169 189 100
189 9 100
189 29 100
189 69 100
189 109 100
189 169 100
189 189 100
192 2 40
192 2 168
62 58 40
19 118 40
19 118 168
19 118 296
198 115 40
198 114 40
198 113 40
198 113 168
198 112 40
198 112 168
198 111 40
198 111 168
198 110 40
198 110 168
198 109 40
198 109 168
198 108 40
198 108 168
198 108 296
198 107 40
198 107 168
198 107 296
198 106 40
198 106 168
198 106 296
198 105 40
198 105 168
198 105 296
198 105 424
198 104 40
198 104 168
198 104 296
198 104 424
198 103 40
198 103 168
198 103 296
198 103 424
198 103 552
198 102 40
198 102 168
198 102 296
198 102 424
198 102 552
198 101 40
198 101 168
198 101 296
198 101 424
198 101 552
198 100 40
198 100 168
198 100 296
198 100 424
198 100 552
198 99 40
198 99 168
198 99 296
198 99 424
198 99 552
198 98 40
198 98 168
198 98 296
198 98 424
198 98 552
198 97 40
198 97 168
198 97 296
198 97 424
198 97 552
198 96 40
198 96 168
198 96 296
198 96 424
198 96 552
198 95 40
198 95 168
198 95 296
198 95 424
198 95 552
198 94 40
198 94 168
198 94 296
198 94 424
197 94 40
197 94 168
197 94 296
197 94 424
196 94 40
196 94 168
196 94 296
195 94 40
195 94 168
195 94 296
194 94 40
194 94 168
194 93 40
194 93 168
193 93 40
193 93 168
193 92 40
193 92 168
192 92 40
192 91 40
191 91 40
191 90 40
190 90 40
190 89 40
189 88 40
189 87 40
189 86 40
189 85 40
189 84 40
189 83 40
189 82 40
189 81 40
189 80 40
189 79 40
189 78 40
189 77 40
189 76 40
189 75 40
189 74 40
189 74 168
189 73 40
189 73 168
189 72 40
189 72 168
189 71 40
189 71 168
189 70 40
189 70 168
189 68 40
189 68 168
189 67 40
189 67 168
189 66 40
189 66 168
189 65 40
189 65 168
189 64 40
189 64 168
189 63 40
189 63 168
189 62 40
189 62 168
189 61 40
189 61 168
189 60 40
189 60 168
189 59 40
189 59 168
189 58 40
189 58 168
189 57 40
189 57 168
189 56 40
189 56 168
189 55 40
189 55 168
189 54 40
189 54 168
189 53 40
189 53 168
189 52 40
189 52 168
189 51 40
189 51 168
189 50 40
189 50 168
190 49 40
190 49 168
190 48 40
190 48 168
190 47 40
190 47 168
190 46 40
190 46 168
190 45 40
190 45 168
190 44 40
190 44 168
190 44 296
190 43 40
190 43 168
190 43 296
190 42 40
190 42 168
190 42 296
190 41 40
190 41 168
190 41 296
190 40 40
190 40 168
190 40 296
190 39 40
190 39 168
190 39 296
190 38 40
190 38 168
190 38 296
190 37 40
190 37 168
190 37 296
190 36 40
190 36 168
190 36 296
190 35 40
190 35 168
190 35 296
190 34 40
190 34 168
190 34 296
190 33 40
190 33 168
190 33 296
190 32 40
190 32 168
190 32 296
190 31 40
190 31 168
190 31 296
190 30 40
190 30 168
190 30 296
190 29 40
190 29 168
190 29 296
190 28 40
190 28 168
190 28 296
190 27 40
190 27 168
190 27 296
190 26 40
190 26 168
190 26 296
190 26 424
190 25 40
190 25 168
190 25 296
190 25 424
190 24 40
190 24 168
190 24 296
190 24 424
190 23 40
190 23 168
190 23 296
190 23 424
190 23 552
190 22 40
190 22 168
190 22 296
190 22 424
190 22 552
190 21 40
190 21 168
190 21 296
190 21 424
190 21 552
190 20 40
190 20 168
190 20 296
190 20 424
190 20 552
190 19 40
190 19 168
190 19 296
190 19 424
190 19 552
190 18 40
190 18 168
190 18 296
190 18 424
190 18 552
190 17 40
190 17 168
190 17 296
190 17 424
190 17 552
190 16 40
190 16 168
190 16 296
190 16 424
190 16 552
190 15 40
190 15 168
190 15 296
190 15 424
190 14 40
190 14 168
190 14 296
190 14 424
190 13 40
190 13 168
190 13 296
190 12 40
190 12 168
190 12 296
190 11 40
190 11 168
190 11 296
190 10 40
190 10 168
190 10 296
190 9 40
190 9 168
190 8 40
190 8 168
190 7 40
190 7 168
190 6 40
190 6 168
190 5 40
190 5 168
190 4 40
190 4 168
190 3 40
190 2 40
191 2 40
