9 9 100
9 29 100
9 49 100
9 69 100
9 89 100
9 109 100
9 129 100
9 149 100
9 169 100
9 189 100
29 9 100
29 29 100
29 49 100
29 69 100
29 89 100
29 109 100
29 129 100
29 149 100
29 169 100
29 189 100
49 9 100
49 29 100
49 49 100
49 69 100
49 89 100
49 109 100
49 129 100
49 149 100
49 169 100
49 189 100
69 9 100
69 29 100
69 49 100
69 69 100
69 89 100
69 109 100
69 129 100
69 149 100
69 169 100
69 189 100
89 9 100
89 29 100
89 49 100
89 69 100
89 89 100
89 109 100
89 129 100
89 149 100
89 169 100
89 189 100
109 9 100
109 29 100
109 49 100
109 69 100
109 89 100
109 109 100
109 129 100
109 149 100
109 169 100
109 189 100
129 9 100
129 29 100
129 49 100
129 69 100
129 89 100
129 109 100
129 129 100
129 149 100
129 169 100
129 189 100
149 9 100
149 29 100
149 49 100
149 69 100
149 89 100
149 109 100
149 129 100
149 149 100
149 169 100
149 189 100
169 9 100
169 29 100
169 49 100
169 69 100
169 89 100
169 109 100
169 129 100
169 149 100
169 169 100
169 189 100
189 9 100
189 29 100
189 49 100
189 69 100
189 89 100
189 109 100
189 129 100
189 149 100
189 169 100
189 189 100
9 9 100
9 69 100
9 89 100
9 109 100
9 169 100
9 189 100
29 29 100
29 169 100
49 29 100
49 69 100
49 89 100
49 129 100
49 169 100
69 29 100
69 49 100
69 69 100
69 109 100
69 129 100
69 169 100
89 69 100
89 89 100
89 109 100
89 169 100
89 189 100
109 29 100
109 49 100
109 89 100
109 109 100
109 149 100
129 29 100
129 49 100
129 149 100
129 169 100
129 189 100
149 9 100
149 49 100
149 89 100
149 109 100
149 129 100
149 149 100
149 189 100
169 29 100
169 89 100
169 109 100
169 129 100
169 149 100
169 169 100
169 189 100
189 29 100
189 49 100
189 69 100
189 169 100
172 2 40
189 199 40
40 2 40
82 41 40
159 66 40
87 135 40
104 199 40
19 35 40
103 66 40
189 130 40
83 41 40
84 41 40
85 41 40
86 41 40
86 40 40
86 39 40
86 38 40
86 37 40
86 36 40
86 35 40
86 34 40
86 33 40
86 32 40
87 32 40
87 31 40
88 31 40
88 30 40
89 30 40
89 28 40
89 27 40
89 26 40
89 25 40
89 24 40
89 23 40
89 22 40
89 21 40
89 20 40
89 19 40
89 18 40
89 17 40
89 16 40
89 15 40
89 14 40
89 13 40
89 12 40
89 11 40
89 10 40
89 8 40
89 7 40
89 6 40
89 6 104
89 5 40
89 5 104
89 4 40
89 4 104
89 4 168
89 3 40
89 3 104
89 3 168
89 3 232
88 3 40
88 3 104
88 3 168
88 3 232
87 3 40
87 3 104
87 3 168
86 3 40
86 3 104
86 3 168
85 3 40
85 3 104
85 3 168
84 3 40
84 3 104
84 3 168
83 3 40
83 3 104
83 3 168
82 3 40
82 3 104
82 3 168
81 3 40
81 3 104
81 3 168
80 3 40
80 3 104
80 3 168
79 3 40
79 3 104
79 3 168
78 3 40
78 3 104
78 3 168
77 3 40
77 3 104
77 3 168
76 3 40
76 3 104
76 3 168
75 3 40
75 3 104
75 3 168
74 3 40
74 3 104
74 3 168
73 3 40
73 3 104
73 3 168
72 3 40
72 3 104
71 3 40
71 3 104
70 3 40
70 3 104
69 3 40
69 3 104
68 3 40
67 3 40
66 3 40
65 3 40
64 3 40
63 3 40
62 3 40
61 3 40
60 3 40
59 3 40
58 3 40
57 3 40
56 3 40
55 3 40
54 3 40
53 3 40
52 3 40
51 3 40
50 3 40
49 3 40
49 2 40
48 2 40
47 2 40
46 2 40
45 2 40
44 2 40
43 2 40
42 2 40
41 2 40
18 35 40
17 35 40
16 35 40
15 35 40
14 35 40
13 35 40
12 35 40
12 36 40
12 37 40
12 38 40
12 39 40
12 40 40
12 41 40
12 42 40
12 43 40
12 44 40
12 45 40
12 46 40
12 47 40
12 48 40
12 49 40
13 49 40
14 49 40
15 49 40
16 49 40
17 49 40
18 49 40
19 49 40
20 49 40
21 49 40
22 49 40
23 49 40
24 49 40
25 49 40
26 49 40
27 49 40
28 49 40
30 49 40
31 49 40
32 49 40
33 49 40
34 49 40
35 49 40
36 49 40
37 49 40
38 49 40
39 49 40
40 49 40
41 49 40
42 49 40
43 49 40
44 49 40
45 49 40
46 49 40
46 49 104
47 49 40
47 49 104
48 49 40
48 49 104
49 48 40
49 48 104
49 47 40
49 47 104
49 46 40
49 46 104
49 45 40
49 45 104
49 44 40
49 44 104
49 43 40
49 43 104
49 42 40
49 42 104
49 41 40
49 41 104
49 40 40
49 40 104
49 39 40
49 39 104
49 38 40
49 38 104
49 37 40
49 37 104
49 37 168
49 36 40
49 36 104
49 36 168
49 35 40
49 35 104
49 35 168
49 34 40
49 34 104
49 34 168
49 33 40
49 33 104
49 33 168
49 32 40
49 32 104
49 32 168
49 31 40
49 31 104
49 31 168
49 30 40
49 30 104
49 30 168
49 28 40
49 28 104
49 27 40
49 27 104
49 26 40
49 26 104
49 25 40
49 24 40
49 23 40
49 22 40
49 21 40
49 20 40
49 19 40
49 18 40
49 17 40
49 16 40
49 15 40
49 14 40
49 13 40
49 12 40
49 11 40
49 10 40
49 8 40
49 7 40
49 6 40
49 5 40
49 4 40
103 65 40
103 64 40
103 63 40
103 62 40
102 62 40
102 61 40
101 61 40
101 60 40
100 60 40
99 60 40
99 59 40
98 59 40
98 58 40
97 58 40
97 57 40
97 56 40
96 56 40
96 55 40
95 55 40
95 54 40
94 54 40
94 53 40
93 53 40
93 52 40
92 52 40
92 51 40
91 51 40
91 50 40
90 50 40
90 49 40
89 48 40
88 48 40
88 47 40
87 47 40
87 46 40
86 46 40
86 45 40
86 44 40
86 43 40
86 42 40
158 66 40
157 66 40
156 66 40
155 66 40
154 66 40
153 66 40
152 66 40
152 67 40
151 67 40
151 68 40
150 68 40
150 69 40
148 69 40
147 69 40
146 69 40
145 69 40
144 69 40
143 69 40
142 69 40
141 69 40
140 69 40
139 69 40
138 69 40
137 69 40
136 69 40
135 69 40
134 69 40
133 69 40
132 69 40
131 69 40
130 69 40
128 69 40
127 69 40
126 69 40
125 69 40
124 69 40
123 69 40
122 69 40
121 69 40
120 69 40
119 69 40
118 69 40
117 69 40
116 69 40
115 69 40
114 69 40
113 69 40
112 69 40
111 69 40
110 69 40
109 68 40
108 68 40
108 67 40
107 67 40
107 66 40
106 66 40
105 66 40
104 66 40
87 134 40
87 133 40
87 132 40
87 131 40
88 131 40
88 130 40
89 130 40
90 129 40
91 129 40
92 129 40
93 129 40
94 129 40
95 129 40
96 129 40
97 129 40
98 129 40
99 129 40
100 129 40
101 129 40
102 129 40
103 129 40
104 129 40
105 129 40
106 129 40
107 129 40
107 129 104
108 129 40
108 129 104
110 129 40
110 129 104
111 129 40
111 129 104
112 129 40
113 129 40
114 129 40
115 129 40
116 129 40
117 129 40
118 129 40
119 129 40
120 129 40
121 129 40
122 129 40
123 129 40
124 129 40
125 129 40
126 129 40
127 129 40
128 129 40
129 128 40
129 127 40
129 126 40
129 125 40
129 124 40
129 123 40
129 122 40
129 121 40
129 120 40
129 119 40
129 118 40
129 117 40
129 116 40
129 115 40
129 114 40
129 113 40
129 112 40
129 111 40
129 110 40
129 108 40
129 107 40
129 106 40
129 105 40
129 104 40
129 103 40
129 102 40
129 101 40
129 100 40
129 99 40
129 98 40
129 97 40
129 96 40
129 95 40
129 94 40
129 93 40
129 92 40
129 91 40
129 90 40
129 88 40
129 87 40
129 86 40
129 85 40
129 84 40
129 83 40
129 82 40
129 81 40
129 80 40
129 79 40
129 78 40
129 77 40
129 76 40
129 75 40
129 74 40
129 73 40
129 72 40
129 71 40
129 70 40
104 198 40
104 197 40
104 196 40
104 195 40
104 194 40
105 194 40
105 193 40
106 193 40
106 192 40
107 192 40
107 191 40
108 191 40
108 190 40
108 190 104
109 190 40
109 190 104
109 188 40
109 188 104
109 187 40
109 187 104
109 186 40
109 186 104
109 185 40
109 185 104
109 184 40
109 184 104
109 183 40
109 183 104
109 183 168
109 182 40
109 182 104
109 182 168
109 181 40
109 181 104
109 181 168
109 180 40
109 180 104
109 180 168
109 179 40
109 179 104
109 179 168
109 178 40
109 178 104
109 177 40
109 177 104
109 176 40
109 176 104
109 175 40
109 175 104
109 174 40
109 174 104
109 173 40
109 173 104
109 172 40
109 171 40
109 170 40
109 168 40
109 167 40
109 166 40
109 165 40
109 164 40
109 163 40
109 162 40
109 161 40
109 160 40
109 159 40
109 158 40
109 157 40
109 156 40
109 155 40
109 154 40
109 154 104
109 153 40
109 153 104
109 152 40
109 152 104
109 151 40
109 151 104
109 150 40
109 150 104
109 150 168
109 148 40
109 148 104
109 148 168
109 147 40
109 147 104
109 147 168
109 146 40
109 146 104
109 145 40
109 145 104
109 144 40
109 144 104
109 143 40
109 143 104
109 142 40
109 142 104
109 141 40
109 141 104
109 140 40
109 140 104
109 139 40
109 139 104
109 139 168
109 138 40
109 138 104
109 138 168
109 137 40
109 137 104
109 137 168
109 136 40
109 136 104
109 136 168
109 135 40
109 135 104
109 135 168
109 134 40
109 134 104
109 133 40
109 133 104
109 132 40
109 132 104
109 131 40
109 131 104
109 130 40
109 130 104
189 128 40
189 127 40
189 126 40
189 125 40
189 124 40
189 123 40
189 122 40
189 121 40
189 120 40
189 119 40
189 118 40
189 117 40
189 116 40
189 115 40
189 114 40
189 113 40
189 112 40
189 111 40
189 110 40
189 108 40
189 107 40
189 106 40
189 105 40
189 104 40
189 103 40
189 102 40
189 101 40
189 100 40
189 99 40
189 98 40
189 97 40
189 96 40
189 95 40
189 94 40
189 93 40
189 92 40
189 91 40
189 90 40
188 89 40
188 88 40
187 88 40
187 87 40
186 87 40
186 87 104
186 86 40
186 86 104
185 86 40
185 86 104
185 85 40
185 85 104
184 85 40
184 85 104
184 84 40
184 84 104
184 84 168
184 83 40
184 83 104
184 83 168
183 83 40
183 83 104
183 83 168
183 82 40
183 82 104
183 82 168
183 82 232
182 82 40
182 82 104
182 82 168
182 82 232
181 82 40
181 82 104
181 82 168
181 82 232
181 81 40
181 81 104
181 81 168
181 81 232
180 81 40
180 81 104
180 81 168
180 81 232
180 80 40
180 80 104
180 80 168
180 80 232
179 80 40
179 80 104
179 80 168
179 80 232
179 79 40
179 79 104
179 79 168
179 79 232
179 78 40
179 78 104
179 78 168
178 78 40
178 78 104
178 78 168
177 78 40
177 78 104
177 78 168
177 77 40
177 77 104
177 77 168
176 77 40
176 77 104
176 77 168
176 76 40
176 76 104
176 76 168
175 76 40
175 76 104
175 76 168
175 75 40
175 75 104
175 75 168
174 75 40
174 75 104
174 75 168
174 74 40
174 74 104
174 74 168
173 74 40
173 74 104
173 73 40
173 73 104
172 73 40
172 73 104
172 72 40
172 72 104
171 72 40
171 72 104
171 71 40
170 71 40
170 70 40
169 70 40
168 69 40
168 68 40
167 68 40
167 67 40
166 67 40
166 66 40
165 66 40
164 66 40
163 66 40
162 66 40
161 66 40
160 66 40
