9 9 100
9 29 100
9 49 100
9 69 100
9 89 100
9 109 100
9 129 100
9 149 100
9 169 100
9 189 100
29 9 100
29 29 100
29 49 100
29 69 100
29 89 100
29 109 100
29 129 100
29 149 100
29 169 100
29 189 100
49 9 100
49 29 100
49 49 100
49 69 100
49 89 100
49 109 100
49 129 100
49 149 100
49 169 100
49 189 100
69 9 100
69 29 100
69 49 100
69 69 100
69 89 100
69 109 100
69 129 100
69 149 100
69 169 100
69 189 100
89 9 100
89 29 100
89 49 100
89 69 100
89 89 100
89 109 100
89 129 100
89 149 100
89 169 100
89 189 100
109 9 100
109 29 100
109 49 100
109 69 100
109 89 100
109 109 100
109 129 100
109 149 100
109 169 100
109 189 100
129 9 100
129 29 100
129 49 100
129 69 100
129 89 100
129 109 100
129 129 100
129 149 100
129 169 100
129 189 100
149 9 100
149 29 100
149 49 100
149 69 100
149 89 100
149 109 100
149 129 100
149 149 100
149 169 100
149 189 100
169 9 100
169 29 100
169 49 100
169 69 100
169 89 100
169 109 100
169 129 100
169 149 100
169 169 100
169 189 100
189 9 100
189 29 100
189 49 100
189 69 100
189 89 100
189 109 100
189 129 100
189 149 100
189 169 100
189 189 100
9 9 100
9 29 100
9 89 100
9 149 100
9 189 100
29 29 100
29 69 100
29 89 100
29 109 100
29 129 100
29 149 100
29 169 100
29 189 100
49 9 100
49 29 100
49 69 100
49 89 100
49 109 100
49 149 100
49 169 100
69 49 100
69 69 100
69 89 100
69 129 100
69 149 100
69 169 100
89 9 100
89 109 100
89 189 100
109 9 100
109 29 100
109 49 100
109 69 100
109 109 100
109 129 100
109 149 100
109 169 100
109 189 100
129 29 100
129 49 100
129 89 100
129 109 100
129 129 100
129 169 100
129 189 100
149 9 100
149 29 100
149 69 100
149 89 100
149 129 100
149 149 100
169 9 100
169 29 100
169 49 100
169 69 100
169 109 100
169 129 100
169 149 100
169 169 100
169 189 100
189 9 100
189 69 100
189 129 100
189 149 100
189 169 100
189 189 100
13 132 40
191 100 40
196 42 40
86 135 40
44 153 40
44 153 72
44 153 104
44 153 136
44 153 168
44 153 200
44 153 232
44 153 264
44 153 296
44 153 328
44 153 360
54 197 40
48 62 40
72 31 40
86 136 40
86 137 40
86 138 40
86 139 40
86 140 40
86 141 40
86 142 40
86 143 40
86 144 40
86 145 40
86 146 40
86 147 40
86 148 40
85 148 40
84 148 40
83 148 40
82 148 40
81 148 40
80 148 40
79 148 40
78 148 40
77 148 40
76 148 40
75 148 40
74 148 40
73 148 40
72 148 40
72 148 72
71 148 40
71 148 72
70 148 40
70 148 72
69 148 40
69 148 72
69 148 104
68 148 40
68 148 72
68 148 104
68 147 40
68 147 72
68 147 104
68 147 136
67 147 40
67 147 72
67 147 104
67 147 136
67 146 40
67 146 72
67 146 104
67 146 136
67 146 168
66 146 40
66 146 72
66 146 104
66 146 136
66 146 168
66 145 40
66 145 72
66 145 104
66 145 136
66 145 168
66 145 200
65 145 40
65 145 72
65 145 104
65 145 136
65 145 168
65 145 200
65 144 40
65 144 72
65 144 104
65 144 136
65 144 168
65 144 200
65 144 232
64 144 40
64 144 72
64 144 104
64 144 136
64 144 168
64 144 200
64 144 232
64 143 40
64 143 72
64 143 104
64 143 136
64 143 168
64 143 200
64 143 232
63 143 40
63 143 72
63 143 104
63 143 136
63 143 168
63 143 200
63 143 232
63 142 40
63 142 72
63 142 104
63 142 136
63 142 168
63 142 200
63 142 232
63 142 264
62 142 40
62 142 72
62 142 104
62 142 136
62 142 168
62 142 200
62 142 232
62 142 264
61 142 40
61 142 72
61 142 104
61 142 136
61 142 168
61 142 200
61 142 232
61 141 40
61 141 72
61 141 104
61 141 136
61 141 168
61 141 200
61 141 232
61 141 264
60 141 40
60 141 72
60 141 104
60 141 136
60 141 168
60 141 200
60 141 232
60 140 40
60 140 72
60 140 104
60 140 136
60 140 168
60 140 200
60 140 232
59 140 40
59 140 72
59 140 104
59 140 136
59 140 168
59 140 200
59 140 232
59 139 40
59 139 72
59 139 104
59 139 136
59 139 168
59 139 200
59 139 232
59 138 40
59 138 72
59 138 104
59 138 136
59 138 168
59 138 200
59 138 232
58 138 40
58 138 72
58 138 104
58 138 136
58 138 168
58 138 200
58 138 232
57 138 40
57 138 72
57 138 104
57 138 136
57 138 168
57 138 200
57 137 40
57 137 72
57 137 104
57 137 136
57 137 168
57 137 200
57 136 40
57 136 72
57 136 104
57 136 136
57 136 168
57 136 200
56 136 40
56 136 72
56 136 104
56 136 136
56 136 168
56 135 40
56 135 72
56 135 104
56 135 136
56 135 168
55 135 40
55 135 72
55 135 104
55 135 136
55 135 168
55 134 40
55 134 72
55 134 104
55 134 136
55 134 168
54 134 40
54 134 72
54 134 104
54 134 136
53 134 40
53 134 72
53 134 104
53 134 136
53 133 40
53 133 72
53 133 104
52 133 40
52 133 72
52 133 104
52 132 40
52 132 72
52 132 104
51 132 40
51 132 72
51 132 104
51 131 40
51 131 72
51 131 104
50 131 40
50 131 72
50 130 40
50 130 72
49 130 40
49 130 72
48 129 40
48 129 72
47 129 40
47 129 72
46 129 40
45 129 40
44 129 40
43 129 40
42 129 40
41 129 40
40 129 40
39 129 40
38 129 40
37 129 40
36 129 40
35 129 40
34 129 40
34 129 72
33 129 40
33 129 72
32 129 40
32 129 72
31 129 40
31 129 72
30 129 40
30 129 72
28 129 40
28 129 72
28 129 104
27 129 40
27 129 72
27 129 104
26 129 40
26 129 72
26 129 104
25 129 40
25 129 72
25 129 104
24 129 40
24 129 72
24 129 104
23 129 40
23 129 72
23 129 104
22 129 40
22 129 72
22 129 104
21 129 40
21 129 72
21 129 104
20 129 40
20 129 72
19 129 40
19 129 72
18 129 40
18 129 72
17 129 40
17 129 72
16 129 40
15 129 40
14 129 40
13 129 40
13 130 40
13 131 40
54 196 40
54 195 40
54 194 40
54 193 40
54 192 40
54 191 40
55 191 40
56 191 40
57 191 40
58 191 40
59 191 40
60 191 40
61 191 40
62 191 40
63 191 40
64 191 40
65 191 40
66 191 40
67 191 40
67 190 40
68 190 40
68 189 40
69 188 40
70 188 40
70 187 40
71 187 40
71 186 40
72 186 40
72 185 40
73 185 40
73 184 40
74 184 40
75 184 40
75 183 40
76 183 40
76 182 40
76 181 40
77 181 40
77 180 40
78 180 40
78 179 40
79 179 40
80 179 40
80 178 40
81 178 40
81 177 40
82 177 40
82 176 40
82 175 40
83 175 40
84 175 40
84 174 40
84 173 40
85 173 40
86 173 40
86 172 40
86 171 40
87 171 40
87 170 40
88 170 40
88 169 40
89 168 40
89 167 40
89 166 40
89 165 40
89 164 40
89 163 40
89 162 40
89 161 40
89 160 40
89 159 40
89 158 40
89 157 40
89 156 40
89 155 40
89 154 40
89 153 40
89 152 40
89 151 40
89 150 40
88 149 40
88 148 40
87 148 40
44 152 40
44 152 72
44 152 104
44 152 136
44 152 168
44 152 200
44 152 232
44 152 264
44 152 296
44 152 328
44 151 40
44 151 72
44 151 104
44 151 136
44 151 168
44 151 200
44 151 232
44 151 264
44 151 296
44 151 328
44 150 40
44 150 72
44 150 104
44 150 136
44 150 168
44 150 200
44 150 232
44 150 264
44 150 296
44 149 40
44 149 72
44 149 104
44 149 136
44 149 168
44 149 200
44 149 232
44 149 264
44 149 296
44 148 40
44 148 72
44 148 104
44 148 136
44 148 168
44 148 200
44 148 232
44 148 264
44 147 40
44 147 72
44 147 104
44 147 136
44 147 168
44 147 200
44 147 232
44 146 40
44 146 72
44 146 104
44 146 136
44 146 168
44 146 200
44 146 232
44 145 40
44 145 72
44 145 104
44 145 136
44 145 168
44 145 200
44 144 40
44 144 72
44 144 104
44 144 136
44 144 168
44 143 40
44 143 72
44 143 104
44 143 136
44 142 40
44 142 72
44 142 104
44 142 136
44 141 40
44 141 72
44 141 104
44 140 40
44 140 72
44 140 104
44 139 40
44 139 72
44 138 40
44 138 72
44 137 40
44 137 72
44 136 40
44 136 72
44 135 40
44 134 40
44 133 40
45 133 40
45 132 40
46 132 40
46 131 40
46 130 40
72 30 40
73 30 40
74 30 40
75 30 40
76 30 40
77 30 40
78 30 40
79 30 40
80 30 40
81 30 40
82 30 40
83 30 40
84 30 40
85 30 40
86 30 40
87 30 40
88 30 40
89 30 40
89 31 40
89 32 40
89 33 40
89 34 40
89 35 40
89 36 40
89 37 40
89 38 40
89 39 40
89 40 40
89 41 40
89 42 40
89 43 40
89 44 40
89 45 40
89 46 40
89 47 40
89 48 40
89 50 40
89 51 40
89 52 40
89 53 40
89 54 40
89 55 40
89 56 40
89 57 40
89 58 40
89 59 40
89 60 40
89 61 40
89 62 40
89 63 40
89 64 40
89 65 40
89 66 40
89 67 40
89 68 40
89 70 40
89 71 40
89 72 40
89 73 40
89 74 40
89 75 40
89 76 40
89 77 40
89 78 40
89 79 40
89 80 40
89 81 40
89 82 40
89 83 40
89 84 40
89 85 40
89 86 40
89 87 40
89 88 40
88 89 40
88 90 40
88 90 72
88 91 40
88 91 72
87 91 40
87 91 72
87 91 104
86 91 40
86 91 72
86 91 104
86 92 40
86 92 72
86 92 104
86 92 136
85 92 40
85 92 72
85 92 104
85 92 136
85 93 40
85 93 72
85 93 104
85 93 136
85 93 168
84 93 40
84 93 72
84 93 104
84 93 136
84 93 168
84 94 40
84 94 72
84 94 104
84 94 136
84 94 168
84 94 200
84 95 40
84 95 72
84 95 104
84 95 136
84 95 168
84 95 200
83 95 40
83 95 72
83 95 104
83 95 136
83 95 168
83 95 200
82 95 40
82 95 72
82 95 104
82 95 136
82 95 168
82 95 200
82 95 232
82 96 40
82 96 72
82 96 104
82 96 136
82 96 168
82 96 200
81 96 40
81 96 72
81 96 104
81 96 136
81 96 168
81 96 200
81 96 232
81 97 40
81 97 72
81 97 104
81 97 136
81 97 168
81 97 200
81 98 40
81 98 72
81 98 104
81 98 136
81 98 168
81 98 200
80 98 40
80 98 72
80 98 104
80 98 136
80 98 168
80 98 200
80 99 40
80 99 72
80 99 104
80 99 136
80 99 168
79 99 40
79 99 72
79 99 104
79 99 136
79 99 168
79 100 40
79 100 72
79 100 104
79 100 136
78 100 40
78 100 72
78 100 104
78 100 136
77 100 40
77 100 72
77 100 104
77 100 136
77 101 40
77 101 72
77 101 104
77 101 136
76 101 40
76 101 72
76 101 104
76 101 136
76 102 40
76 102 72
76 102 104
75 102 40
75 102 72
75 102 104
75 103 40
75 103 72
75 103 104
74 103 40
74 103 72
74 103 104
74 104 40
74 104 72
73 104 40
73 104 72
73 105 40
73 105 72
72 105 40
72 105 72
72 106 40
72 106 72
71 106 40
71 106 72
71 107 40
71 107 72
70 107 40
70 107 72
70 108 40
70 108 72
69 108 40
69 108 72
68 109 40
68 109 72
68 110 40
68 110 72
67 110 40
67 110 72
67 111 40
67 111 72
67 112 40
67 112 72
66 112 40
66 112 72
66 112 104
66 113 40
66 113 72
66 113 104
65 113 40
65 113 72
65 113 104
64 113 40
64 113 72
64 113 104
64 114 40
64 114 72
64 114 104
64 115 40
64 115 72
64 115 104
64 115 136
63 115 40
63 115 72
63 115 104
63 115 136
62 115 40
62 115 72
62 115 104
62 115 136
62 116 40
62 116 72
62 116 104
62 116 136
62 116 168
62 117 40
62 117 72
62 117 104
62 117 136
62 117 168
61 117 40
61 117 72
61 117 104
61 117 136
61 117 168
60 117 40
60 117 72
60 117 104
60 117 136
60 117 168
60 118 40
60 118 72
60 118 104
60 118 136
60 118 168
60 118 200
60 119 40
60 119 72
60 119 104
60 119 136
60 119 168
60 119 200
59 119 40
59 119 72
59 119 104
59 119 136
59 119 168
59 119 200
58 119 40
58 119 72
58 119 104
58 119 136
58 119 168
58 119 200
58 120 40
58 120 72
58 120 104
58 120 136
58 120 168
58 120 200
58 121 40
58 121 72
58 121 104
58 121 136
58 121 168
58 121 200
57 121 40
57 121 72
57 121 104
57 121 136
57 121 168
57 121 200
57 122 40
57 122 72
57 122 104
57 122 136
57 122 168
57 122 200
56 122 40
56 122 72
56 122 104
56 122 136
56 122 168
56 122 200
55 122 40
55 122 72
55 122 104
55 122 136
55 122 168
55 122 200
55 123 40
55 123 72
55 123 104
55 123 136
55 123 168
55 123 200
54 123 40
54 123 72
54 123 104
54 123 136
54 123 168
54 123 200
54 124 40
54 124 72
54 124 104
54 124 136
54 124 168
53 124 40
53 124 72
53 124 104
53 124 136
53 124 168
53 125 40
53 125 72
53 125 104
53 125 136
53 125 168
52 125 40
52 125 72
52 125 104
52 125 136
52 126 40
52 126 72
52 126 104
52 126 136
51 126 40
51 126 72
51 126 104
51 127 40
51 127 72
51 127 104
50 127 40
50 127 72
50 127 104
50 128 40
50 128 72
50 128 104
50 129 40
50 129 72
48 61 40
48 60 40
48 59 40
48 58 40
48 57 40
48 56 40
48 55 40
48 54 40
48 53 40
48 52 40
48 51 40
48 50 40
48 49 40
49 48 40
50 48 40
50 47 40
50 47 72
50 46 40
50 46 72
50 45 40
50 45 72
50 44 40
50 44 72
50 43 40
50 43 72
50 42 40
50 42 72
50 41 40
50 41 72
50 40 40
50 40 72
50 39 40
50 39 72
50 39 104
50 38 40
50 38 72
50 38 104
50 37 40
50 37 72
50 37 104
50 36 40
50 36 72
50 36 104
50 35 40
50 35 72
50 35 104
50 34 40
50 34 72
50 34 104
50 33 40
50 33 72
50 33 104
50 32 40
50 32 72
50 32 104
50 31 40
50 31 72
50 31 104
50 30 40
50 30 72
50 30 104
51 30 40
51 30 72
51 30 104
52 30 40
52 30 72
52 30 104
52 30 136
53 30 40
53 30 72
53 30 104
53 30 136
54 30 40
54 30 72
54 30 104
54 30 136
55 30 40
55 30 72
55 30 104
55 30 136
56 30 40
56 30 72
56 30 104
56 30 136
57 30 40
57 30 72
57 30 104
57 30 136
58 30 40
58 30 72
58 30 104
58 30 136
59 30 40
59 30 72
59 30 104
59 30 136
60 30 40
60 30 72
60 30 104
61 30 40
61 30 72
61 30 104
62 30 40
62 30 72
62 30 104
63 30 40
63 30 72
64 30 40
64 30 72
65 30 40
65 30 72
66 30 40
66 30 72
67 30 40
68 30 40
69 30 40
70 30 40
71 30 40
195 42 40
194 42 40
194 43 40
194 44 40
193 44 40
193 45 40
192 45 40
192 46 40
191 46 40
191 47 40
190 47 40
190 48 40
189 48 40
188 49 40
187 49 40
186 49 40
185 49 40
184 49 40
183 49 40
182 49 40
182 49 72
181 49 40
181 49 72
180 49 40
180 49 72
179 49 40
179 49 72
178 49 40
178 49 72
178 49 104
177 49 40
177 49 72
177 49 104
176 49 40
176 49 72
176 49 104
175 49 40
175 49 72
175 49 104
174 49 40
174 49 72
174 49 104
173 49 40
173 49 72
173 49 104
172 49 40
172 49 72
172 49 104
171 49 40
171 49 72
171 49 104
170 49 40
170 49 72
170 49 104
168 49 40
168 49 72
168 49 104
167 49 40
167 49 72
167 49 104
166 49 40
166 49 72
166 49 104
165 49 40
165 49 72
164 49 40
164 49 72
163 49 40
163 49 72
162 49 40
162 49 72
161 49 40
161 49 72
160 49 40
159 49 40
158 49 40
157 49 40
156 49 40
155 49 40
154 49 40
153 49 40
152 49 40
151 49 40
150 49 40
148 49 40
148 50 40
147 50 40
146 50 40
145 50 40
144 50 40
143 50 40
142 50 40
141 50 40
140 50 40
139 50 40
138 50 40
137 50 40
136 50 40
135 50 40
134 50 40
133 50 40
132 50 40
131 50 40
131 50 72
130 50 40
130 50 72
130 51 40
130 51 72
130 52 40
130 52 72
130 53 40
130 54 40
130 55 40
130 56 40
130 57 40
130 58 40
130 59 40
130 60 40
130 61 40
130 62 40
130 63 40
130 64 40
130 65 40
130 66 40
130 67 40
130 68 40
129 68 40
128 69 40
128 69 72
128 70 40
128 70 72
127 70 40
127 70 72
127 71 40
127 71 72
126 71 40
126 71 72
126 72 40
126 72 72
125 72 40
125 72 72
125 72 104
125 73 40
125 73 72
125 73 104
124 73 40
124 73 72
124 73 104
124 74 40
124 74 72
124 74 104
124 75 40
124 75 72
124 75 104
124 75 136
123 75 40
123 75 72
123 75 104
123 75 136
123 76 40
123 76 72
123 76 104
123 76 136
122 76 40
122 76 72
122 76 104
122 76 136
122 76 168
121 76 40
121 76 72
121 76 104
121 76 136
121 76 168
121 77 40
121 77 72
121 77 104
121 77 136
121 77 168
120 77 40
120 77 72
120 77 104
120 77 136
120 77 168
120 78 40
120 78 72
120 78 104
120 78 136
120 78 168
119 78 40
119 78 72
119 78 104
119 78 136
119 78 168
119 79 40
119 79 72
119 79 104
119 79 136
119 79 168
118 79 40
118 79 72
118 79 104
118 79 136
118 79 168
118 80 40
118 80 72
118 80 104
118 80 136
117 80 40
117 80 72
117 80 104
117 80 136
117 81 40
117 81 72
117 81 104
116 81 40
116 81 72
116 81 104
116 82 40
116 82 72
116 82 104
116 83 40
116 83 72
115 83 40
115 83 72
114 83 40
114 83 72
114 84 40
113 84 40
113 85 40
112 85 40
112 86 40
111 86 40
111 87 40
110 87 40
110 88 40
109 88 40
108 89 40
107 89 40
106 89 40
105 89 40
104 89 40
103 89 40
102 89 40
101 89 40
100 89 40
99 89 40
98 89 40
97 89 40
96 89 40
95 89 40
94 89 40
93 89 40
92 89 40
91 89 40
90 89 40
191 99 40
191 98 40
191 97 40
191 96 40
191 95 40
191 94 40
191 93 40
191 92 40
191 91 40
190 91 40
190 90 40
189 90 40
188 89 40
187 89 40
186 89 40
185 89 40
184 89 40
183 89 40
182 89 40
181 89 40
180 89 40
179 89 40
178 89 40
177 89 40
176 89 40
175 89 40
174 89 40
173 89 40
172 89 40
171 89 40
170 89 40
170 88 40
170 87 40
170 86 40
170 85 40
170 84 40
170 83 40
170 82 40
170 81 40
170 80 40
170 79 40
170 78 40
170 77 40
170 76 40
170 75 40
170 74 40
170 73 40
170 72 40
170 72 72
170 71 40
170 71 72
170 70 40
170 70 72
170 69 40
170 69 72
170 69 104
170 68 40
170 68 72
170 68 104
170 67 40
170 67 72
170 67 104
170 67 136
170 66 40
170 66 72
170 66 104
170 66 136
170 65 40
170 65 72
170 65 104
170 65 136
170 65 168
170 64 40
170 64 72
170 64 104
170 64 136
170 64 168
170 63 40
170 63 72
170 63 104
170 63 136
170 63 168
170 63 200
170 62 40
170 62 72
170 62 104
170 62 136
170 62 168
170 62 200
170 61 40
170 61 72
170 61 104
170 61 136
170 61 168
170 61 200
170 60 40
170 60 72
170 60 104
170 60 136
170 60 168
170 60 200
170 59 40
170 59 72
170 59 104
170 59 136
170 59 168
170 59 200
170 58 40
170 58 72
170 58 104
170 58 136
170 58 168
170 57 40
170 57 72
170 57 104
170 57 136
170 57 168
170 56 40
170 56 72
170 56 104
170 56 136
170 56 168
170 55 40
170 55 72
170 55 104
170 55 136
170 54 40
170 54 72
170 54 104
170 54 136
170 53 40
170 53 72
170 53 104
170 53 136
170 52 40
170 52 72
170 52 104
170 51 40
170 51 72
170 51 104
170 50 40
170 50 72
170 50 104
