9 9 100
9 29 100
9 49 100
9 69 100
9 89 100
9 109 100
9 129 100
9 149 100
9 169 100
9 189 100
29 9 100
29 29 100
29 49 100
29 69 100
29 89 100
29 109 100
29 129 100
29 149 100
29 169 100
29 189 100
49 9 100
49 29 100
49 49 100
49 69 100
49 89 100
49 109 100
49 129 100
49 149 100
49 169 100
49 189 100
69 9 100
69 29 100
69 49 100
69 69 100
69 89 100
69 109 100
69 129 100
69 149 100
69 169 100
69 189 100
89 9 100
89 29 100
89 49 100
89 69 100
89 89 100
89 109 100
89 129 100
89 149 100
89 169 100
89 189 100
109 9 100
109 29 100
109 49 100
109 69 100
109 89 100
109 109 100
109 129 100
109 149 100
109 169 100
109 189 100
129 9 100
129 29 100
129 49 100
129 69 100
129 89 100
129 109 100
129 129 100
129 149 100
129 169 100
129 189 100
149 9 100
149 29 100
149 49 100
149 69 100
149 89 100
149 109 100
149 129 100
149 149 100
149 169 100
149 189 100
169 9 100
169 29 100
169 49 100
169 69 100
169 89 100
169 109 100
169 129 100
169 149 100
169 169 100
169 189 100
189 9 100
189 29 100
189 49 100
189 69 100
189 89 100
189 109 100
189 129 100
189 149 100
189 169 100
189 189 100
9 9 100
9 29 100
9 49 100
9 109 100
9 129 100
9 149 100
9 169 100
29 9 100
29 49 100
29 169 100
29 189 100
49 9 100
49 29 100
49 49 100
49 89 100
49 109 100
49 129 100
49 149 100
49 169 100
49 189 100
69 89 100
69 109 100
69 129 100
69 149 100
69 169 100
69 189 100
89 29 100
89 49 100
89 89 100
89 109 100
89 129 100
89 149 100
89 169 100
89 189 100
109 9 100
109 29 100
109 49 100
109 189 100
129 29 100
129 49 100
129 69 100
129 89 100
129 109 100
129 129 100
129 149 100
129 169 100
129 189 100
149 29 100
149 49 100
149 89 100
149 149 100
149 169 100
149 189 100
169 29 100
169 49 100
169 69 100
169 89 100
169 129 100
169 149 100
169 189 100
189 29 100
189 49 100
189 69 100
189 89 100
189 109 100
189 129 100
189 149 100
173 10 40
70 40 40
182 180 40
182 181 40
182 182 40
182 183 40
182 184 40
182 185 40
182 186 40
181 186 40
180 186 40
179 186 40
178 186 40
177 186 40
176 186 40
176 186 44
175 186 40
175 186 44
174 186 40
174 186 44
174 186 48
173 186 40
173 186 44
173 186 48
173 186 52
172 186 40
172 186 44
172 186 48
172 186 52
172 186 56
172 187 40
172 187 44
172 187 48
172 187 52
171 187 40
171 187 44
171 187 48
171 187 52
171 187 56
170 187 40
170 187 44
170 187 48
170 187 52
170 187 56
169 187 40
169 187 44
169 187 48
169 187 52
169 187 56
169 187 60
168 187 40
168 187 44
168 187 48
168 187 52
168 187 56
168 187 60
168 187 64
167 187 40
167 187 44
167 187 48
167 187 52
167 187 56
167 187 60
167 187 64
166 187 40
166 187 44
166 187 48
166 187 52
166 187 56
166 187 60
166 187 64
166 187 68
166 187 72
165 187 40
165 187 44
165 187 48
165 187 52
165 187 56
165 187 60
165 187 64
165 187 68
165 187 72
165 187 76
164 187 40
164 187 44
164 187 48
164 187 52
164 187 56
164 187 60
164 187 64
164 187 68
164 187 72
164 187 76
164 187 80
163 187 40
163 187 44
163 187 48
163 187 52
163 187 56
163 187 60
163 187 64
163 187 68
163 187 72
163 187 76
163 187 80
163 187 84
163 187 88
162 187 40
162 187 44
162 187 48
162 187 52
162 187 56
162 187 60
162 187 64
162 187 68
162 187 72
162 187 76
162 187 80
162 187 84
162 187 88
162 187 92
161 187 40
161 187 44
161 187 48
161 187 52
161 187 56
161 187 60
161 187 64
161 187 68
161 187 72
161 187 76
161 187 80
161 187 84
161 187 88
161 187 92
161 187 96
160 187 40
160 187 44
160 187 48
160 187 52
160 187 56
160 187 60
160 187 64
160 187 68
160 187 72
160 187 76
160 187 80
160 187 84
160 187 88
160 187 92
160 187 96
160 187 100
159 187 40
159 187 44
159 187 48
159 187 52
159 187 56
159 187 60
159 187 64
159 187 68
159 187 72
159 187 76
159 187 80
159 187 84
159 187 88
159 187 92
159 187 96
159 187 100
158 187 40
158 187 44
158 187 48
158 187 52
158 187 56
158 187 60
158 187 64
158 187 68
158 187 72
158 187 76
158 187 80
158 187 84
158 187 88
158 187 92
158 187 96
158 187 100
157 187 40
157 187 44
157 187 48
157 187 52
157 187 56
157 187 60
157 187 64
157 187 68
157 187 72
157 187 76
157 187 80
157 187 84
157 187 88
157 187 92
157 187 96
157 187 100
157 187 104
156 187 40
156 187 44
156 187 48
156 187 52
156 187 56
156 187 60
156 187 64
156 187 68
156 187 72
156 187 76
156 187 80
156 187 84
156 187 88
156 187 92
156 187 96
156 187 100
156 187 104
155 187 40
155 187 44
155 187 48
155 187 52
155 187 56
155 187 60
155 187 64
155 187 68
155 187 72
155 187 76
155 187 80
155 187 84
155 187 88
155 187 92
155 187 96
155 187 100
155 187 104
154 187 40
154 187 44
154 187 48
154 187 52
154 187 56
154 187 60
154 187 64
154 187 68
154 187 72
154 187 76
154 187 80
154 187 84
154 187 88
154 187 92
154 187 96
154 187 100
154 187 104
153 187 40
153 187 44
153 187 48
153 187 52
153 187 56
153 187 60
153 187 64
153 187 68
153 187 72
153 187 76
153 187 80
153 187 84
153 187 88
153 187 92
153 187 96
153 187 100
153 187 104
152 187 40
152 187 44
152 187 48
152 187 52
152 187 56
152 187 60
152 187 64
152 187 68
152 187 72
152 187 76
152 187 80
152 187 84
152 187 88
152 187 92
152 187 96
152 187 100
152 187 104
152 187 108
151 187 40
151 187 44
151 187 48
151 187 52
151 187 56
151 187 60
151 187 64
151 187 68
151 187 72
151 187 76
151 187 80
151 187 84
151 187 88
151 187 92
151 187 96
151 187 100
151 187 104
151 187 108
150 187 40
150 187 44
150 187 48
150 187 52
150 187 56
150 187 60
150 187 64
150 187 68
150 187 72
150 187 76
150 187 80
150 187 84
150 187 88
150 187 92
150 187 96
150 187 100
150 187 104
150 187 108
150 187 112
149 187 40
149 187 44
149 187 48
149 187 52
149 187 56
149 187 60
149 187 64
149 187 68
149 187 72
149 187 76
149 187 80
149 187 84
149 187 88
149 187 92
149 187 96
149 187 100
149 187 104
149 187 108
149 187 112
148 187 40
148 187 44
148 187 48
148 187 52
148 187 56
148 187 60
148 187 64
148 187 68
148 187 72
148 187 76
148 187 80
148 187 84
148 187 88
148 187 92
148 187 96
148 187 100
148 187 104
148 187 108
148 187 112
148 187 116
147 187 40
147 187 44
147 187 48
147 187 52
147 187 56
147 187 60
147 187 64
147 187 68
147 187 72
147 187 76
147 187 80
147 187 84
147 187 88
147 187 92
147 187 96
147 187 100
147 187 104
147 187 108
147 187 112
147 187 116
146 187 40
146 187 44
146 187 48
146 187 52
146 187 56
146 187 60
146 187 64
146 187 68
146 187 72
146 187 76
146 187 80
146 187 84
146 187 88
146 187 92
146 187 96
146 187 100
146 187 104
146 187 108
146 187 112
145 187 40
145 187 44
145 187 48
145 187 52
145 187 56
145 187 60
145 187 64
145 187 68
145 187 72
145 187 76
145 187 80
145 187 84
145 187 88
145 187 92
145 187 96
145 187 100
145 187 104
145 187 108
144 187 40
144 187 44
144 187 48
144 187 52
144 187 56
144 187 60
144 187 64
144 187 68
144 187 72
144 187 76
144 187 80
144 187 84
144 187 88
144 187 92
144 187 96
144 187 100
144 187 104
143 187 40
143 187 44
143 187 48
143 187 52
143 187 56
143 187 60
143 187 64
143 187 68
143 187 72
143 187 76
143 187 80
143 187 84
143 187 88
143 187 92
143 187 96
142 187 40
142 187 44
142 187 48
142 187 52
142 187 56
142 187 60
142 187 64
142 187 68
142 187 72
142 187 76
142 187 80
142 187 84
142 187 88
141 187 40
141 187 44
141 187 48
141 187 52
141 187 56
141 187 60
141 187 64
141 187 68
141 187 72
141 187 76
140 187 40
140 187 44
140 187 48
140 187 52
140 187 56
140 187 60
140 187 64
140 187 68
139 187 40
139 187 44
139 187 48
139 187 52
139 187 56
139 187 60
139 187 64
138 187 40
138 187 44
138 187 48
138 187 52
138 187 56
138 187 60
137 187 40
137 187 44
137 187 48
137 187 52
137 187 56
136 187 40
136 187 44
136 187 48
136 187 52
135 187 40
135 187 44
135 187 48
135 187 52
134 187 40
134 187 44
134 187 48
134 187 52
133 187 40
133 187 44
133 187 48
133 187 52
132 187 40
132 187 44
132 187 48
132 187 52
131 187 40
131 187 44
131 187 48
131 187 52
130 187 40
130 187 44
130 187 48
130 187 52
129 187 40
129 187 44
129 187 48
128 187 40
128 187 44
128 187 48
127 187 40
127 187 44
127 187 48
126 187 40
126 187 44
126 186 40
126 186 44
125 186 40
125 186 44
125 185 40
125 185 44
124 185 40
124 185 44
124 184 40
124 184 44
124 183 40
124 183 44
123 183 40
123 183 44
123 182 40
123 182 44
122 182 40
122 182 44
121 182 40
121 182 44
121 181 40
121 181 44
120 181 40
120 181 44
120 180 40
120 180 44
120 179 40
119 179 40
118 179 40
118 178 40
117 178 40
117 177 40
117 176 40
116 176 40
116 175 40
115 175 40
114 175 40
114 174 40
113 174 40
113 173 40
113 172 40
112 172 40
112 171 40
111 171 40
111 170 40
110 170 40
110 169 40
109 168 40
109 167 40
109 166 40
109 165 40
109 164 40
109 163 40
109 162 40
109 161 40
109 160 40
109 159 40
109 158 40
109 157 40
109 156 40
109 155 40
109 154 40
109 153 40
109 152 40
109 151 40
109 150 40
109 148 40
109 147 40
109 146 40
109 145 40
109 144 40
109 143 40
109 142 40
109 141 40
109 140 40
109 139 40
109 138 40
109 137 40
109 136 40
109 135 40
109 134 40
109 133 40
109 132 40
109 131 40
109 130 40
109 128 40
109 127 40
109 126 40
109 125 40
109 124 40
109 123 40
109 122 40
109 121 40
109 120 40
109 119 40
109 118 40
109 117 40
109 116 40
109 115 40
109 114 40
109 113 40
109 112 40
109 111 40
109 110 40
109 108 40
109 108 44
109 107 40
109 107 44
109 106 40
109 106 44
109 105 40
109 105 44
109 104 40
109 104 44
109 103 40
109 103 44
109 102 40
109 101 40
109 100 40
109 99 40
109 98 40
109 97 40
109 96 40
109 95 40
109 94 40
109 93 40
109 92 40
109 91 40
109 90 40
109 88 40
109 87 40
109 86 40
109 85 40
109 84 40
109 83 40
109 82 40
109 81 40
109 80 40
109 79 40
109 78 40
109 77 40
109 76 40
109 75 40
109 74 40
109 73 40
109 72 40
109 71 40
109 70 40
108 69 40
107 69 40
106 69 40
105 69 40
104 69 40
103 69 40
102 69 40
101 69 40
100 69 40
99 69 40
98 69 40
97 69 40
96 69 40
95 69 40
94 69 40
93 69 40
92 69 40
91 69 40
90 69 40
88 69 40
87 69 40
86 69 40
85 69 40
84 69 40
83 69 40
82 69 40
81 69 40
80 69 40
79 69 40
78 69 40
77 69 40
76 69 40
75 69 40
74 69 40
73 69 40
72 69 40
71 69 40
70 69 40
69 68 40
69 67 40
69 66 40
69 65 40
69 64 40
69 63 40
69 62 40
69 61 40
69 60 40
69 59 40
69 58 40
69 57 40
69 56 40
69 55 40
69 54 40
69 53 40
69 52 40
69 51 40
69 50 40
69 48 40
70 48 40
70 47 40
70 46 40
70 45 40
70 44 40
70 43 40
70 42 40
70 41 40
