9 9 100
9 29 100
9 49 100
9 69 100
9 89 100
9 109 100
9 129 100
9 149 100
9 169 100
9 189 100
29 9 100
29 29 100
29 49 100
29 69 100
29 89 100
29 109 100
29 129 100
29 149 100
29 169 100
29 189 100
49 9 100
49 29 100
49 49 100
49 69 100
49 89 100
49 109 100
49 129 100
49 149 100
49 169 100
49 189 100
69 9 100
69 29 100
69 49 100
69 69 100
69 89 100
69 109 100
69 129 100
69 149 100
69 169 100
69 189 100
89 9 100
89 29 100
89 49 100
89 69 100
89 89 100
89 109 100
89 129 100
89 149 100
89 169 100
89 189 100
109 9 100
109 29 100
109 49 100
109 69 100
109 89 100
109 109 100
109 129 100
109 149 100
109 169 100
109 189 100
129 9 100
129 29 100
129 49 100
129 69 100
129 89 100
129 109 100
129 129 100
129 149 100
129 169 100
129 189 100
149 9 100
149 29 100
149 49 100
149 69 100
149 89 100
149 109 100
149 129 100
149 149 100
149 169 100
149 189 100
169 9 100
169 29 100
169 49 100
169 69 100
169 89 100
169 109 100
169 129 100
169 149 100
169 169 100
169 189 100
189 9 100
189 29 100
189 49 100
189 69 100
189 89 100
189 109 100
189 129 100
189 149 100
189 169 100
189 189 100
9 29 100
9 69 100
9 109 100
9 129 100
9 149 100
9 169 100
29 9 100
29 29 100
29 49 100
29 69 100
29 89 100
29 149 100
29 169 100
29 189 100
49 29 100
49 109 100
49 129 100
49 149 100
69 49 100
69 129 100
69 169 100
69 189 100
89 9 100
89 69 100
89 89 100
89 109 100
89 149 100
109 9 100
109 29 100
109 69 100
109 89 100
109 109 100
109 149 100
109 169 100
109 189 100
129 29 100
129 69 100
129 109 100
129 129 100
129 149 100
129 189 100
149 9 100
149 29 100
149 69 100
149 89 100
149 109 100
149 129 100
149 149 100
149 169 100
149 189 100
169 9 100
169 29 100
169 69 100
169 89 100
169 109 100
169 169 100
189 9 100
189 29 100
189 69 100
189 109 100
189 129 100
189 169 100
189 189 100
104 126 40
134 79 40
112 185 40
57 95 40
199 106 40
199 106 44
199 106 48
160 150 40
159 150 40
158 150 40
157 150 40
156 150 40
155 150 40
154 150 40
153 150 40
153 150 44
152 150 40
152 150 44
151 150 40
151 150 44
150 150 40
150 150 44
150 150 48
150 149 40
150 149 44
150 149 48
149 148 40
149 148 44
149 148 48
148 148 40
148 148 44
148 148 48
148 148 52
148 147 40
148 147 44
148 147 48
147 147 40
147 147 44
147 147 48
147 147 52
147 147 56
146 147 40
146 147 44
146 147 48
146 147 52
146 147 56
146 147 60
146 147 64
146 146 40
146 146 44
146 146 48
146 146 52
146 146 56
145 146 40
145 146 44
145 146 48
145 146 52
145 146 56
145 146 60
145 146 64
145 145 40
145 145 44
145 145 48
145 145 52
145 145 56
145 145 60
144 145 40
144 145 44
144 145 48
144 145 52
144 145 56
144 145 60
144 145 64
144 144 40
144 144 44
144 144 48
144 144 52
144 144 56
144 144 60
144 143 40
144 143 44
144 143 48
144 143 52
144 143 56
144 143 60
143 143 40
143 143 44
143 143 48
143 143 52
143 143 56
143 143 60
143 143 64
142 143 40
142 143 44
142 143 48
142 143 52
142 143 56
142 143 60
142 143 64
142 143 68
142 142 40
142 142 44
142 142 48
142 142 52
142 142 56
142 142 60
142 142 64
142 142 68
141 142 40
141 142 44
141 142 48
141 142 52
141 142 56
141 142 60
141 142 64
141 142 68
141 142 72
141 141 40
141 141 44
141 141 48
141 141 52
141 141 56
141 141 60
141 141 64
141 141 68
141 141 72
141 141 76
140 141 40
140 141 44
140 141 48
140 141 52
140 141 56
140 141 60
140 141 64
140 141 68
140 141 72
140 141 76
140 141 80
140 140 40
140 140 44
140 140 48
140 140 52
140 140 56
140 140 60
140 140 64
140 140 68
140 140 72
140 140 76
140 140 80
140 140 84
140 140 88
140 139 40
140 139 44
140 139 48
140 139 52
140 139 56
140 139 60
140 139 64
140 139 68
140 139 72
140 139 76
140 139 80
140 139 84
140 139 88
140 139 92
139 139 40
139 139 44
139 139 48
139 139 52
139 139 56
139 139 60
139 139 64
139 139 68
139 139 72
139 139 76
139 139 80
139 139 84
139 139 88
139 139 92
139 138 40
139 138 44
139 138 48
139 138 52
139 138 56
139 138 60
139 138 64
139 138 68
139 138 72
139 138 76
139 138 80
139 138 84
139 138 88
139 138 92
139 138 96
139 138 100
138 138 40
138 138 44
138 138 48
138 138 52
138 138 56
138 138 60
138 138 64
138 138 68
138 138 72
138 138 76
138 138 80
138 138 84
138 138 88
138 138 92
137 138 40
137 138 44
137 138 48
137 138 52
137 138 56
137 138 60
137 138 64
137 138 68
137 138 72
137 138 76
137 138 80
137 138 84
137 137 40
137 137 44
137 137 48
137 137 52
137 137 56
137 137 60
137 137 64
137 137 68
137 137 72
137 137 76
137 137 80
137 137 84
136 137 40
136 137 44
136 137 48
136 137 52
136 137 56
136 137 60
136 137 64
136 137 68
136 137 72
136 136 40
136 136 44
136 136 48
136 136 52
136 136 56
136 136 60
136 136 64
136 136 68
135 136 40
135 136 44
135 136 48
135 136 52
135 136 56
135 135 40
135 135 44
135 135 48
135 135 52
134 135 40
134 135 44
134 135 48
134 134 40
134 134 44
134 134 48
133 134 40
133 134 44
133 133 40
133 133 44
132 133 40
132 133 44
132 132 40
132 132 44
131 132 40
131 132 44
131 131 40
131 131 44
130 131 40
130 131 44
130 130 40
130 130 44
130 130 48
129 130 40
129 130 44
129 130 48
128 130 40
128 130 44
128 130 48
127 130 40
127 130 44
127 130 48
126 130 40
126 130 44
126 130 48
126 130 52
125 130 40
125 130 44
125 130 48
125 130 52
124 130 40
124 130 44
124 130 48
124 130 52
123 130 40
123 130 44
123 130 48
123 130 52
122 130 40
122 130 44
122 130 48
122 130 52
121 130 40
121 130 44
121 130 48
121 130 52
120 130 40
120 130 44
120 130 48
120 130 52
119 130 40
119 130 44
119 130 48
119 130 52
118 130 40
118 130 44
118 130 48
118 130 52
117 130 40
117 130 44
117 130 48
117 130 52
116 130 40
116 130 44
116 130 48
116 130 52
115 130 40
115 130 44
115 130 48
115 130 52
114 130 40
114 130 44
114 130 48
114 130 52
113 130 40
113 130 44
113 130 48
112 130 40
112 130 44
112 130 48
111 130 40
111 130 44
110 130 40
110 130 44
110 129 40
110 129 44
109 128 40
108 128 40
107 128 40
107 127 40
106 127 40
106 126 40
105 126 40
199 107 40
199 107 44
199 107 48
199 107 52
199 107 56
199 108 40
199 108 44
199 108 48
199 108 52
199 108 56
199 108 60
199 108 64
199 108 68
199 109 40
199 109 44
199 109 48
199 109 52
199 109 56
199 109 60
199 109 64
199 109 68
199 109 72
199 109 76
199 110 40
199 110 44
199 110 48
199 110 52
199 110 56
199 110 60
199 110 64
199 110 68
199 110 72
199 110 76
199 110 80
199 110 84
199 111 40
199 111 44
199 111 48
199 111 52
199 111 56
199 111 60
199 111 64
199 111 68
199 111 72
199 111 76
199 111 80
199 111 84
199 111 88
199 111 92
199 112 40
199 112 44
199 112 48
199 112 52
199 112 56
199 112 60
199 112 64
199 112 68
199 112 72
199 112 76
199 112 80
199 112 84
199 112 88
199 112 92
199 112 96
199 112 100
199 113 40
199 113 44
199 113 48
199 113 52
199 113 56
199 113 60
199 113 64
199 113 68
199 113 72
199 113 76
199 113 80
199 113 84
199 113 88
199 113 92
199 113 96
199 113 100
199 113 104
199 114 40
199 114 44
199 114 48
199 114 52
199 114 56
199 114 60
199 114 64
199 114 68
199 114 72
199 114 76
199 114 80
199 114 84
199 114 88
199 114 92
199 114 96
199 114 100
199 114 104
199 114 108
199 115 40
199 115 44
199 115 48
199 115 52
199 115 56
199 115 60
199 115 64
199 115 68
199 115 72
199 115 76
199 115 80
199 115 84
199 115 88
199 115 92
199 115 96
199 115 100
199 115 104
199 115 108
199 115 112
199 115 116
199 116 40
199 116 44
199 116 48
199 116 52
199 116 56
199 116 60
199 116 64
199 116 68
199 116 72
199 116 76
199 116 80
199 116 84
199 116 88
199 116 92
199 116 96
199 116 100
199 116 104
199 116 108
199 116 112
199 116 116
199 116 120
199 117 40
199 117 44
199 117 48
199 117 52
199 117 56
199 117 60
199 117 64
199 117 68
199 117 72
199 117 76
199 117 80
199 117 84
199 117 88
199 117 92
199 117 96
199 117 100
199 117 104
199 117 108
199 117 112
199 117 116
199 117 120
199 117 124
199 118 40
199 118 44
199 118 48
199 118 52
199 118 56
199 118 60
199 118 64
199 118 68
199 118 72
199 118 76
199 118 80
199 118 84
199 118 88
199 118 92
199 118 96
199 118 100
199 118 104
199 118 108
199 118 112
199 118 116
199 118 120
199 118 124
199 118 128
199 119 40
199 119 44
199 119 48
199 119 52
199 119 56
199 119 60
199 119 64
199 119 68
199 119 72
199 119 76
199 119 80
199 119 84
199 119 88
199 119 92
199 119 96
199 119 100
199 119 104
199 119 108
199 119 112
199 119 116
199 119 120
199 119 124
199 119 128
199 120 40
199 120 44
199 120 48
199 120 52
199 120 56
199 120 60
199 120 64
199 120 68
199 120 72
199 120 76
199 120 80
199 120 84
199 120 88
199 120 92
199 120 96
199 120 100
199 120 104
199 120 108
199 120 112
199 120 116
199 120 120
199 120 124
199 120 128
199 121 40
199 121 44
199 121 48
199 121 52
199 121 56
199 121 60
199 121 64
199 121 68
199 121 72
199 121 76
199 121 80
199 121 84
199 121 88
199 121 92
199 121 96
199 121 100
199 121 104
199 121 108
199 121 112
199 121 116
199 121 120
199 121 124
199 122 40
199 122 44
199 122 48
199 122 52
199 122 56
199 122 60
199 122 64
199 122 68
199 122 72
199 122 76
199 122 80
199 122 84
199 122 88
199 122 92
199 122 96
199 122 100
199 122 104
199 122 108
199 122 112
199 122 116
199 122 120
199 123 40
199 123 44
199 123 48
199 123 52
199 123 56
199 123 60
199 123 64
199 123 68
199 123 72
199 123 76
199 123 80
199 123 84
199 123 88
199 123 92
199 123 96
199 123 100
199 123 104
199 123 108
199 123 112
199 124 40
199 124 44
199 124 48
199 124 52
199 124 56
199 124 60
199 124 64
199 124 68
199 124 72
199 124 76
199 124 80
199 124 84
199 124 88
199 124 92
199 124 96
199 125 40
199 125 44
199 125 48
199 125 52
199 125 56
199 125 60
199 125 64
199 125 68
199 125 72
199 125 76
199 125 80
199 125 84
199 126 40
199 126 44
199 126 48
199 126 52
199 126 56
199 126 60
199 126 64
199 126 68
199 127 40
199 127 44
199 127 48
199 127 52
199 127 56
199 127 60
199 128 40
199 128 44
199 128 48
199 128 52
199 129 40
199 129 44
199 129 48
199 130 40
199 130 44
199 131 40
199 132 40
199 133 40
199 134 40
199 135 40
199 136 40
199 137 40
199 138 40
199 138 44
199 139 40
199 139 44
199 139 48
199 140 40
199 140 44
199 140 48
199 140 52
199 141 40
199 141 44
199 141 48
199 141 52
199 141 56
199 142 40
199 142 44
199 142 48
199 142 52
199 142 56
199 142 60
199 142 64
199 143 40
199 143 44
199 143 48
199 143 52
199 143 56
199 143 60
199 143 64
199 143 68
199 143 72
199 144 40
199 144 44
199 144 48
199 144 52
199 144 56
199 144 60
199 144 64
199 144 68
199 144 72
199 144 76
198 144 40
198 144 44
198 144 48
198 144 52
198 144 56
198 144 60
198 144 64
198 144 68
198 144 72
198 144 76
197 144 40
197 144 44
197 144 48
197 144 52
197 144 56
197 144 60
197 144 64
197 144 68
197 144 72
197 144 76
196 144 40
196 144 44
196 144 48
196 144 52
196 144 56
196 144 60
196 144 64
196 144 68
196 144 72
196 144 76
195 144 40
195 144 44
195 144 48
195 144 52
195 144 56
195 144 60
195 144 64
195 144 68
195 144 72
195 144 76
194 144 40
194 144 44
194 144 48
194 144 52
194 144 56
194 144 60
194 144 64
194 144 68
194 144 72
194 145 40
194 145 44
194 145 48
194 145 52
194 145 56
194 145 60
194 145 64
194 145 68
194 145 72
193 145 40
193 145 44
193 145 48
193 145 52
193 145 56
193 145 60
193 145 64
193 146 40
193 146 44
193 146 48
193 146 52
193 146 56
193 146 60
192 146 40
192 146 44
192 146 48
192 146 52
192 146 56
192 147 40
192 147 44
192 147 48
192 147 52
191 147 40
191 147 44
191 147 48
191 148 40
191 148 44
190 148 40
190 148 44
190 149 40
190 149 44
188 149 40
187 149 40
186 149 40
185 149 40
184 149 40
183 149 40
182 149 40
181 149 40
180 149 40
179 149 40
178 149 40
177 149 40
176 149 40
175 149 40
174 149 40
173 149 40
172 149 40
171 149 40
170 149 40
168 149 40
168 150 40
167 150 40
166 150 40
165 150 40
164 150 40
163 150 40
162 150 40
161 150 40
