9 9 100
9 29 100
9 49 100
9 69 100
9 89 100
9 109 100
9 129 100
9 149 100
9 169 100
9 189 100
29 9 100
29 29 100
29 49 100
29 69 100
29 89 100
29 109 100
29 129 100
29 149 100
29 169 100
29 189 100
49 9 100
49 29 100
49 49 100
49 69 100
49 89 100
49 109 100
49 129 100
49 149 100
49 169 100
49 189 100
69 9 100
69 29 100
69 49 100
69 69 100
69 89 100
69 109 100
69 129 100
69 149 100
69 169 100
69 189 100
89 9 100
89 29 100
89 49 100
89 69 100
89 89 100
89 109 100
89 129 100
89 149 100
89 169 100
89 189 100
109 9 100
109 29 100
109 49 100
109 69 100
109 89 100
109 109 100
109 129 100
109 149 100
109 169 100
109 189 100
129 9 100
129 29 100
129 49 100
129 69 100
129 89 100
129 109 100
129 129 100
129 149 100
129 169 100
129 189 100
149 9 100
149 29 100
149 49 100
149 69 100
149 89 100
149 109 100
149 129 100
149 149 100
149 169 100
149 189 100
169 9 100
169 29 100
169 49 100
169 69 100
169 89 100
169 109 100
169 129 100
169 149 100
169 169 100
169 189 100
189 9 100
189 29 100
189 49 100
189 69 100
189 89 100
189 109 100
189 129 100
189 149 100
189 169 100
189 189 100
9 9 100
9 29 100
9 69 100
9 89 100
9 109 100
9 129 100
29 9 100
29 29 100
29 69 100
29 89 100
29 129 100
29 149 100
29 169 100
29 189 100
49 9 100
49 69 100
49 89 100
49 109 100
49 149 100
49 189 100
69 49 100
69 69 100
69 89 100
69 109 100
69 129 100
69 149 100
69 169 100
69 189 100
89 9 100
89 49 100
89 69 100
89 89 100
89 109 100
89 129 100
89 189 100
109 29 100
109 69 100
109 89 100
109 129 100
109 169 100
129 9 100
129 69 100
129 89 100
129 109 100
129 129 100
129 169 100
149 9 100
149 29 100
149 49 100
149 89 100
149 129 100
149 149 100
169 29 100
169 69 100
169 89 100
169 129 100
169 169 100
169 189 100
189 9 100
189 49 100
189 69 100
189 89 100
189 109 100
189 149 100
189 189 100
7 182 40
181 30 40
192 78 40
192 78 42
192 78 44
192 78 46
192 78 48
192 78 50
8 47 40
196 133 40
68 28 40
47 137 40
119 32 40
47 136 40
47 135 40
47 134 40
47 133 40
47 132 40
47 131 40
47 130 40
48 130 40
48 129 40
48 128 40
48 127 40
48 126 40
48 125 40
48 124 40
48 123 40
48 122 40
48 121 40
48 120 40
48 119 40
48 119 42
48 118 40
48 118 42
48 117 40
48 117 42
48 117 44
48 116 40
48 116 42
48 116 44
48 116 46
48 115 40
48 115 42
48 115 44
48 115 46
48 115 48
48 114 40
48 114 42
48 114 44
48 114 46
48 114 48
48 113 40
48 113 42
48 113 44
48 113 46
48 113 48
48 112 40
48 112 42
48 112 44
48 112 46
48 112 48
48 111 40
48 111 42
48 111 44
48 111 46
48 110 40
48 110 42
48 110 44
48 110 46
47 110 40
47 110 42
47 110 44
46 110 40
46 110 42
46 110 44
45 110 40
45 110 42
45 110 44
45 110 46
44 110 40
44 110 42
44 110 44
44 110 46
43 110 40
43 110 42
43 110 44
43 110 46
43 110 48
42 110 40
42 110 42
42 110 44
42 110 46
42 110 48
41 110 40
41 110 42
41 110 44
41 110 46
41 110 48
40 110 40
40 110 42
40 110 44
40 110 46
40 110 48
39 110 40
39 110 42
39 110 44
39 110 46
39 110 48
38 110 40
38 110 42
38 110 44
38 110 46
37 110 40
37 110 42
37 110 44
36 110 40
36 110 42
35 110 40
35 110 42
34 110 40
33 110 40
32 110 40
31 110 40
30 110 40
29 110 40
28 110 40
28 111 40
27 111 40
27 112 40
26 112 40
26 113 40
25 113 40
25 114 40
24 114 40
23 114 40
23 115 40
22 115 40
22 116 40
21 116 40
21 117 40
20 117 40
20 118 40
20 119 40
19 119 40
18 119 40
18 120 40
18 121 40
17 121 40
17 122 40
16 122 40
15 122 40
15 123 40
14 123 40
14 124 40
13 124 40
13 125 40
12 125 40
12 126 40
11 126 40
11 127 40
10 127 40
10 127 42
10 128 40
10 128 42
10 129 40
10 129 42
10 129 44
10 130 40
10 130 42
10 130 44
10 130 46
10 131 40
10 131 42
10 131 44
10 131 46
10 131 48
10 131 50
10 132 40
10 132 42
10 132 44
10 132 46
10 132 48
10 132 50
10 132 52
10 133 40
10 133 42
10 133 44
10 133 46
10 133 48
10 133 50
10 133 52
10 133 54
10 134 40
10 134 42
10 134 44
10 134 46
10 134 48
10 134 50
10 134 52
10 134 54
10 134 56
10 135 40
10 135 42
10 135 44
10 135 46
10 135 48
10 135 50
10 135 52
10 135 54
10 135 56
10 136 40
10 136 42
10 136 44
10 136 46
10 136 48
10 136 50
10 136 52
10 136 54
10 136 56
10 137 40
10 137 42
10 137 44
10 137 46
10 137 48
10 137 50
10 137 52
10 137 54
10 138 40
10 138 42
10 138 44
10 138 46
10 138 48
10 138 50
10 138 52
10 139 40
10 139 42
10 139 44
10 139 46
10 139 48
10 139 50
10 140 40
10 140 42
10 140 44
10 140 46
10 140 48
10 141 40
10 141 42
10 141 44
10 141 46
10 142 40
10 142 42
10 142 44
10 143 40
10 143 42
10 144 40
10 144 42
10 145 40
10 145 42
10 146 40
10 146 42
10 147 40
10 147 42
10 148 40
10 148 42
9 148 40
9 148 42
8 149 40
8 149 42
7 149 40
7 149 42
7 150 40
7 150 42
7 151 40
7 151 42
7 151 44
7 152 40
7 152 42
7 152 44
7 152 46
7 153 40
7 153 42
7 153 44
7 153 46
7 153 48
7 154 40
7 154 42
7 154 44
7 154 46
7 154 48
7 154 50
7 155 40
7 155 42
7 155 44
7 155 46
7 155 48
7 155 50
7 155 52
7 156 40
7 156 42
7 156 44
7 156 46
7 156 48
7 156 50
7 156 52
7 156 54
7 157 40
7 157 42
7 157 44
7 157 46
7 157 48
7 157 50
7 157 52
7 157 54
7 158 40
7 158 42
7 158 44
7 158 46
7 158 48
7 158 50
7 158 52
7 158 54
7 158 56
7 158 58
7 159 40
7 159 42
7 159 44
7 159 46
7 159 48
7 159 50
7 159 52
7 159 54
7 159 56
7 159 58
7 159 60
7 160 40
7 160 42
7 160 44
7 160 46
7 160 48
7 160 50
7 160 52
7 160 54
7 160 56
7 160 58
7 160 60
7 160 62
7 160 64
7 161 40
7 161 42
7 161 44
7 161 46
7 161 48
7 161 50
7 161 52
7 161 54
7 161 56
7 161 58
7 161 60
7 161 62
7 161 64
7 161 66
7 162 40
7 162 42
7 162 44
7 162 46
7 162 48
7 162 50
7 162 52
7 162 54
7 162 56
7 162 58
7 162 60
7 162 62
7 162 64
7 162 66
7 162 68
7 163 40
7 163 42
7 163 44
7 163 46
7 163 48
7 163 50
7 163 52
7 163 54
7 163 56
7 163 58
7 163 60
7 163 62
7 163 64
7 163 66
7 163 68
7 163 70
7 164 40
7 164 42
7 164 44
7 164 46
7 164 48
7 164 50
7 164 52
7 164 54
7 164 56
7 164 58
7 164 60
7 164 62
7 164 64
7 164 66
7 164 68
7 165 40
7 165 42
7 165 44
7 165 46
7 165 48
7 165 50
7 165 52
7 165 54
7 165 56
7 165 58
7 165 60
7 165 62
7 165 64
7 166 40
7 166 42
7 166 44
7 166 46
7 166 48
7 166 50
7 166 52
7 166 54
7 166 56
7 166 58
7 167 40
7 167 42
7 167 44
7 167 46
7 167 48
7 167 50
7 167 52
7 168 40
7 168 42
7 168 44
7 168 46
7 168 48
7 169 40
7 169 42
7 169 44
7 170 40
7 170 42
7 171 40
7 172 40
7 173 40
7 174 40
7 175 40
7 176 40
7 177 40
7 178 40
7 179 40
7 180 40
7 181 40
68 29 40
67 29 40
66 29 40
65 29 40
64 29 40
63 29 40
62 29 40
61 29 40
60 29 40
59 29 40
58 29 40
57 29 40
56 29 40
55 29 40
54 29 40
53 29 40
52 29 40
51 29 40
50 29 40
49 30 40
49 31 40
49 32 40
49 33 40
49 34 40
49 35 40
49 36 40
49 37 40
49 38 40
49 39 40
49 40 40
49 41 40
49 42 40
49 43 40
49 44 40
49 45 40
49 46 40
49 47 40
49 48 40
48 49 40
48 50 40
48 51 40
48 52 40
48 53 40
48 54 40
48 55 40
48 56 40
48 57 40
48 58 40
48 59 40
48 60 40
48 61 40
48 62 40
48 63 40
48 64 40
48 65 40
48 66 40
48 67 40
48 68 40
48 69 40
48 69 42
48 70 40
48 70 42
48 70 44
48 71 40
48 71 42
48 71 44
48 71 46
48 71 48
48 71 50
48 72 40
48 72 42
48 72 44
48 72 46
48 72 48
48 72 50
48 72 52
48 72 54
48 72 56
48 72 58
48 73 40
48 73 42
48 73 44
48 73 46
48 73 48
48 73 50
48 73 52
48 73 54
48 73 56
48 73 58
48 73 60
48 73 62
48 73 64
48 73 66
48 73 68
48 74 40
48 74 42
48 74 44
48 74 46
48 74 48
48 74 50
48 74 52
48 74 54
48 74 56
48 74 58
48 74 60
48 74 62
48 74 64
48 74 66
48 74 68
48 74 70
48 74 72
48 74 74
48 74 76
48 75 40
48 75 42
48 75 44
48 75 46
48 75 48
48 75 50
48 75 52
48 75 54
48 75 56
48 75 58
48 75 60
48 75 62
48 75 64
48 75 66
48 75 68
48 75 70
48 75 72
48 75 74
48 75 76
48 75 78
48 75 80
48 75 82
48 75 84
48 76 40
48 76 42
48 76 44
48 76 46
48 76 48
48 76 50
48 76 52
48 76 54
48 76 56
48 76 58
48 76 60
48 76 62
48 76 64
48 76 66
48 76 68
48 76 70
48 76 72
48 76 74
48 76 76
48 76 78
48 76 80
48 76 82
48 76 84
48 76 86
48 76 88
48 77 40
48 77 42
48 77 44
48 77 46
48 77 48
48 77 50
48 77 52
48 77 54
48 77 56
48 77 58
48 77 60
48 77 62
48 77 64
48 77 66
48 77 68
48 77 70
48 77 72
48 77 74
48 77 76
48 77 78
48 77 80
48 77 82
48 77 84
48 77 86
48 77 88
48 77 90
48 78 40
48 78 42
48 78 44
48 78 46
48 78 48
48 78 50
48 78 52
48 78 54
48 78 56
48 78 58
48 78 60
48 78 62
48 78 64
48 78 66
48 78 68
48 78 70
48 78 72
48 78 74
48 78 76
48 78 78
48 78 80
48 78 82
48 78 84
48 78 86
48 78 88
48 78 90
48 78 92
48 79 40
48 79 42
48 79 44
48 79 46
48 79 48
48 79 50
48 79 52
48 79 54
48 79 56
48 79 58
48 79 60
48 79 62
48 79 64
48 79 66
48 79 68
48 79 70
48 79 72
48 79 74
48 79 76
48 79 78
48 79 80
48 79 82
48 79 84
48 79 86
48 79 88
48 79 90
48 79 92
48 80 40
48 80 42
48 80 44
48 80 46
48 80 48
48 80 50
48 80 52
48 80 54
48 80 56
48 80 58
48 80 60
48 80 62
48 80 64
48 80 66
48 80 68
48 80 70
48 80 72
48 80 74
48 80 76
48 80 78
48 80 80
48 80 82
48 80 84
48 80 86
48 80 88
48 80 90
48 80 92
48 80 94
48 81 40
48 81 42
48 81 44
48 81 46
48 81 48
48 81 50
48 81 52
48 81 54
48 81 56
48 81 58
48 81 60
48 81 62
48 81 64
48 81 66
48 81 68
48 81 70
48 81 72
48 81 74
48 81 76
48 81 78
48 81 80
48 81 82
48 81 84
48 81 86
48 81 88
48 81 90
48 81 92
48 81 94
48 82 40
48 82 42
48 82 44
48 82 46
48 82 48
48 82 50
48 82 52
48 82 54
48 82 56
48 82 58
48 82 60
48 82 62
48 82 64
48 82 66
48 82 68
48 82 70
48 82 72
48 82 74
48 82 76
48 82 78
48 82 80
48 82 82
48 82 84
48 82 86
48 82 88
48 82 90
48 82 92
48 83 40
48 83 42
48 83 44
48 83 46
48 83 48
48 83 50
48 83 52
48 83 54
48 83 56
48 83 58
48 83 60
48 83 62
48 83 64
48 83 66
48 83 68
48 83 70
48 83 72
48 83 74
48 83 76
48 83 78
48 83 80
48 83 82
48 83 84
48 83 86
48 83 88
48 83 90
48 84 40
48 84 42
48 84 44
48 84 46
48 84 48
48 84 50
48 84 52
48 84 54
48 84 56
48 84 58
48 84 60
48 84 62
48 84 64
48 84 66
48 84 68
48 84 70
48 84 72
48 84 74
48 84 76
48 84 78
48 84 80
48 84 82
48 84 84
48 84 86
48 85 40
48 85 42
48 85 44
48 85 46
48 85 48
48 85 50
48 85 52
48 85 54
48 85 56
48 85 58
48 85 60
48 85 62
48 85 64
48 85 66
48 85 68
48 85 70
48 85 72
48 85 74
48 85 76
48 85 78
48 85 80
48 85 82
48 85 84
48 85 86
48 86 40
48 86 42
48 86 44
48 86 46
48 86 48
48 86 50
48 86 52
48 86 54
48 86 56
48 86 58
48 86 60
48 86 62
48 86 64
48 86 66
48 86 68
48 86 70
48 86 72
48 86 74
48 86 76
48 86 78
48 86 80
48 86 82
48 86 84
48 87 40
48 87 42
48 87 44
48 87 46
48 87 48
48 87 50
48 87 52
48 87 54
48 87 56
48 87 58
48 87 60
48 87 62
48 87 64
48 87 66
48 87 68
48 87 70
48 87 72
48 87 74
48 87 76
48 87 78
48 87 80
48 87 82
48 87 84
48 88 40
48 88 42
48 88 44
48 88 46
48 88 48
48 88 50
48 88 52
48 88 54
48 88 56
48 88 58
48 88 60
48 88 62
48 88 64
48 88 66
48 88 68
48 88 70
48 88 72
48 88 74
48 88 76
48 88 78
48 88 80
48 88 82
48 88 84
48 89 40
48 89 42
48 89 44
48 89 46
48 89 48
48 89 50
48 89 52
48 89 54
48 89 56
48 89 58
48 89 60
48 89 62
48 89 64
48 89 66
48 89 68
48 89 70
48 89 72
48 89 74
48 89 76
48 89 78
48 89 80
48 89 82
48 90 40
48 90 42
48 90 44
48 90 46
48 90 48
48 90 50
48 90 52
48 90 54
48 90 56
48 90 58
48 90 60
48 90 62
48 90 64
48 90 66
48 90 68
48 90 70
48 90 72
48 90 74
48 90 76
48 90 78
48 90 80
48 91 40
48 91 42
48 91 44
48 91 46
48 91 48
48 91 50
48 91 52
48 91 54
48 91 56
48 91 58
48 91 60
48 91 62
48 91 64
48 91 66
48 91 68
48 91 70
48 91 72
48 91 74
48 91 76
48 92 40
48 92 42
48 92 44
48 92 46
48 92 48
48 92 50
48 92 52
48 92 54
48 92 56
48 92 58
48 92 60
48 92 62
48 92 64
48 92 66
48 92 68
48 92 70
48 92 72
48 93 40
48 93 42
48 93 44
48 93 46
48 93 48
48 93 50
48 93 52
48 93 54
48 93 56
48 93 58
48 93 60
48 93 62
48 93 64
48 93 66
48 94 40
48 94 42
48 94 44
48 94 46
48 94 48
48 94 50
48 94 52
48 94 54
48 94 56
48 94 58
48 95 40
48 95 42
48 95 44
48 95 46
48 95 48
48 95 50
48 95 52
48 96 40
48 96 42
48 96 44
48 96 46
48 96 48
48 97 40
48 97 42
48 97 44
48 98 40
48 98 42
48 98 44
48 99 40
48 99 42
48 100 40
48 100 42
48 101 40
48 101 42
48 101 44
48 102 40
48 102 42
48 102 44
48 103 40
48 103 42
48 103 44
48 104 40
48 104 42
48 104 44
48 105 40
48 105 42
48 105 44
48 106 40
48 106 42
48 106 44
48 107 40
48 107 42
48 107 44
48 108 40
48 108 42
48 108 44
48 109 40
48 109 42
48 109 44
8 48 40
8 49 40
10 49 40
11 49 40
12 49 40
13 49 40
14 49 40
15 49 40
16 49 40
17 49 40
18 49 40
19 49 40
20 49 40
21 49 40
22 49 40
23 49 40
24 49 40
25 49 40
26 49 40
27 49 40
28 49 40
30 49 40
31 49 40
32 49 40
33 49 40
34 49 40
35 49 40
36 49 40
37 49 40
38 49 40
39 49 40
40 49 40
41 49 40
42 49 40
43 49 40
44 49 40
45 49 40
46 49 40
47 49 40
120 32 40
121 32 40
122 32 40
123 32 40
124 32 40
125 32 40
126 32 40
127 32 40
128 32 40
128 33 40
128 34 40
128 35 40
128 36 40
128 37 40
128 38 40
128 39 40
128 39 42
128 40 40
128 40 42
128 41 40
128 41 42
128 42 40
128 42 42
128 43 40
128 43 42
128 44 40
128 44 42
128 45 40
128 45 42
128 46 40
128 46 42
128 47 40
128 47 42
128 48 40
128 48 42
128 49 40
128 49 42
127 49 40
127 49 42
126 49 40
126 49 42
125 49 40
124 49 40
123 49 40
122 49 40
121 49 40
120 49 40
119 49 40
118 49 40
117 49 40
116 49 40
115 49 40
114 49 40
113 49 40
112 49 40
111 49 40
110 49 40
109 48 40
108 48 40
108 47 40
107 47 40
107 46 40
106 46 40
106 45 40
105 45 40
105 45 42
105 44 40
105 44 42
104 44 40
104 44 42
104 44 44
103 44 40
103 44 42
103 44 44
103 44 46
103 43 40
103 43 42
103 43 44
103 43 46
103 43 48
103 43 50
102 43 40
102 43 42
102 43 44
102 43 46
102 43 48
102 43 50
102 43 52
102 42 40
102 42 42
102 42 44
102 42 46
102 42 48
102 42 50
102 42 52
102 42 54
102 42 56
101 42 40
101 42 42
101 42 44
101 42 46
101 42 48
101 42 50
101 42 52
101 42 54
101 42 56
101 41 40
101 41 42
101 41 44
101 41 46
101 41 48
101 41 50
101 41 52
101 41 54
101 41 56
101 41 58
101 41 60
101 41 62
100 41 40
100 41 42
100 41 44
100 41 46
100 41 48
100 41 50
100 41 52
100 41 54
100 41 56
100 41 58
100 41 60
100 40 40
100 40 42
100 40 44
100 40 46
100 40 48
100 40 50
100 40 52
100 40 54
100 40 56
100 40 58
100 40 60
100 40 62
99 40 40
99 40 42
99 40 44
99 40 46
99 40 48
99 40 50
99 40 52
99 40 54
99 40 56
99 40 58
99 40 60
99 39 40
99 39 42
99 39 44
99 39 46
99 39 48
99 39 50
99 39 52
99 39 54
99 39 56
99 39 58
99 39 60
98 39 40
98 39 42
98 39 44
98 39 46
98 39 48
98 39 50
98 39 52
98 39 54
98 39 56
98 38 40
98 38 42
98 38 44
98 38 46
98 38 48
98 38 50
98 38 52
98 38 54
98 38 56
98 38 58
98 37 40
98 37 42
98 37 44
98 37 46
98 37 48
98 37 50
98 37 52
98 37 54
98 37 56
98 37 58
98 37 60
97 37 40
97 37 42
97 37 44
97 37 46
97 37 48
97 37 50
97 37 52
97 37 54
96 37 40
96 37 42
96 37 44
96 37 46
96 37 48
96 37 50
96 36 40
96 36 42
96 36 44
96 36 46
96 36 48
96 36 50
96 36 52
95 36 40
95 36 42
95 36 44
95 36 46
95 36 48
95 35 40
95 35 42
95 35 44
95 35 46
95 35 48
95 35 50
94 35 40
94 35 42
94 35 44
94 35 46
94 34 40
94 34 42
94 34 44
94 34 46
93 34 40
93 34 42
93 33 40
93 33 42
92 33 40
92 32 40
91 32 40
91 31 40
90 31 40
90 30 40
89 30 40
88 29 40
87 29 40
86 29 40
85 29 40
84 29 40
83 29 40
82 29 40
81 29 40
80 29 40
79 29 40
78 29 40
77 29 40
76 29 40
75 29 40
74 29 40
73 29 40
72 29 40
71 29 40
70 29 40
180 30 40
179 30 40
178 30 40
177 30 40
176 30 40
175 30 40
174 30 40
173 30 40
172 30 40
172 30 42
171 30 40
171 30 42
170 30 40
170 30 42
170 30 44
170 31 40
170 31 42
170 31 44
170 32 40
170 32 42
170 32 44
170 33 40
170 33 42
170 33 44
170 34 40
170 34 42
170 34 44
170 35 40
170 35 42
170 35 44
170 36 40
170 36 42
170 36 44
170 37 40
170 37 42
170 37 44
170 38 40
170 38 42
170 38 44
170 38 46
170 39 40
170 39 42
170 39 44
170 39 46
170 40 40
170 40 42
170 40 44
170 40 46
170 41 40
170 41 42
170 41 44
170 42 40
170 42 42
170 42 44
170 43 40
170 43 42
170 43 44
170 44 40
170 44 42
170 44 44
170 45 40
170 45 42
170 45 44
170 46 40
170 46 42
170 46 44
170 47 40
170 47 42
170 47 44
170 48 40
170 48 42
170 48 44
169 48 40
169 48 42
168 49 40
168 50 40
167 50 40
167 51 40
166 51 40
166 52 40
165 52 40
165 53 40
164 53 40
164 54 40
164 55 40
163 55 40
162 55 40
162 56 40
161 56 40
161 57 40
161 58 40
160 58 40
159 58 40
159 59 40
158 59 40
158 60 40
157 60 40
157 61 40
156 61 40
156 62 40
155 62 40
155 63 40
154 63 40
154 64 40
153 64 40
153 65 40
152 65 40
152 66 40
151 66 40
151 67 40
150 67 40
149 67 40
148 67 40
147 67 40
146 67 40
146 66 40
146 65 40
145 65 40
145 64 40
144 64 40
144 63 40
143 63 40
142 63 40
142 62 40
141 62 40
141 61 40
141 60 40
140 60 40
140 59 40
139 59 40
139 58 40
138 58 40
138 57 40
137 57 40
137 57 42
136 57 40
136 57 42
136 56 40
136 56 42
136 56 44
136 55 40
136 55 42
136 55 44
135 55 40
135 55 42
135 55 44
134 55 40
134 55 42
134 55 44
134 55 46
134 54 40
134 54 42
134 54 44
134 54 46
133 54 40
133 54 42
133 54 44
133 54 46
133 53 40
133 53 42
133 53 44
133 53 46
132 53 40
132 53 42
132 53 44
132 53 46
132 52 40
132 52 42
132 52 44
132 52 46
131 52 40
131 52 42
131 52 44
131 52 46
131 51 40
131 51 42
131 51 44
131 51 46
130 51 40
130 51 42
130 51 44
130 51 46
130 50 40
130 50 42
130 50 44
129 50 40
129 50 42
129 50 44
192 77 40
192 77 42
192 77 44
192 77 46
192 77 48
192 76 40
192 76 42
192 76 44
192 76 46
192 75 40
192 75 42
192 75 44
192 74 40
192 74 42
192 74 44
192 73 40
192 73 42
192 72 40
192 72 42
191 72 40
191 72 42
191 71 40
191 71 42
190 71 40
190 71 42
190 71 44
190 70 40
190 70 42
190 70 44
189 70 40
189 70 42
189 70 44
189 70 46
189 70 48
188 69 40
188 69 42
188 69 44
188 69 46
188 69 48
188 69 50
188 69 52
188 68 40
188 68 42
188 68 44
188 68 46
188 68 48
188 68 50
187 68 40
187 68 42
187 68 44
187 68 46
187 68 48
187 68 50
187 68 52
187 68 54
187 68 56
187 67 40
187 67 42
187 67 44
187 67 46
187 67 48
187 67 50
187 67 52
187 67 54
186 67 40
186 67 42
186 67 44
186 67 46
186 67 48
186 67 50
186 67 52
186 67 54
186 67 56
186 67 58
186 67 60
186 66 40
186 66 42
186 66 44
186 66 46
186 66 48
186 66 50
186 66 52
186 66 54
186 66 56
186 66 58
186 65 40
186 65 42
186 65 44
186 65 46
186 65 48
186 65 50
186 65 52
186 65 54
186 65 56
185 65 40
185 65 42
185 65 44
185 65 46
185 65 48
185 65 50
185 65 52
185 65 54
185 65 56
185 65 58
185 65 60
185 65 62
185 64 40
185 64 42
185 64 44
185 64 46
185 64 48
185 64 50
185 64 52
185 64 54
185 64 56
184 64 40
184 64 42
184 64 44
184 64 46
184 64 48
184 64 50
184 64 52
184 64 54
184 64 56
184 64 58
184 64 60
184 63 40
184 63 42
184 63 44
184 63 46
184 63 48
184 63 50
184 63 52
184 63 54
184 63 56
183 63 40
183 63 42
183 63 44
183 63 46
183 63 48
183 63 50
183 63 52
183 63 54
183 63 56
183 63 58
183 62 40
183 62 42
183 62 44
183 62 46
183 62 48
183 62 50
183 62 52
183 62 54
182 62 40
182 62 42
182 62 44
182 62 46
182 62 48
182 62 50
182 62 52
182 62 54
182 62 56
181 62 40
181 62 42
181 62 44
181 62 46
181 62 48
181 62 50
181 62 52
181 62 54
181 62 56
181 62 58
181 62 60
181 61 40
181 61 42
181 61 44
181 61 46
181 61 48
181 61 50
181 61 52
181 61 54
181 61 56
180 61 40
180 61 42
180 61 44
180 61 46
180 61 48
180 61 50
180 61 52
180 61 54
180 61 56
180 61 58
180 60 40
180 60 42
180 60 44
180 60 46
180 60 48
180 60 50
180 60 52
180 60 54
180 60 56
179 60 40
179 60 42
179 60 44
179 60 46
179 60 48
179 60 50
179 60 52
179 60 54
179 60 56
179 60 58
179 60 60
179 59 40
179 59 42
179 59 44
179 59 46
179 59 48
179 59 50
179 59 52
179 59 54
179 59 56
178 59 40
178 59 42
178 59 44
178 59 46
178 59 48
178 59 50
178 59 52
178 59 54
178 59 56
178 59 58
178 59 60
178 59 62
178 58 40
178 58 42
178 58 44
178 58 46
178 58 48
178 58 50
178 58 52
178 58 54
178 58 56
178 58 58
177 58 40
177 58 42
177 58 44
177 58 46
177 58 48
177 58 50
177 58 52
177 58 54
177 58 56
177 58 58
177 58 60
177 58 62
177 57 40
177 57 42
177 57 44
177 57 46
177 57 48
177 57 50
177 57 52
177 57 54
177 57 56
177 57 58
176 57 40
176 57 42
176 57 44
176 57 46
176 57 48
176 57 50
176 57 52
176 57 54
176 57 56
176 57 58
176 57 60
176 57 62
176 56 40
176 56 42
176 56 44
176 56 46
176 56 48
176 56 50
176 56 52
176 56 54
176 56 56
176 56 58
175 56 40
175 56 42
175 56 44
175 56 46
175 56 48
175 56 50
175 56 52
175 56 54
175 56 56
175 56 58
175 56 60
175 56 62
175 55 40
175 55 42
175 55 44
175 55 46
175 55 48
175 55 50
175 55 52
175 55 54
175 55 56
175 55 58
174 55 40
174 55 42
174 55 44
174 55 46
174 55 48
174 55 50
174 55 52
174 55 54
174 55 56
174 55 58
174 55 60
174 54 40
174 54 42
174 54 44
174 54 46
174 54 48
174 54 50
174 54 52
174 54 54
174 54 56
174 54 58
173 54 40
173 54 42
173 54 44
173 54 46
173 54 48
173 54 50
173 54 52
173 54 54
173 54 56
173 54 58
173 53 40
173 53 42
173 53 44
173 53 46
173 53 48
173 53 50
173 53 52
173 53 54
173 53 56
173 53 58
173 52 40
173 52 42
173 52 44
173 52 46
173 52 48
173 52 50
173 52 52
173 52 54
173 52 56
173 52 58
172 52 40
172 52 42
172 52 44
172 52 46
172 52 48
172 52 50
172 52 52
172 52 54
172 52 56
172 51 40
172 51 42
172 51 44
172 51 46
172 51 48
172 51 50
172 51 52
172 51 54
172 51 56
171 51 40
171 51 42
171 51 44
171 51 46
171 51 48
171 51 50
171 51 52
171 50 40
171 50 42
171 50 44
171 50 46
171 50 48
171 50 50
170 50 40
170 50 42
170 50 44
170 50 46
170 49 40
170 49 42
170 49 44
195 133 40
194 133 40
193 133 40
192 133 40
192 132 40
191 132 40
191 131 40
190 131 40
190 130 40
189 130 40
188 129 40
188 128 40
187 128 40
187 127 40
186 127 40
186 126 40
185 126 40
185 125 40
184 125 40
184 124 40
184 123 40
183 123 40
182 123 40
182 123 42
182 122 40
182 122 42
182 121 40
182 121 42
182 121 44
181 121 40
181 121 42
181 121 44
181 121 46
181 121 48
180 121 40
180 121 42
180 121 44
180 121 46
180 121 48
180 121 50
180 120 40
180 120 42
180 120 44
180 120 46
180 120 48
180 120 50
180 120 52
180 120 54
179 120 40
179 120 42
179 120 44
179 120 46
179 120 48
179 120 50
179 120 52
179 120 54
179 119 40
179 119 42
179 119 44
179 119 46
179 119 48
179 119 50
179 119 52
179 119 54
179 119 56
178 119 40
178 119 42
178 119 44
178 119 46
178 119 48
178 119 50
178 119 52
178 119 54
178 119 56
178 118 40
178 118 42
178 118 44
178 118 46
178 118 48
178 118 50
178 118 52
178 118 54
178 118 56
177 118 40
177 118 42
177 118 44
177 118 46
177 118 48
177 118 50
177 118 52
177 118 54
177 118 56
177 117 40
177 117 42
177 117 44
177 117 46
177 117 48
177 117 50
177 117 52
177 117 54
177 116 40
177 116 42
177 116 44
177 116 46
177 116 48
177 116 50
177 116 52
177 116 54
177 116 56
176 116 40
176 116 42
176 116 44
176 116 46
176 116 48
176 116 50
176 116 52
176 116 54
175 116 40
175 116 42
175 116 44
175 116 46
175 116 48
175 116 50
175 115 40
175 115 42
175 115 44
175 115 46
175 115 48
175 115 50
175 115 52
174 115 40
174 115 42
174 115 44
174 115 46
174 115 48
174 115 50
174 114 40
174 114 42
174 114 44
174 114 46
174 114 48
174 114 50
174 114 52
173 114 40
173 114 42
173 114 44
173 114 46
173 114 48
173 113 40
173 113 42
173 113 44
173 113 46
173 113 48
173 113 50
172 113 40
172 113 42
172 113 44
172 113 46
172 113 48
172 112 40
172 112 42
172 112 44
172 112 46
172 112 48
171 112 40
171 112 42
171 112 44
171 111 40
171 111 42
171 111 44
171 110 40
171 110 42
171 110 44
171 109 40
171 109 42
171 109 44
171 108 40
171 108 42
171 108 44
171 107 40
171 107 42
171 107 44
171 106 40
171 106 42
171 106 44
172 106 40
172 106 42
172 106 44
172 106 46
172 106 48
172 106 50
172 105 40
172 105 42
172 105 44
172 105 46
172 105 48
172 105 50
173 105 40
173 105 42
173 105 44
173 105 46
173 105 48
173 105 50
173 105 52
173 105 54
173 105 56
173 105 58
173 104 40
173 104 42
173 104 44
173 104 46
173 104 48
173 104 50
173 104 52
173 104 54
173 104 56
174 104 40
174 104 42
174 104 44
174 104 46
174 104 48
174 104 50
174 104 52
174 104 54
174 104 56
174 104 58
174 104 60
174 104 62
174 104 64
174 103 40
174 103 42
174 103 44
174 103 46
174 103 48
174 103 50
174 103 52
174 103 54
174 103 56
174 103 58
174 103 60
174 103 62
175 103 40
175 103 42
175 103 44
175 103 46
175 103 48
175 103 50
175 103 52
175 103 54
175 103 56
175 103 58
175 103 60
175 103 62
175 103 64
175 103 66
175 103 68
175 103 70
176 103 40
176 103 42
176 103 44
176 103 46
176 103 48
176 103 50
176 103 52
176 103 54
176 103 56
176 103 58
176 103 60
176 103 62
176 103 64
176 103 66
176 103 68
176 103 70
176 103 72
176 103 74
176 103 76
176 102 40
176 102 42
176 102 44
176 102 46
176 102 48
176 102 50
176 102 52
176 102 54
176 102 56
176 102 58
176 102 60
176 102 62
176 102 64
176 102 66
176 102 68
176 102 70
176 102 72
176 101 40
176 101 42
176 101 44
176 101 46
176 101 48
176 101 50
176 101 52
176 101 54
176 101 56
176 101 58
176 101 60
176 101 62
176 101 64
176 101 66
176 101 68
177 101 40
177 101 42
177 101 44
177 101 46
177 101 48
177 101 50
177 101 52
177 101 54
177 101 56
177 101 58
177 101 60
177 101 62
177 101 64
177 101 66
177 101 68
177 101 70
178 101 40
178 101 42
178 101 44
178 101 46
178 101 48
178 101 50
178 101 52
178 101 54
178 101 56
178 101 58
178 101 60
178 101 62
178 101 64
178 101 66
178 101 68
178 101 70
178 100 40
178 100 42
178 100 44
178 100 46
178 100 48
178 100 50
178 100 52
178 100 54
178 100 56
178 100 58
178 100 60
178 100 62
178 100 64
178 100 66
178 100 68
178 99 40
178 99 42
178 99 44
178 99 46
178 99 48
178 99 50
178 99 52
178 99 54
178 99 56
178 99 58
178 99 60
178 99 62
178 99 64
179 99 40
179 99 42
179 99 44
179 99 46
179 99 48
179 99 50
179 99 52
179 99 54
179 99 56
179 99 58
179 99 60
179 99 62
180 99 40
180 99 42
180 99 44
180 99 46
180 99 48
180 99 50
180 99 52
180 99 54
180 99 56
180 98 40
180 98 42
180 98 44
180 98 46
180 98 48
180 98 50
180 98 52
180 98 54
180 98 56
181 98 40
181 98 42
181 98 44
181 98 46
181 98 48
181 98 50
181 97 40
181 97 42
181 97 44
181 97 46
181 97 48
181 97 50
181 96 40
181 96 42
181 96 44
181 96 46
181 96 48
181 96 50
181 96 52
182 96 40
182 96 42
182 96 44
182 96 46
182 96 48
182 95 40
182 95 42
182 95 44
182 95 46
182 95 48
182 95 50
183 95 40
183 95 42
183 95 44
183 95 46
183 94 40
183 94 42
183 94 44
183 94 46
183 94 48
184 94 40
184 94 42
184 94 44
184 94 46
184 93 40
184 93 42
184 93 44
184 93 46
184 93 48
185 93 40
185 93 42
185 93 44
185 93 46
185 92 40
185 92 42
185 92 44
185 92 46
185 92 48
186 92 40
186 92 42
186 92 44
186 92 46
186 91 40
186 91 42
186 91 44
186 91 46
186 91 48
187 91 40
187 91 42
187 91 44
187 91 46
187 90 40
187 90 42
187 90 44
187 90 46
187 90 48
188 90 40
188 90 42
188 90 44
188 90 46
188 89 40
188 89 42
188 89 44
188 89 46
188 89 48
189 88 40
189 88 42
189 88 44
189 88 46
189 88 48
190 88 40
190 88 42
190 88 44
190 88 46
190 87 40
190 87 42
190 87 44
190 87 46
191 87 40
191 87 42
191 87 44
191 86 40
191 86 42
191 86 44
192 86 40
192 86 42
192 86 44
192 85 40
192 85 42
192 85 44
192 84 40
192 84 42
192 84 44
192 83 40
192 83 42
192 83 44
192 83 46
192 82 40
192 82 42
192 82 44
192 82 46
192 82 48
192 81 40
192 81 42
192 81 44
192 81 46
192 81 48
192 80 40
192 80 42
192 80 44
192 80 46
192 80 48
192 80 50
192 79 40
192 79 42
192 79 44
192 79 46
192 79 48
192 79 50
