9 9 100
9 29 100
9 49 100
9 69 100
9 89 100
9 109 100
9 129 100
9 149 100
9 169 100
9 189 100
29 9 100
29 29 100
29 49 100
29 69 100
29 89 100
29 109 100
29 129 100
29 149 100
29 169 100
29 189 100
49 9 100
49 29 100
49 49 100
49 69 100
49 89 100
49 109 100
49 129 100
49 149 100
49 169 100
49 189 100
69 9 100
69 29 100
69 49 100
69 69 100
69 89 100
69 109 100
69 129 100
69 149 100
69 169 100
69 189 100
89 9 100
89 29 100
89 49 100
89 69 100
89 89 100
89 109 100
89 129 100
89 149 100
89 169 100
89 189 100
109 9 100
109 29 100
109 49 100
109 69 100
109 89 100
109 109 100
109 129 100
109 149 100
109 169 100
109 189 100
129 9 100
129 29 100
129 49 100
129 69 100
129 89 100
129 109 100
129 129 100
129 149 100
129 169 100
129 189 100
149 9 100
149 29 100
149 49 100
149 69 100
149 89 100
149 109 100
149 129 100
149 149 100
149 169 100
149 189 100
169 9 100
169 29 100
169 49 100
169 69 100
169 89 100
169 109 100
169 129 100
169 149 100
169 169 100
169 189 100
189 9 100
189 29 100
189 49 100
189 69 100
189 89 100
189 109 100
189 129 100
189 149 100
189 169 100
189 189 100
9 9 100
9 89 100
9 109 100
9 129 100
9 149 100
29 129 100
29 149 100
29 169 100
49 9 100
49 29 100
49 49 100
49 69 100
49 89 100
49 149 100
49 169 100
69 9 100
69 69 100
69 89 100
89 49 100
89 69 100
89 89 100
89 129 100
89 189 100
109 29 100
109 49 100
109 69 100
109 129 100
109 149 100
109 169 100
109 189 100
129 9 100
129 29 100
129 49 100
129 109 100
129 149 100
129 169 100
149 9 100
149 29 100
149 49 100
149 109 100
149 169 100
169 9 100
169 29 100
169 109 100
169 149 100
169 169 100
189 29 100
189 109 100
189 129 100
189 149 100
156 199 40
20 192 40
19 59 40
113 17 40
160 80 40
118 71 40
66 53 40
66 53 44
66 53 48
87 157 40
198 14 40
161 80 40
162 80 40
163 80 40
163 81 40
163 82 40
163 83 40
163 84 40
164 84 40
165 84 40
165 85 40
166 85 40
166 86 40
167 86 40
167 87 40
168 87 40
168 88 40
169 88 40
169 90 40
169 91 40
169 92 40
169 93 40
169 94 40
169 95 40
169 96 40
169 97 40
169 98 40
169 99 40
169 100 40
169 100 44
169 101 40
169 101 44
169 102 40
169 102 44
169 103 40
169 103 44
169 104 40
169 104 44
169 105 40
169 105 44
169 106 40
169 106 44
169 106 48
169 107 40
169 107 44
169 107 48
169 108 40
169 108 44
169 108 48
169 110 40
169 110 44
169 110 48
169 111 40
169 111 44
169 111 48
169 112 40
169 112 44
169 112 48
169 113 40
169 113 44
169 114 40
169 114 44
169 115 40
169 115 44
169 116 40
169 117 40
169 118 40
169 119 40
169 120 40
169 121 40
169 122 40
169 123 40
169 124 40
169 125 40
169 126 40
169 127 40
169 128 40
168 129 40
167 129 40
166 129 40
165 129 40
164 129 40
163 129 40
162 129 40
161 129 40
160 129 40
159 129 40
158 129 40
157 129 40
156 129 40
155 129 40
154 129 40
153 129 40
152 129 40
151 129 40
150 129 40
149 130 40
149 131 40
149 132 40
149 133 40
149 134 40
149 135 40
149 136 40
149 137 40
149 138 40
149 139 40
149 140 40
149 141 40
149 142 40
149 143 40
149 144 40
149 145 40
149 146 40
149 147 40
149 148 40
149 150 40
149 151 40
149 151 44
149 152 40
149 152 44
149 152 48
149 153 40
149 153 44
149 153 48
149 153 52
149 153 56
149 154 40
149 154 44
149 154 48
149 154 52
149 154 56
149 154 60
149 154 64
149 154 68
149 155 40
149 155 44
149 155 48
149 155 52
149 155 56
149 155 60
149 155 64
149 155 68
149 155 72
149 155 76
149 156 40
149 156 44
149 156 48
149 156 52
149 156 56
149 156 60
149 156 64
149 156 68
149 156 72
149 156 76
149 156 80
149 156 84
149 156 88
149 157 40
149 157 44
149 157 48
149 157 52
149 157 56
149 157 60
149 157 64
149 157 68
149 157 72
149 157 76
149 157 80
149 157 84
149 157 88
149 157 92
149 157 96
149 158 40
149 158 44
149 158 48
149 158 52
149 158 56
149 158 60
149 158 64
149 158 68
149 158 72
149 158 76
149 158 80
149 158 84
149 158 88
149 158 92
149 158 96
149 158 100
149 159 40
149 159 44
149 159 48
149 159 52
149 159 56
149 159 60
149 159 64
149 159 68
149 159 72
149 159 76
149 159 80
149 159 84
149 159 88
149 159 92
149 159 96
149 159 100
149 159 104
149 160 40
149 160 44
149 160 48
149 160 52
149 160 56
149 160 60
149 160 64
149 160 68
149 160 72
149 160 76
149 160 80
149 160 84
149 160 88
149 160 92
149 160 96
149 160 100
149 160 104
149 160 108
149 161 40
149 161 44
149 161 48
149 161 52
149 161 56
149 161 60
149 161 64
149 161 68
149 161 72
149 161 76
149 161 80
149 161 84
149 161 88
149 161 92
149 161 96
149 161 100
149 161 104
149 161 108
149 162 40
149 162 44
149 162 48
149 162 52
149 162 56
149 162 60
149 162 64
149 162 68
149 162 72
149 162 76
149 162 80
149 162 84
149 162 88
149 162 92
149 162 96
149 162 100
149 162 104
149 162 108
149 163 40
149 163 44
149 163 48
149 163 52
149 163 56
149 163 60
149 163 64
149 163 68
149 163 72
149 163 76
149 163 80
149 163 84
149 163 88
149 163 92
149 163 96
149 163 100
149 163 104
149 163 108
149 164 40
149 164 44
149 164 48
149 164 52
149 164 56
149 164 60
149 164 64
149 164 68
149 164 72
149 164 76
149 164 80
149 164 84
149 164 88
149 164 92
149 164 96
149 164 100
149 164 104
149 165 40
149 165 44
149 165 48
149 165 52
149 165 56
149 165 60
149 165 64
149 165 68
149 165 72
149 165 76
149 165 80
149 165 84
149 165 88
149 165 92
149 165 96
149 165 100
149 165 104
149 166 40
149 166 44
149 166 48
149 166 52
149 166 56
149 166 60
149 166 64
149 166 68
149 166 72
149 166 76
149 166 80
149 166 84
149 166 88
149 166 92
149 166 96
149 166 100
149 166 104
149 167 40
149 167 44
149 167 48
149 167 52
149 167 56
149 167 60
149 167 64
149 167 68
149 167 72
149 167 76
149 167 80
149 167 84
149 167 88
149 167 92
149 167 96
149 167 100
149 168 40
149 168 44
149 168 48
149 168 52
149 168 56
149 168 60
149 168 64
149 168 68
149 168 72
149 168 76
149 168 80
149 168 84
149 168 88
149 168 92
149 168 96
149 169 40
149 169 44
149 169 48
149 169 52
149 169 56
149 169 60
149 169 64
149 169 68
149 169 72
149 169 76
149 169 80
149 169 84
149 170 40
149 170 44
149 170 48
149 170 52
149 170 56
149 170 60
149 170 64
149 170 68
149 170 72
149 170 76
149 170 80
149 170 84
149 170 88
149 171 40
149 171 44
149 171 48
149 171 52
149 171 56
149 171 60
149 171 64
149 171 68
149 171 72
149 171 76
149 171 80
149 172 40
149 172 44
149 172 48
149 172 52
149 172 56
149 172 60
149 172 64
149 172 68
149 172 72
149 172 76
149 173 40
149 173 44
149 173 48
149 173 52
149 173 56
149 173 60
149 173 64
149 173 68
149 174 40
149 174 44
149 174 48
149 174 52
149 174 56
149 174 60
149 175 40
149 175 44
149 175 48
149 175 52
149 175 56
149 176 40
149 176 44
149 176 48
149 176 52
149 177 40
149 177 44
149 177 48
149 177 52
149 178 40
149 178 44
149 178 48
149 178 52
149 179 40
149 179 44
149 179 48
149 179 52
149 180 40
149 180 44
149 180 48
149 180 52
149 181 40
149 181 44
149 181 48
149 181 52
149 182 40
149 182 44
149 182 48
149 182 52
149 183 40
149 183 44
149 183 48
149 184 40
149 184 44
149 184 48
149 185 40
149 185 44
149 186 40
149 186 44
149 187 40
149 188 40
150 189 40
150 190 40
151 190 40
151 191 40
152 191 40
152 192 40
153 192 40
153 193 40
154 193 40
154 194 40
155 194 40
156 194 40
156 195 40
156 196 40
156 197 40
156 198 40
119 71 40
120 71 40
121 71 40
122 71 40
123 71 40
124 71 40
125 71 40
126 71 40
127 71 40
128 71 40
128 70 40
129 70 40
130 69 40
131 69 40
132 69 40
133 69 40
134 69 40
135 69 40
136 69 40
137 69 40
138 69 40
139 69 40
140 69 40
141 69 40
142 69 40
143 69 40
144 69 40
145 69 40
146 69 40
147 69 40
148 69 40
149 70 40
150 70 40
150 71 40
151 71 40
152 71 40
152 72 40
153 72 40
154 72 40
155 72 40
156 72 40
157 72 40
158 72 40
159 72 40
160 72 40
161 72 40
162 72 40
163 72 40
163 73 40
163 74 40
163 75 40
163 76 40
163 77 40
163 78 40
163 79 40
87 156 40
87 155 40
87 154 40
87 153 40
87 152 40
87 151 40
87 150 40
87 149 40
86 149 40
85 149 40
84 149 40
83 149 40
82 149 40
81 149 40
80 149 40
79 149 40
78 149 40
77 149 40
76 149 40
75 149 40
74 149 40
73 149 40
72 149 40
71 149 40
70 149 40
69 148 40
69 147 40
69 146 40
69 145 40
69 144 40
69 143 40
69 142 40
69 141 40
69 140 40
69 139 40
69 138 40
69 137 40
69 136 40
69 135 40
69 134 40
69 133 40
69 132 40
69 131 40
69 130 40
69 128 40
69 127 40
69 126 40
69 125 40
69 124 40
69 123 40
69 122 40
69 121 40
69 120 40
69 119 40
69 118 40
69 117 40
69 116 40
69 115 40
69 114 40
69 113 40
69 112 40
69 111 40
69 110 40
70 109 40
71 109 40
72 109 40
73 109 40
74 109 40
75 109 40
76 109 40
77 109 40
78 109 40
79 109 40
80 109 40
81 109 40
82 109 40
83 109 40
84 109 40
85 109 40
86 109 40
87 109 40
88 109 40
90 109 40
90 109 44
91 109 40
91 109 44
92 109 40
92 109 44
93 109 40
93 109 44
94 109 40
94 109 44
95 109 40
95 109 44
96 109 40
96 109 44
97 109 40
97 109 44
98 109 40
98 109 44
99 109 40
99 109 44
100 109 40
100 109 44
101 109 40
101 109 44
102 109 40
102 109 44
103 109 40
103 109 44
104 109 40
104 109 44
105 109 40
105 109 44
105 109 48
106 109 40
106 109 44
106 109 48
107 109 40
107 109 44
107 109 48
108 109 40
108 109 44
108 109 48
109 108 40
109 108 44
109 108 48
109 107 40
109 107 44
109 107 48
109 106 40
109 106 44
109 106 48
109 105 40
109 105 44
109 105 48
109 104 40
109 104 44
109 104 48
109 103 40
109 103 44
109 103 48
109 102 40
109 102 44
109 102 48
109 101 40
109 101 44
109 101 48
109 100 40
109 100 44
109 100 48
109 99 40
109 99 44
109 99 48
109 98 40
109 98 44
109 98 48
109 97 40
109 97 44
109 96 40
109 96 44
109 95 40
109 95 44
109 94 40
109 93 40
109 92 40
109 91 40
109 90 40
110 89 40
111 89 40
112 89 40
113 89 40
114 89 40
115 89 40
116 89 40
117 89 40
118 89 40
119 89 40
120 89 40
121 89 40
122 89 40
123 89 40
124 89 40
125 89 40
126 89 40
127 89 40
128 89 40
129 88 40
129 87 40
129 86 40
129 85 40
129 84 40
129 83 40
129 82 40
129 81 40
129 80 40
129 79 40
129 78 40
129 77 40
129 76 40
129 75 40
129 74 40
129 73 40
129 72 40
129 71 40
21 192 40
22 192 40
23 192 40
24 192 40
25 192 40
26 192 40
26 191 40
27 191 40
27 190 40
28 190 40
28 189 40
30 189 40
31 189 40
32 189 40
33 189 40
34 189 40
35 189 40
36 189 40
37 189 40
38 189 40
39 189 40
40 189 40
41 189 40
42 189 40
43 189 40
44 189 40
45 189 40
46 189 40
47 189 40
48 189 40
48 189 44
50 189 40
50 189 44
50 189 48
51 189 40
51 189 44
51 189 48
52 189 40
52 189 44
52 189 48
53 189 40
53 189 44
53 189 48
54 189 40
54 189 44
54 189 48
55 189 40
55 189 44
55 189 48
56 189 40
56 189 44
57 189 40
57 189 44
58 189 40
58 189 44
59 189 40
59 189 44
60 189 40
60 189 44
61 189 40
62 189 40
63 189 40
64 189 40
64 189 44
65 189 40
65 189 44
66 189 40
66 189 44
67 189 40
67 189 44
68 189 40
69 188 40
69 187 40
69 187 44
69 186 40
69 186 44
69 185 40
69 185 44
69 184 40
69 184 44
69 183 40
69 183 44
69 182 40
69 182 44
69 181 40
69 180 40
69 179 40
69 178 40
69 177 40
69 176 40
69 175 40
69 174 40
69 173 40
69 172 40
69 171 40
69 170 40
69 168 40
69 167 40
69 166 40
69 165 40
69 164 40
69 163 40
69 162 40
69 161 40
69 160 40
69 159 40
69 158 40
69 157 40
69 156 40
69 155 40
69 154 40
69 153 40
69 152 40
69 151 40
69 150 40
20 59 40
21 59 40
22 59 40
23 59 40
23 60 40
23 61 40
23 62 40
23 63 40
24 63 40
24 64 40
24 65 40
25 65 40
25 66 40
26 66 40
26 67 40
27 67 40
27 68 40
28 68 40
28 69 40
29 70 40
29 71 40
29 72 40
29 73 40
29 74 40
29 75 40
29 76 40
29 77 40
29 78 40
29 79 40
29 80 40
29 81 40
29 82 40
29 82 44
29 83 40
29 83 44
29 84 40
29 84 44
29 85 40
29 85 44
29 86 40
29 86 44
29 87 40
29 87 44
29 88 40
29 88 44
29 90 40
29 91 40
29 92 40
29 93 40
29 94 40
29 95 40
29 96 40
29 97 40
29 98 40
29 99 40
29 100 40
29 101 40
29 102 40
29 103 40
29 104 40
29 105 40
29 106 40
29 107 40
29 108 40
30 109 40
31 109 40
32 109 40
33 109 40
34 109 40
35 109 40
36 109 40
37 109 40
38 109 40
39 109 40
40 109 40
41 109 40
42 109 40
43 109 40
44 109 40
45 109 40
46 109 40
47 109 40
48 109 40
50 109 40
51 109 40
52 109 40
53 109 40
54 109 40
55 109 40
56 109 40
57 109 40
58 109 40
59 109 40
60 109 40
61 109 40
62 109 40
63 109 40
64 109 40
65 109 40
66 109 40
67 109 40
68 109 40
65 53 40
65 53 44
65 54 40
65 54 44
64 54 40
64 54 44
63 54 40
63 54 44
63 55 40
63 55 44
62 55 40
62 55 44
62 56 40
62 56 44
61 56 40
61 56 44
61 57 40
61 57 44
61 57 48
61 58 40
61 58 44
61 58 48
60 58 40
60 58 44
60 58 48
59 58 40
59 58 44
59 58 48
59 58 52
59 59 40
59 59 44
59 59 48
59 59 52
58 59 40
58 59 44
58 59 48
58 59 52
58 59 56
58 60 40
58 60 44
58 60 48
58 60 52
58 60 56
57 60 40
57 60 44
57 60 48
57 60 52
57 60 56
57 60 60
57 61 40
57 61 44
57 61 48
57 61 52
57 61 56
56 61 40
56 61 44
56 61 48
56 61 52
56 61 56
56 61 60
56 62 40
56 62 44
56 62 48
56 62 52
56 62 56
56 62 60
55 62 40
55 62 44
55 62 48
55 62 52
55 62 56
55 62 60
55 63 40
55 63 44
55 63 48
55 63 52
55 63 56
55 63 60
55 64 40
55 64 44
55 64 48
55 64 52
55 64 56
54 64 40
54 64 44
54 64 48
54 64 52
54 64 56
53 64 40
53 64 44
53 64 48
53 64 52
53 64 56
53 65 40
53 65 44
53 65 48
53 65 52
53 65 56
52 65 40
52 65 44
52 65 48
52 65 52
52 65 56
52 66 40
52 66 44
52 66 48
52 66 52
52 66 56
51 66 40
51 66 44
51 66 48
51 66 52
51 67 40
51 67 44
51 67 48
51 67 52
50 67 40
50 67 44
50 67 48
50 67 52
50 68 40
50 68 44
50 68 48
50 68 52
49 68 40
49 68 44
49 68 48
49 68 52
48 68 40
48 68 44
48 68 48
47 68 40
47 68 44
47 68 48
46 68 40
46 68 44
46 68 48
45 68 40
45 68 44
45 68 48
44 68 40
44 68 44
44 68 48
43 68 40
43 68 44
43 68 48
42 68 40
42 68 44
42 68 48
41 68 40
41 68 44
41 68 48
40 68 40
40 68 44
39 68 40
39 68 44
38 68 40
37 68 40
36 68 40
35 68 40
34 68 40
33 68 40
32 68 40
31 68 40
30 68 40
29 68 40
113 16 40
113 15 40
113 14 40
113 13 40
113 12 40
112 12 40
112 11 40
111 11 40
111 10 40
110 10 40
110 9 40
109 8 40
108 8 40
107 8 40
106 8 40
105 8 40
104 8 40
103 8 40
102 8 40
101 8 40
100 8 40
99 8 40
98 8 40
97 8 40
96 8 40
95 8 40
94 8 40
93 8 40
92 8 40
91 8 40
90 8 40
89 8 40
89 10 40
89 11 40
89 12 40
89 13 40
89 14 40
89 15 40
89 16 40
89 17 40
89 18 40
89 19 40
89 20 40
89 21 40
89 22 40
89 23 40
89 24 40
89 25 40
89 26 40
89 27 40
89 28 40
88 29 40
87 29 40
86 29 40
85 29 40
84 29 40
83 29 40
82 29 40
81 29 40
80 29 40
79 29 40
78 29 40
77 29 40
76 29 40
75 29 40
74 29 40
73 29 40
72 29 40
71 29 40
70 29 40
69 30 40
69 31 40
69 32 40
69 33 40
69 34 40
69 35 40
69 36 40
69 37 40
69 38 40
69 39 40
69 40 40
69 41 40
69 42 40
69 43 40
69 44 40
69 45 40
69 46 40
69 47 40
69 48 40
68 49 40
68 49 44
68 50 40
68 50 44
67 50 40
67 50 44
67 51 40
67 51 44
66 51 40
66 51 44
66 52 40
66 52 44
66 52 48
197 14 40
196 14 40
195 14 40
194 14 40
193 14 40
192 14 40
191 14 40
191 15 40
191 16 40
191 17 40
191 18 40
191 19 40
191 19 44
191 20 40
191 20 44
191 21 40
191 21 44
191 21 48
191 22 40
191 22 44
191 22 48
191 23 40
191 23 44
191 23 48
191 23 52
191 24 40
191 24 44
191 24 48
191 24 52
191 24 56
191 25 40
191 25 44
191 25 48
191 25 52
191 25 56
191 25 60
191 26 40
191 26 44
191 26 48
191 26 52
191 26 56
191 26 60
191 26 64
191 27 40
191 27 44
191 27 48
191 27 52
191 27 56
191 27 60
191 27 64
191 27 68
191 28 40
191 28 44
191 28 48
191 28 52
191 28 56
191 28 60
191 28 64
191 28 68
191 28 72
191 28 76
191 29 40
191 29 44
191 29 48
191 29 52
191 29 56
191 29 60
191 29 64
191 29 68
191 29 72
191 29 76
191 29 80
191 30 40
191 30 44
191 30 48
191 30 52
191 30 56
191 30 60
191 30 64
191 30 68
191 30 72
191 30 76
191 30 80
191 30 84
191 31 40
191 31 44
191 31 48
191 31 52
191 31 56
191 31 60
191 31 64
191 31 68
191 31 72
191 31 76
191 31 80
191 31 84
191 32 40
191 32 44
191 32 48
191 32 52
191 32 56
191 32 60
191 32 64
191 32 68
191 32 72
191 32 76
191 32 80
191 32 84
191 33 40
191 33 44
191 33 48
191 33 52
191 33 56
191 33 60
191 33 64
191 33 68
191 33 72
191 33 76
191 33 80
191 33 84
191 34 40
191 34 44
191 34 48
191 34 52
191 34 56
191 34 60
191 34 64
191 34 68
191 34 72
191 34 76
191 34 80
191 35 40
191 35 44
191 35 48
191 35 52
191 35 56
191 35 60
191 35 64
191 35 68
191 35 72
191 35 76
191 35 80
191 36 40
191 36 44
191 36 48
191 36 52
191 36 56
191 36 60
191 36 64
191 36 68
191 36 72
191 36 76
191 36 80
191 37 40
191 37 44
191 37 48
191 37 52
191 37 56
191 37 60
191 37 64
191 37 68
191 37 72
191 37 76
191 37 80
191 37 84
191 38 40
191 38 44
191 38 48
191 38 52
191 38 56
191 38 60
191 38 64
191 38 68
191 38 72
191 38 76
191 38 80
191 38 84
191 39 40
191 39 44
191 39 48
191 39 52
191 39 56
191 39 60
191 39 64
191 39 68
191 39 72
191 39 76
191 39 80
191 39 84
191 39 88
191 40 40
191 40 44
191 40 48
191 40 52
191 40 56
191 40 60
191 40 64
191 40 68
191 40 72
191 40 76
191 40 80
191 40 84
191 40 88
191 41 40
191 41 44
191 41 48
191 41 52
191 41 56
191 41 60
191 41 64
191 41 68
191 41 72
191 41 76
191 41 80
191 41 84
191 41 88
191 42 40
191 42 44
191 42 48
191 42 52
191 42 56
191 42 60
191 42 64
191 42 68
191 42 72
191 42 76
191 42 80
191 42 84
191 43 40
191 43 44
191 43 48
191 43 52
191 43 56
191 43 60
191 43 64
191 43 68
191 43 72
191 43 76
191 43 80
191 44 40
191 44 44
191 44 48
191 44 52
191 44 56
191 44 60
191 44 64
191 44 68
191 44 72
191 45 40
191 45 44
191 45 48
191 45 52
191 45 56
191 45 60
191 45 64
191 46 40
191 46 44
191 46 48
191 46 52
191 46 56
191 46 60
191 47 40
191 47 44
191 47 48
191 47 52
191 48 40
191 48 44
191 48 48
190 48 40
190 48 44
190 49 40
190 49 44
189 50 40
189 51 40
189 52 40
189 53 40
189 54 40
189 55 40
189 56 40
189 57 40
189 58 40
189 59 40
189 60 40
189 61 40
189 62 40
189 63 40
189 64 40
189 65 40
189 66 40
189 67 40
189 68 40
188 69 40
187 69 40
186 69 40
185 69 40
184 69 40
183 69 40
182 69 40
181 69 40
180 69 40
179 69 40
178 69 40
177 69 40
176 69 40
175 69 40
174 69 40
173 69 40
172 69 40
171 69 40
170 69 40
168 69 40
168 70 40
167 70 40
167 71 40
167 72 40
166 72 40
165 72 40
164 72 40
