9 9 100
9 29 100
9 49 100
9 69 100
9 89 100
9 109 100
9 129 100
9 149 100
9 169 100
9 189 100
29 9 100
29 29 100
29 49 100
29 69 100
29 89 100
29 109 100
29 129 100
29 149 100
29 169 100
29 189 100
49 9 100
49 29 100
49 49 100
49 69 100
49 89 100
49 109 100
49 129 100
49 149 100
49 169 100
49 189 100
69 9 100
69 29 100
69 49 100
69 69 100
69 89 100
69 109 100
69 129 100
69 149 100
69 169 100
69 189 100
89 9 100
89 29 100
89 49 100
89 69 100
89 89 100
89 109 100
89 129 100
89 149 100
89 169 100
89 189 100
109 9 100
109 29 100
109 49 100
109 69 100
109 89 100
109 109 100
109 129 100
109 149 100
109 169 100
109 189 100
129 9 100
129 29 100
129 49 100
129 69 100
129 89 100
129 109 100
129 129 100
129 149 100
129 169 100
129 189 100
149 9 100
149 29 100
149 49 100
149 69 100
149 89 100
149 109 100
149 129 100
149 149 100
149 169 100
149 189 100
169 9 100
169 29 100
169 49 100
169 69 100
169 89 100
169 109 100
169 129 100
169 149 100
169 169 100
169 189 100
189 9 100
189 29 100
189 49 100
189 69 100
189 89 100
189 109 100
189 129 100
189 149 100
189 169 100
189 189 100
9 9 100
9 69 100
9 89 100
9 109 100
9 129 100
9 149 100
9 169 100
9 189 100
29 9 100
29 29 100
29 69 100
29 89 100
29 149 100
29 169 100
29 189 100
49 9 100
49 29 100
49 49 100
49 69 100
49 89 100
69 9 100
69 29 100
69 49 100
69 69 100
69 89 100
69 109 100
69 149 100
69 189 100
89 9 100
89 29 100
89 69 100
89 89 100
89 109 100
89 129 100
89 149 100
89 169 100
89 189 100
109 9 100
109 29 100
109 129 100
109 149 100
109 169 100
109 189 100
129 9 100
129 29 100
129 49 100
129 69 100
129 129 100
129 149 100
129 169 100
129 189 100
149 49 100
149 69 100
149 89 100
149 129 100
149 149 100
149 169 100
149 189 100
169 49 100
169 69 100
169 89 100
169 109 100
169 129 100
169 149 100
169 169 100
169 189 100
189 29 100
189 49 100
189 89 100
189 109 100
189 129 100
189 189 100
1 31 40
188 155 40
115 116 40
61 65 40
61 65 104
61 65 168
61 65 232
55 167 40
54 167 40
53 167 40
52 167 40
51 167 40
50 167 40
50 167 104
49 167 40
49 167 104
49 166 40
49 166 104
49 165 40
49 165 104
49 164 40
49 164 104
49 163 40
49 163 104
49 162 40
49 162 104
49 161 40
49 161 104
49 160 40
49 160 104
49 159 40
49 159 104
49 158 40
49 158 104
49 157 40
49 157 104
49 156 40
49 156 104
49 155 40
49 155 104
49 154 40
49 154 104
49 153 40
49 153 104
49 152 40
49 152 104
49 151 40
49 151 104
49 150 40
49 150 104
49 148 40
49 148 104
49 147 40
49 147 104
49 146 40
49 146 104
49 145 40
49 145 104
49 144 40
49 144 104
49 143 40
49 143 104
49 142 40
49 142 104
49 141 40
49 141 104
49 140 40
49 140 104
49 139 40
49 139 104
49 138 40
49 137 40
49 136 40
49 135 40
49 134 40
49 133 40
49 132 40
49 131 40
49 130 40
49 128 40
49 127 40
49 126 40
49 125 40
49 124 40
49 123 40
49 122 40
49 121 40
49 120 40
49 119 40
49 118 40
49 117 40
49 116 40
49 115 40
49 114 40
49 113 40
49 112 40
49 111 40
49 110 40
49 110 104
48 109 40
48 109 104
47 109 40
46 109 40
45 109 40
44 109 40
43 109 40
42 109 40
41 109 40
40 109 40
39 109 40
38 109 40
37 109 40
36 109 40
35 109 40
34 109 40
33 109 40
33 109 104
32 109 40
32 109 104
31 109 40
31 109 104
30 109 40
30 109 104
29 108 40
29 108 104
29 107 40
29 107 104
29 106 40
29 106 104
29 105 40
29 105 104
29 104 40
29 104 104
29 103 40
29 103 104
29 102 40
29 102 104
29 102 168
29 101 40
29 101 104
29 101 168
29 100 40
29 100 104
29 100 168
29 99 40
29 99 104
29 99 168
29 98 40
29 98 104
29 98 168
29 98 232
29 97 40
29 97 104
29 97 168
29 97 232
29 96 40
29 96 104
29 96 168
29 96 232
29 95 40
29 95 104
29 95 168
29 95 232
29 94 40
29 94 104
29 94 168
29 94 232
29 94 296
29 93 40
29 93 104
29 93 168
29 93 232
29 93 296
29 92 40
29 92 104
29 92 168
29 92 232
29 92 296
29 91 40
29 91 104
29 91 168
29 91 232
29 91 296
29 90 40
29 90 104
29 90 168
29 90 232
29 89 40
29 89 104
29 89 168
29 88 40
29 88 104
29 88 168
29 88 232
29 87 40
29 87 104
29 87 168
29 87 232
29 86 40
29 86 104
29 86 168
29 85 40
29 85 104
29 85 168
29 84 40
29 84 104
29 84 168
29 83 40
29 83 104
29 83 168
29 82 40
29 82 104
29 82 168
29 81 40
29 81 104
29 81 168
29 80 40
29 80 104
29 80 168
29 79 40
29 79 104
29 79 168
29 78 40
29 78 104
29 78 168
29 77 40
29 77 104
29 77 168
29 76 40
29 76 104
29 76 168
29 75 40
29 75 104
29 75 168
29 74 40
29 74 104
29 74 168
29 73 40
29 73 104
29 73 168
29 72 40
29 72 104
29 72 168
29 71 40
29 71 104
29 71 168
29 70 40
29 70 104
29 68 40
29 68 104
29 67 40
29 67 104
29 66 40
29 66 104
29 65 40
29 65 104
29 64 40
29 64 104
29 63 40
29 63 104
29 62 40
29 62 104
29 61 40
29 61 104
29 60 40
29 60 104
29 59 40
29 59 104
29 58 40
29 58 104
29 57 40
29 57 104
29 56 40
29 56 104
29 55 40
29 55 104
29 54 40
29 54 104
29 53 40
29 53 104
29 52 40
29 52 104
29 51 40
29 50 40
28 49 40
27 49 40
26 49 40
25 49 40
24 49 40
23 49 40
22 49 40
21 49 40
20 49 40
19 49 40
18 49 40
17 49 40
16 49 40
15 49 40
14 49 40
13 49 40
12 49 40
11 49 40
10 49 40
8 49 40
7 49 40
6 49 40
5 49 40
4 49 40
3 49 40
2 49 40
1 49 40
1 48 40
1 47 40
1 46 40
1 45 40
1 44 40
1 43 40
1 42 40
1 41 40
1 40 40
1 39 40
1 38 40
1 37 40
1 36 40
1 35 40
1 34 40
1 33 40
1 32 40
