9 9 100
9 29 100
9 49 100
9 69 100
9 89 100
9 109 100
9 129 100
9 149 100
9 169 100
9 189 100
29 9 100
29 29 100
29 49 100
29 69 100
29 89 100
29 109 100
29 129 100
29 149 100
29 169 100
29 189 100
49 9 100
49 29 100
49 49 100
49 69 100
49 89 100
49 109 100
49 129 100
49 149 100
49 169 100
49 189 100
69 9 100
69 29 100
69 49 100
69 69 100
69 89 100
69 109 100
69 129 100
69 149 100
69 169 100
69 189 100
89 9 100
89 29 100
89 49 100
89 69 100
89 89 100
89 109 100
89 129 100
89 149 100
89 169 100
89 189 100
109 9 100
109 29 100
109 49 100
109 69 100
109 89 100
109 109 100
109 129 100
109 149 100
109 169 100
109 189 100
129 9 100
129 29 100
129 49 100
129 69 100
129 89 100
129 109 100
129 129 100
129 149 100
129 169 100
129 189 100
149 9 100
149 29 100
149 49 100
149 69 100
149 89 100
149 109 100
149 129 100
149 149 100
149 169 100
149 189 100
169 9 100
169 29 100
169 49 100
169 69 100
169 89 100
169 109 100
169 129 100
169 149 100
169 169 100
169 189 100
189 9 100
189 29 100
189 49 100
189 69 100
189 89 100
189 109 100
189 129 100
189 149 100
189 169 100
189 189 100
9 29 100
9 49 100
9 69 100
9 89 100
9 129 100
9 149 100
29 9 100
29 29 100
29 89 100
29 149 100
29 169 100
49 9 100
49 29 100
49 49 100
49 69 100
49 89 100
49 149 100
49 169 100
69 69 100
69 129 100
69 149 100
89 9 100
89 49 100
89 69 100
89 89 100
89 109 100
89 129 100
89 149 100
89 169 100
89 189 100
109 9 100
109 69 100
109 109 100
109 129 100
129 29 100
129 49 100
129 69 100
129 109 100
129 169 100
129 189 100
149 9 100
149 89 100
149 109 100
149 129 100
149 169 100
149 189 100
169 9 100
169 29 100
169 49 100
169 89 100
169 109 100
169 169 100
189 9 100
189 29 100
189 49 100
189 89 100
189 109 100
189 129 100
174 71 40
182 147 40
60 39 40
60 39 168
2 7 40
122 87 40
8 173 40
148 53 40
142 152 40
56 4 40
109 148 40
30 125 40
148 54 40
148 55 40
148 56 40
148 57 40
148 58 40
148 59 40
148 60 40
148 61 40
148 62 40
148 63 40
148 64 40
148 65 40
148 66 40
148 67 40
148 68 40
149 68 40
150 69 40
151 69 40
152 69 40
153 69 40
154 69 40
155 69 40
156 69 40
157 69 40
158 69 40
159 69 40
160 69 40
161 69 40
162 69 40
163 69 40
164 69 40
165 69 40
166 69 40
167 69 40
168 69 40
170 69 40
170 70 40
171 70 40
171 71 40
172 71 40
173 71 40
123 87 40
124 87 40
125 87 40
126 87 40
127 87 40
128 87 40
129 87 40
130 87 40
130 86 40
130 85 40
130 84 40
130 83 40
130 82 40
130 81 40
130 81 168
130 80 40
130 80 168
130 79 40
130 79 168
130 78 40
130 78 168
130 77 40
130 77 168
130 76 40
130 76 168
130 75 40
130 75 168
130 74 40
130 74 168
130 73 40
130 73 168
130 72 40
130 72 168
130 71 40
130 71 168
130 70 40
130 70 168
131 70 40
131 70 168
132 70 40
132 70 168
133 70 40
133 70 168
134 70 40
134 70 168
135 70 40
135 70 168
136 70 40
136 70 168
137 70 40
137 70 168
138 70 40
138 70 168
139 70 40
139 70 168
140 70 40
140 70 168
141 70 40
141 70 168
141 70 296
142 70 40
142 70 168
142 70 296
143 70 40
143 70 168
143 70 296
144 70 40
144 70 168
145 70 40
145 70 168
146 70 40
146 70 168
147 70 40
147 70 168
148 70 40
148 70 168
148 69 40
148 69 168
61 39 40
61 39 168
62 39 40
63 39 40
64 39 40
65 39 40
65 38 40
65 37 40
65 36 40
65 35 40
65 34 40
66 34 40
66 33 40
66 32 40
67 32 40
67 31 40
68 31 40
68 30 40
69 30 40
70 29 40
71 29 40
72 29 40
73 29 40
74 29 40
75 29 40
76 29 40
77 29 40
78 29 40
79 29 40
80 29 40
81 29 40
82 29 40
83 29 40
84 29 40
85 29 40
86 29 40
87 29 40
88 29 40
90 29 40
91 29 40
92 29 40
93 29 40
94 29 40
95 29 40
96 29 40
97 29 40
98 29 40
99 29 40
100 29 40
101 29 40
102 29 40
103 29 40
104 29 40
105 29 40
106 29 40
107 29 40
108 29 40
109 30 40
109 31 40
109 32 40
109 33 40
109 34 40
109 35 40
109 36 40
109 37 40
109 38 40
109 39 40
109 40 40
109 41 40
109 42 40
109 43 40
109 44 40
109 45 40
109 46 40
109 47 40
109 47 168
109 48 40
109 48 168
110 49 40
110 49 168
111 49 40
111 49 168
112 49 40
112 49 168
113 49 40
113 49 168
114 49 40
114 49 168
115 49 40
115 49 168
116 49 40
116 49 168
117 49 40
117 49 168
118 49 40
118 49 168
119 49 40
119 49 168
120 49 40
120 49 168
121 49 40
121 49 168
122 49 40
122 49 168
123 49 40
123 49 168
124 49 40
124 49 168
125 49 40
125 49 168
126 49 40
126 49 168
127 49 40
127 49 168
128 49 40
128 49 168
130 49 40
130 49 168
131 49 40
131 49 168
132 49 40
132 49 168
133 49 40
133 49 168
134 49 40
134 49 168
135 49 40
135 49 168
136 49 40
136 49 168
137 49 40
138 49 40
139 49 40
140 49 40
141 49 40
142 49 40
143 49 40
144 49 40
145 49 40
146 49 40
147 49 40
148 49 40
148 50 40
148 51 40
148 52 40
57 4 40
58 4 40
59 4 40
60 4 40
61 4 40
62 4 40
63 4 40
64 4 40
65 4 40
66 4 40
67 4 40
68 4 40
69 4 40
69 5 40
69 6 40
69 7 40
69 8 40
69 10 40
69 11 40
69 12 40
69 13 40
69 14 40
69 15 40
69 16 40
69 17 40
69 18 40
69 19 40
69 20 40
69 21 40
69 22 40
69 23 40
69 24 40
69 25 40
69 26 40
69 27 40
69 28 40
30 124 40
30 123 40
30 122 40
30 121 40
30 120 40
30 119 40
30 118 40
30 117 40
30 116 40
30 115 40
30 114 40
30 113 40
30 112 40
30 111 40
30 110 40
30 109 40
31 109 40
32 109 40
33 109 40
34 109 40
35 109 40
36 109 40
37 109 40
38 109 40
39 109 40
40 109 40
41 109 40
42 109 40
43 109 40
44 109 40
45 109 40
46 109 40
47 109 40
48 109 40
50 109 40
51 109 40
52 109 40
53 109 40
54 109 40
55 109 40
56 109 40
57 109 40
58 109 40
59 109 40
60 109 40
61 109 40
62 109 40
63 109 40
64 109 40
65 109 40
66 109 40
67 109 40
68 109 40
69 108 40
70 108 40
71 108 40
72 108 40
73 108 40
74 108 40
75 108 40
76 108 40
76 108 168
77 108 40
77 108 168
78 108 40
78 108 168
79 108 40
79 108 168
80 108 40
80 108 168
81 108 40
81 108 168
82 108 40
82 108 168
83 108 40
83 108 168
84 108 40
84 108 168
85 108 40
85 108 168
86 108 40
86 108 168
87 108 40
87 108 168
88 108 40
88 108 168
89 108 40
89 108 168
90 108 40
90 108 168
91 108 40
91 108 168
92 108 40
92 108 168
93 108 40
93 108 168
94 108 40
94 108 168
94 108 296
95 108 40
95 108 168
95 108 296
96 108 40
96 108 168
96 108 296
97 108 40
97 108 168
97 108 296
98 108 40
98 108 168
99 108 40
99 108 168
100 108 40
100 108 168
101 108 40
101 108 168
102 108 40
102 108 168
103 108 40
103 108 168
104 108 40
104 108 168
105 108 40
105 108 168
106 108 40
106 108 168
107 108 40
107 108 168
108 108 40
108 108 168
108 107 40
108 107 168
108 106 40
108 106 168
108 105 40
108 105 168
108 104 40
108 104 168
108 103 40
108 103 168
108 102 40
108 102 168
108 101 40
108 100 40
108 99 40
108 98 40
108 97 40
108 96 40
108 95 40
108 94 40
108 93 40
108 92 40
108 91 40
108 90 40
109 90 40
110 89 40
110 88 40
111 88 40
111 87 40
112 87 40
113 87 40
114 87 40
115 87 40
116 87 40
117 87 40
118 87 40
119 87 40
120 87 40
121 87 40
108 148 40
108 147 40
107 147 40
106 147 40
106 146 40
105 146 40
105 145 40
105 144 40
104 144 40
104 144 168
103 144 40
103 144 168
103 143 40
103 143 168
103 142 40
103 142 168
102 142 40
102 142 168
102 141 40
102 141 168
101 141 40
101 141 168
101 140 40
101 140 168
100 140 40
100 140 168
99 140 40
99 140 168
99 139 40
99 139 168
98 139 40
98 139 168
98 138 40
98 138 168
98 137 40
98 137 168
97 137 40
97 137 168
97 136 40
97 136 168
96 136 40
96 136 168
96 135 40
96 135 168
95 135 40
95 135 168
94 135 40
94 134 40
93 134 40
93 133 40
93 132 40
92 132 40
92 131 40
92 131 168
91 131 40
91 131 168
91 130 40
91 130 168
90 130 40
90 130 168
90 129 40
90 129 168
90 128 40
90 128 168
90 127 40
90 127 168
90 127 296
90 126 40
90 126 168
90 126 296
90 125 40
90 125 168
90 125 296
90 124 40
90 124 168
90 124 296
90 123 40
90 123 168
90 123 296
90 122 40
90 122 168
90 122 296
90 121 40
90 121 168
90 121 296
90 120 40
90 120 168
90 120 296
90 119 40
90 119 168
90 119 296
90 118 40
90 118 168
90 118 296
90 117 40
90 117 168
90 117 296
90 116 40
90 116 168
90 115 40
90 115 168
90 114 40
90 114 168
90 113 40
90 113 168
90 112 40
90 112 168
90 111 40
90 111 168
90 110 40
90 110 168
90 109 40
90 109 168
141 152 40
140 152 40
139 152 40
138 152 40
137 152 40
136 152 40
135 152 40
134 152 40
133 152 40
132 152 40
132 151 40
131 151 40
131 150 40
130 150 40
130 149 40
128 149 40
127 149 40
126 149 40
125 149 40
124 149 40
123 149 40
122 149 40
121 149 40
120 149 40
119 149 40
118 149 40
117 149 40
116 149 40
115 149 40
114 149 40
113 149 40
112 149 40
111 149 40
110 149 40
181 147 40
180 147 40
179 147 40
178 147 40
177 147 40
176 147 40
175 147 40
174 147 40
173 147 40
172 147 40
171 147 40
170 147 40
170 148 40
169 148 40
168 149 40
167 149 40
166 149 40
165 149 40
164 149 40
163 149 40
162 149 40
161 149 40
160 149 40
159 149 40
158 149 40
157 149 40
156 149 40
155 149 40
154 149 40
153 149 40
152 149 40
151 149 40
150 149 40
148 149 40
148 150 40
147 150 40
147 151 40
146 151 40
146 152 40
145 152 40
144 152 40
143 152 40
8 174 40
8 175 40
8 176 40
8 177 40
8 178 40
8 179 40
8 180 40
8 181 40
8 182 40
8 183 40
8 184 40
8 185 40
8 186 40
8 187 40
8 188 40
8 189 40
10 189 40
11 189 40
12 189 40
13 189 40
14 189 40
15 189 40
16 189 40
17 189 40
18 189 40
19 189 40
20 189 40
21 189 40
22 189 40
23 189 40
24 189 40
25 189 40
26 189 40
26 189 168
27 189 40
27 189 168
28 189 40
28 189 168
30 189 40
30 189 168
31 189 40
31 189 168
32 189 40
32 189 168
33 189 40
33 189 168
34 189 40
34 189 168
35 189 40
35 189 168
36 189 40
36 189 168
37 189 40
37 189 168
38 189 40
38 189 168
39 189 40
39 189 168
40 189 40
40 189 168
41 189 40
41 189 168
42 189 40
42 189 168
43 189 40
43 189 168
44 189 40
44 189 168
45 189 40
45 189 168
46 189 40
46 189 168
47 189 40
47 189 168
48 189 40
48 189 168
50 189 40
51 189 40
52 189 40
53 189 40
54 189 40
55 189 40
56 189 40
57 189 40
58 189 40
59 189 40
60 189 40
61 189 40
62 189 40
63 189 40
64 189 40
65 189 40
66 189 40
67 189 40
68 189 40
69 188 40
69 187 40
69 186 40
69 185 40
69 184 40
69 183 40
69 182 40
69 181 40
69 180 40
69 179 40
69 178 40
69 177 40
69 176 40
69 175 40
69 174 40
69 173 40
69 172 40
69 171 40
69 170 40
70 169 40
71 169 40
72 169 40
73 169 40
73 169 168
74 169 40
74 169 168
75 169 40
75 169 168
76 169 40
76 169 168
77 169 40
77 169 168
78 169 40
78 169 168
79 169 40
79 169 168
80 169 40
80 169 168
81 169 40
81 169 168
82 169 40
82 169 168
83 169 40
83 169 168
84 169 40
84 169 168
85 169 40
85 169 168
86 169 40
86 169 168
87 169 40
87 169 168
87 169 296
88 169 40
88 169 168
88 169 296
89 169 40
90 169 40
90 169 168
90 169 296
91 169 40
91 169 168
91 169 296
92 169 40
92 169 168
92 169 296
93 169 40
93 169 168
93 169 296
94 169 40
94 169 168
95 169 40
95 169 168
96 169 40
96 169 168
97 169 40
97 169 168
98 169 40
98 169 168
99 169 40
99 169 168
100 169 40
101 169 40
102 169 40
103 169 40
104 169 40
105 169 40
106 169 40
107 169 40
108 169 40
109 168 40
109 167 40
109 166 40
109 165 40
109 164 40
109 163 40
109 162 40
109 161 40
109 160 40
109 159 40
109 158 40
109 157 40
109 156 40
109 155 40
109 154 40
109 153 40
109 152 40
109 151 40
109 150 40
2 6 40
2 5 40
3 5 40
4 5 40
4 4 40
5 4 40
6 4 40
7 4 40
8 4 40
9 4 40
10 4 40
11 4 40
12 4 40
13 4 40
14 4 40
15 4 40
16 4 40
17 4 40
18 4 40
19 4 40
20 4 40
21 4 40
22 4 40
22 4 168
23 4 40
23 4 168
24 4 40
24 4 168
25 4 40
25 4 168
26 4 40
26 4 168
27 4 40
27 4 168
28 4 40
28 4 168
29 4 40
29 4 168
30 4 40
30 4 168
31 4 40
31 4 168
31 4 296
32 4 40
32 4 168
32 4 296
33 4 40
33 4 168
33 4 296
34 4 40
34 4 168
34 4 296
35 4 40
35 4 168
35 4 296
35 4 424
36 4 40
36 4 168
36 4 296
36 4 424
37 4 40
37 4 168
37 4 296
37 4 424
38 4 40
38 4 168
38 4 296
38 4 424
39 4 40
39 4 168
39 4 296
39 4 424
40 4 40
40 4 168
40 4 296
40 4 424
41 4 40
41 4 168
41 4 296
41 4 424
42 4 40
42 4 168
42 4 296
42 4 424
43 4 40
43 4 168
43 4 296
44 4 40
44 4 168
44 4 296
45 4 40
45 4 168
46 4 40
46 4 168
47 4 40
47 4 168
48 4 40
48 4 168
49 4 40
49 4 168
50 4 40
51 4 40
52 4 40
53 4 40
54 4 40
55 4 40
