9 9 100
9 29 100
9 49 100
9 69 100
9 89 100
9 109 100
9 129 100
9 149 100
9 169 100
9 189 100
29 9 100
29 29 100
29 49 100
29 69 100
29 89 100
29 109 100
29 129 100
29 149 100
29 169 100
29 189 100
49 9 100
49 29 100
49 49 100
49 69 100
49 89 100
49 109 100
49 129 100
49 149 100
49 169 100
49 189 100
69 9 100
69 29 100
69 49 100
69 69 100
69 89 100
69 109 100
69 129 100
69 149 100
69 169 100
69 189 100
89 9 100
89 29 100
89 49 100
89 69 100
89 89 100
89 109 100
89 129 100
89 149 100
89 169 100
89 189 100
109 9 100
109 29 100
109 49 100
109 69 100
109 89 100
109 109 100
109 129 100
109 149 100
109 169 100
109 189 100
129 9 100
129 29 100
129 49 100
129 69 100
129 89 100
129 109 100
129 129 100
129 149 100
129 169 100
129 189 100
149 9 100
149 29 100
149 49 100
149 69 100
149 89 100
149 109 100
149 129 100
149 149 100
149 169 100
149 189 100
169 9 100
169 29 100
169 49 100
169 69 100
169 89 100
169 109 100
169 129 100
169 149 100
169 169 100
169 189 100
189 9 100
189 29 100
189 49 100
189 69 100
189 89 100
189 109 100
189 129 100
189 149 100
189 169 100
189 189 100
9 29 100
9 49 100
9 89 100
9 149 100
9 169 100
9 189 100
29 89 100
29 149 100
29 169 100
49 9 100
49 69 100
49 89 100
49 149 100
49 169 100
69 9 100
69 29 100
69 69 100
69 89 100
69 109 100
69 169 100
69 189 100
89 29 100
89 69 100
89 89 100
89 109 100
89 149 100
89 169 100
89 189 100
109 29 100
109 49 100
109 149 100
129 29 100
129 49 100
129 69 100
129 149 100
149 49 100
149 89 100
149 109 100
149 169 100
149 189 100
169 69 100
169 109 100
169 129 100
169 149 100
189 9 100
189 29 100
189 109 100
189 129 100
189 169 100
189 189 100
64 144 40
188 90 40
87 11 40
87 11 56
135 72 40
62 66 40
62 66 56
105 102 40
133 136 40
41 4 40
105 103 40
105 104 40
106 104 40
106 105 40
106 106 40
107 106 40
107 107 40
108 107 40
108 108 40
109 108 40
109 110 40
109 111 40
109 112 40
109 113 40
109 114 40
109 115 40
109 116 40
109 117 40
109 118 40
109 119 40
109 120 40
109 121 40
109 122 40
109 123 40
109 124 40
109 125 40
109 126 40
109 127 40
109 128 40
108 129 40
107 129 40
106 129 40
105 129 40
104 129 40
103 129 40
102 129 40
101 129 40
100 129 40
99 129 40
98 129 40
97 129 40
96 129 40
95 129 40
94 129 40
93 129 40
92 129 40
91 129 40
90 129 40
88 129 40
88 129 56
87 129 40
87 129 56
87 129 72
86 129 40
86 129 56
86 129 72
85 129 40
85 129 56
85 129 72
85 129 88
84 129 40
84 129 56
84 129 72
84 129 88
84 129 104
83 129 40
83 129 56
83 129 72
83 129 88
83 129 104
82 129 40
82 129 56
82 129 72
82 129 88
82 129 104
81 129 40
81 129 56
81 129 72
81 129 88
81 129 104
80 129 40
80 129 56
80 129 72
80 129 88
80 129 104
79 129 40
79 129 56
79 129 72
79 129 88
79 129 104
78 129 40
78 129 56
78 129 72
78 129 88
77 129 40
77 129 56
77 129 72
77 129 88
76 129 40
76 129 56
76 129 72
76 129 88
75 129 40
75 129 56
75 129 72
75 129 88
74 129 40
74 129 56
74 129 72
73 129 40
73 129 56
73 129 72
72 129 40
72 129 56
72 129 72
71 129 40
71 129 56
71 129 72
70 129 40
70 129 56
69 130 40
68 130 40
68 131 40
67 131 40
67 132 40
67 133 40
67 134 40
67 135 40
67 136 40
67 137 40
67 138 40
67 139 40
67 140 40
67 141 40
67 142 40
67 143 40
67 143 56
67 144 40
67 144 56
66 144 40
66 144 56
65 144 40
133 135 40
133 134 40
133 133 40
133 132 40
132 132 40
132 131 40
131 131 40
131 130 40
130 130 40
130 129 40
128 129 40
127 129 40
126 129 40
125 129 40
124 129 40
123 129 40
122 129 40
121 129 40
120 129 40
119 129 40
118 129 40
117 129 40
116 129 40
115 129 40
114 129 40
113 129 40
112 129 40
111 129 40
110 129 40
134 72 40
133 72 40
132 72 40
131 72 40
131 72 56
130 72 40
130 72 56
130 73 40
130 73 56
130 74 40
130 74 56
130 75 40
130 76 40
130 76 56
130 77 40
130 77 56
130 78 40
130 78 56
130 79 40
130 79 56
130 80 40
130 80 56
130 81 40
130 81 56
130 82 40
130 82 56
130 83 40
130 83 56
130 84 40
130 84 56
130 85 40
130 85 56
130 86 40
130 86 56
130 87 40
130 87 56
130 88 40
130 88 56
129 88 40
129 88 56
128 89 40
128 89 56
127 89 40
127 89 56
126 89 40
126 89 56
125 89 40
125 89 56
124 89 40
124 89 56
123 89 40
123 89 56
122 89 40
121 89 40
120 89 40
119 89 40
118 89 40
117 89 40
116 89 40
115 89 40
114 89 40
113 89 40
112 89 40
111 89 40
110 89 40
109 90 40
108 90 40
108 91 40
107 91 40
107 92 40
106 92 40
106 93 40
106 94 40
106 95 40
106 96 40
106 97 40
106 98 40
106 99 40
106 100 40
106 101 40
106 102 40
188 89 40
189 88 40
189 87 40
189 86 40
189 85 40
189 84 40
189 83 40
189 82 40
189 81 40
189 80 40
189 79 40
189 78 40
189 77 40
189 76 40
189 75 40
189 74 40
189 73 40
189 72 40
189 71 40
189 70 40
189 68 40
189 67 40
189 66 40
189 65 40
189 64 40
189 63 40
189 62 40
189 61 40
189 60 40
189 59 40
189 58 40
189 57 40
189 56 40
189 55 40
189 54 40
189 53 40
189 52 40
189 51 40
189 50 40
188 49 40
187 49 40
186 49 40
185 49 40
184 49 40
183 49 40
182 49 40
181 49 40
180 49 40
179 49 40
178 49 40
177 49 40
176 49 40
175 49 40
174 49 40
173 49 40
172 49 40
171 49 40
170 49 40
168 49 40
168 49 56
168 50 40
168 50 56
167 50 40
167 50 56
166 50 40
166 50 56
165 50 40
165 50 56
165 50 72
164 50 40
164 50 56
164 50 72
163 50 40
163 50 56
163 50 72
163 50 88
162 50 40
162 50 56
162 50 72
162 50 88
161 50 40
161 50 56
161 50 72
161 50 88
161 50 104
160 50 40
160 50 56
160 50 72
160 50 88
160 50 104
159 50 40
159 50 56
159 50 72
159 50 88
159 50 104
158 50 40
158 50 56
158 50 72
158 50 88
158 50 104
157 50 40
157 50 56
157 50 72
157 50 88
157 50 104
156 50 40
156 50 56
156 50 72
156 50 88
156 50 104
155 50 40
155 50 56
155 50 72
155 50 88
154 50 40
154 50 56
154 50 72
154 50 88
153 50 40
153 50 56
153 50 72
153 50 88
152 50 40
152 50 56
152 50 72
152 50 88
151 50 40
151 50 56
151 50 72
150 50 40
150 50 56
150 50 72
150 51 40
150 51 56
150 51 72
150 52 40
150 52 56
150 53 40
150 53 56
150 54 40
150 54 56
150 55 40
150 55 56
150 56 40
150 56 56
150 57 40
150 57 56
150 58 40
150 58 56
150 59 40
150 59 56
150 60 40
150 60 56
150 61 40
150 61 56
150 62 40
150 62 56
150 63 40
150 64 40
150 65 40
150 66 40
150 67 40
150 68 40
149 68 40
148 69 40
148 70 40
147 70 40
147 71 40
146 71 40
146 72 40
145 72 40
144 72 40
143 72 40
142 72 40
141 72 40
140 72 40
139 72 40
138 72 40
137 72 40
136 72 40
87 10 40
87 10 56
88 10 40
88 10 56
88 9 40
88 9 56
89 8 40
89 8 56
89 7 40
89 7 56
90 7 40
91 7 40
92 7 40
93 7 40
94 7 40
95 7 40
96 7 40
97 7 40
98 7 40
99 7 40
100 7 40
101 7 40
102 7 40
103 7 40
104 7 40
105 7 40
106 7 40
107 7 40
108 7 40
109 7 40
110 7 40
111 7 40
112 7 40
113 7 40
114 7 40
115 7 40
116 7 40
117 7 40
118 7 40
119 7 40
120 7 40
121 7 40
122 7 40
123 7 40
124 7 40
125 7 40
126 7 40
127 7 40
128 7 40
129 7 40
130 7 40
131 7 40
132 7 40
133 7 40
134 7 40
135 7 40
136 7 40
137 7 40
138 7 40
139 7 40
140 7 40
141 7 40
142 7 40
143 7 40
144 7 40
145 7 40
146 7 40
147 7 40
148 7 40
149 7 40
149 8 40
149 10 40
149 11 40
149 12 40
149 13 40
149 14 40
149 15 40
149 16 40
149 17 40
149 18 40
149 19 40
149 20 40
149 21 40
149 22 40
149 23 40
149 24 40
149 25 40
149 26 40
149 27 40
149 28 40
150 29 40
150 30 40
150 31 40
150 32 40
150 33 40
150 34 40
150 35 40
150 36 40
150 37 40
150 37 56
150 38 40
150 38 56
150 39 40
150 39 56
150 40 40
150 40 56
150 40 72
150 41 40
150 41 56
150 41 72
150 42 40
150 42 56
150 42 72
150 42 88
150 43 40
150 43 56
150 43 72
150 43 88
150 43 104
150 44 40
150 44 56
150 44 72
150 44 88
150 44 104
150 45 40
150 45 56
150 45 72
150 45 88
150 45 104
150 46 40
150 46 56
150 46 72
150 46 88
150 46 104
150 47 40
150 47 56
150 47 72
150 47 88
150 47 104
150 48 40
150 48 56
150 48 72
150 48 88
150 49 40
150 49 56
150 49 72
150 49 88
40 4 40
39 4 40
38 4 40
37 4 40
36 4 40
35 4 40
34 4 40
33 4 40
32 4 40
31 4 40
30 4 40
29 4 40
29 5 40
29 6 40
29 7 40
29 8 40
29 10 40
29 11 40
29 12 40
29 13 40
29 14 40
29 15 40
29 16 40
29 17 40
29 18 40
29 19 40
29 20 40
29 21 40
29 22 40
29 23 40
29 24 40
29 25 40
29 26 40
29 27 40
29 28 40
29 30 40
29 31 40
29 32 40
29 33 40
29 34 40
29 35 40
29 36 40
29 37 40
29 38 40
29 39 40
29 40 40
29 41 40
29 42 40
29 43 40
29 44 40
29 45 40
29 46 40
29 47 40
29 48 40
29 50 40
29 50 56
29 51 40
29 51 56
29 52 40
29 52 56
29 52 72
29 53 40
29 53 56
29 53 72
29 54 40
29 54 56
29 54 72
29 54 88
29 55 40
29 55 56
29 55 72
29 55 88
29 56 40
29 56 56
29 56 72
29 57 40
29 57 56
29 57 72
29 58 40
29 58 56
29 58 72
29 59 40
29 59 56
29 60 40
29 60 56
29 61 40
29 61 56
29 62 40
29 62 56
29 63 40
29 63 56
29 64 40
29 64 56
29 65 40
29 65 56
29 66 40
29 66 56
29 67 40
29 67 56
29 68 40
29 68 56
28 69 40
27 69 40
26 69 40
25 69 40
24 69 40
23 69 40
22 69 40
21 69 40
20 69 40
19 69 40
18 69 40
17 69 40
16 69 40
15 69 40
14 69 40
13 69 40
12 69 40
11 69 40
10 69 40
8 69 40
7 69 40
7 70 40
7 71 40
7 72 40
7 73 40
7 74 40
7 75 40
7 76 40
7 77 40
7 78 40
7 79 40
7 80 40
7 80 56
7 81 40
7 81 56
7 82 40
7 82 56
7 83 40
7 83 56
7 84 40
7 84 56
7 85 40
7 85 56
7 86 40
7 86 56
7 86 72
7 87 40
7 87 56
7 87 72
7 88 40
7 88 56
7 88 72
7 89 40
7 89 56
7 89 72
7 90 40
7 90 56
7 90 72
7 90 88
7 91 40
7 91 56
7 91 72
7 91 88
7 91 104
7 92 40
7 92 56
7 92 72
7 92 88
7 92 104
7 93 40
7 93 56
7 93 72
7 93 88
7 93 104
7 93 120
7 94 40
7 94 56
7 94 72
7 94 88
7 94 104
7 94 120
7 95 40
7 95 56
7 95 72
7 95 88
7 95 104
7 95 120
7 96 40
7 96 56
7 96 72
7 96 88
7 96 104
7 96 120
7 97 40
7 97 56
7 97 72
7 97 88
7 97 104
7 98 40
7 98 56
7 98 72
7 98 88
7 98 104
7 99 40
7 99 56
7 99 72
7 99 88
7 100 40
7 100 56
7 100 72
7 100 88
7 101 40
7 101 56
7 101 72
7 102 40
7 102 56
7 102 72
7 103 40
7 103 56
7 103 72
7 104 40
7 104 56
7 104 72
7 105 40
7 105 56
7 105 72
7 106 40
7 106 56
7 107 40
7 107 56
7 108 40
7 108 56
7 109 40
7 109 56
7 110 40
7 111 40
7 112 40
7 113 40
7 114 40
7 115 40
7 116 40
7 117 40
7 118 40
7 119 40
7 120 40
7 121 40
7 122 40
7 123 40
7 124 40
7 125 40
7 126 40
7 127 40
7 128 40
7 129 40
8 129 40
10 129 40
11 129 40
12 129 40
13 129 40
14 129 40
15 129 40
16 129 40
17 129 40
18 129 40
19 129 40
20 129 40
21 129 40
22 129 40
23 129 40
24 129 40
25 129 40
26 129 40
27 129 40
28 129 40
30 129 40
31 129 40
32 129 40
33 129 40
34 129 40
35 129 40
36 129 40
37 129 40
38 129 40
39 129 40
40 129 40
41 129 40
42 129 40
43 129 40
44 129 40
45 129 40
46 129 40
47 129 40
48 129 40
50 129 40
51 129 40
52 129 40
53 129 40
54 129 40
55 129 40
56 129 40
57 129 40
58 129 40
59 129 40
60 129 40
61 129 40
62 129 40
63 129 40
64 129 40
65 129 40
66 129 40
67 129 40
68 129 40
62 65 40
62 64 40
62 63 40
62 62 40
62 61 40
62 60 40
62 59 40
62 58 40
62 57 40
62 56 40
62 55 40
62 54 40
62 53 40
62 52 40
61 52 40
60 52 40
59 52 40
58 52 40
57 52 40
56 52 40
55 52 40
54 52 40
53 52 40
52 52 40
52 51 40
51 51 40
51 50 40
50 50 40
50 49 40
48 49 40
47 49 40
46 49 40
45 49 40
44 49 40
43 49 40
42 49 40
41 49 40
40 49 40
39 49 40
38 49 40
37 49 40
36 49 40
35 49 40
34 49 40
33 49 40
32 49 40
31 49 40
30 49 40
