9 9 100
9 29 100
9 49 100
9 69 100
9 89 100
9 109 100
9 129 100
9 149 100
9 169 100
9 189 100
29 9 100
29 29 100
29 49 100
29 69 100
29 89 100
29 109 100
29 129 100
29 149 100
29 169 100
29 189 100
49 9 100
49 29 100
49 49 100
49 69 100
49 89 100
49 109 100
49 129 100
49 149 100
49 169 100
49 189 100
69 9 100
69 29 100
69 49 100
69 69 100
69 89 100
69 109 100
69 129 100
69 149 100
69 169 100
69 189 100
89 9 100
89 29 100
89 49 100
89 69 100
89 89 100
89 109 100
89 129 100
89 149 100
89 169 100
89 189 100
109 9 100
109 29 100
109 49 100
109 69 100
109 89 100
109 109 100
109 129 100
109 149 100
109 169 100
109 189 100
129 9 100
129 29 100
129 49 100
129 69 100
129 89 100
129 109 100
129 129 100
129 149 100
129 169 100
129 189 100
149 9 100
149 29 100
149 49 100
149 69 100
149 89 100
149 109 100
149 129 100
149 149 100
149 169 100
149 189 100
169 9 100
169 29 100
169 49 100
169 69 100
169 89 100
169 109 100
169 129 100
169 149 100
169 169 100
169 189 100
189 9 100
189 29 100
189 49 100
189 69 100
189 89 100
189 109 100
189 129 100
189 149 100
189 169 100
189 189 100
9 29 100
9 49 100
9 69 100
9 89 100
9 109 100
9 129 100
9 149 100
9 189 100
29 9 100
29 109 100
29 149 100
29 189 100
49 9 100
49 29 100
49 109 100
49 169 100
69 9 100
69 29 100
69 89 100
69 109 100
69 129 100
69 169 100
69 189 100
89 9 100
89 29 100
89 49 100
89 69 100
89 89 100
109 69 100
109 89 100
109 129 100
109 169 100
129 29 100
129 49 100
129 129 100
129 169 100
149 9 100
149 29 100
149 49 100
149 69 100
149 89 100
149 109 100
149 129 100
149 149 100
149 169 100
169 9 100
169 29 100
169 89 100
169 129 100
169 169 100
189 49 100
189 69 100
189 89 100
189 109 100
189 129 100
189 149 100
53 73 40
148 115 40
101 56 40
174 186 40
22 35 40
181 94 40
130 194 40
109 152 40
109 152 41
23 35 40
24 35 40
25 35 40
26 35 40
27 35 40
27 36 40
27 37 40
27 38 40
27 39 40
27 40 40
27 41 40
27 42 40
27 43 40
27 44 40
27 45 40
27 46 40
27 47 40
28 47 40
28 48 40
29 48 40
30 49 40
31 49 40
32 49 40
33 49 40
34 49 40
35 49 40
36 49 40
37 49 40
38 49 40
39 49 40
40 49 40
41 49 40
42 49 40
43 49 40
44 49 40
45 49 40
46 49 40
47 49 40
48 49 40
49 50 40
49 50 41
49 51 40
49 51 41
49 52 40
49 52 41
49 53 40
49 53 41
49 53 42
49 54 40
49 54 41
49 54 42
49 55 40
49 55 41
49 55 42
49 55 43
49 56 40
49 56 41
49 56 42
49 56 43
49 57 40
49 57 41
49 57 42
49 57 43
49 57 44
49 58 40
49 58 41
49 58 42
49 58 43
49 58 44
49 59 40
49 59 41
49 59 42
49 59 43
49 59 44
49 60 40
49 60 41
49 60 42
49 60 43
49 60 44
49 61 40
49 61 41
49 61 42
49 61 43
49 62 40
49 62 41
49 62 42
49 63 40
49 63 41
49 63 42
49 64 40
49 64 41
49 65 40
49 65 41
49 66 40
49 67 40
49 68 40
50 69 40
50 70 40
50 71 40
51 71 40
51 72 40
52 72 40
52 73 40
109 151 40
109 151 41
109 150 40
108 149 40
107 149 40
107 149 41
106 149 40
106 149 41
105 149 40
105 149 41
105 149 42
104 149 40
104 149 41
104 149 42
103 149 40
103 149 41
103 149 42
102 149 40
102 149 41
102 149 42
101 149 40
101 149 41
100 149 40
100 149 41
99 149 40
98 149 40
97 149 40
96 149 40
95 149 40
94 149 40
93 149 40
92 149 40
91 149 40
90 149 40
89 148 40
89 147 40
89 146 40
89 145 40
89 144 40
89 143 40
89 142 40
89 141 40
89 140 40
89 139 40
89 138 40
89 137 40
89 136 40
89 135 40
89 134 40
89 133 40
89 132 40
89 131 40
89 130 40
89 128 40
89 127 40
89 126 40
89 125 40
89 124 40
89 124 41
89 123 40
89 123 41
89 122 40
89 122 41
89 122 42
89 121 40
89 121 41
89 121 42
89 120 40
89 120 41
89 120 42
89 120 43
89 119 40
89 119 41
89 119 42
89 118 40
89 118 41
89 118 42
89 117 40
89 117 41
89 116 40
89 116 41
89 115 40
89 114 40
89 113 40
89 112 40
89 111 40
89 110 40
89 108 40
88 108 40
88 107 40
88 106 40
88 105 40
88 104 40
88 103 40
88 102 40
88 101 40
88 100 40
88 99 40
88 98 40
88 97 40
88 96 40
88 96 41
88 95 40
88 95 41
88 94 40
88 94 41
88 93 40
88 93 41
88 92 40
88 92 41
88 91 40
88 91 41
88 90 40
88 90 41
88 90 42
88 89 40
88 89 41
88 89 42
88 88 40
88 88 41
88 88 42
87 88 40
87 88 41
87 88 42
87 87 40
87 87 41
87 87 42
87 87 43
86 87 40
86 87 41
86 87 42
86 87 43
86 86 40
86 86 41
86 86 42
86 86 43
85 86 40
85 86 41
85 86 42
85 86 43
85 86 44
85 85 40
85 85 41
85 85 42
85 85 43
85 85 44
85 84 40
85 84 41
85 84 42
85 84 43
85 84 44
84 84 40
84 84 41
84 84 42
84 84 43
84 84 44
84 83 40
84 83 41
84 83 42
84 83 43
84 83 44
83 83 40
83 83 41
83 83 42
83 83 43
83 83 44
82 83 40
82 83 41
82 83 42
82 83 43
82 83 44
82 83 45
82 82 40
82 82 41
82 82 42
82 82 43
82 82 44
81 82 40
81 82 41
81 82 42
81 82 43
81 82 44
81 81 40
81 81 41
81 81 42
81 81 43
81 80 40
81 80 41
81 80 42
81 80 43
80 80 40
80 80 41
80 80 42
80 80 43
80 79 40
80 79 41
80 79 42
80 79 43
79 79 40
79 79 41
79 79 42
78 79 40
78 79 41
78 79 42
78 78 40
78 78 41
77 78 40
77 78 41
77 77 40
77 77 41
76 77 40
76 76 40
75 76 40
75 75 40
74 75 40
74 74 40
73 74 40
73 73 40
72 73 40
72 72 40
71 72 40
71 71 40
70 71 40
70 70 40
69 70 40
68 69 40
67 69 40
66 69 40
65 69 40
64 69 40
63 69 40
63 69 41
62 69 40
62 69 41
61 69 40
61 69 41
60 69 40
60 69 41
59 69 40
59 69 41
59 69 42
58 69 40
58 69 41
58 69 42
57 69 40
57 69 41
57 69 42
56 69 40
56 69 41
56 69 42
55 69 40
55 69 41
54 69 40
54 69 41
53 69 40
53 69 41
52 69 40
51 69 40
130 193 40
130 192 40
130 191 40
130 190 40
130 189 40
130 189 41
128 189 40
128 189 41
127 189 40
127 189 41
126 189 40
126 189 41
125 189 40
125 189 41
124 189 40
123 189 40
122 189 40
121 189 40
120 189 40
119 189 40
118 189 40
117 189 40
116 189 40
115 189 40
114 189 40
113 189 40
112 189 40
111 189 40
110 189 40
108 189 40
107 189 40
106 189 40
105 189 40
105 189 41
104 189 40
104 189 41
103 189 40
103 189 41
102 189 40
102 189 41
101 189 40
101 189 41
100 189 40
100 189 41
99 189 40
99 189 41
98 189 40
98 189 41
97 189 40
97 189 41
97 189 42
96 189 40
96 189 41
96 189 42
95 189 40
95 189 41
95 189 42
94 189 40
94 189 41
94 189 42
93 189 40
93 189 41
93 189 42
92 189 40
92 189 41
92 189 42
91 189 40
91 189 41
91 189 42
90 189 40
90 189 41
89 188 40
89 188 41
89 187 40
89 187 41
89 186 40
89 186 41
89 185 40
89 185 41
89 184 40
89 184 41
89 183 40
89 182 40
89 181 40
89 180 40
89 179 40
89 178 40
89 177 40
89 176 40
89 175 40
89 174 40
89 173 40
89 173 41
89 172 40
89 172 41
89 171 40
89 171 41
89 170 40
89 170 41
89 168 40
89 168 41
89 168 42
89 167 40
89 167 41
89 167 42
89 166 40
89 166 41
89 166 42
89 165 40
89 165 41
89 165 42
89 165 43
89 164 40
89 164 41
89 164 42
89 164 43
89 163 40
89 163 41
89 163 42
89 163 43
89 163 44
89 162 40
89 162 41
89 162 42
89 162 43
89 162 44
89 161 40
89 161 41
89 161 42
89 161 43
89 161 44
89 161 45
89 160 40
89 160 41
89 160 42
89 160 43
89 160 44
89 160 45
89 159 40
89 159 41
89 159 42
89 159 43
89 159 44
89 159 45
89 159 46
89 158 40
89 158 41
89 158 42
89 158 43
89 158 44
89 158 45
89 158 46
89 157 40
89 157 41
89 157 42
89 157 43
89 157 44
89 157 45
89 156 40
89 156 41
89 156 42
89 156 43
89 156 44
89 155 40
89 155 41
89 155 42
89 154 40
89 154 41
89 153 40
89 153 41
89 152 40
89 151 40
89 150 40
173 186 40
172 186 40
172 187 40
171 187 40
171 187 41
171 188 40
170 188 40
170 188 41
170 189 40
170 189 41
168 189 40
168 189 41
168 189 42
168 189 43
167 189 40
167 189 41
167 189 42
167 189 43
166 189 40
166 189 41
166 189 42
166 189 43
166 189 44
165 189 40
165 189 41
165 189 42
165 189 43
165 189 44
164 189 40
164 189 41
164 189 42
164 189 43
164 189 44
163 189 40
163 189 41
163 189 42
163 189 43
163 189 44
162 189 40
162 189 41
162 189 42
162 189 43
161 189 40
161 189 41
161 189 42
161 189 43
160 189 40
160 189 41
160 189 42
159 189 40
159 189 41
158 189 40
158 189 41
157 189 40
156 189 40
155 189 40
154 189 40
153 189 40
152 189 40
151 189 40
150 189 40
148 189 40
147 189 40
146 189 40
145 189 40
144 189 40
143 189 40
142 189 40
141 189 40
140 189 40
139 189 40
138 189 40
137 189 40
136 189 40
135 189 40
134 189 40
133 189 40
132 189 40
131 189 40
181 95 40
181 96 40
181 97 40
181 98 40
180 98 40
180 99 40
179 99 40
178 99 40
178 100 40
177 100 40
177 101 40
177 102 40
176 102 40
175 102 40
175 103 40
174 103 40
174 104 40
173 104 40
173 105 40
172 105 40
172 106 40
171 106 40
171 107 40
170 107 40
170 108 40
169 108 40
168 109 40
168 110 40
167 110 40
167 111 40
167 112 40
166 112 40
166 113 40
165 113 40
164 113 40
164 114 40
163 114 40
163 115 40
162 115 40
161 115 40
160 115 40
160 115 41
159 115 40
159 115 41
158 115 40
158 115 41
157 115 40
157 115 41
156 115 40
156 115 41
155 115 40
155 115 41
154 115 40
154 115 41
153 115 40
152 115 40
151 115 40
150 115 40
149 115 40
