9 9 100
9 29 100
9 49 100
9 69 100
9 89 100
9 109 100
9 129 100
9 149 100
9 169 100
9 189 100
29 9 100
29 29 100
29 49 100
29 69 100
29 89 100
29 109 100
29 129 100
29 149 100
29 169 100
29 189 100
49 9 100
49 29 100
49 49 100
49 69 100
49 89 100
49 109 100
49 129 100
49 149 100
49 169 100
49 189 100
69 9 100
69 29 100
69 49 100
69 69 100
69 89 100
69 109 100
69 129 100
69 149 100
69 169 100
69 189 100
89 9 100
89 29 100
89 49 100
89 69 100
89 89 100
89 109 100
89 129 100
89 149 100
89 169 100
89 189 100
109 9 100
109 29 100
109 49 100
109 69 100
109 89 100
109 109 100
109 129 100
109 149 100
109 169 100
109 189 100
129 9 100
129 29 100
129 49 100
129 69 100
129 89 100
129 109 100
129 129 100
129 149 100
129 169 100
129 189 100
149 9 100
149 29 100
149 49 100
149 69 100
149 89 100
149 109 100
149 129 100
149 149 100
149 169 100
149 189 100
169 9 100
169 29 100
169 49 100
169 69 100
169 89 100
169 109 100
169 129 100
169 149 100
169 169 100
169 189 100
189 9 100
189 29 100
189 49 100
189 69 100
189 89 100
189 109 100
189 129 100
189 149 100
189 169 100
189 189 100
9 49 100
9 69 100
9 89 100
9 109 100
9 129 100
9 149 100
9 169 100
29 29 100
29 49 100
29 69 100
29 89 100
29 109 100
29 169 100
49 29 100
49 49 100
49 89 100
69 9 100
69 89 100
69 109 100
69 169 100
69 189 100
89 9 100
89 29 100
89 49 100
89 69 100
89 89 100
89 109 100
89 149 100
89 169 100
89 189 100
109 29 100
109 49 100
109 69 100
109 129 100
109 169 100
129 109 100
129 129 100
149 109 100
149 129 100
149 149 100
169 9 100
169 29 100
169 49 100
169 69 100
169 129 100
169 149 100
189 69 100
189 89 100
189 109 100
189 129 100
189 149 100
189 169 100
12 199 40
12 199 56
123 9 40
143 176 40
123 147 40
25 69 40
25 69 56
10 33 40
60 199 40
159 85 40
25 177 40
25 177 56
25 177 72
25 177 88
73 150 40
52 10 40
53 166 40
124 147 40
125 147 40
126 147 40
127 147 40
127 148 40
128 148 40
128 149 40
129 150 40
129 151 40
129 152 40
129 153 40
129 154 40
129 155 40
129 156 40
129 157 40
129 158 40
129 159 40
129 160 40
129 161 40
129 162 40
129 163 40
129 164 40
129 165 40
129 166 40
129 167 40
129 168 40
130 169 40
130 170 40
131 170 40
131 171 40
132 171 40
132 172 40
133 172 40
134 172 40
135 172 40
136 172 40
137 172 40
138 172 40
139 172 40
140 172 40
141 172 40
142 172 40
143 172 40
143 173 40
143 174 40
143 175 40
52 166 40
51 166 40
51 167 40
50 167 40
50 168 40
49 168 40
49 170 40
49 171 40
49 172 40
49 173 40
49 174 40
49 175 40
49 176 40
49 177 40
49 178 40
49 179 40
49 180 40
49 181 40
49 182 40
49 183 40
49 184 40
49 185 40
49 186 40
49 187 40
49 188 40
48 189 40
47 189 40
46 189 40
45 189 40
44 189 40
43 189 40
42 189 40
41 189 40
40 189 40
39 189 40
38 189 40
37 189 40
36 189 40
35 189 40
34 189 40
33 189 40
32 189 40
31 189 40
30 189 40
28 189 40
27 189 40
26 189 40
25 189 40
24 189 40
23 189 40
23 189 56
22 189 40
22 189 56
21 189 40
21 189 56
20 189 40
20 189 56
19 189 40
19 189 56
19 189 72
18 189 40
18 189 56
18 189 72
17 189 40
17 189 56
17 189 72
16 189 40
16 189 56
16 189 72
15 189 40
15 189 56
15 189 72
14 189 40
14 189 56
14 189 72
13 189 40
13 189 56
13 189 72
12 189 40
12 189 56
12 190 40
12 190 56
12 191 40
12 191 56
12 192 40
12 192 56
12 193 40
12 193 56
12 194 40
12 194 56
12 195 40
12 195 56
12 196 40
12 196 56
12 197 40
12 197 56
12 198 40
12 198 56
72 150 40
71 150 40
70 150 40
69 150 40
68 149 40
67 149 40
66 149 40
65 149 40
64 149 40
63 149 40
62 149 40
61 149 40
60 149 40
59 149 40
58 149 40
57 149 40
56 149 40
55 149 40
54 149 40
53 149 40
52 149 40
51 149 40
50 149 40
49 150 40
49 151 40
49 152 40
49 153 40
49 154 40
49 155 40
49 156 40
49 157 40
49 158 40
49 159 40
49 160 40
49 161 40
49 162 40
49 163 40
49 164 40
49 165 40
49 166 40
49 167 40
25 178 40
25 178 56
25 178 72
25 179 40
25 179 56
25 179 72
25 180 40
25 180 56
25 180 72
25 181 40
25 181 56
25 181 72
25 182 40
25 182 56
25 182 72
25 183 40
25 183 56
25 184 40
25 184 56
25 185 40
25 185 56
25 186 40
25 186 56
25 187 40
25 187 56
25 188 40
59 199 40
58 199 40
57 199 40
56 199 40
55 199 40
54 199 40
54 198 40
54 197 40
54 196 40
54 195 40
54 194 40
53 194 40
53 193 40
52 193 40
52 192 40
51 192 40
51 191 40
50 191 40
50 190 40
49 190 40
158 85 40
157 85 40
156 85 40
155 85 40
154 85 40
153 85 40
152 85 40
151 85 40
150 85 40
150 84 40
150 83 40
150 82 40
150 81 40
150 80 40
150 79 40
150 78 40
150 77 40
150 76 40
150 75 40
150 74 40
150 73 40
150 72 40
150 71 40
150 70 40
150 70 56
149 70 40
149 68 40
149 68 56
149 67 40
149 67 56
149 66 40
149 66 56
149 65 40
149 65 56
149 65 72
149 64 40
149 64 56
149 64 72
149 63 40
149 63 56
149 63 72
149 62 40
149 62 56
149 62 72
149 61 40
149 61 56
149 61 72
149 60 40
149 60 56
149 59 40
149 59 56
149 58 40
149 58 56
149 57 40
149 57 56
149 56 40
149 56 56
149 55 40
149 54 40
149 53 40
149 52 40
149 51 40
149 50 40
149 48 40
149 47 40
149 46 40
149 45 40
149 44 40
149 43 40
149 42 40
149 41 40
149 40 40
149 39 40
149 38 40
149 37 40
149 36 40
149 35 40
149 34 40
149 33 40
149 32 40
149 31 40
149 30 40
149 28 40
149 27 40
149 26 40
149 25 40
149 24 40
149 23 40
149 22 40
149 21 40
149 20 40
149 19 40
149 18 40
149 17 40
149 16 40
149 15 40
149 14 40
149 13 40
149 12 40
149 11 40
149 10 40
149 8 40
148 8 40
147 8 40
146 8 40
145 8 40
144 8 40
143 8 40
142 8 40
141 8 40
140 8 40
139 8 40
138 8 40
137 8 40
136 8 40
135 8 40
134 8 40
133 8 40
132 8 40
131 8 40
130 8 40
129 8 40
128 9 40
127 9 40
126 9 40
125 9 40
124 9 40
26 69 40
26 69 56
27 69 40
27 69 56
28 69 40
28 69 56
30 69 40
30 69 56
30 69 72
31 69 40
31 69 56
31 69 72
32 69 40
32 69 56
32 69 72
32 69 88
33 69 40
33 69 56
33 69 72
33 69 88
33 69 104
34 69 40
34 69 56
34 69 72
34 69 88
34 69 104
35 69 40
35 69 56
35 69 72
35 69 88
35 69 104
35 69 120
36 69 40
36 69 56
36 69 72
36 69 88
36 69 104
36 69 120
37 69 40
37 69 56
37 69 72
37 69 88
37 69 104
37 69 120
37 69 136
38 69 40
38 69 56
38 69 72
38 69 88
38 69 104
38 69 120
38 69 136
39 69 40
39 69 56
39 69 72
39 69 88
39 69 104
39 69 120
39 69 136
40 69 40
40 69 56
40 69 72
40 69 88
40 69 104
40 69 120
40 69 136
41 69 40
41 69 56
41 69 72
41 69 88
41 69 104
41 69 120
42 69 40
42 69 56
42 69 72
42 69 88
42 69 104
42 69 120
43 69 40
43 69 56
43 69 72
43 69 88
43 69 104
44 69 40
44 69 56
44 69 72
44 69 88
45 69 40
45 69 56
45 69 72
45 69 88
46 69 40
46 69 56
46 69 72
47 69 40
47 69 56
48 69 40
48 69 56
49 70 40
49 70 56
49 71 40
49 71 56
49 72 40
49 72 56
49 73 40
49 73 56
49 74 40
49 74 56
49 74 72
49 75 40
49 75 56
49 75 72
49 76 40
49 76 56
49 76 72
49 77 40
49 77 56
49 77 72
49 78 40
49 78 56
49 78 72
49 79 40
49 79 56
49 79 72
49 80 40
49 80 56
49 80 72
49 81 40
49 81 56
49 81 72
49 82 40
49 82 56
49 82 72
49 83 40
49 83 56
49 83 72
49 84 40
49 84 56
49 84 72
49 85 40
49 85 56
49 86 40
49 86 56
49 87 40
49 87 56
49 88 40
49 88 56
49 88 72
49 90 40
49 90 56
49 90 72
49 91 40
49 91 56
49 91 72
49 92 40
49 92 56
49 92 72
49 93 40
49 93 56
49 93 72
49 94 40
49 94 56
49 94 72
49 95 40
49 95 56
49 95 72
49 96 40
49 96 56
49 96 72
49 97 40
49 97 56
49 97 72
49 98 40
49 98 56
49 99 40
49 99 56
49 100 40
49 100 56
49 101 40
49 102 40
49 103 40
49 104 40
49 105 40
49 106 40
49 107 40
49 108 40
49 110 40
49 111 40
49 112 40
49 113 40
49 114 40
49 115 40
49 116 40
49 117 40
49 118 40
49 119 40
49 120 40
49 121 40
49 122 40
49 123 40
49 124 40
49 125 40
49 126 40
49 127 40
49 128 40
49 130 40
49 131 40
49 132 40
49 133 40
49 134 40
49 135 40
49 136 40
49 137 40
49 138 40
49 139 40
49 140 40
49 141 40
49 142 40
49 143 40
49 144 40
49 145 40
49 146 40
49 147 40
49 148 40
51 10 40
50 10 40
49 10 40
49 11 40
49 12 40
49 13 40
49 14 40
49 15 40
49 16 40
49 17 40
49 18 40
49 19 40
49 19 56
49 20 40
49 20 56
49 21 40
49 21 56
49 22 40
49 22 56
49 23 40
49 23 56
49 24 40
49 24 56
49 25 40
49 25 56
49 26 40
49 26 56
49 26 72
49 27 40
49 27 56
49 27 72
49 28 40
49 28 56
49 28 72
49 30 40
49 30 56
49 30 72
49 30 88
49 31 40
49 31 56
49 31 72
49 31 88
49 32 40
49 32 56
49 32 72
49 32 88
49 32 104
49 33 40
49 33 56
49 33 72
49 33 88
49 33 104
49 34 40
49 34 56
49 34 72
49 34 88
49 34 104
49 35 40
49 35 56
49 35 72
49 35 88
49 35 104
49 36 40
49 36 56
49 36 72
49 36 88
49 36 104
49 37 40
49 37 56
49 37 72
49 37 88
49 37 104
49 38 40
49 38 56
49 38 72
49 38 88
49 39 40
49 39 56
49 39 72
49 39 88
49 40 40
49 40 56
49 40 72
49 40 88
49 41 40
49 41 56
49 41 72
49 41 88
49 42 40
49 42 56
49 42 72
49 43 40
49 43 56
49 43 72
49 44 40
49 44 56
49 44 72
49 45 40
49 45 56
49 45 72
49 46 40
49 46 56
49 46 72
49 47 40
49 47 56
49 47 72
49 48 40
49 48 56
49 48 72
49 50 40
49 50 56
49 50 72
49 51 40
49 51 56
49 51 72
49 51 88
49 52 40
49 52 56
49 52 72
49 52 88
49 53 40
49 53 56
49 53 72
49 53 88
49 54 40
49 54 56
49 54 72
49 54 88
49 55 40
49 55 56
49 55 72
49 55 88
49 56 40
49 56 56
49 56 72
49 56 88
49 57 40
49 57 56
49 57 72
49 57 88
49 58 40
49 58 56
49 58 72
49 59 40
49 59 56
49 59 72
49 60 40
49 60 56
49 60 72
49 61 40
49 61 56
49 61 72
49 62 40
49 62 56
49 63 40
49 63 56
49 64 40
49 64 56
49 65 40
49 65 56
49 66 40
49 66 56
49 67 40
49 67 56
49 68 40
49 68 56
10 32 40
10 31 40
10 30 40
10 29 40
10 28 40
11 28 40
12 28 40
13 28 40
14 28 40
15 28 40
16 28 40
17 28 40
18 28 40
19 28 40
20 28 40
21 28 40
22 28 40
23 28 40
24 28 40
24 28 56
25 28 40
25 28 56
26 28 40
26 28 56
27 28 40
27 28 56
28 28 40
28 28 56
29 28 40
29 28 56
29 28 72
30 28 40
30 28 56
30 28 72
31 28 40
31 28 56
31 28 72
31 28 88
32 28 40
32 28 56
32 28 72
32 28 88
32 28 104
33 28 40
33 28 56
33 28 72
33 28 88
33 28 104
33 28 120
34 28 40
34 28 56
34 28 72
34 28 88
34 28 104
34 28 120
34 28 136
35 28 40
35 28 56
35 28 72
35 28 88
35 28 104
35 28 120
35 28 136
35 28 152
36 28 40
36 28 56
36 28 72
36 28 88
36 28 104
36 28 120
36 28 136
36 28 152
37 28 40
37 28 56
37 28 72
37 28 88
37 28 104
37 28 120
37 28 136
37 28 152
37 28 168
38 28 40
38 28 56
38 28 72
38 28 88
38 28 104
38 28 120
38 28 136
38 28 152
38 28 168
39 28 40
39 28 56
39 28 72
39 28 88
39 28 104
39 28 120
39 28 136
39 28 152
39 28 168
40 28 40
40 28 56
40 28 72
40 28 88
40 28 104
40 28 120
40 28 136
40 28 152
40 28 168
41 28 40
41 28 56
41 28 72
41 28 88
41 28 104
41 28 120
41 28 136
41 28 152
42 28 40
42 28 56
42 28 72
42 28 88
42 28 104
42 28 120
42 28 136
42 28 152
43 28 40
43 28 56
43 28 72
43 28 88
43 28 104
43 28 120
43 28 136
44 28 40
44 28 56
44 28 72
44 28 88
44 28 104
44 28 120
45 28 40
45 28 56
45 28 72
45 28 88
45 28 104
46 28 40
46 28 56
46 28 72
46 28 88
46 28 104
47 28 40
47 28 56
47 28 72
47 28 88
48 28 40
48 28 56
48 28 72
48 28 88
