9 9 100
9 29 100
9 49 100
9 69 100
9 89 100
9 109 100
9 129 100
9 149 100
9 169 100
9 189 100
29 9 100
29 29 100
29 49 100
29 69 100
29 89 100
29 109 100
29 129 100
29 149 100
29 169 100
29 189 100
49 9 100
49 29 100
49 49 100
49 69 100
49 89 100
49 109 100
49 129 100
49 149 100
49 169 100
49 189 100
69 9 100
69 29 100
69 49 100
69 69 100
69 89 100
69 109 100
69 129 100
69 149 100
69 169 100
69 189 100
89 9 100
89 29 100
89 49 100
89 69 100
89 89 100
89 109 100
89 129 100
89 149 100
89 169 100
89 189 100
109 9 100
109 29 100
109 49 100
109 69 100
109 89 100
109 109 100
109 129 100
109 149 100
109 169 100
109 189 100
129 9 100
129 29 100
129 49 100
129 69 100
129 89 100
129 109 100
129 129 100
129 149 100
129 169 100
129 189 100
149 9 100
149 29 100
149 49 100
149 69 100
149 89 100
149 109 100
149 129 100
149 149 100
149 169 100
149 189 100
169 9 100
169 29 100
169 49 100
169 69 100
169 89 100
169 109 100
169 129 100
169 149 100
169 169 100
169 189 100
189 9 100
189 29 100
189 49 100
189 69 100
189 89 100
189 109 100
189 129 100
189 149 100
189 169 100
189 189 100
9 9 100
9 29 100
9 49 100
9 69 100
9 109 100
9 129 100
9 189 100
29 9 100
29 69 100
29 89 100
29 109 100
29 149 100
29 169 100
29 189 100
49 9 100
49 29 100
49 69 100
49 109 100
49 129 100
49 149 100
49 169 100
49 189 100
69 9 100
69 69 100
69 89 100
69 109 100
69 129 100
69 169 100
69 189 100
89 9 100
89 29 100
89 49 100
89 69 100
89 89 100
89 109 100
89 129 100
89 149 100
89 169 100
89 189 100
109 9 100
109 29 100
109 69 100
109 109 100
109 129 100
109 149 100
109 169 100
109 189 100
129 29 100
129 49 100
129 69 100
129 109 100
129 129 100
129 169 100
129 189 100
149 9 100
149 69 100
149 89 100
149 109 100
149 129 100
149 149 100
149 169 100
169 9 100
169 29 100
169 49 100
169 69 100
169 89 100
169 109 100
169 129 100
169 149 100
169 189 100
189 9 100
189 89 100
189 109 100
189 169 100
189 189 100
140 84 40
140 84 44
140 84 48
140 84 52
140 84 56
67 163 40
84 88 40
84 88 44
84 88 48
184 18 40
147 33 40
147 33 44
5 95 40
17 35 40
189 73 40
174 158 40
6 193 40
6 193 44
6 193 48
6 193 52
6 193 56
6 193 60
6 193 64
6 193 68
18 35 40
19 35 40
20 35 40
21 35 40
22 35 40
23 35 40
24 35 40
25 35 40
26 35 40
27 35 40
27 36 40
27 37 40
27 38 40
27 39 40
27 40 40
27 41 40
27 42 40
27 43 40
27 44 40
27 45 40
27 46 40
27 46 44
27 47 40
27 47 44
28 47 40
28 47 44
28 48 40
28 48 44
29 48 40
29 48 44
30 49 40
30 49 44
31 49 40
31 49 44
32 49 40
32 49 44
33 49 40
33 49 44
34 49 40
34 49 44
35 49 40
35 49 44
36 49 40
37 49 40
38 49 40
39 49 40
40 49 40
41 49 40
42 49 40
43 49 40
44 49 40
45 49 40
46 49 40
47 49 40
47 49 44
48 49 40
48 49 44
50 49 40
50 49 44
50 49 48
51 49 40
51 49 44
51 49 48
52 49 40
52 49 44
52 49 48
53 49 40
53 49 44
53 49 48
54 49 40
54 49 44
54 49 48
55 49 40
55 49 44
55 49 48
56 49 40
56 49 44
56 49 48
57 49 40
57 49 44
58 49 40
58 49 44
59 49 40
59 49 44
60 49 40
61 49 40
62 49 40
63 49 40
64 49 40
65 49 40
66 49 40
67 49 40
67 49 44
68 49 40
68 49 44
69 50 40
69 50 44
69 50 48
70 50 40
70 50 44
70 50 48
70 51 40
70 51 44
70 51 48
71 51 40
71 51 44
71 51 48
71 51 52
72 51 40
72 51 44
72 51 48
72 51 52
72 51 56
72 52 40
72 52 44
72 52 48
72 52 52
72 52 56
73 52 40
73 52 44
73 52 48
73 52 52
73 52 56
73 52 60
73 53 40
73 53 44
73 53 48
73 53 52
73 53 56
74 53 40
74 53 44
74 53 48
74 53 52
74 53 56
74 53 60
74 54 40
74 54 44
74 54 48
74 54 52
74 54 56
74 54 60
74 55 40
74 55 44
74 55 48
74 55 52
74 55 56
74 55 60
75 55 40
75 55 44
75 55 48
75 55 52
75 55 56
75 55 60
75 55 64
75 56 40
75 56 44
75 56 48
75 56 52
75 56 56
75 56 60
76 56 40
76 56 44
76 56 48
76 56 52
76 56 56
76 56 60
76 56 64
76 57 40
76 57 44
76 57 48
76 57 52
76 57 56
76 57 60
77 57 40
77 57 44
77 57 48
77 57 52
77 57 56
77 57 60
77 57 64
77 58 40
77 58 44
77 58 48
77 58 52
77 58 56
77 58 60
77 58 64
78 58 40
78 58 44
78 58 48
78 58 52
78 58 56
78 58 60
78 58 64
78 58 68
79 58 40
79 58 44
79 58 48
79 58 52
79 58 56
79 58 60
79 58 64
79 58 68
79 58 72
79 59 40
79 59 44
79 59 48
79 59 52
79 59 56
79 59 60
79 59 64
79 59 68
79 60 40
79 60 44
79 60 48
79 60 52
79 60 56
79 60 60
79 60 64
79 60 68
80 60 40
80 60 44
80 60 48
80 60 52
80 60 56
80 60 60
80 60 64
80 60 68
80 60 72
81 60 40
81 60 44
81 60 48
81 60 52
81 60 56
81 60 60
81 60 64
81 60 68
81 60 72
81 61 40
81 61 44
81 61 48
81 61 52
81 61 56
81 61 60
81 61 64
81 61 68
81 61 72
82 61 40
82 61 44
82 61 48
82 61 52
82 61 56
82 61 60
82 61 64
82 61 68
82 62 40
82 62 44
82 62 48
82 62 52
82 62 56
82 62 60
82 62 64
82 62 68
83 62 40
83 62 44
83 62 48
83 62 52
83 62 56
83 62 60
83 62 64
83 63 40
83 63 44
83 63 48
83 63 52
83 63 56
83 63 60
83 63 64
84 63 40
84 63 44
84 63 48
84 63 52
84 63 56
84 63 60
84 64 40
84 64 44
84 64 48
84 64 52
84 64 56
84 64 60
85 64 40
85 64 44
85 64 48
85 64 52
85 64 56
85 65 40
85 65 44
85 65 48
85 65 52
85 65 56
85 66 40
85 66 44
85 66 48
85 66 52
85 66 56
86 66 40
86 66 44
86 66 48
86 66 52
86 66 56
86 67 40
86 67 44
86 67 48
86 67 52
86 67 56
87 67 40
87 67 44
87 67 48
87 67 52
87 68 40
87 68 44
87 68 48
87 68 52
87 69 40
87 69 44
87 69 48
87 69 52
87 70 40
87 70 44
87 70 48
87 70 52
87 70 56
87 71 40
87 71 44
87 71 48
87 71 52
87 71 56
87 72 40
87 72 44
87 72 48
87 72 52
87 72 56
87 73 40
87 73 44
87 73 48
87 73 52
87 73 56
87 74 40
87 74 44
87 74 48
87 74 52
87 74 56
87 74 60
87 75 40
87 75 44
87 75 48
87 75 52
87 75 56
87 75 60
87 75 64
87 76 40
87 76 44
87 76 48
87 76 52
87 76 56
87 76 60
87 76 64
87 76 68
87 77 40
87 77 44
87 77 48
87 77 52
87 77 56
87 77 60
87 77 64
87 77 68
87 77 72
87 78 40
87 78 44
87 78 48
87 78 52
87 78 56
87 78 60
87 78 64
87 78 68
87 78 72
87 78 76
87 79 40
87 79 44
87 79 48
87 79 52
87 79 56
87 79 60
87 79 64
87 79 68
87 79 72
87 79 76
87 80 40
87 80 44
87 80 48
87 80 52
87 80 56
87 80 60
87 80 64
87 80 68
87 80 72
87 80 76
87 81 40
87 81 44
87 81 48
87 81 52
87 81 56
87 81 60
87 81 64
87 81 68
87 81 72
87 81 76
87 82 40
87 82 44
87 82 48
87 82 52
87 82 56
87 82 60
87 82 64
87 82 68
87 82 72
87 82 76
87 83 40
87 83 44
87 83 48
87 83 52
87 83 56
87 83 60
87 83 64
87 83 68
87 83 72
87 84 40
87 84 44
87 84 48
87 84 52
87 84 56
87 84 60
87 84 64
87 84 68
87 85 40
87 85 44
87 85 48
87 85 52
87 85 56
87 85 60
87 85 64
87 86 40
87 86 44
87 86 48
87 86 52
87 86 56
87 86 60
87 87 40
87 87 44
87 87 48
87 87 52
87 87 56
87 88 40
87 88 44
87 88 48
87 88 52
86 88 40
86 88 44
86 88 48
85 88 40
85 88 44
85 88 48
147 32 40
147 32 44
147 31 40
147 31 44
147 31 48
147 30 40
147 30 44
147 30 48
147 30 52
147 29 40
147 29 44
147 29 48
147 29 52
147 28 40
147 28 44
147 28 48
147 28 52
147 28 56
147 27 40
147 27 44
147 27 48
147 27 52
147 27 56
147 27 60
146 27 40
146 27 44
146 27 48
146 27 52
146 27 56
146 27 60
146 27 64
146 27 68
146 26 40
146 26 44
146 26 48
146 26 52
146 26 56
146 26 60
146 26 64
146 26 68
146 26 72
145 26 40
145 26 44
145 26 48
145 26 52
145 26 56
145 26 60
145 26 64
145 26 68
145 26 72
145 26 76
145 26 80
145 26 84
145 25 40
145 25 44
145 25 48
145 25 52
145 25 56
145 25 60
145 25 64
145 25 68
145 25 72
145 25 76
145 25 80
145 25 84
145 25 88
145 25 92
144 25 40
144 25 44
144 25 48
144 25 52
144 25 56
144 25 60
144 25 64
144 25 68
144 25 72
144 25 76
144 25 80
144 25 84
144 25 88
144 25 92
144 25 96
144 25 100
144 25 104
144 24 40
144 24 44
144 24 48
144 24 52
144 24 56
144 24 60
144 24 64
144 24 68
144 24 72
144 24 76
144 24 80
144 24 84
144 24 88
144 24 92
144 24 96
144 24 100
144 24 104
144 24 108
144 24 112
144 23 40
144 23 44
144 23 48
144 23 52
144 23 56
144 23 60
144 23 64
144 23 68
144 23 72
144 23 76
144 23 80
144 23 84
144 23 88
144 23 92
144 23 96
144 23 100
144 23 104
144 23 108
144 23 112
144 23 116
144 23 120
144 23 124
143 23 40
143 23 44
143 23 48
143 23 52
143 23 56
143 23 60
143 23 64
143 23 68
143 23 72
143 23 76
143 23 80
143 23 84
143 23 88
143 23 92
143 23 96
143 23 100
143 23 104
143 23 108
143 23 112
143 23 116
143 23 120
143 23 124
143 23 128
143 23 132
143 23 136
143 22 40
143 22 44
143 22 48
143 22 52
143 22 56
143 22 60
143 22 64
143 22 68
143 22 72
143 22 76
143 22 80
143 22 84
143 22 88
143 22 92
143 22 96
143 22 100
143 22 104
143 22 108
143 22 112
143 22 116
143 22 120
143 22 124
143 22 128
143 22 132
143 22 136
143 22 140
143 22 144
142 22 40
142 22 44
142 22 48
142 22 52
142 22 56
142 22 60
142 22 64
142 22 68
142 22 72
142 22 76
142 22 80
142 22 84
142 22 88
142 22 92
142 22 96
142 22 100
142 22 104
142 22 108
142 22 112
142 22 116
142 22 120
142 22 124
142 22 128
142 22 132
142 22 136
142 22 140
142 22 144
142 22 148
142 22 152
142 21 40
142 21 44
142 21 48
142 21 52
142 21 56
142 21 60
142 21 64
142 21 68
142 21 72
142 21 76
142 21 80
142 21 84
142 21 88
142 21 92
142 21 96
142 21 100
142 21 104
142 21 108
142 21 112
142 21 116
142 21 120
142 21 124
142 21 128
142 21 132
142 21 136
142 21 140
142 21 144
142 21 148
142 21 152
142 21 156
141 21 40
141 21 44
141 21 48
141 21 52
141 21 56
141 21 60
141 21 64
141 21 68
141 21 72
141 21 76
141 21 80
141 21 84
141 21 88
141 21 92
141 21 96
141 21 100
141 21 104
141 21 108
141 21 112
141 21 116
141 21 120
141 21 124
141 21 128
141 21 132
141 21 136
141 21 140
141 21 144
141 21 148
141 21 152
141 21 156
141 21 160
141 20 40
141 20 44
141 20 48
141 20 52
141 20 56
141 20 60
141 20 64
141 20 68
141 20 72
141 20 76
141 20 80
141 20 84
141 20 88
141 20 92
141 20 96
141 20 100
141 20 104
141 20 108
141 20 112
141 20 116
141 20 120
141 20 124
141 20 128
141 20 132
141 20 136
141 20 140
141 20 144
141 20 148
141 20 152
141 20 156
141 20 160
141 20 164
140 20 40
140 20 44
140 20 48
140 20 52
140 20 56
140 20 60
140 20 64
140 20 68
140 20 72
140 20 76
140 20 80
140 20 84
140 20 88
140 20 92
140 20 96
140 20 100
140 20 104
140 20 108
140 20 112
140 20 116
140 20 120
140 20 124
140 20 128
140 20 132
140 20 136
140 20 140
140 20 144
140 20 148
140 20 152
140 20 156
140 20 160
140 20 164
140 19 40
140 19 44
140 19 48
140 19 52
140 19 56
140 19 60
140 19 64
140 19 68
140 19 72
140 19 76
140 19 80
140 19 84
140 19 88
140 19 92
140 19 96
140 19 100
140 19 104
140 19 108
140 19 112
140 19 116
140 19 120
140 19 124
140 19 128
140 19 132
140 19 136
140 19 140
140 19 144
140 19 148
140 19 152
140 19 156
140 19 160
140 19 164
140 19 168
139 19 40
139 19 44
139 19 48
139 19 52
139 19 56
139 19 60
139 19 64
139 19 68
139 19 72
139 19 76
139 19 80
139 19 84
139 19 88
139 19 92
139 19 96
139 19 100
139 19 104
139 19 108
139 19 112
139 19 116
139 19 120
139 19 124
139 19 128
139 19 132
139 19 136
139 19 140
139 19 144
139 19 148
139 19 152
139 19 156
139 19 160
139 19 164
139 19 168
139 18 40
139 18 44
139 18 48
139 18 52
139 18 56
139 18 60
139 18 64
139 18 68
139 18 72
139 18 76
139 18 80
139 18 84
139 18 88
139 18 92
139 18 96
139 18 100
139 18 104
139 18 108
139 18 112
139 18 116
139 18 120
139 18 124
139 18 128
139 18 132
139 18 136
139 18 140
139 18 144
139 18 148
139 18 152
139 18 156
139 18 160
139 18 164
139 18 168
138 18 40
138 18 44
138 18 48
138 18 52
138 18 56
138 18 60
138 18 64
138 18 68
138 18 72
138 18 76
138 18 80
138 18 84
138 18 88
138 18 92
138 18 96
138 18 100
138 18 104
138 18 108
138 18 112
138 18 116
138 18 120
138 18 124
138 18 128
138 18 132
138 18 136
138 18 140
138 18 144
138 18 148
138 18 152
138 18 156
138 18 160
138 18 164
138 17 40
138 17 44
138 17 48
138 17 52
138 17 56
138 17 60
138 17 64
138 17 68
138 17 72
138 17 76
138 17 80
138 17 84
138 17 88
138 17 92
138 17 96
138 17 100
138 17 104
138 17 108
138 17 112
138 17 116
138 17 120
138 17 124
138 17 128
138 17 132
138 17 136
138 17 140
138 17 144
138 17 148
138 17 152
138 17 156
138 17 160
138 17 164
138 17 168
137 17 40
137 17 44
137 17 48
137 17 52
137 17 56
137 17 60
137 17 64
137 17 68
137 17 72
137 17 76
137 17 80
137 17 84
137 17 88
137 17 92
137 17 96
137 17 100
137 17 104
137 17 108
137 17 112
137 17 116
137 17 120
137 17 124
137 17 128
137 17 132
137 17 136
137 17 140
137 17 144
137 17 148
137 17 152
137 17 156
137 17 160
136 17 40
136 17 44
136 17 48
136 17 52
136 17 56
136 17 60
136 17 64
136 17 68
136 17 72
136 17 76
136 17 80
136 17 84
136 17 88
136 17 92
136 17 96
136 17 100
136 17 104
136 17 108
136 17 112
136 17 116
136 17 120
136 17 124
136 17 128
136 17 132
136 17 136
136 17 140
136 17 144
136 17 148
136 17 152
136 16 40
136 16 44
136 16 48
136 16 52
136 16 56
136 16 60
136 16 64
136 16 68
136 16 72
136 16 76
136 16 80
136 16 84
136 16 88
136 16 92
136 16 96
136 16 100
136 16 104
136 16 108
136 16 112
136 16 116
136 16 120
136 16 124
136 16 128
136 16 132
136 16 136
136 16 140
136 16 144
136 16 148
136 16 152
135 16 40
135 16 44
135 16 48
135 16 52
135 16 56
135 16 60
135 16 64
135 16 68
135 16 72
135 16 76
135 16 80
135 16 84
135 16 88
135 16 92
135 16 96
135 16 100
135 16 104
135 16 108
135 16 112
135 16 116
135 16 120
135 16 124
135 16 128
135 16 132
135 16 136
135 16 140
135 15 40
135 15 44
135 15 48
135 15 52
135 15 56
135 15 60
135 15 64
135 15 68
135 15 72
135 15 76
135 15 80
135 15 84
135 15 88
135 15 92
135 15 96
135 15 100
135 15 104
135 15 108
135 15 112
135 15 116
135 15 120
135 15 124
135 15 128
135 15 132
135 15 136
134 15 40
134 15 44
134 15 48
134 15 52
134 15 56
134 15 60
134 15 64
134 15 68
134 15 72
134 15 76
134 15 80
134 15 84
134 15 88
134 15 92
134 15 96
134 15 100
134 15 104
134 15 108
134 15 112
134 15 116
134 15 120
134 14 40
134 14 44
134 14 48
134 14 52
134 14 56
134 14 60
134 14 64
134 14 68
134 14 72
134 14 76
134 14 80
134 14 84
134 14 88
134 14 92
134 14 96
134 14 100
134 14 104
134 14 108
133 14 40
133 14 44
133 14 48
133 14 52
133 14 56
133 14 60
133 14 64
133 14 68
133 14 72
133 14 76
133 14 80
133 14 84
133 14 88
133 14 92
133 13 40
133 13 44
133 13 48
133 13 52
133 13 56
133 13 60
133 13 64
133 13 68
133 13 72
133 13 76
133 13 80
133 12 40
133 12 44
133 12 48
133 12 52
133 12 56
133 12 60
133 12 64
133 12 68
132 12 40
132 12 44
132 12 48
132 12 52
132 12 56
132 11 40
132 11 44
132 11 48
131 11 40
131 11 44
131 10 40
130 10 40
129 10 40
128 10 40
127 10 40
126 10 40
125 10 40
124 10 40
123 10 40
122 10 40
121 10 40
120 10 40
119 10 40
118 10 40
117 10 40
116 10 40
115 10 40
114 10 40
113 10 40
112 10 40
111 10 40
110 10 40
110 10 44
110 11 40
110 11 44
110 12 40
110 13 40
110 14 40
110 15 40
110 16 40
110 17 40
110 18 40
110 19 40
110 20 40
110 21 40
110 22 40
110 23 40
110 24 40
110 25 40
110 25 44
110 26 40
110 26 44
110 27 40
110 27 44
110 27 48
110 28 40
110 28 44
110 28 48
110 29 40
110 29 44
110 29 48
110 29 52
110 30 40
110 30 44
110 30 48
110 30 52
110 30 56
110 31 40
110 31 44
110 31 48
110 31 52
110 31 56
110 31 60
110 32 40
110 32 44
110 32 48
110 32 52
110 32 56
110 32 60
110 32 64
110 33 40
110 33 44
110 33 48
110 33 52
110 33 56
110 33 60
110 33 64
110 33 68
110 34 40
110 34 44
110 34 48
110 34 52
110 34 56
110 34 60
110 34 64
110 34 68
110 35 40
110 35 44
110 35 48
110 35 52
110 35 56
110 35 60
110 35 64
110 35 68
110 36 40
110 36 44
110 36 48
110 36 52
110 36 56
110 36 60
110 36 64
110 37 40
110 37 44
110 37 48
110 37 52
110 37 56
110 37 60
110 38 40
110 38 44
110 38 48
110 38 52
110 38 56
110 39 40
110 39 44
110 39 48
110 40 40
110 40 44
110 41 40
110 41 44
110 42 40
110 43 40
110 44 40
110 45 40
110 46 40
110 47 40
110 48 40
109 48 40
108 49 40
108 50 40
107 50 40
107 51 40
106 51 40
106 52 40
105 52 40
105 53 40
104 53 40
104 54 40
104 55 40
103 55 40
102 55 40
102 56 40
101 56 40
101 57 40
100 57 40
100 58 40
99 58 40
99 59 40
98 59 40
98 60 40
97 60 40
97 61 40
96 61 40
96 62 40
96 62 44
95 62 40
95 62 44
95 63 40
95 63 44
94 63 40
94 63 44
94 64 40
94 64 44
93 64 40
93 64 44
93 64 48
93 65 40
93 65 44
93 65 48
93 66 40
93 66 44
93 66 48
92 66 40
92 66 44
92 66 48
92 67 40
92 67 44
92 67 48
92 67 52
91 67 40
91 67 44
91 67 48
91 67 52
90 67 40
90 67 44
90 67 48
90 67 52
89 67 40
89 67 44
89 67 48
89 67 52
88 67 40
88 67 44
88 67 48
88 67 52
5 94 40
5 93 40
5 92 40
5 91 40
5 90 40
5 90 44
5 89 40
5 89 44
6 89 40
6 89 44
7 89 40
7 89 44
8 89 40
8 89 44
9 88 40
9 88 44
10 88 40
10 88 44
11 88 40
12 88 40
13 88 40
14 88 40
15 88 40
16 88 40
16 88 44
17 88 40
17 88 44
18 88 40
18 88 44
19 88 40
19 88 44
19 88 48
20 88 40
20 88 44
20 88 48
20 88 52
21 88 40
21 88 44
21 88 48
21 88 52
22 88 40
22 88 44
22 88 48
22 88 52
22 88 56
23 88 40
23 88 44
23 88 48
23 88 52
23 88 56
23 88 60
24 88 40
24 88 44
24 88 48
24 88 52
24 88 56
24 88 60
24 88 64
25 88 40
25 88 44
25 88 48
25 88 52
25 88 56
25 88 60
25 88 64
26 88 40
26 88 44
26 88 48
26 88 52
26 88 56
26 88 60
26 88 64
27 88 40
27 88 44
27 88 48
27 88 52
27 88 56
27 88 60
27 88 64
28 88 40
28 88 44
28 88 48
28 88 52
28 88 56
28 88 60
28 87 40
28 87 44
28 87 48
28 87 52
28 87 56
28 87 60
28 87 64
28 86 40
28 86 44
28 86 48
28 86 52
28 86 56
28 86 60
28 86 64
28 86 68
28 85 40
28 85 44
28 85 48
28 85 52
28 85 56
28 85 60
28 85 64
28 85 68
28 85 72
28 84 40
28 84 44
28 84 48
28 84 52
28 84 56
28 84 60
28 84 64
28 84 68
28 84 72
28 84 76
28 83 40
28 83 44
28 83 48
28 83 52
28 83 56
28 83 60
28 83 64
28 83 68
28 83 72
28 83 76
28 83 80
28 83 84
28 82 40
28 82 44
28 82 48
28 82 52
28 82 56
28 82 60
28 82 64
28 82 68
28 82 72
28 82 76
28 82 80
28 82 84
28 82 88
28 82 92
28 81 40
28 81 44
28 81 48
28 81 52
28 81 56
28 81 60
28 81 64
28 81 68
28 81 72
28 81 76
28 81 80
28 81 84
28 81 88
28 81 92
28 81 96
28 80 40
28 80 44
28 80 48
28 80 52
28 80 56
28 80 60
28 80 64
28 80 68
28 80 72
28 80 76
28 80 80
28 80 84
28 80 88
28 80 92
28 80 96
28 80 100
28 80 104
28 79 40
28 79 44
28 79 48
28 79 52
28 79 56
28 79 60
28 79 64
28 79 68
28 79 72
28 79 76
28 79 80
28 79 84
28 79 88
28 79 92
28 79 96
28 79 100
28 79 104
28 79 108
28 79 112
28 79 116
28 78 40
28 78 44
28 78 48
28 78 52
28 78 56
28 78 60
28 78 64
28 78 68
28 78 72
28 78 76
28 78 80
28 78 84
28 78 88
28 78 92
28 78 96
28 78 100
28 78 104
28 78 108
28 78 112
28 78 116
28 78 120
28 78 124
28 78 128
28 77 40
28 77 44
28 77 48
28 77 52
28 77 56
28 77 60
28 77 64
28 77 68
28 77 72
28 77 76
28 77 80
28 77 84
28 77 88
28 77 92
28 77 96
28 77 100
28 77 104
28 77 108
28 77 112
28 77 116
28 77 120
28 77 124
28 77 128
28 77 132
28 77 136
28 77 140
28 76 40
28 76 44
28 76 48
28 76 52
28 76 56
28 76 60
28 76 64
28 76 68
28 76 72
28 76 76
28 76 80
28 76 84
28 76 88
28 76 92
28 76 96
28 76 100
28 76 104
28 76 108
28 76 112
28 76 116
28 76 120
28 76 124
28 76 128
28 76 132
28 76 136
28 76 140
28 76 144
28 76 148
28 76 152
28 76 156
28 75 40
28 75 44
28 75 48
28 75 52
28 75 56
28 75 60
28 75 64
28 75 68
28 75 72
28 75 76
28 75 80
28 75 84
28 75 88
28 75 92
28 75 96
28 75 100
28 75 104
28 75 108
28 75 112
28 75 116
28 75 120
28 75 124
28 75 128
28 75 132
28 75 136
28 75 140
28 75 144
28 75 148
28 75 152
28 75 156
28 75 160
28 75 164
28 75 168
28 74 40
28 74 44
28 74 48
28 74 52
28 74 56
28 74 60
28 74 64
28 74 68
28 74 72
28 74 76
28 74 80
28 74 84
28 74 88
28 74 92
28 74 96
28 74 100
28 74 104
28 74 108
28 74 112
28 74 116
28 74 120
28 74 124
28 74 128
28 74 132
28 74 136
28 74 140
28 74 144
28 74 148
28 74 152
28 74 156
28 74 160
28 74 164
28 74 168
28 74 172
28 74 176
28 73 40
28 73 44
28 73 48
28 73 52
28 73 56
28 73 60
28 73 64
28 73 68
28 73 72
28 73 76
28 73 80
28 73 84
28 73 88
28 73 92
28 73 96
28 73 100
28 73 104
28 73 108
28 73 112
28 73 116
28 73 120
28 73 124
28 73 128
28 73 132
28 73 136
28 73 140
28 73 144
28 73 148
28 73 152
28 73 156
28 73 160
28 73 164
28 73 168
28 73 172
28 73 176
28 73 180
28 73 184
28 72 40
28 72 44
28 72 48
28 72 52
28 72 56
28 72 60
28 72 64
28 72 68
28 72 72
28 72 76
28 72 80
28 72 84
28 72 88
28 72 92
28 72 96
28 72 100
28 72 104
28 72 108
28 72 112
28 72 116
28 72 120
28 72 124
28 72 128
28 72 132
28 72 136
28 72 140
28 72 144
28 72 148
28 72 152
28 72 156
28 72 160
28 72 164
28 72 168
28 72 172
28 72 176
28 72 180
28 72 184
28 72 188
28 71 40
28 71 44
28 71 48
28 71 52
28 71 56
28 71 60
28 71 64
28 71 68
28 71 72
28 71 76
28 71 80
28 71 84
28 71 88
28 71 92
28 71 96
28 71 100
28 71 104
28 71 108
28 71 112
28 71 116
28 71 120
28 71 124
28 71 128
28 71 132
28 71 136
28 71 140
28 71 144
28 71 148
28 71 152
28 71 156
28 71 160
28 71 164
28 71 168
28 71 172
28 71 176
28 71 180
28 71 184
28 71 188
28 71 192
28 70 40
28 70 44
28 70 48
28 70 52
28 70 56
28 70 60
28 70 64
28 70 68
28 70 72
28 70 76
28 70 80
28 70 84
28 70 88
28 70 92
28 70 96
28 70 100
28 70 104
28 70 108
28 70 112
28 70 116
28 70 120
28 70 124
28 70 128
28 70 132
28 70 136
28 70 140
28 70 144
28 70 148
28 70 152
28 70 156
28 70 160
28 70 164
28 70 168
28 70 172
28 70 176
28 70 180
28 70 184
28 70 188
28 70 192
28 69 40
28 69 44
28 69 48
28 69 52
28 69 56
28 69 60
28 69 64
28 69 68
28 69 72
28 69 76
28 69 80
28 69 84
28 69 88
28 69 92
28 69 96
28 69 100
28 69 104
28 69 108
28 69 112
28 69 116
28 69 120
28 69 124
28 69 128
28 69 132
28 69 136
28 69 140
28 69 144
28 69 148
28 69 152
28 69 156
28 69 160
28 69 164
28 69 168
28 69 172
28 69 176
28 69 180
28 69 184
28 69 188
28 69 192
28 68 40
28 68 44
28 68 48
28 68 52
28 68 56
28 68 60
28 68 64
28 68 68
28 68 72
28 68 76
28 68 80
28 68 84
28 68 88
28 68 92
28 68 96
28 68 100
28 68 104
28 68 108
28 68 112
28 68 116
28 68 120
28 68 124
28 68 128
28 68 132
28 68 136
28 68 140
28 68 144
28 68 148
28 68 152
28 68 156
28 68 160
28 68 164
28 68 168
28 68 172
28 68 176
28 68 180
28 68 184
28 68 188
28 67 40
28 67 44
28 67 48
28 67 52
28 67 56
28 67 60
28 67 64
28 67 68
28 67 72
28 67 76
28 67 80
28 67 84
28 67 88
28 67 92
28 67 96
28 67 100
28 67 104
28 67 108
28 67 112
28 67 116
28 67 120
28 67 124
28 67 128
28 67 132
28 67 136
28 67 140
28 67 144
28 67 148
28 67 152
28 67 156
28 67 160
28 67 164
28 67 168
28 67 172
28 67 176
28 67 180
28 67 184
28 66 40
28 66 44
28 66 48
28 66 52
28 66 56
28 66 60
28 66 64
28 66 68
28 66 72
28 66 76
28 66 80
28 66 84
28 66 88
28 66 92
28 66 96
28 66 100
28 66 104
28 66 108
28 66 112
28 66 116
28 66 120
28 66 124
28 66 128
28 66 132
28 66 136
28 66 140
28 66 144
28 66 148
28 66 152
28 66 156
28 66 160
28 66 164
28 66 168
28 66 172
28 66 176
28 65 40
28 65 44
28 65 48
28 65 52
28 65 56
28 65 60
28 65 64
28 65 68
28 65 72
28 65 76
28 65 80
28 65 84
28 65 88
28 65 92
28 65 96
28 65 100
28 65 104
28 65 108
28 65 112
28 65 116
28 65 120
28 65 124
28 65 128
28 65 132
28 65 136
28 65 140
28 65 144
28 65 148
28 65 152
28 65 156
28 65 160
28 65 164
28 65 168
28 64 40
28 64 44
28 64 48
28 64 52
28 64 56
28 64 60
28 64 64
28 64 68
28 64 72
28 64 76
28 64 80
28 64 84
28 64 88
28 64 92
28 64 96
28 64 100
28 64 104
28 64 108
28 64 112
28 64 116
28 64 120
28 64 124
28 64 128
28 64 132
28 64 136
28 64 140
28 64 144
28 64 148
28 64 152
28 63 40
28 63 44
28 63 48
28 63 52
28 63 56
28 63 60
28 63 64
28 63 68
28 63 72
28 63 76
28 63 80
28 63 84
28 63 88
28 63 92
28 63 96
28 63 100
28 63 104
28 63 108
28 63 112
28 63 116
28 63 120
28 63 124
28 63 128
28 63 132
28 63 136
28 62 40
28 62 44
28 62 48
28 62 52
28 62 56
28 62 60
28 62 64
28 62 68
28 62 72
28 62 76
28 62 80
28 62 84
28 62 88
28 62 92
28 62 96
28 62 100
28 62 104
28 62 108
28 62 112
28 62 116
28 62 120
28 61 40
28 61 44
28 61 48
28 61 52
28 61 56
28 61 60
28 61 64
28 61 68
28 61 72
28 61 76
28 61 80
28 61 84
28 61 88
28 61 92
28 61 96
28 61 100
28 61 104
28 60 40
28 60 44
28 60 48
28 60 52
28 60 56
28 60 60
28 60 64
28 60 68
28 60 72
28 60 76
28 60 80
28 60 84
28 60 88
28 59 40
28 59 44
28 59 48
28 59 52
28 59 56
28 59 60
28 59 64
28 59 68
28 59 72
28 59 76
28 59 80
28 58 40
28 58 44
28 58 48
28 58 52
28 58 56
28 58 60
28 58 64
28 58 68
28 58 72
28 57 40
28 57 44
28 57 48
28 57 52
28 57 56
28 57 60
28 57 64
28 57 68
28 56 40
28 56 44
28 56 48
28 56 52
28 56 56
28 56 60
28 56 64
28 55 40
28 55 44
28 55 48
28 55 52
28 55 56
28 55 60
28 54 40
28 54 44
28 54 48
28 54 52
28 54 56
28 54 60
28 53 40
28 53 44
28 53 48
28 53 52
28 53 56
28 52 40
28 52 44
28 52 48
28 52 52
28 52 56
28 51 40
28 51 44
28 51 48
28 51 52
28 50 40
28 50 44
28 50 48
28 49 40
28 49 44
28 49 48
189 72 40
189 71 40
189 70 40
189 68 40
189 67 40
189 66 40
189 65 40
189 64 40
189 63 40
189 62 40
189 61 40
189 60 40
189 59 40
189 58 40
189 57 40
189 56 40
189 55 40
189 54 40
189 53 40
189 52 40
189 51 40
189 50 40
188 49 40
187 49 40
186 49 40
185 49 40
184 49 40
183 49 40
182 49 40
181 49 40
180 49 40
180 49 44
179 49 40
179 49 44
178 49 40
178 49 44
177 49 40
177 49 44
177 49 48
176 49 40
176 49 44
176 49 48
176 49 52
175 49 40
175 49 44
175 49 48
175 49 52
175 49 56
175 49 60
174 49 40
174 49 44
174 49 48
174 49 52
174 49 56
174 49 60
174 49 64
173 49 40
173 49 44
173 49 48
173 49 52
173 49 56
173 49 60
173 49 64
173 49 68
173 49 72
172 49 40
172 49 44
172 49 48
172 49 52
172 49 56
172 49 60
172 49 64
172 49 68
172 49 72
172 49 76
171 49 40
171 49 44
171 49 48
171 49 52
171 49 56
171 49 60
171 49 64
171 49 68
171 49 72
171 49 76
171 49 80
170 49 40
170 49 44
170 49 48
170 49 52
170 49 56
170 49 60
170 49 64
170 49 68
170 49 72
170 49 76
169 49 40
169 49 44
169 49 48
169 49 52
169 49 56
169 49 60
168 49 40
168 49 44
168 49 48
168 49 52
168 49 56
168 49 60
168 49 64
168 49 68
167 49 40
167 49 44
167 49 48
167 49 52
167 49 56
167 49 60
166 49 40
166 49 44
166 49 48
166 49 52
165 49 40
165 49 44
165 49 48
164 49 40
164 49 44
163 49 40
163 49 44
162 49 40
161 49 40
160 49 40
159 49 40
158 49 40
157 49 40
156 49 40
155 49 40
154 49 40
153 49 40
152 49 40
151 49 40
150 49 40
149 48 40
148 48 40
148 47 40
148 46 40
148 45 40
148 44 40
148 43 40
148 42 40
148 41 40
148 40 40
148 39 40
148 38 40
148 37 40
148 36 40
148 35 40
148 34 40
148 33 40
184 19 40
184 20 40
184 21 40
184 22 40
184 23 40
184 24 40
185 24 40
185 25 40
185 26 40
186 26 40
186 27 40
187 27 40
187 28 40
188 28 40
188 29 40
189 30 40
189 31 40
189 32 40
189 33 40
189 34 40
189 35 40
189 36 40
189 37 40
189 38 40
189 39 40
189 40 40
189 41 40
189 42 40
189 43 40
189 44 40
189 45 40
189 46 40
189 47 40
189 48 40
6 192 40
6 192 44
6 192 48
6 192 52
6 192 56
6 192 60
6 192 64
6 192 68
6 191 40
6 191 44
6 191 48
6 191 52
6 191 56
6 191 60
6 191 64
6 191 68
6 191 72
6 190 40
6 190 44
6 190 48
6 190 52
6 190 56
6 190 60
6 190 64
6 190 68
6 190 72
6 189 40
6 189 44
6 189 48
6 189 52
6 189 56
6 189 60
6 189 64
6 189 68
6 189 72
6 188 40
6 188 44
6 188 48
6 188 52
6 188 56
6 188 60
6 188 64
6 188 68
6 187 40
6 187 44
6 187 48
6 187 52
6 187 56
6 187 60
6 187 64
6 187 68
6 186 40
6 186 44
6 186 48
6 186 52
6 186 56
6 186 60
6 186 64
6 186 68
6 185 40
6 185 44
6 185 48
6 185 52
6 185 56
6 185 60
6 185 64
6 185 68
6 184 40
6 184 44
6 184 48
6 184 52
6 184 56
6 184 60
6 184 64
6 183 40
6 183 44
6 183 48
6 183 52
6 183 56
6 183 60
6 183 64
6 182 40
6 182 44
6 182 48
6 182 52
6 182 56
6 182 60
6 182 64
6 181 40
6 181 44
6 181 48
6 181 52
6 181 56
6 181 60
6 181 64
6 180 40
6 180 44
6 180 48
6 180 52
6 180 56
6 180 60
6 180 64
6 179 40
6 179 44
6 179 48
6 179 52
6 179 56
6 179 60
6 179 64
6 179 68
6 178 40
6 178 44
6 178 48
6 178 52
6 178 56
6 178 60
6 178 64
6 178 68
6 177 40
6 177 44
6 177 48
6 177 52
6 177 56
6 177 60
6 177 64
6 177 68
6 176 40
6 176 44
6 176 48
6 176 52
6 176 56
6 176 60
6 176 64
6 175 40
6 175 44
6 175 48
6 175 52
6 175 56
6 175 60
6 175 64
6 174 40
6 174 44
6 174 48
6 174 52
6 174 56
6 174 60
6 173 40
6 173 44
6 173 48
6 173 52
6 173 56
6 172 40
6 172 44
6 172 48
6 172 52
6 171 40
6 171 44
6 171 48
6 170 40
6 170 44
6 169 40
7 169 40
8 169 40
8 169 44
9 168 40
10 168 40
11 168 40
11 168 44
12 168 40
12 168 44
13 168 40
13 168 44
13 168 48
14 168 40
14 168 44
14 168 48
14 168 52
15 168 40
15 168 44
15 168 48
15 168 52
15 168 56
16 168 40
16 168 44
16 168 48
16 168 52
16 168 56
16 168 60
17 168 40
17 168 44
17 168 48
17 168 52
17 168 56
17 168 60
17 168 64
18 168 40
18 168 44
18 168 48
18 168 52
18 168 56
18 168 60
18 168 64
18 168 68
19 168 40
19 168 44
19 168 48
19 168 52
19 168 56
19 168 60
19 168 64
19 168 68
20 168 40
20 168 44
20 168 48
20 168 52
20 168 56
20 168 60
20 168 64
20 168 68
20 168 72
21 168 40
21 168 44
21 168 48
21 168 52
21 168 56
21 168 60
21 168 64
21 168 68
21 168 72
22 168 40
22 168 44
22 168 48
22 168 52
22 168 56
22 168 60
22 168 64
22 168 68
22 168 72
23 168 40
23 168 44
23 168 48
23 168 52
23 168 56
23 168 60
23 168 64
23 168 68
24 168 40
24 168 44
24 168 48
24 168 52
24 168 56
24 168 60
24 168 64
25 168 40
25 168 44
25 168 48
25 168 52
25 168 56
25 168 60
25 168 64
26 168 40
26 168 44
26 168 48
26 168 52
26 168 56
26 168 60
27 168 40
27 168 44
27 168 48
27 168 52
27 168 56
28 168 40
28 168 44
28 168 48
28 168 52
28 168 56
29 168 40
29 168 44
29 168 48
29 168 52
30 168 40
30 168 44
30 168 48
30 168 52
30 167 40
30 167 44
30 167 48
31 167 40
31 167 44
31 167 48
31 166 40
31 166 44
31 166 48
32 166 40
32 166 44
32 165 40
32 165 44
33 165 40
33 165 44
33 164 40
33 164 44
34 164 40
34 164 44
35 164 40
35 164 44
35 163 40
35 162 40
36 162 40
36 161 40
37 161 40
38 161 40
38 160 40
38 159 40
38 159 44
39 159 40
40 159 40
40 158 40
40 158 44
40 157 40
40 157 44
41 157 40
41 157 44
41 156 40
41 156 44
42 156 40
42 156 44
43 156 40
43 156 44
43 155 40
43 155 44
44 155 40
44 155 44
44 154 40
44 154 44
44 153 40
44 153 44
44 153 48
45 153 40
45 153 44
45 153 48
45 152 40
45 152 44
45 152 48
46 152 40
46 152 44
46 152 48
46 151 40
46 151 44
46 151 48
47 151 40
47 151 44
47 151 48
48 151 40
48 151 44
48 151 48
48 150 40
48 150 44
48 150 48
49 150 40
49 150 44
49 150 48
49 150 52
50 150 40
50 150 44
50 150 48
50 150 52
51 150 40
51 150 44
51 150 48
51 150 52
52 150 40
52 150 44
52 150 48
52 150 52
52 150 56
53 150 40
53 150 44
53 150 48
53 150 52
53 150 56
54 150 40
54 150 44
54 150 48
54 150 52
54 150 56
55 150 40
55 150 44
55 150 48
55 150 52
56 150 40
56 150 44
56 150 48
56 150 52
57 150 40
57 150 44
57 150 48
58 150 40
58 150 44
59 150 40
59 150 44
60 150 40
61 150 40
62 150 40
63 150 40
64 150 40
65 150 40
66 150 40
67 150 40
67 151 40
67 152 40
67 153 40
67 154 40
67 155 40
67 156 40
67 157 40
67 158 40
67 159 40
67 160 40
67 161 40
67 162 40
174 159 40
174 160 40
174 161 40
174 162 40
174 163 40
174 164 40
174 165 40
173 165 40
173 166 40
172 166 40
172 167 40
171 167 40
171 168 40
170 168 40
170 169 40
169 170 40
168 170 40
168 171 40
167 171 40
167 172 40
166 172 40
166 173 40
165 173 40
165 174 40
164 174 40
164 175 40
163 175 40
163 176 40
162 176 40
162 177 40
161 177 40
161 178 40
160 178 40
159 178 40
159 179 40
159 180 40
158 180 40
158 181 40
157 181 40
156 181 40
156 182 40
155 182 40
155 183 40
155 184 40
154 184 40
153 184 40
153 185 40
153 186 40
152 186 40
152 187 40
151 187 40
150 187 40
149 187 40
148 187 40
147 187 40
146 187 40
146 186 40
145 186 40
145 185 40
144 185 40
144 184 40
143 184 40
143 183 40
143 182 40
142 182 40
141 182 40
141 181 40
141 181 44
140 181 40
140 181 44
140 180 40
140 180 44
140 180 48
139 180 40
139 180 44
139 180 48
139 179 40
139 179 44
139 179 48
139 179 52
138 179 40
138 179 44
138 179 48
138 179 52
138 178 40
138 178 44
138 178 48
138 178 52
137 178 40
137 178 44
137 178 48
137 178 52
137 178 56
137 177 40
137 177 44
137 177 48
137 177 52
137 177 56
136 177 40
136 177 44
136 177 48
136 177 52
136 177 56
136 177 60
136 176 40
136 176 44
136 176 48
136 176 52
136 176 56
136 176 60
135 176 40
135 176 44
135 176 48
135 176 52
135 176 56
135 176 60
135 176 64
135 175 40
135 175 44
135 175 48
135 175 52
135 175 56
135 175 60
135 175 64
135 174 40
135 174 44
135 174 48
135 174 52
135 174 56
135 174 60
135 174 64
135 174 68
134 174 40
134 174 44
134 174 48
134 174 52
134 174 56
134 174 60
134 174 64
134 174 68
133 174 40
133 174 44
133 174 48
133 174 52
133 174 56
133 174 60
133 174 64
133 173 40
133 173 44
133 173 48
133 173 52
133 173 56
133 173 60
133 173 64
133 173 68
133 172 40
133 172 44
133 172 48
133 172 52
133 172 56
133 172 60
133 172 64
133 172 68
132 172 40
132 172 44
132 172 48
132 172 52
132 172 56
132 172 60
132 172 64
132 171 40
132 171 44
132 171 48
132 171 52
132 171 56
132 171 60
132 171 64
132 171 68
131 171 40
131 171 44
131 171 48
131 171 52
131 171 56
131 171 60
131 170 40
131 170 44
131 170 48
131 170 52
131 170 56
131 170 60
130 170 40
130 170 44
130 170 48
130 170 52
130 170 56
130 169 40
130 169 44
130 169 48
130 169 52
130 168 40
130 168 44
130 168 48
130 168 52
130 167 40
130 167 44
130 167 48
130 167 52
130 166 40
130 166 44
130 166 48
130 165 40
130 165 44
130 165 48
130 164 40
130 164 44
130 163 40
130 163 44
130 162 40
130 162 44
130 161 40
130 160 40
130 159 40
130 158 40
130 157 40
130 156 40
130 155 40
130 154 40
130 153 40
130 152 40
130 151 40
130 150 40
129 150 40
129 148 40
129 147 40
129 146 40
129 145 40
129 144 40
129 143 40
129 142 40
129 141 40
129 140 40
129 139 40
129 139 44
129 138 40
129 138 44
129 137 40
129 137 44
129 137 48
129 136 40
129 136 44
129 136 48
129 135 40
129 135 44
129 135 48
129 134 40
129 134 44
129 134 48
129 133 40
129 133 44
129 133 48
129 132 40
129 132 44
129 132 48
129 131 40
129 131 44
129 131 48
129 130 40
129 130 44
129 130 48
129 128 40
129 128 44
129 128 48
129 127 40
129 127 44
129 127 48
129 127 52
129 126 40
129 126 44
129 126 48
129 126 52
129 125 40
129 125 44
129 125 48
129 125 52
129 125 56
129 124 40
129 124 44
129 124 48
129 124 52
129 124 56
129 123 40
129 123 44
129 123 48
129 123 52
129 123 56
129 123 60
129 122 40
129 122 44
129 122 48
129 122 52
129 122 56
129 122 60
129 121 40
129 121 44
129 121 48
129 121 52
129 121 56
129 121 60
129 120 40
129 120 44
129 120 48
129 120 52
129 120 56
129 120 60
129 120 64
129 119 40
129 119 44
129 119 48
129 119 52
129 119 56
129 119 60
129 119 64
129 118 40
129 118 44
129 118 48
129 118 52
129 118 56
129 118 60
129 118 64
129 117 40
129 117 44
129 117 48
129 117 52
129 117 56
129 117 60
129 117 64
129 117 68
129 116 40
129 116 44
129 116 48
129 116 52
129 116 56
129 116 60
129 116 64
129 116 68
129 115 40
129 115 44
129 115 48
129 115 52
129 115 56
129 115 60
129 115 64
129 115 68
129 115 72
129 114 40
129 114 44
129 114 48
129 114 52
129 114 56
129 114 60
129 114 64
129 114 68
129 114 72
129 114 76
129 113 40
129 113 44
129 113 48
129 113 52
129 113 56
129 113 60
129 113 64
129 113 68
129 113 72
129 113 76
129 113 80
129 112 40
129 112 44
129 112 48
129 112 52
129 112 56
129 112 60
129 112 64
129 112 68
129 112 72
129 112 76
129 112 80
129 112 84
129 111 40
129 111 44
129 111 48
129 111 52
129 111 56
129 111 60
129 111 64
129 111 68
129 111 72
129 111 76
129 111 80
129 111 84
129 110 40
129 110 44
129 110 48
129 110 52
129 110 56
129 110 60
129 110 64
129 110 68
129 110 72
129 110 76
129 110 80
129 110 84
129 110 88
129 109 40
129 109 44
129 109 48
129 109 52
129 109 56
129 109 60
129 109 64
129 109 68
129 109 72
129 109 76
129 109 80
129 108 40
129 108 44
129 108 48
129 108 52
129 108 56
129 108 60
129 108 64
129 108 68
129 108 72
129 108 76
129 108 80
129 108 84
129 108 88
129 107 40
129 107 44
129 107 48
129 107 52
129 107 56
129 107 60
129 107 64
129 107 68
129 107 72
129 107 76
129 107 80
129 107 84
129 107 88
129 106 40
129 106 44
129 106 48
129 106 52
129 106 56
129 106 60
129 106 64
129 106 68
129 106 72
129 106 76
129 106 80
129 106 84
129 105 40
129 105 44
129 105 48
129 105 52
129 105 56
129 105 60
129 105 64
129 105 68
129 105 72
129 105 76
129 105 80
129 104 40
129 104 44
129 104 48
129 104 52
129 104 56
129 104 60
129 104 64
129 104 68
129 104 72
129 104 76
129 103 40
129 103 44
129 103 48
129 103 52
129 103 56
129 103 60
129 103 64
129 103 68
129 103 72
129 102 40
129 102 44
129 102 48
129 102 52
129 102 56
129 102 60
129 102 64
129 102 68
129 102 72
129 101 40
129 101 44
129 101 48
129 101 52
129 101 56
129 101 60
129 101 64
129 101 68
129 100 40
129 100 44
129 100 48
129 100 52
129 100 56
129 100 60
129 100 64
129 99 40
129 99 44
129 99 48
129 99 52
129 99 56
129 99 60
129 99 64
129 98 40
129 98 44
129 98 48
129 98 52
129 98 56
129 98 60
129 97 40
129 97 44
129 97 48
129 97 52
129 97 56
129 96 40
129 96 44
129 96 48
129 96 52
129 95 40
129 95 44
129 95 48
129 95 52
129 94 40
129 94 44
129 94 48
129 93 40
129 93 44
129 93 48
129 92 40
129 92 44
129 91 40
129 91 44
129 90 40
129 90 44
129 88 40
129 88 44
129 88 48
130 88 40
130 88 44
130 88 48
130 87 40
130 87 44
130 87 48
131 87 40
131 87 44
131 87 48
131 86 40
131 86 44
131 86 48
131 86 52
132 86 40
132 86 44
132 86 48
132 85 40
132 85 44
132 85 48
132 85 52
133 85 40
133 85 44
133 85 48
133 85 52
133 84 40
133 84 44
133 84 48
133 84 52
133 84 56
134 84 40
134 84 44
134 84 48
134 84 52
134 84 56
135 84 40
135 84 44
135 84 48
135 84 52
135 84 56
136 84 40
136 84 44
136 84 48
136 84 52
136 84 56
137 84 40
137 84 44
137 84 48
137 84 52
138 84 40
138 84 44
138 84 48
138 84 52
138 84 56
139 84 40
139 84 44
139 84 48
139 84 52
139 84 56
