9 9 100
9 29 100
9 49 100
9 69 100
9 89 100
9 109 100
9 129 100
9 149 100
9 169 100
9 189 100
29 9 100
29 29 100
29 49 100
29 69 100
29 89 100
29 109 100
29 129 100
29 149 100
29 169 100
29 189 100
49 9 100
49 29 100
49 49 100
49 69 100
49 89 100
49 109 100
49 129 100
49 149 100
49 169 100
49 189 100
69 9 100
69 29 100
69 49 100
69 69 100
69 89 100
69 109 100
69 129 100
69 149 100
69 169 100
69 189 100
89 9 100
89 29 100
89 49 100
89 69 100
89 89 100
89 109 100
89 129 100
89 149 100
89 169 100
89 189 100
109 9 100
109 29 100
109 49 100
109 69 100
109 89 100
109 109 100
109 129 100
109 149 100
109 169 100
109 189 100
129 9 100
129 29 100
129 49 100
129 69 100
129 89 100
129 109 100
129 129 100
129 149 100
129 169 100
129 189 100
149 9 100
149 29 100
149 49 100
149 69 100
149 89 100
149 109 100
149 129 100
149 149 100
149 169 100
149 189 100
169 9 100
169 29 100
169 49 100
169 69 100
169 89 100
169 109 100
169 129 100
169 149 100
169 169 100
169 189 100
189 9 100
189 29 100
189 49 100
189 69 100
189 89 100
189 109 100
189 129 100
189 149 100
189 169 100
189 189 100
9 9 100
9 109 100
9 129 100
9 169 100
9 189 100
29 9 100
29 29 100
29 49 100
29 69 100
29 89 100
29 109 100
29 129 100
29 149 100
29 169 100
29 189 100
49 29 100
49 49 100
49 69 100
49 109 100
49 149 100
49 189 100
69 49 100
69 69 100
69 89 100
69 129 100
69 149 100
69 169 100
69 189 100
89 9 100
89 49 100
89 149 100
89 169 100
109 29 100
109 49 100
109 69 100
109 109 100
109 149 100
109 189 100
129 29 100
129 49 100
129 69 100
129 89 100
129 149 100
129 189 100
149 29 100
149 49 100
149 129 100
149 149 100
149 169 100
149 189 100
169 9 100
169 29 100
169 49 100
169 69 100
169 109 100
169 129 100
169 169 100
169 189 100
189 9 100
189 29 100
189 49 100
189 69 100
189 89 100
189 109 100
189 129 100
189 149 100
189 169 100
189 189 100
113 171 40
198 95 40
64 22 40
119 1 40
157 199 40
20 83 40
15 148 40
92 82 40
156 199 40
155 199 40
154 199 40
153 199 40
152 199 40
152 199 104
151 199 40
151 199 104
150 199 40
150 199 104
149 199 40
149 199 104
148 199 40
148 199 104
147 199 40
147 199 104
146 199 40
146 199 104
145 199 40
145 199 104
144 199 40
144 199 104
143 199 40
143 199 104
142 199 40
142 199 104
141 199 40
141 199 104
140 199 40
140 199 104
139 199 40
139 199 104
138 199 40
138 199 104
137 199 40
137 199 104
136 199 40
135 199 40
134 199 40
134 198 40
134 197 40
134 196 40
134 196 104
134 195 40
134 195 104
134 194 40
134 194 104
133 194 40
133 194 104
133 193 40
133 193 104
132 193 40
132 193 104
132 192 40
132 192 104
131 192 40
131 192 104
131 191 40
131 191 104
130 191 40
130 191 104
130 190 40
130 190 104
130 189 40
130 189 104
130 188 40
130 188 104
130 187 40
130 187 104
130 186 40
130 186 104
130 185 40
130 185 104
130 184 40
130 184 104
130 183 40
130 183 104
130 182 40
130 182 104
130 181 40
130 181 104
130 180 40
130 180 104
130 179 40
130 179 104
130 178 40
130 177 40
130 176 40
130 175 40
130 174 40
130 173 40
130 173 104
130 172 40
130 171 40
130 170 40
129 170 40
128 170 40
127 170 40
126 170 40
125 170 40
124 170 40
123 170 40
122 170 40
121 170 40
120 170 40
119 170 40
118 170 40
117 170 40
116 170 40
115 170 40
114 170 40
113 170 40
92 83 40
92 84 40
92 85 40
92 86 40
92 87 40
91 87 40
91 88 40
90 88 40
90 89 40
89 90 40
89 91 40
89 92 40
89 93 40
89 94 40
89 95 40
89 96 40
89 96 104
89 97 40
89 97 104
89 98 40
89 98 104
89 98 168
89 99 40
89 99 104
89 99 168
89 100 40
89 100 104
89 100 168
89 100 232
89 101 40
89 101 104
89 101 168
89 101 232
89 102 40
89 102 104
89 102 168
89 102 232
89 103 40
89 103 104
89 103 168
89 103 232
89 104 40
89 104 104
89 104 168
89 105 40
89 105 104
89 105 168
89 106 40
89 106 104
89 106 168
89 107 40
89 107 104
89 107 168
89 108 40
89 108 104
89 110 40
89 110 104
89 111 40
89 111 104
89 112 40
89 112 104
89 113 40
89 114 40
89 115 40
89 116 40
89 117 40
89 118 40
89 119 40
89 120 40
89 121 40
89 122 40
89 123 40
89 124 40
89 125 40
89 126 40
89 127 40
89 128 40
90 129 40
91 129 40
92 129 40
92 129 104
93 129 40
93 129 104
94 129 40
94 129 104
95 129 40
95 129 104
96 129 40
96 129 104
97 129 40
97 129 104
97 129 168
98 129 40
98 129 104
98 129 168
99 129 40
99 129 104
99 129 168
100 129 40
100 129 104
100 129 168
101 129 40
101 129 104
102 129 40
102 129 104
103 129 40
103 129 104
104 129 40
104 129 104
105 129 40
106 129 40
107 129 40
108 129 40
109 130 40
109 131 40
109 132 40
109 133 40
109 134 40
109 134 104
109 135 40
109 135 104
109 136 40
109 136 104
109 136 168
109 137 40
109 137 104
109 137 168
109 138 40
109 138 104
109 138 168
109 138 232
109 139 40
109 139 104
109 139 168
109 139 232
109 140 40
109 140 104
109 140 168
109 140 232
109 140 296
109 141 40
109 141 104
109 141 168
109 141 232
109 141 296
109 142 40
109 142 104
109 142 168
109 142 232
109 142 296
109 142 360
109 143 40
109 143 104
109 143 168
109 143 232
109 143 296
109 143 360
109 144 40
109 144 104
109 144 168
109 144 232
109 144 296
109 144 360
109 145 40
109 145 104
109 145 168
109 145 232
109 145 296
109 145 360
109 146 40
109 146 104
109 146 168
109 146 232
109 146 296
109 146 360
109 146 424
109 147 40
109 147 104
109 147 168
109 147 232
109 147 296
109 147 360
109 147 424
109 148 40
109 148 104
109 148 168
109 148 232
109 148 296
109 148 360
109 148 424
109 148 488
109 149 40
109 149 104
109 149 168
109 149 232
109 149 296
109 149 360
109 149 424
109 149 488
109 150 40
109 150 104
109 150 168
109 150 232
109 150 296
109 150 360
109 150 424
109 150 488
109 151 40
109 151 104
109 151 168
109 151 232
109 151 296
109 151 360
109 151 424
109 151 488
109 152 40
109 152 104
109 152 168
109 152 232
109 152 296
109 152 360
109 152 424
109 152 488
109 153 40
109 153 104
109 153 168
109 153 232
109 153 296
109 153 360
109 153 424
109 153 488
109 154 40
109 154 104
109 154 168
109 154 232
109 154 296
109 154 360
109 154 424
109 155 40
109 155 104
109 155 168
109 155 232
109 155 296
109 155 360
109 156 40
109 156 104
109 156 168
109 156 232
109 156 296
109 157 40
109 157 104
109 157 168
109 157 232
109 158 40
109 158 104
109 158 168
109 159 40
109 159 104
109 159 168
109 160 40
109 160 104
109 161 40
109 161 104
109 162 40
109 162 104
109 163 40
109 163 104
109 164 40
109 164 104
109 165 40
109 166 40
109 167 40
109 168 40
110 169 40
110 170 40
111 170 40
112 170 40
65 22 40
65 23 40
65 24 40
66 24 40
66 25 40
66 26 40
67 26 40
67 27 40
68 27 40
68 28 40
69 28 40
70 29 40
70 30 40
70 31 40
70 32 40
70 33 40
70 34 40
70 35 40
70 36 40
70 37 40
70 38 40
70 39 40
70 40 40
70 41 40
70 42 40
70 42 104
70 43 40
70 43 104
70 44 40
70 44 104
70 45 40
70 45 104
70 46 40
70 46 104
70 47 40
70 47 104
70 48 40
70 48 104
70 49 40
70 49 104
70 49 168
70 50 40
70 50 104
70 50 168
70 50 232
71 50 40
71 50 104
71 50 168
71 50 232
71 50 296
71 51 40
71 51 104
71 51 168
71 51 232
71 51 296
71 51 360
72 51 40
72 51 104
72 51 168
72 51 232
72 51 296
72 51 360
72 52 40
72 52 104
72 52 168
72 52 232
72 52 296
72 52 360
72 52 424
73 52 40
73 52 104
73 52 168
73 52 232
73 52 296
73 52 360
73 52 424
73 52 488
73 53 40
73 53 104
73 53 168
73 53 232
73 53 296
73 53 360
73 53 424
73 53 488
74 53 40
74 53 104
74 53 168
74 53 232
74 53 296
74 53 360
74 53 424
74 53 488
74 53 552
74 54 40
74 54 104
74 54 168
74 54 232
74 54 296
74 54 360
74 54 424
74 54 488
74 54 552
74 55 40
74 55 104
74 55 168
74 55 232
74 55 296
74 55 360
74 55 424
74 55 488
74 55 552
75 55 40
75 55 104
75 55 168
75 55 232
75 55 296
75 55 360
75 55 424
75 55 488
75 55 552
75 56 40
75 56 104
75 56 168
75 56 232
75 56 296
75 56 360
75 56 424
75 56 488
75 56 552
76 56 40
76 56 104
76 56 168
76 56 232
76 56 296
76 56 360
76 56 424
76 56 488
76 56 552
77 56 40
77 56 104
77 56 168
77 56 232
77 56 296
77 56 360
77 56 424
77 56 488
77 56 552
77 57 40
77 57 104
77 57 168
77 57 232
77 57 296
77 57 360
77 57 424
77 57 488
77 57 552
78 57 40
78 57 104
78 57 168
78 57 232
78 57 296
78 57 360
78 57 424
78 57 488
78 57 552
78 58 40
78 58 104
78 58 168
78 58 232
78 58 296
78 58 360
78 58 424
78 58 488
78 59 40
78 59 104
78 59 168
78 59 232
78 59 296
78 59 360
78 59 424
78 59 488
79 59 40
79 59 104
79 59 168
79 59 232
79 59 296
79 59 360
79 59 424
79 59 488
80 59 40
80 59 104
80 59 168
80 59 232
80 59 296
80 59 360
80 59 424
80 59 488
80 60 40
80 60 104
80 60 168
80 60 232
80 60 296
80 60 360
80 60 424
80 60 488
81 60 40
81 60 104
81 60 168
81 60 232
81 60 296
81 60 360
81 60 424
81 61 40
81 61 104
81 61 168
81 61 232
81 61 296
81 61 360
81 61 424
81 62 40
81 62 104
81 62 168
81 62 232
81 62 296
81 62 360
81 62 424
82 62 40
82 62 104
82 62 168
82 62 232
82 62 296
82 62 360
82 63 40
82 63 104
82 63 168
82 63 232
82 63 296
82 63 360
83 63 40
83 63 104
83 63 168
83 63 232
83 63 296
83 63 360
84 63 40
84 63 104
84 63 168
84 63 232
84 63 296
84 63 360
84 64 40
84 64 104
84 64 168
84 64 232
84 64 296
85 64 40
85 64 104
85 64 168
85 64 232
85 65 40
85 65 104
85 65 168
85 66 40
85 66 104
85 66 168
86 66 40
86 66 104
86 67 40
86 67 104
87 67 40
87 67 104
87 68 40
87 68 104
88 68 40
88 68 104
88 69 40
89 70 40
90 70 40
90 71 40
91 71 40
91 72 40
92 72 40
92 73 40
92 74 40
92 75 40
92 76 40
92 77 40
92 78 40
92 79 40
92 80 40
92 81 40
118 1 40
117 1 40
116 1 40
115 1 40
114 1 40
113 1 40
112 1 40
111 1 40
110 1 40
109 1 40
109 2 40
109 3 40
109 4 40
109 5 40
109 6 40
109 7 40
109 8 40
108 9 40
108 10 40
108 10 104
107 10 40
107 10 104
107 11 40
107 11 104
106 11 40
106 11 104
106 12 40
106 12 104
105 12 40
105 12 104
105 13 40
105 13 104
105 13 168
105 14 40
105 14 104
105 14 168
104 14 40
104 14 104
104 14 168
104 15 40
104 15 104
104 15 168
103 15 40
103 15 104
103 15 168
102 15 40
102 15 104
102 15 168
102 16 40
102 16 104
102 16 168
101 16 40
101 16 104
101 16 168
101 17 40
101 17 104
101 17 168
100 17 40
100 17 104
100 17 168
100 18 40
100 18 104
100 18 168
100 18 232
100 19 40
100 19 104
100 19 168
100 19 232
99 19 40
99 19 104
99 19 168
99 19 232
98 19 40
98 19 104
98 19 168
98 19 232
98 20 40
98 20 104
98 20 168
98 20 232
97 20 40
97 20 104
97 20 168
97 21 40
97 21 104
97 21 168
96 21 40
96 21 104
96 21 168
96 22 40
96 22 104
96 22 168
95 22 40
95 22 104
95 23 40
95 23 104
94 23 40
94 23 104
94 24 40
94 24 104
93 24 40
93 24 104
93 25 40
93 25 104
92 25 40
92 25 104
92 26 40
91 26 40
91 27 40
90 27 40
90 28 40
89 28 40
88 29 40
87 29 40
86 29 40
85 29 40
84 29 40
83 29 40
82 29 40
81 29 40
80 29 40
79 29 40
78 29 40
77 29 40
76 29 40
75 29 40
74 29 40
73 29 40
72 29 40
71 29 40
197 95 40
196 95 40
195 95 40
195 95 104
194 95 40
194 95 104
193 95 40
193 95 104
192 95 40
192 95 104
192 95 168
191 95 40
191 95 104
191 95 168
190 95 40
190 95 104
190 95 168
189 95 40
189 95 104
189 95 168
189 95 232
188 95 40
188 95 104
188 95 168
188 95 232
187 95 40
187 95 104
187 95 168
187 95 232
186 95 40
186 95 104
186 95 168
186 95 232
186 95 296
185 95 40
185 95 104
185 95 168
185 95 232
185 95 296
185 95 360
184 95 40
184 95 104
184 95 168
184 95 232
184 95 296
184 95 360
183 95 40
183 95 104
183 95 168
183 95 232
183 95 296
183 95 360
183 95 424
182 95 40
182 95 104
182 95 168
182 95 232
182 95 296
182 95 360
182 95 424
181 95 40
181 95 104
181 95 168
181 95 232
181 95 296
181 95 360
181 95 424
180 95 40
180 95 104
180 95 168
180 95 232
180 95 296
180 95 360
180 95 424
179 95 40
179 95 104
179 95 168
179 95 232
179 95 296
179 95 360
178 95 40
178 95 104
178 95 168
178 95 232
178 95 296
177 95 40
177 95 104
177 95 168
177 95 232
177 95 296
176 95 40
176 95 104
176 95 168
176 95 232
175 95 40
175 95 104
175 95 168
174 95 40
174 95 104
174 95 168
174 94 40
174 94 104
174 94 168
173 94 40
173 94 104
173 93 40
173 93 104
172 93 40
172 93 104
172 92 40
172 92 104
171 92 40
171 92 104
171 91 40
171 91 104
170 91 40
170 90 40
169 90 40
168 89 40
167 89 40
166 89 40
165 89 40
164 89 40
163 89 40
162 89 40
161 89 40
160 89 40
159 89 40
158 89 40
157 89 40
156 89 40
155 89 40
154 89 40
153 89 40
152 89 40
151 89 40
150 89 40
149 90 40
149 91 40
149 92 40
149 93 40
149 94 40
149 95 40
149 96 40
149 97 40
149 98 40
149 99 40
149 100 40
149 101 40
149 102 40
149 103 40
149 104 40
149 105 40
149 106 40
149 107 40
149 108 40
148 109 40
147 109 40
146 109 40
145 109 40
144 109 40
143 109 40
142 109 40
141 109 40
140 109 40
139 109 40
138 109 40
137 109 40
136 109 40
136 109 104
135 109 40
135 109 104
134 109 40
134 109 104
133 109 40
133 109 104
132 109 40
132 109 104
131 109 40
131 109 104
130 109 40
130 109 104
129 110 40
129 110 104
129 111 40
129 112 40
129 113 40
129 114 40
129 115 40
129 116 40
129 117 40
129 118 40
129 119 40
129 120 40
129 121 40
129 122 40
129 123 40
129 124 40
129 125 40
129 126 40
129 127 40
129 128 40
128 129 40
127 129 40
126 129 40
125 129 40
124 129 40
123 129 40
122 129 40
121 129 40
120 129 40
119 129 40
118 129 40
117 129 40
116 129 40
115 129 40
114 129 40
113 129 40
112 129 40
111 129 40
110 129 40
19 83 40
18 83 40
17 83 40
16 83 40
15 83 40
14 83 40
13 83 40
12 83 40
11 83 40
11 82 40
11 81 40
11 80 40
11 79 40
11 78 40
11 77 40
11 76 40
11 75 40
11 74 40
11 73 40
11 73 104
11 72 40
11 72 104
11 71 40
11 71 104
10 71 40
10 71 104
10 70 40
10 70 104
9 70 40
9 70 104
8 69 40
8 69 104
8 68 40
8 68 104
8 67 40
8 67 104
8 67 168
8 66 40
8 66 104
8 66 168
8 65 40
8 65 104
8 65 168
8 64 40
8 64 104
8 64 168
8 63 40
8 63 104
8 63 168
8 62 40
8 62 104
8 61 40
8 61 104
8 60 40
8 60 104
8 59 40
8 59 104
8 58 40
8 57 40
8 56 40
8 55 40
8 54 40
8 53 40
8 52 40
8 51 40
8 50 40
8 49 40
10 49 40
11 49 40
12 49 40
13 49 40
14 49 40
15 49 40
16 49 40
17 49 40
18 49 40
18 49 104
19 49 40
19 49 104
20 49 40
20 49 104
21 49 40
21 49 104
22 49 40
22 49 104
23 49 40
23 49 104
24 49 40
24 49 104
25 49 40
25 49 104
26 49 40
26 49 104
27 49 40
27 49 104
28 49 40
28 49 104
30 49 40
30 49 104
31 49 40
31 49 104
32 49 40
32 49 104
33 49 40
33 49 104
34 49 40
34 49 104
35 49 40
35 49 104
36 49 40
36 49 104
37 49 40
37 49 104
38 49 40
38 49 104
39 49 40
39 49 104
40 49 40
40 49 104
41 49 40
41 49 104
42 49 40
42 49 104
43 49 40
43 49 104
44 49 40
44 49 104
45 49 40
45 49 104
45 49 168
46 49 40
46 49 104
46 49 168
47 49 40
47 49 104
47 49 168
48 49 40
48 49 104
48 49 168
49 49 40
50 49 40
50 49 104
50 49 168
51 49 40
51 49 104
52 49 40
52 49 104
53 49 40
53 49 104
54 49 40
54 49 104
55 49 40
55 49 104
56 49 40
56 49 104
56 49 168
57 49 40
57 49 104
57 49 168
58 49 40
58 49 104
58 49 168
59 49 40
59 49 104
59 49 168
60 49 40
60 49 104
60 49 168
61 49 40
61 49 104
61 49 168
62 49 40
62 49 104
63 49 40
63 49 104
64 49 40
64 49 104
65 49 40
65 49 104
66 49 40
66 49 104
67 49 40
67 49 104
68 49 40
68 49 104
15 147 40
15 146 40
15 145 40
15 144 40
15 143 40
16 143 40
16 142 40
17 142 40
17 141 40
17 141 104
17 140 40
17 140 104
18 140 40
18 140 104
18 139 40
18 139 104
18 139 168
19 139 40
19 139 104
19 139 168
20 139 40
20 139 104
20 139 168
21 139 40
21 139 104
21 139 168
21 139 232
22 139 40
22 139 104
22 139 168
22 139 232
23 139 40
23 139 104
23 139 168
23 139 232
24 139 40
24 139 104
24 139 168
24 139 232
24 139 296
25 139 40
25 139 104
25 139 168
25 139 232
25 139 296
26 139 40
26 139 104
26 139 168
26 139 232
26 139 296
26 139 360
27 139 40
27 139 104
27 139 168
27 139 232
27 139 296
27 139 360
27 139 424
28 139 40
28 139 104
28 139 168
28 139 232
28 139 296
28 139 360
28 139 424
28 139 488
29 139 40
29 139 104
29 139 168
29 139 232
29 139 296
29 139 360
29 139 424
29 139 488
29 139 552
30 139 40
30 139 104
30 139 168
30 139 232
30 139 296
30 139 360
30 139 424
30 139 488
30 139 552
30 139 616
31 139 40
31 139 104
31 139 168
31 139 232
31 139 296
31 139 360
31 139 424
31 139 488
31 139 552
31 139 616
32 139 40
32 139 104
32 139 168
32 139 232
32 139 296
32 139 360
32 139 424
32 139 488
32 139 552
32 139 616
32 139 680
33 139 40
33 139 104
33 139 168
33 139 232
33 139 296
33 139 360
33 139 424
33 139 488
33 139 552
33 139 616
33 139 680
34 139 40
34 139 104
34 139 168
34 139 232
34 139 296
34 139 360
34 139 424
34 139 488
34 139 552
34 139 616
34 139 680
35 139 40
35 139 104
35 139 168
35 139 232
35 139 296
35 139 360
35 139 424
35 139 488
35 139 552
35 139 616
35 139 680
36 139 40
36 139 104
36 139 168
36 139 232
36 139 296
36 139 360
36 139 424
36 139 488
36 139 552
36 139 616
37 139 40
37 139 104
37 139 168
37 139 232
37 139 296
37 139 360
37 139 424
37 139 488
37 139 552
37 139 616
38 139 40
38 139 104
38 139 168
38 139 232
38 139 296
38 139 360
38 139 424
38 139 488
38 139 552
39 139 40
39 139 104
39 139 168
39 139 232
39 139 296
39 139 360
39 139 424
39 139 488
39 138 40
39 138 104
39 138 168
39 138 232
39 138 296
39 138 360
39 138 424
39 138 488
40 138 40
40 138 104
40 138 168
40 138 232
40 138 296
40 138 360
40 138 424
40 137 40
40 137 104
40 137 168
40 137 232
40 137 296
40 137 360
41 137 40
41 137 104
41 137 168
41 137 232
41 137 296
41 137 360
41 136 40
41 136 104
41 136 168
41 136 232
41 136 296
42 136 40
42 136 104
42 136 168
42 136 232
42 136 296
42 135 40
42 135 104
42 135 168
42 135 232
42 135 296
43 135 40
43 135 104
43 135 168
43 135 232
43 135 296
43 134 40
43 134 104
43 134 168
43 134 232
44 134 40
44 134 104
44 134 168
44 134 232
44 133 40
44 133 104
44 133 168
44 133 232
45 133 40
45 133 104
45 133 168
45 132 40
45 132 104
45 132 168
46 132 40
46 132 104
46 131 40
46 131 104
47 131 40
47 131 104
47 130 40
47 130 104
48 130 40
48 129 40
49 128 40
50 128 40
50 127 40
51 127 40
52 127 40
52 126 40
53 126 40
53 125 40
54 125 40
54 124 40
55 124 40
55 123 40
55 122 40
56 122 40
56 121 40
57 121 40
58 121 40
58 120 40
59 120 40
59 119 40
60 119 40
60 119 104
60 118 40
60 118 104
60 117 40
60 117 104
61 117 40
61 117 104
61 116 40
61 116 104
62 116 40
62 116 104
62 115 40
62 115 104
63 115 40
63 115 104
63 114 40
63 114 104
64 114 40
64 114 104
65 114 40
65 114 104
65 113 40
65 113 104
66 113 40
66 112 40
67 112 40
67 111 40
67 111 104
68 111 40
68 110 40
68 110 104
69 110 40
69 110 104
70 109 40
70 109 104
71 109 40
71 109 104
72 109 40
72 109 104
73 109 40
73 109 104
74 109 40
74 109 104
75 109 40
76 109 40
77 109 40
78 109 40
79 109 40
80 109 40
81 109 40
82 109 40
83 109 40
84 109 40
85 109 40
86 109 40
87 109 40
88 109 40
88 109 104
