9 9 100
9 29 100
9 49 100
9 69 100
9 89 100
9 109 100
9 129 100
9 149 100
9 169 100
9 189 100
29 9 100
29 29 100
29 49 100
29 69 100
29 89 100
29 109 100
29 129 100
29 149 100
29 169 100
29 189 100
49 9 100
49 29 100
49 49 100
49 69 100
49 89 100
49 109 100
49 129 100
49 149 100
49 169 100
49 189 100
69 9 100
69 29 100
69 49 100
69 69 100
69 89 100
69 109 100
69 129 100
69 149 100
69 169 100
69 189 100
89 9 100
89 29 100
89 49 100
89 69 100
89 89 100
89 109 100
89 129 100
89 149 100
89 169 100
89 189 100
109 9 100
109 29 100
109 49 100
109 69 100
109 89 100
109 109 100
109 129 100
109 149 100
109 169 100
109 189 100
129 9 100
129 29 100
129 49 100
129 69 100
129 89 100
129 109 100
129 129 100
129 149 100
129 169 100
129 189 100
149 9 100
149 29 100
149 49 100
149 69 100
149 89 100
149 109 100
149 129 100
149 149 100
149 169 100
149 189 100
169 9 100
169 29 100
169 49 100
169 69 100
169 89 100
169 109 100
169 129 100
169 149 100
169 169 100
169 189 100
189 9 100
189 29 100
189 49 100
189 69 100
189 89 100
189 109 100
189 129 100
189 149 100
189 169 100
189 189 100
9 29 100
9 49 100
9 69 100
9 89 100
9 149 100
29 49 100
29 69 100
29 89 100
29 109 100
29 129 100
29 149 100
29 189 100
49 49 100
49 89 100
49 169 100
49 189 100
69 9 100
69 29 100
69 149 100
69 169 100
89 69 100
89 89 100
89 109 100
89 129 100
89 149 100
109 9 100
109 29 100
109 69 100
109 109 100
109 129 100
109 169 100
109 189 100
129 29 100
129 49 100
129 69 100
129 89 100
129 109 100
129 129 100
129 149 100
129 169 100
149 9 100
149 29 100
149 49 100
149 69 100
149 109 100
149 149 100
149 189 100
169 9 100
169 49 100
169 129 100
169 169 100
169 189 100
189 9 100
189 29 100
189 49 100
189 69 100
189 89 100
189 189 100
9 192 40
84 189 40
57 76 40
126 149 40
54 116 40
4 21 40
47 21 40
42 157 40
16 59 40
98 67 40
98 67 104
42 156 40
42 155 40
42 154 40
42 153 40
41 153 40
40 153 40
39 153 40
38 153 40
37 153 40
36 153 40
35 153 40
34 153 40
33 153 40
32 153 40
31 153 40
31 153 104
31 154 40
31 154 104
31 155 40
31 156 40
31 157 40
31 158 40
31 159 40
31 160 40
31 161 40
31 162 40
31 163 40
31 164 40
31 164 104
31 165 40
31 165 104
31 166 40
31 166 104
31 167 40
31 167 104
30 167 40
30 167 104
30 168 40
30 168 104
29 168 40
29 168 104
28 169 40
28 169 104
27 169 40
27 169 104
26 169 40
26 169 104
26 169 168
25 169 40
25 169 104
25 169 168
24 169 40
24 169 104
24 169 168
23 169 40
23 169 104
23 169 168
22 169 40
22 169 104
22 169 168
21 169 40
21 169 104
21 169 168
20 169 40
20 169 104
20 169 168
19 169 40
19 169 104
19 169 168
18 169 40
18 169 104
18 169 168
17 169 40
17 169 104
17 169 168
16 169 40
16 169 104
16 169 168
15 169 40
15 169 104
14 169 40
14 169 104
13 169 40
13 169 104
12 169 40
12 169 104
11 169 40
11 169 104
10 169 40
10 169 104
8 169 40
8 169 104
8 170 40
8 170 104
8 171 40
8 172 40
8 173 40
8 174 40
8 175 40
8 176 40
8 177 40
8 178 40
8 179 40
8 180 40
8 181 40
8 182 40
8 183 40
8 184 40
8 185 40
8 186 40
8 187 40
8 188 40
8 189 40
9 190 40
9 191 40
53 116 40
52 116 40
52 117 40
52 118 40
52 119 40
52 120 40
52 121 40
52 122 40
52 123 40
52 124 40
52 125 40
52 126 40
52 127 40
51 127 40
51 128 40
50 128 40
50 128 104
50 129 40
50 129 104
49 130 40
49 130 104
49 131 40
49 131 104
49 132 40
49 132 104
49 133 40
49 134 40
49 135 40
49 136 40
49 137 40
49 138 40
49 139 40
49 140 40
49 141 40
49 142 40
49 143 40
49 144 40
49 145 40
49 146 40
49 147 40
49 148 40
48 149 40
48 150 40
47 150 40
47 151 40
46 151 40
46 152 40
45 152 40
45 153 40
44 153 40
43 153 40
56 76 40
55 76 40
54 76 40
53 76 40
52 76 40
52 77 40
52 78 40
52 79 40
52 80 40
52 81 40
52 82 40
52 83 40
52 84 40
52 85 40
52 86 40
52 86 104
52 87 40
52 87 104
51 87 40
51 87 104
51 88 40
51 88 104
50 88 40
50 88 104
50 89 40
50 89 104
50 90 40
50 90 104
50 91 40
50 91 104
50 92 40
50 92 104
50 93 40
50 93 104
50 94 40
50 94 104
50 95 40
50 95 104
50 96 40
50 96 104
50 97 40
50 98 40
50 99 40
50 100 40
50 101 40
50 102 40
50 103 40
50 104 40
50 105 40
50 106 40
50 107 40
50 108 40
50 109 40
50 110 40
51 110 40
51 111 40
52 111 40
52 112 40
52 113 40
52 114 40
52 115 40
17 59 40
18 59 40
19 59 40
19 60 40
20 60 40
21 60 40
21 60 104
21 61 40
21 61 104
21 62 40
22 62 40
22 62 104
22 63 40
22 63 104
23 63 40
23 63 104
23 64 40
23 64 104
24 64 40
24 64 104
25 64 40
25 64 104
25 64 168
25 65 40
25 65 104
25 65 168
26 65 40
26 65 104
26 65 168
26 66 40
26 66 104
26 66 168
27 66 40
27 66 104
27 66 168
27 67 40
27 67 104
27 67 168
28 67 40
28 67 104
28 67 168
28 68 40
28 68 104
28 68 168
29 68 40
29 68 104
29 68 168
30 68 40
30 68 104
30 68 168
31 68 40
31 68 104
31 68 168
32 68 40
32 68 104
32 68 168
33 68 40
33 68 104
33 68 168
34 68 40
34 68 104
34 68 168
35 68 40
35 68 104
35 68 168
36 68 40
36 68 104
36 68 168
37 68 40
37 68 104
37 68 168
38 68 40
38 68 104
39 68 40
39 68 104
40 68 40
40 68 104
41 68 40
41 68 104
42 68 40
42 68 104
43 68 40
44 68 40
45 68 40
46 68 40
47 68 40
48 68 40
48 69 40
49 70 40
50 70 40
51 70 40
51 71 40
52 71 40
52 72 40
52 73 40
52 74 40
52 75 40
4 22 40
4 23 40
4 24 40
4 24 104
4 25 40
4 25 104
4 26 40
4 26 104
4 27 40
4 27 104
4 28 40
4 28 104
4 28 168
4 29 40
4 29 104
4 29 168
5 29 40
5 29 104
5 29 168
6 29 40
6 29 104
6 29 168
6 30 40
6 30 104
6 30 168
6 31 40
6 31 104
6 31 168
6 32 40
6 32 104
6 32 168
6 33 40
6 33 104
6 33 168
6 34 40
6 34 104
6 34 168
6 35 40
6 35 104
6 35 168
6 35 232
6 36 40
6 36 104
6 36 168
6 36 232
6 37 40
6 37 104
6 37 168
6 37 232
6 38 40
6 38 104
6 38 168
6 38 232
6 39 40
6 39 104
6 39 168
6 39 232
6 40 40
6 40 104
6 40 168
6 40 232
6 40 296
6 41 40
6 41 104
6 41 168
6 41 232
6 41 296
6 42 40
6 42 104
6 42 168
6 42 232
6 42 296
6 43 40
6 43 104
6 43 168
6 43 232
6 43 296
6 44 40
6 44 104
6 44 168
6 44 232
6 44 296
6 45 40
6 45 104
6 45 168
6 45 232
6 45 296
6 46 40
6 46 104
6 46 168
6 46 232
6 46 296
6 47 40
6 47 104
6 47 168
6 47 232
6 47 296
6 48 40
6 48 104
6 48 168
6 48 232
6 48 296
6 49 40
6 49 104
6 49 168
6 49 232
6 49 296
7 49 40
7 49 104
7 49 168
7 49 232
8 49 40
8 49 104
8 49 168
9 50 40
9 50 104
9 50 168
10 50 40
10 50 104
10 51 40
10 51 104
11 51 40
11 51 104
11 52 40
11 52 104
12 52 40
12 53 40
13 53 40
13 54 40
14 54 40
15 54 40
15 55 40
15 56 40
16 56 40
16 57 40
16 58 40
47 22 40
47 23 40
47 24 40
47 25 40
47 26 40
47 27 40
47 28 40
47 29 40
46 29 40
45 29 40
45 29 104
44 29 40
44 29 104
43 29 40
43 29 104
42 29 40
42 29 104
41 29 40
41 29 104
41 29 168
40 29 40
40 29 104
40 29 168
39 29 40
39 29 104
39 29 168
38 29 40
38 29 104
38 29 168
37 29 40
37 29 104
37 29 168
36 29 40
36 29 104
36 29 168
35 29 40
35 29 104
35 29 168
34 29 40
34 29 104
34 29 168
33 29 40
33 29 104
32 29 40
32 29 104
31 29 40
31 29 104
30 29 40
30 29 104
28 29 40
28 29 104
27 29 40
27 29 104
26 29 40
26 29 104
25 29 40
24 29 40
23 29 40
22 29 40
21 29 40
20 29 40
19 29 40
18 29 40
17 29 40
16 29 40
16 29 104
15 29 40
15 29 104
14 29 40
14 29 104
13 29 40
13 29 104
12 29 40
12 29 104
11 29 40
11 29 104
10 29 40
10 29 104
8 29 40
8 29 104
7 29 40
7 29 104
7 29 168
98 66 40
98 66 104
98 65 40
98 65 104
98 64 40
98 63 40
98 62 40
98 61 40
98 60 40
98 59 40
98 58 40
98 57 40
98 56 40
98 55 40
98 54 40
98 53 40
97 53 40
96 53 40
95 53 40
94 53 40
94 52 40
93 52 40
92 52 40
92 51 40
91 51 40
91 50 40
90 50 40
90 49 40
88 49 40
87 49 40
86 49 40
85 49 40
84 49 40
83 49 40
82 49 40
81 49 40
80 49 40
79 49 40
78 49 40
77 49 40
76 49 40
75 49 40
74 49 40
73 49 40
72 49 40
71 49 40
70 49 40
69 50 40
69 51 40
69 52 40
69 53 40
69 54 40
69 55 40
69 56 40
69 57 40
69 58 40
69 59 40
69 60 40
69 61 40
69 62 40
69 63 40
69 64 40
69 65 40
69 66 40
69 67 40
69 68 40
68 69 40
67 69 40
66 69 40
65 69 40
64 69 40
63 69 40
62 69 40
61 69 40
60 69 40
59 69 40
58 69 40
57 69 40
56 69 40
55 69 40
54 69 40
53 69 40
52 69 40
51 69 40
83 189 40
82 189 40
81 189 40
80 189 40
79 189 40
78 189 40
77 189 40
76 189 40
75 189 40
74 189 40
73 189 40
72 189 40
71 189 40
70 189 40
70 189 104
69 188 40
69 188 104
68 188 40
68 188 104
68 187 40
68 187 104
67 187 40
67 187 104
67 186 40
67 186 104
66 186 40
66 186 104
66 186 168
65 186 40
65 186 104
65 186 168
65 186 232
65 185 40
65 185 104
65 185 168
65 185 232
65 184 40
65 184 104
65 184 168
64 184 40
64 184 104
64 184 168
64 184 232
64 184 296
64 183 40
64 183 104
64 183 168
64 183 232
64 183 296
63 183 40
63 183 104
63 183 168
63 183 232
63 183 296
63 183 360
63 182 40
63 182 104
63 182 168
63 182 232
63 182 296
63 182 360
62 182 40
62 182 104
62 182 168
62 182 232
62 182 296
62 182 360
62 182 424
62 181 40
62 181 104
62 181 168
62 181 232
62 181 296
62 181 360
62 181 424
61 181 40
61 181 104
61 181 168
61 181 232
61 181 296
61 181 360
61 181 424
61 181 488
61 181 552
60 181 40
60 181 104
60 181 168
60 181 232
60 181 296
60 181 360
60 181 424
60 181 488
60 181 552
60 181 616
60 180 40
60 180 104
60 180 168
60 180 232
60 180 296
60 180 360
60 180 424
60 180 488
60 180 552
60 180 616
59 180 40
59 180 104
59 180 168
59 180 232
59 180 296
59 180 360
59 180 424
59 180 488
59 180 552
59 180 616
59 180 680
59 179 40
59 179 104
59 179 168
59 179 232
59 179 296
59 179 360
59 179 424
59 179 488
59 179 552
59 179 616
59 179 680
59 178 40
59 178 104
59 178 168
59 178 232
59 178 296
59 178 360
59 178 424
59 178 488
59 178 552
59 178 616
59 177 40
59 177 104
59 177 168
59 177 232
59 177 296
59 177 360
59 177 424
59 177 488
59 177 552
59 177 616
59 176 40
59 176 104
59 176 168
59 176 232
59 176 296
59 176 360
59 176 424
59 176 488
59 176 552
59 176 616
59 175 40
59 175 104
59 175 168
59 175 232
59 175 296
59 175 360
59 175 424
59 175 488
59 175 552
59 175 616
59 174 40
59 174 104
59 174 168
59 174 232
59 174 296
59 174 360
59 174 424
59 174 488
59 174 552
59 173 40
59 173 104
59 173 168
59 173 232
59 173 296
59 173 360
59 173 424
59 173 488
59 173 552
59 172 40
59 172 104
59 172 168
59 172 232
59 172 296
59 172 360
59 172 424
59 172 488
59 172 552
59 171 40
59 171 104
59 171 168
59 171 232
59 171 296
59 171 360
59 171 424
59 171 488
59 171 552
59 170 40
59 170 104
59 170 168
59 170 232
59 170 296
59 170 360
59 170 424
59 170 488
59 170 552
59 169 40
59 169 104
59 169 168
59 169 232
59 169 296
59 169 360
59 169 424
59 169 488
59 169 552
59 168 40
59 168 104
59 168 168
59 168 232
59 168 296
59 168 360
59 168 424
59 168 488
59 168 552
59 167 40
59 167 104
59 167 168
59 167 232
59 167 296
59 167 360
59 167 424
59 167 488
59 167 552
59 166 40
59 166 104
59 166 168
59 166 232
59 166 296
59 166 360
59 166 424
59 166 488
59 166 552
59 166 616
59 165 40
59 165 104
59 165 168
59 165 232
59 165 296
59 165 360
59 165 424
59 165 488
59 165 552
59 165 616
59 164 40
59 164 104
59 164 168
59 164 232
59 164 296
59 164 360
59 164 424
59 164 488
59 164 552
59 164 616
59 163 40
59 163 104
59 163 168
59 163 232
59 163 296
59 163 360
59 163 424
59 163 488
59 163 552
59 163 616
59 162 40
59 162 104
59 162 168
59 162 232
59 162 296
59 162 360
59 162 424
59 162 488
59 162 552
59 162 616
59 161 40
59 161 104
59 161 168
59 161 232
59 161 296
59 161 360
59 161 424
59 161 488
59 161 552
59 161 616
59 160 40
59 160 104
59 160 168
59 160 232
59 160 296
59 160 360
59 160 424
59 160 488
59 160 552
59 159 40
59 159 104
59 159 168
59 159 232
59 159 296
59 159 360
59 159 424
59 159 488
59 159 552
59 158 40
59 158 104
59 158 168
59 158 232
59 158 296
59 158 360
59 158 424
59 158 488
58 158 40
58 158 104
58 158 168
58 158 232
58 158 296
58 158 360
58 158 424
58 157 40
58 157 104
58 157 168
58 157 232
58 157 296
58 157 360
57 157 40
57 157 104
57 157 168
57 157 232
57 157 296
57 157 360
57 156 40
57 156 104
57 156 168
57 156 232
57 156 296
56 156 40
56 156 104
56 156 168
56 156 232
55 156 40
55 156 104
55 156 168
55 155 40
55 155 104
55 154 40
55 154 104
54 154 40
54 154 104
53 154 40
53 153 40
53 152 40
52 152 40
51 152 40
51 151 40
51 150 40
50 150 40
49 150 40
125 149 40
124 149 40
123 149 40
122 149 40
121 149 40
120 149 40
119 149 40
118 149 40
117 149 40
116 149 40
115 149 40
114 149 40
113 149 40
112 149 40
111 149 40
110 149 40
109 150 40
108 150 40
108 151 40
108 152 40
108 153 40
108 154 40
108 155 40
108 156 40
108 157 40
108 158 40
108 159 40
108 160 40
108 161 40
108 162 40
108 163 40
108 164 40
108 165 40
108 165 104
108 166 40
108 166 104
108 167 40
108 167 104
108 168 40
108 168 104
107 168 40
107 168 104
106 168 40
106 168 104
106 168 168
105 168 40
105 168 104
105 168 168
104 168 40
104 168 104
104 168 168
103 168 40
103 168 104
103 168 168
102 168 40
102 168 104
102 168 168
102 168 232
101 168 40
101 168 104
101 168 168
101 168 232
100 168 40
100 168 104
100 168 168
100 168 232
99 168 40
99 168 104
99 168 168
99 168 232
98 168 40
98 168 104
98 168 168
97 168 40
97 168 104
97 168 168
96 168 40
96 168 104
96 168 168
95 168 40
95 168 104
95 168 168
94 168 40
94 168 104
93 168 40
93 168 104
92 168 40
92 168 104
91 168 40
91 168 104
90 168 40
90 168 104
90 169 40
90 169 104
89 170 40
89 171 40
89 172 40
89 173 40
89 174 40
89 175 40
89 176 40
89 177 40
89 178 40
89 179 40
89 180 40
89 181 40
89 182 40
89 183 40
89 184 40
89 185 40
89 186 40
89 187 40
89 188 40
88 189 40
87 189 40
86 189 40
85 189 40
