9 9 100
9 29 100
9 49 100
9 69 100
9 89 100
9 109 100
9 129 100
9 149 100
9 169 100
9 189 100
29 9 100
29 29 100
29 49 100
29 69 100
29 89 100
29 109 100
29 129 100
29 149 100
29 169 100
29 189 100
49 9 100
49 29 100
49 49 100
49 69 100
49 89 100
49 109 100
49 129 100
49 149 100
49 169 100
49 189 100
69 9 100
69 29 100
69 49 100
69 69 100
69 89 100
69 109 100
69 129 100
69 149 100
69 169 100
69 189 100
89 9 100
89 29 100
89 49 100
89 69 100
89 89 100
89 109 100
89 129 100
89 149 100
89 169 100
89 189 100
109 9 100
109 29 100
109 49 100
109 69 100
109 89 100
109 109 100
109 129 100
109 149 100
109 169 100
109 189 100
129 9 100
129 29 100
129 49 100
129 69 100
129 89 100
129 109 100
129 129 100
129 149 100
129 169 100
129 189 100
149 9 100
149 29 100
149 49 100
149 69 100
149 89 100
149 109 100
149 129 100
149 149 100
149 169 100
149 189 100
169 9 100
169 29 100
169 49 100
169 69 100
169 89 100
169 109 100
169 129 100
169 149 100
169 169 100
169 189 100
189 9 100
189 29 100
189 49 100
189 69 100
189 89 100
189 109 100
189 129 100
189 149 100
189 169 100
189 189 100
9 9 100
9 29 100
9 49 100
9 149 100
9 169 100
9 189 100
29 9 100
29 29 100
29 49 100
29 69 100
29 129 100
29 149 100
29 169 100
29 189 100
49 9 100
49 29 100
49 49 100
49 69 100
49 109 100
49 129 100
49 149 100
49 169 100
49 189 100
69 9 100
69 29 100
69 49 100
69 129 100
69 149 100
69 169 100
69 189 100
89 9 100
89 29 100
89 149 100
89 169 100
89 189 100
109 9 100
109 29 100
129 9 100
129 29 100
129 49 100
129 69 100
129 89 100
149 9 100
149 29 100
149 49 100
149 69 100
149 89 100
149 109 100
149 129 100
169 69 100
169 89 100
169 109 100
169 129 100
189 89 100
189 109 100
189 129 100
199 15 40
86 67 40
102 123 40
42 89 40
158 28 40
158 28 168
137 118 40
153 187 40
118 198 40
59 115 40
5 95 40
43 89 40
44 89 40
45 89 40
46 89 40
46 89 168
47 89 40
48 89 40
50 89 40
51 89 40
52 89 40
53 89 40
54 89 40
55 89 40
56 89 40
57 89 40
58 89 40
59 89 40
60 89 40
61 89 40
62 89 40
63 89 40
64 89 40
65 89 40
66 89 40
67 89 40
68 89 40
69 88 40
69 87 40
69 86 40
69 85 40
69 84 40
69 83 40
69 82 40
69 81 40
69 80 40
69 79 40
69 78 40
69 77 40
69 76 40
69 75 40
69 74 40
69 73 40
69 72 40
69 71 40
69 70 40
70 69 40
71 69 40
72 69 40
73 69 40
74 69 40
75 69 40
76 69 40
77 69 40
78 69 40
79 69 40
80 69 40
81 69 40
82 69 40
83 69 40
84 69 40
85 69 40
86 69 40
86 68 40
5 94 40
5 93 40
5 92 40
5 91 40
5 90 40
5 89 40
6 89 40
7 89 40
8 89 40
10 89 40
11 89 40
12 89 40
13 89 40
14 89 40
15 89 40
16 89 40
17 89 40
18 89 40
19 89 40
20 89 40
21 89 40
22 89 40
23 89 40
24 89 40
25 89 40
26 89 40
27 89 40
28 89 40
30 89 40
31 89 40
32 89 40
33 89 40
34 89 40
35 89 40
36 89 40
37 89 40
38 89 40
39 89 40
40 89 40
41 89 40
59 114 40
59 113 40
60 113 40
61 113 40
62 113 40
63 113 40
63 113 168
64 113 40
64 113 168
65 113 40
65 113 168
65 112 40
65 112 168
66 112 40
66 112 168
66 111 40
66 111 168
67 111 40
67 111 168
67 110 40
67 110 168
68 110 40
68 110 168
68 109 40
68 109 168
69 108 40
69 107 40
69 106 40
69 105 40
69 104 40
69 103 40
69 102 40
69 101 40
69 100 40
69 99 40
69 98 40
69 97 40
69 96 40
69 95 40
69 94 40
69 93 40
69 92 40
69 91 40
69 90 40
102 124 40
102 125 40
101 125 40
100 125 40
99 125 40
98 125 40
97 125 40
96 125 40
95 125 40
94 125 40
93 125 40
92 125 40
91 125 40
90 125 40
90 124 40
90 123 40
90 122 40
90 121 40
90 120 40
90 119 40
90 118 40
90 117 40
90 116 40
90 115 40
90 114 40
90 113 40
90 112 40
90 111 40
90 110 40
89 110 40
88 109 40
87 109 40
86 109 40
85 109 40
84 109 40
83 109 40
82 109 40
81 109 40
80 109 40
79 109 40
78 109 40
77 109 40
76 109 40
75 109 40
74 109 40
73 109 40
72 109 40
71 109 40
70 109 40
136 118 40
135 118 40
134 118 40
134 119 40
134 120 40
134 121 40
134 122 40
134 123 40
134 124 40
133 124 40
133 125 40
132 125 40
132 126 40
131 126 40
131 127 40
130 127 40
130 128 40
129 128 40
128 129 40
127 129 40
126 129 40
125 129 40
124 129 40
123 129 40
122 129 40
121 129 40
120 129 40
119 129 40
118 129 40
117 129 40
116 129 40
115 129 40
114 129 40
113 129 40
112 129 40
111 129 40
110 129 40
108 129 40
108 128 40
107 128 40
107 127 40
106 127 40
106 126 40
105 126 40
105 125 40
104 125 40
103 125 40
159 28 40
159 28 168
160 28 40
160 28 168
161 28 40
161 28 168
162 28 40
162 28 168
163 28 40
164 28 40
165 28 40
166 28 40
167 28 40
168 28 40
169 28 40
170 29 40
171 29 40
172 29 40
173 29 40
174 29 40
175 29 40
176 29 40
177 29 40
178 29 40
179 29 40
180 29 40
181 29 40
182 29 40
183 29 40
184 29 40
185 29 40
186 29 40
187 29 40
188 29 40
189 28 40
190 28 40
190 27 40
191 27 40
191 26 40
191 25 40
191 24 40
191 23 40
191 22 40
191 21 40
191 20 40
191 19 40
191 18 40
191 17 40
191 16 40
191 15 40
192 15 40
193 15 40
194 15 40
195 15 40
196 15 40
197 15 40
198 15 40
152 187 40
151 187 40
150 187 40
149 187 40
149 186 40
149 185 40
149 184 40
149 183 40
149 182 40
149 181 40
149 180 40
149 179 40
149 178 40
149 177 40
149 176 40
149 175 40
149 174 40
149 173 40
149 172 40
149 171 40
149 170 40
148 169 40
147 169 40
146 169 40
145 169 40
144 169 40
143 169 40
142 169 40
141 169 40
140 169 40
139 169 40
138 169 40
137 169 40
136 169 40
135 169 40
134 169 40
133 169 40
132 169 40
131 169 40
130 169 40
129 168 40
129 167 40
129 166 40
129 165 40
129 164 40
129 163 40
129 162 40
129 161 40
129 160 40
129 159 40
129 158 40
129 157 40
129 156 40
129 155 40
129 154 40
129 153 40
129 152 40
129 151 40
129 150 40
129 148 40
129 147 40
129 146 40
129 145 40
129 144 40
129 143 40
129 142 40
129 141 40
129 140 40
129 139 40
129 138 40
129 137 40
129 136 40
129 135 40
129 134 40
129 133 40
129 132 40
129 131 40
129 130 40
118 197 40
118 196 40
118 195 40
118 194 40
118 193 40
119 193 40
120 193 40
121 193 40
122 193 40
123 193 40
124 193 40
125 193 40
125 192 40
126 192 40
126 191 40
127 191 40
127 190 40
128 190 40
128 189 40
129 188 40
129 187 40
129 186 40
129 185 40
129 184 40
129 183 40
129 182 40
129 181 40
129 180 40
129 179 40
129 178 40
129 177 40
129 176 40
129 175 40
129 174 40
129 173 40
129 172 40
129 171 40
129 170 40
