9 9 100
9 29 100
9 49 100
9 69 100
9 89 100
9 109 100
9 129 100
9 149 100
9 169 100
9 189 100
29 9 100
29 29 100
29 49 100
29 69 100
29 89 100
29 109 100
29 129 100
29 149 100
29 169 100
29 189 100
49 9 100
49 29 100
49 49 100
49 69 100
49 89 100
49 109 100
49 129 100
49 149 100
49 169 100
49 189 100
69 9 100
69 29 100
69 49 100
69 69 100
69 89 100
69 109 100
69 129 100
69 149 100
69 169 100
69 189 100
89 9 100
89 29 100
89 49 100
89 69 100
89 89 100
89 109 100
89 129 100
89 149 100
89 169 100
89 189 100
109 9 100
109 29 100
109 49 100
109 69 100
109 89 100
109 109 100
109 129 100
109 149 100
109 169 100
109 189 100
129 9 100
129 29 100
129 49 100
129 69 100
129 89 100
129 109 100
129 129 100
129 149 100
129 169 100
129 189 100
149 9 100
149 29 100
149 49 100
149 69 100
149 89 100
149 109 100
149 129 100
149 149 100
149 169 100
149 189 100
169 9 100
169 29 100
169 49 100
169 69 100
169 89 100
169 109 100
169 129 100
169 149 100
169 169 100
169 189 100
189 9 100
189 29 100
189 49 100
189 69 100
189 89 100
189 109 100
189 129 100
189 149 100
189 169 100
189 189 100
9 9 100
9 49 100
9 89 100
9 109 100
9 129 100
9 149 100
9 169 100
9 189 100
29 9 100
29 29 100
29 49 100
29 129 100
29 149 100
29 169 100
29 189 100
49 29 100
49 69 100
49 89 100
49 109 100
49 129 100
49 169 100
49 189 100
69 49 100
69 69 100
69 89 100
69 129 100
69 169 100
89 29 100
89 69 100
89 109 100
89 129 100
89 169 100
89 189 100
109 9 100
109 29 100
109 49 100
109 89 100
109 149 100
109 169 100
129 9 100
129 29 100
129 49 100
129 69 100
129 89 100
129 109 100
129 129 100
129 149 100
149 69 100
149 109 100
149 129 100
149 149 100
149 169 100
149 189 100
169 9 100
169 29 100
169 49 100
169 69 100
169 109 100
169 129 100
169 169 100
169 189 100
189 9 100
189 49 100
189 89 100
189 109 100
189 129 100
189 169 100
189 189 100
68 50 40
68 50 41
68 50 42
68 50 43
182 93 40
136 22 40
136 22 41
136 22 42
136 22 43
136 22 44
136 22 45
110 186 40
24 118 40
24 117 40
24 116 40
24 115 40
24 114 40
24 113 40
25 113 40
25 112 40
26 112 40
26 111 40
27 111 40
27 110 40
28 110 40
28 109 40
29 108 40
29 107 40
29 106 40
29 105 40
29 104 40
29 103 40
29 102 40
29 102 41
29 101 40
29 101 41
29 100 40
29 100 41
29 99 40
29 99 41
29 99 42
29 98 40
29 98 41
29 98 42
29 97 40
29 97 41
29 97 42
29 96 40
29 96 41
29 95 40
29 95 41
29 94 40
29 93 40
29 92 40
29 91 40
29 90 40
29 88 40
29 87 40
29 86 40
29 85 40
29 84 40
29 83 40
29 82 40
29 81 40
29 80 40
29 79 40
29 78 40
29 77 40
29 76 40
29 75 40
29 74 40
29 73 40
29 72 40
29 71 40
29 70 40
29 68 40
30 68 40
30 67 40
31 67 40
31 66 40
31 66 41
32 66 40
32 66 41
32 65 40
32 65 41
33 65 40
33 65 41
33 64 40
33 64 41
34 64 40
34 64 41
34 63 40
34 63 41
35 63 40
35 63 41
35 62 40
35 62 41
36 62 40
36 62 41
36 61 40
36 61 41
37 61 40
37 61 41
37 60 40
37 60 41
38 60 40
38 60 41
39 60 40
39 60 41
39 59 40
39 59 41
39 59 42
39 58 40
39 58 41
39 58 42
40 58 40
40 58 41
40 58 42
41 58 40
41 58 41
41 58 42
41 57 40
41 57 41
41 57 42
41 56 40
41 56 41
41 56 42
41 56 43
41 56 44
42 56 40
42 56 41
42 56 42
42 56 43
42 55 40
42 55 41
42 55 42
42 55 43
42 55 44
43 55 40
43 55 41
43 55 42
43 54 40
43 54 41
43 54 42
43 54 43
44 54 40
44 54 41
44 54 42
45 54 40
45 54 41
45 53 40
45 53 41
45 53 42
46 53 40
46 53 41
46 52 40
46 52 41
47 52 40
47 51 40
48 51 40
48 50 40
49 50 40
50 50 40
51 50 40
52 50 40
53 50 40
54 50 40
55 50 40
56 50 40
57 50 40
58 50 40
59 50 40
60 50 40
61 50 40
62 50 40
63 50 40
64 50 40
64 50 41
65 50 40
65 50 41
66 50 40
66 50 41
67 50 40
67 50 41
67 50 42
136 23 40
136 23 41
136 23 42
136 23 43
136 23 44
136 23 45
136 23 46
136 24 40
136 24 41
136 24 42
136 24 43
136 24 44
136 24 45
136 24 46
136 24 47
136 25 40
136 25 41
136 25 42
136 25 43
136 25 44
136 25 45
136 25 46
136 25 47
136 25 48
137 25 40
137 25 41
137 25 42
137 25 43
137 25 44
137 25 45
137 25 46
137 25 47
138 25 40
138 25 41
138 25 42
138 25 43
138 25 44
138 25 45
138 25 46
139 25 40
139 25 41
139 25 42
139 25 43
139 25 44
139 25 45
139 25 46
140 25 40
140 25 41
140 25 42
140 25 43
140 25 44
140 25 45
141 25 40
141 25 41
141 25 42
141 25 43
141 25 44
142 25 40
142 25 41
142 25 42
142 25 43
142 25 44
143 25 40
143 25 41
143 25 42
143 25 43
144 25 40
144 25 41
144 25 42
144 25 43
145 25 40
145 25 41
145 25 42
146 25 40
146 25 41
146 26 40
146 26 41
146 26 42
147 26 40
147 26 41
147 27 40
147 27 41
148 27 40
148 28 40
148 28 41
148 29 40
148 29 41
149 30 40
149 30 41
149 31 40
149 31 41
149 31 42
149 32 40
149 32 41
149 32 42
149 32 43
149 33 40
149 33 41
149 33 42
149 33 43
149 33 44
149 34 40
149 34 41
149 34 42
149 34 43
149 34 44
149 34 45
149 35 40
149 35 41
149 35 42
149 35 43
149 35 44
149 35 45
149 36 40
149 36 41
149 36 42
149 36 43
149 36 44
149 37 40
149 37 41
149 37 42
149 37 43
149 38 40
149 38 41
149 38 42
149 39 40
149 39 41
149 39 42
149 40 40
149 40 41
149 41 40
149 41 41
149 42 40
149 42 41
149 43 40
149 43 41
149 44 40
149 44 41
149 45 40
149 46 40
149 47 40
149 48 40
149 50 40
149 51 40
149 52 40
149 53 40
149 54 40
149 55 40
149 55 41
149 56 40
149 56 41
149 56 42
149 57 40
149 57 41
149 57 42
149 57 43
149 57 44
149 58 40
149 58 41
149 58 42
149 58 43
149 58 44
149 58 45
149 58 46
149 59 40
149 59 41
149 59 42
149 59 43
149 59 44
149 59 45
149 59 46
149 59 47
149 59 48
149 59 49
149 59 50
149 60 40
149 60 41
149 60 42
149 60 43
149 60 44
149 60 45
149 60 46
149 60 47
149 60 48
149 60 49
149 60 50
149 60 51
149 60 52
149 60 53
149 60 54
149 60 55
149 61 40
149 61 41
149 61 42
149 61 43
149 61 44
149 61 45
149 61 46
149 61 47
149 61 48
149 61 49
149 61 50
149 61 51
149 61 52
149 61 53
149 61 54
149 61 55
149 61 56
149 61 57
149 61 58
149 61 59
149 61 60
149 61 61
149 62 40
149 62 41
149 62 42
149 62 43
149 62 44
149 62 45
149 62 46
149 62 47
149 62 48
149 62 49
149 62 50
149 62 51
149 62 52
149 62 53
149 62 54
149 62 55
149 62 56
149 62 57
149 62 58
149 62 59
149 62 60
149 62 61
149 62 62
149 62 63
149 62 64
149 62 65
149 62 66
149 62 67
149 62 68
149 63 40
149 63 41
149 63 42
149 63 43
149 63 44
149 63 45
149 63 46
149 63 47
149 63 48
149 63 49
149 63 50
149 63 51
149 63 52
149 63 53
149 63 54
149 63 55
149 63 56
149 63 57
149 63 58
149 63 59
149 63 60
149 63 61
149 63 62
149 63 63
149 63 64
149 63 65
149 63 66
149 63 67
149 63 68
149 63 69
149 63 70
149 63 71
149 63 72
149 63 73
149 63 74
149 64 40
149 64 41
149 64 42
149 64 43
149 64 44
149 64 45
149 64 46
149 64 47
149 64 48
149 64 49
149 64 50
149 64 51
149 64 52
149 64 53
149 64 54
149 64 55
149 64 56
149 64 57
149 64 58
149 64 59
149 64 60
149 64 61
149 64 62
149 64 63
149 64 64
149 64 65
149 64 66
149 64 67
149 64 68
149 64 69
149 64 70
149 64 71
149 64 72
149 64 73
149 64 74
149 64 75
149 64 76
149 64 77
149 64 78
149 65 40
149 65 41
149 65 42
149 65 43
149 65 44
149 65 45
149 65 46
149 65 47
149 65 48
149 65 49
149 65 50
149 65 51
149 65 52
149 65 53
149 65 54
149 65 55
149 65 56
149 65 57
149 65 58
149 65 59
149 65 60
149 65 61
149 65 62
149 65 63
149 65 64
149 65 65
149 65 66
149 65 67
149 65 68
149 65 69
149 65 70
149 65 71
149 65 72
149 65 73
149 65 74
149 65 75
149 65 76
149 65 77
149 65 78
149 65 79
149 65 80
149 66 40
149 66 41
149 66 42
149 66 43
149 66 44
149 66 45
149 66 46
149 66 47
149 66 48
149 66 49
149 66 50
149 66 51
149 66 52
149 66 53
149 66 54
149 66 55
149 66 56
149 66 57
149 66 58
149 66 59
149 66 60
149 66 61
149 66 62
149 66 63
149 66 64
149 66 65
149 66 66
149 66 67
149 66 68
149 66 69
149 66 70
149 66 71
149 66 72
149 66 73
149 66 74
149 66 75
149 66 76
149 66 77
149 66 78
149 66 79
149 66 80
149 66 81
149 67 40
149 67 41
149 67 42
149 67 43
149 67 44
149 67 45
149 67 46
149 67 47
149 67 48
149 67 49
149 67 50
149 67 51
149 67 52
149 67 53
149 67 54
149 67 55
149 67 56
149 67 57
149 67 58
149 67 59
149 67 60
149 67 61
149 67 62
149 67 63
149 67 64
149 67 65
149 67 66
149 67 67
149 67 68
149 67 69
149 67 70
149 67 71
149 67 72
149 67 73
149 67 74
149 67 75
149 67 76
149 67 77
149 67 78
149 67 79
149 67 80
149 68 40
149 68 41
149 68 42
149 68 43
149 68 44
149 68 45
149 68 46
149 68 47
149 68 48
149 68 49
149 68 50
149 68 51
149 68 52
149 68 53
149 68 54
149 68 55
149 68 56
149 68 57
149 68 58
149 68 59
149 68 60
149 68 61
149 68 62
149 68 63
149 68 64
149 68 65
149 68 66
149 68 67
149 68 68
149 68 69
149 68 70
149 68 71
149 68 72
149 68 73
149 68 74
149 68 75
149 68 76
149 68 77
149 68 78
149 69 40
149 69 41
149 69 42
149 69 43
149 69 44
149 69 45
149 69 46
149 69 47
149 69 48
149 69 49
149 69 50
149 69 51
149 69 52
149 69 53
149 69 54
149 69 55
149 69 56
149 69 57
149 69 58
149 69 59
149 69 60
149 69 61
149 69 62
149 69 63
149 69 64
149 69 65
149 69 66
149 69 67
149 69 68
149 69 69
149 69 70
149 69 71
149 69 72
149 70 40
149 70 41
149 70 42
149 70 43
149 70 44
149 70 45
149 70 46
149 70 47
149 70 48
149 70 49
149 70 50
149 70 51
149 70 52
149 70 53
149 70 54
149 70 55
149 70 56
149 70 57
149 70 58
149 70 59
149 70 60
149 70 61
149 70 62
149 70 63
149 70 64
149 70 65
149 70 66
149 70 67
149 70 68
149 70 69
149 70 70
149 70 71
149 71 40
149 71 41
149 71 42
149 71 43
149 71 44
149 71 45
149 71 46
149 71 47
149 71 48
149 71 49
149 71 50
149 71 51
149 71 52
149 71 53
149 71 54
149 71 55
149 71 56
149 71 57
149 71 58
149 71 59
149 71 60
149 71 61
149 71 62
149 71 63
149 71 64
149 71 65
149 71 66
149 71 67
149 72 40
149 72 41
149 72 42
149 72 43
149 72 44
149 72 45
149 72 46
149 72 47
149 72 48
149 72 49
149 72 50
149 72 51
149 72 52
149 72 53
149 72 54
149 72 55
149 72 56
149 72 57
149 72 58
149 72 59
149 72 60
149 72 61
149 72 62
149 73 40
149 73 41
149 73 42
149 73 43
149 73 44
149 73 45
149 73 46
149 73 47
149 73 48
149 73 49
149 73 50
149 73 51
149 73 52
149 73 53
149 73 54
149 73 55
149 73 56
149 73 57
149 73 58
149 74 40
149 74 41
149 74 42
149 74 43
149 74 44
149 74 45
149 74 46
149 74 47
149 74 48
149 74 49
149 74 50
149 74 51
149 74 52
149 74 53
149 74 54
149 74 55
149 75 40
149 75 41
149 75 42
149 75 43
149 75 44
149 75 45
149 75 46
149 75 47
149 75 48
149 75 49
149 75 50
149 75 51
149 75 52
149 76 40
149 76 41
149 76 42
149 76 43
149 76 44
149 76 45
149 76 46
149 76 47
149 76 48
149 76 49
149 77 40
149 77 41
149 77 42
149 77 43
149 77 44
149 77 45
149 77 46
149 77 47
149 78 40
149 78 41
149 78 42
149 78 43
149 78 44
149 78 45
149 79 40
149 79 41
149 79 42
149 79 43
149 80 40
149 80 41
149 80 42
149 81 40
149 81 41
149 82 40
149 83 40
149 84 40
149 85 40
149 86 40
149 87 40
149 88 40
150 89 40
151 89 40
152 89 40
153 89 40
154 89 40
155 89 40
156 89 40
157 89 40
158 89 40
159 89 40
160 89 40
161 89 40
162 89 40
163 89 40
164 89 40
165 89 40
166 89 40
166 89 41
167 89 40
167 89 41
168 89 40
169 90 40
170 90 40
170 91 40
171 91 40
171 92 40
172 92 40
172 93 40
173 93 40
174 93 40
175 93 40
176 93 40
177 93 40
178 93 40
179 93 40
180 93 40
181 93 40
110 187 40
110 188 40
109 188 40
108 188 40
107 188 40
106 188 40
105 188 40
104 188 40
103 188 40
102 188 40
101 188 40
100 188 40
99 188 40
98 188 40
97 188 40
96 188 40
95 188 40
94 188 40
93 188 40
93 188 41
92 188 40
92 188 41
91 188 40
91 188 41
91 188 42
90 188 40
90 188 41
90 188 42
90 188 43
90 187 40
90 187 41
90 187 42
90 187 43
90 186 40
90 186 41
90 186 42
90 186 43
90 186 44
90 185 40
90 185 41
90 185 42
90 185 43
90 185 44
90 185 45
90 184 40
90 184 41
90 184 42
90 184 43
90 184 44
90 184 45
90 184 46
90 184 47
90 184 48
90 183 40
90 183 41
90 183 42
90 183 43
90 183 44
90 183 45
90 183 46
90 183 47
90 183 48
90 183 49
90 183 50
90 183 51
90 182 40
90 182 41
90 182 42
90 182 43
90 182 44
90 182 45
90 182 46
90 182 47
90 182 48
90 182 49
90 182 50
90 182 51
90 182 52
90 182 53
90 182 54
90 182 55
90 182 56
90 181 40
90 181 41
90 181 42
90 181 43
90 181 44
90 181 45
90 181 46
90 181 47
90 181 48
90 181 49
90 181 50
90 181 51
90 181 52
90 181 53
90 181 54
90 181 55
90 181 56
90 181 57
90 181 58
90 181 59
90 181 60
90 181 61
90 181 62
90 180 40
90 180 41
90 180 42
90 180 43
90 180 44
90 180 45
90 180 46
90 180 47
90 180 48
90 180 49
90 180 50
90 180 51
90 180 52
90 180 53
90 180 54
90 180 55
90 180 56
90 180 57
90 180 58
90 180 59
90 180 60
90 180 61
90 180 62
90 180 63
90 180 64
90 180 65
90 180 66
90 180 67
90 180 68
90 180 69
90 179 40
90 179 41
90 179 42
90 179 43
90 179 44
90 179 45
90 179 46
90 179 47
90 179 48
90 179 49
90 179 50
90 179 51
90 179 52
90 179 53
90 179 54
90 179 55
90 179 56
90 179 57
90 179 58
90 179 59
90 179 60
90 179 61
90 179 62
90 179 63
90 179 64
90 179 65
90 179 66
90 179 67
90 179 68
90 179 69
90 179 70
90 179 71
90 179 72
90 179 73
90 179 74
90 179 75
90 179 76
90 178 40
90 178 41
90 178 42
90 178 43
90 178 44
90 178 45
90 178 46
90 178 47
90 178 48
90 178 49
90 178 50
90 178 51
90 178 52
90 178 53
90 178 54
90 178 55
90 178 56
90 178 57
90 178 58
90 178 59
90 178 60
90 178 61
90 178 62
90 178 63
90 178 64
90 178 65
90 178 66
90 178 67
90 178 68
90 178 69
90 178 70
90 178 71
90 178 72
90 178 73
90 178 74
90 178 75
90 178 76
90 178 77
90 178 78
90 178 79
90 178 80
90 178 81
90 178 82
90 177 40
90 177 41
90 177 42
90 177 43
90 177 44
90 177 45
90 177 46
90 177 47
90 177 48
90 177 49
90 177 50
90 177 51
90 177 52
90 177 53
90 177 54
90 177 55
90 177 56
90 177 57
90 177 58
90 177 59
90 177 60
90 177 61
90 177 62
90 177 63
90 177 64
90 177 65
90 177 66
90 177 67
90 177 68
90 177 69
90 177 70
90 177 71
90 177 72
90 177 73
90 177 74
90 177 75
90 177 76
90 177 77
90 177 78
90 177 79
90 177 80
90 177 81
90 177 82
90 177 83
90 177 84
90 177 85
90 177 86
90 177 87
90 177 88
90 176 40
90 176 41
90 176 42
90 176 43
90 176 44
90 176 45
90 176 46
90 176 47
90 176 48
90 176 49
90 176 50
90 176 51
90 176 52
90 176 53
90 176 54
90 176 55
90 176 56
90 176 57
90 176 58
90 176 59
90 176 60
90 176 61
90 176 62
90 176 63
90 176 64
90 176 65
90 176 66
90 176 67
90 176 68
90 176 69
90 176 70
90 176 71
90 176 72
90 176 73
90 176 74
90 176 75
90 176 76
90 176 77
90 176 78
90 176 79
90 176 80
90 176 81
90 176 82
90 176 83
90 176 84
90 176 85
90 176 86
90 176 87
90 176 88
90 176 89
90 176 90
90 176 91
90 176 92
90 176 93
90 175 40
90 175 41
90 175 42
90 175 43
90 175 44
90 175 45
90 175 46
90 175 47
90 175 48
90 175 49
90 175 50
90 175 51
90 175 52
90 175 53
90 175 54
90 175 55
90 175 56
90 175 57
90 175 58
90 175 59
90 175 60
90 175 61
90 175 62
90 175 63
90 175 64
90 175 65
90 175 66
90 175 67
90 175 68
90 175 69
90 175 70
90 175 71
90 175 72
90 175 73
90 175 74
90 175 75
90 175 76
90 175 77
90 175 78
90 175 79
90 175 80
90 175 81
90 175 82
90 175 83
90 175 84
90 175 85
90 175 86
90 175 87
90 175 88
90 175 89
90 175 90
90 175 91
90 175 92
90 175 93
90 175 94
90 175 95
90 175 96
90 174 40
90 174 41
90 174 42
90 174 43
90 174 44
90 174 45
90 174 46
90 174 47
90 174 48
90 174 49
90 174 50
90 174 51
90 174 52
90 174 53
90 174 54
90 174 55
90 174 56
90 174 57
90 174 58
90 174 59
90 174 60
90 174 61
90 174 62
90 174 63
90 174 64
90 174 65
90 174 66
90 174 67
90 174 68
90 174 69
90 174 70
90 174 71
90 174 72
90 174 73
90 174 74
90 174 75
90 174 76
90 174 77
90 174 78
90 174 79
90 174 80
90 174 81
90 174 82
90 174 83
90 174 84
90 174 85
90 174 86
90 174 87
90 174 88
90 174 89
90 174 90
90 174 91
90 174 92
90 174 93
90 174 94
90 174 95
90 174 96
90 174 97
90 174 98
90 173 40
90 173 41
90 173 42
90 173 43
90 173 44
90 173 45
90 173 46
90 173 47
90 173 48
90 173 49
90 173 50
90 173 51
90 173 52
90 173 53
90 173 54
90 173 55
90 173 56
90 173 57
90 173 58
90 173 59
90 173 60
90 173 61
90 173 62
90 173 63
90 173 64
90 173 65
90 173 66
90 173 67
90 173 68
90 173 69
90 173 70
90 173 71
90 173 72
90 173 73
90 173 74
90 173 75
90 173 76
90 173 77
90 173 78
90 173 79
90 173 80
90 173 81
90 173 82
90 173 83
90 173 84
90 173 85
90 173 86
90 173 87
90 173 88
90 173 89
90 173 90
90 173 91
90 173 92
90 173 93
90 173 94
90 173 95
90 173 96
90 173 97
90 173 98
90 173 99
90 172 40
90 172 41
90 172 42
90 172 43
90 172 44
90 172 45
90 172 46
90 172 47
90 172 48
90 172 49
90 172 50
90 172 51
90 172 52
90 172 53
90 172 54
90 172 55
90 172 56
90 172 57
90 172 58
90 172 59
90 172 60
90 172 61
90 172 62
90 172 63
90 172 64
90 172 65
90 172 66
90 172 67
90 172 68
90 172 69
90 172 70
90 172 71
90 172 72
90 172 73
90 172 74
90 172 75
90 172 76
90 172 77
90 172 78
90 172 79
90 172 80
90 172 81
90 172 82
90 172 83
90 172 84
90 172 85
90 172 86
90 172 87
90 172 88
90 172 89
90 172 90
90 172 91
90 172 92
90 172 93
90 172 94
90 172 95
90 172 96
90 172 97
90 172 98
90 171 40
90 171 41
90 171 42
90 171 43
90 171 44
90 171 45
90 171 46
90 171 47
90 171 48
90 171 49
90 171 50
90 171 51
90 171 52
90 171 53
90 171 54
90 171 55
90 171 56
90 171 57
90 171 58
90 171 59
90 171 60
90 171 61
90 171 62
90 171 63
90 171 64
90 171 65
90 171 66
90 171 67
90 171 68
90 171 69
90 171 70
90 171 71
90 171 72
90 171 73
90 171 74
90 171 75
90 171 76
90 171 77
90 171 78
90 171 79
90 171 80
90 171 81
90 171 82
90 171 83
90 171 84
90 171 85
90 171 86
90 171 87
90 171 88
90 171 89
90 171 90
90 171 91
90 171 92
90 171 93
90 171 94
90 171 95
90 171 96
90 170 40
90 170 41
90 170 42
90 170 43
90 170 44
90 170 45
90 170 46
90 170 47
90 170 48
90 170 49
90 170 50
90 170 51
90 170 52
90 170 53
90 170 54
90 170 55
90 170 56
90 170 57
90 170 58
90 170 59
90 170 60
90 170 61
90 170 62
90 170 63
90 170 64
90 170 65
90 170 66
90 170 67
90 170 68
90 170 69
90 170 70
90 170 71
90 170 72
90 170 73
90 170 74
90 170 75
90 170 76
90 170 77
90 170 78
90 170 79
90 170 80
90 170 81
90 170 82
90 170 83
90 170 84
90 170 85
90 170 86
90 170 87
90 170 88
90 170 89
90 170 90
90 170 91
90 170 92
90 170 93
90 169 40
90 169 41
90 169 42
90 169 43
90 169 44
90 169 45
90 169 46
90 169 47
90 169 48
90 169 49
90 169 50
90 169 51
90 169 52
90 169 53
90 169 54
90 169 55
90 169 56
90 169 57
90 169 58
90 169 59
90 169 60
90 169 61
90 169 62
90 169 63
90 169 64
90 169 65
90 169 66
90 169 67
90 169 68
90 169 69
90 169 70
90 169 71
90 169 72
90 169 73
90 169 74
90 169 75
90 169 76
90 169 77
90 169 78
90 169 79
90 169 80
90 169 81
90 169 82
90 169 83
90 169 84
90 169 85
90 169 86
90 169 87
90 169 88
90 169 89
90 168 40
90 168 41
90 168 42
90 168 43
90 168 44
90 168 45
90 168 46
90 168 47
90 168 48
90 168 49
90 168 50
90 168 51
90 168 52
90 168 53
90 168 54
90 168 55
90 168 56
90 168 57
90 168 58
90 168 59
90 168 60
90 168 61
90 168 62
90 168 63
90 168 64
90 168 65
90 168 66
90 168 67
90 168 68
90 168 69
90 168 70
90 168 71
90 168 72
90 168 73
90 168 74
90 168 75
90 168 76
90 168 77
90 168 78
90 168 79
90 168 80
90 168 81
90 168 82
90 168 83
90 168 84
90 167 40
90 167 41
90 167 42
90 167 43
90 167 44
90 167 45
90 167 46
90 167 47
90 167 48
90 167 49
90 167 50
90 167 51
90 167 52
90 167 53
90 167 54
90 167 55
90 167 56
90 167 57
90 167 58
90 167 59
90 167 60
90 167 61
90 167 62
90 167 63
90 167 64
90 167 65
90 167 66
90 167 67
90 167 68
90 167 69
90 167 70
90 167 71
90 167 72
90 167 73
90 167 74
90 167 75
90 167 76
90 167 77
90 166 40
90 166 41
90 166 42
90 166 43
90 166 44
90 166 45
90 166 46
90 166 47
90 166 48
90 166 49
90 166 50
90 166 51
90 166 52
90 166 53
90 166 54
90 166 55
90 166 56
90 166 57
90 166 58
90 166 59
90 166 60
90 166 61
90 166 62
90 166 63
90 166 64
90 166 65
90 166 66
90 166 67
90 166 68
90 166 69
90 165 40
90 165 41
90 165 42
90 165 43
90 165 44
90 165 45
90 165 46
90 165 47
90 165 48
90 165 49
90 165 50
90 165 51
90 165 52
90 165 53
90 165 54
90 165 55
90 165 56
90 165 57
90 165 58
90 165 59
90 165 60
90 165 61
90 164 40
90 164 41
90 164 42
90 164 43
90 164 44
90 164 45
90 164 46
90 164 47
90 164 48
90 164 49
90 164 50
90 164 51
90 164 52
90 164 53
90 164 54
90 163 40
90 163 41
90 163 42
90 163 43
90 163 44
90 163 45
90 163 46
90 163 47
90 163 48
90 163 49
90 162 40
90 162 41
90 162 42
90 162 43
90 162 44
90 162 45
90 162 46
90 161 40
90 161 41
90 161 42
90 161 43
90 161 44
90 161 45
90 160 40
90 160 41
90 160 42
90 160 43
90 160 44
90 159 40
90 159 41
90 159 42
90 159 43
90 158 40
90 158 41
90 158 42
90 157 40
90 157 41
90 157 42
90 156 40
90 156 41
90 155 40
90 155 41
90 154 40
90 153 40
90 152 40
90 151 40
90 150 40
89 150 40
88 149 40
87 149 40
86 149 40
85 149 40
84 149 40
83 149 40
82 149 40
81 149 40
80 149 40
79 149 40
78 149 40
77 149 40
76 149 40
75 149 40
74 149 40
73 149 40
72 149 40
71 149 40
70 149 40
69 148 40
69 147 40
69 146 40
69 145 40
69 144 40
69 143 40
69 142 40
69 141 40
69 140 40
69 139 40
69 138 40
69 137 40
69 136 40
69 135 40
69 135 41
69 134 40
69 134 41
69 133 40
69 133 41
69 133 42
69 132 40
69 132 41
69 132 42
69 131 40
69 131 41
69 131 42
69 131 43
69 130 40
69 130 41
69 130 42
69 130 43
69 128 40
69 128 41
69 128 42
69 128 43
69 127 40
69 127 41
69 127 42
69 127 43
69 126 40
69 126 41
69 126 42
69 126 43
69 125 40
69 125 41
69 125 42
69 125 43
69 124 40
69 124 41
69 124 42
69 124 43
69 123 40
69 123 41
69 123 42
69 123 43
69 122 40
69 122 41
69 122 42
69 122 43
69 121 40
69 121 41
69 121 42
69 120 40
69 120 41
69 119 40
69 119 41
69 118 40
69 118 41
69 117 40
69 116 40
69 115 40
69 114 40
69 113 40
69 112 40
69 112 41
69 111 40
69 111 41
69 110 40
69 110 41
69 108 40
69 108 41
70 108 40
70 108 41
70 107 40
70 107 41
70 106 40
70 106 41
70 105 40
70 105 41
70 105 42
70 104 40
70 104 41
70 104 42
70 104 43
70 103 40
70 103 41
70 103 42
70 103 43
70 103 44
70 102 40
70 102 41
70 102 42
70 102 43
70 102 44
70 102 45
70 101 40
70 101 41
70 101 42
70 101 43
70 101 44
70 101 45
70 101 46
70 101 47
70 100 40
70 100 41
70 100 42
70 100 43
70 100 44
70 100 45
70 100 46
70 100 47
70 100 48
70 100 49
70 99 40
70 99 41
70 99 42
70 99 43
70 99 44
70 99 45
70 99 46
70 99 47
70 99 48
70 99 49
70 99 50
70 98 40
70 98 41
70 98 42
70 98 43
70 98 44
70 98 45
70 98 46
70 98 47
70 98 48
70 98 49
70 98 50
70 98 51
70 97 40
70 97 41
70 97 42
70 97 43
70 97 44
70 97 45
70 97 46
70 97 47
70 97 48
70 97 49
70 97 50
70 97 51
70 96 40
70 96 41
70 96 42
70 96 43
70 96 44
70 96 45
70 96 46
70 96 47
70 96 48
70 96 49
70 96 50
70 95 40
70 95 41
70 95 42
70 95 43
70 95 44
70 95 45
70 95 46
70 95 47
70 95 48
70 95 49
70 94 40
70 94 41
70 94 42
70 94 43
70 94 44
70 94 45
70 94 46
70 94 47
70 93 40
70 93 41
70 93 42
70 93 43
70 93 44
70 93 45
70 92 40
70 92 41
70 92 42
70 92 43
70 92 44
70 91 40
70 91 41
70 91 42
70 91 43
70 90 40
70 90 41
70 90 42
70 90 43
71 90 40
71 90 41
71 90 42
72 90 40
72 90 41
72 90 42
73 90 40
73 90 41
74 90 40
74 90 41
75 90 40
75 90 41
76 90 40
76 90 41
77 90 40
77 90 41
78 90 40
79 90 40
80 90 40
81 90 40
82 90 40
83 90 40
84 90 40
85 90 40
86 90 40
87 90 40
88 90 40
88 89 40
90 89 40
90 88 40
91 88 40
92 88 40
93 88 40
94 88 40
95 88 40
96 88 40
97 88 40
98 88 40
99 88 40
100 88 40
101 88 40
102 88 40
103 88 40
104 88 40
105 88 40
105 88 41
106 88 40
106 88 41
107 88 40
107 88 41
108 88 40
108 88 41
108 88 42
108 87 40
108 87 41
108 87 42
108 87 43
108 86 40
108 86 41
108 86 42
108 86 43
108 85 40
108 85 41
108 85 42
108 84 40
108 84 41
108 84 42
108 83 40
108 83 41
108 83 42
108 82 40
108 82 41
108 82 42
108 81 40
108 81 41
108 81 42
108 80 40
108 80 41
108 80 42
108 79 40
108 79 41
108 78 40
108 78 41
108 77 40
108 77 41
108 76 40
108 76 41
108 75 40
108 75 41
108 74 40
108 74 41
108 73 40
108 73 41
108 72 40
108 71 40
108 70 40
108 69 40
108 68 40
107 68 40
107 67 40
106 67 40
106 67 41
106 66 40
106 66 41
105 66 40
105 66 41
105 66 42
105 66 43
105 65 40
105 65 41
105 65 42
105 65 43
104 65 40
104 65 41
104 65 42
104 65 43
104 65 44
104 65 45
104 64 40
104 64 41
104 64 42
104 64 43
104 64 44
104 64 45
104 64 46
103 64 40
103 64 41
103 64 42
103 64 43
103 64 44
103 64 45
103 64 46
103 64 47
103 64 48
103 64 49
103 63 40
103 63 41
103 63 42
103 63 43
103 63 44
103 63 45
103 63 46
103 63 47
103 63 48
102 63 40
102 63 41
102 63 42
102 63 43
102 63 44
102 63 45
102 63 46
102 63 47
102 63 48
102 63 49
102 63 50
102 62 40
102 62 41
102 62 42
102 62 43
102 62 44
102 62 45
102 62 46
102 62 47
102 62 48
102 62 49
102 61 40
102 61 41
102 61 42
102 61 43
102 61 44
102 61 45
102 61 46
102 61 47
101 61 40
101 61 41
101 61 42
101 61 43
101 61 44
101 61 45
101 61 46
101 61 47
100 61 40
100 61 41
100 61 42
100 61 43
100 61 44
100 61 45
100 61 46
100 61 47
100 60 40
100 60 41
100 60 42
100 60 43
100 60 44
100 60 45
100 59 40
100 59 41
100 59 42
100 59 43
99 59 40
99 59 41
99 59 42
99 59 43
98 59 40
98 59 41
98 59 42
98 59 43
98 58 40
98 58 41
98 58 42
97 58 40
97 58 41
97 58 42
97 57 40
97 57 41
97 57 42
97 56 40
97 56 41
96 56 40
96 56 41
96 56 42
95 56 40
95 56 41
95 56 42
95 56 43
95 55 40
95 55 41
95 55 42
94 55 40
94 55 41
94 55 42
94 55 43
94 54 40
94 54 41
94 54 42
93 54 40
93 54 41
93 54 42
93 54 43
93 53 40
93 53 41
93 53 42
92 53 40
92 53 41
92 53 42
92 53 43
92 52 40
92 52 41
91 52 40
91 52 41
91 52 42
91 51 40
91 51 41
90 51 40
90 51 41
90 50 40
90 50 41
89 50 40
89 50 41
88 50 40
88 50 41
87 50 40
87 50 41
87 50 42
86 50 40
86 50 41
86 50 42
86 50 43
86 50 44
85 50 40
85 50 41
85 50 42
85 50 43
85 50 44
85 50 45
85 50 46
85 50 47
85 50 48
84 50 40
84 50 41
84 50 42
84 50 43
84 50 44
84 50 45
84 50 46
84 50 47
84 50 48
84 50 49
84 50 50
84 50 51
84 50 52
84 50 53
83 50 40
83 50 41
83 50 42
83 50 43
83 50 44
83 50 45
83 50 46
83 50 47
83 50 48
83 50 49
83 50 50
83 50 51
83 50 52
83 50 53
83 50 54
83 50 55
83 50 56
83 50 57
83 50 58
82 50 40
82 50 41
82 50 42
82 50 43
82 50 44
82 50 45
82 50 46
82 50 47
82 50 48
82 50 49
82 50 50
82 50 51
82 50 52
82 50 53
82 50 54
82 50 55
82 50 56
82 50 57
82 50 58
82 50 59
82 50 60
82 50 61
82 50 62
82 50 63
82 50 64
81 50 40
81 50 41
81 50 42
81 50 43
81 50 44
81 50 45
81 50 46
81 50 47
81 50 48
81 50 49
81 50 50
81 50 51
81 50 52
81 50 53
81 50 54
81 50 55
81 50 56
81 50 57
81 50 58
81 50 59
81 50 60
81 50 61
81 50 62
81 50 63
81 50 64
81 50 65
81 50 66
81 50 67
81 50 68
81 50 69
80 50 40
80 50 41
80 50 42
80 50 43
80 50 44
80 50 45
80 50 46
80 50 47
80 50 48
80 50 49
80 50 50
80 50 51
80 50 52
80 50 53
80 50 54
80 50 55
80 50 56
80 50 57
80 50 58
80 50 59
80 50 60
80 50 61
80 50 62
80 50 63
80 50 64
80 50 65
80 50 66
80 50 67
80 50 68
80 50 69
80 50 70
80 50 71
80 50 72
79 50 40
79 50 41
79 50 42
79 50 43
79 50 44
79 50 45
79 50 46
79 50 47
79 50 48
79 50 49
79 50 50
79 50 51
79 50 52
79 50 53
79 50 54
79 50 55
79 50 56
79 50 57
79 50 58
79 50 59
79 50 60
79 50 61
79 50 62
79 50 63
79 50 64
79 50 65
79 50 66
79 50 67
79 50 68
79 50 69
79 50 70
79 50 71
79 50 72
79 50 73
78 50 40
78 50 41
78 50 42
78 50 43
78 50 44
78 50 45
78 50 46
78 50 47
78 50 48
78 50 49
78 50 50
78 50 51
78 50 52
78 50 53
78 50 54
78 50 55
78 50 56
78 50 57
78 50 58
78 50 59
78 50 60
78 50 61
78 50 62
78 50 63
78 50 64
78 50 65
78 50 66
78 50 67
78 50 68
78 50 69
78 50 70
78 50 71
78 50 72
78 50 73
77 50 40
77 50 41
77 50 42
77 50 43
77 50 44
77 50 45
77 50 46
77 50 47
77 50 48
77 50 49
77 50 50
77 50 51
77 50 52
77 50 53
77 50 54
77 50 55
77 50 56
77 50 57
77 50 58
77 50 59
77 50 60
77 50 61
77 50 62
77 50 63
77 50 64
77 50 65
77 50 66
77 50 67
77 50 68
77 50 69
77 50 70
76 50 40
76 50 41
76 50 42
76 50 43
76 50 44
76 50 45
76 50 46
76 50 47
76 50 48
76 50 49
76 50 50
76 50 51
76 50 52
76 50 53
76 50 54
76 50 55
76 50 56
76 50 57
76 50 58
76 50 59
76 50 60
76 50 61
76 50 62
76 50 63
76 50 64
76 50 65
76 50 66
75 50 40
75 50 41
75 50 42
75 50 43
75 50 44
75 50 45
75 50 46
75 50 47
75 50 48
75 50 49
75 50 50
75 50 51
75 50 52
75 50 53
75 50 54
75 50 55
75 50 56
75 50 57
75 50 58
75 50 59
75 50 60
75 50 61
74 50 40
74 50 41
74 50 42
74 50 43
74 50 44
74 50 45
74 50 46
74 50 47
74 50 48
74 50 49
74 50 50
74 50 51
74 50 52
74 50 53
74 50 54
74 50 55
74 50 56
73 50 40
73 50 41
73 50 42
73 50 43
73 50 44
73 50 45
73 50 46
73 50 47
73 50 48
73 50 49
73 50 50
73 50 51
73 50 52
72 50 40
72 50 41
72 50 42
72 50 43
72 50 44
72 50 45
72 50 46
72 50 47
72 50 48
72 50 49
71 50 40
71 50 41
71 50 42
71 50 43
71 50 44
71 50 45
71 50 46
71 50 47
70 50 40
70 50 41
70 50 42
70 50 43
70 50 44
70 50 45
69 50 40
69 50 41
69 50 42
69 50 43
69 50 44
