9 9 100
9 29 100
9 49 100
9 69 100
9 89 100
9 109 100
9 129 100
9 149 100
9 169 100
9 189 100
29 9 100
29 29 100
29 49 100
29 69 100
29 89 100
29 109 100
29 129 100
29 149 100
29 169 100
29 189 100
49 9 100
49 29 100
49 49 100
49 69 100
49 89 100
49 109 100
49 129 100
49 149 100
49 169 100
49 189 100
69 9 100
69 29 100
69 49 100
69 69 100
69 89 100
69 109 100
69 129 100
69 149 100
69 169 100
69 189 100
89 9 100
89 29 100
89 49 100
89 69 100
89 89 100
89 109 100
89 129 100
89 149 100
89 169 100
89 189 100
109 9 100
109 29 100
109 49 100
109 69 100
109 89 100
109 109 100
109 129 100
109 149 100
109 169 100
109 189 100
129 9 100
129 29 100
129 49 100
129 69 100
129 89 100
129 109 100
129 129 100
129 149 100
129 169 100
129 189 100
149 9 100
149 29 100
149 49 100
149 69 100
149 89 100
149 109 100
149 129 100
149 149 100
149 169 100
149 189 100
169 9 100
169 29 100
169 49 100
169 69 100
169 89 100
169 109 100
169 129 100
169 149 100
169 169 100
169 189 100
189 9 100
189 29 100
189 49 100
189 69 100
189 89 100
189 109 100
189 129 100
189 149 100
189 169 100
189 189 100
9 129 100
9 169 100
9 189 100
29 69 100
29 89 100
29 109 100
29 129 100
29 149 100
29 169 100
29 189 100
49 9 100
49 69 100
49 109 100
49 129 100
49 169 100
69 69 100
69 129 100
69 189 100
89 9 100
89 69 100
89 89 100
89 129 100
89 149 100
89 169 100
109 9 100
109 29 100
109 149 100
109 169 100
129 9 100
129 29 100
129 69 100
129 109 100
129 129 100
149 9 100
149 49 100
149 109 100
149 129 100
169 49 100
169 69 100
169 89 100
169 169 100
189 49 100
189 109 100
189 149 100
189 189 100
198 106 40
94 138 40
119 70 40
192 7 40
47 197 40
14 54 40
158 181 40
14 53 40
14 52 40
14 51 40
15 51 40
16 51 40
17 51 40
18 51 40
19 51 40
20 51 40
21 51 40
22 51 40
23 51 40
24 51 40
25 51 40
26 51 40
27 51 40
27 50 40
28 50 40
28 49 40
30 49 40
31 49 40
32 49 40
33 49 40
34 49 40
35 49 40
36 49 40
37 49 40
38 49 40
39 49 40
40 49 40
41 49 40
42 49 40
43 49 40
44 49 40
44 49 72
45 49 40
45 49 72
46 49 40
46 49 72
47 49 40
47 49 72
48 49 40
48 49 72
50 49 40
50 49 72
51 49 40
51 49 72
52 49 40
52 49 72
53 49 40
53 49 72
54 49 40
54 49 72
55 49 40
55 49 72
55 49 104
56 49 40
56 49 72
56 49 104
57 49 40
57 49 72
57 49 104
58 49 40
58 49 72
58 49 104
59 49 40
59 49 72
59 49 104
60 49 40
60 49 72
60 49 104
61 49 40
61 49 72
61 49 104
62 49 40
62 49 72
62 49 104
63 49 40
63 49 72
63 49 104
64 49 40
64 49 72
64 49 104
65 49 40
65 49 72
65 49 104
66 49 40
66 49 72
66 49 104
67 49 40
67 49 72
68 49 40
68 49 72
70 49 40
70 49 72
71 49 40
71 49 72
72 49 40
72 49 72
73 49 40
73 49 72
74 49 40
74 49 72
74 49 104
75 49 40
75 49 72
75 49 104
76 49 40
76 49 72
76 49 104
77 49 40
77 49 72
77 49 104
78 49 40
78 49 72
78 49 104
79 49 40
79 49 72
80 49 40
80 49 72
81 49 40
81 49 72
82 49 40
82 49 72
83 49 40
83 49 72
84 49 40
84 49 72
85 49 40
85 49 72
86 49 40
86 49 72
87 49 40
87 49 72
88 49 40
88 49 72
90 49 40
91 49 40
92 49 40
93 49 40
94 49 40
95 49 40
96 49 40
96 49 72
97 49 40
97 49 72
98 49 40
98 49 72
99 49 40
99 49 72
100 49 40
100 49 72
101 49 40
101 49 72
102 49 40
102 49 72
103 49 40
103 49 72
104 49 40
104 49 72
105 49 40
105 49 72
106 49 40
106 49 72
107 49 40
107 49 72
108 49 40
108 49 72
109 50 40
109 50 72
109 51 40
109 51 72
109 52 40
109 53 40
109 54 40
109 55 40
109 56 40
109 57 40
109 58 40
109 59 40
109 60 40
109 61 40
109 62 40
109 63 40
109 64 40
109 65 40
109 66 40
109 67 40
109 68 40
109 70 40
110 70 40
111 70 40
112 70 40
113 70 40
114 70 40
115 70 40
116 70 40
117 70 40
118 70 40
157 181 40
156 181 40
155 181 40
154 181 40
153 181 40
152 181 40
152 180 40
152 179 40
152 178 40
152 177 40
152 176 40
152 175 40
152 174 40
152 173 40
152 172 40
151 172 40
151 171 40
150 171 40
150 170 40
149 170 40
148 169 40
147 169 40
146 169 40
145 169 40
144 169 40
143 169 40
142 169 40
141 169 40
140 169 40
139 169 40
138 169 40
137 169 40
136 169 40
135 169 40
134 169 40
133 169 40
133 169 72
132 169 40
132 169 72
131 169 40
131 169 72
130 169 40
130 169 72
129 168 40
129 168 72
129 167 40
129 166 40
129 165 40
129 164 40
129 163 40
129 162 40
129 161 40
129 160 40
129 159 40
129 158 40
129 157 40
129 156 40
129 155 40
129 154 40
129 153 40
129 152 40
129 151 40
129 150 40
129 148 40
128 148 40
128 147 40
128 147 72
128 146 40
128 146 72
128 145 40
128 145 72
128 145 104
128 144 40
128 144 72
128 144 104
128 144 136
128 143 40
128 143 72
128 143 104
128 143 136
128 143 168
128 143 200
128 142 40
128 142 72
128 142 104
128 142 136
128 142 168
128 142 200
128 142 232
128 141 40
128 141 72
128 141 104
128 141 136
128 141 168
128 141 200
128 141 232
128 141 264
128 140 40
128 140 72
128 140 104
128 140 136
128 140 168
128 140 200
128 140 232
128 140 264
128 140 296
128 139 40
128 139 72
128 139 104
128 139 136
128 139 168
128 139 200
128 139 232
128 139 264
128 139 296
128 138 40
128 138 72
128 138 104
128 138 136
128 138 168
128 138 200
128 138 232
128 138 264
128 138 296
128 137 40
128 137 72
128 137 104
128 137 136
128 137 168
128 137 200
128 137 232
128 137 264
128 137 296
128 136 40
128 136 72
128 136 104
128 136 136
128 136 168
128 136 200
128 136 232
128 136 264
128 135 40
128 135 72
128 135 104
128 135 136
128 135 168
128 135 200
128 135 232
128 134 40
128 134 72
128 134 104
128 134 136
128 134 168
128 134 200
128 133 40
128 133 72
128 133 104
128 133 136
128 133 168
128 132 40
128 132 72
128 132 104
128 132 136
128 131 40
128 131 72
128 131 104
128 131 136
128 130 40
128 130 72
128 130 104
127 130 40
127 130 72
127 130 104
126 130 40
126 130 72
126 130 104
126 130 136
125 130 40
125 130 72
125 130 104
125 130 136
124 130 40
124 130 72
124 130 104
124 130 136
123 130 40
123 130 72
123 130 104
123 130 136
122 130 40
122 130 72
122 130 104
122 130 136
121 130 40
121 130 72
121 130 104
121 130 136
120 130 40
120 130 72
120 130 104
120 130 136
119 130 40
119 130 72
119 130 104
119 130 136
118 130 40
118 130 72
118 130 104
118 130 136
117 130 40
117 130 72
117 130 104
116 130 40
116 130 72
115 130 40
115 130 72
114 130 40
113 130 40
112 130 40
111 130 40
110 130 40
109 130 40
108 130 40
107 130 40
107 131 40
106 131 40
105 131 40
104 131 40
103 131 40
102 131 40
101 131 40
100 131 40
99 131 40
98 131 40
97 131 40
96 131 40
95 131 40
94 131 40
94 132 40
94 133 40
94 134 40
94 135 40
94 136 40
94 137 40
47 196 40
47 195 40
47 194 40
47 193 40
47 192 40
47 191 40
47 190 40
48 190 40
48 189 40
49 188 40
50 188 40
50 187 40
51 187 40
51 186 40
52 186 40
52 185 40
53 185 40
53 184 40
54 184 40
55 184 40
55 183 40
55 183 72
56 183 40
56 183 72
56 182 40
56 182 72
56 181 40
56 181 72
57 181 40
57 181 72
57 180 40
57 180 72
58 180 40
58 180 72
58 179 40
58 179 72
59 179 40
59 179 72
60 179 40
60 178 40
60 177 40
61 177 40
62 177 40
62 176 40
62 175 40
63 175 40
63 174 40
64 174 40
64 173 40
65 173 40
66 173 40
66 172 40
66 171 40
67 171 40
67 170 40
68 170 40
69 170 40
70 170 40
71 170 40
72 170 40
73 170 40
74 170 40
75 170 40
75 170 72
76 170 40
76 170 72
77 170 40
77 170 72
78 170 40
78 170 72
79 170 40
79 170 72
79 170 104
80 170 40
80 170 72
80 170 104
81 170 40
81 170 72
81 170 104
81 170 136
82 170 40
82 170 72
82 170 104
82 170 136
83 170 40
83 170 72
83 170 104
83 170 136
84 170 40
84 170 72
84 170 104
84 170 136
85 170 40
85 170 72
85 170 104
86 170 40
86 170 72
86 170 104
87 170 40
87 170 72
87 170 104
88 170 40
88 170 72
88 170 104
88 171 40
88 171 72
88 172 40
88 172 72
88 173 40
88 173 72
88 174 40
88 175 40
88 176 40
88 177 40
88 178 40
88 179 40
88 180 40
88 181 40
88 182 40
88 183 40
88 184 40
88 185 40
88 186 40
88 187 40
88 188 40
89 188 40
90 189 40
91 189 40
92 189 40
93 189 40
94 189 40
95 189 40
96 189 40
97 189 40
98 189 40
99 189 40
100 189 40
101 189 40
102 189 40
103 189 40
104 189 40
105 189 40
106 189 40
107 189 40
108 189 40
110 189 40
111 189 40
112 189 40
113 189 40
114 189 40
114 189 72
115 189 40
115 189 72
116 189 40
116 189 72
117 189 40
118 189 40
119 189 40
120 189 40
121 189 40
122 189 40
123 189 40
124 189 40
125 189 40
126 189 40
127 189 40
128 189 40
129 188 40
129 187 40
129 186 40
129 185 40
129 185 72
129 184 40
129 184 72
129 183 40
129 183 72
129 183 104
129 182 40
129 182 72
129 182 104
129 181 40
129 181 72
129 181 104
129 180 40
129 180 72
129 180 104
129 179 40
129 179 72
129 179 104
129 178 40
129 178 72
129 178 104
129 177 40
129 177 72
129 177 104
129 176 40
129 176 72
129 176 104
129 175 40
129 175 72
129 175 104
129 175 136
129 174 40
129 174 72
129 174 104
129 174 136
129 173 40
129 173 72
129 173 104
129 173 136
129 172 40
129 172 72
129 172 104
129 171 40
129 171 72
129 171 104
129 170 40
129 170 72
129 170 104
