9 9 100
9 29 100
9 49 100
9 69 100
9 89 100
9 109 100
9 129 100
9 149 100
9 169 100
9 189 100
29 9 100
29 29 100
29 49 100
29 69 100
29 89 100
29 109 100
29 129 100
29 149 100
29 169 100
29 189 100
49 9 100
49 29 100
49 49 100
49 69 100
49 89 100
49 109 100
49 129 100
49 149 100
49 169 100
49 189 100
69 9 100
69 29 100
69 49 100
69 69 100
69 89 100
69 109 100
69 129 100
69 149 100
69 169 100
69 189 100
89 9 100
89 29 100
89 49 100
89 69 100
89 89 100
89 109 100
89 129 100
89 149 100
89 169 100
89 189 100
109 9 100
109 29 100
109 49 100
109 69 100
109 89 100
109 109 100
109 129 100
109 149 100
109 169 100
109 189 100
129 9 100
129 29 100
129 49 100
129 69 100
129 89 100
129 109 100
129 129 100
129 149 100
129 169 100
129 189 100
149 9 100
149 29 100
149 49 100
149 69 100
149 89 100
149 109 100
149 129 100
149 149 100
149 169 100
149 189 100
169 9 100
169 29 100
169 49 100
169 69 100
169 89 100
169 109 100
169 129 100
169 149 100
169 169 100
169 189 100
189 9 100
189 29 100
189 49 100
189 69 100
189 89 100
189 109 100
189 129 100
189 149 100
189 169 100
189 189 100
9 29 100
9 109 100
29 9 100
29 69 100
29 89 100
29 129 100
29 169 100
29 189 100
49 9 100
49 29 100
49 89 100
49 109 100
49 129 100
49 149 100
49 169 100
69 9 100
69 29 100
69 89 100
69 109 100
69 189 100
89 69 100
89 89 100
89 129 100
89 149 100
109 49 100
109 129 100
129 9 100
129 29 100
129 49 100
129 69 100
129 89 100
129 109 100
129 129 100
129 149 100
129 169 100
129 189 100
149 9 100
149 29 100
149 49 100
149 69 100
149 129 100
149 149 100
149 169 100
149 189 100
169 69 100
169 129 100
189 9 100
189 29 100
189 69 100
189 129 100
189 149 100
98 97 40
149 92 40
9 158 40
185 163 40
13 5 40
9 56 40
9 56 168
89 64 40
89 64 168
87 29 40
101 164 40
119 21 40
59 120 40
59 120 168
59 120 296
59 120 424
9 96 40
9 97 40
9 98 40
9 99 40
9 100 40
9 100 168
9 101 40
9 101 168
9 102 40
9 102 168
9 103 40
9 103 168
9 104 40
9 104 168
9 105 40
9 105 168
9 106 40
9 106 168
9 107 40
9 107 168
9 108 40
9 108 168
9 110 40
9 110 168
9 110 296
9 111 40
9 111 168
9 111 296
9 112 40
9 112 168
9 112 296
9 112 424
9 113 40
9 113 168
9 113 296
9 113 424
9 114 40
9 114 168
9 114 296
9 114 424
9 115 40
9 115 168
9 115 296
9 115 424
9 116 40
9 116 168
9 116 296
9 116 424
9 117 40
9 117 168
9 117 296
9 117 424
9 118 40
9 118 168
9 118 296
9 118 424
9 119 40
9 119 168
9 119 296
9 119 424
9 120 40
9 120 168
9 120 296
9 120 424
9 121 40
9 121 168
9 121 296
9 121 424
9 122 40
9 122 168
9 122 296
9 122 424
9 123 40
9 123 168
9 123 296
9 123 424
9 124 40
9 124 168
9 124 296
9 124 424
9 125 40
9 125 168
9 125 296
9 126 40
9 126 168
9 126 296
9 127 40
9 127 168
9 128 40
9 128 168
8 129 40
8 129 168
8 130 40
8 130 168
8 131 40
8 132 40
8 133 40
8 134 40
8 135 40
8 136 40
8 137 40
8 138 40
8 139 40
8 140 40
8 141 40
8 142 40
8 143 40
8 144 40
8 145 40
8 146 40
8 147 40
8 148 40
8 149 40
9 150 40
9 151 40
9 152 40
9 153 40
9 154 40
9 155 40
9 156 40
9 157 40
9 57 40
9 57 168
9 58 40
9 58 168
9 59 40
9 59 168
9 59 296
9 60 40
9 60 168
9 60 296
9 61 40
9 61 168
9 61 296
9 62 40
9 62 168
9 63 40
9 63 168
9 64 40
9 64 168
9 65 40
9 65 168
9 66 40
9 66 168
9 67 40
9 67 168
9 68 40
9 68 168
8 69 40
8 69 168
7 69 40
7 69 168
7 70 40
7 70 168
7 71 40
7 71 168
7 72 40
7 72 168
7 73 40
7 73 168
7 74 40
7 74 168
7 75 40
7 75 168
7 76 40
7 76 168
7 77 40
7 77 168
7 78 40
7 78 168
7 79 40
7 79 168
7 80 40
7 80 168
7 81 40
7 82 40
7 83 40
7 84 40
7 85 40
7 86 40
7 87 40
7 88 40
7 89 40
8 89 40
9 90 40
9 91 40
9 92 40
9 93 40
9 94 40
9 95 40
88 29 40
89 30 40
89 31 40
89 32 40
89 33 40
89 34 40
89 35 40
89 36 40
89 37 40
89 38 40
89 39 40
89 40 40
89 41 40
89 42 40
89 43 40
89 44 40
89 45 40
89 46 40
89 47 40
89 48 40
88 49 40
87 49 40
86 49 40
85 49 40
84 49 40
83 49 40
82 49 40
81 49 40
80 49 40
79 49 40
78 49 40
77 49 40
76 49 40
75 49 40
74 49 40
73 49 40
72 49 40
71 49 40
70 49 40
68 49 40
67 49 40
66 49 40
65 49 40
64 49 40
63 49 40
62 49 40
61 49 40
60 49 40
59 49 40
58 49 40
57 49 40
56 49 40
55 49 40
54 49 40
53 49 40
52 49 40
51 49 40
50 49 40
48 49 40
47 49 40
46 49 40
45 49 40
44 49 40
43 49 40
42 49 40
41 49 40
40 49 40
39 49 40
38 49 40
37 49 40
36 49 40
35 49 40
34 49 40
33 49 40
32 49 40
31 49 40
30 49 40
28 49 40
27 49 40
26 49 40
25 49 40
24 49 40
23 49 40
22 49 40
21 49 40
20 49 40
19 49 40
18 49 40
17 49 40
16 49 40
15 49 40
14 49 40
13 49 40
12 49 40
11 49 40
10 49 40
9 50 40
9 51 40
9 52 40
9 53 40
9 53 168
9 54 40
9 54 168
9 55 40
9 55 168
118 21 40
117 21 40
116 21 40
115 21 40
114 21 40
114 22 40
113 22 40
113 23 40
113 24 40
112 24 40
112 25 40
112 26 40
112 26 168
111 26 40
111 27 40
111 27 168
110 27 40
110 28 40
109 28 40
108 29 40
107 29 40
106 29 40
105 29 40
104 29 40
103 29 40
102 29 40
101 29 40
100 29 40
99 29 40
98 29 40
97 29 40
96 29 40
95 29 40
94 29 40
93 29 40
92 29 40
91 29 40
90 29 40
89 63 40
89 63 168
89 62 40
89 62 168
89 61 40
89 61 168
89 60 40
89 60 168
89 59 40
89 59 168
89 58 40
89 57 40
89 56 40
89 55 40
89 54 40
89 53 40
89 52 40
89 51 40
89 50 40
60 120 40
60 120 168
60 120 296
60 120 424
61 120 40
61 120 168
61 120 296
61 120 424
61 121 40
61 121 168
61 121 296
61 121 424
61 122 40
61 122 168
61 122 296
61 122 424
62 122 40
62 122 168
62 122 296
63 122 40
63 122 168
63 122 296
63 123 40
63 123 168
63 123 296
63 124 40
63 124 168
63 124 296
64 124 40
64 124 168
64 124 296
65 124 40
65 124 168
65 124 296
65 125 40
65 125 168
65 125 296
65 126 40
65 126 168
65 126 296
66 126 40
66 126 168
66 126 296
67 126 40
67 126 168
67 127 40
67 127 168
67 128 40
67 128 168
68 128 40
68 128 168
69 128 40
69 128 168
70 128 40
70 128 168
71 128 40
71 128 168
72 128 40
72 128 168
73 128 40
73 128 168
74 128 40
74 128 168
75 128 40
75 128 168
76 128 40
76 128 168
77 128 40
77 128 168
78 128 40
78 128 168
79 128 40
79 128 168
80 128 40
80 128 168
81 128 40
81 128 168
82 128 40
82 128 168
83 128 40
83 128 168
84 128 40
84 128 168
85 128 40
85 128 168
86 128 40
86 128 168
87 128 40
87 128 168
88 128 40
88 128 168
88 127 40
88 126 40
88 125 40
88 124 40
88 123 40
88 122 40
88 121 40
88 120 40
88 119 40
88 118 40
88 117 40
88 116 40
88 115 40
88 114 40
88 113 40
88 112 40
88 111 40
88 110 40
89 110 40
90 109 40
90 108 40
91 108 40
91 107 40
92 107 40
92 106 40
93 106 40
93 105 40
93 104 40
93 103 40
93 102 40
93 101 40
93 100 40
93 99 40
93 98 40
93 97 40
94 97 40
95 97 40
96 97 40
97 97 40
101 165 40
101 166 40
100 166 40
99 166 40
98 166 40
97 166 40
96 166 40
95 166 40
94 166 40
93 166 40
92 166 40
92 167 40
91 167 40
91 168 40
90 168 40
90 169 40
88 169 40
87 169 40
86 169 40
85 169 40
84 169 40
83 169 40
82 169 40
81 169 40
80 169 40
79 169 40
78 169 40
77 169 40
76 169 40
75 169 40
74 169 40
73 169 40
72 169 40
71 169 40
70 169 40
69 168 40
69 167 40
69 166 40
69 165 40
69 164 40
69 163 40
69 162 40
69 161 40
69 160 40
69 159 40
69 158 40
69 157 40
69 156 40
69 155 40
69 154 40
69 153 40
69 152 40
69 151 40
69 150 40
69 148 40
69 148 168
69 147 40
69 147 168
69 146 40
69 146 168
69 145 40
69 145 168
69 144 40
69 144 168
69 144 296
69 143 40
69 143 168
69 143 296
69 142 40
69 142 168
69 142 296
69 141 40
69 141 168
69 141 296
69 140 40
69 140 168
69 140 296
69 139 40
69 139 168
69 138 40
69 138 168
69 137 40
69 137 168
69 136 40
69 136 168
69 136 296
69 135 40
69 135 168
69 135 296
69 134 40
69 134 168
69 134 296
69 133 40
69 133 168
69 133 296
69 132 40
69 132 168
69 131 40
69 131 168
69 130 40
69 130 168
12 5 40
11 5 40
10 5 40
9 5 40
8 5 40
7 5 40
7 6 40
7 7 40
7 8 40
8 8 40
9 8 40
9 10 40
10 10 40
10 11 40
11 11 40
12 11 40
12 11 168
12 12 40
12 12 168
13 12 40
13 12 168
13 13 40
13 13 168
13 14 40
13 14 168
14 14 40
14 14 168
14 14 296
14 15 40
14 15 168
14 15 296
15 15 40
15 15 168
15 15 296
15 16 40
15 16 168
15 16 296
15 16 424
16 16 40
16 16 168
16 16 296
16 16 424
17 16 40
17 16 168
17 16 296
17 16 424
17 17 40
17 17 168
17 17 296
17 17 424
17 17 552
18 17 40
18 17 168
18 17 296
18 17 424
18 17 552
18 18 40
18 18 168
18 18 296
18 18 424
18 18 552
19 18 40
19 18 168
19 18 296
19 18 424
19 18 552
19 19 40
19 19 168
19 19 296
19 19 424
19 19 552
20 19 40
20 19 168
20 19 296
20 19 424
20 19 552
20 20 40
20 20 168
20 20 296
20 20 424
20 20 552
21 20 40
21 20 168
21 20 296
21 20 424
21 20 552
21 21 40
21 21 168
21 21 296
21 21 424
21 21 552
22 21 40
22 21 168
22 21 296
22 21 424
22 21 552
22 22 40
22 22 168
22 22 296
22 22 424
23 22 40
23 22 168
23 22 296
23 22 424
23 22 552
23 23 40
23 23 168
23 23 296
23 23 424
24 23 40
24 23 168
24 23 296
24 23 424
24 23 552
24 24 40
24 24 168
24 24 296
24 24 424
24 25 40
24 25 168
24 25 296
24 25 424
25 25 40
25 25 168
25 25 296
25 25 424
25 26 40
25 26 168
25 26 296
26 26 40
26 26 168
26 26 296
26 27 40
26 27 168
26 27 296
27 27 40
27 27 168
27 27 296
27 28 40
27 28 168
28 28 40
28 28 168
28 29 40
28 29 168
29 30 40
29 30 168
29 31 40
29 31 168
29 32 40
29 32 168
29 33 40
29 33 168
29 34 40
29 34 168
29 35 40
29 35 168
29 36 40
29 36 168
29 37 40
29 38 40
29 39 40
29 40 40
29 41 40
29 42 40
29 43 40
29 44 40
29 45 40
29 46 40
29 47 40
29 48 40
185 164 40
185 165 40
185 166 40
185 167 40
185 168 40
184 168 40
183 168 40
182 168 40
181 168 40
180 168 40
179 168 40
178 168 40
177 168 40
176 168 40
175 168 40
174 168 40
173 168 40
172 168 40
171 168 40
170 168 40
169 168 40
169 167 40
169 166 40
169 165 40
169 164 40
169 163 40
169 162 40
169 161 40
169 160 40
169 159 40
169 158 40
169 157 40
169 156 40
169 155 40
169 154 40
169 153 40
169 152 40
169 151 40
169 150 40
169 148 40
169 147 40
169 146 40
169 145 40
169 144 40
169 143 40
169 143 168
169 142 40
169 142 168
169 141 40
169 141 168
169 140 40
169 140 168
169 139 40
169 139 168
169 138 40
169 138 168
169 138 296
169 137 40
169 137 168
169 137 296
169 136 40
169 136 168
169 136 296
169 135 40
169 135 168
169 135 296
169 134 40
169 134 168
169 134 296
169 134 424
169 133 40
169 133 168
169 133 296
169 133 424
169 132 40
169 132 168
169 132 296
169 132 424
169 131 40
169 131 168
169 131 296
169 131 424
169 130 40
169 130 168
169 130 296
169 130 424
169 130 552
169 129 40
169 129 168
169 129 296
169 129 424
169 129 552
169 128 40
169 128 168
169 128 296
169 128 424
169 128 552
169 128 680
169 127 40
169 127 168
169 127 296
169 127 424
169 127 552
169 127 680
169 127 808
169 126 40
169 126 168
169 126 296
169 126 424
169 126 552
169 126 680
169 126 808
169 125 40
169 125 168
169 125 296
169 125 424
169 125 552
169 125 680
169 125 808
169 124 40
169 124 168
169 124 296
169 124 424
169 124 552
169 124 680
169 124 808
169 123 40
169 123 168
169 123 296
169 123 424
169 123 552
169 123 680
169 123 808
169 122 40
169 122 168
169 122 296
169 122 424
169 122 552
169 122 680
169 122 808
169 121 40
169 121 168
169 121 296
169 121 424
169 121 552
169 121 680
169 121 808
169 120 40
169 120 168
169 120 296
169 120 424
169 120 552
169 120 680
169 119 40
169 119 168
169 119 296
169 119 424
169 119 552
169 118 40
169 118 168
169 118 296
169 118 424
169 118 552
169 117 40
169 117 168
169 117 296
169 117 424
169 116 40
169 116 168
169 116 296
169 115 40
169 115 168
169 115 296
169 114 40
169 114 168
169 114 296
169 113 40
169 113 168
169 112 40
169 112 168
169 111 40
169 111 168
169 110 40
169 110 168
168 109 40
168 109 168
167 109 40
167 109 168
166 109 40
166 109 168
165 109 40
165 109 168
164 109 40
164 109 168
164 109 296
163 109 40
163 109 168
163 109 296
162 109 40
162 109 168
162 109 296
161 109 40
161 109 168
161 109 296
160 109 40
160 109 168
160 109 296
160 109 424
159 109 40
159 109 168
159 109 296
159 109 424
158 109 40
158 109 168
158 109 296
158 109 424
157 109 40
157 109 168
157 109 296
157 109 424
156 109 40
156 109 168
156 109 296
156 109 424
155 109 40
155 109 168
155 109 296
155 109 424
154 109 40
154 109 168
154 109 296
153 109 40
153 109 168
153 109 296
152 109 40
152 109 168
151 109 40
151 109 168
150 109 40
150 109 168
149 108 40
149 107 40
149 106 40
149 105 40
149 104 40
149 103 40
149 102 40
149 101 40
149 100 40
149 99 40
149 98 40
149 97 40
149 96 40
149 95 40
149 94 40
149 93 40
