9 9 100
9 29 100
9 49 100
9 69 100
9 89 100
9 109 100
9 129 100
9 149 100
9 169 100
9 189 100
29 9 100
29 29 100
29 49 100
29 69 100
29 89 100
29 109 100
29 129 100
29 149 100
29 169 100
29 189 100
49 9 100
49 29 100
49 49 100
49 69 100
49 89 100
49 109 100
49 129 100
49 149 100
49 169 100
49 189 100
69 9 100
69 29 100
69 49 100
69 69 100
69 89 100
69 109 100
69 129 100
69 149 100
69 169 100
69 189 100
89 9 100
89 29 100
89 49 100
89 69 100
89 89 100
89 109 100
89 129 100
89 149 100
89 169 100
89 189 100
109 9 100
109 29 100
109 49 100
109 69 100
109 89 100
109 109 100
109 129 100
109 149 100
109 169 100
109 189 100
129 9 100
129 29 100
129 49 100
129 69 100
129 89 100
129 109 100
129 129 100
129 149 100
129 169 100
129 189 100
149 9 100
149 29 100
149 49 100
149 69 100
149 89 100
149 109 100
149 129 100
149 149 100
149 169 100
149 189 100
169 9 100
169 29 100
169 49 100
169 69 100
169 89 100
169 109 100
169 129 100
169 149 100
169 169 100
169 189 100
189 9 100
189 29 100
189 49 100
189 69 100
189 89 100
189 109 100
189 129 100
189 149 100
189 169 100
189 189 100
9 9 100
9 29 100
9 49 100
9 89 100
9 109 100
9 129 100
9 149 100
9 189 100
29 49 100
29 69 100
29 169 100
29 189 100
49 29 100
49 49 100
49 149 100
69 89 100
69 109 100
69 129 100
69 149 100
69 169 100
69 189 100
89 29 100
89 49 100
89 89 100
89 129 100
89 149 100
89 189 100
109 9 100
109 29 100
109 49 100
109 109 100
109 129 100
129 9 100
129 49 100
129 109 100
129 129 100
129 169 100
129 189 100
149 9 100
149 49 100
149 69 100
149 149 100
149 169 100
149 189 100
169 9 100
169 29 100
169 89 100
169 129 100
169 149 100
169 189 100
189 9 100
189 89 100
189 129 100
189 149 100
51 14 40
137 34 40
86 169 40
86 169 44
28 78 40
144 94 40
185 57 40
28 77 40
28 76 40
28 75 40
28 74 40
28 73 40
28 72 40
28 71 40
28 71 44
28 70 40
28 70 44
29 70 40
29 70 44
29 70 48
30 70 40
30 70 44
30 70 48
31 70 40
31 70 44
31 70 48
32 70 40
32 70 44
32 70 48
32 70 52
33 70 40
33 70 44
33 70 48
33 70 52
34 70 40
34 70 44
34 70 48
34 70 52
35 70 40
35 70 44
35 70 48
35 70 52
35 70 56
36 70 40
36 70 44
36 70 48
36 70 52
36 70 56
36 70 60
37 70 40
37 70 44
37 70 48
37 70 52
37 70 56
37 70 60
37 70 64
38 70 40
38 70 44
38 70 48
38 70 52
38 70 56
38 70 60
38 70 64
39 70 40
39 70 44
39 70 48
39 70 52
39 70 56
39 70 60
39 70 64
40 70 40
40 70 44
40 70 48
40 70 52
40 70 56
40 70 60
40 70 64
41 70 40
41 70 44
41 70 48
41 70 52
41 70 56
41 70 60
42 70 40
42 70 44
42 70 48
42 70 52
42 70 56
43 70 40
43 70 44
43 70 48
43 70 52
44 70 40
44 70 44
44 70 48
45 70 40
45 70 44
45 70 48
46 70 40
46 70 44
46 70 48
47 70 40
47 70 44
48 70 40
48 70 44
49 70 40
49 70 44
50 69 40
50 69 44
50 69 48
51 69 40
51 69 44
51 69 48
52 69 40
52 69 44
52 69 48
53 69 40
53 69 44
54 69 40
54 69 44
55 69 40
55 69 44
56 69 40
57 69 40
58 69 40
59 69 40
60 69 40
61 69 40
62 69 40
63 69 40
64 69 40
65 69 40
66 69 40
67 69 40
68 69 40
69 68 40
69 67 40
69 66 40
69 65 40
69 64 40
69 63 40
69 62 40
69 61 40
69 60 40
69 59 40
69 58 40
69 57 40
69 56 40
69 55 40
69 54 40
69 53 40
69 52 40
69 51 40
69 50 40
69 48 40
69 48 44
69 47 40
69 47 44
69 47 48
69 46 40
69 46 44
69 46 48
69 45 40
69 45 44
69 45 48
69 44 40
69 44 44
69 44 48
69 43 40
69 43 44
69 43 48
69 42 40
69 42 44
69 42 48
69 41 40
69 41 44
69 41 48
69 40 40
69 40 44
69 40 48
69 39 40
69 39 44
69 39 48
69 38 40
69 38 44
69 38 48
69 37 40
69 37 44
69 36 40
69 36 44
69 35 40
69 34 40
69 33 40
69 32 40
69 31 40
69 30 40
69 28 40
69 27 40
69 26 40
69 25 40
69 24 40
69 23 40
69 22 40
69 21 40
69 20 40
69 19 40
69 18 40
69 17 40
69 16 40
69 15 40
69 14 40
69 13 40
69 12 40
69 11 40
69 10 40
69 8 40
68 8 40
67 8 40
66 8 40
65 8 40
64 8 40
63 8 40
62 8 40
61 8 40
60 8 40
59 8 40
58 8 40
57 8 40
56 8 40
55 8 40
54 8 40
53 8 40
52 8 40
51 8 40
51 9 40
51 10 40
51 11 40
51 12 40
51 13 40
144 93 40
144 92 40
144 91 40
143 91 40
142 91 40
141 91 40
140 91 40
139 91 40
138 91 40
137 91 40
136 91 40
135 91 40
134 91 40
133 91 40
132 91 40
131 91 40
131 90 40
130 90 40
130 89 40
129 88 40
129 87 40
129 86 40
129 85 40
129 84 40
129 83 40
129 82 40
129 81 40
129 80 40
129 79 40
129 78 40
129 77 40
129 76 40
129 75 40
129 74 40
129 73 40
129 72 40
129 71 40
129 70 40
128 69 40
127 69 40
126 69 40
125 69 40
124 69 40
123 69 40
122 69 40
121 69 40
120 69 40
119 69 40
118 69 40
117 69 40
116 69 40
115 69 40
114 69 40
113 69 40
112 69 40
111 69 40
110 69 40
108 69 40
107 69 40
106 69 40
105 69 40
104 69 40
103 69 40
102 69 40
101 69 40
100 69 40
99 69 40
98 69 40
97 69 40
96 69 40
95 69 40
94 69 40
93 69 40
92 69 40
91 69 40
90 69 40
88 69 40
87 69 40
86 69 40
85 69 40
84 69 40
83 69 40
82 69 40
81 69 40
80 69 40
79 69 40
78 69 40
77 69 40
76 69 40
75 69 40
74 69 40
73 69 40
72 69 40
71 69 40
70 69 40
87 169 40
87 169 44
88 169 40
88 169 44
90 169 40
90 169 44
91 169 40
92 169 40
93 169 40
94 169 40
95 169 40
96 169 40
97 169 40
98 169 40
99 169 40
100 169 40
101 169 40
102 169 40
103 169 40
104 169 40
105 169 40
106 169 40
107 169 40
108 169 40
109 168 40
109 167 40
109 166 40
109 165 40
109 164 40
109 163 40
109 162 40
109 161 40
109 160 40
109 159 40
109 158 40
109 157 40
109 156 40
109 155 40
109 154 40
109 153 40
109 152 40
109 151 40
109 150 40
110 149 40
111 149 40
112 149 40
113 149 40
114 149 40
115 149 40
116 149 40
117 149 40
118 149 40
118 149 44
119 149 40
119 149 44
120 149 40
120 149 44
121 149 40
121 149 44
122 149 40
122 149 44
123 149 40
123 149 44
124 149 40
124 149 44
125 149 40
125 149 44
126 149 40
126 149 44
127 149 40
127 149 44
128 149 40
128 149 44
129 148 40
130 148 40
130 147 40
130 146 40
130 145 40
130 144 40
130 143 40
130 142 40
130 141 40
130 140 40
130 139 40
130 138 40
130 137 40
130 136 40
130 135 40
130 134 40
130 134 44
130 133 40
130 133 44
130 132 40
130 132 44
130 132 48
130 131 40
130 131 44
130 131 48
130 130 40
130 130 44
130 130 48
130 130 52
131 130 40
131 130 44
131 130 48
132 130 40
132 130 44
133 130 40
133 130 44
134 130 40
135 130 40
136 130 40
137 130 40
138 130 40
139 130 40
140 130 40
141 130 40
142 130 40
143 130 40
144 130 40
145 130 40
146 130 40
147 130 40
148 130 40
148 129 40
149 128 40
149 127 40
149 126 40
149 125 40
149 124 40
149 123 40
149 122 40
149 121 40
149 120 40
149 119 40
149 118 40
149 117 40
149 116 40
149 115 40
149 114 40
149 113 40
149 112 40
149 111 40
149 110 40
149 108 40
149 107 40
149 106 40
149 105 40
149 104 40
149 103 40
149 102 40
149 101 40
149 100 40
149 99 40
149 98 40
149 97 40
149 96 40
149 95 40
149 94 40
149 93 40
149 92 40
149 91 40
148 91 40
147 91 40
146 91 40
145 91 40
185 58 40
185 59 40
185 60 40
185 61 40
185 62 40
185 63 40
185 64 40
185 65 40
185 66 40
185 67 40
185 68 40
184 68 40
183 68 40
182 68 40
181 68 40
180 68 40
179 68 40
178 68 40
177 68 40
176 68 40
175 68 40
174 68 40
173 68 40
172 68 40
171 68 40
170 68 40
169 68 40
168 69 40
168 70 40
168 71 40
167 71 40
166 71 40
166 72 40
165 72 40
165 73 40
165 73 44
164 73 40
164 73 44
164 74 40
164 74 44
164 75 40
164 75 44
164 75 48
163 75 40
163 75 44
163 75 48
162 75 40
162 75 44
162 75 48
162 76 40
162 76 44
162 76 48
161 76 40
161 76 44
161 76 48
161 77 40
161 77 44
161 77 48
160 77 40
160 77 44
160 77 48
160 78 40
160 78 44
160 78 48
159 78 40
159 78 44
159 78 48
159 79 40
159 79 44
159 79 48
159 79 52
158 79 40
158 79 44
158 79 48
158 80 40
158 80 44
158 80 48
158 80 52
157 80 40
157 80 44
157 80 48
157 81 40
157 81 44
157 81 48
157 81 52
156 81 40
156 81 44
156 81 48
156 82 40
156 82 44
156 82 48
155 82 40
155 82 44
155 83 40
155 83 44
155 83 48
155 84 40
155 84 44
155 84 48
154 84 40
154 84 44
153 84 40
153 84 44
153 85 40
153 85 44
152 85 40
152 85 44
152 86 40
152 86 44
151 86 40
151 87 40
150 87 40
150 88 40
149 88 40
149 90 40
