9 9 100
9 29 100
9 49 100
9 69 100
9 89 100
9 109 100
9 129 100
9 149 100
9 169 100
9 189 100
29 9 100
29 29 100
29 49 100
29 69 100
29 89 100
29 109 100
29 129 100
29 149 100
29 169 100
29 189 100
49 9 100
49 29 100
49 49 100
49 69 100
49 89 100
49 109 100
49 129 100
49 149 100
49 169 100
49 189 100
69 9 100
69 29 100
69 49 100
69 69 100
69 89 100
69 109 100
69 129 100
69 149 100
69 169 100
69 189 100
89 9 100
89 29 100
89 49 100
89 69 100
89 89 100
89 109 100
89 129 100
89 149 100
89 169 100
89 189 100
109 9 100
109 29 100
109 49 100
109 69 100
109 89 100
109 109 100
109 129 100
109 149 100
109 169 100
109 189 100
129 9 100
129 29 100
129 49 100
129 69 100
129 89 100
129 109 100
129 129 100
129 149 100
129 169 100
129 189 100
149 9 100
149 29 100
149 49 100
149 69 100
149 89 100
149 109 100
149 129 100
149 149 100
149 169 100
149 189 100
169 9 100
169 29 100
169 49 100
169 69 100
169 89 100
169 109 100
169 129 100
169 149 100
169 169 100
169 189 100
189 9 100
189 29 100
189 49 100
189 69 100
189 89 100
189 109 100
189 129 100
189 149 100
189 169 100
189 189 100
9 9 100
9 29 100
9 49 100
9 149 100
29 49 100
29 69 100
29 89 100
29 109 100
29 129 100
29 149 100
29 169 100
29 189 100
49 49 100
49 69 100
49 89 100
49 109 100
49 129 100
49 149 100
69 29 100
69 69 100
69 89 100
69 109 100
69 129 100
89 9 100
89 29 100
89 89 100
89 109 100
89 189 100
109 9 100
109 109 100
109 189 100
129 89 100
129 109 100
129 169 100
129 189 100
149 9 100
149 69 100
149 89 100
149 109 100
149 129 100
149 149 100
149 169 100
149 189 100
169 9 100
169 89 100
169 109 100
169 129 100
169 149 100
169 169 100
189 69 100
189 129 100
189 149 100
99 2 40
99 2 56
99 2 72
99 2 88
99 2 104
149 53 40
116 73 40
122 155 40
0 103 40
96 170 40
2 37 40
2 37 56
184 56 40
184 56 56
197 164 40
197 164 56
197 164 72
197 164 88
130 28 40
57 43 40
57 43 56
57 43 72
57 43 88
130 29 40
131 29 40
132 29 40
133 29 40
134 29 40
135 29 40
136 29 40
137 29 40
138 29 40
139 29 40
140 29 40
141 29 40
142 29 40
143 29 40
144 29 40
145 29 40
146 29 40
147 29 40
148 29 40
149 30 40
149 31 40
149 32 40
149 33 40
149 34 40
149 35 40
149 36 40
149 37 40
149 38 40
149 39 40
149 40 40
149 41 40
149 42 40
149 43 40
149 44 40
149 45 40
149 46 40
149 47 40
149 48 40
149 50 40
149 51 40
149 52 40
184 55 40
184 55 56
184 54 40
184 54 56
184 53 40
184 52 40
184 51 40
183 51 40
183 51 56
182 51 40
182 51 56
181 51 40
181 51 56
180 51 40
180 51 56
179 51 40
179 51 56
178 51 40
178 51 56
177 51 40
177 51 56
176 51 40
176 51 56
175 51 40
175 51 56
174 51 40
174 51 56
173 51 40
173 51 56
172 51 40
172 51 56
171 51 40
171 51 56
170 51 40
170 51 56
170 50 40
170 50 56
169 50 40
169 50 56
168 49 40
167 49 40
166 49 40
165 49 40
164 49 40
163 49 40
162 49 40
161 49 40
160 49 40
160 49 56
159 49 40
158 49 40
157 49 40
156 49 40
155 49 40
154 49 40
153 49 40
152 49 40
151 49 40
150 49 40
116 72 40
117 72 40
118 72 40
119 72 40
120 72 40
121 72 40
122 72 40
123 72 40
124 72 40
125 72 40
126 72 40
126 71 40
127 71 40
127 70 40
128 70 40
128 69 40
129 68 40
129 67 40
129 66 40
129 65 40
129 64 40
129 63 40
129 62 40
129 61 40
129 60 40
129 59 40
129 58 40
129 57 40
129 56 40
129 55 40
129 54 40
129 53 40
129 52 40
129 51 40
129 50 40
129 48 40
129 47 40
129 46 40
129 45 40
129 44 40
129 43 40
129 42 40
129 41 40
129 40 40
129 39 40
129 38 40
129 37 40
129 36 40
129 35 40
129 34 40
129 33 40
129 32 40
129 31 40
129 30 40
122 154 40
122 153 40
122 152 40
121 152 40
120 152 40
119 152 40
118 152 40
117 152 40
116 152 40
115 152 40
114 152 40
113 152 40
112 152 40
111 152 40
111 151 40
110 151 40
110 150 40
109 150 40
109 148 40
109 147 40
109 146 40
109 145 40
109 144 40
109 143 40
109 142 40
109 141 40
109 140 40
109 139 40
109 138 40
109 137 40
109 136 40
109 135 40
109 134 40
109 133 40
109 132 40
109 131 40
109 130 40
109 128 40
109 127 40
109 126 40
109 125 40
109 124 40
109 123 40
109 123 56
109 122 40
109 122 56
109 121 40
109 121 56
109 120 40
109 120 56
109 119 40
109 119 56
109 118 40
109 118 56
109 117 40
109 117 56
109 116 40
109 116 56
109 115 40
109 115 56
109 114 40
109 114 56
109 113 40
109 113 56
109 112 40
109 112 56
109 111 40
109 111 56
109 111 72
109 110 40
109 110 56
109 110 72
109 108 40
109 108 56
109 108 72
109 107 40
109 107 56
109 107 72
109 106 40
109 106 56
109 106 72
109 105 40
109 105 56
109 105 72
109 104 40
109 104 56
109 104 72
109 104 88
109 103 40
109 103 56
109 103 72
109 103 88
109 102 40
109 102 56
109 102 72
109 102 88
109 101 40
109 101 56
109 101 72
109 100 40
109 100 56
109 100 72
109 99 40
109 99 56
109 99 72
109 98 40
109 98 56
109 98 72
109 97 40
109 97 56
109 97 72
109 96 40
109 96 56
109 95 40
109 95 56
109 94 40
109 94 56
109 93 40
109 93 56
109 92 40
109 92 56
109 91 40
109 91 56
109 90 40
109 88 40
109 87 40
109 86 40
109 85 40
109 84 40
109 83 40
109 82 40
109 81 40
109 80 40
109 79 40
109 78 40
109 77 40
109 76 40
109 75 40
109 74 40
109 73 40
109 72 40
110 72 40
111 72 40
112 72 40
113 72 40
114 72 40
115 72 40
97 170 40
98 170 40
99 170 40
100 170 40
101 170 40
102 170 40
103 170 40
104 170 40
105 170 40
105 170 56
106 170 40
106 170 56
107 170 40
107 170 56
108 170 40
108 170 56
108 170 72
108 169 40
108 169 56
109 168 40
109 168 56
109 167 40
109 166 40
109 165 40
109 164 40
109 163 40
109 162 40
109 161 40
109 160 40
109 159 40
109 158 40
109 157 40
109 156 40
109 155 40
109 154 40
109 153 40
109 152 40
109 151 40
58 43 40
58 43 56
58 43 72
59 43 40
59 43 56
59 43 72
60 43 40
60 43 56
60 43 72
61 43 40
61 43 56
61 43 72
62 43 40
62 43 56
62 43 72
63 43 40
63 43 56
63 43 72
64 43 40
64 43 56
64 44 40
64 44 56
64 44 72
65 44 40
65 44 56
65 45 40
65 45 56
65 46 40
65 46 56
65 46 72
66 46 40
66 46 56
66 47 40
66 47 56
66 47 72
67 47 40
67 47 56
68 47 40
68 47 56
68 48 40
68 48 56
69 48 40
69 48 56
70 49 40
70 49 56
71 49 40
71 49 56
72 49 40
72 49 56
73 49 40
73 49 56
74 49 40
74 49 56
75 49 40
75 49 56
76 49 40
76 49 56
77 49 40
77 49 56
78 49 40
78 49 56
79 49 40
79 49 56
80 49 40
80 49 56
81 49 40
81 49 56
82 49 40
83 49 40
84 49 40
85 49 40
86 49 40
87 49 40
88 49 40
90 49 40
91 49 40
92 49 40
93 49 40
94 49 40
95 49 40
96 49 40
97 49 40
98 49 40
99 49 40
100 49 40
101 49 40
102 49 40
103 49 40
104 49 40
105 49 40
106 49 40
107 49 40
108 49 40
110 49 40
111 49 40
112 49 40
113 49 40
114 49 40
115 49 40
116 49 40
117 49 40
118 49 40
119 49 40
120 49 40
121 49 40
122 49 40
123 49 40
124 49 40
125 49 40
126 49 40
127 49 40
128 49 40
2 36 40
2 36 56
2 35 40
2 35 56
2 34 40
2 34 56
2 33 40
2 33 56
2 32 40
2 32 56
2 31 40
2 31 56
2 31 72
2 30 40
2 30 56
2 30 72
3 30 40
3 30 56
3 30 72
4 30 40
4 30 56
4 30 72
5 30 40
5 30 56
5 30 72
6 30 40
6 30 56
6 30 72
7 30 40
7 30 56
7 30 72
8 30 40
8 30 56
8 30 72
9 30 40
9 30 56
9 30 72
10 30 40
10 30 56
10 30 72
11 30 40
11 30 56
11 30 72
12 30 40
12 30 56
12 30 72
13 30 40
13 30 56
13 30 72
14 30 40
14 30 56
14 30 72
15 30 40
15 30 56
15 30 72
16 30 40
16 30 56
17 30 40
17 30 56
18 30 40
18 30 56
19 30 40
19 30 56
20 30 40
21 30 40
22 30 40
23 30 40
24 30 40
25 30 40
26 30 40
27 30 40
28 30 40
28 29 40
30 29 40
31 29 40
32 29 40
33 29 40
34 29 40
35 29 40
36 29 40
37 29 40
38 29 40
39 29 40
40 29 40
41 29 40
42 29 40
43 29 40
44 29 40
45 29 40
46 29 40
47 29 40
48 29 40
50 29 40
50 30 40
50 31 40
51 31 40
52 31 40
52 32 40
53 32 40
53 33 40
53 33 56
54 33 40
54 33 56
54 34 40
54 34 56
54 35 40
54 35 56
55 35 40
55 35 56
55 36 40
55 36 56
55 36 72
56 36 40
56 36 56
56 36 72
57 36 40
57 36 56
57 36 72
57 37 40
57 37 56
57 37 72
57 38 40
57 38 56
57 38 72
57 39 40
57 39 56
57 39 72
57 40 40
57 40 56
57 40 72
57 41 40
57 41 56
57 41 72
57 42 40
57 42 56
57 42 72
0 102 40
0 101 40
0 100 40
0 99 40
0 98 40
0 97 40
0 96 40
0 95 40
0 94 40
0 93 40
0 92 40
0 91 40
0 90 40
0 89 40
1 89 40
2 89 40
2 88 40
2 87 40
2 86 40
2 85 40
2 84 40
2 83 40
2 82 40
2 81 40
2 80 40
2 79 40
2 78 40
2 77 40
2 76 40
2 75 40
2 74 40
2 73 40
2 72 40
2 71 40
2 70 40
2 69 40
2 68 40
2 68 56
2 67 40
2 67 56
2 66 40
2 66 56
2 65 40
2 65 56
2 64 40
2 64 56
2 64 72
2 63 40
2 63 56
2 63 72
2 62 40
2 62 56
2 62 72
2 61 40
2 61 56
2 61 72
2 60 40
2 60 56
2 60 72
2 59 40
2 59 56
2 59 72
2 58 40
2 58 56
2 58 72
2 57 40
2 57 56
2 56 40
2 56 56
2 55 40
2 55 56
2 54 40
2 54 56
2 53 40
2 53 56
2 52 40
2 52 56
2 51 40
2 51 56
2 50 40
2 50 56
2 49 40
2 49 56
2 48 40
2 48 56
2 48 72
2 47 40
2 47 56
2 47 72
2 46 40
2 46 56
2 46 72
2 45 40
2 45 56
2 45 72
2 44 40
2 44 56
2 44 72
2 43 40
2 43 56
2 42 40
2 42 56
2 41 40
2 41 56
2 40 40
2 40 56
2 39 40
2 39 56
2 38 40
2 38 56
196 164 40
196 164 56
196 164 72
196 164 88
195 164 40
195 164 56
195 164 72
195 164 88
194 164 40
194 164 56
194 164 72
194 164 88
194 164 104
194 165 40
194 165 56
194 165 72
194 165 88
193 165 40
193 165 56
193 165 72
193 165 88
193 166 40
193 166 56
193 166 72
193 166 88
192 166 40
192 166 56
192 166 72
192 166 88
192 167 40
192 167 56
192 167 72
191 167 40
191 167 56
191 167 72
191 168 40
191 168 56
191 168 72
190 168 40
190 168 56
190 168 72
189 168 40
189 168 56
189 168 72
188 168 40
188 168 56
187 168 40
187 168 56
186 168 40
186 168 56
185 168 40
185 168 56
184 168 40
184 168 56
183 168 40
183 168 56
182 168 40
182 168 56
181 168 40
181 168 56
180 168 40
180 168 56
180 168 72
179 168 40
179 168 56
179 168 72
178 168 40
178 168 56
178 168 72
177 168 40
177 168 56
177 168 72
176 168 40
176 168 56
176 168 72
175 168 40
175 168 56
175 168 72
174 168 40
174 168 56
174 168 72
173 168 40
173 168 56
173 168 72
172 168 40
172 168 56
172 168 72
171 168 40
171 168 56
171 168 72
170 168 40
170 168 56
170 168 72
169 168 40
169 168 56
169 168 72
168 168 40
168 168 56
168 168 72
168 167 40
168 167 56
168 167 72
167 167 40
167 167 56
167 167 72
166 167 40
166 167 56
166 167 72
166 166 40
166 166 56
166 166 72
165 166 40
165 166 56
165 166 72
165 166 88
165 165 40
165 165 56
165 165 72
165 165 88
165 164 40
165 164 56
165 164 72
165 164 88
164 164 40
164 164 56
164 164 72
164 164 88
164 163 40
164 163 56
164 163 72
164 163 88
163 163 40
163 163 56
163 163 72
163 163 88
163 162 40
163 162 56
163 162 72
163 162 88
162 162 40
162 162 56
162 162 72
162 162 88
162 162 104
161 162 40
161 162 56
161 162 72
161 162 88
161 162 104
161 161 40
161 161 56
161 161 72
161 161 88
161 161 104
160 161 40
160 161 56
160 161 72
160 161 88
160 161 104
160 160 40
160 160 56
160 160 72
160 160 88
160 160 104
159 160 40
159 160 56
159 160 72
159 160 88
159 160 104
159 159 40
159 159 56
159 159 72
159 159 88
159 159 104
158 159 40
158 159 56
158 159 72
158 159 88
158 158 40
158 158 56
158 158 72
158 158 88
157 158 40
157 158 56
157 158 72
157 158 88
157 157 40
157 157 56
157 157 72
157 157 88
156 157 40
156 157 56
156 157 72
156 157 88
156 156 40
156 156 56
156 156 72
156 156 88
155 156 40
155 156 56
155 156 72
155 155 40
155 155 56
155 155 72
154 155 40
154 155 56
154 155 72
154 154 40
154 154 56
154 154 72
153 154 40
153 154 56
153 154 72
153 153 40
153 153 56
153 153 72
152 153 40
152 153 56
152 153 72
152 152 40
152 152 56
152 152 72
151 152 40
151 152 56
151 152 72
151 151 40
151 151 56
151 151 72
150 151 40
150 151 56
150 151 72
150 150 40
150 150 56
150 150 72
149 150 40
149 150 56
149 150 72
148 150 40
148 150 56
147 150 40
147 150 56
146 150 40
146 150 56
145 150 40
145 150 56
144 150 40
144 150 56
143 150 40
143 150 56
142 150 40
142 150 56
141 150 40
141 150 56
140 150 40
140 150 56
139 150 40
139 150 56
138 150 40
138 150 56
137 150 40
137 150 56
136 150 40
136 150 56
135 150 40
135 150 56
134 150 40
133 150 40
132 150 40
131 150 40
130 150 40
129 150 40
128 150 40
127 150 40
127 151 40
126 151 40
126 152 40
125 152 40
124 152 40
123 152 40
