9 9 100
9 29 100
9 49 100
9 69 100
9 89 100
9 109 100
9 129 100
9 149 100
9 169 100
9 189 100
29 9 100
29 29 100
29 49 100
29 69 100
29 89 100
29 109 100
29 129 100
29 149 100
29 169 100
29 189 100
49 9 100
49 29 100
49 49 100
49 69 100
49 89 100
49 109 100
49 129 100
49 149 100
49 169 100
49 189 100
69 9 100
69 29 100
69 49 100
69 69 100
69 89 100
69 109 100
69 129 100
69 149 100
69 169 100
69 189 100
89 9 100
89 29 100
89 49 100
89 69 100
89 89 100
89 109 100
89 129 100
89 149 100
89 169 100
89 189 100
109 9 100
109 29 100
109 49 100
109 69 100
109 89 100
109 109 100
109 129 100
109 149 100
109 169 100
109 189 100
129 9 100
129 29 100
129 49 100
129 69 100
129 89 100
129 109 100
129 129 100
129 149 100
129 169 100
129 189 100
149 9 100
149 29 100
149 49 100
149 69 100
149 89 100
149 109 100
149 129 100
149 149 100
149 169 100
149 189 100
169 9 100
169 29 100
169 49 100
169 69 100
169 89 100
169 109 100
169 129 100
169 149 100
169 169 100
169 189 100
189 9 100
189 29 100
189 49 100
189 69 100
189 89 100
189 109 100
189 129 100
189 149 100
189 169 100
189 189 100
9 29 100
9 69 100
9 89 100
9 129 100
9 169 100
9 189 100
29 49 100
29 69 100
29 109 100
29 129 100
29 169 100
29 189 100
49 9 100
49 89 100
49 129 100
49 149 100
49 169 100
69 9 100
69 29 100
69 49 100
69 69 100
69 89 100
69 149 100
69 169 100
89 9 100
89 89 100
89 109 100
89 129 100
89 149 100
89 189 100
109 9 100
109 29 100
109 49 100
109 89 100
109 129 100
109 189 100
129 9 100
129 49 100
129 69 100
129 89 100
129 129 100
129 149 100
149 9 100
149 29 100
149 109 100
149 169 100
149 189 100
169 49 100
169 69 100
169 109 100
169 129 100
169 149 100
169 169 100
189 49 100
189 89 100
189 109 100
189 189 100
20 84 40
79 6 40
50 31 40
136 48 40
179 99 40
75 80 40
75 80 168
75 80 296
75 80 424
159 148 40
128 107 40
187 138 40
0 37 40
95 157 40
49 31 40
49 32 40
49 33 40
49 34 40
49 35 40
49 36 40
49 37 40
49 38 40
49 39 40
49 40 40
49 41 40
49 42 40
49 43 40
49 44 40
49 45 40
49 46 40
49 47 40
49 48 40
49 50 40
49 51 40
49 52 40
49 53 40
49 54 40
49 55 40
49 56 40
49 57 40
49 58 40
49 59 40
49 60 40
49 61 40
49 62 40
49 63 40
49 64 40
49 65 40
49 66 40
49 67 40
49 68 40
48 69 40
48 69 168
48 70 40
48 70 168
47 70 40
47 70 168
46 70 40
46 70 168
46 70 296
45 70 40
45 70 168
45 70 296
44 70 40
44 70 168
44 70 296
43 70 40
43 70 168
43 70 296
43 70 424
42 70 40
42 70 168
42 70 296
42 70 424
41 70 40
41 70 168
41 70 296
41 70 424
40 70 40
40 70 168
40 70 296
40 70 424
39 70 40
39 70 168
39 70 296
39 70 424
38 70 40
38 70 168
38 70 296
38 70 424
37 70 40
37 70 168
37 70 296
37 70 424
36 70 40
36 70 168
36 70 296
36 70 424
35 70 40
35 70 168
35 70 296
35 70 424
34 70 40
34 70 168
34 70 296
33 70 40
33 70 168
33 70 296
32 70 40
32 70 168
32 70 296
31 70 40
31 70 168
30 70 40
30 70 168
29 70 40
29 70 168
28 70 40
28 70 168
28 71 40
28 71 168
28 72 40
28 73 40
28 74 40
28 75 40
28 76 40
28 77 40
28 78 40
28 79 40
28 80 40
28 81 40
28 82 40
28 83 40
28 84 40
27 84 40
26 84 40
25 84 40
24 84 40
23 84 40
22 84 40
21 84 40
0 36 40
0 35 40
0 34 40
0 33 40
0 32 40
0 31 40
0 30 40
1 30 40
2 30 40
3 30 40
4 30 40
5 30 40
5 30 168
6 30 40
6 30 168
7 30 40
7 30 168
8 30 40
8 30 168
9 30 40
9 30 168
10 30 40
10 30 168
10 30 296
11 30 40
11 30 168
11 30 296
12 30 40
12 30 168
12 30 296
13 30 40
13 30 168
13 30 296
13 30 424
14 30 40
14 30 168
14 30 296
14 30 424
15 30 40
15 30 168
15 30 296
15 30 424
15 30 552
16 30 40
16 30 168
16 30 296
16 30 424
16 30 552
17 30 40
17 30 168
17 30 296
17 30 424
18 30 40
18 30 168
18 30 296
18 30 424
19 30 40
19 30 168
19 30 296
19 30 424
20 30 40
20 30 168
20 30 296
21 30 40
21 30 168
21 30 296
22 30 40
22 30 168
23 30 40
23 30 168
24 30 40
24 30 168
25 30 40
25 30 168
26 30 40
26 30 168
27 30 40
28 30 40
28 29 40
30 29 40
31 29 40
32 29 40
33 29 40
34 29 40
34 29 168
35 29 40
35 29 168
36 29 40
36 29 168
37 29 40
37 29 168
38 29 40
38 29 168
38 29 296
39 29 40
39 29 168
39 29 296
40 29 40
40 29 168
40 29 296
41 29 40
41 29 168
41 29 296
42 29 40
42 29 168
42 29 296
43 29 40
43 29 168
43 29 296
44 29 40
44 29 168
44 29 296
45 29 40
45 29 168
46 29 40
46 29 168
47 29 40
47 29 168
48 29 40
48 29 168
49 30 40
74 80 40
74 80 168
74 80 296
74 80 424
73 80 40
73 80 168
73 80 296
73 80 424
72 80 40
72 80 168
72 80 296
72 80 424
71 80 40
71 80 168
71 80 296
71 80 424
70 80 40
70 80 168
70 80 296
70 80 424
69 80 40
69 80 168
69 80 296
69 80 424
68 80 40
68 80 168
68 80 296
68 80 424
67 80 40
67 80 168
67 80 296
67 80 424
66 80 40
66 80 168
66 80 296
66 80 424
65 80 40
65 80 168
65 80 296
65 80 424
64 80 40
64 80 168
64 80 296
64 80 424
63 80 40
63 80 168
63 80 296
62 80 40
62 80 168
62 80 296
61 80 40
61 80 168
61 80 296
60 80 40
60 80 168
60 80 296
60 79 40
60 79 168
59 79 40
59 79 168
59 78 40
59 78 168
58 78 40
58 78 168
57 78 40
57 78 168
57 77 40
57 77 168
57 76 40
57 76 168
56 76 40
56 76 168
56 75 40
55 75 40
54 75 40
54 74 40
53 74 40
53 73 40
52 73 40
52 72 40
51 72 40
51 71 40
51 70 40
50 70 40
49 70 40
49 70 168
128 108 40
128 109 40
127 109 40
126 109 40
125 109 40
124 109 40
123 109 40
122 109 40
121 109 40
120 109 40
119 109 40
118 109 40
117 109 40
116 109 40
115 109 40
114 109 40
113 109 40
112 109 40
111 109 40
110 109 40
110 109 168
108 109 40
108 109 168
107 109 40
107 109 168
107 109 296
106 109 40
106 109 168
106 109 296
105 109 40
105 109 168
105 109 296
105 109 424
104 109 40
104 109 168
104 109 296
104 109 424
104 109 552
103 109 40
103 109 168
103 109 296
103 109 424
103 109 552
102 109 40
102 109 168
102 109 296
102 109 424
102 109 552
101 109 40
101 109 168
101 109 296
101 109 424
101 109 552
101 109 680
100 109 40
100 109 168
100 109 296
100 109 424
100 109 552
100 109 680
99 109 40
99 109 168
99 109 296
99 109 424
99 109 552
99 109 680
99 109 808
98 109 40
98 109 168
98 109 296
98 109 424
98 109 552
98 109 680
98 109 808
97 109 40
97 109 168
97 109 296
97 109 424
97 109 552
97 109 680
97 109 808
97 109 936
96 109 40
96 109 168
96 109 296
96 109 424
96 109 552
96 109 680
96 109 808
96 109 936
95 109 40
95 109 168
95 109 296
95 109 424
95 109 552
95 109 680
95 109 808
95 109 936
94 109 40
94 109 168
94 109 296
94 109 424
94 109 552
94 109 680
94 109 808
94 109 936
93 109 40
93 109 168
93 109 296
93 109 424
93 109 552
93 109 680
93 109 808
92 109 40
92 109 168
92 109 296
92 109 424
92 109 552
92 109 680
92 109 808
91 109 40
91 109 168
91 109 296
91 109 424
91 109 552
91 109 680
91 109 808
90 109 40
90 109 168
90 109 296
90 109 424
90 109 552
90 109 680
89 109 40
89 109 168
89 109 296
89 109 424
89 109 552
88 109 40
88 109 168
88 109 296
88 109 424
88 109 552
87 109 40
87 109 168
87 109 296
87 109 424
86 109 40
86 109 168
86 109 296
85 109 40
85 109 168
85 109 296
84 109 40
84 109 168
84 109 296
83 109 40
83 109 168
82 109 40
82 109 168
81 109 40
81 109 168
80 109 40
80 109 168
79 109 40
79 109 168
78 109 40
77 109 40
76 109 40
75 109 40
74 109 40
73 109 40
72 109 40
71 109 40
70 109 40
68 109 40
67 109 40
66 109 40
65 109 40
64 109 40
64 109 168
63 109 40
63 109 168
62 109 40
62 109 168
61 109 40
61 109 168
60 109 40
60 109 168
60 109 296
59 109 40
59 109 168
59 109 296
58 109 40
58 109 168
58 109 296
57 109 40
57 109 168
57 109 296
56 109 40
56 109 168
56 109 296
55 109 40
55 109 168
55 109 296
54 109 40
54 109 168
54 109 296
53 109 40
53 109 168
53 109 296
52 109 40
52 109 168
51 109 40
51 109 168
50 109 40
50 109 168
49 108 40
48 108 40
48 107 40
47 107 40
47 106 40
46 106 40
45 106 40
45 105 40
45 104 40
44 104 40
44 103 40
43 103 40
43 102 40
43 102 168
42 102 40
42 101 40
42 101 168
41 101 40
41 101 168
41 100 40
41 100 168
40 100 40
40 100 168
39 100 40
39 100 168
39 99 40
39 99 168
38 99 40
38 99 168
38 98 40
38 98 168
38 97 40
38 97 168
37 97 40
37 97 168
37 97 296
36 97 40
36 97 168
36 97 296
36 96 40
36 96 168
36 96 296
35 96 40
35 96 168
35 96 296
35 95 40
35 95 168
35 95 296
34 95 40
34 95 168
34 95 296
34 94 40
34 94 168
34 94 296
34 93 40
34 93 168
34 93 296
33 93 40
33 93 168
33 93 296
33 92 40
33 92 168
33 92 296
32 92 40
32 92 168
32 92 296
32 91 40
32 91 168
32 91 296
31 91 40
31 91 168
31 91 296
31 90 40
31 90 168
30 90 40
30 90 168
30 89 40
30 89 168
29 88 40
29 88 168
28 88 40
28 88 168
28 87 40
28 86 40
28 85 40
158 148 40
157 148 40
156 148 40
155 148 40
154 148 40
153 148 40
152 148 40
151 148 40
150 148 40
149 148 40
149 147 40
149 146 40
149 145 40
149 144 40
149 143 40
149 142 40
149 141 40
149 140 40
149 139 40
149 138 40
149 137 40
149 136 40
149 135 40
149 134 40
149 133 40
149 132 40
149 131 40
149 130 40
148 129 40
148 128 40
147 128 40
147 127 40
146 127 40
146 126 40
145 126 40
145 125 40
144 125 40
144 124 40
143 124 40
143 124 168
143 123 40
143 123 168
143 122 40
143 122 168
142 122 40
142 122 168
141 122 40
141 122 168
141 121 40
141 121 168
141 121 296
141 120 40
141 120 168
141 120 296
140 120 40
140 120 168
140 120 296
140 119 40
140 119 168
140 119 296
139 119 40
139 119 168
139 119 296
139 119 424
139 118 40
139 118 168
139 118 296
139 118 424
138 118 40
138 118 168
138 118 296
138 118 424
137 118 40
137 118 168
137 118 296
137 118 424
137 117 40
137 117 168
137 117 296
137 117 424
136 117 40
136 117 168
136 117 296
136 117 424
136 116 40
136 116 168
136 116 296
136 116 424
135 116 40
135 116 168
135 116 296
135 116 424
135 115 40
135 115 168
135 115 296
134 115 40
134 115 168
134 115 296
134 114 40
134 114 168
134 114 296
133 114 40
133 114 168
133 114 296
133 113 40
133 113 168
132 113 40
132 113 168
132 112 40
132 112 168
131 112 40
131 112 168
131 111 40
131 111 168
130 111 40
130 110 40
129 110 40
95 158 40
95 159 40
95 160 40
95 161 40
95 162 40
95 163 40
95 164 40
95 165 40
95 166 40
95 167 40
96 167 40
97 167 40
98 167 40
99 167 40
100 167 40
101 167 40
101 167 168
102 167 40
102 167 168
103 167 40
103 167 168
104 167 40
104 167 168
105 167 40
105 167 168
106 167 40
106 167 168
107 167 40
107 167 168
108 167 40
108 167 168
108 168 40
108 168 168
109 168 40
109 168 168
110 169 40
110 169 168
111 169 40
111 169 168
112 169 40
113 169 40
114 169 40
115 169 40
116 169 40
117 169 40
118 169 40
119 169 40
120 169 40
121 169 40
122 169 40
123 169 40
124 169 40
125 169 40
126 169 40
127 169 40
128 169 40
129 168 40
130 168 40
130 168 168
130 167 40
130 167 168
131 167 40
131 167 168
132 167 40
132 167 168
132 167 296
132 166 40
132 166 168
132 165 40
132 165 168
133 165 40
133 165 168
133 165 296
133 164 40
133 164 168
133 164 296
134 164 40
134 164 168
134 164 296
135 164 40
135 164 168
135 164 296
135 163 40
135 163 168
135 162 40
135 162 168
136 162 40
136 162 168
137 162 40
137 162 168
137 161 40
137 161 168
138 161 40
138 161 168
138 160 40
138 160 168
138 159 40
138 159 168
139 159 40
139 158 40
140 158 40
140 157 40
141 157 40
142 157 40
142 156 40
142 155 40
143 155 40
143 154 40
144 154 40
144 153 40
145 153 40
145 152 40
146 152 40
146 151 40
147 151 40
147 150 40
148 150 40
148 149 40
137 48 40
138 48 40
139 48 40
140 48 40
141 48 40
142 48 40
143 48 40
144 48 40
145 48 40
146 48 40
147 48 40
148 48 40
148 49 40
149 50 40
149 51 40
149 52 40
149 53 40
149 54 40
149 55 40
149 56 40
149 57 40
149 58 40
149 59 40
149 60 40
149 61 40
149 62 40
149 63 40
149 64 40
149 65 40
149 66 40
149 67 40
149 68 40
149 70 40
149 70 168
149 71 40
149 71 168
149 72 40
149 72 168
149 73 40
149 73 168
149 74 40
149 74 168
149 75 40
149 75 168
149 76 40
149 76 168
149 77 40
149 77 168
149 78 40
149 78 168
149 79 40
149 79 168
149 79 296
149 80 40
149 80 168
149 80 296
149 81 40
149 81 168
149 81 296
149 82 40
149 82 168
149 82 296
149 83 40
149 83 168
149 83 296
149 84 40
149 84 168
149 85 40
149 85 168
149 86 40
149 86 168
149 87 40
149 87 168
149 88 40
149 88 168
148 89 40
148 89 168
148 90 40
148 90 168
148 91 40
148 91 168
147 91 40
147 91 168
146 91 40
146 91 168
146 91 296
146 92 40
146 92 168
146 92 296
145 92 40
145 92 168
145 92 296
145 93 40
145 93 168
145 93 296
145 93 424
144 93 40
144 93 168
144 93 296
144 93 424
144 94 40
144 94 168
144 94 296
144 94 424
143 94 40
143 94 168
143 94 296
143 94 424
143 94 552
143 95 40
143 95 168
143 95 296
143 95 424
143 95 552
143 96 40
143 96 168
143 96 296
143 96 424
143 96 552
142 96 40
142 96 168
142 96 296
142 96 424
142 96 552
142 96 680
141 96 40
141 96 168
141 96 296
141 96 424
141 96 552
141 96 680
141 97 40
141 97 168
141 97 296
141 97 424
141 97 552
141 97 680
140 97 40
140 97 168
140 97 296
140 97 424
140 97 552
140 97 680
140 98 40
140 98 168
140 98 296
140 98 424
140 98 552
140 98 680
140 99 40
140 99 168
140 99 296
140 99 424
140 99 552
139 99 40
139 99 168
139 99 296
139 99 424
139 99 552
139 100 40
139 100 168
139 100 296
139 100 424
139 100 552
138 100 40
138 100 168
138 100 296
138 100 424
137 100 40
137 100 168
137 100 296
137 100 424
137 101 40
137 101 168
137 101 296
137 101 424
137 102 40
137 102 168
137 102 296
136 102 40
136 102 168
136 102 296
136 103 40
136 103 168
135 103 40
135 103 168
134 103 40
134 103 168
134 104 40
134 104 168
133 104 40
133 104 168
133 105 40
133 105 168
132 105 40
132 106 40
131 106 40
131 107 40
130 107 40
129 107 40
178 99 40
178 98 40
177 98 40
177 97 40
177 96 40
176 96 40
176 95 40
175 95 40
174 95 40
174 94 40
173 94 40
173 93 40
173 92 40
172 92 40
171 92 40
171 91 40
170 91 40
170 90 40
169 90 40
168 89 40
167 89 40
166 89 40
165 89 40
164 89 40
163 89 40
162 89 40
161 89 40
160 89 40
159 89 40
158 89 40
157 89 40
156 89 40
155 89 40
154 89 40
153 89 40
152 89 40
151 89 40
150 89 40
187 139 40
187 140 40
187 141 40
187 142 40
187 143 40
187 144 40
187 145 40
187 146 40
187 147 40
187 148 40
186 148 40
185 148 40
184 148 40
184 148 168
183 148 40
183 148 168
182 148 40
182 148 168
181 148 40
181 148 168
181 148 296
180 148 40
180 148 168
180 148 296
179 148 40
179 148 168
179 148 296
179 148 424
178 148 40
178 148 168
178 148 296
178 148 424
177 148 40
177 148 168
177 148 296
177 148 424
177 148 552
176 148 40
176 148 168
176 148 296
176 148 424
176 148 552
175 148 40
175 148 168
175 148 296
175 148 424
175 148 552
174 148 40
174 148 168
174 148 296
174 148 424
174 148 552
173 148 40
173 148 168
173 148 296
173 148 424
173 148 552
172 148 40
172 148 168
172 148 296
172 148 424
172 148 552
171 148 40
171 148 168
171 148 296
171 148 424
171 148 552
170 148 40
170 148 168
170 148 296
170 148 424
170 148 552
169 148 40
169 148 168
169 148 296
169 148 424
169 148 552
168 148 40
168 148 168
168 148 296
168 148 424
167 148 40
167 148 168
167 148 296
167 148 424
166 148 40
166 148 168
166 148 296
165 148 40
165 148 168
165 148 296
164 148 40
164 148 168
163 148 40
163 148 168
162 148 40
162 148 168
161 148 40
160 148 40
