9 9 100
9 29 100
9 49 100
9 69 100
9 89 100
9 109 100
9 129 100
9 149 100
9 169 100
9 189 100
29 9 100
29 29 100
29 49 100
29 69 100
29 89 100
29 109 100
29 129 100
29 149 100
29 169 100
29 189 100
49 9 100
49 29 100
49 49 100
49 69 100
49 89 100
49 109 100
49 129 100
49 149 100
49 169 100
49 189 100
69 9 100
69 29 100
69 49 100
69 69 100
69 89 100
69 109 100
69 129 100
69 149 100
69 169 100
69 189 100
89 9 100
89 29 100
89 49 100
89 69 100
89 89 100
89 109 100
89 129 100
89 149 100
89 169 100
89 189 100
109 9 100
109 29 100
109 49 100
109 69 100
109 89 100
109 109 100
109 129 100
109 149 100
109 169 100
109 189 100
129 9 100
129 29 100
129 49 100
129 69 100
129 89 100
129 109 100
129 129 100
129 149 100
129 169 100
129 189 100
149 9 100
149 29 100
149 49 100
149 69 100
149 89 100
149 109 100
149 129 100
149 149 100
149 169 100
149 189 100
169 9 100
169 29 100
169 49 100
169 69 100
169 89 100
169 109 100
169 129 100
169 149 100
169 169 100
169 189 100
189 9 100
189 29 100
189 49 100
189 69 100
189 89 100
189 109 100
189 129 100
189 149 100
189 169 100
189 189 100
9 69 100
9 89 100
9 109 100
9 129 100
9 149 100
9 169 100
9 189 100
29 9 100
29 69 100
29 89 100
29 109 100
29 129 100
29 149 100
29 169 100
29 189 100
49 9 100
49 89 100
49 109 100
49 129 100
49 149 100
49 169 100
69 9 100
69 29 100
69 89 100
69 109 100
69 129 100
69 149 100
69 169 100
89 9 100
89 29 100
89 69 100
89 89 100
89 109 100
89 129 100
109 9 100
109 29 100
109 49 100
109 69 100
109 89 100
109 109 100
109 189 100
129 9 100
129 29 100
129 49 100
129 69 100
129 89 100
129 169 100
129 189 100
149 9 100
149 29 100
149 49 100
149 69 100
149 149 100
149 169 100
149 189 100
169 9 100
169 29 100
169 149 100
169 169 100
169 189 100
189 9 100
189 29 100
189 109 100
189 129 100
189 149 100
189 169 100
189 189 100
83 10 40
83 10 44
83 10 48
83 10 52
83 10 56
83 10 60
83 10 64
83 10 68
83 10 72
83 10 76
112 154 40
162 110 40
144 145 40
144 145 44
15 18 40
46 38 40
69 199 40
172 75 40
120 118 40
120 118 44
81 164 40
172 76 40
172 77 40
172 78 40
172 79 40
172 80 40
172 81 40
172 82 40
172 83 40
172 84 40
172 85 40
172 86 40
171 86 40
171 87 40
170 87 40
170 88 40
169 88 40
169 90 40
169 91 40
169 92 40
169 93 40
169 94 40
169 95 40
169 96 40
169 97 40
169 98 40
169 99 40
169 100 40
169 101 40
169 102 40
169 103 40
169 104 40
169 105 40
169 106 40
169 107 40
169 108 40
168 109 40
168 110 40
167 110 40
166 110 40
165 110 40
164 110 40
163 110 40
144 146 40
144 146 44
144 146 48
144 147 40
144 147 44
144 147 48
143 147 40
143 147 44
143 147 48
142 147 40
142 147 44
142 147 48
141 147 40
141 147 44
141 147 48
140 147 40
140 147 44
140 147 48
139 147 40
139 147 44
139 147 48
138 147 40
138 147 44
138 147 48
137 147 40
137 147 44
136 147 40
136 147 44
135 147 40
135 147 44
134 147 40
134 147 44
133 147 40
133 147 44
132 147 40
131 147 40
130 147 40
130 148 40
129 148 40
128 149 40
127 149 40
126 149 40
125 149 40
124 149 40
123 149 40
122 149 40
121 149 40
120 149 40
119 149 40
118 149 40
117 149 40
116 149 40
115 149 40
114 149 40
113 149 40
112 149 40
112 150 40
112 151 40
112 152 40
112 153 40
82 164 40
83 164 40
84 164 40
85 164 40
86 164 40
87 164 40
87 163 40
87 162 40
87 161 40
87 160 40
87 159 40
87 158 40
87 157 40
87 156 40
87 155 40
87 154 40
87 153 40
87 152 40
87 151 40
88 151 40
88 150 40
89 150 40
90 149 40
91 149 40
92 149 40
93 149 40
94 149 40
95 149 40
96 149 40
97 149 40
98 149 40
99 149 40
100 149 40
101 149 40
102 149 40
103 149 40
104 149 40
105 149 40
106 149 40
107 149 40
108 149 40
110 149 40
111 149 40
69 198 40
69 197 40
69 196 40
69 195 40
69 194 40
69 193 40
69 192 40
69 191 40
69 190 40
70 189 40
71 189 40
72 189 40
73 189 40
74 189 40
75 189 40
76 189 40
77 189 40
78 189 40
79 189 40
80 189 40
81 189 40
82 189 40
83 189 40
84 189 40
85 189 40
86 189 40
87 189 40
88 189 40
89 188 40
89 187 40
89 186 40
89 185 40
89 184 40
89 183 40
89 182 40
89 181 40
89 180 40
89 179 40
89 178 40
89 177 40
89 176 40
89 175 40
89 174 40
89 173 40
89 172 40
89 171 40
89 170 40
89 168 40
88 168 40
88 167 40
87 167 40
87 166 40
87 165 40
121 118 40
121 118 44
122 118 40
122 118 44
123 118 40
123 118 44
124 118 40
124 118 44
124 119 40
124 119 44
124 120 40
124 120 44
124 121 40
124 121 44
124 122 40
124 122 44
124 123 40
124 123 44
124 124 40
124 124 44
124 125 40
125 125 40
125 126 40
126 126 40
126 127 40
127 127 40
128 127 40
128 128 40
129 128 40
129 130 40
129 131 40
129 132 40
129 133 40
129 134 40
129 135 40
129 136 40
129 137 40
129 138 40
129 139 40
129 140 40
129 141 40
129 142 40
129 143 40
129 144 40
129 145 40
129 146 40
129 147 40
46 37 40
46 36 40
46 35 40
46 34 40
46 33 40
46 32 40
47 32 40
47 31 40
48 31 40
48 30 40
48 30 44
49 30 40
49 30 44
50 29 40
50 29 44
50 28 40
50 28 44
51 28 40
51 28 44
52 28 40
52 28 44
53 28 40
53 28 44
54 28 40
54 28 44
55 28 40
55 28 44
56 28 40
56 28 44
57 28 40
58 28 40
59 28 40
59 28 44
60 28 40
60 28 44
61 28 40
61 28 44
62 28 40
62 28 44
63 28 40
63 28 44
64 28 40
64 28 44
65 28 40
65 28 44
65 28 48
66 28 40
66 28 44
66 28 48
67 28 40
67 28 44
67 28 48
68 28 40
68 28 44
68 28 48
69 28 40
69 28 44
69 28 48
70 28 40
70 28 44
70 28 48
71 28 40
71 28 44
71 28 48
71 27 40
71 27 44
71 27 48
72 27 40
72 27 44
72 27 48
73 27 40
73 27 44
73 27 48
74 27 40
74 27 44
74 27 48
75 27 40
75 27 44
75 27 48
76 27 40
76 27 44
76 27 48
77 27 40
77 27 44
77 27 48
78 27 40
78 27 44
79 27 40
79 27 44
80 27 40
80 27 44
81 27 40
81 27 44
82 27 40
82 27 44
83 27 40
83 27 44
83 26 40
83 26 44
83 25 40
83 25 44
83 25 48
83 24 40
83 24 44
83 24 48
83 23 40
83 23 44
83 23 48
83 22 40
83 22 44
83 22 48
83 21 40
83 21 44
83 21 48
83 20 40
83 20 44
83 20 48
83 20 52
83 19 40
83 19 44
83 19 48
83 19 52
83 19 56
83 18 40
83 18 44
83 18 48
83 18 52
83 18 56
83 17 40
83 17 44
83 17 48
83 17 52
83 17 56
83 17 60
83 16 40
83 16 44
83 16 48
83 16 52
83 16 56
83 16 60
83 16 64
83 15 40
83 15 44
83 15 48
83 15 52
83 15 56
83 15 60
83 15 64
83 15 68
83 14 40
83 14 44
83 14 48
83 14 52
83 14 56
83 14 60
83 14 64
83 14 68
83 14 72
83 13 40
83 13 44
83 13 48
83 13 52
83 13 56
83 13 60
83 13 64
83 13 68
83 13 72
83 12 40
83 12 44
83 12 48
83 12 52
83 12 56
83 12 60
83 12 64
83 12 68
83 12 72
83 12 76
83 11 40
83 11 44
83 11 48
83 11 52
83 11 56
83 11 60
83 11 64
83 11 68
83 11 72
83 11 76
15 19 40
15 20 40
15 21 40
15 22 40
15 23 40
15 24 40
15 25 40
15 26 40
16 26 40
17 26 40
18 26 40
19 26 40
20 26 40
21 26 40
22 26 40
23 26 40
24 26 40
25 26 40
26 26 40
26 27 40
27 27 40
27 28 40
28 28 40
28 29 40
30 29 40
31 29 40
32 29 40
33 29 40
34 29 40
35 29 40
36 29 40
37 29 40
38 29 40
39 29 40
40 29 40
41 29 40
42 29 40
43 29 40
43 29 44
44 29 40
44 29 44
45 29 40
45 29 44
46 29 40
46 29 44
47 29 40
47 29 44
48 29 40
48 29 44
