9 9 100
9 29 100
9 49 100
9 69 100
9 89 100
9 109 100
9 129 100
9 149 100
9 169 100
9 189 100
29 9 100
29 29 100
29 49 100
29 69 100
29 89 100
29 109 100
29 129 100
29 149 100
29 169 100
29 189 100
49 9 100
49 29 100
49 49 100
49 69 100
49 89 100
49 109 100
49 129 100
49 149 100
49 169 100
49 189 100
69 9 100
69 29 100
69 49 100
69 69 100
69 89 100
69 109 100
69 129 100
69 149 100
69 169 100
69 189 100
89 9 100
89 29 100
89 49 100
89 69 100
89 89 100
89 109 100
89 129 100
89 149 100
89 169 100
89 189 100
109 9 100
109 29 100
109 49 100
109 69 100
109 89 100
109 109 100
109 129 100
109 149 100
109 169 100
109 189 100
129 9 100
129 29 100
129 49 100
129 69 100
129 89 100
129 109 100
129 129 100
129 149 100
129 169 100
129 189 100
149 9 100
149 29 100
149 49 100
149 69 100
149 89 100
149 109 100
149 129 100
149 149 100
149 169 100
149 189 100
169 9 100
169 29 100
169 49 100
169 69 100
169 89 100
169 109 100
169 129 100
169 149 100
169 169 100
169 189 100
189 9 100
189 29 100
189 49 100
189 69 100
189 89 100
189 109 100
189 129 100
189 149 100
189 169 100
189 189 100
9 9 100
9 49 100
9 69 100
9 89 100
9 109 100
9 129 100
9 149 100
9 169 100
9 189 100
29 9 100
29 29 100
29 49 100
29 69 100
29 89 100
29 129 100
29 149 100
29 169 100
29 189 100
49 9 100
49 29 100
49 49 100
49 69 100
49 89 100
49 109 100
49 129 100
49 149 100
49 189 100
69 9 100
69 29 100
69 49 100
69 69 100
69 89 100
69 109 100
69 129 100
69 149 100
69 169 100
89 29 100
89 49 100
89 69 100
89 89 100
89 109 100
89 129 100
89 149 100
89 169 100
109 9 100
109 29 100
109 49 100
109 69 100
109 109 100
109 129 100
109 149 100
129 9 100
129 29 100
129 49 100
149 9 100
149 29 100
149 49 100
149 69 100
149 189 100
169 29 100
169 49 100
169 69 100
169 89 100
169 169 100
169 189 100
189 49 100
189 69 100
189 89 100
189 109 100
189 129 100
189 149 100
189 169 100
189 189 100
5 196 40
5 196 42
5 196 44
36 113 40
136 166 40
92 16 40
92 16 42
92 16 44
92 16 46
92 16 48
92 16 50
91 16 40
91 16 42
91 16 44
91 16 46
91 16 48
91 16 50
91 17 40
91 17 42
91 17 44
91 17 46
91 17 48
91 17 50
91 18 40
91 18 42
91 18 44
91 18 46
91 18 48
91 18 50
91 19 40
91 19 42
91 19 44
91 19 46
91 19 48
91 19 50
91 20 40
91 20 42
91 20 44
91 20 46
91 20 48
91 20 50
91 21 40
91 21 42
91 21 44
91 21 46
91 21 48
91 21 50
91 22 40
91 22 42
91 22 44
91 22 46
91 22 48
91 22 50
91 23 40
91 23 42
91 23 44
91 23 46
91 23 48
91 23 50
91 24 40
91 24 42
91 24 44
91 24 46
91 24 48
91 25 40
91 25 42
91 25 44
91 25 46
91 25 48
91 26 40
91 26 42
91 26 44
91 26 46
91 26 48
91 27 40
91 27 42
91 27 44
91 27 46
91 27 48
90 27 40
90 27 42
90 27 44
90 27 46
90 27 48
90 28 40
90 28 42
90 28 44
90 28 46
90 28 48
89 28 40
89 28 42
89 28 44
89 28 46
89 28 48
88 29 40
88 29 42
88 29 44
88 29 46
88 29 48
88 30 40
88 30 42
88 30 44
88 30 46
88 30 48
87 30 40
87 30 42
87 30 44
87 30 46
87 31 40
87 31 42
87 31 44
87 31 46
87 31 48
86 31 40
86 31 42
86 31 44
86 31 46
86 31 48
86 32 40
86 32 42
86 32 44
86 32 46
86 32 48
85 32 40
85 32 42
85 32 44
85 32 46
85 32 48
85 33 40
85 33 42
85 33 44
85 33 46
85 33 48
85 33 50
84 33 40
84 33 42
84 33 44
84 33 46
84 33 48
84 34 40
84 34 42
84 34 44
84 34 46
84 34 48
84 34 50
83 34 40
83 34 42
83 34 44
83 34 46
83 34 48
83 34 50
83 35 40
83 35 42
83 35 44
83 35 46
83 35 48
83 35 50
83 35 52
82 35 40
82 35 42
82 35 44
82 35 46
82 35 48
82 35 50
82 35 52
82 36 40
82 36 42
82 36 44
82 36 46
82 36 48
82 36 50
82 36 52
82 36 54
82 37 40
82 37 42
82 37 44
82 37 46
82 37 48
82 37 50
82 37 52
82 37 54
82 37 56
81 37 40
81 37 42
81 37 44
81 37 46
81 37 48
81 37 50
81 37 52
81 37 54
81 37 56
80 37 40
80 37 42
80 37 44
80 37 46
80 37 48
80 37 50
80 37 52
80 37 54
80 37 56
80 38 40
80 38 42
80 38 44
80 38 46
80 38 48
80 38 50
80 38 52
80 38 54
80 38 56
80 38 58
79 38 40
79 38 42
79 38 44
79 38 46
79 38 48
79 38 50
79 38 52
79 38 54
79 38 56
79 38 58
79 38 60
79 39 40
79 39 42
79 39 44
79 39 46
79 39 48
79 39 50
79 39 52
79 39 54
79 39 56
79 39 58
79 39 60
79 39 62
78 39 40
78 39 42
78 39 44
78 39 46
78 39 48
78 39 50
78 39 52
78 39 54
78 39 56
78 39 58
78 39 60
78 39 62
78 40 40
78 40 42
78 40 44
78 40 46
78 40 48
78 40 50
78 40 52
78 40 54
78 40 56
78 40 58
78 40 60
78 40 62
78 40 64
77 40 40
77 40 42
77 40 44
77 40 46
77 40 48
77 40 50
77 40 52
77 40 54
77 40 56
77 40 58
77 40 60
77 40 62
77 40 64
77 40 66
77 41 40
77 41 42
77 41 44
77 41 46
77 41 48
77 41 50
77 41 52
77 41 54
77 41 56
77 41 58
77 41 60
77 41 62
77 41 64
77 41 66
77 42 40
77 42 42
77 42 44
77 42 46
77 42 48
77 42 50
77 42 52
77 42 54
77 42 56
77 42 58
77 42 60
77 42 62
77 42 64
77 42 66
76 42 40
76 42 42
76 42 44
76 42 46
76 42 48
76 42 50
76 42 52
76 42 54
76 42 56
76 42 58
76 42 60
76 42 62
76 42 64
76 42 66
75 42 40
75 42 42
75 42 44
75 42 46
75 42 48
75 42 50
75 42 52
75 42 54
75 42 56
75 42 58
75 42 60
75 42 62
75 42 64
75 42 66
75 43 40
75 43 42
75 43 44
75 43 46
75 43 48
75 43 50
75 43 52
75 43 54
75 43 56
75 43 58
75 43 60
75 43 62
75 43 64
74 43 40
74 43 42
74 43 44
74 43 46
74 43 48
74 43 50
74 43 52
74 43 54
74 43 56
74 43 58
74 43 60
74 43 62
74 44 40
74 44 42
74 44 44
74 44 46
74 44 48
74 44 50
74 44 52
74 44 54
74 44 56
74 44 58
74 44 60
73 44 40
73 44 42
73 44 44
73 44 46
73 44 48
73 44 50
73 44 52
73 44 54
73 44 56
73 44 58
73 45 40
73 45 42
73 45 44
73 45 46
73 45 48
73 45 50
73 45 52
73 45 54
73 45 56
73 46 40
73 46 42
73 46 44
73 46 46
73 46 48
73 46 50
73 46 52
73 46 54
73 47 40
73 47 42
73 47 44
73 47 46
73 47 48
73 47 50
73 47 52
73 48 40
73 48 42
73 48 44
73 48 46
73 48 48
73 48 50
73 49 40
73 49 42
73 49 44
73 49 46
73 49 48
73 50 40
73 50 42
73 50 44
73 50 46
73 50 48
73 51 40
73 51 42
73 51 44
73 51 46
73 51 48
73 52 40
73 52 42
73 52 44
73 52 46
73 52 48
73 53 40
73 53 42
73 53 44
73 53 46
73 53 48
74 53 40
74 53 42
74 53 44
74 53 46
74 53 48
74 54 40
74 54 42
74 54 44
74 54 46
74 54 48
74 55 40
74 55 42
74 55 44
74 55 46
74 55 48
75 55 40
75 55 42
75 55 44
75 55 46
75 55 48
76 55 40
76 55 42
76 55 44
76 55 46
76 55 48
76 56 40
76 56 42
76 56 44
76 56 46
76 56 48
77 56 40
77 56 42
77 56 44
77 56 46
77 56 48
77 56 50
77 57 40
77 57 42
77 57 44
77 57 46
77 57 48
77 57 50
78 57 40
78 57 42
78 57 44
78 57 46
78 57 48
78 57 50
78 58 40
78 58 42
78 58 44
78 58 46
78 58 48
78 58 50
78 58 52
79 58 40
79 58 42
79 58 44
79 58 46
79 58 48
79 58 50
79 58 52
79 59 40
79 59 42
79 59 44
79 59 46
79 59 48
79 59 50
79 59 52
80 59 40
80 59 42
80 59 44
80 59 46
80 59 48
80 59 50
80 59 52
80 60 40
80 60 42
80 60 44
80 60 46
80 60 48
80 60 50
80 60 52
80 60 54
80 61 40
80 61 42
80 61 44
80 61 46
80 61 48
80 61 50
80 61 52
80 61 54
81 61 40
81 61 42
81 61 44
81 61 46
81 61 48
81 61 50
81 61 52
81 61 54
82 61 40
82 61 42
82 61 44
82 61 46
82 61 48
82 61 50
82 61 52
82 61 54
82 62 40
82 62 42
82 62 44
82 62 46
82 62 48
82 62 50
82 62 52
82 62 54
83 62 40
83 62 42
83 62 44
83 62 46
83 62 48
83 62 50
83 62 52
83 62 54
83 63 40
83 63 42
83 63 44
83 63 46
83 63 48
83 63 50
83 63 52
83 63 54
84 63 40
84 63 42
84 63 44
84 63 46
84 63 48
84 63 50
84 63 52
84 64 40
84 64 42
84 64 44
84 64 46
84 64 48
84 64 50
84 64 52
85 64 40
85 64 42
85 64 44
85 64 46
85 64 48
85 64 50
85 65 40
85 65 42
85 65 44
85 65 46
85 65 48
85 65 50
86 65 40
86 65 42
86 65 44
86 65 46
86 65 48
86 66 40
86 66 42
86 66 44
86 66 46
86 66 48
87 66 40
87 66 42
87 66 44
87 66 46
87 67 40
87 67 42
87 67 44
87 67 46
88 67 40
88 67 42
88 67 44
88 68 40
88 68 42
88 68 44
89 68 40
89 68 42
89 68 44
90 69 40
90 69 42
90 69 44
91 69 40
91 69 42
91 69 44
92 69 40
92 69 42
92 69 44
93 69 40
93 69 42
93 69 44
94 69 40
94 69 42
94 69 44
95 69 40
95 69 42
95 69 44
95 69 46
96 69 40
96 69 42
96 69 44
96 69 46
97 69 40
97 69 42
97 69 44
97 69 46
98 69 40
98 69 42
98 69 44
98 69 46
99 69 40
99 69 42
99 69 44
99 69 46
100 69 40
100 69 42
100 69 44
100 69 46
101 69 40
101 69 42
101 69 44
101 69 46
102 69 40
102 69 42
102 69 44
102 69 46
102 69 48
103 69 40
103 69 42
103 69 44
103 69 46
103 69 48
104 69 40
104 69 42
104 69 44
104 69 46
104 69 48
105 69 40
105 69 42
105 69 44
105 69 46
105 69 48
106 69 40
106 69 42
106 69 44
106 69 46
106 69 48
107 69 40
107 69 42
107 69 44
107 69 46
108 69 40
108 69 42
108 69 44
108 69 46
108 70 40
108 70 42
108 70 44
108 70 46
108 71 40
108 71 42
108 71 44
108 72 40
108 72 42
108 72 44
108 73 40
108 73 42
108 73 44
108 74 40
108 74 42
108 74 44
108 75 40
108 75 42
108 75 44
108 76 40
108 76 42
108 77 40
108 77 42
108 78 40
108 78 42
108 79 40
108 79 42
108 80 40
108 80 42
108 81 40
108 81 42
108 82 40
108 82 42
108 83 40
108 83 42
108 84 40
108 84 42
108 85 40
108 85 42
108 86 40
108 86 42
108 87 40
108 87 42
108 88 40
108 88 42
109 88 40
109 88 42
110 89 40
110 89 42
111 89 40
111 89 42
112 89 40
113 89 40
114 89 40
115 89 40
116 89 40
117 89 40
118 89 40
119 89 40
120 89 40
121 89 40
122 89 40
123 89 40
124 89 40
125 89 40
126 89 40
127 89 40
128 89 40
129 90 40
129 91 40
129 92 40
129 93 40
129 94 40
129 95 40
129 96 40
129 97 40
129 98 40
129 99 40
129 100 40
129 101 40
129 102 40
129 103 40
129 104 40
129 105 40
129 106 40
129 107 40
129 108 40
129 110 40
129 111 40
129 112 40
129 113 40
129 114 40
129 115 40
129 116 40
129 117 40
129 118 40
129 119 40
129 120 40
129 121 40
129 122 40
129 123 40
129 124 40
129 125 40
129 126 40
129 127 40
129 128 40
129 130 40
129 131 40
129 132 40
129 133 40
129 134 40
129 135 40
129 136 40
129 137 40
129 138 40
129 139 40
129 140 40
129 141 40
129 142 40
129 143 40
129 144 40
129 145 40
129 146 40
129 147 40
129 148 40
129 150 40
129 151 40
129 152 40
129 153 40
129 154 40
129 155 40
129 156 40
129 157 40
129 158 40
129 159 40
129 160 40
129 161 40
129 162 40
129 163 40
129 164 40
129 165 40
129 166 40
130 166 40
131 166 40
132 166 40
133 166 40
134 166 40
135 166 40
