9 9 100
9 29 100
9 49 100
9 69 100
9 89 100
9 109 100
9 129 100
9 149 100
9 169 100
9 189 100
29 9 100
29 29 100
29 49 100
29 69 100
29 89 100
29 109 100
29 129 100
29 149 100
29 169 100
29 189 100
49 9 100
49 29 100
49 49 100
49 69 100
49 89 100
49 109 100
49 129 100
49 149 100
49 169 100
49 189 100
69 9 100
69 29 100
69 49 100
69 69 100
69 89 100
69 109 100
69 129 100
69 149 100
69 169 100
69 189 100
89 9 100
89 29 100
89 49 100
89 69 100
89 89 100
89 109 100
89 129 100
89 149 100
89 169 100
89 189 100
109 9 100
109 29 100
109 49 100
109 69 100
109 89 100
109 109 100
109 129 100
109 149 100
109 169 100
109 189 100
129 9 100
129 29 100
129 49 100
129 69 100
129 89 100
129 109 100
129 129 100
129 149 100
129 169 100
129 189 100
149 9 100
149 29 100
149 49 100
149 69 100
149 89 100
149 109 100
149 129 100
149 149 100
149 169 100
149 189 100
169 9 100
169 29 100
169 49 100
169 69 100
169 89 100
169 109 100
169 129 100
169 149 100
169 169 100
169 189 100
189 9 100
189 29 100
189 49 100
189 69 100
189 89 100
189 109 100
189 129 100
189 149 100
189 169 100
189 189 100
9 9 100
9 29 100
9 49 100
9 109 100
9 129 100
9 149 100
9 169 100
9 189 100
29 9 100
29 29 100
29 69 100
29 89 100
29 109 100
29 129 100
29 149 100
29 169 100
29 189 100
49 9 100
49 29 100
49 49 100
49 69 100
49 149 100
49 169 100
69 9 100
69 29 100
89 9 100
89 29 100
89 89 100
89 149 100
89 169 100
109 9 100
109 29 100
109 69 100
109 89 100
109 109 100
109 129 100
109 149 100
109 169 100
109 189 100
129 9 100
129 29 100
129 69 100
129 89 100
129 109 100
129 129 100
129 189 100
149 9 100
149 29 100
149 89 100
149 109 100
149 129 100
149 189 100
169 9 100
169 29 100
169 49 100
169 109 100
169 129 100
169 149 100
169 169 100
169 189 100
189 9 100
189 29 100
189 49 100
189 69 100
189 129 100
189 149 100
189 169 100
189 189 100
196 193 40
196 193 72
196 193 104
65 99 40
191 127 40
191 127 72
191 127 104
156 2 40
156 2 72
16 69 40
16 69 72
135 179 40
81 189 40
30 116 40
30 116 72
30 116 104
30 116 136
30 116 168
71 67 40
127 52 40
30 49 40
30 49 72
199 2 40
199 2 72
199 2 104
71 68 40
70 68 40
70 69 40
69 70 40
69 71 40
69 72 40
69 73 40
69 74 40
69 75 40
69 76 40
69 77 40
69 78 40
69 79 40
69 80 40
69 81 40
69 82 40
69 83 40
69 84 40
69 85 40
69 86 40
69 87 40
69 88 40
68 89 40
68 90 40
67 90 40
67 91 40
67 92 40
66 92 40
66 93 40
65 93 40
65 94 40
65 95 40
65 96 40
65 97 40
65 98 40
31 49 40
31 49 72
32 49 40
32 49 72
33 49 40
33 49 72
34 49 40
34 49 72
35 49 40
35 49 72
36 49 40
37 49 40
38 49 40
39 49 40
40 49 40
41 49 40
42 49 40
43 49 40
43 49 72
44 49 40
44 49 72
45 49 40
45 49 72
46 49 40
46 49 72
47 49 40
47 49 72
48 49 40
48 49 72
48 49 104
50 49 40
50 49 72
50 49 104
51 49 40
51 49 72
51 49 104
51 49 136
52 49 40
52 49 72
52 49 104
52 49 136
53 49 40
53 49 72
53 49 104
53 49 136
54 49 40
54 49 72
54 49 104
54 49 136
55 49 40
55 49 72
55 49 104
55 49 136
56 49 40
56 49 72
56 49 104
56 49 136
57 49 40
57 49 72
57 49 104
57 49 136
58 49 40
58 49 72
58 49 104
58 49 136
59 49 40
59 49 72
59 49 104
59 49 136
60 49 40
60 49 72
60 49 104
61 49 40
61 49 72
61 49 104
62 49 40
62 49 72
62 49 104
63 49 40
63 49 72
63 49 104
64 49 40
64 49 72
65 49 40
65 49 72
66 49 40
66 49 72
67 49 40
67 49 72
68 49 40
68 49 72
69 50 40
69 50 72
69 51 40
69 51 72
69 52 40
69 52 72
69 53 40
69 53 72
69 54 40
69 55 40
69 56 40
69 57 40
69 58 40
69 59 40
69 60 40
69 61 40
69 62 40
69 63 40
69 64 40
69 65 40
69 66 40
69 67 40
69 68 40
127 51 40
127 50 40
127 49 40
126 49 40
125 49 40
124 49 40
123 49 40
122 49 40
121 49 40
120 49 40
119 49 40
119 49 72
118 49 40
118 49 72
117 49 40
117 49 72
116 49 40
116 49 72
115 49 40
115 49 72
114 49 40
114 49 72
113 49 40
113 49 72
112 49 40
112 49 72
111 49 40
111 49 72
110 49 40
110 49 72
108 49 40
108 49 72
107 49 40
107 49 72
106 49 40
106 49 72
105 49 40
105 49 72
104 49 40
104 49 72
103 49 40
103 49 72
102 49 40
102 49 72
101 49 40
101 49 72
100 49 40
100 49 72
99 49 40
99 49 72
98 49 40
98 49 72
97 49 40
97 49 72
96 49 40
96 49 72
95 49 40
95 49 72
94 49 40
94 49 72
93 49 40
93 49 72
92 49 40
91 49 40
90 49 40
88 49 40
87 49 40
86 49 40
85 49 40
84 49 40
83 49 40
82 49 40
81 49 40
80 49 40
79 49 40
78 49 40
77 49 40
76 49 40
75 49 40
74 49 40
73 49 40
72 49 40
72 49 72
71 49 40
71 49 72
70 49 40
70 49 72
80 189 40
79 189 40
78 189 40
77 189 40
76 189 40
75 189 40
74 189 40
73 189 40
72 189 40
71 189 40
70 189 40
69 188 40
69 187 40
69 186 40
69 185 40
69 184 40
69 183 40
69 182 40
69 181 40
69 180 40
69 179 40
69 178 40
69 177 40
69 176 40
69 175 40
69 174 40
69 173 40
69 172 40
69 171 40
69 170 40
69 168 40
69 168 72
69 167 40
69 167 72
69 166 40
69 166 72
69 165 40
69 165 72
69 164 40
69 164 72
69 163 40
69 163 72
69 162 40
69 162 72
69 161 40
69 161 72
69 160 40
69 160 72
69 159 40
69 159 72
69 158 40
69 158 72
69 157 40
69 157 72
69 156 40
69 155 40
69 154 40
69 153 40
69 152 40
69 151 40
69 150 40
69 148 40
69 147 40
69 146 40
69 145 40
69 144 40
69 143 40
69 142 40
69 141 40
69 140 40
69 139 40
69 138 40
69 137 40
69 136 40
69 135 40
69 134 40
69 133 40
69 132 40
69 131 40
69 130 40
69 128 40
69 127 40
69 126 40
69 125 40
69 124 40
69 123 40
69 122 40
69 121 40
69 120 40
69 119 40
69 118 40
69 117 40
69 116 40
69 115 40
69 114 40
69 113 40
69 112 40
69 111 40
69 110 40
68 109 40
68 108 40
67 108 40
67 107 40
66 107 40
66 106 40
66 105 40
65 105 40
65 104 40
65 103 40
65 102 40
65 101 40
65 100 40
15 69 40
15 69 72
14 69 40
14 69 72
13 69 40
13 69 72
13 68 40
13 68 72
13 67 40
13 67 72
13 66 40
13 66 72
13 65 40
13 65 72
13 64 40
13 64 72
14 64 40
14 64 72
14 64 104
15 64 40
15 64 72
15 64 104
15 63 40
15 63 72
15 63 104
15 62 40
15 62 72
15 62 104
16 62 40
16 62 72
16 62 104
16 62 136
17 62 40
17 62 72
17 62 104
17 62 136
17 61 40
17 61 72
17 61 104
17 61 136
17 60 40
17 60 72
17 60 104
17 60 136
17 60 168
18 60 40
18 60 72
18 60 104
18 60 136
18 60 168
18 59 40
18 59 72
18 59 104
18 59 136
18 59 168
19 59 40
19 59 72
19 59 104
19 59 136
19 59 168
19 58 40
19 58 72
19 58 104
19 58 136
19 58 168
19 58 200
20 58 40
20 58 72
20 58 104
20 58 136
20 58 168
20 58 200
20 57 40
20 57 72
20 57 104
20 57 136
20 57 168
20 57 200
21 57 40
21 57 72
21 57 104
21 57 136
21 57 168
21 57 200
22 57 40
22 57 72
22 57 104
22 57 136
22 57 168
22 57 200
22 56 40
22 56 72
22 56 104
22 56 136
22 56 168
22 56 200
22 55 40
22 55 72
22 55 104
22 55 136
22 55 168
22 55 200
23 55 40
23 55 72
23 55 104
23 55 136
23 55 168
24 55 40
24 55 72
24 55 104
24 55 136
24 55 168
24 54 40
24 54 72
24 54 104
24 54 136
24 54 168
25 54 40
25 54 72
25 54 104
25 54 136
25 53 40
25 53 72
25 53 104
25 53 136
25 52 40
25 52 72
25 52 104
25 52 136
26 52 40
26 52 72
26 52 104
26 51 40
26 51 72
26 51 104
27 51 40
27 51 72
27 51 104
27 50 40
27 50 72
27 50 104
28 50 40
28 50 72
28 49 40
28 49 72
31 116 40
31 116 72
31 116 104
31 116 136
32 116 40
32 116 72
32 116 104
32 116 136
33 116 40
33 116 72
33 116 104
34 116 40
34 116 72
35 116 40
35 116 72
36 116 40
36 116 72
37 116 40
38 116 40
39 116 40
40 116 40
41 116 40
42 116 40
43 116 40
44 116 40
45 116 40
45 115 40
45 114 40
46 114 40
46 113 40
46 112 40
47 112 40
47 111 40
48 111 40
48 110 40
49 110 40
50 109 40
51 109 40
52 109 40
53 109 40
54 109 40
55 109 40
56 109 40
57 109 40
58 109 40
59 109 40
60 109 40
61 109 40
62 109 40
63 109 40
64 109 40
65 109 40
66 109 40
67 109 40
134 179 40
133 179 40
133 180 40
133 180 72
133 181 40
133 181 72
133 182 40
133 182 72
133 183 40
133 183 72
133 184 40
133 184 72
132 184 40
132 184 72
132 185 40
132 185 72
132 185 104
132 186 40
132 186 72
132 186 104
131 186 40
131 186 72
131 186 104
131 187 40
131 187 72
131 187 104
130 187 40
130 187 72
130 187 104
130 188 40
130 188 72
130 188 104
129 188 40
129 188 72
129 188 104
128 188 40
128 188 72
128 188 104
127 188 40
127 188 72
127 188 104
126 188 40
126 188 72
126 188 104
125 188 40
125 188 72
125 188 104
124 188 40
124 188 72
124 188 104
123 188 40
123 188 72
123 188 104
122 188 40
122 188 72
122 188 104
121 188 40
121 188 72
121 188 104
120 188 40
120 188 72
120 188 104
119 188 40
119 188 72
119 188 104
119 188 136
118 188 40
118 188 72
118 188 104
118 188 136
117 188 40
117 188 72
117 188 104
117 188 136
116 188 40
116 188 72
116 188 104
116 188 136
115 188 40
115 188 72
115 188 104
115 188 136
115 188 168
114 188 40
114 188 72
114 188 104
114 188 136
114 188 168
113 188 40
113 188 72
113 188 104
113 188 136
113 188 168
112 188 40
112 188 72
112 188 104
112 188 136
112 188 168
112 188 200
111 188 40
111 188 72
111 188 104
111 188 136
111 188 168
111 188 200
110 188 40
110 188 72
110 188 104
110 188 136
110 188 168
110 188 200
109 188 40
109 188 72
109 188 104
109 188 136
109 188 168
109 188 200
109 188 232
108 188 40
108 188 72
108 188 104
108 188 136
108 188 168
108 188 200
108 188 232
107 188 40
107 188 72
107 188 104
107 188 136
107 188 168
107 188 200
107 188 232
106 188 40
106 188 72
106 188 104
106 188 136
106 188 168
106 188 200
106 188 232
106 188 264
105 188 40
105 188 72
105 188 104
105 188 136
105 188 168
105 188 200
105 188 232
105 188 264
104 188 40
104 188 72
104 188 104
104 188 136
104 188 168
104 188 200
104 188 232
104 188 264
103 188 40
103 188 72
103 188 104
103 188 136
103 188 168
103 188 200
103 188 232
103 188 264
102 188 40
102 188 72
102 188 104
102 188 136
102 188 168
102 188 200
102 188 232
102 188 264
101 188 40
101 188 72
101 188 104
101 188 136
101 188 168
101 188 200
101 188 232
101 188 264
100 188 40
100 188 72
100 188 104
100 188 136
100 188 168
100 188 200
100 188 232
100 188 264
99 188 40
99 188 72
99 188 104
99 188 136
99 188 168
99 188 200
99 188 232
99 188 264
98 188 40
98 188 72
98 188 104
98 188 136
98 188 168
98 188 200
98 188 232
97 188 40
97 188 72
97 188 104
97 188 136
97 188 168
97 188 200
97 188 232
96 188 40
96 188 72
96 188 104
96 188 136
96 188 168
96 188 200
95 188 40
95 188 72
95 188 104
95 188 136
95 188 168
95 188 200
94 188 40
94 188 72
94 188 104
94 188 136
94 188 168
93 188 40
93 188 72
93 188 104
93 188 136
92 188 40
92 188 72
92 188 104
91 188 40
91 188 72
91 188 104
90 188 40
90 188 72
89 188 40
89 188 72
88 189 40
88 189 72
87 189 40
87 189 72
86 189 40
85 189 40
84 189 40
83 189 40
82 189 40
156 3 40
156 3 72
156 3 104
156 4 40
156 4 72
156 4 104
156 5 40
156 5 72
156 5 104
156 6 40
156 6 72
156 6 104
156 6 136
156 7 40
156 7 72
156 7 104
156 7 136
156 8 40
156 8 72
156 8 104
156 8 136
156 8 168
156 9 40
156 9 72
156 9 104
156 9 136
156 9 168
156 10 40
156 10 72
156 10 104
156 10 136
156 10 168
156 10 200
156 11 40
156 11 72
156 11 104
156 11 136
156 11 168
156 11 200
156 12 40
156 12 72
156 12 104
156 12 136
156 12 168
156 12 200
156 13 40
156 13 72
156 13 104
156 13 136
156 13 168
156 13 200
156 13 232
156 14 40
156 14 72
156 14 104
156 14 136
156 14 168
156 14 200
156 14 232
156 15 40
156 15 72
156 15 104
156 15 136
156 15 168
156 15 200
156 15 232
156 15 264
156 16 40
156 16 72
156 16 104
156 16 136
156 16 168
156 16 200
156 16 232
156 16 264
156 17 40
156 17 72
156 17 104
156 17 136
156 17 168
156 17 200
156 17 232
156 17 264
156 18 40
156 18 72
156 18 104
156 18 136
156 18 168
156 18 200
156 18 232
156 18 264
156 18 296
156 19 40
156 19 72
156 19 104
156 19 136
156 19 168
156 19 200
156 19 232
156 19 264
156 19 296
156 20 40
156 20 72
156 20 104
156 20 136
156 20 168
156 20 200
156 20 232
156 20 264
156 20 296
156 20 328
156 21 40
156 21 72
156 21 104
156 21 136
156 21 168
156 21 200
156 21 232
156 21 264
156 21 296
156 21 328
156 22 40
156 22 72
156 22 104
156 22 136
156 22 168
156 22 200
156 22 232
156 22 264
156 22 296
156 22 328
156 23 40
156 23 72
156 23 104
156 23 136
156 23 168
156 23 200
156 23 232
156 23 264
156 23 296
156 23 328
156 24 40
156 24 72
156 24 104
156 24 136
156 24 168
156 24 200
156 24 232
156 24 264
156 24 296
156 24 328
156 25 40
156 25 72
156 25 104
156 25 136
156 25 168
156 25 200
156 25 232
156 25 264
156 25 296
156 25 328
156 26 40
156 26 72
156 26 104
156 26 136
156 26 168
156 26 200
156 26 232
156 26 264
156 26 296
156 26 328
156 27 40
156 27 72
156 27 104
156 27 136
156 27 168
156 27 200
156 27 232
156 27 264
156 27 296
156 28 40
156 28 72
156 28 104
156 28 136
156 28 168
156 28 200
156 28 232
156 28 264
156 28 296
156 29 40
156 29 72
156 29 104
156 29 136
156 29 168
156 29 200
156 29 232
156 29 264
156 30 40
156 30 72
156 30 104
156 30 136
156 30 168
156 30 200
156 30 232
156 30 264
156 31 40
156 31 72
156 31 104
156 31 136
156 31 168
156 31 200
156 31 232
156 32 40
156 32 72
156 32 104
156 32 136
156 32 168
156 32 200
156 33 40
156 33 72
156 33 104
156 33 136
156 33 168
156 33 200
156 34 40
156 34 72
156 34 104
156 34 136
156 34 168
156 35 40
156 35 72
156 35 104
156 35 136
156 35 168
156 36 40
156 36 72
156 36 104
156 36 136
156 37 40
156 37 72
156 37 104
156 37 136
156 38 40
156 38 72
156 38 104
156 38 136
156 39 40
156 39 72
156 39 104
156 40 40
156 40 72
156 40 104
156 41 40
156 41 72
156 41 104
156 42 40
156 42 72
156 42 104
155 42 40
155 42 72
155 42 104
155 43 40
155 43 72
155 43 104
155 44 40
155 44 72
155 44 104
154 44 40
154 44 72
153 44 40
153 44 72
153 45 40
153 45 72
152 45 40
152 45 72
152 46 40
152 46 72
151 46 40
151 46 72
151 47 40
151 47 72
150 47 40
150 47 72
150 48 40
150 48 72
149 48 40
149 48 72
148 49 40
148 49 72
147 49 40
146 49 40
145 49 40
144 49 40
143 49 40
142 49 40
141 49 40
140 49 40
139 49 40
138 49 40
137 49 40
136 49 40
135 49 40
134 49 40
133 49 40
132 49 40
131 49 40
130 49 40
128 49 40
198 2 40
198 2 72
198 2 104
197 2 40
197 2 72
197 2 104
196 2 40
196 2 72
196 2 104
195 2 40
195 2 72
195 2 104
194 2 40
194 2 72
194 2 104
194 2 136
193 2 40
193 2 72
193 2 104
193 2 136
192 2 40
192 2 72
192 2 104
192 2 136
191 2 40
191 2 72
191 2 104
191 2 136
191 2 168
190 2 40
190 2 72
190 2 104
190 2 136
190 2 168
189 2 40
189 2 72
189 2 104
189 2 136
189 2 168
188 2 40
188 2 72
188 2 104
188 2 136
188 2 168
188 2 200
187 2 40
187 2 72
187 2 104
187 2 136
187 2 168
187 2 200
186 2 40
186 2 72
186 2 104
186 2 136
186 2 168
186 2 200
185 2 40
185 2 72
185 2 104
185 2 136
185 2 168
185 2 200
185 2 232
184 2 40
184 2 72
184 2 104
184 2 136
184 2 168
184 2 200
184 2 232
183 2 40
183 2 72
183 2 104
183 2 136
183 2 168
183 2 200
183 2 232
182 2 40
182 2 72
182 2 104
182 2 136
182 2 168
182 2 200
182 2 232
181 2 40
181 2 72
181 2 104
181 2 136
181 2 168
181 2 200
180 2 40
180 2 72
180 2 104
180 2 136
180 2 168
180 2 200
179 2 40
179 2 72
179 2 104
179 2 136
179 2 168
179 2 200
178 2 40
178 2 72
178 2 104
178 2 136
178 2 168
177 2 40
177 2 72
177 2 104
177 2 136
177 2 168
176 2 40
176 2 72
176 2 104
176 2 136
175 2 40
175 2 72
175 2 104
175 2 136
174 2 40
174 2 72
174 2 104
174 2 136
173 2 40
173 2 72
173 2 104
172 2 40
172 2 72
172 2 104
171 2 40
171 2 72
171 2 104
170 2 40
170 2 72
170 2 104
169 2 40
169 2 72
169 2 104
168 2 40
168 2 72
168 2 104
167 2 40
167 2 72
167 2 104
166 2 40
166 2 72
166 2 104
165 2 40
165 2 72
165 2 104
164 2 40
164 2 72
164 2 104
163 2 40
163 2 72
163 2 104
162 2 40
162 2 72
162 2 104
161 2 40
161 2 72
160 2 40
160 2 72
159 2 40
159 2 72
158 2 40
158 2 72
157 2 40
157 2 72
