9 9 100
9 29 100
9 49 100
9 69 100
9 89 100
9 109 100
9 129 100
9 149 100
9 169 100
9 189 100
29 9 100
29 29 100
29 49 100
29 69 100
29 89 100
29 109 100
29 129 100
29 149 100
29 169 100
29 189 100
49 9 100
49 29 100
49 49 100
49 69 100
49 89 100
49 109 100
49 129 100
49 149 100
49 169 100
49 189 100
69 9 100
69 29 100
69 49 100
69 69 100
69 89 100
69 109 100
69 129 100
69 149 100
69 169 100
69 189 100
89 9 100
89 29 100
89 49 100
89 69 100
89 89 100
89 109 100
89 129 100
89 149 100
89 169 100
89 189 100
109 9 100
109 29 100
109 49 100
109 69 100
109 89 100
109 109 100
109 129 100
109 149 100
109 169 100
109 189 100
129 9 100
129 29 100
129 49 100
129 69 100
129 89 100
129 109 100
129 129 100
129 149 100
129 169 100
129 189 100
149 9 100
149 29 100
149 49 100
149 69 100
149 89 100
149 109 100
149 129 100
149 149 100
149 169 100
149 189 100
169 9 100
169 29 100
169 49 100
169 69 100
169 89 100
169 109 100
169 129 100
169 149 100
169 169 100
169 189 100
189 9 100
189 29 100
189 49 100
189 69 100
189 89 100
189 109 100
189 129 100
189 149 100
189 169 100
189 189 100
9 9 100
9 29 100
9 49 100
9 89 100
9 109 100
9 129 100
29 109 100
29 129 100
29 169 100
29 189 100
49 9 100
49 129 100
49 149 100
49 169 100
49 189 100
69 49 100
69 69 100
69 89 100
69 149 100
69 189 100
89 69 100
89 89 100
89 129 100
109 9 100
109 29 100
109 49 100
109 69 100
109 89 100
109 129 100
109 189 100
129 9 100
129 29 100
129 49 100
129 69 100
129 89 100
129 109 100
129 169 100
129 189 100
149 29 100
149 69 100
149 109 100
149 129 100
149 169 100
169 9 100
169 29 100
169 49 100
169 89 100
169 109 100
169 129 100
169 149 100
169 169 100
169 189 100
189 9 100
189 29 100
189 49 100
189 69 100
189 89 100
189 149 100
189 169 100
189 189 100
174 117 40
5 74 40
5 74 104
31 142 40
136 151 40
99 96 40
163 38 40
163 38 104
78 188 40
78 188 104
99 97 40
99 98 40
99 99 40
99 100 40
99 101 40
99 102 40
99 103 40
99 104 40
99 105 40
98 105 40
97 105 40
96 105 40
95 105 40
94 105 40
94 106 40
93 106 40
92 106 40
92 107 40
91 107 40
91 108 40
90 108 40
90 109 40
88 109 40
87 109 40
86 109 40
85 109 40
84 109 40
83 109 40
82 109 40
81 109 40
80 109 40
79 109 40
78 109 40
77 109 40
76 109 40
75 109 40
74 109 40
73 109 40
72 109 40
71 109 40
70 109 40
68 109 40
67 109 40
66 109 40
65 109 40
64 109 40
63 109 40
62 109 40
61 109 40
60 109 40
59 109 40
58 109 40
57 109 40
56 109 40
55 109 40
54 109 40
53 109 40
52 109 40
51 109 40
50 109 40
49 108 40
49 107 40
49 106 40
49 105 40
49 104 40
49 103 40
49 102 40
49 101 40
49 100 40
49 99 40
49 98 40
49 97 40
49 96 40
49 95 40
49 94 40
49 93 40
49 92 40
49 91 40
49 90 40
49 88 40
49 87 40
49 86 40
49 85 40
49 84 40
49 83 40
49 82 40
49 81 40
49 80 40
49 79 40
49 78 40
49 77 40
49 76 40
49 75 40
49 74 40
49 73 40
49 72 40
49 71 40
49 70 40
48 69 40
47 69 40
46 69 40
45 69 40
44 69 40
43 69 40
42 69 40
41 69 40
40 69 40
39 69 40
38 69 40
37 69 40
36 69 40
35 69 40
34 69 40
33 69 40
32 69 40
31 69 40
30 69 40
28 69 40
27 69 40
26 69 40
25 69 40
24 69 40
23 69 40
22 69 40
21 69 40
20 69 40
19 69 40
18 69 40
17 69 40
16 69 40
15 69 40
14 69 40
13 69 40
12 69 40
11 69 40
10 69 40
8 69 40
7 69 40
6 69 40
5 69 40
5 70 40
5 71 40
5 72 40
5 73 40
5 73 104
135 151 40
134 151 40
133 151 40
132 151 40
131 151 40
131 150 40
130 150 40
130 149 40
129 148 40
129 147 40
129 146 40
129 145 40
129 144 40
129 143 40
129 142 40
129 141 40
129 140 40
129 139 40
129 138 40
129 137 40
129 136 40
129 135 40
129 134 40
129 133 40
129 132 40
129 131 40
129 130 40
128 129 40
128 128 40
127 128 40
127 127 40
126 127 40
126 126 40
125 126 40
125 125 40
124 125 40
124 124 40
123 124 40
123 123 40
123 123 104
122 123 40
122 123 104
122 122 40
122 122 104
121 122 40
121 122 104
121 121 40
121 121 104
121 120 40
121 120 104
121 120 168
120 120 40
120 120 104
120 120 168
120 119 40
120 119 104
120 119 168
119 119 40
119 119 104
119 119 168
118 119 40
118 119 104
118 119 168
118 118 40
118 118 104
118 118 168
118 118 232
118 117 40
118 117 104
118 117 168
118 117 232
117 117 40
117 117 104
117 117 168
117 117 232
116 117 40
116 117 104
116 117 168
116 116 40
116 116 104
116 116 168
115 116 40
115 116 104
115 116 168
115 115 40
115 115 104
115 115 168
114 115 40
114 115 104
114 115 168
114 114 40
114 114 104
114 114 168
113 114 40
113 114 104
113 114 168
113 113 40
113 113 104
113 113 168
112 113 40
112 113 104
112 113 168
112 112 40
112 112 104
111 112 40
111 112 104
111 111 40
111 111 104
110 111 40
110 111 104
110 110 40
110 110 104
109 110 40
109 110 104
108 109 40
108 109 104
108 108 40
108 108 104
107 108 40
107 108 104
107 107 40
107 107 104
106 107 40
106 107 104
106 106 40
106 106 104
105 106 40
105 106 104
104 106 40
104 105 40
103 105 40
102 105 40
101 105 40
100 105 40
79 188 40
79 188 104
80 188 40
80 188 104
81 188 40
81 188 104
82 188 40
82 188 104
83 188 40
84 188 40
85 188 40
86 188 40
86 188 104
87 188 40
87 188 104
88 188 40
88 188 104
89 188 40
89 188 104
89 187 40
89 187 104
89 186 40
89 186 104
89 185 40
89 185 104
89 184 40
89 183 40
89 182 40
89 181 40
89 180 40
89 179 40
89 178 40
89 177 40
89 176 40
89 175 40
89 174 40
89 173 40
89 172 40
89 171 40
89 170 40
90 169 40
91 169 40
92 169 40
93 169 40
94 169 40
95 169 40
96 169 40
97 169 40
98 169 40
99 169 40
100 169 40
101 169 40
102 169 40
103 169 40
104 169 40
105 169 40
106 169 40
106 169 104
107 169 40
107 169 104
108 169 40
108 169 104
109 168 40
109 168 104
109 167 40
109 167 104
109 166 40
109 166 104
109 165 40
109 164 40
109 163 40
109 162 40
109 161 40
109 160 40
109 159 40
109 158 40
109 157 40
109 156 40
109 155 40
109 154 40
109 153 40
109 152 40
109 151 40
109 150 40
110 149 40
111 149 40
112 149 40
113 149 40
114 149 40
115 149 40
116 149 40
117 149 40
118 149 40
119 149 40
120 149 40
121 149 40
122 149 40
123 149 40
124 149 40
125 149 40
126 149 40
127 149 40
128 149 40
163 39 40
163 39 104
163 40 40
163 40 104
163 41 40
163 41 104
163 42 40
163 42 104
163 43 40
163 43 104
163 44 40
163 44 104
163 45 40
163 45 104
164 45 40
164 45 104
164 46 40
164 46 104
165 46 40
165 46 104
166 46 40
166 46 104
166 47 40
166 47 104
167 47 40
167 47 104
167 48 40
167 48 104
168 48 40
168 48 104
168 49 40
168 49 104
168 50 40
168 50 104
168 51 40
168 51 104
168 52 40
168 52 104
168 53 40
168 53 104
168 54 40
168 54 104
168 55 40
168 55 104
168 56 40
168 56 104
168 57 40
168 57 104
168 58 40
168 58 104
168 59 40
168 59 104
168 60 40
168 60 104
168 61 40
168 61 104
168 62 40
168 62 104
168 63 40
168 63 104
168 64 40
168 64 104
168 65 40
168 65 104
168 66 40
168 66 104
168 67 40
168 67 104
168 68 40
168 68 104
168 69 40
168 69 104
168 70 40
168 70 104
167 70 40
167 70 104
167 71 40
167 71 104
166 71 40
166 71 104
166 72 40
166 72 104
165 72 40
165 72 104
165 73 40
164 73 40
164 74 40
164 75 40
163 75 40
162 75 40
162 76 40
161 76 40
161 77 40
160 77 40
160 78 40
160 79 40
159 79 40
158 79 40
158 80 40
158 81 40
157 81 40
157 82 40
156 82 40
155 82 40
155 83 40
154 83 40
154 84 40
153 84 40
153 85 40
152 85 40
152 85 104
152 86 40
152 86 104
151 86 40
151 86 104
151 87 40
151 87 104
151 88 40
151 88 104
151 89 40
151 89 104
151 90 40
151 90 104
151 91 40
151 91 104
152 91 40
152 91 104
152 92 40
152 92 104
153 92 40
153 92 104
153 93 40
153 93 104
154 93 40
154 93 104
154 94 40
154 94 104
154 94 168
155 94 40
155 94 104
155 94 168
155 95 40
155 95 104
155 95 168
156 95 40
156 95 104
156 95 168
156 96 40
156 96 104
156 96 168
157 96 40
157 96 104
157 96 168
157 97 40
157 97 104
157 97 168
157 98 40
157 98 104
157 98 168
157 98 232
158 98 40
158 98 104
158 98 168
158 99 40
158 99 104
158 99 168
158 99 232
159 99 40
159 99 104
159 99 168
160 99 40
160 99 104
160 99 168
160 100 40
160 100 104
160 100 168
160 101 40
160 101 104
160 101 168
161 101 40
161 101 104
161 101 168
162 101 40
162 101 104
162 101 168
162 102 40
162 102 104
162 102 168
163 102 40
163 102 104
163 102 168
163 103 40
163 103 104
163 103 168
163 104 40
163 104 104
163 104 168
164 104 40
164 104 104
164 105 40
164 105 104
164 105 168
165 105 40
165 105 104
166 105 40
166 105 104
166 106 40
166 106 104
167 106 40
167 106 104
167 107 40
167 107 104
168 107 40
168 107 104
168 108 40
168 108 104
169 108 40
169 108 104
170 109 40
170 109 104
170 110 40
170 110 104
171 110 40
171 110 104
171 111 40
171 111 104
172 111 40
172 111 104
172 112 40
172 112 104
173 112 40
174 112 40
174 113 40
174 114 40
174 115 40
174 116 40
