9 9 100
9 29 100
9 49 100
9 69 100
9 89 100
9 109 100
9 129 100
9 149 100
9 169 100
9 189 100
29 9 100
29 29 100
29 49 100
29 69 100
29 89 100
29 109 100
29 129 100
29 149 100
29 169 100
29 189 100
49 9 100
49 29 100
49 49 100
49 69 100
49 89 100
49 109 100
49 129 100
49 149 100
49 169 100
49 189 100
69 9 100
69 29 100
69 49 100
69 69 100
69 89 100
69 109 100
69 129 100
69 149 100
69 169 100
69 189 100
89 9 100
89 29 100
89 49 100
89 69 100
89 89 100
89 109 100
89 129 100
89 149 100
89 169 100
89 189 100
109 9 100
109 29 100
109 49 100
109 69 100
109 89 100
109 109 100
109 129 100
109 149 100
109 169 100
109 189 100
129 9 100
129 29 100
129 49 100
129 69 100
129 89 100
129 109 100
129 129 100
129 149 100
129 169 100
129 189 100
149 9 100
149 29 100
149 49 100
149 69 100
149 89 100
149 109 100
149 129 100
149 149 100
149 169 100
149 189 100
169 9 100
169 29 100
169 49 100
169 69 100
169 89 100
169 109 100
169 129 100
169 149 100
169 169 100
169 189 100
189 9 100
189 29 100
189 49 100
189 69 100
189 89 100
189 109 100
189 129 100
189 149 100
189 169 100
189 189 100
9 9 100
9 49 100
9 69 100
9 89 100
9 109 100
9 129 100
9 149 100
9 169 100
9 189 100
29 9 100
29 29 100
29 49 100
29 89 100
29 109 100
29 149 100
29 169 100
29 189 100
49 9 100
49 29 100
49 49 100
49 109 100
49 129 100
49 169 100
49 189 100
69 9 100
69 29 100
69 69 100
69 89 100
69 129 100
69 149 100
69 169 100
89 29 100
89 49 100
89 69 100
89 129 100
89 149 100
89 189 100
109 89 100
109 129 100
109 149 100
109 169 100
109 189 100
129 9 100
129 29 100
129 49 100
129 89 100
129 109 100
129 129 100
129 149 100
129 169 100
129 189 100
149 9 100
149 29 100
149 49 100
149 69 100
149 89 100
149 109 100
149 129 100
149 149 100
149 169 100
169 69 100
169 89 100
169 189 100
189 29 100
189 49 100
189 69 100
189 89 100
189 129 100
189 169 100
189 189 100
178 47 40
178 47 56
120 12 40
68 180 40
77 100 40
41 67 40
20 144 40
107 62 40
107 61 40
107 60 40
107 59 40
107 58 40
107 57 40
107 56 40
107 55 40
107 54 40
107 53 40
107 52 40
107 51 40
108 51 40
108 50 40
109 50 40
109 48 40
109 47 40
109 47 56
109 46 40
109 46 56
109 45 40
109 45 56
109 45 72
109 44 40
109 44 56
109 44 72
109 44 88
109 43 40
109 43 56
109 43 72
109 43 88
109 43 104
109 42 40
109 42 56
109 42 72
109 42 88
109 42 104
109 42 120
109 41 40
109 41 56
109 41 72
109 41 88
109 41 104
109 41 120
109 41 136
109 40 40
109 40 56
109 40 72
109 40 88
109 40 104
109 40 120
109 40 136
109 39 40
109 39 56
109 39 72
109 39 88
109 39 104
109 39 120
109 39 136
109 38 40
109 38 56
109 38 72
109 38 88
109 38 104
109 38 120
109 37 40
109 37 56
109 37 72
109 37 88
109 37 104
109 37 120
109 36 40
109 36 56
109 36 72
109 36 88
109 36 104
109 35 40
109 35 56
109 35 72
109 35 88
109 34 40
109 34 56
109 34 72
109 34 88
109 33 40
109 33 56
109 33 72
109 32 40
109 32 56
109 31 40
109 31 56
109 30 40
109 30 56
109 28 40
109 27 40
109 26 40
109 25 40
109 24 40
109 23 40
109 22 40
109 21 40
109 20 40
109 19 40
109 18 40
109 17 40
109 16 40
109 15 40
109 14 40
109 13 40
109 12 40
110 12 40
111 12 40
112 12 40
113 12 40
114 12 40
115 12 40
116 12 40
117 12 40
118 12 40
119 12 40
21 144 40
22 144 40
23 144 40
24 144 40
25 144 40
26 144 40
26 145 40
26 146 40
27 146 40
27 147 40
28 147 40
28 147 56
28 148 40
28 148 56
29 148 40
29 148 56
29 148 72
30 148 40
30 148 56
30 148 72
31 148 40
31 148 56
31 148 72
31 148 88
32 148 40
32 148 56
32 148 72
32 148 88
32 148 104
33 148 40
33 148 56
33 148 72
33 148 88
33 148 104
33 148 120
34 148 40
34 148 56
34 148 72
34 148 88
34 148 104
34 148 120
34 148 136
35 148 40
35 148 56
35 148 72
35 148 88
35 148 104
35 148 120
35 148 136
36 148 40
36 148 56
36 148 72
36 148 88
36 148 104
36 148 120
36 148 136
37 148 40
37 148 56
37 148 72
37 148 88
37 148 104
37 148 120
38 148 40
38 148 56
38 148 72
38 148 88
38 148 104
38 148 120
39 148 40
39 148 56
39 148 72
39 148 88
39 148 104
40 148 40
40 148 56
40 148 72
40 148 88
41 148 40
41 148 56
41 148 72
41 148 88
42 148 40
42 148 56
42 148 72
43 148 40
43 148 56
43 148 72
44 148 40
44 148 56
44 148 72
45 148 40
45 148 56
46 148 40
46 148 56
47 148 40
47 148 56
48 148 40
48 148 56
48 149 40
48 149 56
49 150 40
49 150 56
50 150 40
50 150 56
50 151 40
50 151 56
50 152 40
50 152 56
50 153 40
50 153 56
50 154 40
50 154 56
50 154 72
50 155 40
50 155 56
50 155 72
50 156 40
50 156 56
50 156 72
50 156 88
50 157 40
50 157 56
50 157 72
50 157 88
50 157 104
50 158 40
50 158 56
50 158 72
50 158 88
50 158 104
50 158 120
50 159 40
50 159 56
50 159 72
50 159 88
50 159 104
50 159 120
50 159 136
50 160 40
50 160 56
50 160 72
50 160 88
50 160 104
50 160 120
50 160 136
50 161 40
50 161 56
50 161 72
50 161 88
50 161 104
50 161 120
50 161 136
50 161 152
50 162 40
50 162 56
50 162 72
50 162 88
50 162 104
50 162 120
50 162 136
50 162 152
50 163 40
50 163 56
50 163 72
50 163 88
50 163 104
50 163 120
50 163 136
50 164 40
50 164 56
50 164 72
50 164 88
50 164 104
50 164 120
50 165 40
50 165 56
50 165 72
50 165 88
50 165 104
50 165 120
50 166 40
50 166 56
50 166 72
50 166 88
50 166 104
50 167 40
50 167 56
50 167 72
50 167 88
50 168 40
50 168 56
50 168 72
50 168 88
50 169 40
50 169 56
50 169 72
51 169 40
51 169 56
51 169 72
51 169 88
52 169 40
52 169 56
52 169 72
52 169 88
53 169 40
53 169 56
53 169 72
53 169 88
54 169 40
54 169 56
54 169 72
54 169 88
54 169 104
55 169 40
55 169 56
55 169 72
55 169 88
55 169 104
56 169 40
56 169 56
56 169 72
56 169 88
57 169 40
57 169 56
57 169 72
57 169 88
58 169 40
58 169 56
58 169 72
58 169 88
59 169 40
59 169 56
59 169 72
59 169 88
60 169 40
60 169 56
60 169 72
60 169 88
61 169 40
61 169 56
61 169 72
61 169 88
61 169 104
62 169 40
62 169 56
62 169 72
62 169 88
62 169 104
63 169 40
63 169 56
63 169 72
63 169 88
63 169 104
64 169 40
64 169 56
64 169 72
64 169 88
64 169 104
65 169 40
65 169 56
65 169 72
65 169 88
65 169 104
66 169 40
66 169 56
66 169 72
66 169 88
66 169 104
67 169 40
67 169 56
67 169 72
67 169 88
68 169 40
68 169 56
68 169 72
68 169 88
68 170 40
68 170 56
68 170 72
68 171 40
68 171 56
68 172 40
68 172 56
68 173 40
68 174 40
68 175 40
68 176 40
68 177 40
68 178 40
68 179 40
42 67 40
43 67 40
44 67 40
45 67 40
46 67 40
47 67 40
47 68 40
48 68 40
48 69 40
49 70 40
49 71 40
49 72 40
49 73 40
49 74 40
49 75 40
49 76 40
49 77 40
49 78 40
49 79 40
49 80 40
49 81 40
49 82 40
49 83 40
49 84 40
49 85 40
49 86 40
49 87 40
49 88 40
50 89 40
50 90 40
51 90 40
51 91 40
51 91 56
52 91 40
52 91 56
52 92 40
52 92 56
53 92 40
53 92 56
53 93 40
53 93 56
54 93 40
54 93 56
54 93 72
54 94 40
54 94 56
54 94 72
54 95 40
54 95 56
54 95 72
55 95 40
55 95 56
55 95 72
55 95 88
56 95 40
56 95 56
56 95 72
56 95 88
56 96 40
56 96 56
56 96 72
56 96 88
57 96 40
57 96 56
57 96 72
57 96 88
57 96 104
57 97 40
57 97 56
57 97 72
57 97 88
57 97 104
57 98 40
57 98 56
57 98 72
57 98 88
57 98 104
57 98 120
58 98 40
58 98 56
58 98 72
58 98 88
58 98 104
58 98 120
59 98 40
59 98 56
59 98 72
59 98 88
59 98 104
59 98 120
59 99 40
59 99 56
59 99 72
59 99 88
59 99 104
59 99 120
59 99 136
59 100 40
59 100 56
59 100 72
59 100 88
59 100 104
59 100 120
59 100 136
60 100 40
60 100 56
60 100 72
60 100 88
60 100 104
60 100 120
61 100 40
61 100 56
61 100 72
61 100 88
61 100 104
61 100 120
61 101 40
61 101 56
61 101 72
61 101 88
61 101 104
61 101 120
61 102 40
61 102 56
61 102 72
61 102 88
61 102 104
61 102 120
62 102 40
62 102 56
62 102 72
62 102 88
62 102 104
62 103 40
62 103 56
62 103 72
62 103 88
62 103 104
63 103 40
63 103 56
63 103 72
63 103 88
63 104 40
63 104 56
63 104 72
63 104 88
64 104 40
64 104 56
64 104 72
64 105 40
64 105 56
64 105 72
65 105 40
65 105 56
65 105 72
66 105 40
66 105 56
66 105 72
66 106 40
66 106 56
67 106 40
67 106 56
67 107 40
67 107 56
68 107 40
68 107 56
69 107 40
69 107 56
70 107 40
71 107 40
72 107 40
72 106 40
73 106 40
74 106 40
74 105 40
75 105 40
76 105 40
76 104 40
77 104 40
77 103 40
77 102 40
77 101 40
