9 9 100
9 29 100
9 49 100
9 69 100
9 89 100
9 109 100
9 129 100
9 149 100
9 169 100
9 189 100
29 9 100
29 29 100
29 49 100
29 69 100
29 89 100
29 109 100
29 129 100
29 149 100
29 169 100
29 189 100
49 9 100
49 29 100
49 49 100
49 69 100
49 89 100
49 109 100
49 129 100
49 149 100
49 169 100
49 189 100
69 9 100
69 29 100
69 49 100
69 69 100
69 89 100
69 109 100
69 129 100
69 149 100
69 169 100
69 189 100
89 9 100
89 29 100
89 49 100
89 69 100
89 89 100
89 109 100
89 129 100
89 149 100
89 169 100
89 189 100
109 9 100
109 29 100
109 49 100
109 69 100
109 89 100
109 109 100
109 129 100
109 149 100
109 169 100
109 189 100
129 9 100
129 29 100
129 49 100
129 69 100
129 89 100
129 109 100
129 129 100
129 149 100
129 169 100
129 189 100
149 9 100
149 29 100
149 49 100
149 69 100
149 89 100
149 109 100
149 129 100
149 149 100
149 169 100
149 189 100
169 9 100
169 29 100
169 49 100
169 69 100
169 89 100
169 109 100
169 129 100
169 149 100
169 169 100
169 189 100
189 9 100
189 29 100
189 49 100
189 69 100
189 89 100
189 109 100
189 129 100
189 149 100
189 169 100
189 189 100
9 9 100
9 49 100
9 69 100
9 89 100
9 109 100
9 169 100
9 189 100
29 49 100
29 69 100
29 109 100
29 129 100
29 169 100
49 9 100
49 49 100
49 69 100
49 89 100
49 109 100
49 169 100
49 189 100
69 29 100
69 49 100
69 69 100
69 89 100
69 109 100
69 129 100
69 149 100
89 9 100
89 29 100
89 109 100
89 149 100
89 189 100
109 9 100
109 29 100
109 49 100
109 89 100
109 129 100
109 149 100
109 169 100
129 29 100
129 49 100
129 89 100
129 109 100
129 129 100
129 149 100
129 169 100
129 189 100
149 29 100
149 49 100
149 69 100
149 109 100
149 149 100
149 169 100
149 189 100
169 9 100
169 29 100
169 49 100
169 89 100
169 109 100
169 149 100
169 169 100
189 9 100
189 49 100
189 89 100
189 109 100
189 169 100
189 189 100
1 45 40
169 187 40
104 118 40
199 12 40
104 117 40
104 116 40
104 115 40
105 115 40
105 114 40
105 113 40
106 113 40
106 112 40
107 112 40
107 111 40
108 111 40
108 110 40
108 109 40
108 108 40
108 107 40
108 106 40
108 105 40
108 104 40
108 104 41
108 103 40
108 103 41
108 102 40
108 102 41
108 101 40
108 101 41
108 100 40
108 100 41
108 99 40
108 99 41
108 98 40
108 98 41
108 97 40
108 97 41
108 96 40
108 96 41
108 95 40
108 95 41
108 94 40
108 94 41
108 93 40
108 93 41
108 93 42
108 92 40
108 92 41
108 92 42
108 91 40
108 91 41
108 91 42
108 90 40
108 90 41
108 90 42
107 90 40
107 90 41
106 90 40
105 90 40
104 90 40
103 90 40
102 90 40
101 90 40
100 90 40
99 90 40
98 90 40
97 90 40
96 90 40
95 90 40
94 90 40
93 90 40
92 90 40
91 90 40
90 90 40
90 89 40
89 88 40
89 87 40
89 86 40
89 85 40
89 84 40
89 83 40
89 82 40
89 81 40
89 80 40
89 79 40
89 78 40
89 77 40
89 76 40
89 75 40
89 74 40
89 73 40
89 72 40
89 71 40
89 70 40
88 70 40
87 70 40
86 70 40
85 70 40
84 70 40
83 70 40
82 70 40
81 70 40
80 70 40
79 70 40
78 70 40
77 70 40
76 70 40
75 70 40
74 70 40
73 70 40
73 70 41
72 70 40
72 70 41
71 70 40
71 70 41
71 70 42
70 70 40
70 70 41
70 70 42
69 70 40
69 70 41
69 70 42
68 70 40
68 70 41
68 70 42
68 70 43
68 71 40
68 71 41
68 71 42
67 71 40
67 71 41
67 71 42
67 72 40
67 72 41
67 72 42
66 72 40
66 72 41
66 72 42
65 72 40
65 72 41
65 72 42
65 72 43
65 73 40
65 73 41
65 73 42
65 73 43
65 74 40
65 74 41
65 74 42
65 74 43
64 74 40
64 74 41
64 74 42
64 74 43
64 74 44
64 74 45
64 75 40
64 75 41
64 75 42
64 75 43
64 75 44
64 75 45
64 75 46
63 75 40
63 75 41
63 75 42
63 75 43
63 75 44
63 75 45
63 75 46
63 75 47
63 75 48
63 76 40
63 76 41
63 76 42
63 76 43
63 76 44
63 76 45
63 76 46
63 76 47
63 76 48
62 76 40
62 76 41
62 76 42
62 76 43
62 76 44
62 76 45
62 76 46
62 76 47
62 76 48
62 76 49
62 76 50
62 76 51
61 76 40
61 76 41
61 76 42
61 76 43
61 76 44
61 76 45
61 76 46
61 76 47
61 76 48
61 76 49
61 76 50
61 76 51
61 76 52
61 76 53
61 76 54
61 77 40
61 77 41
61 77 42
61 77 43
61 77 44
61 77 45
61 77 46
61 77 47
61 77 48
61 77 49
61 77 50
61 77 51
61 77 52
61 78 40
61 78 41
61 78 42
61 78 43
61 78 44
61 78 45
61 78 46
61 78 47
61 78 48
61 78 49
61 78 50
61 78 51
60 78 40
60 78 41
60 78 42
60 78 43
60 78 44
60 78 45
60 78 46
60 78 47
60 78 48
60 78 49
60 78 50
60 78 51
60 79 40
60 79 41
60 79 42
60 79 43
60 79 44
60 79 45
60 79 46
60 79 47
60 79 48
60 79 49
59 79 40
59 79 41
59 79 42
59 79 43
59 79 44
59 79 45
59 79 46
59 79 47
59 79 48
58 79 40
58 79 41
58 79 42
58 79 43
58 79 44
58 79 45
58 79 46
58 80 40
58 80 41
58 80 42
58 80 43
58 80 44
58 81 40
58 81 41
58 81 42
57 81 40
57 81 41
57 81 42
57 82 40
57 82 41
56 82 40
56 82 41
55 82 40
55 83 40
55 84 40
54 84 40
53 84 40
53 85 40
53 86 40
52 86 40
52 86 41
51 86 40
51 86 41
51 87 40
51 87 41
50 87 40
50 87 41
50 87 42
50 88 40
50 88 41
50 88 42
49 88 40
49 88 41
49 88 42
48 88 40
48 88 41
48 88 42
48 88 43
47 88 40
47 88 41
47 88 42
47 88 43
46 88 40
46 88 41
46 88 42
46 88 43
45 88 40
45 88 41
45 88 42
45 88 43
44 88 40
44 88 41
44 88 42
44 88 43
43 88 40
43 88 41
43 88 42
43 88 43
43 88 44
42 88 40
42 88 41
42 88 42
42 88 43
42 88 44
41 88 40
41 88 41
41 88 42
41 88 43
41 88 44
41 88 45
40 88 40
40 88 41
40 88 42
40 88 43
40 88 44
40 88 45
39 88 40
39 88 41
39 88 42
39 88 43
39 88 44
39 88 45
39 88 46
39 88 47
38 88 40
38 88 41
38 88 42
38 88 43
38 88 44
38 88 45
38 88 46
38 88 47
38 88 48
37 88 40
37 88 41
37 88 42
37 88 43
37 88 44
37 88 45
37 88 46
37 88 47
37 88 48
37 88 49
36 88 40
36 88 41
36 88 42
36 88 43
36 88 44
36 88 45
36 88 46
36 88 47
36 88 48
36 88 49
35 88 40
35 88 41
35 88 42
35 88 43
35 88 44
35 88 45
35 88 46
35 88 47
35 88 48
35 88 49
34 88 40
34 88 41
34 88 42
34 88 43
34 88 44
34 88 45
34 88 46
34 88 47
34 88 48
33 88 40
33 88 41
33 88 42
33 88 43
33 88 44
33 88 45
33 88 46
32 88 40
32 88 41
32 88 42
32 88 43
32 88 44
32 88 45
31 88 40
31 88 41
31 88 42
31 88 43
30 88 40
30 88 41
30 88 42
29 88 40
29 88 41
28 88 40
28 88 41
28 87 40
28 87 41
27 87 40
27 87 41
27 86 40
27 86 41
26 86 40
26 86 41
26 85 40
26 85 41
25 85 40
25 85 41
25 84 40
25 84 41
24 84 40
24 84 41
24 83 40
23 83 40
22 83 40
22 83 41
22 82 40
22 81 40
21 81 40
20 81 40
20 80 40
20 79 40
19 79 40
18 79 40
18 78 40
17 78 40
17 77 40
16 77 40
16 76 40
15 76 40
15 75 40
14 75 40
14 74 40
13 74 40
13 73 40
13 73 41
12 73 40
12 73 41
12 72 40
12 72 41
11 72 40
11 72 41
11 71 40
11 71 41
11 71 42
10 71 40
10 71 41
10 71 42
10 70 40
10 70 41
10 70 42
10 70 43
9 70 40
9 70 41
9 70 42
8 69 40
8 69 41
8 69 42
7 69 40
7 69 41
7 69 42
6 69 40
6 69 41
6 69 42
6 68 40
6 68 41
6 68 42
6 67 40
6 67 41
6 66 40
6 66 41
6 65 40
6 65 41
6 64 40
6 64 41
6 63 40
6 63 41
6 62 40
6 62 41
6 61 40
6 61 41
6 60 40
6 60 41
6 59 40
6 59 41
6 59 42
6 58 40
6 58 41
6 58 42
6 57 40
6 57 41
6 57 42
6 57 43
6 56 40
6 56 41
6 56 42
6 56 43
6 55 40
6 55 41
6 55 42
6 55 43
6 54 40
6 54 41
6 54 42
6 54 43
6 53 40
6 53 41
6 53 42
6 53 43
6 52 40
6 52 41
6 52 42
6 51 40
6 51 41
6 51 42
6 50 40
6 50 41
6 49 40
6 49 41
5 49 40
4 49 40
3 49 40
2 49 40
1 49 40
1 48 40
1 47 40
1 46 40
169 188 40
168 188 40
167 188 40
166 188 40
165 188 40
164 188 40
163 188 40
162 188 40
161 188 40
160 188 40
159 188 40
158 188 40
157 188 40
156 188 40
155 188 40
154 188 40
153 188 40
153 188 41
152 188 40
152 188 41
151 188 40
151 188 41
150 188 40
150 188 41
150 188 42
149 188 40
149 188 41
149 188 42
149 187 40
149 187 41
149 187 42
149 186 40
149 186 41
149 186 42
149 186 43
149 185 40
149 185 41
149 185 42
149 185 43
149 185 44
149 184 40
149 184 41
149 184 42
149 184 43
149 184 44
149 184 45
149 184 46
149 183 40
149 183 41
149 183 42
149 183 43
149 183 44
149 183 45
149 183 46
149 183 47
149 183 48
149 182 40
149 182 41
149 182 42
149 182 43
149 182 44
149 182 45
149 182 46
149 182 47
149 182 48
149 182 49
149 182 50
149 181 40
149 181 41
149 181 42
149 181 43
149 181 44
149 181 45
149 181 46
149 181 47
149 181 48
149 181 49
149 181 50
149 181 51
149 180 40
149 180 41
149 180 42
149 180 43
149 180 44
149 180 45
149 180 46
149 180 47
149 180 48
149 180 49
149 180 50
149 180 51
149 179 40
149 179 41
149 179 42
149 179 43
149 179 44
149 179 45
149 179 46
149 179 47
149 179 48
149 179 49
149 179 50
149 179 51
149 179 52
149 178 40
149 178 41
149 178 42
149 178 43
149 178 44
149 178 45
149 178 46
149 178 47
149 178 48
149 178 49
149 178 50
149 178 51
149 177 40
149 177 41
149 177 42
149 177 43
149 177 44
149 177 45
149 177 46
149 177 47
149 177 48
149 177 49
149 177 50
149 177 51
149 176 40
149 176 41
149 176 42
149 176 43
149 176 44
149 176 45
149 176 46
149 176 47
149 176 48
149 176 49
149 176 50
149 176 51
149 175 40
149 175 41
149 175 42
149 175 43
149 175 44
149 175 45
149 175 46
149 175 47
149 175 48
149 175 49
149 175 50
149 174 40
149 174 41
149 174 42
149 174 43
149 174 44
149 174 45
149 174 46
149 174 47
149 174 48
149 174 49
149 174 50
149 173 40
149 173 41
149 173 42
149 173 43
149 173 44
149 173 45
149 173 46
149 173 47
149 173 48
149 173 49
149 173 50
149 172 40
149 172 41
149 172 42
149 172 43
149 172 44
149 172 45
149 172 46
149 172 47
149 172 48
149 172 49
149 171 40
149 171 41
149 171 42
149 171 43
149 171 44
149 171 45
149 171 46
149 171 47
149 171 48
149 171 49
149 170 40
149 170 41
149 170 42
149 170 43
149 170 44
149 170 45
149 170 46
149 170 47
149 170 48
149 169 40
149 169 41
149 169 42
149 168 40
149 168 41
149 168 42
149 168 43
149 168 44
149 168 45
149 167 40
149 167 41
149 167 42
149 167 43
149 166 40
149 166 41
149 166 42
149 165 40
149 165 41
149 164 40
149 164 41
149 163 40
149 162 40
149 161 40
149 160 40
149 159 40
149 158 40
149 158 41
149 157 40
149 157 41
149 156 40
149 156 41
149 156 42
149 155 40
149 155 41
149 155 42
149 154 40
149 154 41
149 154 42
149 154 43
149 153 40
149 153 41
149 153 42
149 153 43
149 153 44
149 152 40
149 152 41
149 152 42
149 152 43
149 152 44
149 151 40
149 151 41
149 151 42
149 151 43
149 151 44
149 150 40
149 150 41
149 150 42
149 150 43
149 150 44
148 149 40
148 149 41
148 149 42
148 149 43
148 149 44
148 149 45
147 149 40
147 149 41
147 149 42
147 149 43
147 149 44
147 149 45
147 149 46
147 149 47
146 149 40
146 149 41
146 149 42
146 149 43
146 149 44
146 149 45
146 149 46
146 149 47
146 149 48
146 149 49
145 149 40
145 149 41
145 149 42
145 149 43
145 149 44
145 149 45
145 149 46
145 149 47
145 149 48
145 149 49
145 149 50
145 149 51
144 149 40
144 149 41
144 149 42
144 149 43
144 149 44
144 149 45
144 149 46
144 149 47
144 149 48
144 149 49
144 149 50
144 149 51
144 149 52
144 149 53
143 149 40
143 149 41
143 149 42
143 149 43
143 149 44
143 149 45
143 149 46
143 149 47
143 149 48
143 149 49
143 149 50
143 149 51
143 149 52
143 149 53
143 149 54
142 149 40
142 149 41
142 149 42
142 149 43
142 149 44
142 149 45
142 149 46
142 149 47
142 149 48
142 149 49
142 149 50
142 149 51
142 149 52
142 149 53
142 149 54
142 149 55
141 149 40
141 149 41
141 149 42
141 149 43
141 149 44
141 149 45
141 149 46
141 149 47
141 149 48
141 149 49
141 149 50
141 149 51
141 149 52
141 149 53
141 149 54
140 149 40
140 149 41
140 149 42
140 149 43
140 149 44
140 149 45
140 149 46
140 149 47
140 149 48
140 149 49
140 149 50
140 149 51
140 149 52
139 149 40
139 149 41
139 149 42
139 149 43
139 149 44
139 149 45
139 149 46
139 149 47
139 149 48
139 149 49
139 149 50
138 149 40
138 149 41
138 149 42
138 149 43
138 149 44
138 149 45
138 149 46
138 149 47
138 149 48
137 149 40
137 149 41
137 149 42
137 149 43
137 149 44
137 149 45
137 149 46
137 149 47
136 149 40
136 149 41
136 149 42
136 149 43
136 149 44
136 149 45
135 149 40
135 149 41
135 149 42
135 149 43
135 149 44
135 149 45
134 149 40
134 149 41
134 149 42
134 149 43
134 149 44
134 149 45
133 149 40
133 149 41
133 149 42
133 149 43
133 149 44
133 149 45
132 149 40
132 149 41
132 149 42
132 149 43
132 149 44
131 149 40
131 149 41
131 149 42
131 149 43
131 149 44
130 149 40
130 149 41
130 149 42
130 149 43
130 149 44
129 148 40
129 148 41
129 148 42
129 148 43
129 148 44
128 148 40
128 148 41
128 148 42
128 148 43
128 147 40
128 147 41
128 147 42
128 147 43
127 147 40
127 147 41
127 147 42
127 146 40
127 146 41
127 146 42
126 146 40
126 146 41
126 146 42
125 146 40
125 146 41
125 145 40
125 145 41
125 144 40
125 144 41
124 144 40
124 144 41
124 143 40
124 143 41
123 143 40
123 143 41
122 143 40
122 142 40
122 142 41
121 142 40
121 142 41
121 141 40
121 141 41
120 141 40
120 141 41
120 140 40
120 140 41
120 140 42
120 139 40
120 139 41
120 139 42
120 139 43
119 139 40
119 139 41
119 139 42
119 139 43
119 138 40
119 138 41
119 138 42
119 138 43
119 138 44
118 138 40
118 138 41
118 138 42
118 138 43
118 138 44
118 137 40
118 137 41
118 137 42
118 137 43
118 137 44
118 137 45
118 137 46
118 137 47
117 137 40
117 137 41
117 137 42
117 137 43
117 137 44
117 137 45
117 137 46
116 137 40
116 137 41
116 137 42
116 137 43
116 137 44
116 136 40
116 136 41
116 136 42
116 136 43
116 136 44
116 136 45
116 136 46
116 136 47
115 136 40
115 136 41
115 136 42
115 136 43
115 136 44
115 136 45
115 135 40
115 135 41
115 135 42
115 135 43
115 135 44
115 135 45
115 135 46
115 135 47
114 135 40
114 135 41
114 135 42
114 135 43
114 135 44
114 134 40
114 134 41
114 134 42
114 134 43
114 134 44
114 134 45
114 134 46
113 134 40
113 134 41
113 134 42
113 134 43
113 134 44
113 133 40
113 133 41
113 133 42
113 133 43
113 133 44
113 133 45
113 132 40
113 132 41
113 132 42
113 132 43
113 132 44
113 132 45
113 132 46
112 132 40
112 132 41
112 132 42
112 132 43
112 132 44
112 132 45
112 131 40
112 131 41
112 131 42
112 131 43
112 131 44
112 131 45
112 131 46
111 131 40
111 131 41
111 131 42
111 131 43
111 131 44
110 131 40
110 131 41
110 131 42
110 131 43
110 130 40
110 130 41
110 130 42
110 130 43
110 130 44
109 130 40
109 130 41
109 130 42
109 130 43
108 129 40
108 129 41
108 129 42
108 129 43
108 128 40
108 128 41
108 128 42
108 128 43
108 128 44
107 128 40
107 128 41
107 128 42
107 128 43
107 127 40
107 127 41
107 127 42
107 127 43
106 127 40
106 127 41
106 127 42
106 126 40
106 126 41
106 126 42
106 125 40
106 125 41
105 125 40
105 125 41
105 124 40
105 123 40
105 122 40
105 121 40
105 120 40
105 119 40
105 118 40
199 13 40
199 14 40
199 15 40
199 16 40
199 17 40
199 18 40
199 19 40
199 20 40
199 21 40
199 22 40
199 23 40
199 24 40
198 24 40
197 24 40
196 24 40
195 24 40
194 24 40
194 25 40
193 25 40
193 26 40
192 26 40
192 27 40
191 27 40
191 28 40
190 28 40
190 29 40
189 30 40
189 30 41
189 31 40
189 31 41
189 31 42
189 32 40
189 32 41
189 32 42
189 32 43
189 33 40
189 33 41
189 33 42
189 33 43
189 33 44
189 33 45
189 33 46
189 34 40
189 34 41
189 34 42
189 34 43
189 34 44
189 34 45
189 34 46
189 34 47
189 34 48
189 34 49
189 34 50
189 35 40
189 35 41
189 35 42
189 35 43
189 35 44
189 35 45
189 35 46
189 35 47
189 35 48
189 35 49
189 35 50
189 35 51
189 35 52
189 35 53
189 35 54
189 35 55
189 36 40
189 36 41
189 36 42
189 36 43
189 36 44
189 36 45
189 36 46
189 36 47
189 36 48
189 36 49
189 36 50
189 36 51
189 36 52
189 36 53
189 36 54
189 36 55
189 36 56
189 36 57
189 36 58
189 36 59
189 36 60
189 36 61
189 37 40
189 37 41
189 37 42
189 37 43
189 37 44
189 37 45
189 37 46
189 37 47
189 37 48
189 37 49
189 37 50
189 37 51
189 37 52
189 37 53
189 37 54
189 37 55
189 37 56
189 37 57
189 37 58
189 37 59
189 37 60
189 37 61
189 37 62
189 37 63
189 37 64
189 37 65
189 38 40
189 38 41
189 38 42
189 38 43
189 38 44
189 38 45
189 38 46
189 38 47
189 38 48
189 38 49
189 38 50
189 38 51
189 38 52
189 38 53
189 38 54
189 38 55
189 38 56
189 38 57
189 38 58
189 38 59
189 38 60
189 38 61
189 38 62
189 38 63
189 38 64
189 38 65
189 38 66
189 38 67
189 38 68
189 38 69
189 39 40
189 39 41
189 39 42
189 39 43
189 39 44
189 39 45
189 39 46
189 39 47
189 39 48
189 39 49
189 39 50
189 39 51
189 39 52
189 39 53
189 39 54
189 39 55
189 39 56
189 39 57
189 39 58
189 39 59
189 39 60
189 39 61
189 39 62
189 39 63
189 39 64
189 39 65
189 39 66
189 39 67
189 39 68
189 39 69
189 39 70
189 39 71
189 39 72
189 39 73
189 40 40
189 40 41
189 40 42
189 40 43
189 40 44
189 40 45
189 40 46
189 40 47
189 40 48
189 40 49
189 40 50
189 40 51
189 40 52
189 40 53
189 40 54
189 40 55
189 40 56
189 40 57
189 40 58
189 40 59
189 40 60
189 40 61
189 40 62
189 40 63
189 40 64
189 40 65
189 40 66
189 40 67
189 40 68
189 40 69
189 40 70
189 40 71
189 40 72
189 40 73
189 40 74
189 40 75
189 40 76
189 41 40
189 41 41
189 41 42
189 41 43
189 41 44
189 41 45
189 41 46
189 41 47
189 41 48
189 41 49
189 41 50
189 41 51
189 41 52
189 41 53
189 41 54
189 41 55
189 41 56
189 41 57
189 41 58
189 41 59
189 41 60
189 41 61
189 41 62
189 41 63
189 41 64
189 41 65
189 41 66
189 41 67
189 41 68
189 41 69
189 41 70
189 41 71
189 41 72
189 41 73
189 41 74
189 41 75
189 41 76
189 41 77
189 41 78
189 41 79
189 42 40
189 42 41
189 42 42
189 42 43
189 42 44
189 42 45
189 42 46
189 42 47
189 42 48
189 42 49
189 42 50
189 42 51
189 42 52
189 42 53
189 42 54
189 42 55
189 42 56
189 42 57
189 42 58
189 42 59
189 42 60
189 42 61
189 42 62
189 42 63
189 42 64
189 42 65
189 42 66
189 42 67
189 42 68
189 42 69
189 42 70
189 42 71
189 42 72
189 42 73
189 42 74
189 42 75
189 42 76
189 42 77
189 42 78
189 42 79
189 42 80
189 43 40
189 43 41
189 43 42
189 43 43
189 43 44
189 43 45
189 43 46
189 43 47
189 43 48
189 43 49
189 43 50
189 43 51
189 43 52
189 43 53
189 43 54
189 43 55
189 43 56
189 43 57
189 43 58
189 43 59
189 43 60
189 43 61
189 43 62
189 43 63
189 43 64
189 43 65
189 43 66
189 43 67
189 43 68
189 43 69
189 43 70
189 43 71
189 43 72
189 43 73
189 43 74
189 43 75
189 43 76
189 43 77
189 43 78
189 43 79
189 43 80
189 43 81
189 44 40
189 44 41
189 44 42
189 44 43
189 44 44
189 44 45
189 44 46
189 44 47
189 44 48
189 44 49
189 44 50
189 44 51
189 44 52
189 44 53
189 44 54
189 44 55
189 44 56
189 44 57
189 44 58
189 44 59
189 44 60
189 44 61
189 44 62
189 44 63
189 44 64
189 44 65
189 44 66
189 44 67
189 44 68
189 44 69
189 44 70
189 44 71
189 44 72
189 44 73
189 44 74
189 44 75
189 44 76
189 44 77
189 44 78
189 44 79
189 45 40
189 45 41
189 45 42
189 45 43
189 45 44
189 45 45
189 45 46
189 45 47
189 45 48
189 45 49
189 45 50
189 45 51
189 45 52
189 45 53
189 45 54
189 45 55
189 45 56
189 45 57
189 45 58
189 45 59
189 45 60
189 45 61
189 45 62
189 45 63
189 45 64
189 45 65
189 45 66
189 45 67
189 45 68
189 45 69
189 45 70
189 45 71
189 45 72
189 45 73
189 45 74
189 45 75
189 45 76
189 45 77
189 46 40
189 46 41
189 46 42
189 46 43
189 46 44
189 46 45
189 46 46
189 46 47
189 46 48
189 46 49
189 46 50
189 46 51
189 46 52
189 46 53
189 46 54
189 46 55
189 46 56
189 46 57
189 46 58
189 46 59
189 46 60
189 46 61
189 46 62
189 46 63
189 46 64
189 46 65
189 46 66
189 46 67
189 46 68
189 46 69
189 46 70
189 46 71
189 46 72
189 46 73
189 46 74
189 47 40
189 47 41
189 47 42
189 47 43
189 47 44
189 47 45
189 47 46
189 47 47
189 47 48
189 47 49
189 47 50
189 47 51
189 47 52
189 47 53
189 47 54
189 47 55
189 47 56
189 47 57
189 47 58
189 47 59
189 47 60
189 47 61
189 47 62
189 47 63
189 47 64
189 47 65
189 47 66
189 47 67
189 47 68
189 47 69
189 48 40
189 48 41
189 48 42
189 48 43
189 48 44
189 48 45
189 48 46
189 48 47
189 48 48
189 48 49
189 48 50
189 48 51
189 48 52
189 48 53
189 48 54
189 48 55
189 48 56
189 48 57
189 48 58
189 48 59
189 48 60
189 48 61
189 48 62
189 48 63
189 49 40
189 49 41
189 49 42
189 49 43
189 49 44
189 49 45
189 49 46
189 49 47
189 49 48
189 49 49
189 49 50
189 49 51
189 49 52
189 49 53
189 49 54
189 50 40
189 50 41
189 50 42
189 50 43
189 50 44
189 50 45
189 50 46
189 50 47
189 50 48
189 50 49
189 50 50
189 50 51
189 50 52
189 50 53
189 51 40
189 51 41
189 51 42
189 51 43
189 51 44
189 51 45
189 51 46
189 51 47
189 51 48
189 51 49
189 51 50
189 52 40
189 52 41
189 52 42
189 52 43
189 52 44
189 52 45
189 52 46
189 52 47
189 52 48
189 53 40
189 53 41
189 53 42
189 53 43
189 53 44
189 53 45
189 53 46
189 53 47
189 54 40
189 54 41
189 54 42
189 54 43
189 54 44
189 54 45
189 54 46
189 54 47
189 55 40
189 55 41
189 55 42
189 55 43
189 55 44
189 55 45
189 55 46
189 56 40
189 56 41
189 56 42
189 56 43
189 56 44
189 56 45
189 57 40
189 57 41
189 57 42
189 57 43
189 57 44
189 58 40
189 58 41
189 58 42
189 58 43
189 58 44
189 59 40
189 59 41
189 59 42
189 59 43
189 60 40
189 60 41
189 60 42
189 61 40
189 61 41
189 62 40
189 62 41
189 63 40
189 64 40
189 65 40
189 66 40
189 67 40
189 68 40
188 69 40
187 69 40
186 69 40
185 69 40
184 69 40
183 69 40
182 69 40
181 69 40
180 69 40
179 69 40
178 69 40
177 69 40
176 69 40
175 69 40
174 69 40
173 69 40
172 69 40
171 69 40
170 69 40
169 70 40
168 70 40
168 71 40
168 72 40
168 73 40
168 74 40
168 75 40
168 76 40
168 77 40
168 77 41
168 78 40
168 78 41
168 79 40
168 79 41
168 80 40
168 80 41
168 81 40
168 81 41
168 81 42
168 82 40
168 82 41
168 82 42
168 83 40
168 83 41
168 83 42
168 84 40
168 84 41
168 84 42
168 84 43
168 85 40
168 85 41
168 85 42
168 85 43
168 86 40
168 86 41
168 86 42
168 86 43
168 87 40
168 87 41
168 87 42
168 87 43
168 88 40
168 88 41
168 88 42
168 88 43
167 88 40
167 88 41
167 88 42
167 88 43
166 88 40
166 88 41
166 88 42
166 88 43
165 88 40
165 88 41
165 88 42
165 88 43
165 88 44
164 88 40
164 88 41
164 88 42
164 88 43
164 88 44
163 88 40
163 88 41
163 88 42
163 88 43
163 88 44
163 88 45
162 88 40
162 88 41
162 88 42
162 88 43
162 88 44
162 88 45
162 88 46
162 88 47
161 88 40
161 88 41
161 88 42
161 88 43
161 88 44
161 88 45
161 88 46
161 88 47
161 88 48
160 88 40
160 88 41
160 88 42
160 88 43
160 88 44
160 88 45
160 88 46
160 88 47
160 88 48
160 88 49
159 88 40
159 88 41
159 88 42
159 88 43
159 88 44
159 88 45
159 88 46
159 88 47
159 88 48
159 88 49
159 88 50
158 88 40
158 88 41
158 88 42
158 88 43
158 88 44
158 88 45
158 88 46
158 88 47
158 88 48
158 88 49
157 88 40
157 88 41
157 88 42
157 88 43
157 88 44
157 88 45
157 88 46
157 88 47
157 88 48
156 88 40
156 88 41
156 88 42
156 88 43
156 88 44
156 88 45
156 88 46
155 88 40
155 88 41
155 88 42
155 88 43
155 88 44
155 88 45
154 88 40
154 88 41
154 88 42
154 88 43
154 88 44
153 88 40
153 88 41
153 88 42
153 88 43
153 88 44
152 88 40
152 88 41
152 88 42
152 88 43
151 88 40
151 88 41
151 88 42
151 88 43
150 88 40
150 88 41
150 88 42
150 88 43
149 88 40
149 88 41
149 88 42
148 88 40
148 88 41
148 88 42
148 87 40
148 87 41
148 87 42
147 87 40
147 87 41
147 86 40
147 86 41
147 86 42
146 86 40
146 86 41
146 85 40
146 85 41
145 85 40
145 85 41
145 84 40
145 84 41
144 84 40
143 84 40
143 83 40
142 83 40
142 82 40
142 82 41
142 81 40
142 81 41
141 81 40
141 81 41
141 80 40
141 80 41
140 80 40
140 80 41
140 79 40
140 79 41
139 79 40
139 79 41
138 79 40
138 79 41
138 78 40
138 78 41
137 78 40
137 78 41
137 77 40
137 77 41
136 77 40
136 77 41
136 76 40
136 76 41
136 76 42
135 76 40
135 76 41
135 76 42
135 75 40
135 75 41
135 75 42
134 75 40
134 75 41
134 75 42
134 74 40
134 74 41
134 74 42
133 74 40
133 74 41
133 74 42
133 73 40
133 73 41
133 73 42
132 73 40
132 73 41
132 73 42
132 72 40
132 72 41
132 72 42
131 72 40
131 72 41
131 72 42
131 71 40
131 71 41
130 71 40
130 71 41
130 70 40
130 70 41
129 70 40
129 70 41
128 69 40
128 69 41
127 69 40
127 69 41
126 69 40
126 69 41
125 69 40
125 69 41
124 69 40
124 69 41
123 69 40
122 69 40
121 69 40
120 69 40
119 69 40
118 69 40
117 69 40
116 69 40
115 69 40
114 69 40
113 69 40
112 69 40
111 69 40
110 69 40
108 69 40
107 69 40
106 69 40
105 69 40
104 69 40
103 69 40
102 69 40
101 69 40
100 69 40
99 69 40
98 69 40
97 69 40
96 69 40
95 69 40
94 69 40
93 69 40
92 69 40
91 69 40
90 69 40
