9 9 100
9 29 100
9 49 100
9 69 100
9 89 100
9 109 100
9 129 100
9 149 100
9 169 100
9 189 100
29 9 100
29 29 100
29 49 100
29 69 100
29 89 100
29 109 100
29 129 100
29 149 100
29 169 100
29 189 100
49 9 100
49 29 100
49 49 100
49 69 100
49 89 100
49 109 100
49 129 100
49 149 100
49 169 100
49 189 100
69 9 100
69 29 100
69 49 100
69 69 100
69 89 100
69 109 100
69 129 100
69 149 100
69 169 100
69 189 100
89 9 100
89 29 100
89 49 100
89 69 100
89 89 100
89 109 100
89 129 100
89 149 100
89 169 100
89 189 100
109 9 100
109 29 100
109 49 100
109 69 100
109 89 100
109 109 100
109 129 100
109 149 100
109 169 100
109 189 100
129 9 100
129 29 100
129 49 100
129 69 100
129 89 100
129 109 100
129 129 100
129 149 100
129 169 100
129 189 100
149 9 100
149 29 100
149 49 100
149 69 100
149 89 100
149 109 100
149 129 100
149 149 100
149 169 100
149 189 100
169 9 100
169 29 100
169 49 100
169 69 100
169 89 100
169 109 100
169 129 100
169 149 100
169 169 100
169 189 100
189 9 100
189 29 100
189 49 100
189 69 100
189 89 100
189 109 100
189 129 100
189 149 100
189 169 100
189 189 100
9 9 100
9 49 100
9 69 100
9 89 100
9 109 100
9 149 100
9 169 100
29 9 100
29 49 100
29 69 100
29 89 100
29 149 100
29 169 100
29 189 100
49 9 100
49 49 100
49 89 100
49 109 100
49 129 100
49 169 100
69 89 100
69 109 100
69 129 100
69 149 100
69 169 100
89 9 100
89 29 100
89 149 100
89 169 100
109 9 100
109 49 100
109 69 100
109 109 100
109 129 100
109 169 100
109 189 100
129 49 100
129 109 100
129 129 100
149 9 100
149 49 100
149 69 100
149 89 100
149 149 100
149 169 100
169 29 100
169 49 100
169 69 100
169 89 100
169 189 100
189 9 100
189 29 100
189 89 100
189 109 100
189 129 100
189 189 100
31 110 40
15 74 40
58 67 40
135 82 40
169 165 40
81 45 40
165 114 40
136 31 40
55 198 40
57 67 40
56 67 40
55 67 40
54 67 40
53 67 40
52 67 40
51 67 40
51 68 40
50 68 40
50 69 40
48 69 40
48 69 44
48 69 48
48 70 40
48 70 44
48 70 48
47 70 40
47 70 44
47 70 48
47 70 52
46 70 40
46 70 44
46 70 48
46 70 52
46 70 56
45 70 40
45 70 44
45 70 48
45 70 52
45 70 56
45 70 60
44 70 40
44 70 44
44 70 48
44 70 52
44 70 56
44 70 60
43 70 40
43 70 44
43 70 48
43 70 52
43 70 56
43 70 60
42 70 40
42 70 44
42 70 48
42 70 52
42 70 56
42 70 60
41 70 40
41 70 44
41 70 48
41 70 52
41 70 56
41 70 60
40 70 40
40 70 44
40 70 48
40 70 52
40 70 56
40 70 60
39 70 40
39 70 44
39 70 48
39 70 52
39 70 56
38 70 40
38 70 44
38 70 48
38 70 52
38 70 56
37 70 40
37 70 44
37 70 48
37 70 52
36 70 40
36 70 44
36 70 48
35 70 40
35 70 44
35 70 48
34 70 40
34 70 44
34 70 48
33 70 40
33 70 44
33 70 48
32 70 40
32 70 44
32 70 48
31 70 40
31 70 44
31 70 48
30 70 40
30 70 44
30 70 48
30 71 40
30 71 44
30 71 48
30 72 40
30 72 44
30 72 48
30 73 40
30 73 44
30 73 48
30 74 40
30 74 44
30 74 48
30 75 40
30 75 44
30 75 48
30 75 52
30 76 40
30 76 44
30 76 48
30 76 52
30 77 40
30 77 44
30 77 48
30 77 52
30 78 40
30 78 44
30 78 48
30 79 40
30 79 44
30 79 48
30 80 40
30 80 44
30 80 48
30 81 40
30 81 44
30 81 48
30 82 40
30 82 44
30 82 48
30 83 40
30 83 44
30 83 48
30 84 40
30 84 44
30 84 48
30 85 40
30 85 44
30 85 48
30 85 52
30 86 40
30 86 44
30 86 48
30 86 52
30 87 40
30 87 44
30 87 48
30 87 52
30 88 40
30 88 44
30 88 48
30 88 52
30 89 40
30 89 44
30 89 48
30 89 52
30 90 40
30 90 44
30 90 48
30 91 40
30 91 44
30 92 40
30 92 44
30 93 40
30 93 44
30 94 40
30 94 44
30 95 40
30 96 40
30 97 40
30 98 40
30 99 40
30 100 40
30 101 40
30 102 40
30 103 40
30 104 40
30 105 40
30 106 40
30 107 40
30 108 40
30 109 40
30 110 40
80 45 40
79 45 40
78 45 40
77 45 40
76 45 40
75 45 40
74 45 40
73 45 40
73 46 40
72 46 40
72 47 40
71 47 40
71 48 40
70 48 40
70 49 40
69 50 40
69 51 40
69 52 40
69 53 40
69 54 40
69 55 40
69 56 40
69 57 40
69 58 40
69 59 40
69 60 40
69 61 40
69 62 40
69 63 40
69 64 40
69 65 40
69 66 40
69 67 40
68 67 40
67 67 40
66 67 40
65 67 40
64 67 40
63 67 40
62 67 40
61 67 40
60 67 40
59 67 40
134 82 40
133 82 40
133 83 40
133 84 40
132 84 40
132 85 40
132 86 40
131 86 40
131 87 40
130 87 40
130 88 40
129 88 40
128 89 40
127 89 40
126 89 40
125 89 40
124 89 40
123 89 40
122 89 40
121 89 40
120 89 40
119 89 40
118 89 40
117 89 40
116 89 40
115 89 40
114 89 40
113 89 40
112 89 40
111 89 40
110 89 40
108 89 40
107 89 40
106 89 40
105 89 40
104 89 40
103 89 40
102 89 40
101 89 40
100 89 40
99 89 40
98 89 40
97 89 40
96 89 40
95 89 40
95 89 44
94 89 40
94 89 44
93 89 40
93 89 44
92 89 40
92 89 44
91 89 40
91 89 44
90 89 40
90 89 44
89 88 40
89 87 40
89 87 44
89 86 40
89 86 44
89 85 40
89 85 44
89 84 40
89 84 44
89 83 40
89 83 44
89 82 40
89 82 44
89 82 48
89 81 40
89 81 44
89 81 48
89 80 40
89 80 44
89 80 48
89 80 52
89 79 40
89 79 44
89 79 48
89 79 52
89 78 40
89 78 44
89 78 48
89 78 52
89 77 40
89 77 44
89 77 48
89 77 52
89 76 40
89 76 44
89 76 48
89 76 52
89 75 40
89 75 44
89 75 48
89 75 52
89 74 40
89 74 44
89 74 48
89 74 52
89 73 40
89 73 44
89 73 48
89 72 40
89 72 44
89 71 40
89 71 44
89 70 40
88 69 40
87 69 40
86 69 40
85 69 40
85 69 44
84 69 40
84 69 44
83 69 40
83 69 44
83 69 48
82 69 40
82 69 44
82 69 48
82 69 52
81 69 40
81 69 44
81 69 48
81 69 52
81 69 56
80 69 40
80 69 44
80 69 48
80 69 52
80 69 56
79 69 40
79 69 44
79 69 48
79 69 52
79 69 56
79 69 60
78 69 40
78 69 44
78 69 48
78 69 52
78 69 56
78 69 60
77 69 40
77 69 44
77 69 48
77 69 52
77 69 56
77 69 60
76 69 40
76 69 44
76 69 48
76 69 52
76 69 56
76 69 60
75 69 40
75 69 44
75 69 48
75 69 52
75 69 56
74 69 40
74 69 44
74 69 48
74 69 52
74 69 56
73 69 40
73 69 44
73 69 48
73 69 52
72 69 40
72 69 44
72 69 48
72 69 52
71 69 40
71 69 44
71 69 48
70 69 40
70 69 44
70 69 48
69 68 40
69 68 44
165 113 40
165 112 40
165 111 40
165 110 40
164 110 40
163 110 40
162 110 40
161 110 40
160 110 40
159 110 40
158 110 40
157 110 40
156 110 40
155 110 40
154 110 40
153 110 40
152 110 40
151 110 40
150 110 40
149 110 40
148 109 40
148 108 40
148 108 44
147 108 40
147 108 44
146 108 40
146 108 44
146 108 48
145 108 40
145 108 44
145 108 48
144 108 40
144 108 44
144 108 48
143 108 40
143 108 44
143 108 48
143 108 52
142 108 40
142 108 44
142 108 48
142 108 52
141 108 40
141 108 44
141 108 48
141 108 52
140 108 40
140 108 44
140 108 48
140 108 52
139 108 40
139 108 44
139 108 48
139 108 52
138 108 40
138 108 44
138 108 48
138 108 52
137 108 40
137 108 44
137 108 48
137 108 52
137 108 56
136 108 40
136 108 44
136 108 48
136 108 52
136 108 56
135 108 40
135 108 44
135 108 48
135 108 52
135 108 56
134 108 40
134 108 44
134 108 48
134 108 52
134 108 56
133 108 40
133 108 44
133 108 48
133 108 52
133 108 56
132 108 40
132 108 44
132 108 48
132 108 52
132 108 56
131 108 40
131 108 44
131 108 48
131 108 52
131 108 56
130 108 40
130 108 44
130 108 48
130 108 52
130 107 40
130 107 44
130 107 48
130 107 52
130 106 40
130 106 44
130 106 48
130 106 52
130 105 40
130 105 44
130 105 48
130 104 40
130 104 44
130 104 48
130 103 40
130 103 44
130 103 48
130 102 40
130 102 44
130 102 48
130 101 40
130 101 44
130 101 48
130 100 40
130 100 44
130 100 48
130 99 40
130 99 44
130 98 40
130 97 40
130 96 40
130 95 40
130 94 40
130 93 40
130 92 40
130 91 40
130 90 40
130 89 40
169 164 40
169 163 40
169 162 40
169 161 40
169 160 40
169 159 40
169 158 40
169 157 40
169 156 40
169 155 40
169 154 40
169 153 40
169 152 40
169 151 40
169 150 40
169 148 40
169 147 40
169 146 40
169 145 40
169 144 40
169 143 40
169 142 40
169 141 40
169 140 40
169 139 40
169 138 40
169 137 40
169 136 40
169 135 40
169 134 40
169 133 40
169 132 40
169 131 40
169 130 40
169 128 40
169 127 40
169 126 40
169 125 40
169 124 40
169 123 40
169 122 40
169 121 40
169 120 40
169 119 40
169 118 40
169 117 40
169 116 40
169 115 40
169 114 40
169 113 40
169 112 40
169 111 40
169 110 40
168 110 40
167 110 40
166 110 40
16 74 40
17 74 40
18 74 40
19 74 40
20 74 40
21 74 40
22 74 40
22 74 44
23 74 40
23 74 44
24 74 40
24 74 44
25 74 40
25 74 44
26 74 40
26 74 44
26 74 48
27 74 40
27 74 44
27 74 48
28 74 40
28 74 44
28 74 48
29 74 40
29 74 44
29 74 48
135 31 40
134 31 40
133 31 40
132 31 40
131 31 40
131 30 40
130 30 40
130 29 40
128 29 40
127 29 40
126 29 40
125 29 40
124 29 40
123 29 40
122 29 40
121 29 40
120 29 40
119 29 40
118 29 40
117 29 40
116 29 40
115 29 40
114 29 40
113 29 40
112 29 40
111 29 40
110 29 40
109 30 40
108 30 40
108 31 40
107 31 40
107 32 40
106 32 40
106 33 40
105 33 40
105 34 40
104 34 40
103 34 40
103 35 40
102 35 40
102 36 40
101 36 40
101 36 44
101 37 40
101 37 44
101 38 40
101 38 44
100 38 40
100 38 44
100 38 48
99 38 40
99 38 44
99 38 48
99 39 40
99 39 44
99 39 48
99 39 52
99 40 40
99 40 44
99 40 48
99 40 52
98 40 40
98 40 44
98 40 48
98 40 52
98 40 56
97 40 40
97 40 44
97 40 48
97 40 52
97 40 56
97 40 60
97 40 64
97 41 40
97 41 44
97 41 48
97 41 52
97 41 56
97 41 60
97 41 64
96 41 40
96 41 44
96 41 48
96 41 52
96 41 56
96 41 60
96 41 64
96 41 68
96 42 40
96 42 44
96 42 48
96 42 52
96 42 56
96 42 60
96 42 64
96 42 68
95 42 40
95 42 44
95 42 48
95 42 52
95 42 56
95 42 60
95 42 64
95 42 68
95 42 72
95 43 40
95 43 44
95 43 48
95 43 52
95 43 56
95 43 60
95 43 64
95 43 68
94 43 40
94 43 44
94 43 48
94 43 52
94 43 56
94 43 60
94 43 64
94 43 68
94 43 72
94 44 40
94 44 44
94 44 48
94 44 52
94 44 56
94 44 60
94 44 64
93 44 40
93 44 44
93 44 48
93 44 52
93 44 56
93 44 60
93 44 64
93 44 68
93 45 40
93 45 44
93 45 48
93 45 52
93 45 56
93 45 60
92 45 40
92 45 44
92 45 48
92 45 52
92 45 56
92 45 60
92 46 40
92 46 44
92 46 48
92 46 52
91 46 40
91 46 44
91 46 48
91 47 40
91 47 44
90 47 40
90 47 44
89 47 40
88 47 40
87 47 40
86 47 40
86 46 40
85 46 40
84 46 40
84 45 40
83 45 40
82 45 40
55 197 40
55 196 40
55 195 40
55 194 40
55 193 40
55 192 40
55 191 40
56 191 40
57 191 40
58 191 40
59 191 40
60 191 40
61 191 40
62 191 40
63 191 40
64 191 40
65 191 40
66 191 40
67 191 40
67 190 40
68 190 40
68 189 40
70 189 40
71 189 40
72 189 40
73 189 40
74 189 40
75 189 40
76 189 40
77 189 40
78 189 40
79 189 40
80 189 40
81 189 40
82 189 40
83 189 40
84 189 40
85 189 40
86 189 40
87 189 40
88 189 40
89 188 40
90 188 40
90 187 40
90 186 40
90 185 40
90 184 40
90 183 40
90 182 40
90 181 40
90 180 40
90 179 40
90 178 40
90 177 40
90 176 40
90 176 44
90 175 40
90 175 44
90 174 40
90 174 44
90 174 48
90 173 40
90 173 44
90 173 48
90 172 40
90 172 44
90 172 48
90 171 40
90 171 44
90 171 48
90 170 40
90 170 44
90 170 48
90 170 52
90 169 40
90 169 44
90 169 48
90 169 52
91 169 40
91 169 44
91 169 48
91 169 52
92 169 40
92 169 44
92 169 48
92 169 52
93 169 40
93 169 44
93 169 48
93 169 52
94 169 40
94 169 44
94 169 48
94 169 52
95 169 40
95 169 44
95 169 48
95 169 52
96 169 40
96 169 44
96 169 48
97 169 40
97 169 44
97 169 48
98 169 40
98 169 44
98 169 48
99 169 40
99 169 44
99 169 48
100 169 40
100 169 44
101 169 40
101 169 44
102 169 40
102 169 44
103 169 40
103 169 44
104 169 40
104 169 44
104 169 48
105 169 40
105 169 44
105 169 48
106 169 40
106 169 44
106 169 48
107 169 40
107 169 44
107 169 48
107 169 52
108 169 40
108 169 44
108 169 48
108 169 52
108 168 40
108 168 44
108 168 48
108 168 52
108 167 40
108 167 44
108 167 48
108 167 52
108 166 40
108 166 44
108 166 48
108 166 52
108 165 40
108 165 44
108 165 48
108 164 40
108 164 44
108 163 40
108 163 44
108 162 40
108 161 40
108 160 40
108 159 40
108 158 40
108 157 40
108 156 40
108 155 40
108 154 40
108 153 40
108 152 40
108 151 40
108 150 40
109 150 40
110 149 40
111 149 40
112 149 40
113 149 40
114 149 40
115 149 40
116 149 40
117 149 40
118 149 40
119 149 40
120 149 40
121 149 40
122 149 40
123 149 40
124 149 40
125 149 40
126 149 40
127 149 40
128 149 40
129 148 40
129 148 44
130 148 40
130 148 44
131 148 40
131 148 44
131 148 48
131 147 40
131 147 44
131 147 48
131 146 40
131 146 44
132 146 40
132 146 44
132 146 48
133 146 40
133 146 44
133 146 48
133 145 40
133 145 44
133 145 48
133 144 40
133 144 44
133 144 48
134 144 40
134 144 44
134 144 48
135 144 40
135 144 44
135 144 48
135 144 52
135 143 40
135 143 44
135 143 48
135 143 52
135 142 40
135 142 44
135 142 48
135 142 52
136 142 40
136 142 44
136 142 48
136 142 52
136 142 56
136 141 40
136 141 44
136 141 48
136 141 52
136 141 56
137 141 40
137 141 44
137 141 48
137 141 52
137 141 56
137 141 60
138 141 40
138 141 44
138 141 48
138 141 52
138 141 56
138 141 60
138 141 64
138 140 40
138 140 44
138 140 48
138 140 52
138 140 56
138 140 60
138 140 64
139 140 40
139 140 44
139 140 48
139 140 52
139 140 56
139 140 60
139 140 64
139 139 40
139 139 44
139 139 48
139 139 52
139 139 56
139 139 60
139 139 64
139 138 40
139 138 44
139 138 48
139 138 52
139 138 56
139 138 60
139 138 64
140 138 40
140 138 44
140 138 48
140 138 52
140 138 56
140 138 60
140 137 40
140 137 44
140 137 48
140 137 52
140 137 56
140 137 60
141 137 40
141 137 44
141 137 48
141 137 52
141 137 56
142 137 40
142 137 44
142 137 48
142 137 52
142 137 56
142 136 40
142 136 44
142 136 48
142 136 52
142 135 40
142 135 44
142 135 48
142 135 52
143 135 40
143 135 44
143 135 48
144 135 40
144 135 44
144 135 48
144 134 40
144 134 44
144 134 48
144 133 40
144 133 44
145 133 40
145 133 44
146 133 40
146 133 44
146 132 40
146 131 40
147 131 40
147 130 40
148 130 40
148 129 40
149 128 40
149 127 40
149 126 40
149 125 40
149 124 40
149 123 40
149 122 40
149 121 40
149 120 40
149 119 40
149 118 40
149 117 40
149 116 40
149 115 40
149 114 40
149 113 40
149 112 40
149 111 40
