9 9 100
9 29 100
9 49 100
9 69 100
9 89 100
9 109 100
9 129 100
9 149 100
9 169 100
9 189 100
29 9 100
29 29 100
29 49 100
29 69 100
29 89 100
29 109 100
29 129 100
29 149 100
29 169 100
29 189 100
49 9 100
49 29 100
49 49 100
49 69 100
49 89 100
49 109 100
49 129 100
49 149 100
49 169 100
49 189 100
69 9 100
69 29 100
69 49 100
69 69 100
69 89 100
69 109 100
69 129 100
69 149 100
69 169 100
69 189 100
89 9 100
89 29 100
89 49 100
89 69 100
89 89 100
89 109 100
89 129 100
89 149 100
89 169 100
89 189 100
109 9 100
109 29 100
109 49 100
109 69 100
109 89 100
109 109 100
109 129 100
109 149 100
109 169 100
109 189 100
129 9 100
129 29 100
129 49 100
129 69 100
129 89 100
129 109 100
129 129 100
129 149 100
129 169 100
129 189 100
149 9 100
149 29 100
149 49 100
149 69 100
149 89 100
149 109 100
149 129 100
149 149 100
149 169 100
149 189 100
169 9 100
169 29 100
169 49 100
169 69 100
169 89 100
169 109 100
169 129 100
169 149 100
169 169 100
169 189 100
189 9 100
189 29 100
189 49 100
189 69 100
189 89 100
189 109 100
189 129 100
189 149 100
189 169 100
189 189 100
9 9 100
9 29 100
9 49 100
9 69 100
9 109 100
9 129 100
9 169 100
29 9 100
29 69 100
29 89 100
29 109 100
29 129 100
29 149 100
29 169 100
29 189 100
49 9 100
49 49 100
49 69 100
49 89 100
49 109 100
49 129 100
49 149 100
49 169 100
69 9 100
69 29 100
69 49 100
69 69 100
69 109 100
69 129 100
69 149 100
69 169 100
69 189 100
89 9 100
89 49 100
89 69 100
89 129 100
89 169 100
109 9 100
109 29 100
109 49 100
109 69 100
109 89 100
109 149 100
109 169 100
109 189 100
129 9 100
129 49 100
129 69 100
129 89 100
129 109 100
129 129 100
129 149 100
129 169 100
149 9 100
149 29 100
149 49 100
149 69 100
149 89 100
149 109 100
149 129 100
149 149 100
149 169 100
169 9 100
169 29 100
169 69 100
169 89 100
169 129 100
169 149 100
169 169 100
169 189 100
189 9 100
189 29 100
189 69 100
189 89 100
189 109 100
189 129 100
189 149 100
189 169 100
189 189 100
105 81 40
105 81 44
105 81 48
105 81 52
105 81 56
105 81 60
105 81 64
105 81 68
198 66 40
9 79 40
9 79 44
9 79 48
53 197 40
160 186 40
160 186 44
171 117 40
123 30 40
161 53 40
104 137 40
104 136 40
104 135 40
105 135 40
105 134 40
105 133 40
106 133 40
106 132 40
107 132 40
107 131 40
108 131 40
108 130 40
109 130 40
109 128 40
109 127 40
109 126 40
109 125 40
109 124 40
109 123 40
109 122 40
109 121 40
109 120 40
109 119 40
109 118 40
109 117 40
109 116 40
109 115 40
109 114 40
109 113 40
109 112 40
109 111 40
109 111 44
109 110 40
109 110 44
108 109 40
108 109 44
107 109 40
106 109 40
105 109 40
104 109 40
103 109 40
102 109 40
101 109 40
100 109 40
99 109 40
98 109 40
97 109 40
96 109 40
95 109 40
94 109 40
93 109 40
92 109 40
91 109 40
90 109 40
90 109 44
89 108 40
89 108 44
89 107 40
89 106 40
89 105 40
89 104 40
89 103 40
89 102 40
89 101 40
89 100 40
89 99 40
89 98 40
89 97 40
89 96 40
89 95 40
89 94 40
89 93 40
89 92 40
89 91 40
89 90 40
90 89 40
90 88 40
91 88 40
91 87 40
92 87 40
92 86 40
93 86 40
93 85 40
93 84 40
93 84 44
94 84 40
94 84 44
95 84 40
95 84 44
95 83 40
95 83 44
96 83 40
96 83 44
96 82 40
96 82 44
97 82 40
97 82 44
97 82 48
97 81 40
97 81 44
97 81 48
98 81 40
98 81 44
98 81 48
99 81 40
99 81 44
99 81 48
100 81 40
100 81 44
100 81 48
100 81 52
101 81 40
101 81 44
101 81 48
101 81 52
102 81 40
102 81 44
102 81 48
102 81 52
102 81 56
103 81 40
103 81 44
103 81 48
103 81 52
103 81 56
103 81 60
104 81 40
104 81 44
104 81 48
104 81 52
104 81 56
104 81 60
104 81 64
53 196 40
53 195 40
53 194 40
53 193 40
53 192 40
53 191 40
53 190 40
53 190 44
53 189 40
53 189 44
54 189 40
54 189 44
55 189 40
55 189 44
56 189 40
56 189 44
57 189 40
58 189 40
59 189 40
60 189 40
61 189 40
62 189 40
63 189 40
64 189 40
64 189 44
65 189 40
65 189 44
66 189 40
66 189 44
67 189 40
67 189 44
67 189 48
68 189 40
68 189 44
68 189 48
70 189 40
70 189 44
70 189 48
70 189 52
70 189 56
71 189 40
71 189 44
71 189 48
71 189 52
71 189 56
71 189 60
72 189 40
72 189 44
72 189 48
72 189 52
72 189 56
72 189 60
72 189 64
73 189 40
73 189 44
73 189 48
73 189 52
73 189 56
73 189 60
73 189 64
73 189 68
74 189 40
74 189 44
74 189 48
74 189 52
74 189 56
74 189 60
74 189 64
74 189 68
74 189 72
75 189 40
75 189 44
75 189 48
75 189 52
75 189 56
75 189 60
75 189 64
75 189 68
75 189 72
76 189 40
76 189 44
76 189 48
76 189 52
76 189 56
76 189 60
76 189 64
76 189 68
76 189 72
77 189 40
77 189 44
77 189 48
77 189 52
77 189 56
77 189 60
77 189 64
77 189 68
77 189 72
78 189 40
78 189 44
78 189 48
78 189 52
78 189 56
78 189 60
78 189 64
78 189 68
79 189 40
79 189 44
79 189 48
79 189 52
79 189 56
79 189 60
79 189 64
80 189 40
80 189 44
80 189 48
80 189 52
80 189 56
80 189 60
81 189 40
81 189 44
81 189 48
81 189 52
81 189 56
82 189 40
82 189 44
82 189 48
82 189 52
83 189 40
83 189 44
83 189 48
84 189 40
84 189 44
84 189 48
85 189 40
85 189 44
86 189 40
86 189 44
87 189 40
87 189 44
88 189 40
89 188 40
89 187 40
89 186 40
89 186 44
89 185 40
89 185 44
89 184 40
89 184 44
89 183 40
89 183 44
89 182 40
89 182 44
89 182 48
89 181 40
89 181 44
89 181 48
89 181 52
89 180 40
89 180 44
89 180 48
89 180 52
89 180 56
89 179 40
89 179 44
89 179 48
89 179 52
89 179 56
89 179 60
89 178 40
89 178 44
89 178 48
89 178 52
89 178 56
89 178 60
89 178 64
89 177 40
89 177 44
89 177 48
89 177 52
89 177 56
89 177 60
89 177 64
89 177 68
89 176 40
89 176 44
89 176 48
89 176 52
89 176 56
89 176 60
89 176 64
89 176 68
89 176 72
89 175 40
89 175 44
89 175 48
89 175 52
89 175 56
89 175 60
89 175 64
89 175 68
89 175 72
89 175 76
89 174 40
89 174 44
89 174 48
89 174 52
89 174 56
89 174 60
89 174 64
89 174 68
89 174 72
89 174 76
89 173 40
89 173 44
89 173 48
89 173 52
89 173 56
89 173 60
89 173 64
89 173 68
89 173 72
89 173 76
89 172 40
89 172 44
89 172 48
89 172 52
89 172 56
89 172 60
89 172 64
89 172 68
89 172 72
89 172 76
89 171 40
89 171 44
89 171 48
89 171 52
89 171 56
89 171 60
89 171 64
89 171 68
89 171 72
89 171 76
89 170 40
89 170 44
89 170 48
89 170 52
89 170 56
89 170 60
89 170 64
89 170 68
89 170 72
89 170 76
89 169 40
89 169 44
89 169 48
89 169 52
89 169 56
89 169 60
89 168 40
89 168 44
89 168 48
89 168 52
89 168 56
89 168 60
89 168 64
89 168 68
89 167 40
89 167 44
89 167 48
89 167 52
89 167 56
89 167 60
89 167 64
89 166 40
89 166 44
89 166 48
89 166 52
89 166 56
89 166 60
89 165 40
89 165 44
89 165 48
89 165 52
89 165 56
89 164 40
89 164 44
89 164 48
89 164 52
89 163 40
89 163 44
89 163 48
89 163 52
89 162 40
89 162 44
89 162 48
89 161 40
89 161 44
89 161 48
89 160 40
89 160 44
89 160 48
89 159 40
89 159 44
89 158 40
89 158 44
89 157 40
89 157 44
89 156 40
89 156 44
89 155 40
89 155 44
89 154 40
89 154 44
89 153 40
89 153 44
89 152 40
89 152 44
89 151 40
89 151 44
89 150 40
89 150 44
90 149 40
90 149 44
90 148 40
90 148 44
91 148 40
91 148 44
91 147 40
92 147 40
93 147 40
94 147 40
95 147 40
96 147 40
97 147 40
98 147 40
99 147 40
100 147 40
101 147 40
102 147 40
103 147 40
104 147 40
104 147 44
104 146 40
104 146 44
104 145 40
104 145 44
104 144 40
104 143 40
104 142 40
104 141 40
104 140 40
104 139 40
104 138 40
159 186 40
159 186 44
158 186 40
158 186 44
157 186 40
157 186 44
156 186 40
156 186 44
156 186 48
155 186 40
155 186 44
155 186 48
154 186 40
154 186 44
154 186 48
154 186 52
153 186 40
153 186 44
153 186 48
153 186 52
152 186 40
152 186 44
152 186 48
152 186 52
152 186 56
152 187 40
152 187 44
152 187 48
152 187 52
151 187 40
151 187 44
151 187 48
151 187 52
151 188 40
151 188 44
151 188 48
150 188 40
150 188 44
150 188 48
150 189 40
150 189 44
148 189 40
148 189 44
147 189 40
147 189 44
146 189 40
146 189 44
145 189 40
145 189 44
144 189 40
144 189 44
143 189 40
143 189 44
142 189 40
142 189 44
141 189 40
141 189 44
140 189 40
140 189 44
139 189 40
139 189 44
138 189 40
138 189 44
138 189 48
137 189 40
137 189 44
137 189 48
136 189 40
136 189 44
136 189 48
135 189 40
135 189 44
135 189 48
134 189 40
134 189 44
133 189 40
133 189 44
132 189 40
132 189 44
131 189 40
131 189 44
130 189 40
130 189 44
128 189 40
127 189 40
126 189 40
125 189 40
124 189 40
123 189 40
122 189 40
121 189 40
120 189 40
119 189 40
118 189 40
117 189 40
117 189 44
116 189 40
116 189 44
115 189 40
115 189 44
114 189 40
114 189 44
113 189 40
113 189 44
113 189 48
112 189 40
112 189 44
112 189 48
111 189 40
111 189 44
111 189 48
111 189 52
110 189 40
110 189 44
110 189 48
110 189 52
109 189 40
108 189 40
108 189 44
108 189 48
108 189 52
108 189 56
108 189 60
107 189 40
107 189 44
107 189 48
107 189 52
107 189 56
107 189 60
106 189 40
106 189 44
106 189 48
106 189 52
106 189 56
106 189 60
105 189 40
105 189 44
105 189 48
105 189 52
105 189 56
105 189 60
104 189 40
104 189 44
104 189 48
104 189 52
104 189 56
104 189 60
103 189 40
103 189 44
103 189 48
103 189 52
103 189 56
102 189 40
102 189 44
102 189 48
102 189 52
102 189 56
101 189 40
101 189 44
101 189 48
101 189 52
100 189 40
100 189 44
100 189 48
100 189 52
99 189 40
99 189 44
99 189 48
98 189 40
98 189 44
98 189 48
97 189 40
97 189 44
96 189 40
96 189 44
95 189 40
95 189 44
94 189 40
94 189 44
93 189 40
92 189 40
91 189 40
90 189 40
171 116 40
171 115 40
171 114 40
171 113 40
171 112 40
171 111 40
171 110 40
170 110 40
170 109 40
168 109 40
167 109 40
166 109 40
165 109 40
164 109 40
163 109 40
162 109 40
161 109 40
161 109 44
160 109 40
160 109 44
159 109 40
159 109 44
159 109 48
158 109 40
158 109 44
158 109 48
158 109 52
157 109 40
157 109 44
157 109 48
157 109 52
157 109 56
156 109 40
156 109 44
156 109 48
156 109 52
156 109 56
156 109 60
156 109 64
155 109 40
155 109 44
155 109 48
155 109 52
155 109 56
155 109 60
155 109 64
155 109 68
154 109 40
154 109 44
154 109 48
154 109 52
154 109 56
154 109 60
154 109 64
154 109 68
154 109 72
154 109 76
153 109 40
153 109 44
153 109 48
153 109 52
153 109 56
153 109 60
153 109 64
153 109 68
153 109 72
153 109 76
153 109 80
153 109 84
152 109 40
152 109 44
152 109 48
152 109 52
152 109 56
152 109 60
152 109 64
152 109 68
152 109 72
152 109 76
152 109 80
152 109 84
152 109 88
152 109 92
151 109 40
151 109 44
151 109 48
151 109 52
151 109 56
151 109 60
151 109 64
151 109 68
151 109 72
151 109 76
151 109 80
151 109 84
151 109 88
151 109 92
151 109 96
151 109 100
150 109 40
150 109 44
150 109 48
150 109 52
150 109 56
150 109 60
150 109 64
150 109 68
150 109 72
150 109 76
150 109 80
150 109 84
150 109 88
150 109 92
150 109 96
150 109 100
150 109 104
150 109 108
149 109 40
149 109 44
149 109 48
149 109 52
149 109 56
149 109 60
149 109 64
149 109 68
149 109 72
149 109 76
149 109 80
149 109 84
149 109 88
149 109 92
149 109 96
149 109 100
149 109 104
149 109 108
148 109 40
148 109 44
148 109 48
148 109 52
148 109 56
148 109 60
148 109 64
148 109 68
148 109 72
148 109 76
148 109 80
148 109 84
148 109 88
148 109 92
148 109 96
148 109 100
148 109 104
148 109 108
148 109 112
148 109 116
148 109 120
147 109 40
147 109 44
147 109 48
147 109 52
147 109 56
147 109 60
147 109 64
147 109 68
147 109 72
147 109 76
147 109 80
147 109 84
147 109 88
147 109 92
147 109 96
147 109 100
147 109 104
147 109 108
147 109 112
147 109 116
147 109 120
147 109 124
146 109 40
146 109 44
146 109 48
146 109 52
146 109 56
146 109 60
146 109 64
146 109 68
146 109 72
146 109 76
146 109 80
146 109 84
146 109 88
146 109 92
146 109 96
146 109 100
146 109 104
146 109 108
146 109 112
146 109 116
146 109 120
146 109 124
146 109 128
145 109 40
145 109 44
145 109 48
145 109 52
145 109 56
145 109 60
145 109 64
145 109 68
145 109 72
145 109 76
145 109 80
145 109 84
145 109 88
145 109 92
145 109 96
145 109 100
145 109 104
145 109 108
145 109 112
145 109 116
145 109 120
145 109 124
145 109 128
145 109 132
144 109 40
144 109 44
144 109 48
144 109 52
144 109 56
144 109 60
144 109 64
144 109 68
144 109 72
144 109 76
144 109 80
144 109 84
144 109 88
144 109 92
144 109 96
144 109 100
144 109 104
144 109 108
144 109 112
144 109 116
144 109 120
144 109 124
144 109 128
144 109 132
144 109 136
143 109 40
143 109 44
143 109 48
143 109 52
143 109 56
143 109 60
143 109 64
143 109 68
143 109 72
143 109 76
143 109 80
143 109 84
143 109 88
143 109 92
143 109 96
143 109 100
143 109 104
143 109 108
143 109 112
143 109 116
143 109 120
143 109 124
143 109 128
143 109 132
143 109 136
143 109 140
143 109 144
142 109 40
142 109 44
142 109 48
142 109 52
142 109 56
142 109 60
142 109 64
142 109 68
142 109 72
142 109 76
142 109 80
142 109 84
142 109 88
142 109 92
142 109 96
142 109 100
142 109 104
142 109 108
142 109 112
142 109 116
142 109 120
142 109 124
142 109 128
142 109 132
142 109 136
142 109 140
142 109 144
142 109 148
141 109 40
141 109 44
141 109 48
141 109 52
141 109 56
141 109 60
141 109 64
141 109 68
141 109 72
141 109 76
141 109 80
141 109 84
141 109 88
141 109 92
141 109 96
141 109 100
141 109 104
141 109 108
141 109 112
141 109 116
141 109 120
141 109 124
141 109 128
141 109 132
141 109 136
141 109 140
141 109 144
141 109 148
141 109 152
140 109 40
140 109 44
140 109 48
140 109 52
140 109 56
140 109 60
140 109 64
140 109 68
140 109 72
140 109 76
140 109 80
140 109 84
140 109 88
140 109 92
140 109 96
140 109 100
140 109 104
140 109 108
140 109 112
140 109 116
140 109 120
140 109 124
140 109 128
140 109 132
140 109 136
140 109 140
140 109 144
140 109 148
140 109 152
140 109 156
139 109 40
139 109 44
139 109 48
139 109 52
139 109 56
139 109 60
139 109 64
139 109 68
139 109 72
139 109 76
139 109 80
139 109 84
139 109 88
139 109 92
139 109 96
139 109 100
139 109 104
139 109 108
139 109 112
139 109 116
139 109 120
139 109 124
139 109 128
139 109 132
139 109 136
139 109 140
139 109 144
139 109 148
139 109 152
139 109 156
139 109 160
138 109 40
138 109 44
138 109 48
138 109 52
138 109 56
138 109 60
138 109 64
138 109 68
138 109 72
138 109 76
138 109 80
138 109 84
138 109 88
138 109 92
138 109 96
138 109 100
138 109 104
138 109 108
138 109 112
138 109 116
138 109 120
138 109 124
138 109 128
138 109 132
138 109 136
138 109 140
138 109 144
138 109 148
138 109 152
138 109 156
138 109 160
138 109 164
137 109 40
137 109 44
137 109 48
137 109 52
137 109 56
137 109 60
137 109 64
137 109 68
137 109 72
137 109 76
137 109 80
137 109 84
137 109 88
137 109 92
137 109 96
137 109 100
137 109 104
137 109 108
137 109 112
137 109 116
137 109 120
137 109 124
137 109 128
137 109 132
137 109 136
137 109 140
137 109 144
137 109 148
137 109 152
137 109 156
137 109 160
137 109 164
137 109 168
136 109 40
136 109 44
136 109 48
136 109 52
136 109 56
136 109 60
136 109 64
136 109 68
136 109 72
136 109 76
136 109 80
136 109 84
136 109 88
136 109 92
136 109 96
136 109 100
136 109 104
136 109 108
136 109 112
136 109 116
136 109 120
136 109 124
136 109 128
136 109 132
136 109 136
136 109 140
136 109 144
136 109 148
136 109 152
136 109 156
136 109 160
136 109 164
136 109 168
136 109 172
135 109 40
135 109 44
135 109 48
135 109 52
135 109 56
135 109 60
135 109 64
135 109 68
135 109 72
135 109 76
135 109 80
135 109 84
135 109 88
135 109 92
135 109 96
135 109 100
135 109 104
135 109 108
135 109 112
135 109 116
135 109 120
135 109 124
135 109 128
135 109 132
135 109 136
135 109 140
135 109 144
135 109 148
135 109 152
135 109 156
135 109 160
135 109 164
135 109 168
135 109 172
135 109 176
134 109 40
134 109 44
134 109 48
134 109 52
134 109 56
134 109 60
134 109 64
134 109 68
134 109 72
134 109 76
134 109 80
134 109 84
134 109 88
134 109 92
134 109 96
134 109 100
134 109 104
134 109 108
134 109 112
134 109 116
134 109 120
134 109 124
134 109 128
134 109 132
134 109 136
134 109 140
134 109 144
134 109 148
134 109 152
134 109 156
134 109 160
134 109 164
134 109 168
134 109 172
134 109 176
133 109 40
133 109 44
133 109 48
133 109 52
133 109 56
133 109 60
133 109 64
133 109 68
133 109 72
133 109 76
133 109 80
133 109 84
133 109 88
133 109 92
133 109 96
133 109 100
133 109 104
133 109 108
133 109 112
133 109 116
133 109 120
133 109 124
133 109 128
133 109 132
133 109 136
133 109 140
133 109 144
133 109 148
133 109 152
133 109 156
133 109 160
133 109 164
133 109 168
133 109 172
133 109 176
132 109 40
132 109 44
132 109 48
132 109 52
132 109 56
132 109 60
132 109 64
132 109 68
132 109 72
132 109 76
132 109 80
132 109 84
132 109 88
132 109 92
132 109 96
132 109 100
132 109 104
132 109 108
132 109 112
132 109 116
132 109 120
132 109 124
132 109 128
132 109 132
132 109 136
132 109 140
132 109 144
132 109 148
132 109 152
132 109 156
132 109 160
132 109 164
132 109 168
132 109 172
132 109 176
131 109 40
131 109 44
131 109 48
131 109 52
131 109 56
131 109 60
131 109 64
131 109 68
131 109 72
131 109 76
131 109 80
131 109 84
131 109 88
131 109 92
131 109 96
131 109 100
131 109 104
131 109 108
131 109 112
131 109 116
131 109 120
131 109 124
131 109 128
131 109 132
131 109 136
131 109 140
131 109 144
131 109 148
131 109 152
131 109 156
131 109 160
131 109 164
131 109 168
131 109 172
130 109 40
130 109 44
130 109 48
130 109 52
130 109 56
130 109 60
130 109 64
130 109 68
130 109 72
130 109 76
130 109 80
130 109 84
130 109 88
130 109 92
130 109 96
130 109 100
130 109 104
130 109 108
130 109 112
130 109 116
130 109 120
130 109 124
130 109 128
130 109 132
130 109 136
130 109 140
130 109 144
130 109 148
130 109 152
130 109 156
130 109 160
130 109 164
130 109 168
129 109 40
129 109 44
129 109 48
129 109 52
129 109 56
129 109 60
129 109 64
129 109 68
129 109 72
129 109 76
129 109 80
129 109 84
129 109 88
129 109 92
129 109 96
129 109 100
129 109 104
129 109 108
129 109 112
129 109 116
129 109 120
129 109 124
129 109 128
129 109 132
129 109 136
129 109 140
129 109 144
129 109 148
129 109 152
129 109 156
129 109 160
128 109 40
128 109 44
128 109 48
128 109 52
128 109 56
128 109 60
128 109 64
128 109 68
128 109 72
128 109 76
128 109 80
128 109 84
128 109 88
128 109 92
128 109 96
128 109 100
128 109 104
128 109 108
128 109 112
128 109 116
128 109 120
128 109 124
128 109 128
128 109 132
128 109 136
128 109 140
128 109 144
128 109 148
128 109 152
128 109 156
127 109 40
127 109 44
127 109 48
127 109 52
127 109 56
127 109 60
127 109 64
127 109 68
127 109 72
127 109 76
127 109 80
127 109 84
127 109 88
127 109 92
127 109 96
127 109 100
127 109 104
127 109 108
127 109 112
127 109 116
127 109 120
127 109 124
127 109 128
127 109 132
127 109 136
127 109 140
127 109 144
126 109 40
126 109 44
126 109 48
126 109 52
126 109 56
126 109 60
126 109 64
126 109 68
126 109 72
126 109 76
126 109 80
126 109 84
126 109 88
126 109 92
126 109 96
126 109 100
126 109 104
126 109 108
126 109 112
126 109 116
126 109 120
126 109 124
126 109 128
126 109 132
126 109 136
125 109 40
125 109 44
125 109 48
125 109 52
125 109 56
125 109 60
125 109 64
125 109 68
125 109 72
125 109 76
125 109 80
125 109 84
125 109 88
125 109 92
125 109 96
125 109 100
125 109 104
125 109 108
125 109 112
125 109 116
125 109 120
125 109 124
124 109 40
124 109 44
124 109 48
124 109 52
124 109 56
124 109 60
124 109 64
124 109 68
124 109 72
124 109 76
124 109 80
124 109 84
124 109 88
124 109 92
124 109 96
124 109 100
124 109 104
124 109 108
124 109 112
124 109 116
123 109 40
123 109 44
123 109 48
123 109 52
123 109 56
123 109 60
123 109 64
123 109 68
123 109 72
123 109 76
123 109 80
123 109 84
123 109 88
123 109 92
123 109 96
123 109 100
123 109 104
123 109 108
122 109 40
122 109 44
122 109 48
122 109 52
122 109 56
122 109 60
122 109 64
122 109 68
122 109 72
122 109 76
122 109 80
122 109 84
122 109 88
122 109 92
122 109 96
122 109 100
122 109 104
121 109 40
121 109 44
121 109 48
121 109 52
121 109 56
121 109 60
121 109 64
121 109 68
121 109 72
121 109 76
121 109 80
121 109 84
121 109 88
121 109 92
121 109 96
121 109 100
120 109 40
120 109 44
120 109 48
120 109 52
120 109 56
120 109 60
120 109 64
120 109 68
120 109 72
120 109 76
120 109 80
120 109 84
120 109 88
120 109 92
119 109 40
119 109 44
119 109 48
119 109 52
119 109 56
119 109 60
119 109 64
119 109 68
119 109 72
119 109 76
119 109 80
119 109 84
119 109 88
119 109 92
118 109 40
118 109 44
118 109 48
118 109 52
118 109 56
118 109 60
118 109 64
118 109 68
118 109 72
118 109 76
118 109 80
118 109 84
118 109 88
117 109 40
117 109 44
117 109 48
117 109 52
117 109 56
117 109 60
117 109 64
117 109 68
117 109 72
117 109 76
117 109 80
117 109 84
116 109 40
116 109 44
116 109 48
116 109 52
116 109 56
116 109 60
116 109 64
116 109 68
116 109 72
116 109 76
115 109 40
115 109 44
115 109 48
115 109 52
115 109 56
115 109 60
115 109 64
115 109 68
115 109 72
114 109 40
114 109 44
114 109 48
114 109 52
114 109 56
114 109 60
114 109 64
113 109 40
113 109 44
113 109 48
113 109 52
113 109 56
113 109 60
112 109 40
112 109 44
112 109 48
112 109 52
111 109 40
111 109 44
111 109 48
110 109 40
110 109 44
110 109 48
162 53 40
163 53 40
164 53 40
165 53 40
166 53 40
167 53 40
168 53 40
169 53 40
169 54 40
169 55 40
169 56 40
169 57 40
169 58 40
169 59 40
169 60 40
169 61 40
169 62 40
169 63 40
169 64 40
169 65 40
169 66 40
169 67 40
169 67 44
169 68 40
169 68 44
169 70 40
169 70 44
169 70 48
169 70 52
169 70 56
169 71 40
169 71 44
169 71 48
169 71 52
169 71 56
169 71 60
169 72 40
169 72 44
169 72 48
169 72 52
169 72 56
169 72 60
169 72 64
169 73 40
169 73 44
169 73 48
169 73 52
169 73 56
169 73 60
169 73 64
169 73 68
169 73 72
169 74 40
169 74 44
169 74 48
169 74 52
169 74 56
169 74 60
169 74 64
169 74 68
169 74 72
169 75 40
169 75 44
169 75 48
169 75 52
169 75 56
169 75 60
169 75 64
169 75 68
169 75 72
169 75 76
169 76 40
169 76 44
169 76 48
169 76 52
169 76 56
169 76 60
169 76 64
169 76 68
169 76 72
169 76 76
169 76 80
169 77 40
169 77 44
169 77 48
169 77 52
169 77 56
169 77 60
169 77 64
169 77 68
169 77 72
169 77 76
169 77 80
169 78 40
169 78 44
169 78 48
169 78 52
169 78 56
169 78 60
169 78 64
169 78 68
169 78 72
169 78 76
169 78 80
169 79 40
169 79 44
169 79 48
169 79 52
169 79 56
169 79 60
169 79 64
169 79 68
169 79 72
169 79 76
169 79 80
169 80 40
169 80 44
169 80 48
169 80 52
169 80 56
169 80 60
169 80 64
169 80 68
169 80 72
169 80 76
169 80 80
169 81 40
169 81 44
169 81 48
169 81 52
169 81 56
169 81 60
169 81 64
169 81 68
169 81 72
169 81 76
169 81 80
169 82 40
169 82 44
169 82 48
169 82 52
169 82 56
169 82 60
169 82 64
169 82 68
169 82 72
169 82 76
169 83 40
169 83 44
169 83 48
169 83 52
169 83 56
169 83 60
169 83 64
169 83 68
169 83 72
169 84 40
169 84 44
169 84 48
169 84 52
169 84 56
169 84 60
169 84 64
169 84 68
169 85 40
169 85 44
169 85 48
169 85 52
169 85 56
169 85 60
169 85 64
169 86 40
169 86 44
169 86 48
169 86 52
169 86 56
169 87 40
169 87 44
169 87 48
169 87 52
169 88 40
169 88 44
169 88 48
169 88 52
169 90 40
169 90 44
169 91 40
169 91 44
169 92 40
169 92 44
169 93 40
169 93 44
169 94 40
169 95 40
169 96 40
169 97 40
169 98 40
169 99 40
169 100 40
169 101 40
169 102 40
169 103 40
169 104 40
169 105 40
169 106 40
169 107 40
169 108 40
197 66 40
196 66 40
195 66 40
194 66 40
193 66 40
192 66 40
191 66 40
191 67 40
191 67 44
190 67 40
190 67 44
190 68 40
190 68 44
190 68 48
189 68 40
189 68 44
189 68 48
188 68 40
188 68 44
188 68 48
188 68 52
187 68 40
187 68 44
187 68 48
187 68 52
187 68 56
186 68 40
186 68 44
186 68 48
186 68 52
186 68 56
186 68 60
185 68 40
185 68 44
185 68 48
185 68 52
185 68 56
185 68 60
185 68 64
184 68 40
184 68 44
184 68 48
184 68 52
184 68 56
184 68 60
184 68 64
184 68 68
183 68 40
183 68 44
183 68 48
183 68 52
183 68 56
183 68 60
183 68 64
183 68 68
183 68 72
183 68 76
182 68 40
182 68 44
182 68 48
182 68 52
182 68 56
182 68 60
182 68 64
182 68 68
182 68 72
182 68 76
182 68 80
181 68 40
181 68 44
181 68 48
181 68 52
181 68 56
181 68 60
181 68 64
181 68 68
181 68 72
181 68 76
181 68 80
180 68 40
180 68 44
180 68 48
180 68 52
180 68 56
180 68 60
180 68 64
180 68 68
180 68 72
180 68 76
180 68 80
179 68 40
179 68 44
179 68 48
179 68 52
179 68 56
179 68 60
179 68 64
179 68 68
179 68 72
179 68 76
179 68 80
178 68 40
178 68 44
178 68 48
178 68 52
178 68 56
178 68 60
178 68 64
178 68 68
178 68 72
178 68 76
177 68 40
177 68 44
177 68 48
177 68 52
177 68 56
177 68 60
177 68 64
177 68 68
177 68 72
176 68 40
176 68 44
176 68 48
176 68 52
176 68 56
176 68 60
176 68 64
176 68 68
175 68 40
175 68 44
175 68 48
175 68 52
175 68 56
175 68 60
175 68 64
174 68 40
174 68 44
174 68 48
174 68 52
174 68 56
174 68 60
173 68 40
173 68 44
173 68 48
173 68 52
173 68 56
172 68 40
172 68 44
172 68 48
172 68 52
171 68 40
171 68 44
171 68 48
170 68 40
170 68 44
170 68 48
124 30 40
125 30 40
125 30 44
126 30 40
126 30 44
127 30 40
127 30 44
128 30 40
128 30 44
129 30 40
129 30 44
130 30 40
130 30 44
130 30 48
131 30 40
131 30 44
131 30 48
131 31 40
131 31 44
131 31 48
131 31 52
131 32 40
131 32 44
131 32 48
131 32 52
132 32 40
132 32 44
132 32 48
132 32 52
132 32 56
133 32 40
133 32 44
133 32 48
133 32 52
133 32 56
133 32 60
133 33 40
133 33 44
133 33 48
133 33 52
133 33 56
133 33 60
134 33 40
134 33 44
134 33 48
134 33 52
134 33 56
134 33 60
134 33 64
134 34 40
134 34 44
134 34 48
134 34 52
134 34 56
134 34 60
134 34 64
134 34 68
134 35 40
134 35 44
134 35 48
134 35 52
134 35 56
134 35 60
134 35 64
134 35 68
135 35 40
135 35 44
135 35 48
135 35 52
135 35 56
135 35 60
135 35 64
135 35 68
135 35 72
136 35 40
136 35 44
136 35 48
136 35 52
136 35 56
136 35 60
136 35 64
136 35 68
136 35 72
136 35 76
136 36 40
136 36 44
136 36 48
136 36 52
136 36 56
136 36 60
136 36 64
136 36 68
136 36 72
136 36 76
136 36 80
137 36 40
137 36 44
137 36 48
137 36 52
137 36 56
137 36 60
137 36 64
137 36 68
137 36 72
137 36 76
137 36 80
137 36 84
137 37 40
137 37 44
137 37 48
137 37 52
137 37 56
137 37 60
137 37 64
137 37 68
137 37 72
137 37 76
137 37 80
137 37 84
138 37 40
138 37 44
138 37 48
138 37 52
138 37 56
138 37 60
138 37 64
138 37 68
138 37 72
138 37 76
138 37 80
138 37 84
138 37 88
138 38 40
138 38 44
138 38 48
138 38 52
138 38 56
138 38 60
138 38 64
138 38 68
138 38 72
138 38 76
138 38 80
138 38 84
138 38 88
139 38 40
139 38 44
139 38 48
139 38 52
139 38 56
139 38 60
139 38 64
139 38 68
139 38 72
139 38 76
139 38 80
139 38 84
139 38 88
139 38 92
139 39 40
139 39 44
139 39 48
139 39 52
139 39 56
139 39 60
139 39 64
139 39 68
139 39 72
139 39 76
139 39 80
139 39 84
139 39 88
139 39 92
140 39 40
140 39 44
140 39 48
140 39 52
140 39 56
140 39 60
140 39 64
140 39 68
140 39 72
140 39 76
140 39 80
140 39 84
140 39 88
140 39 92
140 39 96
140 40 40
140 40 44
140 40 48
140 40 52
140 40 56
140 40 60
140 40 64
140 40 68
140 40 72
140 40 76
140 40 80
140 40 84
140 40 88
140 40 92
141 40 40
141 40 44
141 40 48
141 40 52
141 40 56
141 40 60
141 40 64
141 40 68
141 40 72
141 40 76
141 40 80
141 40 84
141 40 88
141 40 92
141 40 96
141 41 40
141 41 44
141 41 48
141 41 52
141 41 56
141 41 60
141 41 64
141 41 68
141 41 72
141 41 76
141 41 80
141 41 84
141 41 88
141 41 92
141 42 40
141 42 44
141 42 48
141 42 52
141 42 56
141 42 60
141 42 64
141 42 68
141 42 72
141 42 76
141 42 80
141 42 84
141 42 88
142 42 40
142 42 44
142 42 48
142 42 52
142 42 56
142 42 60
142 42 64
142 42 68
142 42 72
142 42 76
142 42 80
142 42 84
142 42 88
142 42 92
143 42 40
143 42 44
143 42 48
143 42 52
143 42 56
143 42 60
143 42 64
143 42 68
143 42 72
143 42 76
143 42 80
143 42 84
143 42 88
143 42 92
143 42 96
143 43 40
143 43 44
143 43 48
143 43 52
143 43 56
143 43 60
143 43 64
143 43 68
143 43 72
143 43 76
143 43 80
143 43 84
143 43 88
144 43 40
144 43 44
144 43 48
144 43 52
144 43 56
144 43 60
144 43 64
144 43 68
144 43 72
144 43 76
144 43 80
144 43 84
144 43 88
144 43 92
144 44 40
144 44 44
144 44 48
144 44 52
144 44 56
144 44 60
144 44 64
144 44 68
144 44 72
144 44 76
144 44 80
144 44 84
145 44 40
145 44 44
145 44 48
145 44 52
145 44 56
145 44 60
145 44 64
145 44 68
145 44 72
145 44 76
145 44 80
145 44 84
145 45 40
145 45 44
145 45 48
145 45 52
145 45 56
145 45 60
145 45 64
145 45 68
145 45 72
145 45 76
146 45 40
146 45 44
146 45 48
146 45 52
146 45 56
146 45 60
146 45 64
146 45 68
146 45 72
146 45 76
146 46 40
146 46 44
146 46 48
146 46 52
146 46 56
146 46 60
146 46 64
146 46 68
146 46 72
147 46 40
147 46 44
147 46 48
147 46 52
147 46 56
147 46 60
147 46 64
147 46 68
147 47 40
147 47 44
147 47 48
147 47 52
147 47 56
147 47 60
147 47 64
148 47 40
148 47 44
148 47 48
148 47 52
148 47 56
148 47 60
148 48 40
148 48 44
148 48 48
148 48 52
148 48 56
149 48 40
149 48 44
149 48 48
149 48 52
149 48 56
150 49 40
150 49 44
150 49 48
150 50 40
150 50 44
150 50 48
151 50 40
151 50 44
151 51 40
151 51 44
152 51 40
152 52 40
153 52 40
154 52 40
155 52 40
156 52 40
157 52 40
158 52 40
159 52 40
160 52 40
161 52 40
9 80 40
9 80 44
9 80 48
9 81 40
9 81 44
9 82 40
9 82 44
9 83 40
9 83 44
9 84 40
9 84 44
9 85 40
9 86 40
9 87 40
9 88 40
10 89 40
11 89 40
12 89 40
13 89 40
14 89 40
15 89 40
16 89 40
16 89 44
17 89 40
17 89 44
18 89 40
18 89 44
19 89 40
19 89 44
20 89 40
20 89 44
21 89 40
21 89 44
22 89 40
22 89 44
22 89 48
23 89 40
23 89 44
23 89 48
24 89 40
24 89 44
24 89 48
24 89 52
25 89 40
25 89 44
25 89 48
25 89 52
25 89 56
26 89 40
26 89 44
26 89 48
26 89 52
26 89 56
26 89 60
27 89 40
27 89 44
27 89 48
27 89 52
27 89 56
27 89 60
27 89 64
28 89 40
28 89 44
28 89 48
28 89 52
28 89 56
28 89 60
28 89 64
28 89 68
28 89 72
29 89 40
29 89 44
29 89 48
29 89 52
29 89 56
29 89 60
29 89 64
29 89 68
30 89 40
30 89 44
30 89 48
30 89 52
30 89 56
30 89 60
30 89 64
30 89 68
30 89 72
30 89 76
30 89 80
30 89 84
30 89 88
31 89 40
31 89 44
31 89 48
31 89 52
31 89 56
31 89 60
31 89 64
31 89 68
31 89 72
31 89 76
31 89 80
31 89 84
31 89 88
31 89 92
31 89 96
31 89 100
32 89 40
32 89 44
32 89 48
32 89 52
32 89 56
32 89 60
32 89 64
32 89 68
32 89 72
32 89 76
32 89 80
32 89 84
32 89 88
32 89 92
32 89 96
32 89 100
32 89 104
32 89 108
32 89 112
33 89 40
33 89 44
33 89 48
33 89 52
33 89 56
33 89 60
33 89 64
33 89 68
33 89 72
33 89 76
33 89 80
33 89 84
33 89 88
33 89 92
33 89 96
33 89 100
33 89 104
33 89 108
33 89 112
33 89 116
33 89 120
33 89 124
34 89 40
34 89 44
34 89 48
34 89 52
34 89 56
34 89 60
34 89 64
34 89 68
34 89 72
34 89 76
34 89 80
34 89 84
34 89 88
34 89 92
34 89 96
34 89 100
34 89 104
34 89 108
34 89 112
34 89 116
34 89 120
34 89 124
34 89 128
34 89 132
34 89 136
35 89 40
35 89 44
35 89 48
35 89 52
35 89 56
35 89 60
35 89 64
35 89 68
35 89 72
35 89 76
35 89 80
35 89 84
35 89 88
35 89 92
35 89 96
35 89 100
35 89 104
35 89 108
35 89 112
35 89 116
35 89 120
35 89 124
35 89 128
35 89 132
35 89 136
35 89 140
35 89 144
36 89 40
36 89 44
36 89 48
36 89 52
36 89 56
36 89 60
36 89 64
36 89 68
36 89 72
36 89 76
36 89 80
36 89 84
36 89 88
36 89 92
36 89 96
36 89 100
36 89 104
36 89 108
36 89 112
36 89 116
36 89 120
36 89 124
36 89 128
36 89 132
36 89 136
36 89 140
36 89 144
36 89 148
37 89 40
37 89 44
37 89 48
37 89 52
37 89 56
37 89 60
37 89 64
37 89 68
37 89 72
37 89 76
37 89 80
37 89 84
37 89 88
37 89 92
37 89 96
37 89 100
37 89 104
37 89 108
37 89 112
37 89 116
37 89 120
37 89 124
37 89 128
37 89 132
37 89 136
37 89 140
37 89 144
37 89 148
37 89 152
38 89 40
38 89 44
38 89 48
38 89 52
38 89 56
38 89 60
38 89 64
38 89 68
38 89 72
38 89 76
38 89 80
38 89 84
38 89 88
38 89 92
38 89 96
38 89 100
38 89 104
38 89 108
38 89 112
38 89 116
38 89 120
38 89 124
38 89 128
38 89 132
38 89 136
38 89 140
38 89 144
38 89 148
38 89 152
38 89 156
39 89 40
39 89 44
39 89 48
39 89 52
39 89 56
39 89 60
39 89 64
39 89 68
39 89 72
39 89 76
39 89 80
39 89 84
39 89 88
39 89 92
39 89 96
39 89 100
39 89 104
39 89 108
39 89 112
39 89 116
39 89 120
39 89 124
39 89 128
39 89 132
39 89 136
39 89 140
39 89 144
39 89 148
39 89 152
39 89 156
40 89 40
40 89 44
40 89 48
40 89 52
40 89 56
40 89 60
40 89 64
40 89 68
40 89 72
40 89 76
40 89 80
40 89 84
40 89 88
40 89 92
40 89 96
40 89 100
40 89 104
40 89 108
40 89 112
40 89 116
40 89 120
40 89 124
40 89 128
40 89 132
40 89 136
40 89 140
40 89 144
40 89 148
40 89 152
40 89 156
41 89 40
41 89 44
41 89 48
41 89 52
41 89 56
41 89 60
41 89 64
41 89 68
41 89 72
41 89 76
41 89 80
41 89 84
41 89 88
41 89 92
41 89 96
41 89 100
41 89 104
41 89 108
41 89 112
41 89 116
41 89 120
41 89 124
41 89 128
41 89 132
41 89 136
41 89 140
41 89 144
41 89 148
41 89 152
42 89 40
42 89 44
42 89 48
42 89 52
42 89 56
42 89 60
42 89 64
42 89 68
42 89 72
42 89 76
42 89 80
42 89 84
42 89 88
42 89 92
42 89 96
42 89 100
42 89 104
42 89 108
42 89 112
42 89 116
42 89 120
42 89 124
42 89 128
42 89 132
42 89 136
42 89 140
42 89 144
42 89 148
43 89 40
43 89 44
43 89 48
43 89 52
43 89 56
43 89 60
43 89 64
43 89 68
43 89 72
43 89 76
43 89 80
43 89 84
43 89 88
43 89 92
43 89 96
43 89 100
43 89 104
43 89 108
43 89 112
43 89 116
43 89 120
43 89 124
43 89 128
43 89 132
43 89 136
43 89 140
43 89 144
44 89 40
44 89 44
44 89 48
44 89 52
44 89 56
44 89 60
44 89 64
44 89 68
44 89 72
44 89 76
44 89 80
44 89 84
44 89 88
44 89 92
44 89 96
44 89 100
44 89 104
44 89 108
44 89 112
44 89 116
44 89 120
44 89 124
44 89 128
44 89 132
45 89 40
45 89 44
45 89 48
45 89 52
45 89 56
45 89 60
45 89 64
45 89 68
45 89 72
45 89 76
45 89 80
45 89 84
45 89 88
45 89 92
45 89 96
45 89 100
45 89 104
45 89 108
45 89 112
45 89 116
45 89 120
45 89 124
46 89 40
46 89 44
46 89 48
46 89 52
46 89 56
46 89 60
46 89 64
46 89 68
46 89 72
46 89 76
46 89 80
46 89 84
46 89 88
46 89 92
46 89 96
46 89 100
46 89 104
46 89 108
47 89 40
47 89 44
47 89 48
47 89 52
47 89 56
47 89 60
47 89 64
47 89 68
47 89 72
47 89 76
47 89 80
47 89 84
47 89 88
47 89 92
47 89 96
48 89 40
48 89 44
48 89 48
48 89 52
48 89 56
48 89 60
48 89 64
48 89 68
48 89 72
48 89 76
48 89 80
48 89 84
49 89 40
49 89 44
49 89 48
49 89 52
49 89 56
49 89 60
49 89 64
50 89 40
50 89 44
50 89 48
50 89 52
50 89 56
50 89 60
50 89 64
50 89 68
51 89 40
51 89 44
51 89 48
51 89 52
51 89 56
51 89 60
51 89 64
52 89 40
52 89 44
52 89 48
52 89 52
52 89 56
52 89 60
53 89 40
53 89 44
53 89 48
53 89 52
53 89 56
54 89 40
54 89 44
54 89 48
54 89 52
55 89 40
55 89 44
55 89 48
55 89 52
56 89 40
56 89 44
56 89 48
56 89 52
57 89 40
57 89 44
57 89 48
58 89 40
58 89 44
58 89 48
59 89 40
59 89 44
59 89 48
60 89 40
60 89 44
60 89 48
61 89 40
61 89 44
61 89 48
62 89 40
62 89 44
62 89 48
63 89 40
63 89 44
63 89 48
64 89 40
64 89 44
64 89 48
65 89 40
65 89 44
65 89 48
66 89 40
66 89 44
66 89 48
67 89 40
67 89 44
68 89 40
68 89 44
70 89 40
70 89 44
71 89 40
71 89 44
72 89 40
72 89 44
73 89 40
73 89 44
74 89 40
74 89 44
75 89 40
75 89 44
76 89 40
76 89 44
77 89 40
77 89 44
78 89 40
78 89 44
79 89 40
79 89 44
80 89 40
80 89 44
81 89 40
81 89 44
82 89 40
82 89 44
83 89 40
83 89 44
84 89 40
85 89 40
86 89 40
87 89 40
88 89 40
