9 9 100
9 29 100
9 49 100
9 69 100
9 89 100
9 109 100
9 129 100
9 149 100
9 169 100
9 189 100
29 9 100
29 29 100
29 49 100
29 69 100
29 89 100
29 109 100
29 129 100
29 149 100
29 169 100
29 189 100
49 9 100
49 29 100
49 49 100
49 69 100
49 89 100
49 109 100
49 129 100
49 149 100
49 169 100
49 189 100
69 9 100
69 29 100
69 49 100
69 69 100
69 89 100
69 109 100
69 129 100
69 149 100
69 169 100
69 189 100
89 9 100
89 29 100
89 49 100
89 69 100
89 89 100
89 109 100
89 129 100
89 149 100
89 169 100
89 189 100
109 9 100
109 29 100
109 49 100
109 69 100
109 89 100
109 109 100
109 129 100
109 149 100
109 169 100
109 189 100
129 9 100
129 29 100
129 49 100
129 69 100
129 89 100
129 109 100
129 129 100
129 149 100
129 169 100
129 189 100
149 9 100
149 29 100
149 49 100
149 69 100
149 89 100
149 109 100
149 129 100
149 149 100
149 169 100
149 189 100
169 9 100
169 29 100
169 49 100
169 69 100
169 89 100
169 109 100
169 129 100
169 149 100
169 169 100
169 189 100
189 9 100
189 29 100
189 49 100
189 69 100
189 89 100
189 109 100
189 129 100
189 149 100
189 169 100
189 189 100
9 69 100
9 89 100
9 109 100
9 149 100
9 169 100
29 89 100
29 109 100
29 129 100
29 149 100
49 89 100
49 109 100
49 129 100
49 149 100
49 169 100
49 189 100
69 9 100
69 29 100
69 109 100
69 129 100
69 189 100
89 9 100
89 29 100
89 49 100
89 129 100
109 9 100
109 29 100
109 49 100
109 109 100
109 129 100
109 149 100
109 169 100
129 9 100
129 29 100
129 49 100
129 129 100
129 149 100
129 169 100
149 9 100
149 129 100
149 149 100
169 169 100
189 69 100
189 89 100
189 109 100
189 169 100
189 189 100
168 74 40
152 185 40
114 101 40
114 101 168
63 66 40
90 171 40
198 26 40
197 26 40
196 26 40
195 26 40
194 26 40
193 26 40
192 26 40
191 26 40
191 27 40
190 27 40
190 28 40
189 28 40
188 29 40
187 29 40
186 29 40
185 29 40
184 29 40
183 29 40
182 29 40
181 29 40
180 29 40
179 29 40
178 29 40
177 29 40
176 29 40
175 29 40
174 29 40
173 29 40
172 29 40
171 29 40
170 29 40
169 30 40
169 31 40
169 32 40
169 33 40
169 34 40
169 35 40
169 36 40
169 37 40
169 38 40
169 39 40
169 40 40
169 41 40
169 42 40
169 43 40
169 44 40
169 45 40
169 46 40
169 47 40
169 48 40
169 50 40
169 51 40
169 52 40
169 53 40
169 54 40
169 55 40
169 56 40
169 57 40
169 58 40
169 59 40
169 60 40
169 61 40
169 62 40
169 63 40
169 64 40
169 65 40
169 66 40
169 67 40
169 68 40
168 69 40
168 70 40
168 71 40
168 72 40
168 73 40
89 171 40
89 172 40
89 173 40
89 174 40
89 175 40
89 176 40
89 177 40
89 178 40
89 178 168
89 179 40
89 179 168
89 180 40
89 180 168
89 181 40
89 181 168
89 182 40
89 182 168
89 183 40
89 183 168
89 184 40
89 184 168
89 185 40
89 185 168
89 186 40
89 186 168
89 187 40
89 187 168
89 188 40
89 188 168
90 189 40
90 189 168
91 189 40
91 189 168
92 189 40
92 189 168
93 189 40
94 189 40
95 189 40
96 189 40
97 189 40
97 189 168
98 189 40
98 189 168
99 189 40
99 189 168
100 189 40
100 189 168
101 189 40
101 189 168
102 189 40
102 189 168
103 189 40
103 189 168
104 189 40
104 189 168
105 189 40
105 189 168
106 189 40
106 189 168
107 189 40
107 189 168
108 189 40
108 189 168
110 189 40
110 189 168
111 189 40
111 189 168
112 189 40
112 189 168
113 189 40
113 189 168
114 189 40
114 189 168
115 189 40
115 189 168
116 189 40
116 189 168
117 189 40
118 189 40
119 189 40
120 189 40
121 189 40
122 189 40
123 189 40
124 189 40
125 189 40
126 189 40
126 189 168
127 189 40
127 189 168
128 189 40
130 189 40
131 189 40
132 189 40
133 189 40
134 189 40
135 189 40
136 189 40
137 189 40
138 189 40
139 189 40
140 189 40
141 189 40
142 189 40
143 189 40
144 189 40
145 189 40
146 189 40
147 189 40
148 189 40
149 188 40
150 188 40
150 187 40
151 187 40
151 186 40
152 186 40
64 66 40
65 66 40
66 66 40
67 66 40
67 67 40
67 68 40
68 68 40
69 68 40
70 69 40
71 69 40
72 69 40
73 69 40
74 69 40
75 69 40
76 69 40
77 69 40
78 69 40
79 69 40
80 69 40
81 69 40
82 69 40
83 69 40
84 69 40
85 69 40
86 69 40
87 69 40
88 69 40
90 69 40
91 69 40
92 69 40
93 69 40
94 69 40
95 69 40
96 69 40
97 69 40
98 69 40
99 69 40
100 69 40
101 69 40
101 69 168
102 69 40
102 69 168
103 69 40
103 69 168
104 69 40
104 69 168
105 69 40
105 69 168
106 69 40
107 69 40
108 69 40
110 69 40
111 69 40
112 69 40
113 69 40
114 69 40
115 69 40
116 69 40
117 69 40
118 69 40
119 69 40
120 69 40
121 69 40
122 69 40
123 69 40
124 69 40
125 69 40
126 69 40
127 69 40
128 69 40
130 69 40
131 69 40
132 69 40
133 69 40
134 69 40
135 69 40
136 69 40
137 69 40
138 69 40
139 69 40
140 69 40
141 69 40
142 69 40
143 69 40
144 69 40
145 69 40
146 69 40
147 69 40
148 69 40
150 69 40
151 69 40
152 69 40
153 69 40
154 69 40
155 69 40
156 69 40
157 69 40
158 69 40
159 69 40
160 69 40
161 69 40
162 69 40
163 69 40
164 69 40
165 69 40
166 69 40
167 69 40
114 100 40
114 100 168
114 99 40
114 98 40
114 97 40
114 96 40
114 95 40
114 94 40
114 93 40
114 92 40
113 92 40
112 92 40
112 91 40
111 91 40
111 90 40
110 90 40
110 89 40
109 88 40
109 87 40
109 86 40
109 85 40
109 84 40
109 83 40
109 82 40
109 81 40
109 80 40
109 79 40
109 78 40
109 77 40
109 76 40
109 75 40
109 74 40
109 73 40
109 72 40
109 71 40
109 70 40
