9 9 100
9 29 100
9 49 100
9 69 100
9 89 100
9 109 100
9 129 100
9 149 100
9 169 100
9 189 100
29 9 100
29 29 100
29 49 100
29 69 100
29 89 100
29 109 100
29 129 100
29 149 100
29 169 100
29 189 100
49 9 100
49 29 100
49 49 100
49 69 100
49 89 100
49 109 100
49 129 100
49 149 100
49 169 100
49 189 100
69 9 100
69 29 100
69 49 100
69 69 100
69 89 100
69 109 100
69 129 100
69 149 100
69 169 100
69 189 100
89 9 100
89 29 100
89 49 100
89 69 100
89 89 100
89 109 100
89 129 100
89 149 100
89 169 100
89 189 100
109 9 100
109 29 100
109 49 100
109 69 100
109 89 100
109 109 100
109 129 100
109 149 100
109 169 100
109 189 100
129 9 100
129 29 100
129 49 100
129 69 100
129 89 100
129 109 100
129 129 100
129 149 100
129 169 100
129 189 100
149 9 100
149 29 100
149 49 100
149 69 100
149 89 100
149 109 100
149 129 100
149 149 100
149 169 100
149 189 100
169 9 100
169 29 100
169 49 100
169 69 100
169 89 100
169 109 100
169 129 100
169 149 100
169 169 100
169 189 100
189 9 100
189 29 100
189 49 100
189 69 100
189 89 100
189 109 100
189 129 100
189 149 100
189 169 100
189 189 100
9 9 100
9 29 100
9 89 100
9 109 100
9 149 100
9 169 100
9 189 100
29 29 100
29 69 100
29 89 100
29 109 100
29 149 100
29 169 100
29 189 100
49 29 100
49 49 100
49 89 100
49 109 100
49 129 100
49 189 100
69 29 100
69 49 100
69 89 100
69 109 100
69 129 100
69 169 100
89 9 100
89 29 100
89 129 100
89 149 100
89 169 100
89 189 100
109 9 100
109 29 100
109 49 100
109 89 100
109 129 100
109 189 100
129 9 100
129 69 100
129 109 100
129 129 100
129 189 100
149 9 100
149 49 100
149 69 100
149 89 100
149 129 100
149 149 100
149 189 100
169 9 100
169 29 100
169 49 100
169 69 100
169 89 100
169 109 100
169 129 100
169 149 100
169 169 100
189 29 100
189 129 100
189 169 100
189 189 100
78 110 40
179 4 40
65 180 40
69 0 40
96 72 40
176 73 40
176 73 56
176 73 72
176 73 88
176 73 104
176 73 120
176 73 136
42 160 40
121 59 40
152 153 40
152 153 56
152 153 72
152 153 88
152 153 104
152 153 120
152 153 136
152 153 152
152 153 168
152 153 184
152 153 200
152 153 216
152 153 232
152 153 248
152 153 264
152 153 280
13 126 40
150 27 40
146 101 40
95 72 40
94 72 40
93 72 40
92 72 40
91 72 40
90 72 40
89 72 40
89 73 40
89 74 40
89 75 40
89 76 40
89 77 40
89 78 40
89 79 40
89 80 40
89 81 40
89 82 40
89 83 40
89 84 40
89 85 40
89 86 40
89 87 40
89 88 40
89 90 40
89 91 40
89 92 40
89 93 40
89 94 40
89 95 40
89 96 40
89 97 40
89 98 40
89 99 40
89 100 40
89 101 40
89 102 40
89 103 40
89 104 40
89 105 40
89 106 40
89 107 40
89 108 40
89 110 40
88 110 40
87 110 40
86 110 40
85 110 40
84 110 40
83 110 40
82 110 40
81 110 40
80 110 40
79 110 40
120 59 40
119 59 40
119 60 40
118 60 40
118 61 40
117 61 40
116 61 40
116 62 40
115 62 40
115 63 40
115 64 40
114 64 40
113 64 40
113 65 40
112 65 40
112 66 40
111 66 40
111 67 40
110 67 40
110 68 40
109 68 40
108 69 40
108 70 40
107 70 40
107 71 40
106 71 40
106 72 40
105 72 40
104 72 40
103 72 40
102 72 40
101 72 40
100 72 40
99 72 40
98 72 40
97 72 40
150 28 40
149 28 40
148 29 40
147 29 40
146 29 40
145 29 40
144 29 40
143 29 40
142 29 40
141 29 40
140 29 40
139 29 40
138 29 40
137 29 40
136 29 40
135 29 40
134 29 40
133 29 40
132 29 40
131 29 40
130 29 40
129 30 40
129 31 40
129 32 40
129 33 40
129 34 40
129 35 40
129 36 40
129 37 40
129 38 40
129 39 40
129 40 40
129 41 40
129 42 40
129 43 40
129 44 40
129 45 40
129 46 40
129 47 40
129 48 40
128 49 40
128 50 40
127 50 40
127 51 40
126 51 40
126 52 40
125 52 40
125 53 40
124 53 40
124 54 40
123 54 40
123 55 40
123 56 40
122 56 40
121 56 40
121 57 40
121 58 40
43 160 40
43 161 40
43 162 40
43 163 40
44 163 40
44 164 40
45 164 40
45 165 40
46 165 40
46 166 40
47 166 40
47 167 40
48 167 40
48 168 40
49 168 40
50 169 40
50 170 40
51 170 40
51 171 40
51 172 40
52 172 40
53 172 40
53 173 40
53 174 40
54 174 40
54 175 40
55 175 40
56 175 40
56 176 40
56 177 40
57 177 40
58 177 40
58 178 40
58 179 40
59 179 40
60 179 40
60 180 40
61 180 40
62 180 40
63 180 40
64 180 40
68 0 40
67 0 40
66 0 40
65 0 40
64 0 40
63 0 40
62 0 40
61 0 40
60 0 40
60 0 56
59 0 40
59 0 56
58 0 40
58 0 56
57 0 40
57 0 56
56 0 40
56 0 56
55 0 40
55 0 56
54 0 40
54 0 56
53 0 40
53 0 56
52 0 40
51 0 40
50 0 40
49 0 40
49 1 40
49 2 40
49 3 40
49 4 40
49 5 40
49 6 40
48 6 40
47 6 40
46 6 40
45 6 40
44 6 40
43 6 40
42 6 40
41 6 40
40 6 40
39 6 40
38 6 40
37 6 40
36 6 40
35 6 40
34 6 40
33 6 40
32 6 40
31 6 40
30 6 40
29 6 40
29 7 40
29 8 40
29 8 56
29 10 40
29 10 56
29 11 40
29 11 56
29 12 40
29 12 56
29 13 40
29 13 56
29 14 40
29 14 56
29 15 40
29 15 56
29 16 40
29 16 56
29 17 40
29 17 56
29 17 72
29 18 40
29 18 56
29 18 72
29 19 40
29 19 56
29 19 72
29 20 40
29 20 56
29 20 72
29 20 88
29 21 40
29 21 56
29 21 72
29 21 88
29 22 40
29 22 56
29 22 72
29 22 88
29 23 40
29 23 56
29 23 72
29 23 88
29 24 40
29 24 56
29 24 72
29 24 88
29 25 40
29 25 56
29 25 72
29 25 88
29 26 40
29 26 56
29 26 72
29 26 88
29 27 40
29 27 56
29 27 72
29 28 40
29 28 56
29 28 72
29 30 40
29 30 56
29 30 72
29 31 40
29 31 56
29 32 40
29 32 56
29 33 40
29 33 56
29 34 40
29 34 56
29 35 40
29 35 56
29 36 40
29 36 56
29 37 40
29 37 56
29 38 40
29 38 56
29 39 40
29 39 56
29 40 40
29 40 56
29 40 72
29 41 40
29 41 56
29 41 72
29 42 40
29 42 56
29 42 72
29 43 40
29 43 56
29 43 72
29 44 40
29 44 56
29 44 72
29 45 40
29 45 56
29 45 72
29 46 40
29 46 56
29 46 72
29 47 40
29 47 56
29 47 72
29 48 40
29 48 56
29 50 40
29 50 56
30 50 40
30 50 56
30 51 40
30 51 56
30 52 40
30 52 56
30 53 40
30 53 56
30 54 40
30 54 56
30 55 40
30 55 56
30 56 40
30 56 56
30 57 40
30 57 56
30 58 40
30 58 56
30 59 40
30 59 56
30 60 40
30 60 56
30 61 40
30 61 56
30 62 40
30 62 56
30 63 40
30 63 56
30 64 40
30 64 56
30 65 40
30 65 56
30 65 72
30 66 40
30 66 56
30 66 72
30 67 40
30 67 56
30 67 72
30 68 40
30 68 56
30 68 72
31 68 40
31 68 56
31 68 72
32 68 40
32 68 56
32 68 72
33 68 40
33 68 56
33 68 72
34 68 40
34 68 56
34 68 72
35 68 40
35 68 56
35 68 72
36 68 40
36 68 56
36 68 72
37 68 40
37 68 56
37 68 72
38 68 40
38 68 56
38 68 72
39 68 40
39 68 56
40 68 40
40 68 56
41 68 40
41 68 56
42 68 40
42 68 56
43 68 40
44 68 40
45 68 40
46 68 40
47 68 40
48 68 40
48 69 40
50 69 40
51 69 40
52 69 40
53 69 40
54 69 40
55 69 40
56 69 40
56 69 56
57 69 40
57 69 56
58 69 40
58 69 56
59 69 40
59 69 56
60 69 40
60 69 56
60 69 72
61 69 40
61 69 56
61 69 72
62 69 40
62 69 56
62 69 72
63 69 40
63 69 56
63 69 72
64 69 40
64 69 56
64 69 72
65 69 40
65 69 56
65 69 72
66 69 40
66 69 56
66 69 72
67 69 40
67 69 56
68 69 40
68 69 56
70 69 40
71 69 40
72 69 40
73 69 40
74 69 40
75 69 40
76 69 40
77 69 40
78 69 40
79 69 40
80 69 40
81 69 40
82 69 40
83 69 40
84 69 40
85 69 40
86 69 40
87 69 40
88 69 40
89 70 40
89 71 40
13 127 40
13 128 40
14 128 40
15 128 40
16 128 40
17 128 40
18 128 40
19 128 40
20 128 40
21 128 40
22 128 40
23 128 40
24 128 40
25 128 40
26 128 40
27 128 40
28 128 40
28 128 56
28 129 40
28 129 56
29 130 40
29 130 56
30 130 40
30 130 56
30 130 72
30 131 40
30 131 56
30 131 72
31 131 40
31 131 56
31 131 72
31 131 88
31 132 40
31 132 56
31 132 72
31 132 88
32 132 40
32 132 56
32 132 72
32 132 88
32 132 104
32 133 40
32 133 56
32 133 72
32 133 88
32 133 104
33 133 40
33 133 56
33 133 72
33 133 88
33 133 104
33 133 120
33 134 40
33 134 56
33 134 72
33 134 88
33 134 104
33 134 120
33 134 136
34 134 40
34 134 56
34 134 72
34 134 88
34 134 104
34 134 120
34 134 136
35 134 40
35 134 56
35 134 72
35 134 88
35 134 104
35 134 120
35 134 136
35 134 152
35 135 40
35 135 56
35 135 72
35 135 88
35 135 104
35 135 120
35 135 136
35 135 152
35 135 168
36 135 40
36 135 56
36 135 72
36 135 88
36 135 104
36 135 120
36 135 136
36 135 152
36 135 168
36 136 40
36 136 56
36 136 72
36 136 88
36 136 104
36 136 120
36 136 136
36 136 152
36 136 168
37 136 40
37 136 56
37 136 72
37 136 88
37 136 104
37 136 120
37 136 136
37 136 152
37 136 168
37 137 40
37 137 56
37 137 72
37 137 88
37 137 104
37 137 120
37 137 136
37 137 152
37 137 168
37 137 184
37 138 40
37 138 56
37 138 72
37 138 88
37 138 104
37 138 120
37 138 136
37 138 152
37 138 168
37 138 184
38 138 40
38 138 56
38 138 72
38 138 88
38 138 104
38 138 120
38 138 136
38 138 152
38 138 168
38 138 184
39 138 40
39 138 56
39 138 72
39 138 88
39 138 104
39 138 120
39 138 136
39 138 152
39 138 168
39 139 40
39 139 56
39 139 72
39 139 88
39 139 104
39 139 120
39 139 136
39 139 152
39 139 168
40 139 40
40 139 56
40 139 72
40 139 88
40 139 104
40 139 120
40 139 136
40 139 152
40 140 40
40 140 56
40 140 72
40 140 88
40 140 104
40 140 120
40 140 136
40 140 152
40 141 40
40 141 56
40 141 72
40 141 88
40 141 104
40 141 120
40 141 136
40 141 152
41 141 40
41 141 56
41 141 72
41 141 88
41 141 104
41 141 120
41 141 136
42 141 40
42 141 56
42 141 72
42 141 88
42 141 104
42 141 120
42 142 40
42 142 56
42 142 72
42 142 88
42 142 104
42 142 120
43 142 40
43 142 56
43 142 72
43 142 88
43 142 104
43 143 40
43 143 56
43 143 72
43 143 88
43 143 104
44 143 40
44 143 56
44 143 72
44 143 88
44 143 104
44 144 40
44 144 56
44 144 72
44 144 88
44 144 104
45 144 40
45 144 56
45 144 72
45 144 88
45 145 40
45 145 56
45 145 72
45 145 88
46 145 40
46 145 56
46 145 72
46 146 40
46 146 56
46 146 72
47 146 40
47 146 56
47 147 40
47 147 56
48 147 40
48 147 56
48 148 40
48 148 56
49 148 40
49 150 40
49 151 40
49 152 40
49 153 40
49 154 40
49 155 40
49 156 40
49 157 40
49 158 40
49 159 40
49 160 40
49 161 40
49 162 40
49 163 40
49 164 40
49 165 40
49 166 40
49 167 40
146 100 40
146 99 40
146 98 40
146 97 40
146 96 40
146 95 40
146 94 40
146 93 40
146 92 40
146 91 40
146 91 56
146 90 40
146 90 56
145 90 40
145 90 56
144 90 40
143 90 40
142 90 40
141 90 40
140 90 40
139 90 40
138 90 40
137 90 40
136 90 40
135 90 40
134 90 40
133 90 40
132 90 40
131 90 40
130 90 40
130 89 40
129 88 40
128 88 40
128 87 40
127 87 40
127 87 56
127 86 40
127 86 56
126 86 40
126 86 56
126 86 72
126 85 40
126 85 56
126 85 72
125 85 40
125 85 56
125 85 72
125 85 88
125 84 40
125 84 56
125 84 72
125 84 88
124 84 40
124 84 56
124 84 72
124 84 88
124 84 104
124 83 40
124 83 56
124 83 72
124 83 88
124 83 104
123 83 40
123 83 56
123 83 72
123 83 88
123 83 104
123 83 120
122 83 40
122 83 56
122 83 72
122 83 88
122 83 104
122 83 120
122 83 136
122 82 40
122 82 56
122 82 72
122 82 88
122 82 104
122 82 120
122 82 136
122 81 40
122 81 56
122 81 72
122 81 88
122 81 104
122 81 120
122 81 136
121 81 40
121 81 56
121 81 72
121 81 88
121 81 104
121 81 120
121 81 136
121 80 40
121 80 56
121 80 72
121 80 88
121 80 104
121 80 120
121 80 136
120 80 40
120 80 56
120 80 72
120 80 88
120 80 104
120 80 120
120 80 136
120 80 152
119 80 40
119 80 56
119 80 72
119 80 88
119 80 104
119 80 120
119 80 136
119 80 152
119 79 40
119 79 56
119 79 72
119 79 88
119 79 104
119 79 120
119 79 136
118 79 40
118 79 56
118 79 72
118 79 88
118 79 104
118 79 120
118 79 136
118 79 152
118 78 40
118 78 56
118 78 72
118 78 88
118 78 104
118 78 120
118 78 136
117 78 40
117 78 56
117 78 72
117 78 88
117 78 104
117 78 120
117 78 136
117 77 40
117 77 56
117 77 72
117 77 88
117 77 104
117 77 120
117 76 40
117 76 56
117 76 72
117 76 88
117 76 104
116 76 40
116 76 56
116 76 72
116 76 88
116 76 104
115 76 40
115 76 56
115 76 72
115 76 88
115 76 104
115 75 40
115 75 56
115 75 72
115 75 88
115 74 40
115 74 56
115 74 72
114 74 40
114 74 56
114 74 72
113 74 40
113 74 56
113 74 72
113 73 40
113 73 56
113 73 72
112 73 40
112 73 56
112 72 40
112 72 56
111 72 40
111 72 56
111 71 40
110 71 40
110 70 40
109 70 40
177 73 40
177 73 56
177 73 72
177 73 88
177 73 104
177 73 120
177 73 136
178 73 40
178 73 56
178 73 72
178 73 88
178 73 104
178 73 120
178 73 136
179 73 40
179 73 56
179 73 72
179 73 88
179 73 104
179 73 120
180 73 40
180 73 56
180 73 72
180 73 88
180 73 104
180 73 120
181 73 40
181 73 56
181 73 72
181 73 88
181 73 104
181 73 120
182 73 40
182 73 56
182 73 72
182 73 88
182 73 104
183 73 40
183 73 56
183 73 72
183 73 88
183 73 104
184 73 40
184 73 56
184 73 72
184 73 88
184 73 104
185 73 40
185 73 56
185 73 72
185 73 88
186 73 40
186 73 56
186 73 72
186 73 88
187 73 40
187 73 56
187 73 72
187 73 88
188 73 40
188 73 56
188 73 72
188 73 88
188 74 40
188 74 56
188 74 72
188 74 88
188 75 40
188 75 56
188 75 72
188 75 88
188 76 40
188 76 56
188 76 72
188 76 88
188 77 40
188 77 56
188 77 72
188 78 40
188 78 56
188 78 72
188 79 40
188 79 56
188 80 40
188 80 56
188 81 40
188 81 56
188 82 40
188 83 40
188 84 40
188 85 40
188 86 40
188 87 40
188 88 40
188 89 40
188 90 40
187 90 40
186 90 40
185 90 40
184 90 40
183 90 40
182 90 40
181 90 40
180 90 40
179 90 40
178 90 40
177 90 40
176 90 40
175 90 40
175 90 56
174 90 40
174 90 56
173 90 40
173 90 56
172 90 40
172 90 56
171 90 40
171 90 56
170 90 40
170 90 56
170 90 72
169 90 40
169 90 56
169 90 72
168 90 40
168 90 56
168 90 72
167 90 40
167 90 56
167 90 72
167 90 88
166 90 40
166 90 56
166 90 72
166 90 88
165 90 40
165 90 56
165 90 72
165 90 88
164 90 40
164 90 56
164 90 72
164 90 88
163 90 40
163 90 56
163 90 72
163 90 88
162 90 40
162 90 56
162 90 72
162 90 88
161 90 40
161 90 56
161 90 72
161 90 88
160 90 40
160 90 56
160 90 72
160 90 88
159 90 40
159 90 56
159 90 72
159 90 88
159 90 104
158 90 40
158 90 56
158 90 72
158 90 88
158 90 104
157 90 40
157 90 56
157 90 72
157 90 88
157 90 104
156 90 40
156 90 56
156 90 72
156 90 88
155 90 40
155 90 56
155 90 72
155 90 88
154 90 40
154 90 56
154 90 72
154 90 88
153 90 40
153 90 56
153 90 72
153 90 88
152 90 40
152 90 56
152 90 72
151 90 40
151 90 56
151 90 72
150 90 40
150 90 56
150 90 72
149 90 40
149 90 56
148 90 40
148 90 56
147 90 40
147 90 56
152 154 40
152 154 56
152 154 72
152 154 88
152 154 104
152 154 120
152 154 136
152 154 152
152 154 168
152 154 184
152 154 200
152 154 216
152 154 232
152 154 248
152 154 264
152 154 280
152 155 40
152 155 56
152 155 72
152 155 88
152 155 104
152 155 120
152 155 136
152 155 152
152 155 168
152 155 184
152 155 200
152 155 216
152 155 232
152 155 248
152 155 264
152 155 280
152 156 40
152 156 56
152 156 72
152 156 88
152 156 104
152 156 120
152 156 136
152 156 152
152 156 168
152 156 184
152 156 200
152 156 216
152 156 232
152 156 248
152 156 264
152 156 280
152 157 40
152 157 56
152 157 72
152 157 88
152 157 104
152 157 120
152 157 136
152 157 152
152 157 168
152 157 184
152 157 200
152 157 216
152 157 232
152 157 248
152 158 40
152 158 56
152 158 72
152 158 88
152 158 104
152 158 120
152 158 136
152 158 152
152 158 168
152 158 184
152 158 200
152 158 216
152 158 232
152 159 40
152 159 56
152 159 72
152 159 88
152 159 104
152 159 120
152 159 136
152 159 152
152 159 168
152 159 184
152 159 200
152 160 40
152 160 56
152 160 72
152 160 88
152 160 104
152 160 120
152 160 136
152 160 152
152 160 168
152 161 40
152 161 56
152 161 72
152 161 88
152 161 104
152 161 120
152 161 136
152 161 152
152 162 40
152 162 56
152 162 72
152 162 88
152 162 104
152 162 120
152 163 40
152 163 56
152 163 72
152 163 88
152 164 40
152 164 56
152 164 72
152 165 40
152 165 56
152 166 40
152 166 56
152 167 40
151 167 40
151 168 40
150 168 40
150 169 40
148 169 40
147 169 40
146 169 40
146 169 56
145 169 40
145 169 56
144 169 40
144 169 56
143 169 40
143 169 56
142 169 40
142 169 56
142 169 72
141 169 40
141 169 56
141 169 72
140 169 40
140 169 56
140 169 72
139 169 40
139 169 56
139 169 72
138 169 40
138 169 56
138 169 72
137 169 40
137 169 56
137 169 72
136 169 40
136 169 56
136 169 72
135 169 40
135 169 56
134 169 40
134 169 56
133 169 40
133 169 56
132 169 40
132 169 56
131 169 40
130 169 40
129 168 40
129 167 40
129 166 40
129 165 40
129 164 40
129 163 40
129 162 40
129 161 40
129 160 40
129 159 40
129 158 40
129 157 40
129 156 40
129 155 40
129 154 40
129 153 40
129 152 40
129 151 40
129 150 40
128 149 40
127 149 40
126 149 40
125 149 40
124 149 40
123 149 40
122 149 40
121 149 40
120 149 40
119 149 40
118 149 40
117 149 40
116 149 40
115 149 40
114 149 40
113 149 40
112 149 40
111 149 40
110 149 40
109 148 40
109 148 56
109 147 40
109 147 56
109 146 40
109 146 56
109 145 40
109 145 56
109 145 72
109 144 40
109 144 56
109 144 72
109 143 40
109 143 56
109 143 72
109 143 88
109 142 40
109 142 56
109 142 72
109 142 88
109 142 104
109 141 40
109 141 56
109 141 72
109 141 88
109 141 104
109 141 120
109 141 136
109 140 40
109 140 56
109 140 72
109 140 88
109 140 104
109 140 120
109 140 136
109 140 152
109 139 40
109 139 56
109 139 72
109 139 88
109 139 104
109 139 120
109 139 136
109 139 152
109 139 168
109 139 184
109 138 40
109 138 56
109 138 72
109 138 88
109 138 104
109 138 120
109 138 136
109 138 152
109 138 168
109 138 184
109 138 200
109 138 216
109 137 40
109 137 56
109 137 72
109 137 88
109 137 104
109 137 120
109 137 136
109 137 152
109 137 168
109 137 184
109 137 200
109 137 216
109 137 232
109 137 248
109 136 40
109 136 56
109 136 72
109 136 88
109 136 104
109 136 120
109 136 136
109 136 152
109 136 168
109 136 184
109 136 200
109 136 216
109 136 232
109 136 248
109 136 264
109 135 40
109 135 56
109 135 72
109 135 88
109 135 104
109 135 120
109 135 136
109 135 152
109 135 168
109 135 184
109 135 200
109 135 216
109 135 232
109 135 248
109 135 264
109 135 280
109 134 40
109 134 56
109 134 72
109 134 88
109 134 104
109 134 120
109 134 136
109 134 152
109 134 168
109 134 184
109 134 200
109 134 216
109 134 232
109 134 248
109 134 264
109 134 280
109 134 296
109 133 40
109 133 56
109 133 72
109 133 88
109 133 104
109 133 120
109 133 136
109 133 152
109 133 168
109 133 184
109 133 200
109 133 216
109 133 232
109 133 248
109 133 264
109 133 280
109 133 296
109 133 312
109 132 40
109 132 56
109 132 72
109 132 88
109 132 104
109 132 120
109 132 136
109 132 152
109 132 168
109 132 184
109 132 200
109 132 216
109 132 232
109 132 248
109 132 264
109 132 280
109 132 296
109 132 312
109 132 328
109 131 40
109 131 56
109 131 72
109 131 88
109 131 104
109 131 120
109 131 136
109 131 152
109 131 168
109 131 184
109 131 200
109 131 216
109 131 232
109 131 248
109 131 264
109 131 280
109 131 296
109 131 312
109 131 328
109 130 40
109 130 56
109 130 72
109 130 88
109 130 104
109 130 120
109 130 136
109 130 152
109 130 168
109 130 184
109 130 200
109 130 216
109 130 232
109 130 248
109 130 264
109 130 280
109 130 296
109 130 312
109 130 328
109 130 344
109 129 40
109 129 56
109 129 72
109 129 88
109 129 104
109 129 120
109 129 136
109 129 152
109 129 168
109 129 184
109 129 200
109 129 216
109 129 232
109 129 248
109 129 264
109 129 280
109 129 296
109 129 312
109 129 328
109 128 40
109 128 56
109 128 72
109 128 88
109 128 104
109 128 120
109 128 136
109 128 152
109 128 168
109 128 184
109 128 200
109 128 216
109 128 232
109 128 248
109 128 264
109 128 280
109 128 296
109 128 312
109 128 328
109 127 40
109 127 56
109 127 72
109 127 88
109 127 104
109 127 120
109 127 136
109 127 152
109 127 168
109 127 184
109 127 200
109 127 216
109 127 232
109 127 248
109 127 264
109 127 280
109 127 296
109 127 312
109 127 328
109 126 40
109 126 56
109 126 72
109 126 88
109 126 104
109 126 120
109 126 136
109 126 152
109 126 168
109 126 184
109 126 200
109 126 216
109 126 232
109 126 248
109 126 264
109 126 280
109 126 296
109 126 312
109 125 40
109 125 56
109 125 72
109 125 88
109 125 104
109 125 120
109 125 136
109 125 152
109 125 168
109 125 184
109 125 200
109 125 216
109 125 232
109 125 248
109 125 264
109 125 280
109 124 40
109 124 56
109 124 72
109 124 88
109 124 104
109 124 120
109 124 136
109 124 152
109 124 168
109 124 184
109 124 200
109 124 216
109 124 232
109 124 248
109 124 264
109 123 40
109 123 56
109 123 72
109 123 88
109 123 104
109 123 120
109 123 136
109 123 152
109 123 168
109 123 184
109 123 200
109 123 216
109 123 232
109 122 40
109 122 56
109 122 72
109 122 88
109 122 104
109 122 120
109 122 136
109 122 152
109 122 168
109 122 184
109 122 200
109 121 40
109 121 56
109 121 72
109 121 88
109 121 104
109 121 120
109 121 136
109 121 152
109 121 168
109 120 40
109 120 56
109 120 72
109 120 88
109 120 104
109 120 120
109 120 136
109 119 40
109 119 56
109 119 72
109 119 88
109 119 104
109 119 120
109 118 40
109 118 56
109 118 72
109 118 88
109 118 104
109 117 40
109 117 56
109 117 72
109 117 88
109 116 40
109 116 56
109 116 72
109 115 40
109 115 56
109 115 72
109 114 40
109 114 56
109 114 72
109 113 40
109 113 56
109 112 40
109 112 56
109 111 40
109 111 56
109 110 40
109 110 56
108 109 40
108 109 56
107 109 40
106 109 40
105 109 40
104 109 40
103 109 40
102 109 40
101 109 40
100 109 40
99 109 40
98 109 40
97 109 40
96 109 40
95 109 40
94 109 40
93 109 40
92 109 40
91 109 40
90 109 40
