9 9 100
9 29 100
9 49 100
9 69 100
9 89 100
9 109 100
9 129 100
9 149 100
9 169 100
9 189 100
29 9 100
29 29 100
29 49 100
29 69 100
29 89 100
29 109 100
29 129 100
29 149 100
29 169 100
29 189 100
49 9 100
49 29 100
49 49 100
49 69 100
49 89 100
49 109 100
49 129 100
49 149 100
49 169 100
49 189 100
69 9 100
69 29 100
69 49 100
69 69 100
69 89 100
69 109 100
69 129 100
69 149 100
69 169 100
69 189 100
89 9 100
89 29 100
89 49 100
89 69 100
89 89 100
89 109 100
89 129 100
89 149 100
89 169 100
89 189 100
109 9 100
109 29 100
109 49 100
109 69 100
109 89 100
109 109 100
109 129 100
109 149 100
109 169 100
109 189 100
129 9 100
129 29 100
129 49 100
129 69 100
129 89 100
129 109 100
129 129 100
129 149 100
129 169 100
129 189 100
149 9 100
149 29 100
149 49 100
149 69 100
149 89 100
149 109 100
149 129 100
149 149 100
149 169 100
149 189 100
169 9 100
169 29 100
169 49 100
169 69 100
169 89 100
169 109 100
169 129 100
169 149 100
169 169 100
169 189 100
189 9 100
189 29 100
189 49 100
189 69 100
189 89 100
189 109 100
189 129 100
189 149 100
189 169 100
189 189 100
9 49 100
9 69 100
9 89 100
9 109 100
9 129 100
9 149 100
9 169 100
29 9 100
29 49 100
29 69 100
29 89 100
29 109 100
29 149 100
29 169 100
29 189 100
49 29 100
49 49 100
49 149 100
49 169 100
49 189 100
69 9 100
69 69 100
69 89 100
69 109 100
69 149 100
69 189 100
89 9 100
89 49 100
89 69 100
89 89 100
89 149 100
89 169 100
89 189 100
109 9 100
109 69 100
109 89 100
109 109 100
109 169 100
109 189 100
129 29 100
129 49 100
129 129 100
129 149 100
129 169 100
129 189 100
149 9 100
149 29 100
149 49 100
149 69 100
149 109 100
149 149 100
149 169 100
149 189 100
169 9 100
169 29 100
169 69 100
169 89 100
169 189 100
189 9 100
189 89 100
189 109 100
189 129 100
189 169 100
189 189 100
164 117 40
69 43 40
78 180 40
69 42 40
69 41 40
69 40 40
69 39 40
69 38 40
69 37 40
69 36 40
69 35 40
69 34 40
69 33 40
69 32 40
69 31 40
69 30 40
70 29 40
71 29 40
72 29 40
73 29 40
74 29 40
75 29 40
76 29 40
77 29 40
78 29 40
79 29 40
80 29 40
81 29 40
82 29 40
83 29 40
84 29 40
85 29 40
86 29 40
87 29 40
88 29 40
90 29 40
91 29 40
92 29 40
93 29 40
94 29 40
95 29 40
96 29 40
97 29 40
98 29 40
99 29 40
100 29 40
101 29 40
102 29 40
103 29 40
104 29 40
105 29 40
106 29 40
107 29 40
108 29 40
109 30 40
109 31 40
109 31 168
109 32 40
109 32 168
109 33 40
109 33 168
109 34 40
109 34 168
109 35 40
109 35 168
109 36 40
109 36 168
109 37 40
109 37 168
109 38 40
109 38 168
109 39 40
109 39 168
109 40 40
109 40 168
109 41 40
109 41 168
109 42 40
109 42 168
109 43 40
109 43 168
109 44 40
109 44 168
109 45 40
109 45 168
109 46 40
109 46 168
109 47 40
109 47 168
109 48 40
109 48 168
109 50 40
110 50 40
110 51 40
110 52 40
110 53 40
110 54 40
110 55 40
110 56 40
110 57 40
110 58 40
110 59 40
110 60 40
110 61 40
110 62 40
110 63 40
110 64 40
110 65 40
110 66 40
110 66 168
110 67 40
110 67 168
110 68 40
110 68 168
111 68 40
111 68 168
112 68 40
112 68 168
113 68 40
113 68 168
114 68 40
114 68 168
115 68 40
115 68 168
116 68 40
116 68 168
117 68 40
117 68 168
118 68 40
118 68 168
119 68 40
119 68 168
120 68 40
120 68 168
121 68 40
122 68 40
123 68 40
124 68 40
125 68 40
126 68 40
127 68 40
128 68 40
128 69 40
129 70 40
129 71 40
129 72 40
129 73 40
129 74 40
129 75 40
129 76 40
129 77 40
129 78 40
129 79 40
129 80 40
129 81 40
129 82 40
129 83 40
129 84 40
129 85 40
129 86 40
129 87 40
129 88 40
130 89 40
131 89 40
132 89 40
133 89 40
134 89 40
135 89 40
136 89 40
137 89 40
138 89 40
139 89 40
140 89 40
141 89 40
142 89 40
143 89 40
144 89 40
145 89 40
146 89 40
147 89 40
148 89 40
148 89 168
149 90 40
149 90 168
150 90 40
150 90 168
150 91 40
150 91 168
151 91 40
151 91 168
151 92 40
151 92 168
152 92 40
152 92 168
152 93 40
152 93 168
153 93 40
153 93 168
153 94 40
153 94 168
154 94 40
154 94 168
154 95 40
154 95 168
155 95 40
155 95 168
156 95 40
156 95 168
156 96 40
156 96 168
156 97 40
156 97 168
156 97 296
157 97 40
157 97 168
157 98 40
157 98 168
157 98 296
158 98 40
158 98 168
158 99 40
158 99 168
158 99 296
159 99 40
159 99 168
160 99 40
160 99 168
160 100 40
160 100 168
161 100 40
161 100 168
161 101 40
161 101 168
162 101 40
162 101 168
162 102 40
162 102 168
162 103 40
163 103 40
163 104 40
164 104 40
164 105 40
165 105 40
165 106 40
166 106 40
166 107 40
167 107 40
167 108 40
167 109 40
167 110 40
167 111 40
167 112 40
166 112 40
166 113 40
166 114 40
165 114 40
165 115 40
165 116 40
164 116 40
78 179 40
78 178 40
78 177 40
78 176 40
78 175 40
78 174 40
78 173 40
79 173 40
80 173 40
81 173 40
82 173 40
83 173 40
84 173 40
84 172 40
85 172 40
85 172 168
86 172 40
86 172 168
86 171 40
86 171 168
87 171 40
87 171 168
87 170 40
87 170 168
88 170 40
88 170 168
88 169 40
88 169 168
90 169 40
90 169 168
91 169 40
91 169 168
91 169 296
92 169 40
92 169 168
92 169 296
93 169 40
93 169 168
93 169 296
93 169 424
94 169 40
94 169 168
94 169 296
94 169 424
95 169 40
95 169 168
95 169 296
95 169 424
96 169 40
96 169 168
96 169 296
96 169 424
97 169 40
97 169 168
97 169 296
97 169 424
98 169 40
98 169 168
98 169 296
98 169 424
99 169 40
99 169 168
99 169 296
99 169 424
100 169 40
100 169 168
100 169 296
100 169 424
101 169 40
101 169 168
101 169 296
101 169 424
102 169 40
102 169 168
102 169 296
102 169 424
103 169 40
103 169 168
103 169 296
103 169 424
104 169 40
104 169 168
104 169 296
104 169 424
105 169 40
105 169 168
105 169 296
106 169 40
106 169 168
106 169 296
107 169 40
107 169 168
107 169 296
108 169 40
108 169 168
108 169 296
108 168 40
108 168 168
108 168 296
108 167 40
108 167 168
108 166 40
108 166 168
108 165 40
108 165 168
108 164 40
108 164 168
108 163 40
108 163 168
108 162 40
108 162 168
108 161 40
108 161 168
108 160 40
108 160 168
108 159 40
108 159 168
108 158 40
108 158 168
108 157 40
108 157 168
108 156 40
108 156 168
108 155 40
108 155 168
108 154 40
108 154 168
108 153 40
108 153 168
108 152 40
108 152 168
108 151 40
108 151 168
108 150 40
108 150 168
109 150 40
109 148 40
109 147 40
109 146 40
109 145 40
109 144 40
109 143 40
109 142 40
109 141 40
109 140 40
109 139 40
109 138 40
109 137 40
109 136 40
109 135 40
109 134 40
109 133 40
109 132 40
109 131 40
109 130 40
109 128 40
110 128 40
110 127 40
111 127 40
111 126 40
112 126 40
112 125 40
113 125 40
114 125 40
114 124 40
114 124 168
115 124 40
115 124 168
115 123 40
115 123 168
115 122 40
115 122 168
115 122 296
116 122 40
116 122 168
116 122 296
116 121 40
116 121 168
116 121 296
116 121 424
117 121 40
117 121 168
117 121 296
117 121 424
117 120 40
117 120 168
117 120 296
117 120 424
118 120 40
118 120 168
118 120 296
118 120 424
118 119 40
118 119 168
118 119 296
118 119 424
118 119 552
119 119 40
119 119 168
119 119 296
119 119 424
119 118 40
119 118 168
119 118 296
119 118 424
119 118 552
120 118 40
120 118 168
120 118 296
120 118 424
120 117 40
120 117 168
120 117 296
120 117 424
121 117 40
121 117 168
121 117 296
121 117 424
121 116 40
121 116 168
121 116 296
121 116 424
122 116 40
122 116 168
122 116 296
123 116 40
123 116 168
123 116 296
123 115 40
123 115 168
123 115 296
123 114 40
123 114 168
123 114 296
124 114 40
124 114 168
124 114 296
124 113 40
124 113 168
124 113 296
125 113 40
125 113 168
125 113 296
125 112 40
125 112 168
125 112 296
126 112 40
126 112 168
126 112 296
126 111 40
126 111 168
126 111 296
127 111 40
127 111 168
127 110 40
127 110 168
128 110 40
128 110 168
128 109 40
128 109 168
129 108 40
129 108 168
129 107 40
129 107 168
129 106 40
129 106 168
129 105 40
129 105 168
129 104 40
129 104 168
129 103 40
129 103 168
129 102 40
129 102 168
129 101 40
129 101 168
129 100 40
129 100 168
129 99 40
129 98 40
129 97 40
129 96 40
129 95 40
129 94 40
129 94 168
129 93 40
129 93 168
129 92 40
129 92 168
129 91 40
129 91 168
129 90 40
129 90 168
