9 9 100
9 29 100
9 49 100
9 69 100
9 89 100
9 109 100
9 129 100
9 149 100
9 169 100
9 189 100
29 9 100
29 29 100
29 49 100
29 69 100
29 89 100
29 109 100
29 129 100
29 149 100
29 169 100
29 189 100
49 9 100
49 29 100
49 49 100
49 69 100
49 89 100
49 109 100
49 129 100
49 149 100
49 169 100
49 189 100
69 9 100
69 29 100
69 49 100
69 69 100
69 89 100
69 109 100
69 129 100
69 149 100
69 169 100
69 189 100
89 9 100
89 29 100
89 49 100
89 69 100
89 89 100
89 109 100
89 129 100
89 149 100
89 169 100
89 189 100
109 9 100
109 29 100
109 49 100
109 69 100
109 89 100
109 109 100
109 129 100
109 149 100
109 169 100
109 189 100
129 9 100
129 29 100
129 49 100
129 69 100
129 89 100
129 109 100
129 129 100
129 149 100
129 169 100
129 189 100
149 9 100
149 29 100
149 49 100
149 69 100
149 89 100
149 109 100
149 129 100
149 149 100
149 169 100
149 189 100
169 9 100
169 29 100
169 49 100
169 69 100
169 89 100
169 109 100
169 129 100
169 149 100
169 169 100
169 189 100
189 9 100
189 29 100
189 49 100
189 69 100
189 89 100
189 109 100
189 129 100
189 149 100
189 169 100
189 189 100
9 29 100
9 49 100
9 89 100
9 109 100
9 129 100
9 149 100
9 169 100
29 49 100
29 109 100
29 129 100
29 149 100
49 29 100
49 69 100
49 89 100
49 109 100
49 149 100
69 29 100
69 49 100
69 69 100
69 89 100
69 109 100
69 129 100
69 149 100
69 169 100
69 189 100
89 9 100
89 49 100
89 89 100
89 109 100
89 129 100
89 169 100
89 189 100
109 9 100
109 29 100
109 49 100
109 69 100
109 169 100
109 189 100
129 29 100
129 69 100
129 89 100
129 109 100
129 129 100
129 149 100
149 29 100
149 49 100
149 69 100
149 89 100
149 109 100
149 129 100
149 149 100
149 169 100
169 9 100
169 29 100
169 49 100
169 189 100
189 9 100
189 29 100
189 89 100
189 109 100
189 189 100
38 44 40
38 44 104
104 123 40
5 187 40
184 62 40
178 146 40
184 63 40
184 64 40
184 65 40
184 66 40
184 67 40
183 67 40
182 67 40
181 67 40
180 67 40
179 67 40
178 67 40
177 67 40
176 67 40
175 67 40
174 67 40
173 67 40
172 67 40
171 67 40
171 68 40
170 68 40
169 68 40
168 68 40
167 68 40
166 68 40
165 68 40
164 68 40
163 68 40
162 68 40
161 68 40
160 68 40
159 68 40
158 68 40
157 68 40
156 68 40
155 68 40
154 68 40
153 68 40
152 68 40
152 68 104
151 68 40
151 68 104
150 68 40
150 68 104
149 68 40
149 68 104
148 68 40
148 68 104
148 68 168
148 67 40
148 67 104
148 67 168
147 67 40
147 67 104
147 67 168
147 66 40
147 66 104
147 66 168
147 66 232
146 66 40
146 66 104
146 66 168
146 66 232
146 65 40
146 65 104
146 65 168
146 65 232
145 65 40
145 65 104
145 65 168
145 65 232
144 65 40
144 65 104
144 65 168
144 65 232
144 64 40
144 64 104
144 64 168
144 64 232
144 63 40
144 63 104
144 63 168
143 63 40
143 63 104
143 63 168
143 62 40
143 62 104
143 62 168
142 62 40
142 62 104
142 62 168
142 61 40
142 61 104
142 61 168
141 61 40
141 61 104
140 61 40
140 61 104
140 60 40
140 60 104
140 59 40
140 59 104
139 59 40
139 59 104
138 59 40
138 59 104
138 58 40
138 58 104
138 57 40
137 57 40
137 56 40
136 56 40
135 56 40
135 55 40
134 55 40
134 54 40
133 54 40
133 53 40
132 53 40
132 53 104
132 52 40
132 52 104
131 52 40
131 52 104
131 51 40
131 51 104
130 51 40
130 51 104
130 50 40
130 50 104
129 50 40
129 50 104
128 49 40
128 49 104
128 48 40
128 48 104
127 48 40
127 48 104
126 48 40
126 48 104
125 48 40
125 48 104
124 48 40
124 48 104
123 48 40
123 48 104
122 48 40
122 48 104
121 48 40
121 48 104
120 48 40
120 48 104
119 48 40
119 48 104
118 48 40
118 48 104
117 48 40
117 48 104
116 48 40
116 48 104
115 48 40
115 48 104
114 48 40
114 48 104
113 48 40
113 48 104
112 48 40
112 48 104
112 48 168
111 48 40
111 48 104
111 48 168
110 48 40
110 48 104
110 48 168
109 48 40
109 48 104
109 48 168
108 48 40
108 48 104
108 48 168
108 47 40
108 47 104
108 47 168
107 47 40
107 47 104
107 47 168
107 46 40
107 46 104
107 46 168
107 46 232
106 46 40
106 46 104
106 46 168
106 46 232
106 45 40
106 45 104
106 45 168
106 45 232
105 45 40
105 45 104
105 45 168
105 45 232
104 45 40
104 45 104
104 45 168
104 45 232
104 44 40
104 44 104
104 44 168
104 44 232
104 43 40
104 43 104
104 43 168
104 43 232
103 43 40
103 43 104
103 43 168
103 43 232
103 43 296
102 43 40
102 43 104
102 43 168
102 43 232
102 43 296
102 42 40
102 42 104
102 42 168
102 42 232
102 42 296
102 41 40
102 41 104
102 41 168
102 41 232
102 41 296
101 41 40
101 41 104
101 41 168
101 41 232
101 41 296
101 40 40
101 40 104
101 40 168
101 40 232
101 40 296
100 40 40
100 40 104
100 40 168
100 40 232
100 40 296
99 40 40
99 40 104
99 40 168
99 40 232
99 40 296
99 39 40
99 39 104
99 39 168
99 39 232
99 39 296
98 39 40
98 39 104
98 39 168
98 39 232
98 39 296
98 38 40
98 38 104
98 38 168
98 38 232
98 38 296
97 38 40
97 38 104
97 38 168
97 38 232
97 37 40
97 37 104
97 37 168
97 37 232
96 37 40
96 37 104
96 37 168
96 37 232
96 36 40
96 36 104
96 36 168
96 36 232
95 36 40
95 36 104
95 36 168
95 36 232
95 35 40
95 35 104
95 35 168
94 35 40
94 35 104
94 35 168
94 34 40
94 34 104
94 34 168
93 34 40
93 34 104
93 34 168
93 33 40
93 33 104
93 32 40
93 32 104
92 32 40
92 32 104
91 32 40
91 32 104
91 31 40
91 31 104
91 30 40
91 30 104
90 30 40
89 30 40
88 29 40
88 28 40
87 28 40
87 27 40
86 27 40
86 26 40
85 26 40
85 25 40
85 24 40
84 24 40
84 23 40
83 23 40
83 22 40
82 22 40
81 22 40
81 22 104
81 21 40
81 21 104
80 21 40
80 21 104
80 20 40
80 20 104
79 20 40
79 20 104
79 19 40
79 19 104
79 18 40
79 18 104
78 18 40
78 18 104
78 18 168
78 17 40
78 17 104
78 17 168
77 17 40
77 17 104
77 17 168
77 16 40
77 16 104
77 16 168
76 16 40
76 16 104
76 16 168
76 15 40
76 15 104
76 15 168
75 15 40
75 15 104
75 15 168
74 15 40
74 15 104
74 15 168
74 14 40
74 14 104
74 14 168
73 14 40
73 14 104
73 14 168
73 13 40
73 13 104
73 13 168
73 12 40
73 12 104
73 12 168
72 12 40
72 12 104
72 11 40
72 11 104
71 11 40
71 11 104
71 10 40
71 10 104
70 10 40
70 10 104
70 9 40
70 9 104
69 8 40
69 7 40
68 7 40
67 7 40
66 7 40
65 7 40
64 7 40
63 7 40
62 7 40
61 7 40
60 7 40
59 7 40
58 7 40
57 7 40
56 7 40
55 7 40
54 7 40
53 7 40
52 7 40
51 7 40
50 7 40
49 7 40
48 7 40
47 7 40
46 7 40
45 7 40
44 7 40
43 7 40
42 7 40
41 7 40
40 7 40
39 7 40
38 7 40
37 7 40
36 7 40
35 7 40
34 7 40
33 7 40
32 7 40
31 7 40
30 7 40
29 7 40
29 8 40
29 10 40
29 11 40
29 12 40
29 13 40
29 14 40
29 15 40
29 16 40
29 17 40
29 18 40
29 19 40
29 20 40
29 21 40
29 22 40
29 23 40
29 24 40
29 25 40
29 26 40
29 27 40
29 28 40
30 29 40
30 30 40
30 30 104
31 30 40
31 30 104
31 31 40
31 31 104
32 31 40
32 31 104
32 32 40
32 32 104
33 32 40
33 32 104
33 33 40
33 33 104
34 33 40
34 33 104
34 34 40
34 34 104
34 34 168
35 34 40
35 34 104
35 34 168
35 35 40
35 35 104
35 35 168
35 36 40
35 36 104
35 36 168
36 36 40
36 36 104
36 36 168
37 36 40
37 36 104
37 36 168
37 37 40
37 37 104
37 37 168
38 37 40
38 37 104
38 37 168
38 38 40
38 38 104
38 38 168
38 39 40
38 39 104
38 39 168
38 40 40
38 40 104
38 41 40
38 41 104
38 42 40
38 42 104
38 43 40
38 43 104
177 146 40
176 146 40
175 146 40
174 146 40
173 146 40
172 146 40
171 146 40
170 146 40
170 145 40
170 144 40
170 144 104
170 143 40
170 143 104
170 142 40
170 142 104
170 141 40
170 141 104
170 140 40
170 140 104
170 139 40
170 139 104
170 138 40
170 138 104
170 137 40
170 137 104
170 136 40
170 136 104
170 135 40
170 134 40
170 133 40
170 132 40
170 131 40
170 130 40
170 129 40
169 128 40
169 127 40
169 126 40
169 125 40
169 124 40
169 123 40
169 122 40
169 121 40
169 120 40
169 119 40
169 118 40
169 117 40
169 116 40
169 115 40
169 115 104
169 114 40
169 114 104
169 113 40
169 113 104
169 112 40
169 112 104
169 111 40
169 111 104
169 110 40
169 110 104
169 108 40
169 108 104
169 107 40
169 107 104
169 106 40
169 106 104
169 105 40
169 105 104
169 104 40
169 104 104
169 103 40
169 103 104
169 102 40
169 102 104
169 101 40
169 101 104
169 100 40
169 100 104
169 99 40
169 99 104
169 98 40
169 98 104
169 97 40
169 97 104
169 96 40
169 96 104
169 95 40
169 95 104
169 94 40
169 94 104
169 93 40
169 93 104
169 92 40
169 91 40
169 90 40
169 88 40
169 87 40
169 86 40
169 85 40
169 84 40
169 83 40
169 82 40
169 81 40
169 80 40
169 79 40
169 78 40
169 77 40
169 76 40
169 75 40
169 74 40
169 73 40
169 72 40
169 71 40
169 70 40
105 123 40
106 123 40
107 123 40
107 122 40
107 121 40
107 120 40
107 119 40
107 118 40
107 117 40
107 116 40
107 115 40
107 114 40
107 113 40
107 112 40
107 111 40
108 111 40
108 110 40
108 109 40
109 108 40
109 107 40
109 106 40
109 105 40
109 104 40
109 103 40
109 102 40
109 101 40
109 100 40
109 99 40
109 98 40
109 97 40
109 96 40
109 95 40
109 94 40
109 93 40
109 92 40
109 91 40
109 90 40
108 89 40
108 88 40
107 88 40
107 87 40
106 87 40
106 86 40
105 86 40
105 85 40
104 85 40
104 84 40
104 83 40
103 83 40
102 83 40
102 82 40
102 81 40
101 81 40
101 80 40
100 80 40
100 79 40
99 79 40
98 79 40
98 79 104
98 78 40
98 78 104
98 77 40
98 77 104
97 77 40
97 77 104
96 77 40
96 77 104
96 76 40
96 76 104
95 76 40
95 76 104
95 75 40
95 75 104
94 75 40
94 75 104
94 74 40
94 74 104
93 74 40
93 74 104
93 73 40
93 73 104
92 73 40
92 73 104
92 72 40
92 72 104
91 72 40
91 72 104
91 71 40
91 71 104
91 70 40
91 70 104
91 69 40
91 69 104
91 68 40
91 67 40
91 66 40
92 66 40
92 65 40
93 65 40
94 65 40
94 64 40
94 63 40
95 63 40
96 63 40
96 62 40
97 62 40
97 61 40
97 60 40
98 60 40
99 60 40
99 59 40
100 59 40
100 58 40
100 57 40
100 57 104
101 57 40
101 57 104
101 56 40
101 56 104
102 56 40
102 56 104
102 55 40
102 55 104
103 55 40
103 55 104
103 54 40
103 54 104
104 54 40
104 54 104
104 53 40
104 53 104
105 53 40
105 53 104
106 53 40
106 53 104
106 52 40
106 52 104
107 52 40
107 52 104
107 51 40
107 51 104
107 51 168
108 51 40
108 51 104
108 51 168
108 50 40
108 50 104
108 50 168
108 49 40
108 49 104
108 49 168
5 188 40
5 189 40
6 189 40
7 189 40
8 189 40
10 189 40
11 189 40
12 189 40
13 189 40
14 189 40
15 189 40
16 189 40
17 189 40
18 189 40
19 189 40
20 189 40
21 189 40
22 189 40
23 189 40
24 189 40
25 189 40
26 189 40
27 189 40
28 189 40
30 189 40
31 189 40
32 189 40
33 189 40
34 189 40
35 189 40
36 189 40
37 189 40
38 189 40
39 189 40
40 189 40
41 189 40
42 189 40
43 189 40
44 189 40
45 189 40
46 189 40
47 189 40
48 189 40
49 188 40
49 187 40
49 186 40
49 185 40
49 184 40
49 183 40
49 182 40
49 181 40
49 180 40
49 179 40
49 178 40
49 177 40
49 176 40
49 175 40
49 174 40
49 173 40
49 172 40
49 171 40
49 170 40
50 169 40
50 169 104
50 168 40
50 168 104
51 168 40
51 168 104
52 168 40
52 168 104
53 168 40
53 168 104
53 168 168
54 168 40
54 168 104
54 168 168
55 168 40
55 168 104
55 168 168
56 168 40
56 168 104
56 168 168
56 168 232
57 168 40
57 168 104
57 168 168
57 168 232
58 168 40
58 168 104
58 168 168
58 168 232
59 168 40
59 168 104
59 168 168
59 168 232
59 168 296
60 168 40
60 168 104
60 168 168
60 168 232
60 168 296
61 168 40
61 168 104
61 168 168
61 168 232
61 168 296
62 168 40
62 168 104
62 168 168
62 168 232
62 168 296
63 168 40
63 168 104
63 168 168
63 168 232
63 168 296
64 168 40
64 168 104
64 168 168
64 168 232
65 168 40
65 168 104
65 168 168
65 168 232
66 168 40
66 168 104
66 168 168
66 168 232
67 168 40
67 168 104
67 168 168
68 168 40
68 168 104
68 168 168
69 168 40
69 168 104
69 168 168
70 168 40
70 168 104
70 167 40
70 167 104
70 167 168
71 167 40
71 167 104
71 166 40
71 166 104
72 166 40
72 166 104
72 165 40
72 165 104
73 165 40
73 165 104
73 164 40
73 164 104
74 164 40
74 164 104
75 164 40
75 164 104
75 163 40
75 163 104
75 162 40
75 162 104
76 162 40
77 162 40
77 161 40
77 160 40
78 160 40
78 159 40
79 159 40
80 159 40
80 158 40
81 158 40
81 157 40
81 156 40
82 156 40
82 155 40
83 155 40
83 154 40
84 154 40
84 153 40
85 153 40
86 153 40
86 152 40
87 152 40
87 151 40
88 151 40
88 150 40
89 150 40
90 149 40
91 149 40
92 149 40
93 149 40
94 149 40
95 149 40
96 149 40
97 149 40
98 149 40
99 149 40
100 149 40
101 149 40
102 149 40
103 149 40
104 149 40
105 149 40
106 149 40
107 149 40
108 149 40
109 148 40
109 147 40
109 146 40
109 145 40
109 144 40
109 143 40
109 142 40
109 141 40
109 140 40
109 139 40
109 138 40
109 137 40
109 136 40
109 135 40
109 134 40
109 133 40
109 132 40
109 131 40
109 130 40
109 128 40
108 128 40
108 127 40
107 127 40
107 126 40
107 125 40
107 124 40
