9 9 100
9 29 100
9 49 100
9 69 100
9 89 100
9 109 100
9 129 100
9 149 100
9 169 100
9 189 100
29 9 100
29 29 100
29 49 100
29 69 100
29 89 100
29 109 100
29 129 100
29 149 100
29 169 100
29 189 100
49 9 100
49 29 100
49 49 100
49 69 100
49 89 100
49 109 100
49 129 100
49 149 100
49 169 100
49 189 100
69 9 100
69 29 100
69 49 100
69 69 100
69 89 100
69 109 100
69 129 100
69 149 100
69 169 100
69 189 100
89 9 100
89 29 100
89 49 100
89 69 100
89 89 100
89 109 100
89 129 100
89 149 100
89 169 100
89 189 100
109 9 100
109 29 100
109 49 100
109 69 100
109 89 100
109 109 100
109 129 100
109 149 100
109 169 100
109 189 100
129 9 100
129 29 100
129 49 100
129 69 100
129 89 100
129 109 100
129 129 100
129 149 100
129 169 100
129 189 100
149 9 100
149 29 100
149 49 100
149 69 100
149 89 100
149 109 100
149 129 100
149 149 100
149 169 100
149 189 100
169 9 100
169 29 100
169 49 100
169 69 100
169 89 100
169 109 100
169 129 100
169 149 100
169 169 100
169 189 100
189 9 100
189 29 100
189 49 100
189 69 100
189 89 100
189 109 100
189 129 100
189 149 100
189 169 100
189 189 100
9 89 100
9 109 100
9 129 100
9 149 100
9 169 100
9 189 100
29 29 100
29 49 100
29 69 100
29 89 100
29 109 100
29 189 100
49 9 100
49 29 100
49 49 100
49 69 100
49 89 100
49 109 100
49 189 100
69 9 100
69 29 100
69 49 100
69 69 100
69 129 100
69 149 100
69 169 100
69 189 100
89 69 100
89 189 100
109 9 100
109 29 100
109 49 100
109 69 100
109 189 100
129 9 100
129 49 100
129 69 100
129 129 100
129 149 100
129 169 100
129 189 100
149 129 100
149 189 100
169 89 100
169 109 100
169 169 100
169 189 100
189 29 100
189 49 100
189 69 100
189 89 100
189 109 100
189 129 100
189 189 100
172 2 40
99 145 40
42 152 40
150 87 40
70 107 40
102 54 40
102 54 42
102 54 44
102 54 46
102 54 48
102 54 50
107 98 40
32 10 40
14 57 40
107 99 40
107 100 40
107 101 40
107 102 40
107 103 40
107 104 40
107 105 40
107 106 40
107 107 40
108 107 40
108 108 40
108 109 40
109 110 40
109 111 40
109 112 40
109 113 40
109 114 40
109 115 40
109 116 40
109 117 40
109 118 40
109 119 40
109 120 40
109 121 40
109 122 40
109 123 40
109 124 40
109 125 40
109 126 40
109 127 40
109 128 40
108 129 40
108 130 40
108 131 40
108 132 40
108 133 40
108 134 40
108 135 40
108 136 40
108 137 40
108 138 40
108 139 40
108 140 40
108 141 40
108 142 40
108 143 40
108 144 40
108 145 40
107 145 40
106 145 40
105 145 40
104 145 40
103 145 40
102 145 40
101 145 40
100 145 40
70 108 40
70 109 40
71 109 40
72 109 40
73 109 40
74 109 40
75 109 40
76 109 40
77 109 40
78 109 40
79 109 40
80 109 40
81 109 40
82 109 40
83 109 40
84 109 40
85 109 40
86 109 40
87 109 40
88 109 40
90 109 40
91 109 40
92 109 40
93 109 40
94 109 40
95 109 40
96 109 40
97 109 40
98 109 40
99 109 40
100 109 40
101 109 40
102 109 40
103 109 40
104 109 40
105 109 40
106 109 40
107 109 40
150 88 40
149 88 40
148 89 40
147 89 40
146 89 40
145 89 40
144 89 40
143 89 40
142 89 40
141 89 40
140 89 40
139 89 40
138 89 40
137 89 40
136 89 40
135 89 40
134 89 40
133 89 40
132 89 40
131 89 40
130 89 40
128 89 40
127 89 40
126 89 40
125 89 40
124 89 40
123 89 40
122 89 40
121 89 40
120 89 40
119 89 40
118 89 40
117 89 40
116 89 40
115 89 40
114 89 40
113 89 40
112 89 40
111 89 40
110 89 40
109 90 40
108 90 40
108 91 40
107 91 40
107 92 40
107 93 40
107 94 40
107 95 40
107 96 40
107 97 40
101 54 40
101 54 42
101 54 44
101 54 46
101 54 48
101 54 50
100 54 40
100 54 42
100 54 44
100 54 46
100 54 48
100 54 50
99 54 40
99 54 42
99 54 44
99 54 46
99 54 48
99 54 50
98 54 40
98 54 42
98 54 44
98 54 46
98 54 48
98 54 50
97 54 40
97 54 42
97 54 44
97 54 46
97 54 48
97 54 50
96 54 40
96 54 42
96 54 44
96 54 46
96 54 48
96 54 50
95 54 40
95 54 42
95 54 44
95 54 46
95 54 48
95 54 50
94 54 40
94 54 42
94 54 44
94 54 46
94 54 48
94 54 50
93 54 40
93 54 42
93 54 44
93 54 46
93 54 48
93 54 50
92 54 40
92 54 42
92 54 44
92 54 46
92 54 48
92 54 50
91 54 40
91 54 42
91 54 44
91 54 46
91 54 48
91 54 50
91 54 52
90 54 40
90 54 42
90 54 44
90 54 46
90 54 48
90 54 50
90 54 52
90 55 40
90 55 42
90 55 44
90 55 46
90 55 48
90 55 50
90 55 52
90 55 54
90 56 40
90 56 42
90 56 44
90 56 46
90 56 48
90 56 50
90 56 52
90 56 54
90 56 56
90 57 40
90 57 42
90 57 44
90 57 46
90 57 48
90 57 50
90 57 52
90 57 54
90 57 56
90 58 40
90 58 42
90 58 44
90 58 46
90 58 48
90 58 50
90 58 52
90 58 54
90 58 56
90 58 58
90 59 40
90 59 42
90 59 44
90 59 46
90 59 48
90 59 50
90 59 52
90 59 54
90 59 56
90 59 58
90 60 40
90 60 42
90 60 44
90 60 46
90 60 48
90 60 50
90 60 52
90 60 54
90 60 56
90 60 58
90 61 40
90 61 42
90 61 44
90 61 46
90 61 48
90 61 50
90 61 52
90 61 54
90 61 56
90 61 58
90 62 40
90 62 42
90 62 44
90 62 46
90 62 48
90 62 50
90 62 52
90 62 54
90 62 56
90 62 58
90 63 40
90 63 42
90 63 44
90 63 46
90 63 48
90 63 50
90 63 52
90 63 54
90 63 56
90 63 58
90 64 40
90 64 42
90 64 44
90 64 46
90 64 48
90 64 50
90 64 52
90 64 54
90 64 56
90 65 40
90 65 42
90 65 44
90 65 46
90 65 48
90 65 50
90 65 52
90 65 54
90 65 56
90 66 40
90 66 42
90 66 44
90 66 46
90 66 48
90 66 50
90 66 52
90 66 54
90 67 40
90 67 42
90 67 44
90 67 46
90 67 48
90 67 50
90 68 40
90 68 42
90 68 44
90 68 46
90 68 48
90 69 40
90 69 42
90 69 44
90 69 46
90 70 40
90 70 42
90 70 44
90 71 40
90 71 42
90 71 44
90 72 40
90 72 42
90 73 40
90 73 42
90 74 40
90 74 42
90 75 40
90 76 40
90 77 40
90 78 40
90 79 40
90 80 40
90 81 40
90 82 40
90 83 40
90 84 40
90 85 40
90 86 40
90 87 40
90 88 40
90 89 40
91 89 40
92 89 40
93 89 40
94 89 40
95 89 40
96 89 40
97 89 40
98 89 40
99 89 40
100 89 40
101 89 40
102 89 40
103 89 40
104 89 40
105 89 40
106 89 40
107 89 40
108 89 40
43 152 40
44 152 40
45 152 40
46 152 40
46 151 40
47 151 40
47 150 40
48 150 40
48 149 40
49 148 40
49 147 40
49 146 40
49 145 40
49 144 40
49 143 40
49 142 40
49 141 40
49 140 40
49 139 40
49 138 40
49 137 40
49 136 40
49 135 40
49 134 40
49 133 40
49 132 40
49 131 40
49 130 40
50 129 40
50 129 42
50 128 40
50 128 42
50 127 40
50 127 42
50 127 44
51 127 40
51 127 42
51 127 44
51 126 40
51 126 42
51 126 44
52 126 40
52 126 42
52 126 44
52 125 40
52 125 42
52 125 44
53 125 40
53 125 42
53 125 44
53 125 46
54 125 40
54 125 42
54 125 44
54 125 46
54 124 40
54 124 42
54 124 44
54 124 46
55 124 40
55 124 42
55 124 44
55 124 46
55 124 48
55 123 40
55 123 42
55 123 44
55 123 46
56 123 40
56 123 42
56 123 44
56 123 46
56 123 48
56 122 40
56 122 42
56 122 44
56 122 46
57 122 40
57 122 42
57 122 44
57 122 46
57 122 48
57 121 40
57 121 42
57 121 44
57 121 46
57 121 48
58 121 40
58 121 42
58 121 44
58 121 46
58 121 48
58 120 40
58 120 42
58 120 44
58 120 46
58 120 48
58 119 40
58 119 42
58 119 44
58 119 46
58 119 48
59 119 40
59 119 42
59 119 44
59 119 46
59 119 48
60 119 40
60 119 42
60 119 44
60 119 46
60 119 48
60 119 50
60 118 40
60 118 42
60 118 44
60 118 46
60 118 48
60 117 40
60 117 42
60 117 44
60 117 46
60 117 48
61 117 40
61 117 42
61 117 44
61 117 46
61 117 48
62 117 40
62 117 42
62 117 44
62 117 46
62 117 48
62 117 50
62 116 40
62 116 42
62 116 44
62 116 46
62 116 48
62 115 40
62 115 42
62 115 44
62 115 46
62 115 48
63 115 40
63 115 42
63 115 44
63 115 46
63 114 40
63 114 42
63 114 44
63 114 46
64 114 40
64 114 42
64 114 44
64 113 40
64 113 42
64 113 44
65 113 40
65 113 42
65 113 44
65 112 40
65 112 42
66 112 40
66 112 42
66 111 40
66 111 42
67 111 40
67 110 40
68 110 40
68 109 40
13 57 40
13 58 40
13 59 40
13 60 40
13 61 40
13 62 40
13 63 40
13 64 40
13 65 40
12 65 40
12 66 40
12 67 40
12 68 40
12 69 40
12 70 40
13 70 40
14 70 40
15 70 40
16 70 40
17 70 40
18 70 40
19 70 40
20 70 40
21 70 40
22 70 40
22 70 42
23 70 40
23 70 42
24 70 40
24 70 42
25 70 40
25 70 42
25 70 44
26 70 40
26 70 42
26 70 44
27 70 40
27 70 42
27 70 44
28 70 40
28 70 42
28 70 44
28 70 46
29 70 40
29 70 42
29 70 44
29 70 46
30 70 40
30 70 42
30 70 44
30 70 46
30 70 48
30 71 40
30 71 42
30 71 44
30 71 46
30 71 48
30 71 50
31 71 40
31 71 42
31 71 44
31 71 46
31 71 48
31 71 50
31 72 40
31 72 42
31 72 44
31 72 46
31 72 48
31 72 50
31 72 52
32 72 40
32 72 42
32 72 44
32 72 46
32 72 48
32 72 50
32 72 52
32 73 40
32 73 42
32 73 44
32 73 46
32 73 48
32 73 50
32 73 52
32 73 54
33 73 40
33 73 42
33 73 44
33 73 46
33 73 48
33 73 50
33 73 52
33 73 54
33 74 40
33 74 42
33 74 44
33 74 46
33 74 48
33 74 50
33 74 52
33 74 54
33 74 56
34 74 40
34 74 42
34 74 44
34 74 46
34 74 48
34 74 50
34 74 52
34 74 54
34 74 56
34 74 58
34 75 40
34 75 42
34 75 44
34 75 46
34 75 48
34 75 50
34 75 52
34 75 54
34 75 56
34 75 58
34 75 60
35 75 40
35 75 42
35 75 44
35 75 46
35 75 48
35 75 50
35 75 52
35 75 54
35 75 56
35 75 58
35 75 60
35 75 62
35 76 40
35 76 42
35 76 44
35 76 46
35 76 48
35 76 50
35 76 52
35 76 54
35 76 56
35 76 58
35 76 60
35 76 62
35 76 64
36 76 40
36 76 42
36 76 44
36 76 46
36 76 48
36 76 50
36 76 52
36 76 54
36 76 56
36 76 58
36 76 60
36 76 62
36 76 64
36 76 66
36 76 68
36 77 40
36 77 42
36 77 44
36 77 46
36 77 48
36 77 50
36 77 52
36 77 54
36 77 56
36 77 58
36 77 60
36 77 62
36 77 64
36 77 66
36 77 68
36 77 70
36 77 72
37 77 40
37 77 42
37 77 44
37 77 46
37 77 48
37 77 50
37 77 52
37 77 54
37 77 56
37 77 58
37 77 60
37 77 62
37 77 64
37 77 66
37 77 68
37 77 70
37 77 72
37 77 74
37 77 76
38 77 40
38 77 42
38 77 44
38 77 46
38 77 48
38 77 50
38 77 52
38 77 54
38 77 56
38 77 58
38 77 60
38 77 62
38 77 64
38 77 66
38 77 68
38 77 70
38 77 72
38 77 74
38 77 76
38 77 78
38 77 80
38 78 40
38 78 42
38 78 44
38 78 46
38 78 48
38 78 50
38 78 52
38 78 54
38 78 56
38 78 58
38 78 60
38 78 62
38 78 64
38 78 66
38 78 68
38 78 70
38 78 72
38 78 74
38 78 76
38 78 78
38 78 80
38 78 82
38 78 84
38 79 40
38 79 42
38 79 44
38 79 46
38 79 48
38 79 50
38 79 52
38 79 54
38 79 56
38 79 58
38 79 60
38 79 62
38 79 64
38 79 66
38 79 68
38 79 70
38 79 72
38 79 74
38 79 76
38 79 78
38 79 80
38 79 82
38 79 84
38 79 86
38 79 88
38 79 90
39 79 40
39 79 42
39 79 44
39 79 46
39 79 48
39 79 50
39 79 52
39 79 54
39 79 56
39 79 58
39 79 60
39 79 62
39 79 64
39 79 66
39 79 68
39 79 70
39 79 72
39 79 74
39 79 76
39 79 78
39 79 80
39 79 82
39 79 84
39 79 86
39 79 88
39 79 90
39 79 92
39 79 94
40 79 40
40 79 42
40 79 44
40 79 46
40 79 48
40 79 50
40 79 52
40 79 54
40 79 56
40 79 58
40 79 60
40 79 62
40 79 64
40 79 66
40 79 68
40 79 70
40 79 72
40 79 74
40 79 76
40 79 78
40 79 80
40 79 82
40 79 84
40 79 86
40 79 88
40 79 90
40 79 92
40 79 94
40 79 96
40 79 98
40 79 100
41 79 40
41 79 42
41 79 44
41 79 46
41 79 48
41 79 50
41 79 52
41 79 54
41 79 56
41 79 58
41 79 60
41 79 62
41 79 64
41 79 66
41 79 68
41 79 70
41 79 72
41 79 74
41 79 76
41 79 78
41 79 80
41 79 82
41 79 84
41 79 86
41 79 88
41 79 90
41 79 92
41 79 94
41 79 96
41 79 98
41 79 100
41 79 102
41 79 104
42 79 40
42 79 42
42 79 44
42 79 46
42 79 48
42 79 50
42 79 52
42 79 54
42 79 56
42 79 58
42 79 60
42 79 62
42 79 64
42 79 66
42 79 68
42 79 70
42 79 72
42 79 74
42 79 76
42 79 78
42 79 80
42 79 82
42 79 84
42 79 86
42 79 88
42 79 90
42 79 92
42 79 94
42 79 96
42 79 98
42 79 100
42 79 102
42 79 104
42 79 106
42 79 108
43 79 40
43 79 42
43 79 44
43 79 46
43 79 48
43 79 50
43 79 52
43 79 54
43 79 56
43 79 58
43 79 60
43 79 62
43 79 64
43 79 66
43 79 68
43 79 70
43 79 72
43 79 74
43 79 76
43 79 78
43 79 80
43 79 82
43 79 84
43 79 86
43 79 88
43 79 90
43 79 92
43 79 94
43 79 96
43 79 98
43 79 100
43 79 102
43 79 104
43 79 106
43 79 108
43 79 110
43 79 112
44 79 40
44 79 42
44 79 44
44 79 46
44 79 48
44 79 50
44 79 52
44 79 54
44 79 56
44 79 58
44 79 60
44 79 62
44 79 64
44 79 66
44 79 68
44 79 70
44 79 72
44 79 74
44 79 76
44 79 78
44 79 80
44 79 82
44 79 84
44 79 86
44 79 88
44 79 90
44 79 92
44 79 94
44 79 96
44 79 98
44 79 100
44 79 102
44 79 104
44 79 106
44 79 108
44 79 110
44 79 112
44 79 114
44 79 116
45 79 40
45 79 42
45 79 44
45 79 46
45 79 48
45 79 50
45 79 52
45 79 54
45 79 56
45 79 58
45 79 60
45 79 62
45 79 64
45 79 66
45 79 68
45 79 70
45 79 72
45 79 74
45 79 76
45 79 78
45 79 80
45 79 82
45 79 84
45 79 86
45 79 88
45 79 90
45 79 92
45 79 94
45 79 96
45 79 98
45 79 100
45 79 102
45 79 104
45 79 106
45 79 108
45 79 110
45 79 112
45 79 114
45 79 116
45 79 118
45 79 120
46 79 40
46 79 42
46 79 44
46 79 46
46 79 48
46 79 50
46 79 52
46 79 54
46 79 56
46 79 58
46 79 60
46 79 62
46 79 64
46 79 66
46 79 68
46 79 70
46 79 72
46 79 74
46 79 76
46 79 78
46 79 80
46 79 82
46 79 84
46 79 86
46 79 88
46 79 90
46 79 92
46 79 94
46 79 96
46 79 98
46 79 100
46 79 102
46 79 104
46 79 106
46 79 108
46 79 110
46 79 112
46 79 114
46 79 116
46 79 118
46 79 120
46 79 122
46 79 124
47 79 40
47 79 42
47 79 44
47 79 46
47 79 48
47 79 50
47 79 52
47 79 54
47 79 56
47 79 58
47 79 60
47 79 62
47 79 64
47 79 66
47 79 68
47 79 70
47 79 72
47 79 74
47 79 76
47 79 78
47 79 80
47 79 82
47 79 84
47 79 86
47 79 88
47 79 90
47 79 92
47 79 94
47 79 96
47 79 98
47 79 100
47 79 102
47 79 104
47 79 106
47 79 108
47 79 110
47 79 112
47 79 114
47 79 116
47 79 118
47 79 120
47 79 122
47 79 124
47 79 126
48 79 40
48 79 42
48 79 44
48 79 46
48 79 48
48 79 50
48 79 52
48 79 54
48 79 56
48 79 58
48 79 60
48 79 62
48 79 64
48 79 66
48 79 68
48 79 70
48 79 72
48 79 74
48 79 76
48 79 78
48 79 80
48 79 82
48 79 84
48 79 86
48 79 88
48 79 90
48 79 92
48 79 94
48 79 96
48 79 98
48 79 100
48 79 102
48 79 104
48 79 106
48 79 108
48 79 110
48 79 112
48 79 114
48 79 116
48 79 118
48 79 120
48 79 122
48 79 124
48 79 126
48 79 128
49 79 40
49 79 42
49 79 44
49 79 46
49 79 48
49 79 50
49 79 52
49 79 54
49 79 56
49 79 58
49 79 60
49 79 62
49 79 64
49 79 66
49 79 68
49 79 70
49 79 72
49 79 74
49 79 76
49 79 78
49 79 80
49 79 82
49 79 84
49 79 86
49 79 88
49 79 90
49 79 92
49 79 94
49 79 96
49 79 98
49 79 100
49 79 102
49 79 104
49 79 106
49 79 108
49 79 110
49 79 112
49 79 114
49 79 116
49 79 118
49 79 120
49 79 122
49 79 124
49 79 126
49 79 128
50 79 40
50 79 42
50 79 44
50 79 46
50 79 48
50 79 50
50 79 52
50 79 54
50 79 56
50 79 58
50 79 60
50 79 62
50 79 64
50 79 66
50 79 68
50 79 70
50 79 72
50 79 74
50 79 76
50 79 78
50 79 80
50 79 82
50 79 84
50 79 86
50 79 88
50 79 90
50 79 92
50 79 94
50 79 96
50 79 98
50 79 100
50 79 102
50 79 104
50 79 106
50 79 108
50 79 110
50 79 112
50 79 114
50 79 116
50 79 118
50 79 120
50 79 122
50 79 124
50 79 126
50 79 128
51 79 40
51 79 42
51 79 44
51 79 46
51 79 48
51 79 50
51 79 52
51 79 54
51 79 56
51 79 58
51 79 60
51 79 62
51 79 64
51 79 66
51 79 68
51 79 70
51 79 72
51 79 74
51 79 76
51 79 78
51 79 80
51 79 82
51 79 84
51 79 86
51 79 88
51 79 90
51 79 92
51 79 94
51 79 96
51 79 98
51 79 100
51 79 102
51 79 104
51 79 106
51 79 108
51 79 110
51 79 112
51 79 114
51 79 116
51 79 118
51 79 120
51 79 122
51 79 124
51 79 126
51 79 128
52 79 40
52 79 42
52 79 44
52 79 46
52 79 48
52 79 50
52 79 52
52 79 54
52 79 56
52 79 58
52 79 60
52 79 62
52 79 64
52 79 66
52 79 68
52 79 70
52 79 72
52 79 74
52 79 76
52 79 78
52 79 80
52 79 82
52 79 84
52 79 86
52 79 88
52 79 90
52 79 92
52 79 94
52 79 96
52 79 98
52 79 100
52 79 102
52 79 104
52 79 106
52 79 108
52 79 110
52 79 112
52 79 114
52 79 116
52 79 118
52 79 120
52 79 122
52 79 124
52 79 126
53 79 40
53 79 42
53 79 44
53 79 46
53 79 48
53 79 50
53 79 52
53 79 54
53 79 56
53 79 58
53 79 60
53 79 62
53 79 64
53 79 66
53 79 68
53 79 70
53 79 72
53 79 74
53 79 76
53 79 78
53 79 80
53 79 82
53 79 84
53 79 86
53 79 88
53 79 90
53 79 92
53 79 94
53 79 96
53 79 98
53 79 100
53 79 102
53 79 104
53 79 106
53 79 108
53 79 110
53 79 112
53 79 114
53 79 116
53 79 118
53 79 120
53 79 122
53 79 124
54 79 40
54 79 42
54 79 44
54 79 46
54 79 48
54 79 50
54 79 52
54 79 54
54 79 56
54 79 58
54 79 60
54 79 62
54 79 64
54 79 66
54 79 68
54 79 70
54 79 72
54 79 74
54 79 76
54 79 78
54 79 80
54 79 82
54 79 84
54 79 86
54 79 88
54 79 90
54 79 92
54 79 94
54 79 96
54 79 98
54 79 100
54 79 102
54 79 104
54 79 106
54 79 108
54 79 110
54 79 112
54 79 114
54 79 116
54 79 118
54 79 120
55 79 40
55 79 42
55 79 44
55 79 46
55 79 48
55 79 50
55 79 52
55 79 54
55 79 56
55 79 58
55 79 60
55 79 62
55 79 64
55 79 66
55 79 68
55 79 70
55 79 72
55 79 74
55 79 76
55 79 78
55 79 80
55 79 82
55 79 84
55 79 86
55 79 88
55 79 90
55 79 92
55 79 94
55 79 96
55 79 98
55 79 100
55 79 102
55 79 104
55 79 106
55 79 108
55 79 110
55 79 112
55 79 114
55 79 116
56 79 40
56 79 42
56 79 44
56 79 46
56 79 48
56 79 50
56 79 52
56 79 54
56 79 56
56 79 58
56 79 60
56 79 62
56 79 64
56 79 66
56 79 68
56 79 70
56 79 72
56 79 74
56 79 76
56 79 78
56 79 80
56 79 82
56 79 84
56 79 86
56 79 88
56 79 90
56 79 92
56 79 94
56 79 96
56 79 98
56 79 100
56 79 102
56 79 104
56 79 106
56 79 108
56 79 110
56 79 112
57 79 40
57 79 42
57 79 44
57 79 46
57 79 48
57 79 50
57 79 52
57 79 54
57 79 56
57 79 58
57 79 60
57 79 62
57 79 64
57 79 66
57 79 68
57 79 70
57 79 72
57 79 74
57 79 76
57 79 78
57 79 80
57 79 82
57 79 84
57 79 86
57 79 88
57 79 90
57 79 92
57 79 94
57 79 96
57 79 98
57 79 100
57 79 102
57 79 104
57 79 106
58 79 40
58 79 42
58 79 44
58 79 46
58 79 48
58 79 50
58 79 52
58 79 54
58 79 56
58 79 58
58 79 60
58 79 62
58 79 64
58 79 66
58 79 68
58 79 70
58 79 72
58 79 74
58 79 76
58 79 78
58 79 80
58 79 82
58 79 84
58 79 86
58 79 88
58 79 90
58 79 92
58 79 94
58 79 96
58 79 98
58 79 100
59 79 40
59 79 42
59 79 44
59 79 46
59 79 48
59 79 50
59 79 52
59 79 54
59 79 56
59 79 58
59 79 60
59 79 62
59 79 64
59 79 66
59 79 68
59 79 70
59 79 72
59 79 74
59 79 76
59 79 78
59 79 80
59 79 82
59 79 84
59 79 86
59 79 88
59 79 90
59 79 92
59 79 94
60 79 40
60 79 42
60 79 44
60 79 46
60 79 48
60 79 50
60 79 52
60 79 54
60 79 56
60 79 58
60 79 60
60 79 62
60 79 64
60 79 66
60 79 68
60 79 70
60 79 72
60 79 74
60 79 76
60 79 78
60 79 80
60 79 82
60 79 84
60 79 86
60 79 88
60 80 40
60 80 42
60 80 44
60 80 46
60 80 48
60 80 50
60 80 52
60 80 54
60 80 56
60 80 58
60 80 60
60 80 62
60 80 64
60 80 66
60 80 68
60 80 70
60 80 72
60 80 74
60 80 76
60 80 78
60 80 80
60 80 82
60 80 84
60 80 86
60 81 40
60 81 42
60 81 44
60 81 46
60 81 48
60 81 50
60 81 52
60 81 54
60 81 56
60 81 58
60 81 60
60 81 62
60 81 64
60 81 66
60 81 68
60 81 70
60 81 72
60 81 74
60 81 76
60 81 78
60 81 80
60 81 82
60 81 84
61 81 40
61 81 42
61 81 44
61 81 46
61 81 48
61 81 50
61 81 52
61 81 54
61 81 56
61 81 58
61 81 60
61 81 62
61 81 64
61 81 66
61 81 68
61 81 70
61 81 72
61 81 74
61 81 76
61 81 78
62 81 40
62 81 42
62 81 44
62 81 46
62 81 48
62 81 50
62 81 52
62 81 54
62 81 56
62 81 58
62 81 60
62 81 62
62 81 64
62 81 66
62 81 68
62 81 70
62 82 40
62 82 42
62 82 44
62 82 46
62 82 48
62 82 50
62 82 52
62 82 54
62 82 56
62 82 58
62 82 60
62 82 62
62 82 64
62 82 66
62 82 68
63 82 40
63 82 42
63 82 44
63 82 46
63 82 48
63 82 50
63 82 52
63 82 54
63 82 56
63 82 58
63 82 60
63 82 62
63 83 40
63 83 42
63 83 44
63 83 46
63 83 48
63 83 50
63 83 52
63 83 54
63 83 56
63 83 58
64 83 40
64 83 42
64 83 44
64 83 46
64 83 48
64 83 50
64 83 52
64 83 54
64 84 40
64 84 42
64 84 44
64 84 46
64 84 48
64 84 50
65 84 40
65 84 42
65 84 44
65 84 46
65 84 48
65 85 40
65 85 42
65 85 44
65 85 46
66 85 40
66 85 42
66 85 44
66 86 40
66 86 42
67 86 40
67 86 42
67 87 40
68 87 40
68 88 40
69 88 40
69 90 40
69 91 40
69 92 40
69 93 40
69 94 40
69 95 40
69 96 40
69 97 40
69 98 40
69 99 40
69 100 40
69 101 40
69 102 40
69 103 40
69 104 40
69 105 40
69 106 40
69 107 40
31 10 40
30 10 40
30 9 40
29 8 40
29 7 40
28 7 40
27 7 40
26 7 40
25 7 40
24 7 40
23 7 40
22 7 40
21 7 40
20 7 40
19 7 40
18 7 40
17 7 40
16 7 40
15 7 40
14 7 40
13 7 40
12 7 40
11 7 40
10 7 40
9 7 40
8 7 40
7 7 40
7 8 40
7 9 40
7 10 40
7 11 40
7 12 40
7 13 40
7 14 40
7 15 40
7 16 40
7 17 40
7 18 40
7 19 40
7 20 40
7 21 40
7 22 40
7 23 40
7 24 40
7 25 40
7 26 40
7 27 40
7 28 40
7 29 40
7 30 40
7 31 40
7 32 40
7 33 40
7 34 40
7 35 40
7 36 40
7 37 40
7 38 40
7 39 40
7 40 40
7 41 40
7 42 40
7 43 40
7 44 40
7 45 40
7 46 40
7 47 40
7 48 40
7 49 40
8 49 40
9 50 40
10 50 40
10 51 40
11 51 40
11 52 40
12 52 40
12 53 40
12 54 40
13 54 40
13 55 40
13 56 40
