9 9 100
9 29 100
9 49 100
9 69 100
9 89 100
9 109 100
9 129 100
9 149 100
9 169 100
9 189 100
29 9 100
29 29 100
29 49 100
29 69 100
29 89 100
29 109 100
29 129 100
29 149 100
29 169 100
29 189 100
49 9 100
49 29 100
49 49 100
49 69 100
49 89 100
49 109 100
49 129 100
49 149 100
49 169 100
49 189 100
69 9 100
69 29 100
69 49 100
69 69 100
69 89 100
69 109 100
69 129 100
69 149 100
69 169 100
69 189 100
89 9 100
89 29 100
89 49 100
89 69 100
89 89 100
89 109 100
89 129 100
89 149 100
89 169 100
89 189 100
109 9 100
109 29 100
109 49 100
109 69 100
109 89 100
109 109 100
109 129 100
109 149 100
109 169 100
109 189 100
129 9 100
129 29 100
129 49 100
129 69 100
129 89 100
129 109 100
129 129 100
129 149 100
129 169 100
129 189 100
149 9 100
149 29 100
149 49 100
149 69 100
149 89 100
149 109 100
149 129 100
149 149 100
149 169 100
149 189 100
169 9 100
169 29 100
169 49 100
169 69 100
169 89 100
169 109 100
169 129 100
169 149 100
169 169 100
169 189 100
189 9 100
189 29 100
189 49 100
189 69 100
189 89 100
189 109 100
189 129 100
189 149 100
189 169 100
189 189 100
9 9 100
9 49 100
9 69 100
9 89 100
9 109 100
9 129 100
9 149 100
9 169 100
9 189 100
29 29 100
29 49 100
29 69 100
29 89 100
29 109 100
29 129 100
29 149 100
29 189 100
49 9 100
49 29 100
49 49 100
49 109 100
49 129 100
49 149 100
49 169 100
69 9 100
69 29 100
69 49 100
69 69 100
69 109 100
69 129 100
69 149 100
69 169 100
69 189 100
89 9 100
89 29 100
89 49 100
89 89 100
89 109 100
89 129 100
89 149 100
89 169 100
89 189 100
109 9 100
109 29 100
109 49 100
109 69 100
109 89 100
109 109 100
109 129 100
109 149 100
109 169 100
109 189 100
129 9 100
129 49 100
129 69 100
129 89 100
129 129 100
129 169 100
129 189 100
149 9 100
149 29 100
149 49 100
149 89 100
149 129 100
149 149 100
149 169 100
149 189 100
169 9 100
169 29 100
169 69 100
169 89 100
169 109 100
169 129 100
169 149 100
169 169 100
169 189 100
189 29 100
189 49 100
189 69 100
189 149 100
59 87 40
162 51 40
19 29 40
198 118 40
198 118 168
145 176 40
145 176 168
145 176 296
145 176 424
145 176 552
145 176 680
145 176 808
25 167 40
139 86 40
139 86 168
139 85 40
139 85 168
139 84 40
139 84 168
139 83 40
139 83 168
139 82 40
139 82 168
139 81 40
139 81 168
139 80 40
139 79 40
140 79 40
140 78 40
140 77 40
141 77 40
141 76 40
142 76 40
142 75 40
143 75 40
143 74 40
144 74 40
144 74 168
144 73 40
144 73 168
145 73 40
145 73 168
145 72 40
145 72 168
146 72 40
146 72 168
146 71 40
146 71 168
147 71 40
147 71 168
147 70 40
148 70 40
148 70 168
148 69 40
149 68 40
150 68 40
150 67 40
151 67 40
151 66 40
152 66 40
152 65 40
153 65 40
153 64 40
154 64 40
155 64 40
155 63 40
155 62 40
156 62 40
156 61 40
157 61 40
158 61 40
158 61 168
158 60 40
159 60 40
159 60 168
159 59 40
159 58 40
160 58 40
160 57 40
161 57 40
161 56 40
162 56 40
162 56 168
162 55 40
162 54 40
162 53 40
162 52 40
197 118 40
196 118 40
195 118 40
194 118 40
194 117 40
194 116 40
194 115 40
194 114 40
193 114 40
193 113 40
192 113 40
192 112 40
191 112 40
191 111 40
190 111 40
190 110 40
189 110 40
188 109 40
187 109 40
186 109 40
186 109 168
185 109 40
185 109 168
184 109 40
184 109 168
183 109 40
183 109 168
182 109 40
182 109 168
181 109 40
181 109 168
180 109 40
180 109 168
180 109 296
179 109 40
179 109 168
179 109 296
178 109 40
178 109 168
178 109 296
177 109 40
177 109 168
177 109 296
176 109 40
176 109 168
176 109 296
175 109 40
175 109 168
175 109 296
174 109 40
174 109 168
174 109 296
174 109 424
173 109 40
173 109 168
173 109 296
173 109 424
172 109 40
172 109 168
172 109 296
172 109 424
171 109 40
171 109 168
171 109 296
171 109 424
171 109 552
170 109 40
170 109 168
170 109 296
170 109 424
170 109 552
169 109 40
169 109 168
169 109 296
169 109 424
169 109 552
168 109 40
168 109 168
168 109 296
168 109 424
168 109 552
168 109 680
167 109 40
167 109 168
167 109 296
167 109 424
167 109 552
167 109 680
166 109 40
166 109 168
166 109 296
166 109 424
166 109 552
166 109 680
166 109 808
165 109 40
165 109 168
165 109 296
165 109 424
165 109 552
165 109 680
165 109 808
164 109 40
164 109 168
164 109 296
164 109 424
164 109 552
164 109 680
164 109 808
163 109 40
163 109 168
163 109 296
163 109 424
163 109 552
163 109 680
163 109 808
162 109 40
162 109 168
162 109 296
162 109 424
162 109 552
162 109 680
162 109 808
161 109 40
161 109 168
161 109 296
161 109 424
161 109 552
161 109 680
161 109 808
160 109 40
160 109 168
160 109 296
160 109 424
160 109 552
160 109 680
159 109 40
159 109 168
159 109 296
159 109 424
159 109 552
159 109 680
158 109 40
158 109 168
158 109 296
158 109 424
158 109 552
157 109 40
157 109 168
157 109 296
157 109 424
157 109 552
156 109 40
156 109 168
156 109 296
156 109 424
155 109 40
155 109 168
155 109 296
155 109 424
154 109 40
154 109 168
154 109 296
153 109 40
153 109 168
153 109 296
152 109 40
152 109 168
151 109 40
151 109 168
150 109 40
150 109 168
148 109 40
148 109 168
147 109 40
146 109 40
145 109 40
144 109 40
143 109 40
142 109 40
141 109 40
140 109 40
139 109 40
138 109 40
137 109 40
136 109 40
135 109 40
134 109 40
133 109 40
132 109 40
131 109 40
130 109 40
130 108 40
130 107 40
130 107 168
130 106 40
130 106 168
130 105 40
130 105 168
130 104 40
130 104 168
130 103 40
130 103 168
130 102 40
130 102 168
130 101 40
130 101 168
130 100 40
130 100 168
130 100 296
130 99 40
130 99 168
130 99 296
130 98 40
130 98 168
130 98 296
130 97 40
130 97 168
130 97 296
130 96 40
130 96 168
130 96 296
130 95 40
130 95 168
130 95 296
130 94 40
130 94 168
130 94 296
130 93 40
130 93 168
130 93 296
130 92 40
130 92 168
130 92 296
130 91 40
130 91 168
130 91 296
130 90 40
130 90 168
130 89 40
130 89 168
130 88 40
130 88 168
131 88 40
131 88 168
131 87 40
131 87 168
132 87 40
132 87 168
132 86 40
132 86 168
133 86 40
133 86 168
134 86 40
134 86 168
135 86 40
135 86 168
136 86 40
136 86 168
137 86 40
137 86 168
138 86 40
138 86 168
145 175 40
145 175 168
145 175 296
145 175 424
145 175 552
145 175 680
145 175 808
145 174 40
145 174 168
145 174 296
145 174 424
145 174 552
145 174 680
145 174 808
145 173 40
145 173 168
145 173 296
145 173 424
145 173 552
145 173 680
145 172 40
145 172 168
145 172 296
145 172 424
145 172 552
145 172 680
145 171 40
145 171 168
145 171 296
145 171 424
145 171 552
145 170 40
145 170 168
145 170 296
145 170 424
145 170 552
145 169 40
145 169 168
145 169 296
145 169 424
145 169 552
145 168 40
145 168 168
145 168 296
145 168 424
145 167 40
145 167 168
145 167 296
145 166 40
145 166 168
145 166 296
145 165 40
145 165 168
145 165 296
144 165 40
144 165 168
144 164 40
144 164 168
144 163 40
144 163 168
143 163 40
143 163 168
143 162 40
142 162 40
141 162 40
141 161 40
140 161 40
140 160 40
139 160 40
139 159 40
139 158 40
138 158 40
137 158 40
137 157 40
136 157 40
136 156 40
136 155 40
135 155 40
134 155 40
134 154 40
133 154 40
133 153 40
132 153 40
132 152 40
131 152 40
131 151 40
130 151 40
130 150 40
129 150 40
129 148 40
129 147 40
129 146 40
129 145 40
129 144 40
129 143 40
129 142 40
129 141 40
129 140 40
129 139 40
129 138 40
129 138 168
129 137 40
129 137 168
129 136 40
129 136 168
129 135 40
129 135 168
129 134 40
129 134 168
129 133 40
129 133 168
129 132 40
129 132 168
129 131 40
129 131 168
129 130 40
129 130 168
129 129 40
129 128 40
129 128 168
129 128 296
129 127 40
129 127 168
129 127 296
129 126 40
129 126 168
129 126 296
129 125 40
129 125 168
129 125 296
129 124 40
129 124 168
129 124 296
129 123 40
129 123 168
129 123 296
129 122 40
129 122 168
129 122 296
129 121 40
129 121 168
129 120 40
129 120 168
129 119 40
129 119 168
129 118 40
129 118 168
129 117 40
129 117 168
129 116 40
129 116 168
129 115 40
129 115 168
129 114 40
129 113 40
129 112 40
129 111 40
129 110 40
129 110 168
26 167 40
27 167 40
28 167 40
29 167 40
30 167 40
30 166 40
30 165 40
30 165 168
30 164 40
30 164 168
30 163 40
30 163 168
30 162 40
30 162 168
30 161 40
30 161 168
30 160 40
30 160 168
30 159 40
30 159 168
30 158 40
30 158 168
30 157 40
30 157 168
30 156 40
30 156 168
30 156 296
30 155 40
30 155 168
30 155 296
30 154 40
30 154 168
30 154 296
30 153 40
30 153 168
30 153 296
30 153 424
30 152 40
30 152 168
30 152 296
30 152 424
30 151 40
30 151 168
30 151 296
30 151 424
30 150 40
30 150 168
30 150 296
30 150 424
30 150 552
30 149 40
30 149 168
30 149 296
30 149 424
30 149 552
30 148 40
30 148 168
30 148 296
30 148 424
30 148 552
30 147 40
30 147 168
30 147 296
30 147 424
30 147 552
30 146 40
30 146 168
30 146 296
30 146 424
30 146 552
30 145 40
30 145 168
30 145 296
30 145 424
30 145 552
30 144 40
30 144 168
30 144 296
30 144 424
30 144 552
30 143 40
30 143 168
30 143 296
30 143 424
30 143 552
30 142 40
30 142 168
30 142 296
30 142 424
30 142 552
30 141 40
30 141 168
30 141 296
30 141 424
30 141 552
30 140 40
30 140 168
30 140 296
30 140 424
30 140 552
30 139 40
30 139 168
30 139 296
30 139 424
30 138 40
30 138 168
30 138 296
30 138 424
30 137 40
30 137 168
30 137 296
30 137 424
30 136 40
30 136 168
30 136 296
30 136 424
30 135 40
30 135 168
30 135 296
30 134 40
30 134 168
30 134 296
30 133 40
30 133 168
30 133 296
30 132 40
30 132 168
30 132 296
30 131 40
30 131 168
30 130 40
30 130 168
30 129 40
30 129 168
30 128 40
30 128 168
31 128 40
31 128 168
31 127 40
31 127 168
31 126 40
31 126 168
32 126 40
32 126 168
32 125 40
32 125 168
33 125 40
33 125 168
33 124 40
33 124 168
34 124 40
34 124 168
34 123 40
34 123 168
35 123 40
35 123 168
35 122 40
35 122 168
36 122 40
36 122 168
36 121 40
36 121 168
37 121 40
37 121 168
37 121 296
38 121 40
38 121 168
38 121 296
38 120 40
38 120 168
38 120 296
39 120 40
39 120 168
39 120 296
39 119 40
39 119 168
39 119 296
39 119 424
39 118 40
39 118 168
39 118 296
39 118 424
39 117 40
39 117 168
39 117 296
39 117 424
39 117 552
39 116 40
39 116 168
39 116 296
39 116 424
39 116 552
39 115 40
39 115 168
39 115 296
39 115 424
39 115 552
39 115 680
39 114 40
39 114 168
39 114 296
39 114 424
39 114 552
39 114 680
39 113 40
39 113 168
39 113 296
39 113 424
39 113 552
39 113 680
39 112 40
39 112 168
39 112 296
39 112 424
39 112 552
39 112 680
39 111 40
39 111 168
39 111 296
39 111 424
39 111 552
39 111 680
39 111 808
39 110 40
39 110 168
39 110 296
39 110 424
39 110 552
39 110 680
39 110 808
39 109 40
39 109 168
39 109 296
39 109 424
39 109 552
39 109 680
39 109 808
39 108 40
39 108 168
39 108 296
39 108 424
39 108 552
39 108 680
39 108 808
39 107 40
39 107 168
39 107 296
39 107 424
39 107 552
39 107 680
39 107 808
39 106 40
39 106 168
39 106 296
39 106 424
39 106 552
39 106 680
39 105 40
39 105 168
39 105 296
39 105 424
39 105 552
39 105 680
39 104 40
39 104 168
39 104 296
39 104 424
39 104 552
39 103 40
39 103 168
39 103 296
39 103 424
39 103 552
39 102 40
39 102 168
39 102 296
39 102 424
39 101 40
39 101 168
39 101 296
39 101 424
39 100 40
39 100 168
39 100 296
39 100 424
39 99 40
39 99 168
39 99 296
39 98 40
39 98 168
39 98 296
40 98 40
40 98 168
40 98 296
41 98 40
41 98 168
41 98 296
41 98 424
41 97 40
41 97 168
41 97 296
41 96 40
41 96 168
41 96 296
42 96 40
42 96 168
42 96 296
42 95 40
42 95 168
42 95 296
43 95 40
43 95 168
43 95 296
43 94 40
43 94 168
43 94 296
44 94 40
44 94 168
44 94 296
44 93 40
44 93 168
44 93 296
45 93 40
45 93 168
45 93 296
45 92 40
45 92 168
46 92 40
46 92 168
46 91 40
46 91 168
47 91 40
47 91 168
47 90 40
47 90 168
48 90 40
48 90 168
48 89 40
48 89 168
49 88 40
49 88 168
50 88 40
50 88 168
50 87 40
50 87 168
51 87 40
51 87 168
52 87 40
52 87 168
53 87 40
53 87 168
54 87 40
54 87 168
55 87 40
55 87 168
56 87 40
56 87 168
57 87 40
58 87 40
