9 9 100
9 29 100
9 49 100
9 69 100
9 89 100
9 109 100
9 129 100
9 149 100
9 169 100
9 189 100
29 9 100
29 29 100
29 49 100
29 69 100
29 89 100
29 109 100
29 129 100
29 149 100
29 169 100
29 189 100
49 9 100
49 29 100
49 49 100
49 69 100
49 89 100
49 109 100
49 129 100
49 149 100
49 169 100
49 189 100
69 9 100
69 29 100
69 49 100
69 69 100
69 89 100
69 109 100
69 129 100
69 149 100
69 169 100
69 189 100
89 9 100
89 29 100
89 49 100
89 69 100
89 89 100
89 109 100
89 129 100
89 149 100
89 169 100
89 189 100
109 9 100
109 29 100
109 49 100
109 69 100
109 89 100
109 109 100
109 129 100
109 149 100
109 169 100
109 189 100
129 9 100
129 29 100
129 49 100
129 69 100
129 89 100
129 109 100
129 129 100
129 149 100
129 169 100
129 189 100
149 9 100
149 29 100
149 49 100
149 69 100
149 89 100
149 109 100
149 129 100
149 149 100
149 169 100
149 189 100
169 9 100
169 29 100
169 49 100
169 69 100
169 89 100
169 109 100
169 129 100
169 149 100
169 169 100
169 189 100
189 9 100
189 29 100
189 49 100
189 69 100
189 89 100
189 109 100
189 129 100
189 149 100
189 169 100
189 189 100
9 9 100
9 49 100
9 89 100
9 109 100
9 149 100
9 169 100
9 189 100
29 9 100
29 49 100
29 69 100
29 89 100
29 109 100
29 129 100
29 149 100
29 169 100
29 189 100
49 9 100
49 49 100
49 69 100
49 129 100
49 149 100
49 169 100
49 189 100
69 29 100
69 49 100
69 69 100
69 109 100
69 129 100
69 189 100
89 9 100
89 49 100
89 69 100
89 129 100
89 149 100
89 169 100
89 189 100
109 9 100
109 29 100
109 49 100
109 69 100
109 89 100
109 149 100
109 169 100
129 9 100
129 29 100
129 69 100
129 89 100
129 109 100
129 149 100
129 169 100
129 189 100
149 9 100
149 29 100
149 49 100
149 89 100
149 129 100
149 149 100
149 189 100
169 49 100
169 69 100
169 89 100
169 109 100
169 129 100
169 149 100
169 189 100
189 49 100
189 69 100
189 129 100
189 149 100
189 189 100
183 101 40
77 83 40
125 122 40
125 122 48
125 122 56
125 122 64
108 179 40
108 179 48
11 63 40
11 63 48
11 63 56
11 63 64
198 172 40
16 18 40
5 143 40
197 20 40
196 20 40
195 20 40
194 20 40
194 21 40
194 22 40
194 23 40
194 24 40
193 24 40
193 25 40
192 25 40
192 26 40
191 26 40
191 27 40
190 27 40
190 28 40
189 28 40
188 29 40
187 29 40
186 29 40
185 29 40
184 29 40
183 29 40
182 29 40
181 29 40
180 29 40
179 29 40
178 29 40
177 29 40
176 29 40
175 29 40
174 29 40
173 29 40
172 29 40
171 29 40
170 29 40
170 30 40
170 31 40
170 32 40
170 33 40
170 34 40
170 35 40
170 36 40
170 37 40
170 38 40
170 39 40
170 40 40
170 41 40
170 42 40
170 43 40
170 43 48
170 44 40
170 44 48
170 45 40
170 45 48
170 46 40
170 46 48
170 47 40
170 47 48
170 48 40
170 48 48
170 49 40
170 49 48
170 49 56
170 50 40
170 50 48
170 50 56
170 51 40
170 51 48
170 51 56
170 52 40
170 52 48
170 52 56
170 52 64
170 53 40
170 53 48
170 53 56
170 53 64
170 53 72
170 54 40
170 54 48
170 54 56
170 54 64
170 54 72
170 54 80
170 55 40
170 55 48
170 55 56
170 55 64
170 55 72
170 55 80
170 55 88
170 56 40
170 56 48
170 56 56
170 56 64
170 56 72
170 56 80
170 56 88
170 56 96
170 57 40
170 57 48
170 57 56
170 57 64
170 57 72
170 57 80
170 57 88
170 57 96
170 58 40
170 58 48
170 58 56
170 58 64
170 58 72
170 58 80
170 58 88
170 58 96
170 58 104
170 59 40
170 59 48
170 59 56
170 59 64
170 59 72
170 59 80
170 59 88
170 59 96
170 60 40
170 60 48
170 60 56
170 60 64
170 60 72
170 60 80
170 60 88
170 60 96
170 61 40
170 61 48
170 61 56
170 61 64
170 61 72
170 61 80
170 61 88
170 62 40
170 62 48
170 62 56
170 62 64
170 62 72
170 62 80
170 63 40
170 63 48
170 63 56
170 63 64
170 63 72
170 63 80
170 64 40
170 64 48
170 64 56
170 64 64
170 64 72
170 65 40
170 65 48
170 65 56
170 65 64
170 65 72
170 66 40
170 66 48
170 66 56
170 66 64
170 67 40
170 67 48
170 67 56
170 67 64
170 68 40
170 68 48
170 68 56
170 68 64
170 69 40
170 69 48
170 69 56
170 69 64
170 69 72
170 70 40
170 70 48
170 70 56
170 70 64
170 70 72
170 71 40
170 71 48
170 71 56
170 71 64
170 71 72
170 71 80
171 71 40
171 71 48
171 71 56
171 71 64
171 71 72
171 71 80
171 71 88
172 71 40
172 71 48
172 71 56
172 71 64
172 71 72
172 71 80
172 71 88
172 72 40
172 72 48
172 72 56
172 72 64
172 72 72
172 72 80
172 72 88
172 72 96
173 72 40
173 72 48
173 72 56
173 72 64
173 72 72
173 72 80
173 72 88
173 72 96
173 72 104
173 73 40
173 73 48
173 73 56
173 73 64
173 73 72
173 73 80
173 73 88
173 73 96
173 73 104
173 73 112
174 73 40
174 73 48
174 73 56
174 73 64
174 73 72
174 73 80
174 73 88
174 73 96
174 73 104
174 73 112
174 73 120
174 74 40
174 74 48
174 74 56
174 74 64
174 74 72
174 74 80
174 74 88
174 74 96
174 74 104
174 74 112
174 74 120
174 74 128
175 74 40
175 74 48
175 74 56
175 74 64
175 74 72
175 74 80
175 74 88
175 74 96
175 74 104
175 74 112
175 74 120
175 74 128
175 75 40
175 75 48
175 75 56
175 75 64
175 75 72
175 75 80
175 75 88
175 75 96
175 75 104
175 75 112
175 75 120
175 75 128
175 75 136
176 75 40
176 75 48
176 75 56
176 75 64
176 75 72
176 75 80
176 75 88
176 75 96
176 75 104
176 75 112
176 75 120
176 75 128
176 76 40
176 76 48
176 76 56
176 76 64
176 76 72
176 76 80
176 76 88
176 76 96
176 76 104
176 76 112
176 76 120
176 76 128
176 77 40
176 77 48
176 77 56
176 77 64
176 77 72
176 77 80
176 77 88
176 77 96
176 77 104
176 77 112
176 77 120
176 77 128
177 77 40
177 77 48
177 77 56
177 77 64
177 77 72
177 77 80
177 77 88
177 77 96
177 77 104
177 77 112
177 77 120
177 78 40
177 78 48
177 78 56
177 78 64
177 78 72
177 78 80
177 78 88
177 78 96
177 78 104
177 78 112
178 78 40
178 78 48
178 78 56
178 78 64
178 78 72
178 78 80
178 78 88
178 78 96
178 78 104
178 79 40
178 79 48
178 79 56
178 79 64
178 79 72
178 79 80
178 79 88
178 79 96
179 79 40
179 79 48
179 79 56
179 79 64
179 79 72
179 79 80
179 79 88
180 79 40
180 79 48
180 79 56
180 79 64
180 79 72
180 80 40
180 80 48
180 80 56
180 80 64
180 80 72
180 81 40
180 81 48
180 81 56
180 81 64
181 81 40
181 81 48
181 81 56
182 81 40
182 81 48
182 81 56
182 82 40
182 82 48
182 82 56
183 82 40
183 82 48
183 83 40
183 83 48
183 84 40
183 84 48
184 84 40
185 84 40
185 85 40
185 86 40
186 86 40
186 87 40
187 87 40
187 88 40
187 89 40
187 90 40
187 91 40
187 92 40
186 92 40
186 93 40
186 94 40
186 95 40
186 96 40
186 97 40
186 98 40
186 99 40
186 100 40
186 101 40
185 101 40
184 101 40
77 84 40
77 85 40
77 86 40
78 86 40
79 86 40
80 86 40
81 86 40
82 86 40
82 86 48
83 86 40
83 86 48
84 86 40
84 86 48
85 86 40
85 86 48
86 86 40
86 86 48
86 87 40
86 87 48
87 87 40
87 87 48
88 87 40
88 87 48
89 87 40
89 87 48
90 87 40
90 87 48
90 87 56
91 87 40
91 87 48
91 87 56
92 87 40
92 87 48
92 87 56
92 87 64
92 86 40
92 86 48
92 86 56
92 86 64
92 86 72
93 86 40
93 86 48
93 86 56
93 86 64
93 86 72
93 85 40
93 85 48
93 85 56
93 85 64
93 85 72
93 85 80
93 84 40
93 84 48
93 84 56
93 84 64
93 84 72
93 84 80
93 84 88
94 84 40
94 84 48
94 84 56
94 84 64
94 84 72
94 84 80
94 84 88
95 84 40
95 84 48
95 84 56
95 84 64
95 84 72
95 84 80
95 84 88
95 83 40
95 83 48
95 83 56
95 83 64
95 83 72
95 83 80
95 83 88
95 82 40
95 82 48
95 82 56
95 82 64
95 82 72
95 82 80
95 82 88
95 82 96
96 82 40
96 82 48
96 82 56
96 82 64
96 82 72
96 82 80
96 82 88
96 82 96
97 82 40
97 82 48
97 82 56
97 82 64
97 82 72
97 82 80
97 82 88
97 81 40
97 81 48
97 81 56
97 81 64
97 81 72
97 81 80
97 81 88
97 81 96
97 80 40
97 80 48
97 80 56
97 80 64
97 80 72
97 80 80
97 80 88
97 80 96
97 80 104
98 80 40
98 80 48
98 80 56
98 80 64
98 80 72
98 80 80
98 80 88
98 80 96
98 79 40
98 79 48
98 79 56
98 79 64
98 79 72
98 79 80
98 79 88
98 79 96
98 79 104
99 79 40
99 79 48
99 79 56
99 79 64
99 79 72
99 79 80
99 79 88
99 79 96
100 79 40
100 79 48
100 79 56
100 79 64
100 79 72
100 79 80
100 79 88
100 78 40
100 78 48
100 78 56
100 78 64
100 78 72
100 78 80
100 78 88
100 78 96
100 77 40
100 77 48
100 77 56
100 77 64
100 77 72
100 77 80
100 77 88
100 77 96
100 77 104
101 77 40
101 77 48
101 77 56
101 77 64
101 77 72
101 77 80
101 77 88
101 76 40
101 76 48
101 76 56
101 76 64
101 76 72
101 76 80
101 76 88
101 76 96
101 76 104
102 76 40
102 76 48
102 76 56
102 76 64
102 76 72
102 76 80
102 76 88
103 76 40
103 76 48
103 76 56
103 76 64
103 76 72
103 75 40
103 75 48
103 75 56
103 75 64
103 75 72
103 75 80
103 74 40
103 74 48
103 74 56
103 74 64
103 74 72
103 74 80
103 74 88
104 74 40
104 74 48
104 74 56
104 74 64
104 74 72
104 74 80
104 73 40
104 73 48
104 73 56
104 73 64
104 73 72
104 73 80
105 73 40
105 73 48
105 73 56
105 73 64
105 73 72
106 73 40
106 73 48
106 73 56
106 73 64
106 73 72
106 72 40
106 72 48
106 72 56
106 72 64
106 72 72
107 72 40
107 72 48
107 72 56
107 72 64
107 72 72
107 71 40
107 71 48
107 71 56
107 71 64
107 71 72
108 71 40
108 71 48
108 71 56
108 71 64
108 71 72
108 70 40
108 70 48
108 70 56
108 70 64
108 70 72
109 70 40
109 70 48
109 70 56
109 70 64
110 69 40
110 69 48
110 69 56
111 69 40
111 69 48
111 69 56
112 69 40
112 69 48
113 69 40
114 69 40
115 69 40
116 69 40
117 69 40
118 69 40
119 69 40
120 69 40
121 69 40
122 69 40
123 69 40
124 69 40
125 69 40
125 69 48
126 69 40
126 69 48
127 69 40
127 69 48
128 69 40
128 69 48
128 69 56
130 69 40
130 69 48
130 69 56
130 69 64
131 69 40
131 69 48
131 69 56
131 69 64
131 69 72
132 69 40
132 69 48
132 69 56
132 69 64
132 69 72
133 69 40
133 69 48
133 69 56
133 69 64
133 69 72
133 69 80
134 69 40
134 69 48
134 69 56
134 69 64
134 69 72
134 69 80
135 69 40
135 69 48
135 69 56
135 69 64
135 69 72
136 69 40
136 69 48
136 69 56
136 69 64
136 69 72
137 69 40
137 69 48
137 69 56
137 69 64
137 69 72
138 69 40
138 69 48
138 69 56
138 69 64
139 69 40
139 69 48
139 69 56
139 69 64
140 69 40
140 69 48
140 69 56
141 69 40
141 69 48
141 69 56
142 69 40
142 69 48
143 69 40
143 69 48
144 69 40
144 69 48
145 69 40
146 69 40
147 69 40
148 69 40
150 69 40
150 69 48
151 69 40
151 69 48
152 69 40
152 69 48
153 69 40
153 69 48
153 69 56
154 69 40
154 69 48
154 69 56
155 69 40
155 69 48
155 69 56
155 69 64
156 69 40
156 69 48
156 69 56
156 69 64
157 69 40
157 69 48
157 69 56
157 69 64
158 69 40
158 69 48
158 69 56
158 69 64
159 69 40
159 69 48
159 69 56
159 69 64
160 69 40
160 69 48
160 69 56
160 69 64
161 69 40
161 69 48
161 69 56
161 69 64
162 69 40
162 69 48
162 69 56
162 69 64
163 69 40
163 69 48
163 69 56
164 69 40
164 69 48
164 69 56
165 69 40
165 69 48
165 69 56
166 69 40
166 69 48
166 69 56
167 69 40
167 69 48
167 69 56
168 69 40
168 69 48
168 69 56
125 123 40
125 123 48
125 123 56
125 123 64
125 124 40
125 124 48
125 124 56
125 125 40
125 125 48
125 125 56
125 126 40
125 126 48
125 127 40
125 127 48
125 128 40
124 128 40
123 128 40
122 128 40
121 128 40
120 128 40
119 128 40
118 128 40
117 128 40
116 128 40
115 128 40
114 128 40
113 128 40
112 128 40
111 128 40
110 128 40
109 128 40
109 127 40
109 126 40
109 125 40
109 124 40
109 123 40
109 122 40
109 121 40
109 120 40
109 119 40
109 118 40
109 117 40
109 116 40
109 115 40
109 114 40
109 113 40
109 112 40
109 111 40
109 110 40
108 109 40
107 109 40
106 109 40
105 109 40
104 109 40
103 109 40
102 109 40
101 109 40
100 109 40
99 109 40
98 109 40
97 109 40
96 109 40
95 109 40
94 109 40
93 109 40
92 109 40
91 109 40
90 109 40
89 108 40
89 107 40
89 106 40
89 105 40
89 104 40
89 103 40
89 102 40
89 101 40
89 100 40
89 99 40
89 98 40
89 97 40
89 96 40
89 95 40
89 94 40
89 93 40
89 92 40
89 91 40
89 90 40
89 88 40
89 88 48
108 178 40
108 178 48
108 177 40
108 177 48
108 177 56
108 176 40
108 176 48
108 176 56
108 175 40
108 175 48
108 175 56
108 175 64
108 174 40
108 174 48
108 174 56
108 174 64
108 173 40
108 173 48
108 173 56
108 173 64
108 173 72
108 172 40
108 172 48
108 172 56
108 172 64
108 172 72
108 172 80
108 171 40
108 171 48
108 171 56
108 171 64
108 171 72
108 171 80
108 171 88
108 170 40
108 170 48
108 170 56
108 170 64
108 170 72
108 170 80
108 170 88
108 170 96
108 169 40
108 169 48
108 169 56
108 169 64
108 169 72
108 169 80
108 169 88
108 169 96
108 169 104
108 168 40
108 168 48
108 168 56
108 168 64
108 168 72
108 168 80
108 168 88
108 168 96
108 168 104
108 168 112
108 168 120
108 167 40
108 167 48
108 167 56
108 167 64
108 167 72
108 167 80
108 167 88
108 167 96
108 167 104
108 167 112
108 167 120
108 167 128
108 167 136
108 166 40
108 166 48
108 166 56
108 166 64
108 166 72
108 166 80
108 166 88
108 166 96
108 166 104
108 166 112
108 166 120
108 166 128
108 166 136
108 166 144
108 165 40
108 165 48
108 165 56
108 165 64
108 165 72
108 165 80
108 165 88
108 165 96
108 165 104
108 165 112
108 165 120
108 165 128
108 165 136
108 165 144
108 165 152
108 164 40
108 164 48
108 164 56
108 164 64
108 164 72
108 164 80
108 164 88
108 164 96
108 164 104
108 164 112
108 164 120
108 164 128
108 164 136
108 164 144
108 164 152
108 163 40
108 163 48
108 163 56
108 163 64
108 163 72
108 163 80
108 163 88
108 163 96
108 163 104
108 163 112
108 163 120
108 163 128
108 163 136
108 163 144
108 163 152
108 162 40
108 162 48
108 162 56
108 162 64
108 162 72
108 162 80
108 162 88
108 162 96
108 162 104
108 162 112
108 162 120
108 162 128
108 162 136
108 162 144
108 161 40
108 161 48
108 161 56
108 161 64
108 161 72
108 161 80
108 161 88
108 161 96
108 161 104
108 161 112
108 161 120
108 161 128
108 160 40
108 160 48
108 160 56
108 160 64
108 160 72
108 160 80
108 160 88
108 160 96
108 160 104
108 160 112
108 160 120
108 159 40
108 159 48
108 159 56
108 159 64
108 159 72
108 159 80
108 159 88
108 159 96
108 159 104
108 158 40
108 158 48
108 158 56
108 158 64
108 158 72
108 158 80
108 158 88
108 158 96
108 157 40
108 157 48
108 157 56
108 157 64
108 157 72
108 157 80
108 156 40
108 156 48
108 156 56
108 156 64
108 156 72
108 155 40
108 155 48
108 155 56
108 155 64
108 154 40
108 154 48
108 154 56
108 154 64
108 153 40
108 153 48
108 153 56
108 152 40
108 152 48
108 152 56
108 151 40
108 151 48
108 151 56
108 150 40
108 150 48
108 150 56
108 149 40
108 149 48
108 149 56
108 148 40
108 148 48
108 148 56
108 147 40
108 147 48
108 147 56
108 146 40
108 146 48
108 145 40
108 145 48
108 144 40
108 144 48
108 143 40
108 142 40
108 141 40
108 140 40
108 139 40
108 138 40
108 137 40
108 136 40
108 135 40
108 134 40
108 133 40
108 132 40
108 131 40
108 130 40
109 130 40
197 172 40
196 172 40
195 172 40
194 172 40
193 172 40
192 172 40
192 171 40
191 171 40
191 170 40
190 170 40
190 169 40
188 169 40
187 169 40
187 169 48
186 169 40
186 169 48
185 169 40
185 169 48
184 169 40
184 169 48
183 169 40
183 169 48
182 169 40
182 169 48
181 169 40
181 169 48
180 169 40
180 169 48
179 169 40
179 169 48
178 169 40
178 169 48
177 169 40
177 169 48
176 169 40
176 169 48
175 169 40
175 169 48
174 169 40
173 169 40
172 169 40
171 169 40
170 169 40
168 169 40
167 169 40
166 169 40
165 169 40
164 169 40
163 169 40
162 169 40
161 169 40
160 169 40
159 169 40
158 169 40
157 169 40
156 169 40
155 169 40
154 169 40
153 169 40
152 169 40
151 169 40
150 169 40
149 170 40
149 170 48
148 170 40
148 170 48
148 170 56
148 171 40
148 171 48
148 172 40
148 172 48
148 173 40
148 173 48
148 173 56
148 174 40
148 174 48
148 174 56
148 175 40
148 175 48
148 175 56
148 176 40
148 176 48
148 177 40
148 177 48
148 178 40
148 178 48
148 179 40
148 179 48
148 180 40
148 180 48
148 181 40
148 181 48
148 182 40
148 182 48
148 183 40
148 183 48
148 184 40
148 184 48
148 185 40
148 185 48
148 186 40
148 186 48
148 186 56
148 187 40
148 187 48
148 187 56
148 188 40
148 188 48
148 188 56
148 188 64
147 188 40
147 188 48
147 188 56
147 188 64
146 188 40
146 188 48
146 188 56
146 188 64
146 188 72
145 188 40
145 188 48
145 188 56
145 188 64
145 188 72
144 188 40
144 188 48
144 188 56
144 188 64
144 188 72
143 188 40
143 188 48
143 188 56
143 188 64
143 188 72
142 188 40
142 188 48
142 188 56
142 188 64
142 188 72
142 188 80
141 188 40
141 188 48
141 188 56
141 188 64
141 188 72
141 188 80
140 188 40
140 188 48
140 188 56
140 188 64
140 188 72
140 188 80
140 188 88
139 188 40
139 188 48
139 188 56
139 188 64
139 188 72
139 188 80
139 188 88
139 188 96
139 188 104
138 188 40
138 188 48
138 188 56
138 188 64
138 188 72
138 188 80
138 188 88
138 188 96
138 188 104
138 188 112
137 188 40
137 188 48
137 188 56
137 188 64
137 188 72
137 188 80
137 188 88
137 188 96
137 188 104
137 188 112
137 188 120
137 188 128
136 188 40
136 188 48
136 188 56
136 188 64
136 188 72
136 188 80
136 188 88
136 188 96
136 188 104
136 188 112
136 188 120
136 188 128
136 188 136
135 188 40
135 188 48
135 188 56
135 188 64
135 188 72
135 188 80
135 188 88
135 188 96
135 188 104
135 188 112
135 188 120
135 188 128
135 188 136
134 188 40
134 188 48
134 188 56
134 188 64
134 188 72
134 188 80
134 188 88
134 188 96
134 188 104
134 188 112
134 188 120
134 188 128
133 188 40
133 188 48
133 188 56
133 188 64
133 188 72
133 188 80
133 188 88
133 188 96
133 188 104
133 188 112
133 188 120
133 188 128
132 188 40
132 188 48
132 188 56
132 188 64
132 188 72
132 188 80
132 188 88
132 188 96
132 188 104
132 188 112
132 188 120
131 188 40
131 188 48
131 188 56
131 188 64
131 188 72
131 188 80
131 188 88
131 188 96
131 188 104
131 188 112
130 188 40
130 188 48
130 188 56
130 188 64
130 188 72
130 188 80
130 188 88
130 188 96
130 188 104
129 188 40
129 188 48
129 188 56
129 188 64
129 188 72
129 188 80
129 188 88
129 188 96
129 188 104
128 188 40
128 188 48
128 188 56
128 188 64
128 188 72
128 188 80
128 188 88
128 188 96
128 188 104
127 188 40
127 188 48
127 188 56
127 188 64
127 188 72
127 188 80
127 188 88
127 188 96
127 188 104
126 188 40
126 188 48
126 188 56
126 188 64
126 188 72
126 188 80
126 188 88
126 188 96
126 188 104
125 188 40
125 188 48
125 188 56
125 188 64
125 188 72
125 188 80
125 188 88
125 188 96
124 188 40
124 188 48
124 188 56
124 188 64
124 188 72
124 188 80
124 188 88
124 188 96
123 188 40
123 188 48
123 188 56
123 188 64
123 188 72
123 188 80
123 188 88
122 188 40
122 188 48
122 188 56
122 188 64
122 188 72
122 188 80
121 188 40
121 188 48
121 188 56
121 188 64
121 188 72
121 188 80
120 188 40
120 188 48
120 188 56
120 188 64
120 188 72
119 188 40
119 188 48
119 188 56
119 188 64
118 188 40
118 188 48
118 188 56
118 188 64
117 188 40
117 188 48
117 188 56
117 188 64
116 188 40
116 188 48
116 188 56
115 188 40
115 188 48
115 188 56
114 188 40
114 188 48
114 188 56
113 188 40
113 188 48
113 188 56
112 188 40
112 188 48
111 188 40
111 188 48
110 188 40
110 188 48
109 188 40
108 188 40
108 187 40
108 186 40
108 185 40
108 184 40
108 183 40
108 182 40
108 181 40
108 180 40
108 180 48
11 64 40
11 64 48
11 64 56
11 64 64
11 65 40
11 65 48
11 65 56
11 66 40
11 66 48
11 66 56
11 67 40
11 67 48
11 67 56
11 68 40
11 68 48
11 69 40
11 69 48
11 70 40
11 70 48
11 71 40
11 71 48
11 72 40
11 72 48
12 72 40
12 72 48
12 73 40
12 73 48
12 73 56
13 73 40
13 73 48
13 73 56
14 73 40
14 73 48
14 73 56
14 74 40
14 74 48
14 74 56
14 75 40
14 75 48
14 75 56
14 75 64
15 75 40
15 75 48
15 75 56
15 75 64
16 75 40
16 75 48
16 75 56
16 75 64
16 75 72
16 76 40
16 76 48
16 76 56
16 76 64
16 76 72
16 76 80
16 77 40
16 77 48
16 77 56
16 77 64
16 77 72
16 77 80
16 77 88
17 77 40
17 77 48
17 77 56
17 77 64
17 77 72
17 77 80
17 77 88
17 77 96
17 78 40
17 78 48
17 78 56
17 78 64
17 78 72
17 78 80
17 78 88
17 78 96
17 78 104
18 78 40
18 78 48
18 78 56
18 78 64
18 78 72
18 78 80
18 78 88
18 78 96
18 78 104
18 78 112
19 78 40
19 78 48
19 78 56
19 78 64
19 78 72
19 78 80
19 78 88
19 78 96
19 78 104
19 78 112
19 78 120
19 79 40
19 79 48
19 79 56
19 79 64
19 79 72
19 79 80
19 79 88
19 79 96
19 79 104
19 79 112
19 79 120
19 79 128
20 79 40
20 79 48
20 79 56
20 79 64
20 79 72
20 79 80
20 79 88
20 79 96
20 79 104
20 79 112
20 79 120
20 79 128
20 79 136
21 79 40
21 79 48
21 79 56
21 79 64
21 79 72
21 79 80
21 79 88
21 79 96
21 79 104
21 79 112
21 79 120
21 79 128
21 79 136
21 79 144
21 79 152
22 79 40
22 79 48
22 79 56
22 79 64
22 79 72
22 79 80
22 79 88
22 79 96
22 79 104
22 79 112
22 79 120
22 79 128
22 79 136
22 79 144
22 79 152
22 79 160
23 79 40
23 79 48
23 79 56
23 79 64
23 79 72
23 79 80
23 79 88
23 79 96
23 79 104
23 79 112
23 79 120
23 79 128
23 79 136
23 79 144
23 79 152
23 79 160
23 79 168
23 79 176
24 79 40
24 79 48
24 79 56
24 79 64
24 79 72
24 79 80
24 79 88
24 79 96
24 79 104
24 79 112
24 79 120
24 79 128
24 79 136
24 79 144
24 79 152
24 79 160
24 79 168
24 79 176
24 79 184
24 79 192
25 79 40
25 79 48
25 79 56
25 79 64
25 79 72
25 79 80
25 79 88
25 79 96
25 79 104
25 79 112
25 79 120
25 79 128
25 79 136
25 79 144
25 79 152
25 79 160
25 79 168
25 79 176
25 79 184
25 79 192
25 79 200
26 79 40
26 79 48
26 79 56
26 79 64
26 79 72
26 79 80
26 79 88
26 79 96
26 79 104
26 79 112
26 79 120
26 79 128
26 79 136
26 79 144
26 79 152
26 79 160
26 79 168
26 79 176
26 79 184
26 79 192
26 79 200
26 79 208
26 79 216
27 79 40
27 79 48
27 79 56
27 79 64
27 79 72
27 79 80
27 79 88
27 79 96
27 79 104
27 79 112
27 79 120
27 79 128
27 79 136
27 79 144
27 79 152
27 79 160
27 79 168
27 79 176
27 79 184
27 79 192
27 79 200
27 79 208
27 79 216
27 79 224
28 79 40
28 79 48
28 79 56
28 79 64
28 79 72
28 79 80
28 79 88
28 79 96
28 79 104
28 79 112
28 79 120
28 79 128
28 79 136
28 79 144
28 79 152
28 79 160
28 79 168
28 79 176
28 79 184
28 79 192
28 79 200
28 79 208
28 79 216
28 79 224
28 79 232
29 79 40
29 79 48
29 79 56
29 79 64
29 79 72
29 79 80
29 79 88
29 79 96
29 79 104
29 79 112
29 79 120
29 79 128
29 79 136
29 79 144
29 79 152
29 79 160
29 79 168
29 79 176
29 79 184
29 79 192
29 79 200
29 79 208
29 79 216
29 79 224
29 79 232
29 79 240
30 79 40
30 79 48
30 79 56
30 79 64
30 79 72
30 79 80
30 79 88
30 79 96
30 79 104
30 79 112
30 79 120
30 79 128
30 79 136
30 79 144
30 79 152
30 79 160
30 79 168
30 79 176
30 79 184
30 79 192
30 79 200
30 79 208
30 79 216
30 79 224
30 79 232
30 79 240
31 79 40
31 79 48
31 79 56
31 79 64
31 79 72
31 79 80
31 79 88
31 79 96
31 79 104
31 79 112
31 79 120
31 79 128
31 79 136
31 79 144
31 79 152
31 79 160
31 79 168
31 79 176
31 79 184
31 79 192
31 79 200
31 79 208
31 79 216
31 79 224
31 79 232
31 79 240
32 79 40
32 79 48
32 79 56
32 79 64
32 79 72
32 79 80
32 79 88
32 79 96
32 79 104
32 79 112
32 79 120
32 79 128
32 79 136
32 79 144
32 79 152
32 79 160
32 79 168
32 79 176
32 79 184
32 79 192
32 79 200
32 79 208
32 79 216
32 79 224
32 79 232
32 79 240
33 79 40
33 79 48
33 79 56
33 79 64
33 79 72
33 79 80
33 79 88
33 79 96
33 79 104
33 79 112
33 79 120
33 79 128
33 79 136
33 79 144
33 79 152
33 79 160
33 79 168
33 79 176
33 79 184
33 79 192
33 79 200
33 79 208
33 79 216
33 79 224
33 79 232
34 79 40
34 79 48
34 79 56
34 79 64
34 79 72
34 79 80
34 79 88
34 79 96
34 79 104
34 79 112
34 79 120
34 79 128
34 79 136
34 79 144
34 79 152
34 79 160
34 79 168
34 79 176
34 79 184
34 79 192
34 79 200
34 79 208
34 79 216
34 79 224
34 79 232
35 79 40
35 79 48
35 79 56
35 79 64
35 79 72
35 79 80
35 79 88
35 79 96
35 79 104
35 79 112
35 79 120
35 79 128
35 79 136
35 79 144
35 79 152
35 79 160
35 79 168
35 79 176
35 79 184
35 79 192
35 79 200
35 79 208
35 79 216
35 79 224
36 79 40
36 79 48
36 79 56
36 79 64
36 79 72
36 79 80
36 79 88
36 79 96
36 79 104
36 79 112
36 79 120
36 79 128
36 79 136
36 79 144
36 79 152
36 79 160
36 79 168
36 79 176
36 79 184
36 79 192
36 79 200
36 79 208
36 79 216
37 79 40
37 79 48
37 79 56
37 79 64
37 79 72
37 79 80
37 79 88
37 79 96
37 79 104
37 79 112
37 79 120
37 79 128
37 79 136
37 79 144
37 79 152
37 79 160
37 79 168
37 79 176
37 79 184
37 79 192
37 79 200
37 79 208
38 79 40
38 79 48
38 79 56
38 79 64
38 79 72
38 79 80
38 79 88
38 79 96
38 79 104
38 79 112
38 79 120
38 79 128
38 79 136
38 79 144
38 79 152
38 79 160
38 79 168
38 79 176
38 79 184
38 79 192
39 79 40
39 79 48
39 79 56
39 79 64
39 79 72
39 79 80
39 79 88
39 79 96
39 79 104
39 79 112
39 79 120
39 79 128
39 79 136
39 79 144
39 79 152
39 79 160
39 79 168
39 79 176
39 79 184
39 80 40
39 80 48
39 80 56
39 80 64
39 80 72
39 80 80
39 80 88
39 80 96
39 80 104
39 80 112
39 80 120
39 80 128
39 80 136
39 80 144
39 80 152
39 80 160
39 80 168
40 80 40
40 80 48
40 80 56
40 80 64
40 80 72
40 80 80
40 80 88
40 80 96
40 80 104
40 80 112
40 80 120
40 80 128
40 80 136
40 80 144
40 80 152
40 81 40
40 81 48
40 81 56
40 81 64
40 81 72
40 81 80
40 81 88
40 81 96
40 81 104
40 81 112
40 81 120
40 81 128
40 81 136
40 81 144
41 81 40
41 81 48
41 81 56
41 81 64
41 81 72
41 81 80
41 81 88
41 81 96
41 81 104
41 81 112
41 81 120
41 81 128
42 81 40
42 81 48
42 81 56
42 81 64
42 81 72
42 81 80
42 81 88
42 81 96
42 81 104
42 81 112
42 81 120
42 82 40
42 82 48
42 82 56
42 82 64
42 82 72
42 82 80
42 82 88
42 82 96
42 82 104
42 82 112
43 82 40
43 82 48
43 82 56
43 82 64
43 82 72
43 82 80
43 82 88
43 82 96
43 82 104
43 83 40
43 83 48
43 83 56
43 83 64
43 83 72
43 83 80
43 83 88
43 83 96
44 83 40
44 83 48
44 83 56
44 83 64
44 83 72
44 83 80
44 83 88
44 83 96
44 84 40
44 84 48
44 84 56
44 84 64
44 84 72
44 84 80
44 84 88
45 84 40
45 84 48
45 84 56
45 84 64
45 84 72
45 84 80
45 84 88
45 85 40
45 85 48
45 85 56
45 85 64
45 85 72
45 85 80
46 85 40
46 85 48
46 85 56
46 85 64
46 85 72
46 85 80
46 86 40
46 86 48
46 86 56
46 86 64
46 86 72
47 86 40
47 86 48
47 86 56
47 86 64
47 86 72
47 87 40
47 87 48
47 87 56
47 87 64
48 87 40
48 87 48
48 87 56
48 87 64
48 88 40
48 88 48
48 88 56
49 88 40
49 88 48
50 89 40
50 89 48
51 89 40
51 89 48
52 89 40
53 89 40
54 89 40
55 89 40
56 89 40
57 89 40
58 89 40
59 89 40
60 89 40
61 89 40
62 89 40
63 89 40
64 89 40
65 89 40
66 89 40
67 89 40
68 89 40
69 88 40
70 88 40
71 88 40
71 87 40
72 87 40
72 86 40
73 86 40
74 86 40
75 86 40
76 86 40
16 19 40
16 20 40
16 21 40
16 22 40
16 23 40
16 24 40
16 25 40
15 25 40
14 25 40
14 26 40
13 26 40
12 26 40
12 27 40
11 27 40
11 28 40
11 29 40
11 30 40
11 31 40
11 32 40
11 33 40
11 34 40
11 35 40
11 35 48
11 36 40
11 36 48
11 37 40
11 37 48
11 38 40
11 38 48
11 38 56
11 39 40
11 39 48
11 39 56
11 39 64
11 40 40
11 40 48
11 40 56
11 40 64
11 40 72
11 41 40
11 41 48
11 41 56
11 41 64
11 41 72
11 41 80
11 42 40
11 42 48
11 42 56
11 42 64
11 42 72
11 42 80
11 42 88
11 42 96
11 43 40
11 43 48
11 43 56
11 43 64
11 43 72
11 43 80
11 43 88
11 43 96
11 43 104
11 44 40
11 44 48
11 44 56
11 44 64
11 44 72
11 44 80
11 44 88
11 44 96
11 44 104
11 44 112
11 45 40
11 45 48
11 45 56
11 45 64
11 45 72
11 45 80
11 45 88
11 45 96
11 45 104
11 45 112
11 46 40
11 46 48
11 46 56
11 46 64
11 46 72
11 46 80
11 46 88
11 46 96
11 46 104
11 46 112
11 47 40
11 47 48
11 47 56
11 47 64
11 47 72
11 47 80
11 47 88
11 47 96
11 47 104
11 47 112
11 48 40
11 48 48
11 48 56
11 48 64
11 48 72
11 48 80
11 48 88
11 48 96
11 48 104
11 49 40
11 49 48
11 49 56
11 49 64
11 49 72
11 49 80
11 49 88
11 49 96
11 49 104
11 50 40
11 50 48
11 50 56
11 50 64
11 50 72
11 50 80
11 50 88
11 50 96
11 50 104
11 51 40
11 51 48
11 51 56
11 51 64
11 51 72
11 51 80
11 51 88
11 51 96
11 51 104
11 51 112
11 52 40
11 52 48
11 52 56
11 52 64
11 52 72
11 52 80
11 52 88
11 52 96
11 52 104
11 52 112
11 53 40
11 53 48
11 53 56
11 53 64
11 53 72
11 53 80
11 53 88
11 53 96
11 53 104
11 53 112
11 54 40
11 54 48
11 54 56
11 54 64
11 54 72
11 54 80
11 54 88
11 54 96
11 54 104
11 54 112
11 55 40
11 55 48
11 55 56
11 55 64
11 55 72
11 55 80
11 55 88
11 55 96
11 55 104
11 55 112
11 56 40
11 56 48
11 56 56
11 56 64
11 56 72
11 56 80
11 56 88
11 56 96
11 56 104
11 57 40
11 57 48
11 57 56
11 57 64
11 57 72
11 57 80
11 57 88
11 58 40
11 58 48
11 58 56
11 58 64
11 58 72
11 58 80
11 59 40
11 59 48
11 59 56
11 59 64
11 59 72
11 60 40
11 60 48
11 60 56
11 60 64
11 61 40
11 61 48
11 61 56
11 61 64
11 62 40
11 62 48
11 62 56
11 62 64
5 142 40
5 141 40
5 140 40
5 139 40
5 138 40
5 137 40
5 136 40
5 135 40
5 134 40
5 133 40
5 132 40
5 131 40
5 130 40
5 129 40
6 129 40
7 129 40
8 129 40
9 128 40
10 128 40
10 127 40
11 127 40
11 126 40
12 126 40
12 125 40
13 125 40
14 125 40
14 125 48
14 124 40
14 124 48
14 123 40
14 123 48
15 123 40
15 123 48
15 122 40
15 122 48
15 122 56
16 122 40
16 122 48
16 122 56
16 122 64
17 122 40
17 122 48
17 122 56
17 122 64
17 121 40
17 121 48
17 121 56
17 121 64
17 121 72
17 121 80
18 121 40
18 121 48
18 121 56
18 121 64
18 121 72
18 121 80
18 120 40
18 120 48
18 120 56
18 120 64
18 120 72
18 120 80
18 120 88
18 120 96
18 119 40
18 119 48
18 119 56
18 119 64
18 119 72
18 119 80
18 119 88
18 119 96
18 119 104
18 119 112
19 119 40
19 119 48
19 119 56
19 119 64
19 119 72
19 119 80
19 119 88
19 119 96
19 119 104
19 119 112
20 119 40
20 119 48
20 119 56
20 119 64
20 119 72
20 119 80
20 119 88
20 119 96
20 119 104
20 119 112
21 119 40
21 119 48
21 119 56
21 119 64
21 119 72
21 119 80
21 119 88
21 119 96
21 119 104
22 119 40
22 119 48
22 119 56
22 119 64
22 119 72
22 119 80
22 119 88
22 119 96
22 119 104
23 119 40
23 119 48
23 119 56
23 119 64
23 119 72
23 119 80
23 119 88
23 119 96
24 119 40
24 119 48
24 119 56
24 119 64
24 119 72
24 119 80
24 119 88
25 119 40
25 119 48
25 119 56
25 119 64
25 119 72
25 119 80
26 119 40
26 119 48
26 119 56
26 119 64
26 119 72
27 119 40
27 119 48
27 119 56
27 119 64
27 119 72
28 119 40
28 119 48
28 119 56
28 119 64
28 119 72
29 119 40
29 119 48
29 119 56
29 119 64
29 119 72
30 119 40
30 119 48
30 119 56
30 119 64
30 119 72
31 119 40
31 119 48
31 119 56
31 119 64
31 119 72
32 119 40
32 119 48
32 119 56
32 119 64
32 119 72
33 119 40
33 119 48
33 119 56
33 119 64
33 119 72
33 119 80
34 119 40
34 119 48
34 119 56
34 119 64
34 119 72
34 119 80
35 119 40
35 119 48
35 119 56
35 119 64
35 119 72
35 119 80
35 119 88
36 119 40
36 119 48
36 119 56
36 119 64
36 119 72
36 119 80
36 119 88
37 119 40
37 119 48
37 119 56
37 119 64
37 119 72
37 119 80
37 119 88
38 119 40
38 119 48
38 119 56
38 119 64
38 119 72
38 119 80
38 119 88
39 119 40
39 119 48
39 119 56
39 119 64
39 119 72
39 119 80
40 119 40
40 119 48
40 119 56
40 119 64
40 119 72
40 119 80
40 118 40
40 118 48
40 118 56
40 118 64
40 118 72
40 117 40
40 117 48
40 117 56
40 117 64
40 117 72
41 117 40
41 117 48
41 117 56
41 117 64
41 116 40
41 116 48
41 116 56
41 116 64
42 116 40
42 116 48
42 116 56
42 116 64
42 115 40
42 115 48
42 115 56
42 115 64
43 115 40
43 115 48
43 115 56
43 115 64
43 114 40
43 114 48
43 114 56
44 114 40
44 114 48
44 114 56
44 113 40
44 113 48
44 113 56
45 113 40
45 113 48
45 113 56
45 112 40
45 112 48
45 112 56
46 112 40
46 112 48
46 112 56
46 111 40
46 111 48
47 111 40
47 111 48
47 110 40
47 110 48
48 110 40
48 110 48
48 109 40
48 109 48
49 108 40
49 108 48
49 107 40
49 107 48
49 106 40
49 105 40
49 104 40
49 103 40
49 102 40
49 101 40
49 100 40
49 99 40
49 98 40
49 97 40
49 96 40
49 95 40
49 94 40
49 93 40
49 92 40
49 91 40
49 90 40
