9 9 100
9 29 100
9 49 100
9 69 100
9 89 100
9 109 100
9 129 100
9 149 100
9 169 100
9 189 100
29 9 100
29 29 100
29 49 100
29 69 100
29 89 100
29 109 100
29 129 100
29 149 100
29 169 100
29 189 100
49 9 100
49 29 100
49 49 100
49 69 100
49 89 100
49 109 100
49 129 100
49 149 100
49 169 100
49 189 100
69 9 100
69 29 100
69 49 100
69 69 100
69 89 100
69 109 100
69 129 100
69 149 100
69 169 100
69 189 100
89 9 100
89 29 100
89 49 100
89 69 100
89 89 100
89 109 100
89 129 100
89 149 100
89 169 100
89 189 100
109 9 100
109 29 100
109 49 100
109 69 100
109 89 100
109 109 100
109 129 100
109 149 100
109 169 100
109 189 100
129 9 100
129 29 100
129 49 100
129 69 100
129 89 100
129 109 100
129 129 100
129 149 100
129 169 100
129 189 100
149 9 100
149 29 100
149 49 100
149 69 100
149 89 100
149 109 100
149 129 100
149 149 100
149 169 100
149 189 100
169 9 100
169 29 100
169 49 100
169 69 100
169 89 100
169 109 100
169 129 100
169 149 100
169 169 100
169 189 100
189 9 100
189 29 100
189 49 100
189 69 100
189 89 100
189 109 100
189 129 100
189 149 100
189 169 100
189 189 100
9 29 100
9 69 100
9 109 100
9 129 100
9 189 100
29 69 100
29 89 100
29 109 100
29 149 100
29 189 100
49 9 100
49 49 100
49 109 100
49 129 100
49 149 100
49 169 100
49 189 100
69 29 100
69 49 100
69 69 100
89 29 100
89 49 100
89 89 100
89 129 100
89 149 100
89 169 100
109 9 100
109 49 100
109 69 100
109 89 100
129 9 100
129 29 100
129 69 100
129 89 100
129 109 100
129 129 100
129 149 100
129 169 100
129 189 100
149 49 100
149 89 100
149 129 100
169 9 100
169 49 100
169 69 100
169 89 100
169 129 100
169 169 100
189 9 100
189 29 100
189 89 100
189 149 100
189 189 100
190 122 40
169 145 40
166 114 40
170 41 40
168 179 40
168 179 72
68 112 40
78 151 40
29 178 40
110 191 40
60 47 40
60 47 72
88 21 40
29 141 40
124 36 40
168 180 40
168 181 40
168 182 40
168 183 40
168 184 40
168 185 40
168 186 40
168 187 40
168 188 40
168 189 40
167 189 40
166 189 40
165 189 40
164 189 40
163 189 40
162 189 40
161 189 40
160 189 40
159 189 40
158 189 40
157 189 40
156 189 40
155 189 40
154 189 40
153 189 40
152 189 40
151 189 40
150 189 40
149 188 40
149 187 40
149 186 40
149 185 40
149 184 40
149 183 40
149 182 40
149 181 40
149 180 40
149 179 40
149 178 40
149 177 40
149 176 40
149 175 40
149 174 40
149 173 40
149 172 40
149 171 40
149 170 40
149 168 40
149 167 40
149 166 40
149 165 40
149 164 40
149 163 40
149 162 40
149 161 40
149 160 40
149 159 40
149 158 40
149 157 40
149 156 40
149 155 40
149 154 40
149 153 40
149 152 40
149 151 40
149 150 40
150 149 40
151 149 40
152 149 40
153 149 40
154 149 40
155 149 40
156 149 40
157 149 40
158 149 40
159 149 40
160 149 40
161 149 40
162 149 40
163 149 40
164 149 40
165 149 40
166 149 40
167 149 40
168 149 40
169 148 40
169 147 40
169 146 40
170 40 40
170 39 40
170 38 40
170 37 40
170 36 40
170 35 40
170 34 40
170 33 40
170 32 40
170 31 40
170 30 40
171 30 40
172 30 40
173 30 40
174 30 40
175 30 40
176 30 40
177 30 40
178 30 40
179 30 40
179 30 72
180 30 40
180 30 72
181 30 40
181 30 72
182 30 40
182 30 72
183 30 40
183 30 72
184 30 40
184 30 72
185 30 40
185 30 72
186 30 40
186 30 72
186 30 104
187 30 40
187 30 72
187 30 104
188 30 40
188 30 72
188 30 104
188 31 40
188 31 72
188 32 40
188 32 72
188 33 40
188 33 72
188 34 40
188 34 72
188 35 40
188 35 72
188 36 40
188 36 72
188 37 40
188 37 72
188 38 40
188 39 40
188 40 40
188 41 40
188 42 40
188 43 40
188 44 40
188 45 40
188 46 40
188 47 40
188 48 40
189 48 40
189 50 40
189 51 40
189 52 40
189 53 40
189 54 40
189 55 40
189 56 40
189 57 40
189 58 40
189 59 40
189 60 40
189 61 40
189 62 40
189 63 40
189 64 40
189 65 40
189 66 40
189 67 40
189 68 40
189 70 40
189 71 40
189 72 40
189 73 40
189 74 40
189 75 40
189 76 40
189 77 40
189 78 40
189 79 40
189 80 40
189 80 72
189 81 40
189 81 72
189 82 40
189 82 72
189 83 40
189 83 72
189 84 40
189 84 72
189 85 40
189 85 72
189 86 40
189 86 72
189 86 104
189 87 40
189 87 72
189 87 104
189 88 40
189 88 72
189 88 104
189 90 40
189 90 72
189 90 104
189 91 40
189 91 72
189 91 104
189 92 40
189 92 72
189 92 104
189 93 40
189 93 72
189 93 104
189 94 40
189 94 72
189 94 104
189 95 40
189 95 72
189 96 40
189 96 72
189 97 40
189 97 72
189 98 40
189 99 40
189 100 40
189 101 40
189 102 40
189 103 40
189 104 40
189 105 40
189 106 40
189 107 40
189 108 40
189 110 40
190 110 40
190 111 40
190 112 40
190 113 40
190 114 40
190 115 40
190 116 40
190 117 40
190 118 40
190 119 40
190 120 40
190 121 40
124 37 40
124 38 40
124 39 40
124 40 40
124 41 40
124 42 40
124 43 40
124 44 40
124 45 40
125 45 40
126 45 40
126 46 40
127 46 40
127 47 40
128 47 40
129 47 40
130 47 40
131 47 40
132 47 40
132 46 40
133 46 40
133 45 40
133 44 40
134 44 40
135 44 40
135 43 40
135 42 40
136 42 40
136 41 40
137 41 40
138 41 40
138 40 40
139 40 40
139 39 40
139 38 40
140 38 40
140 37 40
141 37 40
141 36 40
142 36 40
142 35 40
143 35 40
143 34 40
143 34 72
144 34 40
144 34 72
144 33 40
144 33 72
145 33 40
145 33 72
145 33 104
145 32 40
145 32 72
145 32 104
146 32 40
146 32 72
146 32 104
146 31 40
146 31 72
146 31 104
146 31 136
147 31 40
147 31 72
147 31 104
147 31 136
147 30 40
147 30 72
147 30 104
147 30 136
148 30 40
148 30 72
148 30 104
148 29 40
148 29 72
148 29 104
150 29 40
150 29 72
151 29 40
152 29 40
153 29 40
154 29 40
155 29 40
156 29 40
157 29 40
158 29 40
159 29 40
160 29 40
161 29 40
162 29 40
163 29 40
164 29 40
165 29 40
166 29 40
167 29 40
168 29 40
170 29 40
88 20 40
88 19 40
88 18 40
88 17 40
88 16 40
88 15 40
88 14 40
88 13 40
88 12 40
88 11 40
89 11 40
90 11 40
91 11 40
92 11 40
92 12 40
93 12 40
93 13 40
94 13 40
94 14 40
95 14 40
95 15 40
96 15 40
96 16 40
96 17 40
96 17 72
97 17 40
97 17 72
98 17 40
98 17 72
98 17 104
98 18 40
98 18 72
98 18 104
98 18 136
99 18 40
99 18 72
99 18 104
99 18 136
99 19 40
99 19 72
99 19 104
99 19 136
99 19 168
100 19 40
100 19 72
100 19 104
100 19 136
100 19 168
100 20 40
100 20 72
100 20 104
100 20 136
100 20 168
101 20 40
101 20 72
101 20 104
101 20 136
101 20 168
101 21 40
101 21 72
101 21 104
101 21 136
101 21 168
101 22 40
101 22 72
101 22 104
101 22 136
101 22 168
102 22 40
102 22 72
102 22 104
102 22 136
103 22 40
103 22 72
103 22 104
103 23 40
103 23 72
104 23 40
104 23 72
104 24 40
104 24 72
105 24 40
105 25 40
106 25 40
106 26 40
107 26 40
107 27 40
108 27 40
108 28 40
109 28 40
110 29 40
110 30 40
111 30 40
111 31 40
112 31 40
112 32 40
113 32 40
113 33 40
114 33 40
114 34 40
114 35 40
115 35 40
116 35 40
116 36 40
117 36 40
118 36 40
119 36 40
120 36 40
121 36 40
122 36 40
123 36 40
59 47 40
59 47 72
58 47 40
58 47 72
57 47 40
57 47 72
56 47 40
56 47 72
55 47 40
55 47 72
54 47 40
54 47 72
53 47 40
53 47 72
53 47 104
52 47 40
52 47 72
52 47 104
51 47 40
51 47 72
51 47 104
51 47 136
50 47 40
50 47 72
50 47 104
50 47 136
50 46 40
50 46 72
50 46 104
50 46 136
50 46 168
50 45 40
50 45 72
50 45 104
50 45 136
50 45 168
50 45 200
50 44 40
50 44 72
50 44 104
50 44 136
50 44 168
50 44 200
50 43 40
50 43 72
50 43 104
50 43 136
50 43 168
50 43 200
50 42 40
50 42 72
50 42 104
50 42 136
50 42 168
50 42 200
50 41 40
50 41 72
50 41 104
50 41 136
50 41 168
50 41 200
50 40 40
50 40 72
50 40 104
50 40 136
50 40 168
50 39 40
50 39 72
50 39 104
50 39 136
50 39 168
50 38 40
50 38 72
50 38 104
50 38 136
50 38 168
50 37 40
50 37 72
50 37 104
50 37 136
50 37 168
50 36 40
50 36 72
50 36 104
50 36 136
50 36 168
50 35 40
50 35 72
50 35 104
50 35 136
50 34 40
50 34 72
50 34 104
50 33 40
50 33 72
50 33 104
50 32 40
50 32 72
50 31 40
50 31 72
50 30 40
50 29 40
50 28 40
50 27 40
51 27 40
52 27 40
52 26 40
53 26 40
53 25 40
54 25 40
54 24 40
55 24 40
55 23 40
56 23 40
56 22 40
56 21 40
57 21 40
58 21 40
58 20 40
58 20 72
59 20 40
59 20 72
59 19 40
59 19 72
60 19 40
60 19 72
60 18 40
60 18 72
60 17 40
60 17 72
60 17 104
61 17 40
61 17 72
61 17 104
61 16 40
61 16 72
61 16 104
62 16 40
62 16 72
62 16 104
62 15 40
62 15 72
62 15 104
63 15 40
63 15 72
63 15 104
63 15 136
64 15 40
64 15 72
64 15 104
64 15 136
64 14 40
64 14 72
64 14 104
64 14 136
65 14 40
65 14 72
65 14 104
65 14 136
65 14 168
65 13 40
65 13 72
65 13 104
65 13 136
65 13 168
65 12 40
65 12 72
65 12 104
65 12 136
65 12 168
66 12 40
66 12 72
66 12 104
66 12 136
66 12 168
66 11 40
66 11 72
66 11 104
66 11 136
66 11 168
67 11 40
67 11 72
67 11 104
67 11 136
67 10 40
67 10 72
67 10 104
67 10 136
68 10 40
68 10 72
68 10 104
68 9 40
68 9 72
69 8 40
70 8 40
71 8 40
72 8 40
73 8 40
74 8 40
75 8 40
76 8 40
77 8 40
78 8 40
79 8 40
80 8 40
81 8 40
82 8 40
83 8 40
84 8 40
85 8 40
86 8 40
87 8 40
88 8 40
89 8 40
89 10 40
68 111 40
68 110 40
68 110 72
69 110 40
69 108 40
69 107 40
69 106 40
69 105 40
69 104 40
69 103 40
69 102 40
69 101 40
69 100 40
69 99 40
69 98 40
69 97 40
69 96 40
69 95 40
69 94 40
69 93 40
69 92 40
69 91 40
69 90 40
68 89 40
67 89 40
66 89 40
65 89 40
64 89 40
63 89 40
62 89 40
61 89 40
60 89 40
59 89 40
58 89 40
57 89 40
56 89 40
55 89 40
54 89 40
53 89 40
52 89 40
51 89 40
50 89 40
49 88 40
49 87 40
49 86 40
49 85 40
49 84 40
49 83 40
49 82 40
49 81 40
49 80 40
49 79 40
49 78 40
49 77 40
49 76 40
49 75 40
49 74 40
49 73 40
49 72 40
49 71 40
49 70 40
49 68 40
50 68 40
50 67 40
50 66 40
50 65 40
50 64 40
50 63 40
50 62 40
50 61 40
50 60 40
50 59 40
50 58 40
50 57 40
50 56 40
50 55 40
50 54 40
50 53 40
50 52 40
50 51 40
50 50 40
50 50 72
50 49 40
50 49 72
50 49 104
50 48 40
50 48 72
50 48 104
50 48 136
77 151 40
76 151 40
75 151 40
74 151 40
73 151 40
72 151 40
71 151 40
70 151 40
70 150 40
69 150 40
69 148 40
69 147 40
69 146 40
69 145 40
69 144 40
69 143 40
69 142 40
69 141 40
69 140 40
69 139 40
69 138 40
69 137 40
69 136 40
69 135 40
69 134 40
69 133 40
69 132 40
69 131 40
69 130 40
69 128 40
69 127 40
69 126 40
69 125 40
69 124 40
69 123 40
69 122 40
69 121 40
69 120 40
69 119 40
69 118 40
69 117 40
69 116 40
69 115 40
69 114 40
69 113 40
69 112 40
110 190 40
109 190 40
108 189 40
107 189 40
106 189 40
105 189 40
104 189 40
103 189 40
102 189 40
101 189 40
100 189 40
99 189 40
98 189 40
98 189 72
97 189 40
97 189 72
96 189 40
96 189 72
95 189 40
95 189 72
94 189 40
94 189 72
93 189 40
92 189 40
91 189 40
90 189 40
88 189 40
87 189 40
86 189 40
85 189 40
84 189 40
83 189 40
82 189 40
81 189 40
80 189 40
79 189 40
78 189 40
77 189 40
76 189 40
75 189 40
74 189 40
73 189 40
72 189 40
71 189 40
70 189 40
69 188 40
69 188 72
69 187 40
69 187 72
69 186 40
69 186 72
69 185 40
69 185 72
69 184 40
69 184 72
69 183 40
69 183 72
69 182 40
69 182 72
69 181 40
69 181 72
69 180 40
69 179 40
69 178 40
69 177 40
69 176 40
69 175 40
69 174 40
69 173 40
69 172 40
69 171 40
69 170 40
69 168 40
69 167 40
69 166 40
69 165 40
69 164 40
69 163 40
69 162 40
69 162 72
69 161 40
69 161 72
69 160 40
69 160 72
69 159 40
69 159 72
69 158 40
69 157 40
69 156 40
69 155 40
69 154 40
69 153 40
69 152 40
69 151 40
29 140 40
29 139 40
29 138 40
29 137 40
29 136 40
29 135 40
29 134 40
29 133 40
29 132 40
29 131 40
29 130 40
30 129 40
30 128 40
30 127 40
31 127 40
32 127 40
32 126 40
32 125 40
33 125 40
34 125 40
34 125 72
34 124 40
34 124 72
35 124 40
35 124 72
35 123 40
35 123 72
35 122 40
35 122 72
36 122 40
36 122 72
36 122 104
36 121 40
36 121 72
37 121 40
37 121 72
38 121 40
38 121 72
38 121 104
38 120 40
38 120 72
38 119 40
38 119 72
39 119 40
39 119 72
39 119 104
39 118 40
39 118 72
40 118 40
40 118 72
40 118 104
40 117 40
40 117 72
40 117 104
41 117 40
41 117 72
41 117 104
41 117 136
41 116 40
41 116 72
41 116 104
42 116 40
42 116 72
42 116 104
42 116 136
42 115 40
42 115 72
42 115 104
42 115 136
43 115 40
43 115 72
43 115 104
43 115 136
43 114 40
43 114 72
43 114 104
43 114 136
44 114 40
44 114 72
44 114 104
44 114 136
44 113 40
44 113 72
44 113 104
44 113 136
45 113 40
45 113 72
45 113 104
45 113 136
45 112 40
45 112 72
45 112 104
46 112 40
46 112 72
46 112 104
46 111 40
46 111 72
46 111 104
47 111 40
47 111 72
47 111 104
47 110 40
47 110 72
47 110 104
48 110 40
48 110 72
48 110 104
49 110 40
49 110 72
49 110 104
50 110 40
50 110 72
50 110 104
51 110 40
51 110 72
51 110 104
51 110 136
52 110 40
52 110 72
52 110 104
52 110 136
52 110 168
53 110 40
53 110 72
53 110 104
53 110 136
53 110 168
53 110 200
54 110 40
54 110 72
54 110 104
54 110 136
54 110 168
54 110 200
55 110 40
55 110 72
55 110 104
55 110 136
55 110 168
55 110 200
55 110 232
56 110 40
56 110 72
56 110 104
56 110 136
56 110 168
56 110 200
56 110 232
57 110 40
57 110 72
57 110 104
57 110 136
57 110 168
57 110 200
57 110 232
58 110 40
58 110 72
58 110 104
58 110 136
58 110 168
58 110 200
59 110 40
59 110 72
59 110 104
59 110 136
59 110 168
59 110 200
60 110 40
60 110 72
60 110 104
60 110 136
60 110 168
60 110 200
61 110 40
61 110 72
61 110 104
61 110 136
61 110 168
61 110 200
62 110 40
62 110 72
62 110 104
62 110 136
62 110 168
62 110 200
63 110 40
63 110 72
63 110 104
63 110 136
63 110 168
64 110 40
64 110 72
64 110 104
64 110 136
64 110 168
65 110 40
65 110 72
65 110 104
65 110 136
66 110 40
66 110 72
66 110 104
67 110 40
67 110 72
29 177 40
29 176 40
29 175 40
29 174 40
29 173 40
29 172 40
29 171 40
29 170 40
29 168 40
29 167 40
29 166 40
29 165 40
29 164 40
29 163 40
29 162 40
29 161 40
29 160 40
29 159 40
29 158 40
29 157 40
29 156 40
29 155 40
29 154 40
29 154 72
29 153 40
29 153 72
29 152 40
29 152 72
29 152 104
29 151 40
29 151 72
29 151 104
29 150 40
29 150 72
29 150 104
29 148 40
29 148 72
29 148 104
29 147 40
29 147 72
29 146 40
29 146 72
29 145 40
29 144 40
29 143 40
29 142 40
