9 9 100
9 29 100
9 49 100
9 69 100
9 89 100
9 109 100
9 129 100
9 149 100
9 169 100
9 189 100
29 9 100
29 29 100
29 49 100
29 69 100
29 89 100
29 109 100
29 129 100
29 149 100
29 169 100
29 189 100
49 9 100
49 29 100
49 49 100
49 69 100
49 89 100
49 109 100
49 129 100
49 149 100
49 169 100
49 189 100
69 9 100
69 29 100
69 49 100
69 69 100
69 89 100
69 109 100
69 129 100
69 149 100
69 169 100
69 189 100
89 9 100
89 29 100
89 49 100
89 69 100
89 89 100
89 109 100
89 129 100
89 149 100
89 169 100
89 189 100
109 9 100
109 29 100
109 49 100
109 69 100
109 89 100
109 109 100
109 129 100
109 149 100
109 169 100
109 189 100
129 9 100
129 29 100
129 49 100
129 69 100
129 89 100
129 109 100
129 129 100
129 149 100
129 169 100
129 189 100
149 9 100
149 29 100
149 49 100
149 69 100
149 89 100
149 109 100
149 129 100
149 149 100
149 169 100
149 189 100
169 9 100
169 29 100
169 49 100
169 69 100
169 89 100
169 109 100
169 129 100
169 149 100
169 169 100
169 189 100
189 9 100
189 29 100
189 49 100
189 69 100
189 89 100
189 109 100
189 129 100
189 149 100
189 169 100
189 189 100
9 29 100
9 49 100
9 69 100
9 89 100
9 109 100
9 149 100
9 169 100
9 189 100
29 49 100
29 69 100
29 89 100
29 109 100
29 129 100
29 149 100
29 169 100
29 189 100
49 49 100
49 69 100
49 89 100
49 109 100
49 169 100
49 189 100
69 69 100
69 89 100
69 169 100
69 189 100
89 49 100
89 69 100
89 89 100
89 109 100
89 189 100
109 9 100
109 29 100
109 49 100
109 69 100
109 89 100
109 109 100
109 189 100
129 9 100
129 49 100
129 69 100
129 89 100
129 109 100
129 129 100
129 189 100
149 9 100
149 69 100
149 89 100
149 109 100
149 129 100
149 149 100
149 169 100
149 189 100
169 9 100
169 69 100
169 89 100
169 109 100
169 129 100
169 149 100
189 9 100
189 29 100
189 49 100
189 69 100
189 89 100
189 109 100
189 129 100
195 166 40
87 26 40
5 81 40
5 81 44
5 81 48
19 9 40
121 32 40
121 32 44
121 32 48
76 156 40
62 132 40
98 127 40
169 58 40
169 58 44
169 58 48
169 58 52
64 45 40
92 182 40
92 182 44
183 194 40
184 194 40
184 193 40
185 193 40
185 192 40
186 192 40
186 191 40
187 191 40
187 190 40
188 190 40
188 189 40
189 188 40
189 187 40
189 186 40
189 185 40
189 184 40
189 183 40
189 182 40
189 181 40
189 180 40
189 179 40
189 178 40
189 177 40
189 176 40
189 175 40
189 174 40
189 173 40
189 172 40
189 171 40
189 170 40
189 168 40
190 168 40
190 167 40
191 167 40
191 166 40
192 166 40
193 166 40
194 166 40
65 45 40
66 45 40
67 45 40
68 45 40
68 44 40
68 43 40
68 42 40
68 41 40
68 40 40
68 39 40
68 38 40
68 37 40
68 36 40
68 35 40
68 34 40
68 33 40
68 32 40
68 31 40
68 30 40
68 29 40
70 29 40
71 29 40
72 29 40
73 29 40
74 29 40
75 29 40
76 29 40
77 29 40
78 29 40
79 29 40
80 29 40
81 29 40
82 29 40
83 29 40
84 29 40
85 29 40
86 29 40
87 29 40
87 28 40
87 27 40
120 32 40
120 32 44
120 32 48
120 32 52
119 32 40
119 32 44
119 32 48
119 32 52
119 32 56
118 32 40
118 32 44
118 32 48
118 32 52
118 32 56
118 32 60
117 32 40
117 32 44
117 32 48
117 32 52
117 32 56
117 32 60
117 32 64
116 32 40
116 32 44
116 32 48
116 32 52
116 32 56
116 32 60
116 32 64
116 32 68
115 32 40
115 32 44
115 32 48
115 32 52
115 32 56
115 32 60
115 32 64
115 32 68
114 32 40
114 32 44
114 32 48
114 32 52
114 32 56
114 32 60
114 32 64
114 32 68
113 32 40
113 32 44
113 32 48
113 32 52
113 32 56
113 32 60
113 32 64
113 32 68
112 32 40
112 32 44
112 32 48
112 32 52
112 32 56
112 32 60
112 32 64
112 31 40
112 31 44
112 31 48
112 31 52
112 31 56
112 31 60
112 31 64
111 31 40
111 31 44
111 31 48
111 31 52
111 31 56
111 31 60
111 30 40
111 30 44
111 30 48
111 30 52
111 30 56
110 30 40
110 30 44
110 30 48
110 30 52
110 30 56
109 30 40
109 30 44
109 30 48
109 30 52
108 30 40
108 30 44
108 30 48
108 30 52
107 30 40
107 30 44
107 30 48
106 30 40
106 30 44
106 30 48
105 30 40
105 30 44
105 30 48
104 30 40
104 30 44
104 30 48
103 30 40
103 30 44
103 30 48
102 30 40
102 30 44
102 30 48
101 30 40
101 30 44
101 30 48
100 30 40
100 30 44
100 30 48
99 30 40
99 30 44
98 30 40
98 30 44
97 30 40
97 30 44
96 30 40
96 30 44
95 30 40
94 30 40
93 30 40
92 30 40
91 30 40
90 30 40
90 29 40
88 29 40
20 9 40
21 9 40
22 9 40
23 9 40
24 9 40
25 9 40
26 9 40
27 9 40
28 9 40
29 8 40
29 7 40
30 7 40
31 7 40
32 7 40
33 7 40
34 7 40
35 7 40
36 7 40
37 7 40
38 7 40
39 7 40
40 7 40
41 7 40
42 7 40
43 7 40
44 7 40
45 7 40
46 7 40
47 7 40
48 7 40
49 7 40
50 7 40
51 7 40
52 7 40
53 7 40
54 7 40
55 7 40
56 7 40
57 7 40
58 7 40
59 7 40
60 7 40
61 7 40
62 7 40
63 7 40
64 7 40
65 7 40
66 7 40
67 7 40
68 7 40
69 7 40
69 8 40
69 10 40
69 11 40
69 12 40
69 13 40
69 14 40
69 15 40
69 16 40
69 17 40
69 18 40
69 19 40
69 20 40
69 21 40
69 22 40
69 23 40
69 24 40
69 25 40
69 26 40
69 27 40
69 28 40
169 57 40
169 57 44
169 57 48
169 56 40
169 56 44
169 56 48
169 55 40
169 55 44
169 54 40
169 54 44
169 53 40
169 53 44
169 52 40
169 52 44
169 51 40
169 51 44
169 50 40
169 50 44
168 49 40
168 49 44
168 49 48
167 49 40
167 49 44
167 49 48
166 49 40
166 49 44
166 49 48
165 49 40
165 49 44
165 49 48
164 49 40
164 49 44
164 49 48
163 49 40
163 49 44
163 49 48
162 49 40
162 49 44
162 49 48
161 49 40
161 49 44
161 49 48
160 49 40
160 49 44
160 49 48
159 49 40
159 49 44
158 49 40
158 49 44
157 49 40
157 49 44
156 49 40
155 49 40
154 49 40
153 49 40
152 49 40
151 49 40
150 49 40
149 48 40
149 47 40
149 46 40
149 45 40
149 44 40
149 43 40
149 42 40
149 41 40
149 40 40
149 39 40
149 38 40
149 37 40
149 36 40
149 35 40
149 34 40
149 33 40
149 32 40
149 31 40
149 31 44
149 30 40
149 30 44
148 29 40
148 29 44
147 29 40
147 29 44
146 29 40
145 29 40
144 29 40
143 29 40
142 29 40
141 29 40
140 29 40
139 29 40
138 29 40
137 29 40
136 29 40
135 29 40
134 29 40
133 29 40
133 29 44
132 29 40
132 29 44
131 29 40
130 29 40
129 30 40
128 30 40
127 30 40
127 31 40
126 31 40
126 32 40
125 32 40
124 32 40
123 32 40
123 32 44
122 32 40
122 32 44
63 132 40
64 132 40
65 132 40
66 132 40
66 131 40
67 131 40
67 130 40
68 130 40
68 129 40
69 128 40
69 127 40
69 126 40
69 125 40
69 124 40
69 123 40
69 122 40
69 121 40
69 120 40
69 119 40
69 118 40
69 117 40
69 116 40
69 115 40
69 114 40
69 113 40
69 112 40
69 111 40
69 110 40
69 108 40
69 107 40
69 106 40
69 105 40
69 104 40
69 103 40
69 102 40
69 101 40
69 100 40
69 99 40
69 99 44
69 98 40
69 98 44
69 97 40
69 97 44
69 96 40
69 96 44
69 96 48
69 95 40
69 95 44
69 95 48
69 95 52
69 94 40
69 94 44
69 94 48
69 94 52
69 93 40
69 93 44
69 93 48
69 93 52
69 92 40
69 92 44
69 92 48
69 92 52
69 91 40
69 91 44
69 91 48
69 91 52
69 90 40
69 90 44
69 90 48
69 88 40
69 88 44
69 88 48
69 87 40
69 87 44
69 87 48
69 86 40
69 86 44
69 86 48
69 85 40
69 85 44
69 85 48
69 84 40
69 84 44
69 84 48
69 83 40
69 83 44
69 83 48
69 82 40
69 82 44
69 82 48
69 82 52
69 81 40
69 81 44
69 81 48
69 81 52
69 80 40
69 80 44
69 80 48
69 80 52
69 80 56
69 79 40
69 79 44
69 79 48
69 79 52
69 79 56
69 78 40
69 78 44
69 78 48
69 78 52
69 78 56
69 77 40
69 77 44
69 77 48
69 77 52
69 77 56
69 76 40
69 76 44
69 76 48
69 76 52
69 76 56
69 75 40
69 75 44
69 75 48
69 75 52
69 74 40
69 74 44
69 74 48
69 74 52
69 73 40
69 73 44
69 73 48
69 73 52
69 72 40
69 72 44
69 72 48
69 72 52
69 71 40
69 71 44
69 71 48
69 71 52
69 70 40
69 70 44
69 70 48
69 70 52
69 68 40
69 68 44
69 68 48
69 68 52
69 67 40
69 67 44
69 67 48
69 67 52
69 66 40
69 66 44
69 66 48
69 66 52
69 65 40
69 65 44
69 65 48
69 65 52
69 64 40
69 64 44
69 64 48
69 64 52
69 63 40
69 63 44
69 63 48
69 62 40
69 62 44
69 62 48
69 61 40
69 61 44
69 60 40
69 60 44
69 59 40
69 59 44
69 58 40
69 58 44
69 57 40
69 57 44
69 56 40
69 56 44
69 55 40
69 55 44
69 54 40
69 54 44
69 53 40
69 53 44
69 52 40
69 52 44
69 51 40
69 51 44
69 50 40
69 50 44
68 49 40
68 48 40
68 47 40
68 46 40
97 127 40
96 127 40
95 127 40
94 127 40
93 127 40
92 127 40
91 127 40
91 128 40
90 128 40
90 129 40
88 129 40
87 129 40
86 129 40
85 129 40
84 129 40
83 129 40
82 129 40
81 129 40
80 129 40
79 129 40
78 129 40
77 129 40
76 129 40
75 129 40
74 129 40
73 129 40
72 129 40
71 129 40
70 129 40
76 155 40
75 155 40
75 154 40
74 154 40
74 153 40
73 153 40
73 152 40
72 152 40
72 151 40
71 151 40
71 150 40
70 150 40
70 149 40
69 148 40
69 147 40
69 146 40
69 145 40
69 144 40
69 143 40
69 142 40
69 141 40
69 140 40
69 139 40
69 138 40
69 137 40
69 136 40
69 135 40
69 134 40
69 133 40
69 132 40
69 131 40
69 130 40
92 181 40
92 181 44
92 180 40
92 179 40
92 178 40
92 177 40
92 176 40
92 175 40
92 174 40
92 173 40
92 172 40
92 171 40
91 171 40
91 170 40
90 170 40
90 169 40
89 168 40
89 167 40
89 166 40
89 165 40
89 164 40
89 163 40
89 162 40
89 161 40
89 160 40
89 159 40
89 158 40
89 157 40
89 156 40
89 155 40
89 154 40
89 153 40
89 152 40
89 151 40
89 150 40
88 149 40
87 149 40
86 149 40
85 149 40
84 149 40
83 149 40
82 149 40
81 149 40
80 149 40
79 149 40
78 149 40
77 149 40
76 149 40
75 149 40
74 149 40
73 149 40
72 149 40
71 149 40
5 82 40
5 82 44
5 82 48
5 83 40
5 83 44
5 83 48
5 84 40
5 84 44
5 84 48
5 85 40
5 85 44
5 85 48
5 86 40
5 86 44
5 86 48
5 87 40
5 87 44
5 87 48
5 87 52
5 88 40
5 88 44
5 88 48
5 88 52
5 89 40
5 89 44
5 89 48
5 89 52
5 90 40
5 90 44
5 90 48
5 90 52
5 91 40
5 91 44
5 91 48
5 91 52
5 91 56
5 92 40
5 92 44
5 92 48
5 92 52
5 92 56
5 93 40
5 93 44
5 93 48
5 93 52
5 93 56
5 93 60
5 94 40
5 94 44
5 94 48
5 94 52
5 94 56
5 94 60
5 95 40
5 95 44
5 95 48
5 95 52
5 95 56
5 96 40
5 96 44
5 96 48
5 96 52
5 96 56
5 97 40
5 97 44
5 97 48
5 97 52
5 98 40
5 98 44
5 98 48
5 99 40
5 99 44
5 99 48
5 100 40
5 100 44
5 101 40
5 101 44
5 102 40
5 102 44
5 103 40
5 103 44
5 104 40
5 104 44
5 105 40
5 105 44
5 106 40
5 106 44
5 107 40
5 107 44
5 108 40
5 108 44
5 109 40
5 109 44
5 110 40
5 110 44
5 111 40
5 111 44
5 112 40
5 112 44
5 113 40
5 113 44
5 114 40
5 115 40
5 116 40
5 117 40
5 117 44
5 118 40
5 118 44
5 119 40
5 119 44
5 120 40
5 120 44
5 121 40
5 121 44
5 122 40
5 122 44
5 122 48
5 123 40
5 123 44
5 123 48
5 124 40
5 124 44
5 124 48
5 125 40
5 125 44
5 126 40
5 126 44
5 127 40
5 127 44
5 128 40
5 128 44
5 129 40
5 129 44
6 129 40
6 129 44
7 129 40
7 129 44
8 129 40
8 129 44
10 129 40
10 129 44
11 129 40
11 129 44
12 129 40
12 129 44
13 129 40
13 129 44
14 129 40
14 129 44
15 129 40
15 129 44
15 129 48
16 129 40
16 129 44
16 129 48
17 129 40
17 129 44
17 129 48
17 129 52
18 129 40
18 129 44
18 129 48
18 129 52
19 129 40
19 129 44
19 129 48
19 129 52
19 129 56
20 129 40
20 129 44
20 129 48
20 129 52
20 129 56
21 129 40
21 129 44
21 129 48
21 129 52
21 129 56
21 129 60
22 129 40
22 129 44
22 129 48
22 129 52
22 129 56
22 129 60
22 129 64
23 129 40
23 129 44
23 129 48
23 129 52
23 129 56
23 129 60
23 129 64
24 129 40
24 129 44
24 129 48
24 129 52
24 129 56
24 129 60
24 129 64
25 129 40
25 129 44
25 129 48
25 129 52
25 129 56
25 129 60
26 129 40
26 129 44
26 129 48
26 129 52
26 129 56
26 129 60
27 129 40
27 129 44
27 129 48
27 129 52
27 129 56
28 129 40
28 129 44
28 129 48
28 129 52
30 129 40
30 129 44
30 129 48
31 129 40
31 129 44
32 129 40
32 129 44
33 129 40
33 129 44
34 129 40
34 129 44
35 129 40
35 129 44
36 129 40
36 129 44
37 129 40
37 129 44
38 129 40
38 129 44
39 129 40
39 129 44
40 129 40
40 129 44
41 129 40
41 129 44
42 129 40
43 129 40
44 129 40
45 129 40
46 129 40
47 129 40
48 129 40
50 129 40
50 130 40
50 131 40
51 131 40
52 131 40
52 132 40
53 132 40
54 132 40
55 132 40
56 132 40
57 132 40
58 132 40
59 132 40
60 132 40
61 132 40
