9 9 100
9 29 100
9 49 100
9 69 100
9 89 100
9 109 100
9 129 100
9 149 100
9 169 100
9 189 100
29 9 100
29 29 100
29 49 100
29 69 100
29 89 100
29 109 100
29 129 100
29 149 100
29 169 100
29 189 100
49 9 100
49 29 100
49 49 100
49 69 100
49 89 100
49 109 100
49 129 100
49 149 100
49 169 100
49 189 100
69 9 100
69 29 100
69 49 100
69 69 100
69 89 100
69 109 100
69 129 100
69 149 100
69 169 100
69 189 100
89 9 100
89 29 100
89 49 100
89 69 100
89 89 100
89 109 100
89 129 100
89 149 100
89 169 100
89 189 100
109 9 100
109 29 100
109 49 100
109 69 100
109 89 100
109 109 100
109 129 100
109 149 100
109 169 100
109 189 100
129 9 100
129 29 100
129 49 100
129 69 100
129 89 100
129 109 100
129 129 100
129 149 100
129 169 100
129 189 100
149 9 100
149 29 100
149 49 100
149 69 100
149 89 100
149 109 100
149 129 100
149 149 100
149 169 100
149 189 100
169 9 100
169 29 100
169 49 100
169 69 100
169 89 100
169 109 100
169 129 100
169 149 100
169 169 100
169 189 100
189 9 100
189 29 100
189 49 100
189 69 100
189 89 100
189 109 100
189 129 100
189 149 100
189 169 100
189 189 100
9 9 100
9 69 100
9 89 100
9 149 100
9 169 100
29 9 100
29 29 100
29 89 100
29 109 100
29 169 100
29 189 100
49 9 100
49 29 100
49 49 100
49 89 100
49 109 100
49 129 100
69 9 100
69 29 100
69 49 100
69 69 100
69 109 100
69 129 100
69 149 100
89 9 100
89 49 100
89 69 100
89 129 100
89 149 100
89 169 100
109 9 100
109 29 100
109 49 100
109 69 100
109 129 100
109 149 100
129 9 100
129 29 100
129 49 100
129 69 100
129 109 100
129 129 100
129 149 100
129 189 100
149 29 100
149 49 100
149 69 100
149 109 100
149 129 100
149 149 100
149 169 100
149 189 100
169 9 100
169 29 100
169 49 100
169 69 100
169 109 100
169 129 100
169 149 100
169 189 100
189 29 100
189 49 100
189 69 100
189 89 100
189 109 100
189 129 100
189 149 100
189 169 100
189 189 100
6 28 40
166 92 40
166 92 41
166 92 42
97 80 40
48 179 40
163 179 40
163 179 41
163 179 42
163 179 43
163 179 44
163 179 45
163 179 46
163 179 47
163 179 48
163 179 49
163 179 50
163 179 51
163 179 52
163 179 53
163 179 54
163 179 55
163 179 56
163 179 57
163 179 58
163 179 59
163 179 60
163 179 61
163 179 62
42 132 40
42 132 41
42 132 42
196 7 40
5 121 40
66 99 40
66 99 41
122 176 40
88 116 40
88 115 40
88 114 40
88 113 40
88 112 40
88 111 40
88 110 40
88 109 40
89 108 40
89 107 40
89 106 40
89 105 40
89 104 40
89 103 40
89 102 40
89 101 40
89 100 40
89 99 40
89 98 40
89 97 40
89 96 40
89 95 40
89 94 40
89 93 40
89 92 40
89 91 40
89 90 40
90 89 40
90 88 40
91 88 40
91 87 40
92 87 40
92 86 40
93 86 40
94 86 40
94 85 40
95 85 40
96 85 40
96 84 40
97 84 40
97 83 40
97 82 40
97 81 40
66 98 40
66 98 41
66 97 40
66 97 41
66 96 40
66 95 40
66 94 40
66 93 40
66 92 40
67 92 40
67 91 40
68 91 40
68 90 40
69 90 40
70 89 40
71 89 40
72 89 40
73 89 40
74 89 40
75 89 40
76 89 40
77 89 40
78 89 40
79 89 40
80 89 40
81 89 40
82 89 40
83 89 40
84 89 40
85 89 40
86 89 40
87 89 40
88 89 40
5 122 40
5 123 40
5 124 40
5 125 40
5 126 40
5 127 40
5 128 40
5 129 40
6 129 40
7 129 40
8 129 40
10 129 40
11 129 40
12 129 40
13 129 40
14 129 40
15 129 40
16 129 40
17 129 40
18 129 40
19 129 40
20 129 40
21 129 40
22 129 40
23 129 40
24 129 40
25 129 40
26 129 40
27 129 40
28 129 40
29 128 40
30 128 40
30 127 40
30 127 41
31 127 40
31 127 41
32 127 40
32 127 41
32 127 42
32 126 40
32 126 41
32 126 42
32 126 43
32 125 40
32 125 41
32 125 42
32 125 43
32 125 44
33 125 40
33 125 41
33 125 42
33 125 43
33 125 44
33 125 45
33 124 40
33 124 41
33 124 42
33 124 43
33 124 44
33 124 45
33 124 46
33 124 47
34 124 40
34 124 41
34 124 42
34 124 43
34 124 44
34 124 45
34 124 46
34 124 47
34 124 48
34 124 49
35 124 40
35 124 41
35 124 42
35 124 43
35 124 44
35 124 45
35 124 46
35 124 47
35 124 48
35 124 49
35 124 50
35 124 51
35 123 40
35 123 41
35 123 42
35 123 43
35 123 44
35 123 45
35 123 46
35 123 47
35 123 48
35 123 49
35 123 50
35 123 51
35 123 52
35 123 53
35 123 54
36 123 40
36 123 41
36 123 42
36 123 43
36 123 44
36 123 45
36 123 46
36 123 47
36 123 48
36 123 49
36 123 50
36 123 51
36 123 52
36 123 53
36 123 54
36 123 55
36 123 56
36 122 40
36 122 41
36 122 42
36 122 43
36 122 44
36 122 45
36 122 46
36 122 47
36 122 48
36 122 49
36 122 50
36 122 51
36 122 52
36 122 53
36 122 54
36 122 55
36 122 56
36 122 57
36 122 58
36 122 59
37 122 40
37 122 41
37 122 42
37 122 43
37 122 44
37 122 45
37 122 46
37 122 47
37 122 48
37 122 49
37 122 50
37 122 51
37 122 52
37 122 53
37 122 54
37 122 55
37 122 56
37 122 57
37 122 58
37 122 59
37 122 60
37 122 61
37 121 40
37 121 41
37 121 42
37 121 43
37 121 44
37 121 45
37 121 46
37 121 47
37 121 48
37 121 49
37 121 50
37 121 51
37 121 52
37 121 53
37 121 54
37 121 55
37 121 56
37 121 57
37 121 58
37 121 59
37 121 60
37 121 61
37 121 62
37 121 63
37 121 64
37 120 40
37 120 41
37 120 42
37 120 43
37 120 44
37 120 45
37 120 46
37 120 47
37 120 48
37 120 49
37 120 50
37 120 51
37 120 52
37 120 53
37 120 54
37 120 55
37 120 56
37 120 57
37 120 58
37 120 59
37 120 60
37 120 61
37 120 62
37 120 63
37 120 64
37 120 65
37 120 66
38 120 40
38 120 41
38 120 42
38 120 43
38 120 44
38 120 45
38 120 46
38 120 47
38 120 48
38 120 49
38 120 50
38 120 51
38 120 52
38 120 53
38 120 54
38 120 55
38 120 56
38 120 57
38 120 58
38 120 59
38 120 60
38 120 61
38 120 62
38 120 63
38 120 64
38 120 65
38 120 66
38 120 67
38 120 68
38 119 40
38 119 41
38 119 42
38 119 43
38 119 44
38 119 45
38 119 46
38 119 47
38 119 48
38 119 49
38 119 50
38 119 51
38 119 52
38 119 53
38 119 54
38 119 55
38 119 56
38 119 57
38 119 58
38 119 59
38 119 60
38 119 61
38 119 62
38 119 63
38 119 64
38 119 65
38 119 66
38 119 67
38 119 68
38 119 69
38 119 70
39 119 40
39 119 41
39 119 42
39 119 43
39 119 44
39 119 45
39 119 46
39 119 47
39 119 48
39 119 49
39 119 50
39 119 51
39 119 52
39 119 53
39 119 54
39 119 55
39 119 56
39 119 57
39 119 58
39 119 59
39 119 60
39 119 61
39 119 62
39 119 63
39 119 64
39 119 65
39 119 66
39 119 67
39 119 68
39 119 69
39 119 70
39 119 71
39 119 72
40 119 40
40 119 41
40 119 42
40 119 43
40 119 44
40 119 45
40 119 46
40 119 47
40 119 48
40 119 49
40 119 50
40 119 51
40 119 52
40 119 53
40 119 54
40 119 55
40 119 56
40 119 57
40 119 58
40 119 59
40 119 60
40 119 61
40 119 62
40 119 63
40 119 64
40 119 65
40 119 66
40 119 67
40 119 68
40 119 69
40 119 70
40 119 71
40 119 72
40 119 73
40 119 74
41 119 40
41 119 41
41 119 42
41 119 43
41 119 44
41 119 45
41 119 46
41 119 47
41 119 48
41 119 49
41 119 50
41 119 51
41 119 52
41 119 53
41 119 54
41 119 55
41 119 56
41 119 57
41 119 58
41 119 59
41 119 60
41 119 61
41 119 62
41 119 63
41 119 64
41 119 65
41 119 66
41 119 67
41 119 68
41 119 69
41 119 70
41 119 71
41 119 72
41 119 73
41 119 74
41 119 75
42 119 40
42 119 41
42 119 42
42 119 43
42 119 44
42 119 45
42 119 46
42 119 47
42 119 48
42 119 49
42 119 50
42 119 51
42 119 52
42 119 53
42 119 54
42 119 55
42 119 56
42 119 57
42 119 58
42 119 59
42 119 60
42 119 61
42 119 62
42 119 63
42 119 64
42 119 65
42 119 66
42 119 67
42 119 68
42 119 69
42 119 70
42 119 71
42 119 72
42 119 73
42 119 74
42 119 75
42 119 76
43 119 40
43 119 41
43 119 42
43 119 43
43 119 44
43 119 45
43 119 46
43 119 47
43 119 48
43 119 49
43 119 50
43 119 51
43 119 52
43 119 53
43 119 54
43 119 55
43 119 56
43 119 57
43 119 58
43 119 59
43 119 60
43 119 61
43 119 62
43 119 63
43 119 64
43 119 65
43 119 66
43 119 67
43 119 68
43 119 69
43 119 70
43 119 71
43 119 72
43 119 73
43 119 74
43 119 75
43 119 76
43 119 77
44 119 40
44 119 41
44 119 42
44 119 43
44 119 44
44 119 45
44 119 46
44 119 47
44 119 48
44 119 49
44 119 50
44 119 51
44 119 52
44 119 53
44 119 54
44 119 55
44 119 56
44 119 57
44 119 58
44 119 59
44 119 60
44 119 61
44 119 62
44 119 63
44 119 64
44 119 65
44 119 66
44 119 67
44 119 68
44 119 69
44 119 70
44 119 71
44 119 72
44 119 73
44 119 74
44 119 75
44 119 76
44 119 77
44 119 78
45 119 40
45 119 41
45 119 42
45 119 43
45 119 44
45 119 45
45 119 46
45 119 47
45 119 48
45 119 49
45 119 50
45 119 51
45 119 52
45 119 53
45 119 54
45 119 55
45 119 56
45 119 57
45 119 58
45 119 59
45 119 60
45 119 61
45 119 62
45 119 63
45 119 64
45 119 65
45 119 66
45 119 67
45 119 68
45 119 69
45 119 70
45 119 71
45 119 72
45 119 73
45 119 74
45 119 75
45 119 76
45 119 77
45 119 78
46 119 40
46 119 41
46 119 42
46 119 43
46 119 44
46 119 45
46 119 46
46 119 47
46 119 48
46 119 49
46 119 50
46 119 51
46 119 52
46 119 53
46 119 54
46 119 55
46 119 56
46 119 57
46 119 58
46 119 59
46 119 60
46 119 61
46 119 62
46 119 63
46 119 64
46 119 65
46 119 66
46 119 67
46 119 68
46 119 69
46 119 70
46 119 71
46 119 72
46 119 73
46 119 74
46 119 75
46 119 76
46 119 77
46 119 78
46 119 79
47 119 40
47 119 41
47 119 42
47 119 43
47 119 44
47 119 45
47 119 46
47 119 47
47 119 48
47 119 49
47 119 50
47 119 51
47 119 52
47 119 53
47 119 54
47 119 55
47 119 56
47 119 57
47 119 58
47 119 59
47 119 60
47 119 61
47 119 62
47 119 63
47 119 64
47 119 65
47 119 66
47 119 67
47 119 68
47 119 69
47 119 70
47 119 71
47 119 72
47 119 73
47 119 74
47 119 75
47 119 76
47 119 77
47 119 78
47 119 79
47 119 80
48 119 40
48 119 41
48 119 42
48 119 43
48 119 44
48 119 45
48 119 46
48 119 47
48 119 48
48 119 49
48 119 50
48 119 51
48 119 52
48 119 53
48 119 54
48 119 55
48 119 56
48 119 57
48 119 58
48 119 59
48 119 60
48 119 61
48 119 62
48 119 63
48 119 64
48 119 65
48 119 66
48 119 67
48 119 68
48 119 69
48 119 70
48 119 71
48 119 72
48 119 73
48 119 74
48 119 75
48 119 76
48 119 77
48 119 78
48 119 79
48 119 80
48 119 81
49 119 40
49 119 41
49 119 42
49 119 43
49 119 44
49 119 45
49 119 46
49 119 47
49 119 48
49 119 49
49 119 50
49 119 51
49 119 52
49 119 53
49 119 54
49 119 55
49 119 56
49 119 57
49 119 58
49 119 59
49 119 60
49 119 61
49 119 62
49 119 63
49 119 64
49 119 65
49 119 66
49 119 67
49 119 68
49 119 69
49 119 70
49 119 71
49 119 72
49 119 73
49 119 74
49 119 75
49 119 76
49 119 77
49 119 78
49 119 79
49 119 80
49 119 81
50 119 40
50 119 41
50 119 42
50 119 43
50 119 44
50 119 45
50 119 46
50 119 47
50 119 48
50 119 49
50 119 50
50 119 51
50 119 52
50 119 53
50 119 54
50 119 55
50 119 56
50 119 57
50 119 58
50 119 59
50 119 60
50 119 61
50 119 62
50 119 63
50 119 64
50 119 65
50 119 66
50 119 67
50 119 68
50 119 69
50 119 70
50 119 71
50 119 72
50 119 73
50 119 74
50 119 75
50 119 76
50 119 77
50 119 78
50 119 79
50 119 80
50 119 81
50 119 82
51 119 40
51 119 41
51 119 42
51 119 43
51 119 44
51 119 45
51 119 46
51 119 47
51 119 48
51 119 49
51 119 50
51 119 51
51 119 52
51 119 53
51 119 54
51 119 55
51 119 56
51 119 57
51 119 58
51 119 59
51 119 60
51 119 61
51 119 62
51 119 63
51 119 64
51 119 65
51 119 66
51 119 67
51 119 68
51 119 69
51 119 70
51 119 71
51 119 72
51 119 73
51 119 74
51 119 75
51 119 76
51 119 77
51 119 78
51 119 79
51 119 80
51 119 81
51 119 82
51 119 83
52 119 40
52 119 41
52 119 42
52 119 43
52 119 44
52 119 45
52 119 46
52 119 47
52 119 48
52 119 49
52 119 50
52 119 51
52 119 52
52 119 53
52 119 54
52 119 55
52 119 56
52 119 57
52 119 58
52 119 59
52 119 60
52 119 61
52 119 62
52 119 63
52 119 64
52 119 65
52 119 66
52 119 67
52 119 68
52 119 69
52 119 70
52 119 71
52 119 72
52 119 73
52 119 74
52 119 75
52 119 76
52 119 77
52 119 78
52 119 79
52 119 80
52 119 81
52 119 82
52 119 83
52 119 84
53 119 40
53 119 41
53 119 42
53 119 43
53 119 44
53 119 45
53 119 46
53 119 47
53 119 48
53 119 49
53 119 50
53 119 51
53 119 52
53 119 53
53 119 54
53 119 55
53 119 56
53 119 57
53 119 58
53 119 59
53 119 60
53 119 61
53 119 62
53 119 63
53 119 64
53 119 65
53 119 66
53 119 67
53 119 68
53 119 69
53 119 70
53 119 71
53 119 72
53 119 73
53 119 74
53 119 75
53 119 76
53 119 77
53 119 78
53 119 79
53 119 80
53 119 81
53 119 82
53 119 83
53 119 84
54 119 40
54 119 41
54 119 42
54 119 43
54 119 44
54 119 45
54 119 46
54 119 47
54 119 48
54 119 49
54 119 50
54 119 51
54 119 52
54 119 53
54 119 54
54 119 55
54 119 56
54 119 57
54 119 58
54 119 59
54 119 60
54 119 61
54 119 62
54 119 63
54 119 64
54 119 65
54 119 66
54 119 67
54 119 68
54 119 69
54 119 70
54 119 71
54 119 72
54 119 73
54 119 74
54 119 75
54 119 76
54 119 77
54 119 78
54 119 79
54 119 80
54 119 81
54 119 82
54 119 83
54 119 84
55 119 40
55 119 41
55 119 42
55 119 43
55 119 44
55 119 45
55 119 46
55 119 47
55 119 48
55 119 49
55 119 50
55 119 51
55 119 52
55 119 53
55 119 54
55 119 55
55 119 56
55 119 57
55 119 58
55 119 59
55 119 60
55 119 61
55 119 62
55 119 63
55 119 64
55 119 65
55 119 66
55 119 67
55 119 68
55 119 69
55 119 70
55 119 71
55 119 72
55 119 73
55 119 74
55 119 75
55 119 76
55 119 77
55 119 78
55 119 79
55 119 80
55 119 81
55 119 82
55 119 83
55 119 84
56 119 40
56 119 41
56 119 42
56 119 43
56 119 44
56 119 45
56 119 46
56 119 47
56 119 48
56 119 49
56 119 50
56 119 51
56 119 52
56 119 53
56 119 54
56 119 55
56 119 56
56 119 57
56 119 58
56 119 59
56 119 60
56 119 61
56 119 62
56 119 63
56 119 64
56 119 65
56 119 66
56 119 67
56 119 68
56 119 69
56 119 70
56 119 71
56 119 72
56 119 73
56 119 74
56 119 75
56 119 76
56 119 77
56 119 78
56 119 79
56 119 80
56 119 81
56 119 82
56 119 83
56 119 84
57 119 40
57 119 41
57 119 42
57 119 43
57 119 44
57 119 45
57 119 46
57 119 47
57 119 48
57 119 49
57 119 50
57 119 51
57 119 52
57 119 53
57 119 54
57 119 55
57 119 56
57 119 57
57 119 58
57 119 59
57 119 60
57 119 61
57 119 62
57 119 63
57 119 64
57 119 65
57 119 66
57 119 67
57 119 68
57 119 69
57 119 70
57 119 71
57 119 72
57 119 73
57 119 74
57 119 75
57 119 76
57 119 77
57 119 78
57 119 79
57 119 80
57 119 81
57 119 82
57 119 83
58 119 40
58 119 41
58 119 42
58 119 43
58 119 44
58 119 45
58 119 46
58 119 47
58 119 48
58 119 49
58 119 50
58 119 51
58 119 52
58 119 53
58 119 54
58 119 55
58 119 56
58 119 57
58 119 58
58 119 59
58 119 60
58 119 61
58 119 62
58 119 63
58 119 64
58 119 65
58 119 66
58 119 67
58 119 68
58 119 69
58 119 70
58 119 71
58 119 72
58 119 73
58 119 74
58 119 75
58 119 76
58 119 77
58 119 78
58 119 79
58 119 80
58 119 81
58 119 82
59 119 40
59 119 41
59 119 42
59 119 43
59 119 44
59 119 45
59 119 46
59 119 47
59 119 48
59 119 49
59 119 50
59 119 51
59 119 52
59 119 53
59 119 54
59 119 55
59 119 56
59 119 57
59 119 58
59 119 59
59 119 60
59 119 61
59 119 62
59 119 63
59 119 64
59 119 65
59 119 66
59 119 67
59 119 68
59 119 69
59 119 70
59 119 71
59 119 72
59 119 73
59 119 74
59 119 75
59 119 76
59 119 77
59 119 78
59 119 79
59 119 80
59 119 81
60 119 40
60 119 41
60 119 42
60 119 43
60 119 44
60 119 45
60 119 46
60 119 47
60 119 48
60 119 49
60 119 50
60 119 51
60 119 52
60 119 53
60 119 54
60 119 55
60 119 56
60 119 57
60 119 58
60 119 59
60 119 60
60 119 61
60 119 62
60 119 63
60 119 64
60 119 65
60 119 66
60 119 67
60 119 68
60 119 69
60 119 70
60 119 71
60 119 72
60 119 73
60 119 74
60 119 75
60 119 76
60 119 77
60 119 78
60 119 79
60 118 40
60 118 41
60 118 42
60 118 43
60 118 44
60 118 45
60 118 46
60 118 47
60 118 48
60 118 49
60 118 50
60 118 51
60 118 52
60 118 53
60 118 54
60 118 55
60 118 56
60 118 57
60 118 58
60 118 59
60 118 60
60 118 61
60 118 62
60 118 63
60 118 64
60 118 65
60 118 66
60 118 67
60 118 68
60 118 69
60 118 70
60 118 71
60 118 72
60 118 73
60 118 74
60 118 75
60 118 76
60 118 77
60 118 78
61 118 40
61 118 41
61 118 42
61 118 43
61 118 44
61 118 45
61 118 46
61 118 47
61 118 48
61 118 49
61 118 50
61 118 51
61 118 52
61 118 53
61 118 54
61 118 55
61 118 56
61 118 57
61 118 58
61 118 59
61 118 60
61 118 61
61 118 62
61 118 63
61 118 64
61 118 65
61 118 66
61 118 67
61 118 68
61 118 69
61 118 70
61 118 71
61 118 72
61 118 73
61 118 74
61 118 75
61 118 76
61 117 40
61 117 41
61 117 42
61 117 43
61 117 44
61 117 45
61 117 46
61 117 47
61 117 48
61 117 49
61 117 50
61 117 51
61 117 52
61 117 53
61 117 54
61 117 55
61 117 56
61 117 57
61 117 58
61 117 59
61 117 60
61 117 61
61 117 62
61 117 63
61 117 64
61 117 65
61 117 66
61 117 67
61 117 68
61 117 69
61 117 70
61 117 71
61 117 72
61 117 73
61 117 74
61 117 75
61 116 40
61 116 41
61 116 42
61 116 43
61 116 44
61 116 45
61 116 46
61 116 47
61 116 48
61 116 49
61 116 50
61 116 51
61 116 52
61 116 53
61 116 54
61 116 55
61 116 56
61 116 57
61 116 58
61 116 59
61 116 60
61 116 61
61 116 62
61 116 63
61 116 64
61 116 65
61 116 66
61 116 67
61 116 68
61 116 69
61 116 70
61 116 71
61 116 72
61 116 73
62 116 40
62 116 41
62 116 42
62 116 43
62 116 44
62 116 45
62 116 46
62 116 47
62 116 48
62 116 49
62 116 50
62 116 51
62 116 52
62 116 53
62 116 54
62 116 55
62 116 56
62 116 57
62 116 58
62 116 59
62 116 60
62 116 61
62 116 62
62 116 63
62 116 64
62 116 65
62 116 66
62 116 67
62 116 68
62 116 69
62 116 70
62 115 40
62 115 41
62 115 42
62 115 43
62 115 44
62 115 45
62 115 46
62 115 47
62 115 48
62 115 49
62 115 50
62 115 51
62 115 52
62 115 53
62 115 54
62 115 55
62 115 56
62 115 57
62 115 58
62 115 59
62 115 60
62 115 61
62 115 62
62 115 63
62 115 64
62 115 65
62 115 66
62 115 67
62 115 68
62 115 69
63 115 40
63 115 41
63 115 42
63 115 43
63 115 44
63 115 45
63 115 46
63 115 47
63 115 48
63 115 49
63 115 50
63 115 51
63 115 52
63 115 53
63 115 54
63 115 55
63 115 56
63 115 57
63 115 58
63 115 59
63 115 60
63 115 61
63 115 62
63 115 63
63 115 64
63 115 65
64 115 40
64 115 41
64 115 42
64 115 43
64 115 44
64 115 45
64 115 46
64 115 47
64 115 48
64 115 49
64 115 50
64 115 51
64 115 52
64 115 53
64 115 54
64 115 55
64 115 56
64 115 57
64 115 58
64 115 59
64 115 60
64 115 61
64 115 62
64 114 40
64 114 41
64 114 42
64 114 43
64 114 44
64 114 45
64 114 46
64 114 47
64 114 48
64 114 49
64 114 50
64 114 51
64 114 52
64 114 53
64 114 54
64 114 55
64 114 56
64 114 57
64 114 58
64 114 59
64 114 60
64 113 40
64 113 41
64 113 42
64 113 43
64 113 44
64 113 45
64 113 46
64 113 47
64 113 48
64 113 49
64 113 50
64 113 51
64 113 52
64 113 53
64 113 54
64 113 55
64 113 56
64 113 57
64 113 58
65 113 40
65 113 41
65 113 42
65 113 43
65 113 44
65 113 45
65 113 46
65 113 47
65 113 48
65 113 49
65 113 50
65 113 51
65 113 52
65 113 53
65 113 54
65 113 55
65 112 40
65 112 41
65 112 42
65 112 43
65 112 44
65 112 45
65 112 46
65 112 47
65 112 48
65 112 49
65 112 50
65 112 51
65 112 52
65 112 53
66 112 40
66 112 41
66 112 42
66 112 43
66 112 44
66 112 45
66 112 46
66 112 47
66 112 48
66 112 49
66 112 50
66 112 51
66 111 40
66 111 41
66 111 42
66 111 43
66 111 44
66 111 45
66 111 46
66 111 47
66 111 48
66 111 49
66 110 40
66 110 41
66 110 42
66 110 43
66 110 44
66 110 45
66 110 46
66 110 47
66 110 48
66 109 40
66 109 41
66 109 42
66 109 43
66 109 44
66 109 45
66 109 46
66 109 47
66 108 40
66 108 41
66 108 42
66 108 43
66 108 44
66 108 45
66 108 46
66 108 47
66 107 40
66 107 41
66 107 42
66 107 43
66 107 44
66 107 45
66 107 46
66 106 40
66 106 41
66 106 42
66 106 43
66 106 44
66 106 45
66 105 40
66 105 41
66 105 42
66 105 43
66 105 44
66 105 45
66 104 40
66 104 41
66 104 42
66 104 43
66 104 44
66 103 40
66 103 41
66 103 42
66 103 43
66 102 40
66 102 41
66 102 42
66 102 43
66 101 40
66 101 41
66 101 42
66 100 40
66 100 41
66 100 42
41 132 40
41 132 41
41 132 42
40 132 40
40 132 41
39 132 40
39 132 41
38 132 40
38 132 41
37 132 40
37 132 41
36 132 40
35 132 40
34 132 40
33 132 40
32 132 40
31 132 40
31 131 40
30 131 40
30 130 40
30 129 40
48 178 40
48 177 40
48 176 40
48 175 40
48 174 40
48 173 40
48 172 40
48 171 40
48 170 40
49 170 40
49 168 40
49 167 40
49 166 40
49 165 40
49 164 40
49 163 40
49 162 40
49 161 40
49 160 40
49 159 40
49 158 40
49 157 40
49 156 40
49 155 40
49 154 40
49 153 40
49 152 40
49 151 40
49 150 40
48 149 40
47 149 40
46 149 40
45 149 40
44 149 40
43 149 40
42 149 40
41 149 40
40 149 40
39 149 40
38 149 40
37 149 40
36 149 40
35 149 40
34 149 40
33 149 40
32 149 40
31 149 40
30 149 40
29 148 40
29 147 40
29 146 40
29 145 40
29 144 40
29 143 40
29 142 40
29 141 40
29 140 40
29 139 40
29 138 40
29 137 40
29 136 40
29 135 40
29 134 40
29 133 40
29 132 40
29 131 40
122 175 40
122 174 40
122 173 40
122 172 40
121 172 40
120 172 40
119 172 40
118 172 40
117 172 40
116 172 40
115 172 40
114 172 40
113 172 40
112 172 40
111 172 40
110 172 40
109 172 40
109 173 40
109 174 40
109 175 40
109 176 40
109 177 40
109 178 40
109 179 40
109 180 40
109 181 40
109 182 40
109 183 40
109 184 40
109 185 40
109 186 40
109 187 40
109 188 40
108 189 40
107 189 40
106 189 40
105 189 40
104 189 40
103 189 40
102 189 40
101 189 40
100 189 40
99 189 40
98 189 40
97 189 40
96 189 40
96 189 41
95 189 40
95 189 41
94 189 40
94 189 41
93 189 40
93 189 41
92 189 40
92 189 41
91 189 40
91 189 41
90 189 40
90 189 41
88 189 40
88 189 41
87 189 40
87 189 41
86 189 40
86 189 41
85 189 40
85 189 41
84 189 40
84 189 41
83 189 40
83 189 41
82 189 40
82 189 41
81 189 40
81 189 41
81 189 42
80 189 40
80 189 41
80 189 42
79 189 40
79 189 41
79 189 42
78 189 40
78 189 41
78 189 42
77 189 40
77 189 41
77 189 42
76 189 40
76 189 41
76 189 42
75 189 40
75 189 41
75 189 42
74 189 40
74 189 41
74 189 42
73 189 40
73 189 41
73 189 42
72 189 40
72 189 41
72 189 42
71 189 40
71 189 41
71 189 42
70 189 40
70 189 41
70 189 42
68 189 40
68 189 41
68 189 42
67 189 40
67 189 41
66 189 40
66 189 41
65 189 40
65 189 41
64 189 40
64 189 41
63 189 40
63 189 41
62 189 40
62 189 41
61 189 40
60 189 40
59 189 40
58 189 40
57 189 40
56 189 40
55 189 40
54 189 40
53 189 40
52 189 40
51 189 40
50 189 40
49 188 40
48 188 40
48 187 40
48 186 40
48 185 40
48 184 40
48 183 40
48 182 40
48 181 40
48 180 40
163 178 40
163 178 41
163 178 42
163 178 43
163 178 44
163 178 45
163 178 46
163 178 47
163 178 48
163 178 49
163 178 50
163 178 51
163 178 52
163 178 53
163 178 54
163 178 55
163 178 56
163 178 57
163 178 58
163 178 59
163 177 40
163 177 41
163 177 42
163 177 43
163 177 44
163 177 45
163 177 46
163 177 47
163 177 48
163 177 49
163 177 50
163 177 51
163 177 52
163 177 53
163 177 54
163 177 55
163 177 56
163 176 40
163 176 41
163 176 42
163 176 43
163 176 44
163 176 45
163 176 46
163 176 47
163 176 48
163 176 49
163 176 50
163 176 51
163 176 52
163 176 53
163 175 40
163 175 41
163 175 42
163 175 43
163 175 44
163 175 45
163 175 46
163 175 47
163 175 48
163 175 49
163 175 50
163 174 40
163 174 41
163 174 42
163 174 43
163 174 44
163 174 45
163 174 46
163 174 47
163 173 40
163 173 41
163 173 42
163 173 43
163 173 44
163 173 45
163 173 46
163 172 40
163 172 41
163 172 42
163 172 43
163 172 44
162 172 40
162 172 41
162 172 42
162 172 43
162 172 44
161 172 40
161 172 41
161 172 42
161 172 43
161 172 44
161 172 45
160 172 40
160 172 41
160 172 42
160 172 43
160 172 44
160 172 45
159 172 40
159 172 41
159 172 42
159 172 43
159 172 44
159 172 45
158 172 40
158 172 41
158 172 42
158 172 43
158 172 44
158 172 45
157 172 40
157 172 41
157 172 42
157 172 43
157 172 44
157 172 45
156 172 40
156 172 41
156 172 42
156 172 43
156 172 44
156 172 45
155 172 40
155 172 41
155 172 42
155 172 43
155 172 44
155 172 45
154 172 40
154 172 41
154 172 42
154 172 43
154 172 44
154 172 45
153 172 40
153 172 41
153 172 42
153 172 43
153 172 44
153 172 45
152 172 40
152 172 41
152 172 42
152 172 43
152 172 44
152 172 45
151 172 40
151 172 41
151 172 42
151 172 43
151 172 44
151 172 45
150 172 40
150 172 41
150 172 42
150 172 43
150 172 44
150 172 45
150 172 46
149 172 40
149 172 41
149 172 42
149 172 43
149 172 44
149 172 45
149 172 46
148 172 40
148 172 41
148 172 42
148 172 43
148 172 44
148 172 45
148 172 46
147 172 40
147 172 41
147 172 42
147 172 43
147 172 44
147 172 45
147 172 46
147 172 47
146 172 40
146 172 41
146 172 42
146 172 43
146 172 44
146 172 45
146 172 46
146 172 47
145 172 40
145 172 41
145 172 42
145 172 43
145 172 44
145 172 45
145 172 46
145 172 47
144 172 40
144 172 41
144 172 42
144 172 43
144 172 44
144 172 45
144 172 46
144 172 47
144 172 48
143 172 40
143 172 41
143 172 42
143 172 43
143 172 44
143 172 45
143 172 46
143 172 47
143 172 48
142 172 40
142 172 41
142 172 42
142 172 43
142 172 44
142 172 45
142 172 46
142 172 47
142 172 48
141 172 40
141 172 41
141 172 42
141 172 43
141 172 44
141 172 45
141 172 46
141 172 47
141 172 48
140 172 40
140 172 41
140 172 42
140 172 43
140 172 44
140 172 45
140 172 46
140 172 47
140 172 48
139 172 40
139 172 41
139 172 42
139 172 43
139 172 44
139 172 45
139 172 46
139 172 47
138 172 40
138 172 41
138 172 42
138 172 43
138 172 44
138 172 45
138 172 46
137 172 40
137 172 41
137 172 42
137 172 43
137 172 44
137 172 45
136 172 40
136 172 41
136 172 42
136 172 43
136 172 44
135 172 40
135 172 41
135 172 42
135 172 43
134 172 40
134 172 41
134 172 42
134 172 43
133 172 40
133 172 41
133 172 42
132 172 40
132 172 41
131 172 40
131 172 41
131 171 40
131 171 41
130 171 40
129 171 40
128 171 40
127 171 40
126 171 40
126 172 40
125 172 40
124 172 40
123 172 40
195 7 40
194 7 40
193 7 40
192 7 40
191 7 40
190 7 40
190 7 41
189 7 40
189 7 41
189 8 40
189 8 41
188 9 40
188 9 41
188 9 42
188 10 40
188 10 41
188 10 42
187 10 40
187 10 41
187 10 42
187 10 43
187 10 44
187 11 40
187 11 41
187 11 42
187 11 43
187 11 44
186 11 40
186 11 41
186 11 42
186 11 43
186 11 44
186 11 45
186 11 46
186 12 40
186 12 41
186 12 42
186 12 43
186 12 44
186 12 45
186 12 46
186 12 47
185 12 40
185 12 41
185 12 42
185 12 43
185 12 44
185 12 45
185 12 46
185 12 47
185 12 48
185 12 49
185 13 40
185 13 41
185 13 42
185 13 43
185 13 44
185 13 45
185 13 46
185 13 47
185 13 48
185 13 49
185 13 50
185 14 40
185 14 41
185 14 42
185 14 43
185 14 44
185 14 45
185 14 46
185 14 47
185 14 48
185 14 49
185 14 50
185 14 51
184 14 40
184 14 41
184 14 42
184 14 43
184 14 44
184 14 45
184 14 46
184 14 47
184 14 48
184 14 49
184 14 50
184 14 51
184 14 52
184 14 53
183 14 40
183 14 41
183 14 42
183 14 43
183 14 44
183 14 45
183 14 46
183 14 47
183 14 48
183 14 49
183 14 50
183 14 51
183 14 52
183 14 53
183 14 54
183 14 55
183 14 56
183 15 40
183 15 41
183 15 42
183 15 43
183 15 44
183 15 45
183 15 46
183 15 47
183 15 48
183 15 49
183 15 50
183 15 51
183 15 52
183 15 53
183 15 54
183 15 55
183 15 56
183 15 57
183 15 58
182 15 40
182 15 41
182 15 42
182 15 43
182 15 44
182 15 45
182 15 46
182 15 47
182 15 48
182 15 49
182 15 50
182 15 51
182 15 52
182 15 53
182 15 54
182 15 55
182 15 56
182 15 57
182 15 58
182 15 59
182 15 60
182 15 61
182 16 40
182 16 41
182 16 42
182 16 43
182 16 44
182 16 45
182 16 46
182 16 47
182 16 48
182 16 49
182 16 50
182 16 51
182 16 52
182 16 53
182 16 54
182 16 55
182 16 56
182 16 57
182 16 58
182 16 59
182 16 60
182 16 61
182 16 62
182 16 63
181 16 40
181 16 41
181 16 42
181 16 43
181 16 44
181 16 45
181 16 46
181 16 47
181 16 48
181 16 49
181 16 50
181 16 51
181 16 52
181 16 53
181 16 54
181 16 55
181 16 56
181 16 57
181 16 58
181 16 59
181 16 60
181 16 61
181 16 62
181 16 63
181 16 64
181 16 65
181 16 66
181 17 40
181 17 41
181 17 42
181 17 43
181 17 44
181 17 45
181 17 46
181 17 47
181 17 48
181 17 49
181 17 50
181 17 51
181 17 52
181 17 53
181 17 54
181 17 55
181 17 56
181 17 57
181 17 58
181 17 59
181 17 60
181 17 61
181 17 62
181 17 63
181 17 64
181 17 65
181 17 66
181 17 67
181 17 68
180 17 40
180 17 41
180 17 42
180 17 43
180 17 44
180 17 45
180 17 46
180 17 47
180 17 48
180 17 49
180 17 50
180 17 51
180 17 52
180 17 53
180 17 54
180 17 55
180 17 56
180 17 57
180 17 58
180 17 59
180 17 60
180 17 61
180 17 62
180 17 63
180 17 64
180 17 65
180 17 66
180 17 67
180 17 68
180 17 69
180 17 70
180 17 71
180 18 40
180 18 41
180 18 42
180 18 43
180 18 44
180 18 45
180 18 46
180 18 47
180 18 48
180 18 49
180 18 50
180 18 51
180 18 52
180 18 53
180 18 54
180 18 55
180 18 56
180 18 57
180 18 58
180 18 59
180 18 60
180 18 61
180 18 62
180 18 63
180 18 64
180 18 65
180 18 66
180 18 67
180 18 68
180 18 69
180 18 70
180 18 71
180 18 72
180 18 73
180 18 74
179 18 40
179 18 41
179 18 42
179 18 43
179 18 44
179 18 45
179 18 46
179 18 47
179 18 48
179 18 49
179 18 50
179 18 51
179 18 52
179 18 53
179 18 54
179 18 55
179 18 56
179 18 57
179 18 58
179 18 59
179 18 60
179 18 61
179 18 62
179 18 63
179 18 64
179 18 65
179 18 66
179 18 67
179 18 68
179 18 69
179 18 70
179 18 71
179 18 72
179 18 73
179 18 74
179 18 75
179 18 76
179 19 40
179 19 41
179 19 42
179 19 43
179 19 44
179 19 45
179 19 46
179 19 47
179 19 48
179 19 49
179 19 50
179 19 51
179 19 52
179 19 53
179 19 54
179 19 55
179 19 56
179 19 57
179 19 58
179 19 59
179 19 60
179 19 61
179 19 62
179 19 63
179 19 64
179 19 65
179 19 66
179 19 67
179 19 68
179 19 69
179 19 70
179 19 71
179 19 72
179 19 73
179 19 74
179 19 75
179 19 76
179 19 77
179 19 78
179 19 79
179 20 40
179 20 41
179 20 42
179 20 43
179 20 44
179 20 45
179 20 46
179 20 47
179 20 48
179 20 49
179 20 50
179 20 51
179 20 52
179 20 53
179 20 54
179 20 55
179 20 56
179 20 57
179 20 58
179 20 59
179 20 60
179 20 61
179 20 62
179 20 63
179 20 64
179 20 65
179 20 66
179 20 67
179 20 68
179 20 69
179 20 70
179 20 71
179 20 72
179 20 73
179 20 74
179 20 75
179 20 76
179 20 77
179 20 78
179 20 79
179 20 80
179 20 81
179 20 82
179 21 40
179 21 41
179 21 42
179 21 43
179 21 44
179 21 45
179 21 46
179 21 47
179 21 48
179 21 49
179 21 50
179 21 51
179 21 52
179 21 53
179 21 54
179 21 55
179 21 56
179 21 57
179 21 58
179 21 59
179 21 60
179 21 61
179 21 62
179 21 63
179 21 64
179 21 65
179 21 66
179 21 67
179 21 68
179 21 69
179 21 70
179 21 71
179 21 72
179 21 73
179 21 74
179 21 75
179 21 76
179 21 77
179 21 78
179 21 79
179 21 80
179 21 81
179 21 82
179 21 83
179 21 84
179 21 85
179 22 40
179 22 41
179 22 42
179 22 43
179 22 44
179 22 45
179 22 46
179 22 47
179 22 48
179 22 49
179 22 50
179 22 51
179 22 52
179 22 53
179 22 54
179 22 55
179 22 56
179 22 57
179 22 58
179 22 59
179 22 60
179 22 61
179 22 62
179 22 63
179 22 64
179 22 65
179 22 66
179 22 67
179 22 68
179 22 69
179 22 70
179 22 71
179 22 72
179 22 73
179 22 74
179 22 75
179 22 76
179 22 77
179 22 78
179 22 79
179 22 80
179 22 81
179 22 82
179 22 83
179 22 84
179 22 85
179 22 86
179 22 87
179 22 88
179 23 40
179 23 41
179 23 42
179 23 43
179 23 44
179 23 45
179 23 46
179 23 47
179 23 48
179 23 49
179 23 50
179 23 51
179 23 52
179 23 53
179 23 54
179 23 55
179 23 56
179 23 57
179 23 58
179 23 59
179 23 60
179 23 61
179 23 62
179 23 63
179 23 64
179 23 65
179 23 66
179 23 67
179 23 68
179 23 69
179 23 70
179 23 71
179 23 72
179 23 73
179 23 74
179 23 75
179 23 76
179 23 77
179 23 78
179 23 79
179 23 80
179 23 81
179 23 82
179 23 83
179 23 84
179 23 85
179 23 86
179 23 87
179 23 88
179 23 89
179 23 90
179 23 91
179 24 40
179 24 41
179 24 42
179 24 43
179 24 44
179 24 45
179 24 46
179 24 47
179 24 48
179 24 49
179 24 50
179 24 51
179 24 52
179 24 53
179 24 54
179 24 55
179 24 56
179 24 57
179 24 58
179 24 59
179 24 60
179 24 61
179 24 62
179 24 63
179 24 64
179 24 65
179 24 66
179 24 67
179 24 68
179 24 69
179 24 70
179 24 71
179 24 72
179 24 73
179 24 74
179 24 75
179 24 76
179 24 77
179 24 78
179 24 79
179 24 80
179 24 81
179 24 82
179 24 83
179 24 84
179 24 85
179 24 86
179 24 87
179 24 88
179 24 89
179 24 90
179 24 91
179 24 92
179 24 93
179 25 40
179 25 41
179 25 42
179 25 43
179 25 44
179 25 45
179 25 46
179 25 47
179 25 48
179 25 49
179 25 50
179 25 51
179 25 52
179 25 53
179 25 54
179 25 55
179 25 56
179 25 57
179 25 58
179 25 59
179 25 60
179 25 61
179 25 62
179 25 63
179 25 64
179 25 65
179 25 66
179 25 67
179 25 68
179 25 69
179 25 70
179 25 71
179 25 72
179 25 73
179 25 74
179 25 75
179 25 76
179 25 77
179 25 78
179 25 79
179 25 80
179 25 81
179 25 82
179 25 83
179 25 84
179 25 85
179 25 86
179 25 87
179 25 88
179 25 89
179 25 90
179 25 91
179 25 92
179 25 93
179 25 94
179 25 95
179 25 96
179 26 40
179 26 41
179 26 42
179 26 43
179 26 44
179 26 45
179 26 46
179 26 47
179 26 48
179 26 49
179 26 50
179 26 51
179 26 52
179 26 53
179 26 54
179 26 55
179 26 56
179 26 57
179 26 58
179 26 59
179 26 60
179 26 61
179 26 62
179 26 63
179 26 64
179 26 65
179 26 66
179 26 67
179 26 68
179 26 69
179 26 70
179 26 71
179 26 72
179 26 73
179 26 74
179 26 75
179 26 76
179 26 77
179 26 78
179 26 79
179 26 80
179 26 81
179 26 82
179 26 83
179 26 84
179 26 85
179 26 86
179 26 87
179 26 88
179 26 89
179 26 90
179 26 91
179 26 92
179 26 93
179 26 94
179 26 95
179 26 96
179 26 97
179 26 98
179 27 40
179 27 41
179 27 42
179 27 43
179 27 44
179 27 45
179 27 46
179 27 47
179 27 48
179 27 49
179 27 50
179 27 51
179 27 52
179 27 53
179 27 54
179 27 55
179 27 56
179 27 57
179 27 58
179 27 59
179 27 60
179 27 61
179 27 62
179 27 63
179 27 64
179 27 65
179 27 66
179 27 67
179 27 68
179 27 69
179 27 70
179 27 71
179 27 72
179 27 73
179 27 74
179 27 75
179 27 76
179 27 77
179 27 78
179 27 79
179 27 80
179 27 81
179 27 82
179 27 83
179 27 84
179 27 85
179 27 86
179 27 87
179 27 88
179 27 89
179 27 90
179 27 91
179 27 92
179 27 93
179 27 94
179 27 95
179 27 96
179 27 97
179 27 98
179 27 99
179 27 100
179 28 40
179 28 41
179 28 42
179 28 43
179 28 44
179 28 45
179 28 46
179 28 47
179 28 48
179 28 49
179 28 50
179 28 51
179 28 52
179 28 53
179 28 54
179 28 55
179 28 56
179 28 57
179 28 58
179 28 59
179 28 60
179 28 61
179 28 62
179 28 63
179 28 64
179 28 65
179 28 66
179 28 67
179 28 68
179 28 69
179 28 70
179 28 71
179 28 72
179 28 73
179 28 74
179 28 75
179 28 76
179 28 77
179 28 78
179 28 79
179 28 80
179 28 81
179 28 82
179 28 83
179 28 84
179 28 85
179 28 86
179 28 87
179 28 88
179 28 89
179 28 90
179 28 91
179 28 92
179 28 93
179 28 94
179 28 95
179 28 96
179 28 97
179 28 98
179 28 99
179 28 100
179 28 101
179 29 40
179 29 41
179 29 42
179 29 43
179 29 44
179 29 45
179 29 46
179 29 47
179 29 48
179 29 49
179 29 50
179 29 51
179 29 52
179 29 53
179 29 54
179 29 55
179 29 56
179 29 57
179 29 58
179 29 59
179 29 60
179 29 61
179 29 62
179 29 63
179 29 64
179 29 65
179 29 66
179 29 67
179 29 68
179 29 69
179 29 70
179 29 71
179 29 72
179 29 73
179 29 74
179 29 75
179 29 76
179 29 77
179 29 78
179 29 79
179 29 80
179 29 81
179 29 82
179 29 83
179 29 84
179 29 85
179 29 86
179 29 87
179 29 88
179 29 89
179 29 90
179 29 91
179 29 92
179 29 93
179 29 94
179 29 95
179 29 96
179 29 97
179 29 98
179 29 99
179 29 100
179 29 101
179 29 102
179 29 103
179 30 40
179 30 41
179 30 42
179 30 43
179 30 44
179 30 45
179 30 46
179 30 47
179 30 48
179 30 49
179 30 50
179 30 51
179 30 52
179 30 53
179 30 54
179 30 55
179 30 56
179 30 57
179 30 58
179 30 59
179 30 60
179 30 61
179 30 62
179 30 63
179 30 64
179 30 65
179 30 66
179 30 67
179 30 68
179 30 69
179 30 70
179 30 71
179 30 72
179 30 73
179 30 74
179 30 75
179 30 76
179 30 77
179 30 78
179 30 79
179 30 80
179 30 81
179 30 82
179 30 83
179 30 84
179 30 85
179 30 86
179 30 87
179 30 88
179 30 89
179 30 90
179 30 91
179 30 92
179 30 93
179 30 94
179 30 95
179 30 96
179 30 97
179 30 98
179 30 99
179 30 100
179 30 101
179 30 102
179 30 103
179 30 104
179 31 40
179 31 41
179 31 42
179 31 43
179 31 44
179 31 45
179 31 46
179 31 47
179 31 48
179 31 49
179 31 50
179 31 51
179 31 52
179 31 53
179 31 54
179 31 55
179 31 56
179 31 57
179 31 58
179 31 59
179 31 60
179 31 61
179 31 62
179 31 63
179 31 64
179 31 65
179 31 66
179 31 67
179 31 68
179 31 69
179 31 70
179 31 71
179 31 72
179 31 73
179 31 74
179 31 75
179 31 76
179 31 77
179 31 78
179 31 79
179 31 80
179 31 81
179 31 82
179 31 83
179 31 84
179 31 85
179 31 86
179 31 87
179 31 88
179 31 89
179 31 90
179 31 91
179 31 92
179 31 93
179 31 94
179 31 95
179 31 96
179 31 97
179 31 98
179 31 99
179 31 100
179 31 101
179 31 102
179 31 103
179 31 104
179 31 105
179 32 40
179 32 41
179 32 42
179 32 43
179 32 44
179 32 45
179 32 46
179 32 47
179 32 48
179 32 49
179 32 50
179 32 51
179 32 52
179 32 53
179 32 54
179 32 55
179 32 56
179 32 57
179 32 58
179 32 59
179 32 60
179 32 61
179 32 62
179 32 63
179 32 64
179 32 65
179 32 66
179 32 67
179 32 68
179 32 69
179 32 70
179 32 71
179 32 72
179 32 73
179 32 74
179 32 75
179 32 76
179 32 77
179 32 78
179 32 79
179 32 80
179 32 81
179 32 82
179 32 83
179 32 84
179 32 85
179 32 86
179 32 87
179 32 88
179 32 89
179 32 90
179 32 91
179 32 92
179 32 93
179 32 94
179 32 95
179 32 96
179 32 97
179 32 98
179 32 99
179 32 100
179 32 101
179 32 102
179 32 103
179 32 104
179 32 105
179 33 40
179 33 41
179 33 42
179 33 43
179 33 44
179 33 45
179 33 46
179 33 47
179 33 48
179 33 49
179 33 50
179 33 51
179 33 52
179 33 53
179 33 54
179 33 55
179 33 56
179 33 57
179 33 58
179 33 59
179 33 60
179 33 61
179 33 62
179 33 63
179 33 64
179 33 65
179 33 66
179 33 67
179 33 68
179 33 69
179 33 70
179 33 71
179 33 72
179 33 73
179 33 74
179 33 75
179 33 76
179 33 77
179 33 78
179 33 79
179 33 80
179 33 81
179 33 82
179 33 83
179 33 84
179 33 85
179 33 86
179 33 87
179 33 88
179 33 89
179 33 90
179 33 91
179 33 92
179 33 93
179 33 94
179 33 95
179 33 96
179 33 97
179 33 98
179 33 99
179 33 100
179 33 101
179 33 102
179 33 103
179 33 104
179 33 105
179 34 40
179 34 41
179 34 42
179 34 43
179 34 44
179 34 45
179 34 46
179 34 47
179 34 48
179 34 49
179 34 50
179 34 51
179 34 52
179 34 53
179 34 54
179 34 55
179 34 56
179 34 57
179 34 58
179 34 59
179 34 60
179 34 61
179 34 62
179 34 63
179 34 64
179 34 65
179 34 66
179 34 67
179 34 68
179 34 69
179 34 70
179 34 71
179 34 72
179 34 73
179 34 74
179 34 75
179 34 76
179 34 77
179 34 78
179 34 79
179 34 80
179 34 81
179 34 82
179 34 83
179 34 84
179 34 85
179 34 86
179 34 87
179 34 88
179 34 89
179 34 90
179 34 91
179 34 92
179 34 93
179 34 94
179 34 95
179 34 96
179 34 97
179 34 98
179 34 99
179 34 100
179 34 101
179 34 102
179 34 103
179 34 104
179 34 105
179 35 40
179 35 41
179 35 42
179 35 43
179 35 44
179 35 45
179 35 46
179 35 47
179 35 48
179 35 49
179 35 50
179 35 51
179 35 52
179 35 53
179 35 54
179 35 55
179 35 56
179 35 57
179 35 58
179 35 59
179 35 60
179 35 61
179 35 62
179 35 63
179 35 64
179 35 65
179 35 66
179 35 67
179 35 68
179 35 69
179 35 70
179 35 71
179 35 72
179 35 73
179 35 74
179 35 75
179 35 76
179 35 77
179 35 78
179 35 79
179 35 80
179 35 81
179 35 82
179 35 83
179 35 84
179 35 85
179 35 86
179 35 87
179 35 88
179 35 89
179 35 90
179 35 91
179 35 92
179 35 93
179 35 94
179 35 95
179 35 96
179 35 97
179 35 98
179 35 99
179 35 100
179 35 101
179 35 102
179 35 103
179 35 104
179 35 105
179 36 40
179 36 41
179 36 42
179 36 43
179 36 44
179 36 45
179 36 46
179 36 47
179 36 48
179 36 49
179 36 50
179 36 51
179 36 52
179 36 53
179 36 54
179 36 55
179 36 56
179 36 57
179 36 58
179 36 59
179 36 60
179 36 61
179 36 62
179 36 63
179 36 64
179 36 65
179 36 66
179 36 67
179 36 68
179 36 69
179 36 70
179 36 71
179 36 72
179 36 73
179 36 74
179 36 75
179 36 76
179 36 77
179 36 78
179 36 79
179 36 80
179 36 81
179 36 82
179 36 83
179 36 84
179 36 85
179 36 86
179 36 87
179 36 88
179 36 89
179 36 90
179 36 91
179 36 92
179 36 93
179 36 94
179 36 95
179 36 96
179 36 97
179 36 98
179 36 99
179 36 100
179 36 101
179 36 102
179 36 103
179 36 104
179 36 105
179 37 40
179 37 41
179 37 42
179 37 43
179 37 44
179 37 45
179 37 46
179 37 47
179 37 48
179 37 49
179 37 50
179 37 51
179 37 52
179 37 53
179 37 54
179 37 55
179 37 56
179 37 57
179 37 58
179 37 59
179 37 60
179 37 61
179 37 62
179 37 63
179 37 64
179 37 65
179 37 66
179 37 67
179 37 68
179 37 69
179 37 70
179 37 71
179 37 72
179 37 73
179 37 74
179 37 75
179 37 76
179 37 77
179 37 78
179 37 79
179 37 80
179 37 81
179 37 82
179 37 83
179 37 84
179 37 85
179 37 86
179 37 87
179 37 88
179 37 89
179 37 90
179 37 91
179 37 92
179 37 93
179 37 94
179 37 95
179 37 96
179 37 97
179 37 98
179 37 99
179 37 100
179 37 101
179 37 102
179 37 103
179 37 104
179 38 40
179 38 41
179 38 42
179 38 43
179 38 44
179 38 45
179 38 46
179 38 47
179 38 48
179 38 49
179 38 50
179 38 51
179 38 52
179 38 53
179 38 54
179 38 55
179 38 56
179 38 57
179 38 58
179 38 59
179 38 60
179 38 61
179 38 62
179 38 63
179 38 64
179 38 65
179 38 66
179 38 67
179 38 68
179 38 69
179 38 70
179 38 71
179 38 72
179 38 73
179 38 74
179 38 75
179 38 76
179 38 77
179 38 78
179 38 79
179 38 80
179 38 81
179 38 82
179 38 83
179 38 84
179 38 85
179 38 86
179 38 87
179 38 88
179 38 89
179 38 90
179 38 91
179 38 92
179 38 93
179 38 94
179 38 95
179 38 96
179 38 97
179 38 98
179 38 99
179 38 100
179 38 101
179 38 102
179 38 103
179 39 40
179 39 41
179 39 42
179 39 43
179 39 44
179 39 45
179 39 46
179 39 47
179 39 48
179 39 49
179 39 50
179 39 51
179 39 52
179 39 53
179 39 54
179 39 55
179 39 56
179 39 57
179 39 58
179 39 59
179 39 60
179 39 61
179 39 62
179 39 63
179 39 64
179 39 65
179 39 66
179 39 67
179 39 68
179 39 69
179 39 70
179 39 71
179 39 72
179 39 73
179 39 74
179 39 75
179 39 76
179 39 77
179 39 78
179 39 79
179 39 80
179 39 81
179 39 82
179 39 83
179 39 84
179 39 85
179 39 86
179 39 87
179 39 88
179 39 89
179 39 90
179 39 91
179 39 92
179 39 93
179 39 94
179 39 95
179 39 96
179 39 97
179 39 98
179 39 99
179 39 100
179 39 101
179 39 102
179 40 40
179 40 41
179 40 42
179 40 43
179 40 44
179 40 45
179 40 46
179 40 47
179 40 48
179 40 49
179 40 50
179 40 51
179 40 52
179 40 53
179 40 54
179 40 55
179 40 56
179 40 57
179 40 58
179 40 59
179 40 60
179 40 61
179 40 62
179 40 63
179 40 64
179 40 65
179 40 66
179 40 67
179 40 68
179 40 69
179 40 70
179 40 71
179 40 72
179 40 73
179 40 74
179 40 75
179 40 76
179 40 77
179 40 78
179 40 79
179 40 80
179 40 81
179 40 82
179 40 83
179 40 84
179 40 85
179 40 86
179 40 87
179 40 88
179 40 89
179 40 90
179 40 91
179 40 92
179 40 93
179 40 94
179 40 95
179 40 96
179 40 97
179 40 98
179 40 99
179 40 100
179 40 101
179 41 40
179 41 41
179 41 42
179 41 43
179 41 44
179 41 45
179 41 46
179 41 47
179 41 48
179 41 49
179 41 50
179 41 51
179 41 52
179 41 53
179 41 54
179 41 55
179 41 56
179 41 57
179 41 58
179 41 59
179 41 60
179 41 61
179 41 62
179 41 63
179 41 64
179 41 65
179 41 66
179 41 67
179 41 68
179 41 69
179 41 70
179 41 71
179 41 72
179 41 73
179 41 74
179 41 75
179 41 76
179 41 77
179 41 78
179 41 79
179 41 80
179 41 81
179 41 82
179 41 83
179 41 84
179 41 85
179 41 86
179 41 87
179 41 88
179 41 89
179 41 90
179 41 91
179 41 92
179 41 93
179 41 94
179 41 95
179 41 96
179 41 97
179 41 98
179 41 99
179 41 100
179 42 40
179 42 41
179 42 42
179 42 43
179 42 44
179 42 45
179 42 46
179 42 47
179 42 48
179 42 49
179 42 50
179 42 51
179 42 52
179 42 53
179 42 54
179 42 55
179 42 56
179 42 57
179 42 58
179 42 59
179 42 60
179 42 61
179 42 62
179 42 63
179 42 64
179 42 65
179 42 66
179 42 67
179 42 68
179 42 69
179 42 70
179 42 71
179 42 72
179 42 73
179 42 74
179 42 75
179 42 76
179 42 77
179 42 78
179 42 79
179 42 80
179 42 81
179 42 82
179 42 83
179 42 84
179 42 85
179 42 86
179 42 87
179 42 88
179 42 89
179 42 90
179 42 91
179 42 92
179 42 93
179 42 94
179 42 95
179 42 96
179 42 97
179 42 98
179 43 40
179 43 41
179 43 42
179 43 43
179 43 44
179 43 45
179 43 46
179 43 47
179 43 48
179 43 49
179 43 50
179 43 51
179 43 52
179 43 53
179 43 54
179 43 55
179 43 56
179 43 57
179 43 58
179 43 59
179 43 60
179 43 61
179 43 62
179 43 63
179 43 64
179 43 65
179 43 66
179 43 67
179 43 68
179 43 69
179 43 70
179 43 71
179 43 72
179 43 73
179 43 74
179 43 75
179 43 76
179 43 77
179 43 78
179 43 79
179 43 80
179 43 81
179 43 82
179 43 83
179 43 84
179 43 85
179 43 86
179 43 87
179 43 88
179 43 89
179 43 90
179 43 91
179 43 92
179 43 93
179 43 94
179 43 95
179 43 96
179 44 40
179 44 41
179 44 42
179 44 43
179 44 44
179 44 45
179 44 46
179 44 47
179 44 48
179 44 49
179 44 50
179 44 51
179 44 52
179 44 53
179 44 54
179 44 55
179 44 56
179 44 57
179 44 58
179 44 59
179 44 60
179 44 61
179 44 62
179 44 63
179 44 64
179 44 65
179 44 66
179 44 67
179 44 68
179 44 69
179 44 70
179 44 71
179 44 72
179 44 73
179 44 74
179 44 75
179 44 76
179 44 77
179 44 78
179 44 79
179 44 80
179 44 81
179 44 82
179 44 83
179 44 84
179 44 85
179 44 86
179 44 87
179 44 88
179 44 89
179 44 90
179 44 91
179 44 92
179 44 93
179 45 40
179 45 41
179 45 42
179 45 43
179 45 44
179 45 45
179 45 46
179 45 47
179 45 48
179 45 49
179 45 50
179 45 51
179 45 52
179 45 53
179 45 54
179 45 55
179 45 56
179 45 57
179 45 58
179 45 59
179 45 60
179 45 61
179 45 62
179 45 63
179 45 64
179 45 65
179 45 66
179 45 67
179 45 68
179 45 69
179 45 70
179 45 71
179 45 72
179 45 73
179 45 74
179 45 75
179 45 76
179 45 77
179 45 78
179 45 79
179 45 80
179 45 81
179 45 82
179 45 83
179 45 84
179 45 85
179 45 86
179 45 87
179 45 88
179 45 89
179 45 90
179 46 40
179 46 41
179 46 42
179 46 43
179 46 44
179 46 45
179 46 46
179 46 47
179 46 48
179 46 49
179 46 50
179 46 51
179 46 52
179 46 53
179 46 54
179 46 55
179 46 56
179 46 57
179 46 58
179 46 59
179 46 60
179 46 61
179 46 62
179 46 63
179 46 64
179 46 65
179 46 66
179 46 67
179 46 68
179 46 69
179 46 70
179 46 71
179 46 72
179 46 73
179 46 74
179 46 75
179 46 76
179 46 77
179 46 78
179 46 79
179 46 80
179 46 81
179 46 82
179 46 83
179 46 84
179 46 85
179 46 86
179 47 40
179 47 41
179 47 42
179 47 43
179 47 44
179 47 45
179 47 46
179 47 47
179 47 48
179 47 49
179 47 50
179 47 51
179 47 52
179 47 53
179 47 54
179 47 55
179 47 56
179 47 57
179 47 58
179 47 59
179 47 60
179 47 61
179 47 62
179 47 63
179 47 64
179 47 65
179 47 66
179 47 67
179 47 68
179 47 69
179 47 70
179 47 71
179 47 72
179 47 73
179 47 74
179 47 75
179 47 76
179 47 77
179 47 78
179 47 79
179 47 80
179 47 81
179 48 40
179 48 41
179 48 42
179 48 43
179 48 44
179 48 45
179 48 46
179 48 47
179 48 48
179 48 49
179 48 50
179 48 51
179 48 52
179 48 53
179 48 54
179 48 55
179 48 56
179 48 57
179 48 58
179 48 59
179 48 60
179 48 61
179 48 62
179 48 63
179 48 64
179 48 65
179 48 66
179 48 67
179 48 68
179 48 69
179 48 70
179 48 71
179 48 72
179 48 73
179 48 74
179 48 75
179 48 76
179 49 40
179 49 41
179 49 42
179 49 43
179 49 44
179 49 45
179 49 46
179 49 47
179 49 48
179 49 49
179 49 50
179 49 51
179 49 52
179 49 53
179 49 54
179 49 55
179 49 56
179 49 57
179 49 58
179 49 59
179 49 60
179 49 61
179 49 62
179 49 63
179 49 64
179 49 65
179 49 66
179 49 67
179 49 68
179 49 69
179 49 70
179 49 71
179 50 40
179 50 41
179 50 42
179 50 43
179 50 44
179 50 45
179 50 46
179 50 47
179 50 48
179 50 49
179 50 50
179 50 51
179 50 52
179 50 53
179 50 54
179 50 55
179 50 56
179 50 57
179 50 58
179 50 59
179 50 60
179 50 61
179 50 62
179 50 63
179 50 64
179 50 65
179 50 66
179 51 40
179 51 41
179 51 42
179 51 43
179 51 44
179 51 45
179 51 46
179 51 47
179 51 48
179 51 49
179 51 50
179 51 51
179 51 52
179 51 53
179 51 54
179 51 55
179 51 56
179 51 57
179 51 58
179 51 59
179 51 60
179 51 61
179 52 40
179 52 41
179 52 42
179 52 43
179 52 44
179 52 45
179 52 46
179 52 47
179 52 48
179 52 49
179 52 50
179 52 51
179 52 52
179 52 53
179 52 54
179 52 55
179 52 56
179 52 57
179 53 40
179 53 41
179 53 42
179 53 43
179 53 44
179 53 45
179 53 46
179 53 47
179 53 48
179 53 49
179 53 50
179 53 51
179 53 52
179 53 53
179 53 54
179 54 40
179 54 41
179 54 42
179 54 43
179 54 44
179 54 45
179 54 46
179 54 47
179 54 48
179 54 49
179 54 50
179 54 51
179 54 52
179 55 40
179 55 41
179 55 42
179 55 43
179 55 44
179 55 45
179 55 46
179 55 47
179 55 48
179 55 49
179 55 50
179 56 40
179 56 41
179 56 42
179 56 43
179 56 44
179 56 45
179 56 46
179 56 47
179 56 48
179 56 49
179 57 40
179 57 41
179 57 42
179 57 43
179 57 44
179 57 45
179 57 46
179 57 47
179 57 48
179 58 40
179 58 41
179 58 42
179 58 43
179 58 44
179 58 45
179 58 46
179 58 47
179 59 40
179 59 41
179 59 42
179 59 43
179 59 44
179 59 45
179 59 46
179 60 40
179 60 41
179 60 42
179 60 43
179 60 44
179 60 45
179 60 46
179 61 40
179 61 41
179 61 42
179 61 43
179 61 44
179 61 45
179 61 46
179 62 40
179 62 41
179 62 42
179 62 43
179 62 44
179 62 45
179 63 40
179 63 41
179 63 42
179 63 43
179 63 44
179 63 45
179 63 46
179 64 40
179 64 41
179 64 42
179 64 43
179 64 44
179 64 45
179 64 46
179 65 40
179 65 41
179 65 42
179 65 43
179 65 44
179 65 45
179 65 46
179 66 40
179 66 41
179 66 42
179 66 43
179 66 44
179 66 45
179 66 46
179 66 47
179 67 40
179 67 41
179 67 42
179 67 43
179 67 44
179 67 45
179 67 46
179 67 47
179 67 48
179 68 40
179 68 41
179 68 42
179 68 43
179 68 44
179 68 45
179 68 46
179 68 47
179 68 48
179 69 40
179 69 41
179 69 42
179 69 43
179 69 44
179 69 45
179 69 46
179 69 47
179 69 48
179 70 40
179 70 41
179 70 42
179 70 43
179 70 44
179 70 45
179 70 46
179 70 47
179 70 48
179 71 40
179 71 41
179 71 42
179 71 43
179 71 44
179 71 45
179 71 46
179 71 47
179 71 48
179 72 40
179 72 41
179 72 42
179 72 43
179 72 44
179 72 45
179 72 46
179 72 47
179 72 48
179 73 40
179 73 41
179 73 42
179 73 43
179 73 44
179 73 45
179 73 46
179 73 47
179 74 40
179 74 41
179 74 42
179 74 43
179 74 44
179 74 45
179 74 46
179 74 47
179 75 40
179 75 41
179 75 42
179 75 43
179 75 44
179 75 45
179 75 46
179 76 40
179 76 41
179 76 42
179 76 43
179 76 44
179 76 45
179 76 46
179 77 40
179 77 41
179 77 42
179 77 43
179 77 44
179 77 45
179 78 40
179 78 41
179 78 42
179 78 43
179 78 44
179 78 45
179 79 40
179 79 41
179 79 42
179 79 43
179 79 44
179 80 40
179 80 41
179 80 42
179 80 43
179 80 44
178 80 40
178 80 41
178 80 42
178 80 43
178 80 44
177 80 40
177 80 41
177 80 42
177 80 43
177 81 40
177 81 41
177 81 42
177 81 43
177 82 40
177 82 41
177 82 42
177 82 43
176 82 40
176 82 41
176 82 42
175 82 40
175 82 41
175 82 42
175 83 40
175 83 41
175 83 42
174 83 40
174 83 41
174 83 42
174 84 40
174 84 41
174 84 42
173 84 40
173 84 41
173 84 42
173 85 40
173 85 41
173 85 42
172 85 40
172 85 41
172 85 42
172 86 40
172 86 41
172 86 42
171 86 40
171 86 41
171 86 42
171 87 40
171 87 41
171 87 42
170 87 40
170 87 41
170 87 42
170 88 40
170 88 41
170 88 42
169 88 40
169 88 41
169 88 42
168 89 40
168 89 41
168 89 42
168 90 40
168 90 41
168 90 42
167 90 40
167 90 41
167 90 42
167 91 40
167 91 41
167 91 42
166 91 40
166 91 41
166 91 42
