9 9 100
9 29 100
9 49 100
9 69 100
9 89 100
9 109 100
9 129 100
9 149 100
9 169 100
9 189 100
29 9 100
29 29 100
29 49 100
29 69 100
29 89 100
29 109 100
29 129 100
29 149 100
29 169 100
29 189 100
49 9 100
49 29 100
49 49 100
49 69 100
49 89 100
49 109 100
49 129 100
49 149 100
49 169 100
49 189 100
69 9 100
69 29 100
69 49 100
69 69 100
69 89 100
69 109 100
69 129 100
69 149 100
69 169 100
69 189 100
89 9 100
89 29 100
89 49 100
89 69 100
89 89 100
89 109 100
89 129 100
89 149 100
89 169 100
89 189 100
109 9 100
109 29 100
109 49 100
109 69 100
109 89 100
109 109 100
109 129 100
109 149 100
109 169 100
109 189 100
129 9 100
129 29 100
129 49 100
129 69 100
129 89 100
129 109 100
129 129 100
129 149 100
129 169 100
129 189 100
149 9 100
149 29 100
149 49 100
149 69 100
149 89 100
149 109 100
149 129 100
149 149 100
149 169 100
149 189 100
169 9 100
169 29 100
169 49 100
169 69 100
169 89 100
169 109 100
169 129 100
169 149 100
169 169 100
169 189 100
189 9 100
189 29 100
189 49 100
189 69 100
189 89 100
189 109 100
189 129 100
189 149 100
189 169 100
189 189 100
9 9 100
9 29 100
9 69 100
9 89 100
9 109 100
9 129 100
9 189 100
29 9 100
29 89 100
29 109 100
29 129 100
29 149 100
29 169 100
29 189 100
49 9 100
49 89 100
49 109 100
49 129 100
49 169 100
69 9 100
69 29 100
89 9 100
89 29 100
89 49 100
109 29 100
109 49 100
109 89 100
109 109 100
109 129 100
129 89 100
129 109 100
129 129 100
129 149 100
149 69 100
149 89 100
149 109 100
149 129 100
149 149 100
149 169 100
169 9 100
169 89 100
169 109 100
169 129 100
169 149 100
169 169 100
169 189 100
189 9 100
189 29 100
189 109 100
189 129 100
189 189 100
40 40 40
86 142 40
188 165 40
113 92 40
113 92 104
113 92 168
4 151 40
76 71 40
75 188 40
75 71 40
74 71 40
73 71 40
72 71 40
71 71 40
70 71 40
70 70 40
69 70 40
68 69 40
67 69 40
66 69 40
65 69 40
64 69 40
63 69 40
62 69 40
61 69 40
60 69 40
59 69 40
58 69 40
57 69 40
56 69 40
55 69 40
54 69 40
53 69 40
52 69 40
51 69 40
50 69 40
49 68 40
49 67 40
49 66 40
49 65 40
49 64 40
49 63 40
49 62 40
49 61 40
49 60 40
49 59 40
49 58 40
49 57 40
49 56 40
49 55 40
49 54 40
49 53 40
49 52 40
49 51 40
49 50 40
48 49 40
48 48 40
47 48 40
47 47 40
47 46 40
46 46 40
45 46 40
45 45 40
44 45 40
44 44 40
44 43 40
43 43 40
42 43 40
41 43 40
40 43 40
40 42 40
40 41 40
112 92 40
112 92 104
112 92 168
111 92 40
111 92 104
111 92 168
111 91 40
111 91 104
111 91 168
111 90 40
111 90 104
111 90 168
110 90 40
110 90 104
110 90 168
109 90 40
109 90 104
109 90 168
108 90 40
108 90 104
107 90 40
107 90 104
106 90 40
106 90 104
105 90 40
105 90 104
104 90 40
104 90 104
103 90 40
102 90 40
101 90 40
100 90 40
99 90 40
98 90 40
97 90 40
96 90 40
95 90 40
94 90 40
93 90 40
92 90 40
91 90 40
90 90 40
89 90 40
89 88 40
89 87 40
89 86 40
89 85 40
89 84 40
89 83 40
89 82 40
89 81 40
89 80 40
89 79 40
89 78 40
89 77 40
89 76 40
89 75 40
89 74 40
89 73 40
89 72 40
89 71 40
88 71 40
87 71 40
86 71 40
85 71 40
84 71 40
83 71 40
82 71 40
81 71 40
80 71 40
79 71 40
78 71 40
77 71 40
86 141 40
86 140 40
86 139 40
86 138 40
86 137 40
86 136 40
86 135 40
86 134 40
86 133 40
86 132 40
86 131 40
87 131 40
87 130 40
88 130 40
88 129 40
89 128 40
89 128 104
89 127 40
89 127 104
89 126 40
89 126 104
89 125 40
89 125 104
89 124 40
89 124 104
89 123 40
89 123 104
89 122 40
89 122 104
89 121 40
89 121 104
89 120 40
89 119 40
89 118 40
89 117 40
89 117 104
89 116 40
89 116 104
89 115 40
89 115 104
89 114 40
89 114 104
89 113 40
89 113 104
89 112 40
89 112 104
89 111 40
89 111 104
89 110 40
89 108 40
89 107 40
89 106 40
89 105 40
89 104 40
89 103 40
89 102 40
89 101 40
89 100 40
89 99 40
89 98 40
89 97 40
89 96 40
89 95 40
89 94 40
89 93 40
89 92 40
89 91 40
76 188 40
77 188 40
78 188 40
79 188 40
80 188 40
81 188 40
82 188 40
83 188 40
84 188 40
85 188 40
86 188 40
87 188 40
88 188 40
89 188 40
89 187 40
89 186 40
89 185 40
89 184 40
89 183 40
89 182 40
89 181 40
89 180 40
89 179 40
89 178 40
89 177 40
89 176 40
89 175 40
89 174 40
89 173 40
89 172 40
89 171 40
89 170 40
89 168 40
89 167 40
89 166 40
89 165 40
89 164 40
89 163 40
89 162 40
89 161 40
89 160 40
89 159 40
89 158 40
89 157 40
89 156 40
89 155 40
89 154 40
89 153 40
89 152 40
89 151 40
89 150 40
88 149 40
88 148 40
87 148 40
87 147 40
86 147 40
86 146 40
86 145 40
86 144 40
86 143 40
188 166 40
188 167 40
188 168 40
188 169 40
188 170 40
187 170 40
186 170 40
185 170 40
184 170 40
183 170 40
182 170 40
181 170 40
180 170 40
179 170 40
178 170 40
177 170 40
176 170 40
175 170 40
175 170 104
174 170 40
174 170 104
173 170 40
173 170 104
172 170 40
172 170 104
171 170 40
171 170 104
170 170 40
170 170 104
169 170 40
169 170 104
169 170 168
169 171 40
169 171 104
169 172 40
169 172 104
169 173 40
169 173 104
169 174 40
169 174 104
169 175 40
169 175 104
169 176 40
169 177 40
169 178 40
169 179 40
169 179 104
169 180 40
169 180 104
169 181 40
169 181 104
169 182 40
169 182 104
169 183 40
169 183 104
169 184 40
169 184 104
169 185 40
169 185 104
169 186 40
169 186 104
169 187 40
169 187 104
169 188 40
169 188 104
168 188 40
168 188 104
167 188 40
167 188 104
166 188 40
166 188 104
165 188 40
165 188 104
165 188 168
164 188 40
164 188 104
163 188 40
163 188 104
162 188 40
162 188 104
161 188 40
161 188 104
160 188 40
160 188 104
159 188 40
159 188 104
158 188 40
158 188 104
157 188 40
157 188 104
156 188 40
156 188 104
156 188 168
155 188 40
155 188 104
155 188 168
154 188 40
154 188 104
154 188 168
153 188 40
153 188 104
153 188 168
152 188 40
152 188 104
151 188 40
151 188 104
150 188 40
150 188 104
150 189 40
150 189 104
148 189 40
148 189 104
147 189 40
147 189 104
146 189 40
145 189 40
144 189 40
143 189 40
142 189 40
141 189 40
141 189 104
140 189 40
140 189 104
139 189 40
139 189 104
138 189 40
138 189 104
137 189 40
137 189 104
136 189 40
136 189 104
135 189 40
135 189 104
134 189 40
134 189 104
133 189 40
133 189 104
132 189 40
132 189 104
131 189 40
130 189 40
128 189 40
127 189 40
126 189 40
125 189 40
124 189 40
123 189 40
122 189 40
121 189 40
120 189 40
119 189 40
118 189 40
117 189 40
116 189 40
115 189 40
114 189 40
113 189 40
112 189 40
111 189 40
110 189 40
108 189 40
107 189 40
106 189 40
105 189 40
104 189 40
103 189 40
102 189 40
101 189 40
100 189 40
99 189 40
98 189 40
97 189 40
96 189 40
95 189 40
94 189 40
93 189 40
92 189 40
91 189 40
90 189 40
4 150 40
4 149 40
5 149 40
6 149 40
7 149 40
7 149 104
8 149 40
8 149 104
10 149 40
10 149 104
11 149 40
11 149 104
12 149 40
12 149 104
13 149 40
13 149 104
14 149 40
14 149 104
15 149 40
15 149 104
16 149 40
16 149 104
17 149 40
17 149 104
18 149 40
18 149 104
19 149 40
19 149 104
20 149 40
20 149 104
21 149 40
21 149 104
21 149 168
22 149 40
22 149 104
22 149 168
23 149 40
23 149 104
23 149 168
24 149 40
24 149 104
24 149 168
25 149 40
25 149 104
25 149 168
25 149 232
26 149 40
26 149 104
26 149 168
26 149 232
27 149 40
27 149 104
27 149 168
27 149 232
28 149 40
28 149 104
28 149 168
28 149 232
29 149 40
29 149 104
29 149 168
30 149 40
30 149 104
30 149 168
30 149 232
31 149 40
31 149 104
31 149 168
31 149 232
32 149 40
32 149 104
32 149 168
32 149 232
33 149 40
33 149 104
33 149 168
33 149 232
34 149 40
34 149 104
34 149 168
34 149 232
34 149 296
35 149 40
35 149 104
35 149 168
35 149 232
35 149 296
36 149 40
36 149 104
36 149 168
36 149 232
36 149 296
37 149 40
37 149 104
37 149 168
37 149 232
37 149 296
38 149 40
38 149 104
38 149 168
38 149 232
38 149 296
39 149 40
39 149 104
39 149 168
39 149 232
40 149 40
40 149 104
40 149 168
40 149 232
41 149 40
41 149 104
41 149 168
42 149 40
42 149 104
42 149 168
43 149 40
43 149 104
44 149 40
44 149 104
45 149 40
45 149 104
46 149 40
47 149 40
48 149 40
50 149 40
51 149 40
52 149 40
53 149 40
54 149 40
55 149 40
56 149 40
57 149 40
58 149 40
59 149 40
60 149 40
61 149 40
62 149 40
63 149 40
64 149 40
65 149 40
66 149 40
67 149 40
68 149 40
70 149 40
71 149 40
72 149 40
73 149 40
74 149 40
75 149 40
76 149 40
77 149 40
78 149 40
79 149 40
80 149 40
81 149 40
82 149 40
83 149 40
84 149 40
85 149 40
86 149 40
87 149 40
