9 9 100
9 29 100
9 49 100
9 69 100
9 89 100
9 109 100
9 129 100
9 149 100
9 169 100
9 189 100
29 9 100
29 29 100
29 49 100
29 69 100
29 89 100
29 109 100
29 129 100
29 149 100
29 169 100
29 189 100
49 9 100
49 29 100
49 49 100
49 69 100
49 89 100
49 109 100
49 129 100
49 149 100
49 169 100
49 189 100
69 9 100
69 29 100
69 49 100
69 69 100
69 89 100
69 109 100
69 129 100
69 149 100
69 169 100
69 189 100
89 9 100
89 29 100
89 49 100
89 69 100
89 89 100
89 109 100
89 129 100
89 149 100
89 169 100
89 189 100
109 9 100
109 29 100
109 49 100
109 69 100
109 89 100
109 109 100
109 129 100
109 149 100
109 169 100
109 189 100
129 9 100
129 29 100
129 49 100
129 69 100
129 89 100
129 109 100
129 129 100
129 149 100
129 169 100
129 189 100
149 9 100
149 29 100
149 49 100
149 69 100
149 89 100
149 109 100
149 129 100
149 149 100
149 169 100
149 189 100
169 9 100
169 29 100
169 49 100
169 69 100
169 89 100
169 109 100
169 129 100
169 149 100
169 169 100
169 189 100
189 9 100
189 29 100
189 49 100
189 69 100
189 89 100
189 109 100
189 129 100
189 149 100
189 169 100
189 189 100
9 9 100
9 29 100
9 49 100
9 69 100
9 169 100
9 189 100
29 9 100
29 29 100
29 49 100
29 69 100
49 9 100
49 29 100
49 49 100
49 69 100
49 189 100
69 89 100
69 109 100
69 129 100
69 149 100
69 169 100
69 189 100
89 9 100
89 89 100
89 109 100
89 129 100
89 149 100
89 169 100
109 9 100
109 29 100
109 89 100
109 109 100
109 129 100
109 149 100
109 169 100
109 189 100
129 9 100
129 29 100
129 49 100
129 69 100
129 89 100
129 109 100
129 149 100
129 169 100
129 189 100
149 29 100
149 49 100
149 89 100
149 109 100
149 149 100
149 169 100
149 189 100
169 69 100
169 89 100
169 109 100
169 129 100
169 149 100
169 189 100
189 49 100
189 69 100
189 89 100
189 109 100
189 129 100
189 149 100
189 189 100
5 2 40
5 2 104
68 29 40
82 82 40
82 82 104
88 173 40
88 173 104
88 173 168
34 130 40
162 117 40
162 117 104
137 129 40
189 184 40
189 184 104
189 184 168
190 16 40
24 90 40
90 39 40
51 176 40
51 176 104
108 67 40
90 38 40
90 37 40
90 36 40
90 35 40
90 34 40
90 33 40
90 32 40
90 31 40
90 30 40
89 30 40
88 29 40
87 29 40
86 29 40
85 29 40
84 29 40
83 29 40
82 29 40
81 29 40
80 29 40
79 29 40
78 29 40
77 29 40
76 29 40
75 29 40
74 29 40
73 29 40
72 29 40
71 29 40
70 29 40
109 67 40
109 66 40
109 65 40
109 64 40
109 63 40
109 62 40
109 61 40
109 60 40
109 59 40
109 58 40
109 57 40
109 56 40
109 55 40
109 54 40
109 53 40
109 52 40
109 51 40
109 50 40
108 49 40
107 49 40
106 49 40
105 49 40
104 49 40
103 49 40
102 49 40
101 49 40
100 49 40
99 49 40
98 49 40
97 49 40
96 49 40
95 49 40
94 49 40
93 49 40
92 49 40
91 49 40
90 49 40
90 48 40
90 47 40
90 46 40
90 45 40
90 44 40
90 43 40
90 42 40
90 41 40
90 40 40
25 90 40
26 90 40
27 90 40
28 90 40
29 90 40
30 89 40
30 89 104
31 89 40
31 89 104
32 89 40
32 89 104
33 89 40
33 89 104
34 89 40
34 89 104
35 89 40
35 89 104
36 89 40
36 89 104
37 89 40
37 89 104
38 89 40
38 89 104
39 89 40
39 89 104
40 89 40
40 89 104
41 89 40
42 89 40
43 89 40
44 89 40
45 89 40
46 89 40
47 89 40
48 89 40
49 88 40
50 88 40
50 88 104
50 87 40
50 87 104
51 87 40
51 87 104
52 87 40
52 87 104
52 86 40
52 86 104
52 85 40
52 85 104
53 85 40
53 85 104
53 84 40
53 84 104
54 84 40
54 84 104
54 83 40
54 83 104
55 83 40
55 83 104
56 83 40
56 83 104
56 82 40
56 82 104
57 82 40
57 82 104
57 81 40
57 81 104
57 80 40
57 80 104
58 80 40
58 80 104
58 79 40
58 79 104
59 79 40
59 79 104
59 79 168
60 79 40
60 79 104
60 79 168
60 78 40
60 78 104
60 78 168
61 78 40
61 78 104
61 78 168
61 78 232
61 77 40
61 77 104
61 77 168
61 77 232
61 76 40
61 76 104
61 76 168
61 76 232
62 76 40
62 76 104
62 76 168
62 76 232
62 75 40
62 75 104
62 75 168
62 75 232
63 75 40
63 75 104
63 75 168
63 75 232
63 74 40
63 74 104
63 74 168
63 74 232
64 74 40
64 74 104
64 74 168
64 74 232
64 73 40
64 73 104
64 73 168
65 73 40
65 73 104
65 73 168
65 72 40
65 72 104
65 72 168
66 72 40
66 72 104
66 72 168
66 71 40
66 71 104
67 71 40
67 71 104
67 70 40
67 70 104
68 70 40
68 70 104
68 69 40
68 69 104
70 69 40
71 69 40
72 69 40
73 69 40
74 69 40
75 69 40
76 69 40
77 69 40
77 69 104
78 69 40
78 69 104
79 69 40
79 69 104
80 69 40
80 69 104
81 69 40
82 69 40
83 69 40
84 69 40
85 69 40
86 69 40
87 69 40
88 69 40
89 68 40
89 67 40
89 66 40
89 65 40
89 64 40
89 63 40
89 62 40
89 61 40
89 60 40
89 59 40
89 58 40
89 57 40
89 56 40
89 55 40
89 54 40
89 53 40
89 52 40
89 51 40
89 50 40
33 130 40
32 130 40
31 130 40
30 130 40
29 130 40
29 128 40
29 127 40
29 126 40
29 125 40
29 124 40
29 123 40
29 122 40
29 121 40
29 120 40
29 119 40
29 118 40
29 117 40
29 116 40
29 115 40
29 114 40
29 113 40
29 112 40
29 111 40
29 110 40
29 108 40
29 107 40
29 106 40
29 105 40
29 104 40
29 103 40
29 102 40
29 101 40
29 100 40
29 99 40
29 98 40
29 97 40
29 96 40
29 95 40
29 94 40
29 93 40
29 92 40
29 91 40
51 175 40
51 175 104
51 174 40
51 174 104
51 173 40
51 173 104
51 172 40
51 172 104
51 171 40
51 170 40
50 170 40
50 169 40
49 168 40
49 167 40
49 166 40
49 165 40
49 164 40
49 164 104
49 163 40
49 163 104
49 162 40
49 162 104
49 161 40
49 161 104
49 160 40
49 160 104
49 159 40
49 159 104
49 158 40
49 158 104
49 157 40
49 157 104
49 156 40
49 156 104
49 155 40
49 155 104
49 154 40
49 154 104
49 153 40
49 153 104
49 152 40
49 152 104
49 151 40
49 151 104
49 150 40
49 150 104
49 148 40
49 148 104
49 147 40
49 147 104
49 146 40
49 146 104
49 145 40
49 145 104
49 145 168
49 144 40
49 144 104
49 144 168
49 143 40
49 143 104
49 143 168
49 142 40
49 142 104
49 142 168
49 141 40
49 141 104
49 141 168
49 141 232
49 140 40
49 140 104
49 140 168
49 140 232
49 139 40
49 139 104
49 139 168
49 139 232
49 138 40
49 138 104
49 138 168
49 138 232
49 137 40
49 137 104
49 137 168
49 136 40
49 136 104
49 136 168
49 135 40
49 135 104
49 135 168
49 134 40
49 134 104
49 134 168
49 133 40
49 133 104
49 133 168
49 132 40
49 132 104
49 132 168
49 131 40
49 131 104
49 130 40
49 130 104
48 130 40
48 130 104
47 130 40
47 130 104
46 130 40
46 130 104
45 130 40
45 130 104
44 130 40
44 130 104
43 130 40
43 130 104
42 130 40
42 130 104
41 130 40
41 130 104
40 130 40
39 130 40
38 130 40
37 130 40
36 130 40
35 130 40
87 173 40
87 173 104
87 173 168
86 173 40
86 173 104
86 173 168
85 173 40
85 173 104
85 173 168
84 173 40
84 173 104
84 173 168
84 173 232
83 173 40
83 173 104
83 173 168
83 173 232
82 173 40
82 173 104
82 173 168
82 173 232
81 173 40
81 173 104
81 173 168
81 173 232
80 173 40
80 173 104
80 173 168
80 173 232
79 173 40
79 173 104
79 173 168
79 173 232
78 173 40
78 173 104
78 173 168
78 173 232
77 173 40
77 173 104
77 173 168
77 173 232
76 173 40
76 173 104
76 173 168
76 173 232
75 173 40
75 173 104
75 173 168
74 173 40
74 173 104
74 173 168
73 173 40
73 173 104
73 173 168
72 173 40
72 173 104
72 173 168
72 172 40
72 172 104
71 172 40
71 172 104
71 171 40
71 171 104
70 171 40
70 171 104
70 170 40
70 170 104
69 170 40
69 170 104
68 170 40
68 170 104
67 170 40
67 170 104
67 170 168
66 170 40
66 170 104
66 170 168
65 170 40
65 170 104
65 170 168
64 170 40
64 170 104
64 170 168
63 170 40
63 170 104
62 170 40
62 170 104
61 170 40
61 170 104
60 170 40
60 170 104
59 170 40
59 170 104
58 170 40
58 170 104
57 170 40
56 170 40
55 170 40
54 170 40
53 170 40
52 170 40
138 129 40
139 129 40
140 129 40
141 129 40
142 129 40
143 129 40
144 129 40
145 129 40
146 129 40
147 129 40
148 129 40
148 128 40
148 127 40
148 126 40
148 125 40
148 124 40
148 123 40
148 122 40
148 121 40
148 120 40
148 120 104
148 119 40
148 119 104
148 118 40
148 118 104
148 117 40
148 117 104
148 116 40
148 116 104
148 115 40
148 115 104
148 114 40
148 114 104
148 113 40
148 113 104
148 112 40
148 112 104
148 111 40
148 111 104
148 110 40
148 110 104
148 110 168
148 109 40
148 109 104
148 109 168
148 108 40
148 108 104
148 108 168
147 108 40
147 108 104
147 108 168
147 108 232
147 107 40
147 107 104
147 107 168
147 107 232
146 107 40
146 107 104
146 107 168
146 107 232
146 106 40
146 106 104
146 106 168
146 106 232
146 105 40
146 105 104
146 105 168
146 105 232
145 105 40
145 105 104
145 105 168
145 105 232
144 105 40
144 105 104
144 105 168
144 105 232
144 104 40
144 104 104
144 104 168
144 104 232
144 103 40
144 103 104
144 103 168
144 103 232
143 103 40
143 103 104
143 103 168
143 103 232
142 103 40
142 103 104
142 103 168
142 103 232
142 102 40
142 102 104
142 102 168
142 101 40
142 101 104
142 101 168
141 101 40
141 101 104
141 101 168
141 100 40
141 100 104
141 100 168
140 100 40
140 100 104
140 100 168
139 100 40
139 100 104
139 100 168
139 99 40
139 99 104
139 99 168
139 98 40
139 98 104
139 98 168
138 98 40
138 98 104
138 98 168
138 97 40
138 97 104
138 97 168
137 97 40
137 97 104
137 97 168
136 97 40
136 97 104
136 97 168
136 96 40
136 96 104
136 96 168
136 95 40
136 95 104
136 95 168
135 95 40
135 95 104
135 95 168
134 95 40
134 95 104
134 95 168
134 94 40
134 94 104
134 94 168
134 93 40
134 93 104
134 93 168
133 93 40
133 93 104
133 93 168
132 93 40
132 93 104
132 93 168
132 92 40
132 92 104
132 92 168
132 91 40
132 91 104
132 91 168
131 91 40
131 91 104
131 91 168
131 90 40
131 90 104
131 90 168
130 90 40
130 90 104
130 90 168
130 89 40
130 89 104
130 89 168
129 88 40
129 88 104
129 88 168
129 87 40
129 87 104
129 87 168
129 86 40
129 86 104
129 86 168
129 85 40
129 85 104
129 85 168
129 84 40
129 84 104
129 84 168
129 83 40
129 83 104
129 83 168
129 82 40
129 82 104
129 82 168
129 81 40
129 81 104
129 81 168
129 80 40
129 80 104
129 80 168
129 79 40
129 79 104
129 79 168
129 78 40
129 78 104
129 78 168
129 77 40
129 77 104
129 77 168
129 76 40
129 76 104
129 76 168
129 75 40
129 75 104
129 75 168
129 74 40
129 74 104
129 74 168
129 73 40
129 73 104
129 73 168
129 72 40
129 72 104
129 72 168
129 71 40
129 71 104
129 71 168
129 70 40
129 70 104
128 70 40
128 70 104
127 70 40
127 70 104
126 70 40
126 70 104
125 70 40
125 70 104
124 70 40
124 70 104
123 70 40
123 70 104
122 70 40
122 70 104
121 70 40
121 70 104
120 70 40
120 70 104
119 70 40
119 70 104
118 70 40
118 70 104
117 70 40
116 70 40
115 70 40
114 70 40
113 70 40
112 70 40
111 70 40
110 70 40
110 69 40
109 68 40
161 117 40
161 117 104
160 117 40
160 117 104
159 117 40
159 117 104
158 117 40
158 117 104
157 117 40
157 117 104
156 117 40
156 117 104
155 117 40
155 117 104
154 117 40
154 117 104
153 117 40
153 117 104
153 116 40
153 116 104
153 115 40
153 115 104
153 114 40
153 114 104
152 114 40
152 114 104
151 114 40
151 114 104
150 114 40
150 114 104
149 114 40
149 114 104
189 183 40
189 183 104
189 182 40
189 182 104
189 181 40
189 181 104
189 180 40
189 180 104
189 179 40
189 178 40
189 177 40
189 176 40
189 175 40
189 174 40
189 173 40
189 172 40
189 171 40
189 170 40
188 169 40
187 169 40
186 169 40
185 169 40
184 169 40
184 169 104
183 169 40
183 169 104
182 169 40
182 169 104
181 169 40
181 169 104
180 169 40
180 169 104
179 169 40
178 169 40
177 169 40
176 169 40
175 169 40
174 169 40
173 169 40
172 169 40
171 169 40
170 169 40
169 168 40
168 168 40
168 167 40
167 167 40
167 167 104
166 167 40
166 167 104
166 166 40
166 166 104
166 165 40
166 165 104
165 165 40
165 165 104
164 165 40
164 165 104
164 164 40
164 164 104
163 164 40
163 164 104
163 163 40
163 163 104
163 163 168
162 163 40
162 163 104
162 163 168
162 162 40
162 162 104
162 162 168
161 162 40
161 162 104
161 162 168
161 161 40
161 161 104
161 161 168
161 160 40
161 160 104
161 160 168
160 160 40
160 160 104
159 160 40
159 160 104
159 159 40
159 159 104
158 159 40
158 159 104
158 158 40
158 158 104
157 158 40
157 158 104
157 157 40
157 157 104
156 157 40
156 157 104
156 156 40
156 156 104
155 156 40
155 156 104
155 155 40
155 155 104
154 155 40
154 155 104
154 154 40
154 154 104
153 154 40
153 154 104
153 154 168
153 153 40
153 153 104
153 153 168
152 153 40
152 153 104
152 153 168
152 152 40
152 152 104
152 152 168
151 152 40
151 152 104
151 152 168
151 151 40
151 151 104
151 151 168
151 150 40
151 150 104
151 150 168
150 150 40
150 150 104
150 150 168
150 149 40
150 149 104
150 149 168
150 148 40
150 148 104
150 148 168
150 147 40
150 147 104
150 146 40
150 146 104
150 145 40
150 145 104
150 144 40
150 144 104
150 143 40
150 143 104
150 142 40
150 141 40
150 140 40
150 139 40
150 138 40
150 137 40
150 136 40
150 136 104
150 135 40
150 135 104
150 134 40
150 134 104
150 133 40
150 133 104
150 132 40
150 132 104
150 131 40
150 131 104
150 130 40
150 130 104
149 130 40
190 17 40
190 18 40
190 19 40
190 20 40
190 21 40
190 22 40
190 23 40
190 24 40
190 25 40
190 26 40
190 27 40
190 28 40
189 28 40
188 29 40
187 29 40
186 29 40
185 29 40
184 29 40
183 29 40
182 29 40
181 29 40
180 29 40
179 29 40
178 29 40
177 29 40
176 29 40
175 29 40
174 29 40
173 29 40
172 29 40
171 29 40
170 29 40
169 30 40
169 31 40
169 32 40
169 33 40
169 33 104
169 34 40
169 34 104
169 35 40
169 35 104
169 36 40
169 36 104
169 37 40
169 37 104
169 38 40
169 38 104
169 39 40
169 39 104
169 40 40
169 40 104
169 41 40
169 41 104
169 42 40
169 42 104
169 43 40
169 43 104
169 44 40
169 44 104
169 45 40
169 45 104
169 46 40
169 46 104
169 47 40
169 47 104
169 48 40
169 48 104
168 49 40
168 49 104
168 50 40
168 50 104
167 50 40
167 50 104
167 51 40
167 51 104
166 51 40
166 51 104
166 52 40
166 52 104
166 52 168
165 52 40
165 52 104
165 52 168
165 53 40
165 53 104
165 53 168
164 53 40
164 53 104
164 53 168
164 54 40
164 54 104
164 54 168
164 55 40
164 55 104
164 55 168
163 55 40
163 55 104
163 55 168
163 56 40
163 56 104
163 56 168
162 56 40
162 56 104
162 56 168
161 56 40
161 56 104
161 56 168
161 57 40
161 57 104
161 58 40
161 58 104
160 58 40
160 58 104
160 59 40
160 59 104
159 59 40
159 59 104
158 59 40
158 59 104
158 59 168
158 60 40
158 60 104
158 60 168
157 60 40
157 60 104
157 60 168
157 61 40
157 61 104
157 61 168
156 61 40
156 61 104
156 61 168
156 62 40
156 62 104
156 62 168
155 62 40
155 62 104
155 62 168
155 63 40
155 63 104
155 63 168
154 63 40
154 63 104
154 63 168
154 64 40
154 64 104
154 64 168
153 64 40
153 64 104
153 64 168
153 65 40
153 65 104
153 65 168
152 65 40
152 65 104
152 65 168
152 66 40
152 66 104
151 66 40
151 66 104
151 67 40
151 67 104
150 67 40
150 67 104
150 68 40
150 68 104
149 68 40
149 68 104
148 69 40
148 69 104
148 70 40
148 70 104
147 70 40
147 70 104
146 70 40
146 70 104
145 70 40
145 70 104
144 70 40
144 70 104
143 70 40
143 70 104
142 70 40
142 70 104
141 70 40
141 70 104
140 70 40
140 70 104
140 70 168
139 70 40
139 70 104
139 70 168
138 70 40
138 70 104
138 70 168
137 70 40
137 70 104
137 70 168
136 70 40
136 70 104
136 70 168
135 70 40
135 70 104
135 70 168
134 70 40
134 70 104
134 70 168
133 70 40
133 70 104
133 70 168
132 70 40
132 70 104
132 70 168
131 70 40
131 70 104
131 70 168
130 70 40
130 70 104
130 70 168
