9 9 100
9 29 100
9 49 100
9 69 100
9 89 100
9 109 100
9 129 100
9 149 100
9 169 100
9 189 100
29 9 100
29 29 100
29 49 100
29 69 100
29 89 100
29 109 100
29 129 100
29 149 100
29 169 100
29 189 100
49 9 100
49 29 100
49 49 100
49 69 100
49 89 100
49 109 100
49 129 100
49 149 100
49 169 100
49 189 100
69 9 100
69 29 100
69 49 100
69 69 100
69 89 100
69 109 100
69 129 100
69 149 100
69 169 100
69 189 100
89 9 100
89 29 100
89 49 100
89 69 100
89 89 100
89 109 100
89 129 100
89 149 100
89 169 100
89 189 100
109 9 100
109 29 100
109 49 100
109 69 100
109 89 100
109 109 100
109 129 100
109 149 100
109 169 100
109 189 100
129 9 100
129 29 100
129 49 100
129 69 100
129 89 100
129 109 100
129 129 100
129 149 100
129 169 100
129 189 100
149 9 100
149 29 100
149 49 100
149 69 100
149 89 100
149 109 100
149 129 100
149 149 100
149 169 100
149 189 100
169 9 100
169 29 100
169 49 100
169 69 100
169 89 100
169 109 100
169 129 100
169 149 100
169 169 100
169 189 100
189 9 100
189 29 100
189 49 100
189 69 100
189 89 100
189 109 100
189 129 100
189 149 100
189 169 100
189 189 100
9 9 100
9 109 100
9 129 100
9 149 100
29 9 100
29 29 100
29 109 100
29 129 100
29 149 100
29 169 100
49 9 100
49 29 100
49 89 100
49 109 100
49 129 100
49 149 100
49 169 100
69 9 100
69 29 100
69 89 100
69 109 100
69 129 100
69 149 100
69 169 100
69 189 100
89 9 100
89 29 100
89 89 100
89 109 100
89 129 100
89 149 100
89 169 100
89 189 100
109 9 100
109 29 100
109 109 100
109 129 100
109 169 100
109 189 100
129 9 100
129 29 100
129 89 100
129 109 100
129 169 100
129 189 100
149 9 100
149 29 100
149 49 100
149 69 100
149 89 100
149 109 100
169 9 100
169 29 100
169 49 100
169 69 100
169 89 100
169 109 100
189 29 100
189 49 100
189 69 100
189 89 100
166 52 40
166 52 168
166 52 296
166 52 424
166 52 552
5 59 40
116 15 40
116 15 168
116 15 296
199 152 40
101 37 40
86 79 40
28 164 40
28 164 168
160 181 40
29 85 40
191 118 40
142 145 40
8 185 40
29 84 40
29 83 40
29 82 40
29 81 40
29 80 40
29 79 40
29 78 40
29 77 40
29 76 40
29 75 40
29 74 40
29 73 40
29 72 40
29 71 40
29 70 40
28 69 40
27 69 40
26 69 40
25 69 40
24 69 40
23 69 40
22 69 40
21 69 40
20 69 40
19 69 40
18 69 40
17 69 40
16 69 40
15 69 40
14 69 40
13 69 40
12 69 40
11 69 40
10 69 40
8 69 40
7 69 40
6 69 40
5 69 40
5 68 40
5 67 40
5 66 40
5 65 40
5 64 40
5 63 40
5 62 40
5 61 40
5 60 40
86 78 40
86 77 40
86 76 40
86 75 40
86 74 40
86 73 40
86 72 40
86 71 40
86 70 40
86 69 40
85 69 40
84 69 40
83 69 40
83 69 168
82 69 40
82 69 168
81 69 40
81 69 168
80 69 40
80 69 168
79 69 40
79 69 168
78 69 40
78 69 168
77 69 40
77 69 168
76 69 40
76 69 168
75 69 40
75 69 168
74 69 40
74 69 168
73 69 40
73 69 168
72 69 40
72 69 168
71 69 40
71 69 168
70 69 40
70 69 168
68 69 40
67 69 40
66 69 40
66 69 168
65 69 40
65 69 168
64 69 40
64 69 168
63 69 40
63 69 168
62 69 40
62 69 168
61 69 40
61 69 168
60 69 40
60 69 168
59 69 40
59 69 168
58 69 40
58 69 168
57 69 40
57 69 168
56 69 40
56 69 168
55 69 40
55 69 168
54 69 40
54 69 168
53 69 40
53 69 168
52 69 40
52 69 168
51 69 40
51 69 168
50 69 40
50 69 168
48 69 40
48 69 168
47 69 40
47 69 168
46 69 40
46 69 168
45 69 40
45 69 168
44 69 40
44 69 168
43 69 40
43 69 168
42 69 40
42 69 168
41 69 40
40 69 40
39 69 40
38 69 40
37 69 40
36 69 40
35 69 40
35 69 168
34 69 40
34 69 168
33 69 40
33 69 168
32 69 40
32 69 168
31 69 40
31 69 168
30 69 40
30 69 168
101 38 40
101 39 40
101 40 40
101 41 40
101 42 40
101 43 40
101 44 40
101 45 40
100 45 40
99 45 40
98 45 40
97 45 40
96 45 40
95 45 40
94 45 40
93 45 40
93 46 40
92 46 40
92 46 168
92 47 40
92 47 168
91 47 40
91 47 168
91 48 40
91 48 168
90 48 40
90 48 168
90 49 40
90 49 168
89 50 40
89 50 168
89 51 40
89 51 168
89 52 40
89 52 168
89 53 40
89 53 168
89 54 40
89 54 168
89 55 40
89 56 40
89 57 40
89 58 40
89 59 40
89 60 40
89 61 40
89 62 40
89 63 40
89 64 40
89 65 40
89 66 40
89 67 40
89 68 40
88 69 40
87 69 40
141 145 40
140 145 40
139 145 40
138 145 40
137 145 40
136 145 40
135 145 40
134 145 40
133 145 40
132 145 40
131 145 40
130 145 40
130 144 40
130 143 40
130 142 40
130 141 40
130 140 40
130 139 40
130 138 40
130 137 40
130 136 40
130 135 40
130 134 40
130 133 40
130 132 40
130 131 40
130 130 40
130 129 40
129 128 40
128 128 40
128 127 40
128 126 40
128 125 40
128 125 168
128 124 40
128 124 168
128 123 40
128 123 168
128 122 40
128 122 168
128 121 40
128 121 168
128 120 40
128 120 168
128 119 40
128 119 168
128 118 40
128 118 168
128 117 40
128 117 168
128 116 40
128 116 168
128 115 40
128 115 168
128 114 40
128 114 168
128 113 40
128 113 168
128 112 40
128 112 168
128 111 40
128 111 168
128 110 40
128 110 168
128 109 40
128 109 168
128 108 40
128 108 168
127 108 40
127 108 168
127 108 296
127 107 40
127 107 168
127 107 296
126 107 40
126 107 168
126 107 296
126 106 40
126 106 168
126 106 296
125 106 40
125 106 168
125 106 296
125 105 40
125 105 168
125 105 296
124 105 40
124 105 168
124 105 296
124 104 40
124 104 168
124 104 296
124 103 40
124 103 168
124 103 296
124 103 424
123 103 40
123 103 168
123 103 296
123 102 40
123 102 168
123 102 296
123 102 424
122 102 40
122 102 168
122 102 296
122 102 424
122 101 40
122 101 168
122 101 296
122 101 424
121 101 40
121 101 168
121 101 296
120 101 40
120 101 168
120 101 296
120 100 40
120 100 168
120 100 296
120 99 40
120 99 168
120 99 296
119 99 40
119 99 168
119 99 296
118 99 40
118 99 168
118 99 296
118 98 40
118 98 168
118 98 296
118 97 40
118 97 168
117 97 40
117 97 168
116 97 40
116 97 168
116 96 40
116 96 168
115 96 40
115 96 168
115 95 40
115 95 168
114 95 40
114 95 168
114 94 40
114 94 168
113 94 40
113 94 168
113 93 40
113 93 168
113 92 40
113 92 168
112 92 40
112 92 168
112 91 40
112 91 168
111 91 40
111 91 168
111 90 40
110 90 40
110 89 40
109 88 40
109 87 40
109 86 40
109 85 40
109 84 40
109 83 40
109 82 40
109 81 40
109 80 40
109 79 40
109 78 40
109 77 40
109 76 40
109 75 40
109 74 40
109 73 40
109 72 40
109 71 40
109 70 40
108 69 40
107 69 40
106 69 40
105 69 40
104 69 40
103 69 40
102 69 40
101 69 40
100 69 40
99 69 40
98 69 40
97 69 40
96 69 40
95 69 40
94 69 40
93 69 40
92 69 40
91 69 40
90 69 40
198 152 40
197 152 40
196 152 40
195 152 40
194 152 40
193 152 40
192 152 40
191 152 40
191 151 40
190 151 40
190 150 40
189 150 40
188 149 40
187 149 40
186 149 40
185 149 40
184 149 40
183 149 40
182 149 40
181 149 40
180 149 40
179 149 40
178 149 40
177 149 40
176 149 40
175 149 40
174 149 40
173 149 40
172 149 40
171 149 40
170 149 40
168 149 40
167 149 40
166 149 40
165 149 40
164 149 40
163 149 40
162 149 40
161 149 40
160 149 40
159 149 40
158 149 40
157 149 40
156 149 40
155 149 40
154 149 40
153 149 40
152 149 40
151 149 40
150 149 40
148 149 40
148 148 40
148 147 40
147 147 40
146 147 40
146 146 40
146 145 40
145 145 40
144 145 40
143 145 40
191 119 40
191 120 40
191 121 40
191 122 40
191 123 40
191 124 40
191 125 40
191 126 40
191 127 40
190 127 40
190 128 40
189 128 40
189 130 40
189 131 40
189 132 40
189 133 40
189 134 40
189 135 40
189 136 40
189 137 40
189 138 40
189 139 40
189 140 40
189 141 40
189 142 40
189 143 40
189 144 40
189 145 40
189 146 40
189 147 40
189 148 40
161 181 40
162 181 40
163 181 40
164 181 40
165 181 40
165 180 40
165 179 40
165 178 40
165 177 40
165 176 40
165 175 40
165 174 40
165 173 40
165 172 40
166 172 40
166 171 40
167 171 40
167 170 40
168 170 40
168 169 40
169 168 40
169 167 40
169 166 40
169 165 40
169 164 40
169 163 40
169 162 40
169 161 40
169 160 40
169 159 40
169 158 40
169 157 40
169 156 40
169 155 40
169 154 40
169 153 40
169 152 40
169 151 40
169 150 40
8 184 40
8 183 40
8 182 40
8 181 40
8 180 40
8 179 40
8 178 40
8 177 40
8 176 40
8 175 40
8 174 40
8 173 40
8 172 40
8 171 40
8 170 40
8 169 40
7 169 40
6 169 40
6 168 40
6 167 40
6 167 168
6 166 40
6 166 168
6 165 40
6 165 168
6 164 40
6 164 168
6 163 40
6 163 168
6 162 40
6 162 168
6 161 40
6 161 168
6 160 40
6 160 168
6 160 296
6 159 40
6 159 168
6 159 296
6 158 40
6 158 168
6 158 296
6 157 40
6 157 168
6 157 296
6 156 40
6 156 168
6 156 296
6 155 40
6 155 168
6 155 296
6 154 40
6 154 168
6 154 296
6 153 40
6 153 168
6 153 296
6 152 40
6 152 168
6 152 296
6 151 40
6 151 168
6 151 296
6 150 40
6 150 168
6 150 296
6 150 424
6 149 40
6 149 168
6 149 296
6 149 424
6 148 40
6 148 168
6 148 296
6 148 424
6 147 40
6 147 168
6 147 296
6 147 424
6 146 40
6 146 168
6 146 296
6 146 424
6 146 552
6 145 40
6 145 168
6 145 296
6 145 424
6 145 552
6 144 40
6 144 168
6 144 296
6 144 424
6 144 552
6 143 40
6 143 168
6 143 296
6 143 424
6 143 552
6 142 40
6 142 168
6 142 296
6 142 424
6 142 552
6 141 40
6 141 168
6 141 296
6 141 424
6 141 552
6 140 40
6 140 168
6 140 296
6 140 424
6 140 552
6 139 40
6 139 168
6 139 296
6 139 424
6 138 40
6 138 168
6 138 296
6 138 424
6 137 40
6 137 168
6 137 296
6 137 424
6 136 40
6 136 168
6 136 296
6 136 424
6 135 40
6 135 168
6 135 296
6 135 424
6 134 40
6 134 168
6 134 296
6 134 424
6 133 40
6 133 168
6 133 296
6 133 424
6 132 40
6 132 168
6 132 296
6 132 424
6 131 40
6 131 168
6 131 296
6 131 424
6 130 40
6 130 168
6 130 296
6 130 424
6 129 40
6 129 168
6 129 296
6 129 424
6 128 40
6 128 168
6 128 296
6 128 424
6 127 40
6 127 168
6 127 296
6 127 424
6 126 40
6 126 168
6 126 296
6 126 424
6 125 40
6 125 168
6 125 296
6 125 424
6 124 40
6 124 168
6 124 296
6 124 424
6 124 552
6 123 40
6 123 168
6 123 296
6 123 424
6 123 552
6 122 40
6 122 168
6 122 296
6 122 424
6 122 552
6 121 40
6 121 168
6 121 296
6 121 424
6 121 552
6 120 40
6 120 168
6 120 296
6 120 424
6 120 552
6 119 40
6 119 168
6 119 296
6 119 424
6 119 552
6 118 40
6 118 168
6 118 296
6 118 424
6 117 40
6 117 168
6 117 296
6 117 424
6 116 40
6 116 168
6 116 296
6 116 424
6 115 40
6 115 168
6 115 296
6 114 40
6 114 168
6 114 296
6 113 40
6 113 168
6 113 296
6 112 40
6 112 168
6 111 40
6 111 168
6 110 40
6 110 168
6 109 40
6 109 168
6 108 40
6 107 40
6 106 40
6 105 40
6 104 40
6 103 40
6 102 40
6 101 40
6 100 40
6 99 40
6 98 40
6 97 40
6 96 40
6 95 40
6 94 40
6 93 40
6 92 40
6 91 40
6 90 40
6 89 40
6 88 40
6 87 40
6 86 40
6 85 40
6 84 40
6 83 40
6 82 40
6 81 40
6 80 40
6 79 40
6 78 40
6 77 40
6 76 40
6 75 40
6 74 40
6 73 40
6 72 40
6 71 40
6 70 40
28 165 40
28 165 168
28 166 40
28 166 168
28 167 40
28 167 168
28 168 40
28 168 168
27 168 40
27 168 168
26 168 40
26 168 168
25 168 40
25 168 168
24 168 40
23 168 40
22 168 40
21 168 40
20 168 40
19 168 40
18 168 40
17 168 40
16 168 40
15 168 40
14 168 40
13 168 40
12 168 40
11 168 40
10 168 40
10 169 40
