9 9 100
9 29 100
9 49 100
9 69 100
9 89 100
9 109 100
9 129 100
9 149 100
9 169 100
9 189 100
29 9 100
29 29 100
29 49 100
29 69 100
29 89 100
29 109 100
29 129 100
29 149 100
29 169 100
29 189 100
49 9 100
49 29 100
49 49 100
49 69 100
49 89 100
49 109 100
49 129 100
49 149 100
49 169 100
49 189 100
69 9 100
69 29 100
69 49 100
69 69 100
69 89 100
69 109 100
69 129 100
69 149 100
69 169 100
69 189 100
89 9 100
89 29 100
89 49 100
89 69 100
89 89 100
89 109 100
89 129 100
89 149 100
89 169 100
89 189 100
109 9 100
109 29 100
109 49 100
109 69 100
109 89 100
109 109 100
109 129 100
109 149 100
109 169 100
109 189 100
129 9 100
129 29 100
129 49 100
129 69 100
129 89 100
129 109 100
129 129 100
129 149 100
129 169 100
129 189 100
149 9 100
149 29 100
149 49 100
149 69 100
149 89 100
149 109 100
149 129 100
149 149 100
149 169 100
149 189 100
169 9 100
169 29 100
169 49 100
169 69 100
169 89 100
169 109 100
169 129 100
169 149 100
169 169 100
169 189 100
189 9 100
189 29 100
189 49 100
189 69 100
189 89 100
189 109 100
189 129 100
189 149 100
189 169 100
189 189 100
9 9 100
9 49 100
9 69 100
9 109 100
9 129 100
9 149 100
9 169 100
29 9 100
29 49 100
29 69 100
29 89 100
29 109 100
29 129 100
29 149 100
29 169 100
29 189 100
49 29 100
49 89 100
49 109 100
49 129 100
49 149 100
49 189 100
69 9 100
69 29 100
69 49 100
69 69 100
69 89 100
69 109 100
69 169 100
69 189 100
89 9 100
89 29 100
89 69 100
89 109 100
89 149 100
89 169 100
109 9 100
109 29 100
109 69 100
109 89 100
109 109 100
109 149 100
109 169 100
109 189 100
129 29 100
129 49 100
129 109 100
129 129 100
129 149 100
129 189 100
149 9 100
149 29 100
149 49 100
149 69 100
149 89 100
149 109 100
149 129 100
149 169 100
149 189 100
169 9 100
169 49 100
169 69 100
169 109 100
169 129 100
169 169 100
189 9 100
189 29 100
189 49 100
189 69 100
189 89 100
189 109 100
189 129 100
189 169 100
189 189 100
160 33 40
160 33 72
194 94 40
19 135 40
30 18 40
30 18 72
107 51 40
22 75 40
22 75 72
166 158 40
19 193 40
108 51 40
109 51 40
110 51 40
111 51 40
111 52 40
112 52 40
112 53 40
112 53 72
113 53 40
113 53 72
113 54 40
113 54 72
114 54 40
114 54 72
115 54 40
115 54 72
115 55 40
115 55 72
115 56 40
115 56 72
116 56 40
116 56 72
117 56 40
117 56 72
117 57 40
117 57 72
117 57 104
117 58 40
117 58 72
117 58 104
118 58 40
118 58 72
118 58 104
118 59 40
118 59 72
118 59 104
119 59 40
119 59 72
119 59 104
119 60 40
119 60 72
119 60 104
119 60 136
120 60 40
120 60 72
120 60 104
120 60 136
120 61 40
120 61 72
120 61 104
120 61 136
121 61 40
121 61 72
121 61 104
121 61 136
122 61 40
122 61 72
122 61 104
122 61 136
122 62 40
122 62 72
122 62 104
122 62 136
123 62 40
123 62 72
123 62 104
123 62 136
123 63 40
123 63 72
123 63 104
123 63 136
124 63 40
124 63 72
124 63 104
124 63 136
124 64 40
124 64 72
124 64 104
124 64 136
124 65 40
124 65 72
124 65 104
124 65 136
125 65 40
125 65 72
125 65 104
125 65 136
125 66 40
125 66 72
125 66 104
125 66 136
126 66 40
126 66 72
126 66 104
126 66 136
126 67 40
126 67 72
126 67 104
127 67 40
127 67 72
127 67 104
127 68 40
127 68 72
127 68 104
128 68 40
128 68 72
128 69 40
128 69 72
129 70 40
129 71 40
129 72 40
129 73 40
129 74 40
129 75 40
129 76 40
129 77 40
129 78 40
129 79 40
129 80 40
129 81 40
129 82 40
129 83 40
129 84 40
129 85 40
129 86 40
129 87 40
129 87 72
129 88 40
129 88 72
130 89 40
130 89 72
130 89 104
131 89 40
131 89 72
131 89 104
132 89 40
132 89 72
132 89 104
132 89 136
133 89 40
133 89 72
133 89 104
133 89 136
134 89 40
134 89 72
134 89 104
134 89 136
135 89 40
135 89 72
135 89 104
135 89 136
135 89 168
136 89 40
136 89 72
136 89 104
136 89 136
136 89 168
137 89 40
137 89 72
137 89 104
137 89 136
137 89 168
137 89 200
138 89 40
138 89 72
138 89 104
138 89 136
138 89 168
138 89 200
139 89 40
139 89 72
139 89 104
139 89 136
139 89 168
139 89 200
139 89 232
140 89 40
140 89 72
140 89 104
140 89 136
140 89 168
140 89 200
140 89 232
140 89 264
141 89 40
141 89 72
141 89 104
141 89 136
141 89 168
141 89 200
141 89 232
141 89 264
141 89 296
142 89 40
142 89 72
142 89 104
142 89 136
142 89 168
142 89 200
142 89 232
142 89 264
142 89 296
142 89 328
143 89 40
143 89 72
143 89 104
143 89 136
143 89 168
143 89 200
143 89 232
143 89 264
143 89 296
143 89 328
143 89 360
144 89 40
144 89 72
144 89 104
144 89 136
144 89 168
144 89 200
144 89 232
144 89 264
144 89 296
144 89 328
144 89 360
144 89 392
145 89 40
145 89 72
145 89 104
145 89 136
145 89 168
145 89 200
145 89 232
145 89 264
145 89 296
145 89 328
145 89 360
145 89 392
145 89 424
146 89 40
146 89 72
146 89 104
146 89 136
146 89 168
146 89 200
146 89 232
146 89 264
146 89 296
146 89 328
146 89 360
146 89 392
146 89 424
146 89 456
147 89 40
147 89 72
147 89 104
147 89 136
147 89 168
147 89 200
147 89 232
147 89 264
147 89 296
147 89 328
147 89 360
147 89 392
147 89 424
147 89 456
148 89 40
148 89 72
148 89 104
148 89 136
148 89 168
148 89 200
148 89 232
148 89 264
148 89 296
148 89 328
148 89 360
148 89 392
148 89 424
148 89 456
149 89 40
149 89 72
149 89 104
149 89 136
149 89 168
149 89 200
149 89 232
149 89 264
149 89 296
149 89 328
149 89 360
149 89 392
149 89 424
150 89 40
150 89 72
150 89 104
150 89 136
150 89 168
150 89 200
150 89 232
150 89 264
150 89 296
150 89 328
150 89 360
150 89 392
150 89 424
151 89 40
151 89 72
151 89 104
151 89 136
151 89 168
151 89 200
151 89 232
151 89 264
151 89 296
151 89 328
151 89 360
151 89 392
152 89 40
152 89 72
152 89 104
152 89 136
152 89 168
152 89 200
152 89 232
152 89 264
152 89 296
152 89 328
152 89 360
153 89 40
153 89 72
153 89 104
153 89 136
153 89 168
153 89 200
153 89 232
153 89 264
153 89 296
153 89 328
154 89 40
154 89 72
154 89 104
154 89 136
154 89 168
154 89 200
154 89 232
154 89 264
154 89 296
155 89 40
155 89 72
155 89 104
155 89 136
155 89 168
155 89 200
155 89 232
155 89 264
156 89 40
156 89 72
156 89 104
156 89 136
156 89 168
156 89 200
156 89 232
157 89 40
157 89 72
157 89 104
157 89 136
157 89 168
157 89 200
158 89 40
158 89 72
158 89 104
158 89 136
158 89 168
158 89 200
159 89 40
159 89 72
159 89 104
159 89 136
159 89 168
160 89 40
160 89 72
160 89 104
160 89 136
160 89 168
161 89 40
161 89 72
161 89 104
161 89 136
162 89 40
162 89 72
162 89 104
163 89 40
163 89 72
163 89 104
164 89 40
164 89 72
165 89 40
165 89 72
166 89 40
166 89 72
167 89 40
167 89 72
168 89 40
168 89 72
170 89 40
170 89 72
170 90 40
170 90 72
171 90 40
171 90 72
172 90 40
172 90 72
172 90 104
173 90 40
173 90 72
173 90 104
174 90 40
174 90 72
174 90 104
174 90 136
175 90 40
175 90 72
175 90 104
175 90 136
176 90 40
176 90 72
176 90 104
176 90 136
176 90 168
177 90 40
177 90 72
177 90 104
177 90 136
177 90 168
177 90 200
178 90 40
178 90 72
178 90 104
178 90 136
178 90 168
178 90 200
178 90 232
179 90 40
179 90 72
179 90 104
179 90 136
179 90 168
179 90 200
179 90 232
180 90 40
180 90 72
180 90 104
180 90 136
180 90 168
180 90 200
180 90 232
181 90 40
181 90 72
181 90 104
181 90 136
181 90 168
181 90 200
181 90 232
182 90 40
182 90 72
182 90 104
182 90 136
182 90 168
182 90 200
182 90 232
183 90 40
183 90 72
183 90 104
183 90 136
183 90 168
183 90 200
184 90 40
184 90 72
184 90 104
184 90 136
184 90 168
185 90 40
185 90 72
185 90 104
185 90 136
185 90 168
186 90 40
186 90 72
186 90 104
186 90 136
187 90 40
187 90 72
187 90 104
188 90 40
188 90 72
188 90 104
189 90 40
189 90 72
190 90 40
190 90 72
191 90 40
191 90 72
191 91 40
191 91 72
192 91 40
192 92 40
193 92 40
193 93 40
194 93 40
23 75 40
23 75 72
23 74 40
23 74 72
24 74 40
24 74 72
24 73 40
24 73 72
25 73 40
25 73 72
26 73 40
26 73 72
26 72 40
26 72 72
27 72 40
27 72 72
27 71 40
27 71 72
28 71 40
28 71 72
28 70 40
28 70 72
28 70 104
29 70 40
29 70 72
30 70 40
30 70 72
31 70 40
31 70 72
32 70 40
32 70 72
33 70 40
33 70 72
34 70 40
34 70 72
35 70 40
36 70 40
37 70 40
38 70 40
39 70 40
40 70 40
41 70 40
42 70 40
43 70 40
44 70 40
45 70 40
46 70 40
47 70 40
48 70 40
48 69 40
49 68 40
49 67 40
49 66 40
49 65 40
49 64 40
49 63 40
49 62 40
49 61 40
49 60 40
49 59 40
49 58 40
49 57 40
49 56 40
49 55 40
49 54 40
49 53 40
49 52 40
49 51 40
49 50 40
50 49 40
51 49 40
52 49 40
53 49 40
54 49 40
55 49 40
56 49 40
57 49 40
58 49 40
59 49 40
60 49 40
61 49 40
62 49 40
62 49 72
63 49 40
63 49 72
64 49 40
64 49 72
65 49 40
65 49 72
65 49 104
66 49 40
66 49 72
66 49 104
67 49 40
67 49 72
67 49 104
68 49 40
68 49 72
68 49 104
68 49 136
69 49 40
69 49 72
69 49 104
70 49 40
70 49 72
70 49 104
70 49 136
70 49 168
71 49 40
71 49 72
71 49 104
71 49 136
71 49 168
72 49 40
72 49 72
72 49 104
72 49 136
72 49 168
73 49 40
73 49 72
73 49 104
73 49 136
73 49 168
74 49 40
74 49 72
74 49 104
74 49 136
74 49 168
75 49 40
75 49 72
75 49 104
75 49 136
76 49 40
76 49 72
76 49 104
76 49 136
77 49 40
77 49 72
77 49 104
78 49 40
78 49 72
78 49 104
79 49 40
79 49 72
80 49 40
80 49 72
81 49 40
82 49 40
83 49 40
84 49 40
85 49 40
86 49 40
87 49 40
88 49 40
90 49 40
91 49 40
92 49 40
93 49 40
94 49 40
95 49 40
96 49 40
97 49 40
98 49 40
99 49 40
100 49 40
101 49 40
102 49 40
103 49 40
104 49 40
105 49 40
106 49 40
107 49 40
108 49 40
108 50 40
30 19 40
30 19 72
30 20 40
30 21 40
30 22 40
30 23 40
30 24 40
30 25 40
30 26 40
30 27 40
30 28 40
30 29 40
30 30 40
30 31 40
31 31 40
31 32 40
31 32 72
32 32 40
32 32 72
32 33 40
32 33 72
33 33 40
33 33 72
33 33 104
33 34 40
33 34 72
33 34 104
33 34 136
34 34 40
34 34 72
34 34 104
34 34 136
34 35 40
34 35 72
34 35 104
34 35 136
34 35 168
35 35 40
35 35 72
35 35 104
35 35 136
35 35 168
35 35 200
35 36 40
35 36 72
35 36 104
35 36 136
35 36 168
35 36 200
35 36 232
36 36 40
36 36 72
36 36 104
36 36 136
36 36 168
36 36 200
36 36 232
36 37 40
36 37 72
36 37 104
36 37 136
36 37 168
36 37 200
36 37 232
36 37 264
37 37 40
37 37 72
37 37 104
37 37 136
37 37 168
37 37 200
37 37 232
37 37 264
37 37 296
37 38 40
37 38 72
37 38 104
37 38 136
37 38 168
37 38 200
37 38 232
37 38 264
37 38 296
38 38 40
38 38 72
38 38 104
38 38 136
38 38 168
38 38 200
38 38 232
38 38 264
38 38 296
39 38 40
39 38 72
39 38 104
39 38 136
39 38 168
39 38 200
39 38 232
39 38 264
39 38 296
39 39 40
39 39 72
39 39 104
39 39 136
39 39 168
39 39 200
39 39 232
39 39 264
39 39 296
39 39 328
39 40 40
39 40 72
39 40 104
39 40 136
39 40 168
39 40 200
39 40 232
39 40 264
39 40 296
39 40 328
40 40 40
40 40 72
40 40 104
40 40 136
40 40 168
40 40 200
40 40 232
40 40 264
40 40 296
40 40 328
40 41 40
40 41 72
40 41 104
40 41 136
40 41 168
40 41 200
40 41 232
40 41 264
40 41 296
40 41 328
41 41 40
41 41 72
41 41 104
41 41 136
41 41 168
41 41 200
41 41 232
41 41 264
41 41 296
41 42 40
41 42 72
41 42 104
41 42 136
41 42 168
41 42 200
41 42 232
41 42 264
41 42 296
42 42 40
42 42 72
42 42 104
42 42 136
42 42 168
42 42 200
42 42 232
42 42 264
42 42 296
42 43 40
42 43 72
42 43 104
42 43 136
42 43 168
42 43 200
42 43 232
42 43 264
43 43 40
43 43 72
43 43 104
43 43 136
43 43 168
43 43 200
43 43 232
43 44 40
43 44 72
43 44 104
43 44 136
43 44 168
43 44 200
43 44 232
44 44 40
44 44 72
44 44 104
44 44 136
44 44 168
44 44 200
44 45 40
44 45 72
44 45 104
44 45 136
44 45 168
45 45 40
45 45 72
45 45 104
45 45 136
45 46 40
45 46 72
45 46 104
46 46 40
46 46 72
46 47 40
46 47 72
47 47 40
47 47 72
47 48 40
48 48 40
48 49 40
19 134 40
19 134 72
19 133 40
19 133 72
19 132 40
19 132 72
19 131 40
19 131 72
19 130 40
19 130 72
19 129 40
19 129 72
19 128 40
19 128 72
19 127 40
19 126 40
19 125 40
19 124 40
19 123 40
19 122 40
19 121 40
19 120 40
19 119 40
19 118 40
20 118 40
20 117 40
21 117 40
22 117 40
22 116 40
23 116 40
23 115 40
23 114 40
24 114 40
24 114 72
24 113 40
24 113 72
25 113 40
25 113 72
25 112 40
25 112 72
25 111 40
25 111 72
25 110 40
25 110 72
25 109 40
25 109 72
25 108 40
25 108 72
25 107 40
25 107 72
25 106 40
25 106 72
25 106 104
25 105 40
25 105 72
25 105 104
25 104 40
25 104 72
25 104 104
24 104 40
24 104 72
24 104 104
23 104 40
23 104 72
23 103 40
23 103 72
23 103 104
22 103 40
22 103 72
22 102 40
22 102 72
22 102 104
21 102 40
21 102 72
21 101 40
21 101 72
21 101 104
21 100 40
21 100 72
21 100 104
20 100 40
20 100 72
20 100 104
19 100 40
19 100 72
19 100 104
19 99 40
19 99 72
19 99 104
18 99 40
18 99 72
18 99 104
18 98 40
18 98 72
18 98 104
17 98 40
17 98 72
17 98 104
17 97 40
17 97 72
17 97 104
16 97 40
16 97 72
16 97 104
16 96 40
16 96 72
16 96 104
15 96 40
15 96 72
15 96 104
15 95 40
15 95 72
15 95 104
14 95 40
14 95 72
14 95 104
14 94 40
14 94 72
14 94 104
13 94 40
13 94 72
13 94 104
13 93 40
13 93 72
13 93 104
12 93 40
12 93 72
12 92 40
12 92 72
11 92 40
11 92 72
11 91 40
11 91 72
11 90 40
11 90 72
11 89 40
11 89 72
11 88 40
11 88 72
11 87 40
11 87 72
11 87 104
11 86 40
11 86 72
11 86 104
12 86 40
12 86 72
12 86 104
12 85 40
12 85 72
12 85 104
12 85 136
13 85 40
13 85 72
13 85 104
13 85 136
13 84 40
13 84 72
13 84 104
13 84 136
14 84 40
14 84 72
14 84 104
14 84 136
15 84 40
15 84 72
15 84 104
15 84 136
15 83 40
15 83 72
15 83 104
15 83 136
15 83 168
15 82 40
15 82 72
15 82 104
15 82 136
15 82 168
15 82 200
16 82 40
16 82 72
16 82 104
16 82 136
16 82 168
16 81 40
16 81 72
16 81 104
16 81 136
16 81 168
16 81 200
17 81 40
17 81 72
17 81 104
17 81 136
17 81 168
18 81 40
18 81 72
18 81 104
18 81 136
18 81 168
18 80 40
18 80 72
18 80 104
18 80 136
18 80 168
18 79 40
18 79 72
18 79 104
18 79 136
18 79 168
19 79 40
19 79 72
19 79 104
19 79 136
20 79 40
20 79 72
20 79 104
20 78 40
20 78 72
20 78 104
21 78 40
21 78 72
21 78 104
21 77 40
21 77 72
21 77 104
22 77 40
22 77 72
22 76 40
22 76 72
20 193 40
21 193 40
22 193 40
23 193 40
24 193 40
25 193 40
25 193 72
25 192 40
26 192 40
26 192 72
26 191 40
26 191 72
27 191 40
27 191 72
27 190 40
27 190 72
28 190 40
28 190 72
28 189 40
28 189 72
29 188 40
29 188 72
30 188 40
30 188 72
30 187 40
30 187 72
31 187 40
31 187 72
31 186 40
31 186 72
32 186 40
32 186 72
33 186 40
33 186 72
33 186 104
33 185 40
33 185 72
33 184 40
33 184 72
34 184 40
34 184 72
34 183 40
35 183 40
35 183 72
36 183 40
36 183 72
36 182 40
36 182 72
37 182 40
37 182 72
37 181 40
37 181 72
38 181 40
38 181 72
38 180 40
38 180 72
39 180 40
39 180 72
39 179 40
39 179 72
40 179 40
40 179 72
40 178 40
40 178 72
41 178 40
41 178 72
41 177 40
41 177 72
41 176 40
42 176 40
42 176 72
42 175 40
43 175 40
43 175 72
43 174 40
44 174 40
44 173 40
45 173 40
45 172 40
46 172 40
46 171 40
47 171 40
47 170 40
48 170 40
48 169 40
48 168 40
48 167 40
48 166 40
48 165 40
48 164 40
48 163 40
48 162 40
48 161 40
48 160 40
48 159 40
48 158 40
48 157 40
48 156 40
48 155 40
48 154 40
48 153 40
48 152 40
48 152 72
48 151 40
48 151 72
48 150 40
48 150 72
48 150 104
48 149 40
48 149 72
48 149 104
47 149 40
47 149 72
47 149 104
47 149 136
46 149 40
46 149 72
46 149 104
46 149 136
46 149 168
45 149 40
45 149 72
45 149 104
45 149 136
45 149 168
45 149 200
44 149 40
44 149 72
44 149 104
44 149 136
44 149 168
44 149 200
43 149 40
43 149 72
43 149 104
43 149 136
43 149 168
43 149 200
43 149 232
42 149 40
42 149 72
42 149 104
42 149 136
42 149 168
42 149 200
42 149 232
41 149 40
41 149 72
41 149 104
41 149 136
41 149 168
41 149 200
41 149 232
40 149 40
40 149 72
40 149 104
40 149 136
40 149 168
40 149 200
40 149 232
39 149 40
39 149 72
39 149 104
39 149 136
39 149 168
39 149 200
39 149 232
38 149 40
38 149 72
38 149 104
38 149 136
38 149 168
38 149 200
38 149 232
37 149 40
37 149 72
37 149 104
37 149 136
37 149 168
37 149 200
37 149 232
36 149 40
36 149 72
36 149 104
36 149 136
36 149 168
36 149 200
36 149 232
35 149 40
35 149 72
35 149 104
35 149 136
35 149 168
35 149 200
34 149 40
34 149 72
34 149 104
34 149 136
34 149 168
34 149 200
33 149 40
33 149 72
33 149 104
33 149 136
33 149 168
32 149 40
32 149 72
32 149 104
32 149 136
31 149 40
31 149 72
31 149 104
31 149 136
30 149 40
30 149 72
30 149 104
28 149 40
28 149 72
28 149 104
28 148 40
28 148 72
28 148 104
27 148 40
27 148 72
27 147 40
27 147 72
26 147 40
26 147 72
26 146 40
26 146 72
25 146 40
24 146 40
24 145 40
23 145 40
22 145 40
21 145 40
20 145 40
19 145 40
19 144 40
19 143 40
19 142 40
19 141 40
19 140 40
19 139 40
19 138 40
19 137 40
19 136 40
166 157 40
166 156 40
166 155 40
166 154 40
166 153 40
166 152 40
166 151 40
166 150 40
166 149 40
165 149 40
164 149 40
163 149 40
162 149 40
162 149 72
161 149 40
161 149 72
160 149 40
160 149 72
159 149 40
159 149 72
158 149 40
158 149 72
157 149 40
157 149 72
157 149 104
156 149 40
156 149 72
156 149 104
155 149 40
155 149 72
154 149 40
154 149 72
153 149 40
153 149 72
152 149 40
152 149 72
151 149 40
151 149 72
150 149 40
150 149 72
149 148 40
149 148 72
148 148 40
148 148 72
148 147 40
148 147 72
147 147 40
147 147 72
147 146 40
147 146 72
146 146 40
146 146 72
146 145 40
146 145 72
145 145 40
145 145 72
145 144 40
145 144 72
144 144 40
144 144 72
143 144 40
143 144 72
143 143 40
143 143 72
143 142 40
143 142 72
142 142 40
142 142 72
141 142 40
141 142 72
141 141 40
141 141 72
140 141 40
140 141 72
140 140 40
140 140 72
139 140 40
139 140 72
139 140 104
139 139 40
139 139 72
139 139 104
138 139 40
138 139 72
138 139 104
138 139 136
137 139 40
137 139 72
137 139 104
137 139 136
136 139 40
136 139 72
136 139 104
136 139 136
136 139 168
135 139 40
135 139 72
135 139 104
135 139 136
135 139 168
135 139 200
134 139 40
134 139 72
134 139 104
134 139 136
134 139 168
134 139 200
134 139 232
133 139 40
133 139 72
133 139 104
133 139 136
133 139 168
133 139 200
133 139 232
133 139 264
132 139 40
132 139 72
132 139 104
132 139 136
132 139 168
132 139 200
132 139 232
132 139 264
132 139 296
131 139 40
131 139 72
131 139 104
131 139 136
131 139 168
131 139 200
131 139 232
131 139 264
131 139 296
131 139 328
130 139 40
130 139 72
130 139 104
130 139 136
130 139 168
130 139 200
130 139 232
130 139 264
130 139 296
130 139 328
129 139 40
129 139 72
129 139 104
129 139 136
129 139 168
129 139 200
129 139 232
129 139 264
129 139 296
129 139 328
128 139 40
128 139 72
128 139 104
128 139 136
128 139 168
128 139 200
128 139 232
128 139 264
128 139 296
127 139 40
127 139 72
127 139 104
127 139 136
127 139 168
127 139 200
127 139 232
127 139 264
127 139 296
126 139 40
126 139 72
126 139 104
126 139 136
126 139 168
126 139 200
126 139 232
126 139 264
125 139 40
125 139 72
125 139 104
125 139 136
125 139 168
125 139 200
125 139 232
124 139 40
124 139 72
124 139 104
124 139 136
124 139 168
124 139 200
123 139 40
123 139 72
123 139 104
123 139 136
123 139 168
122 139 40
122 139 72
122 139 104
122 139 136
121 139 40
121 139 72
121 139 104
120 139 40
120 139 72
119 139 40
119 139 72
119 138 40
119 138 72
118 138 40
118 137 40
117 137 40
116 137 40
116 136 40
116 135 40
115 135 40
114 135 40
114 134 40
113 134 40
113 133 40
112 133 40
112 132 40
111 132 40
111 131 40
110 131 40
110 130 40
109 130 40
108 129 40
107 129 40
106 129 40
105 129 40
105 129 72
104 129 40
104 129 72
103 129 40
103 129 72
102 129 40
102 129 72
101 129 40
101 129 72
101 129 104
100 129 40
100 129 72
100 129 104
99 129 40
99 129 72
99 129 104
99 129 136
98 129 40
98 129 72
98 129 104
98 129 136
97 129 40
97 129 72
97 129 104
97 129 136
97 129 168
96 129 40
96 129 72
96 129 104
96 129 136
96 129 168
95 129 40
95 129 72
95 129 104
95 129 136
95 129 168
94 129 40
94 129 72
94 129 104
94 129 136
94 129 168
93 129 40
93 129 72
93 129 104
93 129 136
93 129 168
92 129 40
92 129 72
92 129 104
92 129 136
91 129 40
91 129 72
91 129 104
90 129 40
90 129 72
90 129 104
88 129 40
88 129 72
87 129 40
86 129 40
85 129 40
84 129 40
83 129 40
82 129 40
81 129 40
80 129 40
79 129 40
78 129 40
77 129 40
76 129 40
75 129 40
74 129 40
73 129 40
72 129 40
71 129 40
70 129 40
69 130 40
69 131 40
69 132 40
69 133 40
69 134 40
69 135 40
69 136 40
69 137 40
69 138 40
69 139 40
69 140 40
69 141 40
69 142 40
69 143 40
69 144 40
69 145 40
69 146 40
69 147 40
69 148 40
68 149 40
67 149 40
66 149 40
65 149 40
64 149 40
63 149 40
62 149 40
61 149 40
60 149 40
59 149 40
58 149 40
57 149 40
56 149 40
55 149 40
54 149 40
53 149 40
52 149 40
52 149 72
51 149 40
51 149 72
50 149 40
50 149 72
