9 9 100
9 29 100
9 49 100
9 69 100
9 89 100
9 109 100
9 129 100
9 149 100
9 169 100
9 189 100
29 9 100
29 29 100
29 49 100
29 69 100
29 89 100
29 109 100
29 129 100
29 149 100
29 169 100
29 189 100
49 9 100
49 29 100
49 49 100
49 69 100
49 89 100
49 109 100
49 129 100
49 149 100
49 169 100
49 189 100
69 9 100
69 29 100
69 49 100
69 69 100
69 89 100
69 109 100
69 129 100
69 149 100
69 169 100
69 189 100
89 9 100
89 29 100
89 49 100
89 69 100
89 89 100
89 109 100
89 129 100
89 149 100
89 169 100
89 189 100
109 9 100
109 29 100
109 49 100
109 69 100
109 89 100
109 109 100
109 129 100
109 149 100
109 169 100
109 189 100
129 9 100
129 29 100
129 49 100
129 69 100
129 89 100
129 109 100
129 129 100
129 149 100
129 169 100
129 189 100
149 9 100
149 29 100
149 49 100
149 69 100
149 89 100
149 109 100
149 129 100
149 149 100
149 169 100
149 189 100
169 9 100
169 29 100
169 49 100
169 69 100
169 89 100
169 109 100
169 129 100
169 149 100
169 169 100
169 189 100
189 9 100
189 29 100
189 49 100
189 69 100
189 89 100
189 109 100
189 129 100
189 149 100
189 169 100
189 189 100
9 49 100
9 69 100
9 89 100
9 109 100
9 129 100
9 149 100
9 169 100
9 189 100
29 9 100
29 29 100
29 49 100
29 69 100
29 89 100
29 109 100
29 129 100
29 149 100
29 169 100
49 9 100
49 29 100
49 49 100
49 69 100
49 89 100
49 109 100
49 129 100
49 149 100
49 169 100
49 189 100
69 9 100
69 29 100
69 49 100
69 69 100
69 89 100
69 109 100
69 129 100
69 149 100
69 169 100
69 189 100
89 9 100
89 29 100
89 49 100
89 69 100
89 89 100
89 109 100
89 149 100
89 169 100
89 189 100
109 9 100
109 29 100
109 49 100
109 69 100
109 89 100
109 129 100
109 149 100
109 169 100
129 29 100
129 49 100
129 89 100
129 109 100
129 129 100
129 149 100
149 9 100
149 29 100
149 49 100
149 109 100
149 129 100
149 149 100
149 169 100
149 189 100
169 9 100
169 29 100
169 49 100
169 69 100
169 129 100
169 149 100
169 169 100
169 189 100
189 9 100
189 29 100
189 49 100
189 69 100
189 89 100
189 149 100
189 169 100
189 189 100
99 119 40
40 44 40
40 44 42
40 44 44
40 44 46
180 110 40
137 20 40
137 20 42
137 20 44
193 60 40
193 60 42
193 60 44
113 165 40
113 165 42
113 165 44
113 165 46
113 165 48
113 165 50
113 165 52
143 82 40
18 178 40
18 178 42
18 178 44
18 178 46
144 82 40
145 82 40
145 83 40
145 84 40
146 84 40
146 85 40
146 86 40
147 86 40
147 87 40
147 88 40
147 88 42
147 89 40
147 89 42
147 90 40
147 90 42
147 91 40
147 91 42
147 91 44
147 92 40
147 92 42
147 92 44
146 92 40
146 92 42
146 92 44
145 92 40
145 92 42
145 92 44
145 92 46
145 93 40
145 93 42
145 93 44
145 93 46
145 93 48
144 93 40
144 93 42
144 93 44
144 93 46
144 93 48
144 93 50
144 94 40
144 94 42
144 94 44
144 94 46
144 94 48
144 94 50
144 95 40
144 95 42
144 95 44
144 95 46
144 95 48
144 95 50
144 95 52
143 95 40
143 95 42
143 95 44
143 95 46
143 95 48
143 95 50
143 95 52
143 95 54
143 96 40
143 96 42
143 96 44
143 96 46
143 96 48
143 96 50
143 96 52
143 96 54
143 96 56
142 96 40
142 96 42
142 96 44
142 96 46
142 96 48
142 96 50
142 96 52
142 96 54
142 96 56
142 96 58
142 96 60
142 97 40
142 97 42
142 97 44
142 97 46
142 97 48
142 97 50
142 97 52
142 97 54
142 97 56
142 97 58
142 97 60
141 97 40
141 97 42
141 97 44
141 97 46
141 97 48
141 97 50
141 97 52
141 97 54
141 97 56
141 97 58
141 97 60
141 97 62
141 97 64
141 98 40
141 98 42
141 98 44
141 98 46
141 98 48
141 98 50
141 98 52
141 98 54
141 98 56
141 98 58
141 98 60
141 98 62
141 98 64
141 98 66
140 98 40
140 98 42
140 98 44
140 98 46
140 98 48
140 98 50
140 98 52
140 98 54
140 98 56
140 98 58
140 98 60
140 98 62
140 98 64
140 98 66
140 98 68
140 98 70
140 99 40
140 99 42
140 99 44
140 99 46
140 99 48
140 99 50
140 99 52
140 99 54
140 99 56
140 99 58
140 99 60
140 99 62
140 99 64
140 99 66
140 99 68
140 99 70
139 99 40
139 99 42
139 99 44
139 99 46
139 99 48
139 99 50
139 99 52
139 99 54
139 99 56
139 99 58
139 99 60
139 99 62
139 99 64
139 99 66
139 99 68
139 99 70
139 99 72
139 99 74
139 99 76
138 99 40
138 99 42
138 99 44
138 99 46
138 99 48
138 99 50
138 99 52
138 99 54
138 99 56
138 99 58
138 99 60
138 99 62
138 99 64
138 99 66
138 99 68
138 99 70
138 99 72
138 99 74
138 99 76
138 99 78
137 99 40
137 99 42
137 99 44
137 99 46
137 99 48
137 99 50
137 99 52
137 99 54
137 99 56
137 99 58
137 99 60
137 99 62
137 99 64
137 99 66
137 99 68
137 99 70
137 99 72
137 99 74
137 99 76
137 99 78
137 99 80
137 99 82
136 99 40
136 99 42
136 99 44
136 99 46
136 99 48
136 99 50
136 99 52
136 99 54
136 99 56
136 99 58
136 99 60
136 99 62
136 99 64
136 99 66
136 99 68
136 99 70
136 99 72
136 99 74
136 99 76
136 99 78
136 99 80
136 99 82
136 99 84
136 99 86
135 99 40
135 99 42
135 99 44
135 99 46
135 99 48
135 99 50
135 99 52
135 99 54
135 99 56
135 99 58
135 99 60
135 99 62
135 99 64
135 99 66
135 99 68
135 99 70
135 99 72
135 99 74
135 99 76
135 99 78
135 99 80
135 99 82
135 99 84
135 99 86
135 99 88
134 99 40
134 99 42
134 99 44
134 99 46
134 99 48
134 99 50
134 99 52
134 99 54
134 99 56
134 99 58
134 99 60
134 99 62
134 99 64
134 99 66
134 99 68
134 99 70
134 99 72
134 99 74
134 99 76
134 99 78
134 99 80
134 99 82
134 99 84
134 99 86
134 99 88
133 99 40
133 99 42
133 99 44
133 99 46
133 99 48
133 99 50
133 99 52
133 99 54
133 99 56
133 99 58
133 99 60
133 99 62
133 99 64
133 99 66
133 99 68
133 99 70
133 99 72
133 99 74
133 99 76
133 99 78
133 99 80
133 99 82
133 99 84
133 99 86
133 99 88
133 99 90
132 99 40
132 99 42
132 99 44
132 99 46
132 99 48
132 99 50
132 99 52
132 99 54
132 99 56
132 99 58
132 99 60
132 99 62
132 99 64
132 99 66
132 99 68
132 99 70
132 99 72
132 99 74
132 99 76
132 99 78
132 99 80
132 99 82
132 99 84
132 99 86
132 99 88
132 99 90
131 99 40
131 99 42
131 99 44
131 99 46
131 99 48
131 99 50
131 99 52
131 99 54
131 99 56
131 99 58
131 99 60
131 99 62
131 99 64
131 99 66
131 99 68
131 99 70
131 99 72
131 99 74
131 99 76
131 99 78
131 99 80
131 99 82
131 99 84
131 99 86
131 99 88
131 99 90
130 99 40
130 99 42
130 99 44
130 99 46
130 99 48
130 99 50
130 99 52
130 99 54
130 99 56
130 99 58
130 99 60
130 99 62
130 99 64
130 99 66
130 99 68
130 99 70
130 99 72
130 99 74
130 99 76
130 99 78
130 99 80
130 99 82
130 99 84
130 99 86
130 99 88
129 99 40
129 99 42
129 99 44
129 99 46
129 99 48
129 99 50
129 99 52
129 99 54
129 99 56
129 99 58
129 99 60
129 99 62
129 99 64
129 99 66
129 99 68
129 99 70
129 99 72
129 99 74
129 99 76
129 99 78
129 99 80
129 99 82
129 99 84
129 99 86
128 99 40
128 99 42
128 99 44
128 99 46
128 99 48
128 99 50
128 99 52
128 99 54
128 99 56
128 99 58
128 99 60
128 99 62
128 99 64
128 99 66
128 99 68
128 99 70
128 99 72
128 99 74
128 99 76
128 99 78
128 99 80
128 99 82
128 99 84
127 99 40
127 99 42
127 99 44
127 99 46
127 99 48
127 99 50
127 99 52
127 99 54
127 99 56
127 99 58
127 99 60
127 99 62
127 99 64
127 99 66
127 99 68
127 99 70
127 99 72
127 99 74
127 99 76
127 99 78
127 99 80
127 99 82
127 99 84
126 99 40
126 99 42
126 99 44
126 99 46
126 99 48
126 99 50
126 99 52
126 99 54
126 99 56
126 99 58
126 99 60
126 99 62
126 99 64
126 99 66
126 99 68
126 99 70
126 99 72
126 99 74
126 99 76
126 99 78
126 99 80
126 99 82
125 99 40
125 99 42
125 99 44
125 99 46
125 99 48
125 99 50
125 99 52
125 99 54
125 99 56
125 99 58
125 99 60
125 99 62
125 99 64
125 99 66
125 99 68
125 99 70
125 99 72
125 99 74
125 99 76
125 99 78
125 99 80
124 99 40
124 99 42
124 99 44
124 99 46
124 99 48
124 99 50
124 99 52
124 99 54
124 99 56
124 99 58
124 99 60
124 99 62
124 99 64
124 99 66
124 99 68
124 99 70
124 99 72
124 99 74
124 99 76
124 99 78
123 99 40
123 99 42
123 99 44
123 99 46
123 99 48
123 99 50
123 99 52
123 99 54
123 99 56
123 99 58
123 99 60
123 99 62
123 99 64
123 99 66
123 99 68
123 99 70
123 99 72
123 99 74
123 99 76
122 99 40
122 99 42
122 99 44
122 99 46
122 99 48
122 99 50
122 99 52
122 99 54
122 99 56
122 99 58
122 99 60
122 99 62
122 99 64
122 99 66
122 99 68
122 99 70
122 99 72
122 99 74
121 99 40
121 99 42
121 99 44
121 99 46
121 99 48
121 99 50
121 99 52
121 99 54
121 99 56
121 99 58
121 99 60
121 99 62
121 99 64
121 99 66
121 99 68
121 99 70
120 99 40
120 99 42
120 99 44
120 99 46
120 99 48
120 99 50
120 99 52
120 99 54
120 99 56
120 99 58
120 99 60
120 99 62
120 99 64
120 99 66
119 99 40
119 99 42
119 99 44
119 99 46
119 99 48
119 99 50
119 99 52
119 99 54
119 99 56
119 99 58
119 99 60
119 99 62
119 99 64
118 99 40
118 99 42
118 99 44
118 99 46
118 99 48
118 99 50
118 99 52
118 99 54
118 99 56
118 99 58
118 99 60
118 100 40
118 100 42
118 100 44
118 100 46
118 100 48
118 100 50
118 100 52
118 100 54
118 100 56
118 100 58
118 100 60
118 100 62
118 101 40
118 101 42
118 101 44
118 101 46
118 101 48
118 101 50
118 101 52
118 101 54
118 101 56
118 101 58
118 101 60
118 101 62
117 101 40
117 101 42
117 101 44
117 101 46
117 101 48
117 101 50
117 101 52
117 101 54
117 101 56
117 101 58
116 101 40
116 101 42
116 101 44
116 101 46
116 101 48
116 101 50
116 101 52
116 101 54
116 101 56
116 102 40
116 102 42
116 102 44
116 102 46
116 102 48
116 102 50
116 102 52
116 102 54
116 102 56
116 103 40
116 103 42
116 103 44
116 103 46
116 103 48
116 103 50
116 103 52
116 103 54
116 103 56
115 103 40
115 103 42
115 103 44
115 103 46
115 103 48
115 103 50
115 103 52
114 103 40
114 103 42
114 103 44
114 103 46
114 103 48
114 103 50
114 104 40
114 104 42
114 104 44
114 104 46
114 104 48
114 104 50
113 104 40
113 104 42
113 104 44
113 104 46
113 104 48
113 105 40
113 105 42
113 105 44
113 105 46
113 105 48
112 105 40
112 105 42
112 105 44
112 105 46
112 106 40
112 106 42
112 106 44
112 106 46
111 106 40
111 106 42
111 106 44
111 107 40
111 107 42
111 107 44
110 107 40
110 107 42
110 107 44
110 108 40
110 108 42
110 108 44
109 108 40
109 108 42
109 108 44
108 109 40
108 109 42
108 110 40
108 110 42
107 110 40
107 110 42
107 111 40
107 111 42
106 111 40
106 111 42
106 112 40
106 112 42
105 112 40
105 112 42
105 113 40
105 113 42
104 113 40
104 113 42
103 113 40
103 113 42
102 113 40
102 113 42
101 113 40
101 113 42
100 113 40
99 113 40
99 114 40
99 115 40
99 116 40
99 117 40
99 118 40
179 110 40
178 110 40
177 110 40
176 110 40
175 110 40
174 110 40
173 110 40
172 110 40
171 110 40
170 110 40
170 109 40
169 108 40
169 107 40
169 106 40
169 105 40
169 104 40
169 103 40
169 102 40
169 101 40
169 100 40
169 99 40
169 98 40
169 97 40
169 96 40
169 95 40
169 94 40
169 93 40
169 92 40
169 91 40
169 90 40
168 89 40
167 89 40
166 89 40
165 89 40
164 89 40
163 89 40
162 89 40
161 89 40
160 89 40
159 89 40
158 89 40
157 89 40
156 89 40
155 89 40
154 89 40
153 89 40
152 89 40
151 89 40
151 89 42
150 89 40
150 89 42
148 89 40
148 89 42
114 165 40
114 165 42
114 165 44
114 165 46
114 165 48
114 165 50
115 165 40
115 165 42
115 165 44
115 165 46
116 165 40
116 165 42
116 165 44
117 165 40
117 165 42
118 165 40
118 165 42
119 165 40
120 165 40
121 165 40
122 165 40
123 165 40
124 165 40
125 165 40
126 165 40
127 165 40
127 164 40
127 163 40
127 162 40
127 161 40
127 160 40
127 159 40
127 158 40
127 158 42
127 157 40
127 157 42
127 156 40
127 156 42
127 155 40
127 155 42
127 155 44
127 154 40
127 154 42
127 154 44
127 153 40
127 153 42
127 153 44
127 152 40
127 152 42
127 152 44
127 151 40
127 151 42
127 151 44
127 151 46
127 150 40
127 150 42
127 150 44
127 150 46
127 149 40
127 149 42
127 149 44
127 149 46
127 148 40
127 148 42
127 148 44
127 148 46
127 147 40
127 147 42
127 147 44
127 147 46
126 147 40
126 147 42
126 147 44
126 147 46
126 146 40
126 146 42
126 146 44
126 146 46
125 146 40
125 146 42
125 146 44
125 146 46
125 146 48
125 145 40
125 145 42
125 145 44
125 145 46
125 145 48
124 145 40
124 145 42
124 145 44
124 145 46
124 145 48
124 145 50
124 144 40
124 144 42
124 144 44
124 144 46
124 144 48
124 144 50
123 144 40
123 144 42
123 144 44
123 144 46
123 144 48
123 144 50
123 144 52
123 143 40
123 143 42
123 143 44
123 143 46
123 143 48
123 143 50
123 143 52
123 143 54
122 143 40
122 143 42
122 143 44
122 143 46
122 143 48
122 143 50
122 143 52
122 143 54
122 143 56
122 142 40
122 142 42
122 142 44
122 142 46
122 142 48
122 142 50
122 142 52
122 142 54
122 142 56
122 142 58
121 142 40
121 142 42
121 142 44
121 142 46
121 142 48
121 142 50
121 142 52
121 142 54
121 142 56
121 142 58
121 141 40
121 141 42
121 141 44
121 141 46
121 141 48
121 141 50
121 141 52
121 141 54
121 141 56
121 141 58
121 141 60
121 140 40
121 140 42
121 140 44
121 140 46
121 140 48
121 140 50
121 140 52
121 140 54
121 140 56
121 140 58
121 140 60
121 140 62
120 140 40
120 140 42
120 140 44
120 140 46
120 140 48
120 140 50
120 140 52
120 140 54
120 140 56
120 140 58
120 140 60
120 140 62
120 140 64
119 140 40
119 140 42
119 140 44
119 140 46
119 140 48
119 140 50
119 140 52
119 140 54
119 140 56
119 140 58
119 140 60
119 140 62
119 140 64
119 139 40
119 139 42
119 139 44
119 139 46
119 139 48
119 139 50
119 139 52
119 139 54
119 139 56
119 139 58
119 139 60
119 139 62
119 139 64
119 139 66
119 138 40
119 138 42
119 138 44
119 138 46
119 138 48
119 138 50
119 138 52
119 138 54
119 138 56
119 138 58
119 138 60
119 138 62
119 138 64
119 138 66
119 137 40
119 137 42
119 137 44
119 137 46
119 137 48
119 137 50
119 137 52
119 137 54
119 137 56
119 137 58
119 137 60
119 137 62
119 137 64
119 137 66
119 137 68
119 136 40
119 136 42
119 136 44
119 136 46
119 136 48
119 136 50
119 136 52
119 136 54
119 136 56
119 136 58
119 136 60
119 136 62
119 136 64
119 136 66
119 136 68
119 135 40
119 135 42
119 135 44
119 135 46
119 135 48
119 135 50
119 135 52
119 135 54
119 135 56
119 135 58
119 135 60
119 135 62
119 135 64
119 135 66
119 135 68
119 134 40
119 134 42
119 134 44
119 134 46
119 134 48
119 134 50
119 134 52
119 134 54
119 134 56
119 134 58
119 134 60
119 134 62
119 134 64
119 134 66
119 134 68
119 133 40
119 133 42
119 133 44
119 133 46
119 133 48
119 133 50
119 133 52
119 133 54
119 133 56
119 133 58
119 133 60
119 133 62
119 133 64
119 133 66
119 132 40
119 132 42
119 132 44
119 132 46
119 132 48
119 132 50
119 132 52
119 132 54
119 132 56
119 132 58
119 132 60
119 132 62
119 132 64
119 131 40
119 131 42
119 131 44
119 131 46
119 131 48
119 131 50
119 131 52
119 131 54
119 131 56
119 131 58
119 131 60
119 131 62
119 131 64
119 130 40
119 130 42
119 130 44
119 130 46
119 130 48
119 130 50
119 130 52
119 130 54
119 130 56
119 130 58
119 130 60
119 130 62
119 129 40
119 129 42
119 129 44
119 129 46
119 129 48
119 129 50
119 129 52
119 129 54
119 129 56
119 129 58
119 129 60
119 129 62
119 128 40
119 128 42
119 128 44
119 128 46
119 128 48
119 128 50
119 128 52
119 128 54
119 128 56
119 128 58
119 128 60
119 128 62
119 127 40
119 127 42
119 127 44
119 127 46
119 127 48
119 127 50
119 127 52
119 127 54
119 127 56
119 127 58
119 127 60
119 127 62
119 126 40
119 126 42
119 126 44
119 126 46
119 126 48
119 126 50
119 126 52
119 126 54
119 126 56
119 126 58
119 126 60
119 126 62
119 125 40
119 125 42
119 125 44
119 125 46
119 125 48
119 125 50
119 125 52
119 125 54
119 125 56
119 125 58
119 125 60
119 125 62
119 125 64
119 124 40
119 124 42
119 124 44
119 124 46
119 124 48
119 124 50
119 124 52
119 124 54
119 124 56
119 124 58
119 124 60
119 124 62
119 124 64
119 123 40
119 123 42
119 123 44
119 123 46
119 123 48
119 123 50
119 123 52
119 123 54
119 123 56
119 123 58
119 123 60
119 123 62
119 123 64
119 123 66
119 122 40
119 122 42
119 122 44
119 122 46
119 122 48
119 122 50
119 122 52
119 122 54
119 122 56
119 122 58
119 122 60
119 122 62
119 122 64
119 122 66
119 121 40
119 121 42
119 121 44
119 121 46
119 121 48
119 121 50
119 121 52
119 121 54
119 121 56
119 121 58
119 121 60
119 121 62
119 121 64
119 121 66
119 121 68
119 120 40
119 120 42
119 120 44
119 120 46
119 120 48
119 120 50
119 120 52
119 120 54
119 120 56
119 120 58
119 120 60
119 120 62
119 120 64
119 120 66
119 120 68
119 119 40
119 119 42
119 119 44
119 119 46
119 119 48
119 119 50
119 119 52
119 119 54
119 119 56
119 119 58
119 119 60
119 119 62
119 119 64
119 119 66
119 119 68
118 119 40
118 119 42
118 119 44
118 119 46
118 119 48
118 119 50
118 119 52
118 119 54
118 119 56
118 119 58
118 119 60
118 119 62
118 119 64
118 118 40
118 118 42
118 118 44
118 118 46
118 118 48
118 118 50
118 118 52
118 118 54
118 118 56
118 118 58
118 118 60
118 118 62
118 118 64
118 117 40
118 117 42
118 117 44
118 117 46
118 117 48
118 117 50
118 117 52
118 117 54
118 117 56
118 117 58
118 117 60
118 117 62
118 117 64
117 117 40
117 117 42
117 117 44
117 117 46
117 117 48
117 117 50
117 117 52
117 117 54
117 117 56
117 117 58
116 117 40
116 117 42
116 117 44
116 117 46
116 117 48
116 117 50
116 117 52
116 117 54
116 116 40
116 116 42
116 116 44
116 116 46
116 116 48
116 116 50
116 116 52
116 116 54
115 116 40
115 116 42
115 116 44
115 116 46
115 116 48
115 116 50
115 116 52
115 115 40
115 115 42
115 115 44
115 115 46
115 115 48
115 115 50
115 115 52
114 115 40
114 115 42
114 115 44
114 115 46
114 115 48
114 114 40
114 114 42
114 114 44
114 114 46
114 114 48
113 114 40
113 114 42
113 114 44
113 114 46
113 113 40
113 113 42
113 113 44
113 113 46
112 113 40
112 113 42
112 113 44
112 113 46
112 112 40
112 112 42
112 112 44
112 112 46
111 112 40
111 112 42
111 112 44
111 111 40
111 111 42
111 111 44
110 111 40
110 111 42
110 111 44
110 110 40
110 110 42
110 110 44
109 110 40
109 110 42
109 110 44
192 60 40
192 60 42
192 60 44
191 60 40
191 60 42
191 60 44
190 60 40
190 60 42
190 60 44
190 60 46
189 60 40
189 60 42
189 60 44
189 60 46
188 60 40
188 60 42
188 60 44
188 60 46
187 60 40
187 60 42
187 60 44
187 60 46
187 60 48
187 61 40
187 61 42
187 61 44
187 61 46
187 61 48
187 62 40
187 62 42
187 62 44
187 62 46
187 62 48
187 63 40
187 63 42
187 63 44
187 63 46
187 63 48
186 63 40
186 63 42
186 63 44
186 63 46
186 63 48
186 64 40
186 64 42
186 64 44
186 64 46
186 64 48
186 65 40
186 65 42
186 65 44
186 65 46
186 65 48
186 66 40
186 66 42
186 66 44
186 66 46
186 66 48
186 67 40
186 67 42
186 67 44
186 67 46
186 67 48
186 68 40
186 68 42
186 68 44
186 68 46
186 68 48
186 68 50
186 69 40
186 69 42
186 69 44
186 69 46
186 69 48
186 69 50
186 70 40
186 70 42
186 70 44
186 70 46
186 70 48
186 70 50
186 71 40
186 71 42
186 71 44
186 71 46
186 71 48
186 71 50
186 72 40
186 72 42
186 72 44
186 72 46
186 72 48
186 72 50
186 72 52
186 73 40
186 73 42
186 73 44
186 73 46
186 73 48
186 73 50
186 73 52
185 73 40
185 73 42
185 73 44
185 73 46
185 73 48
185 73 50
185 73 52
185 74 40
185 74 42
185 74 44
185 74 46
185 74 48
185 74 50
185 74 52
184 74 40
184 74 42
184 74 44
184 74 46
184 74 48
184 74 50
184 74 52
184 75 40
184 75 42
184 75 44
184 75 46
184 75 48
184 75 50
184 75 52
184 75 54
183 75 40
183 75 42
183 75 44
183 75 46
183 75 48
183 75 50
183 75 52
183 75 54
183 76 40
183 76 42
183 76 44
183 76 46
183 76 48
183 76 50
183 76 52
183 76 54
183 76 56
182 76 40
182 76 42
182 76 44
182 76 46
182 76 48
182 76 50
182 76 52
182 76 54
182 76 56
181 76 40
181 76 42
181 76 44
181 76 46
181 76 48
181 76 50
181 76 52
181 76 54
181 76 56
181 77 40
181 77 42
181 77 44
181 77 46
181 77 48
181 77 50
181 77 52
181 77 54
181 77 56
181 77 58
180 77 40
180 77 42
180 77 44
180 77 46
180 77 48
180 77 50
180 77 52
180 77 54
180 77 56
180 77 58
180 78 40
180 78 42
180 78 44
180 78 46
180 78 48
180 78 50
180 78 52
180 78 54
180 78 56
180 78 58
179 78 40
179 78 42
179 78 44
179 78 46
179 78 48
179 78 50
179 78 52
179 78 54
179 78 56
179 78 58
179 79 40
179 79 42
179 79 44
179 79 46
179 79 48
179 79 50
179 79 52
179 79 54
179 79 56
179 79 58
178 79 40
178 79 42
178 79 44
178 79 46
178 79 48
178 79 50
178 79 52
178 79 54
178 79 56
178 79 58
178 80 40
178 80 42
178 80 44
178 80 46
178 80 48
178 80 50
178 80 52
178 80 54
178 80 56
178 81 40
178 81 42
178 81 44
178 81 46
178 81 48
178 81 50
178 81 52
178 81 54
178 81 56
177 81 40
177 81 42
177 81 44
177 81 46
177 81 48
177 81 50
177 81 52
177 81 54
176 81 40
176 81 42
176 81 44
176 81 46
176 81 48
176 81 50
176 81 52
176 82 40
176 82 42
176 82 44
176 82 46
176 82 48
176 82 50
176 83 40
176 83 42
176 83 44
176 83 46
176 83 48
176 83 50
175 83 40
175 83 42
175 83 44
175 83 46
175 83 48
174 83 40
174 83 42
174 83 44
174 83 46
174 84 40
174 84 42
174 84 44
173 84 40
173 84 42
173 84 44
173 85 40
173 85 42
173 85 44
172 85 40
172 85 42
172 86 40
172 86 42
171 86 40
171 86 42
171 87 40
170 87 40
170 88 40
169 88 40
137 19 40
137 19 42
137 18 40
137 18 42
137 17 40
137 17 42
136 17 40
136 17 42
136 16 40
136 16 42
135 16 40
135 16 42
135 15 40
135 15 42
134 15 40
134 14 40
133 14 40
133 13 40
133 12 40
132 12 40
132 11 40
131 11 40
131 10 40
130 10 40
129 10 40
128 10 40
127 10 40
126 10 40
125 10 40
124 10 40
123 10 40
122 10 40
121 10 40
120 10 40
119 10 40
118 10 40
117 10 40
116 10 40
115 10 40
114 10 40
113 10 40
112 10 40
112 10 42
111 10 40
111 10 42
111 11 40
111 11 42
111 12 40
111 12 42
111 12 44
111 13 40
111 13 42
111 13 44
111 14 40
111 14 42
111 14 44
111 15 40
111 15 42
111 15 44
111 16 40
111 16 42
111 16 44
111 17 40
111 17 42
111 17 44
111 18 40
111 18 42
111 18 44
111 19 40
111 19 42
111 19 44
111 20 40
111 20 42
111 20 44
111 21 40
111 21 42
111 21 44
111 22 40
111 22 42
111 22 44
111 23 40
111 23 42
111 23 44
111 24 40
111 24 42
111 24 44
111 25 40
111 25 42
111 25 44
111 26 40
111 26 42
111 26 44
111 27 40
111 27 42
111 27 44
111 28 40
111 28 42
111 28 44
111 28 46
111 29 40
111 29 42
111 29 44
111 29 46
111 30 40
111 30 42
111 30 44
111 30 46
111 31 40
111 31 42
111 31 44
111 31 46
111 31 48
112 31 40
112 31 42
112 31 44
112 31 46
112 31 48
112 32 40
112 32 42
112 32 44
112 32 46
112 32 48
112 32 50
113 32 40
113 32 42
113 32 44
113 32 46
113 32 48
113 32 50
113 33 40
113 33 42
113 33 44
113 33 46
113 33 48
113 33 50
113 33 52
114 33 40
114 33 42
114 33 44
114 33 46
114 33 48
114 33 50
114 33 52
114 33 54
114 34 40
114 34 42
114 34 44
114 34 46
114 34 48
114 34 50
114 34 52
114 34 54
114 34 56
114 35 40
114 35 42
114 35 44
114 35 46
114 35 48
114 35 50
114 35 52
114 35 54
114 35 56
114 35 58
114 35 60
115 35 40
115 35 42
115 35 44
115 35 46
115 35 48
115 35 50
115 35 52
115 35 54
115 35 56
115 35 58
115 35 60
116 35 40
116 35 42
116 35 44
116 35 46
116 35 48
116 35 50
116 35 52
116 35 54
116 35 56
116 35 58
116 35 60
116 35 62
116 36 40
116 36 42
116 36 44
116 36 46
116 36 48
116 36 50
116 36 52
116 36 54
116 36 56
116 36 58
116 36 60
116 36 62
116 36 64
116 37 40
116 37 42
116 37 44
116 37 46
116 37 48
116 37 50
116 37 52
116 37 54
116 37 56
116 37 58
116 37 60
116 37 62
116 37 64
116 37 66
117 37 40
117 37 42
117 37 44
117 37 46
117 37 48
117 37 50
117 37 52
117 37 54
117 37 56
117 37 58
117 37 60
117 37 62
117 37 64
117 37 66
117 38 40
117 38 42
117 38 44
117 38 46
117 38 48
117 38 50
117 38 52
117 38 54
117 38 56
117 38 58
117 38 60
117 38 62
117 38 64
117 38 66
117 38 68
118 38 40
118 38 42
118 38 44
118 38 46
118 38 48
118 38 50
118 38 52
118 38 54
118 38 56
118 38 58
118 38 60
118 38 62
118 38 64
118 38 66
118 39 40
118 39 42
118 39 44
118 39 46
118 39 48
118 39 50
118 39 52
118 39 54
118 39 56
118 39 58
118 39 60
118 39 62
118 39 64
118 39 66
119 39 40
119 39 42
119 39 44
119 39 46
119 39 48
119 39 50
119 39 52
119 39 54
119 39 56
119 39 58
119 39 60
119 39 62
119 39 64
119 40 40
119 40 42
119 40 44
119 40 46
119 40 48
119 40 50
119 40 52
119 40 54
119 40 56
119 40 58
119 40 60
119 40 62
119 40 64
119 40 66
119 41 40
119 41 42
119 41 44
119 41 46
119 41 48
119 41 50
119 41 52
119 41 54
119 41 56
119 41 58
119 41 60
119 41 62
119 41 64
119 41 66
119 42 40
119 42 42
119 42 44
119 42 46
119 42 48
119 42 50
119 42 52
119 42 54
119 42 56
119 42 58
119 42 60
119 42 62
119 42 64
119 42 66
119 43 40
119 43 42
119 43 44
119 43 46
119 43 48
119 43 50
119 43 52
119 43 54
119 43 56
119 43 58
119 43 60
119 43 62
119 43 64
119 44 40
119 44 42
119 44 44
119 44 46
119 44 48
119 44 50
119 44 52
119 44 54
119 44 56
119 44 58
119 44 60
119 44 62
119 44 64
119 45 40
119 45 42
119 45 44
119 45 46
119 45 48
119 45 50
119 45 52
119 45 54
119 45 56
119 45 58
119 45 60
119 45 62
119 45 64
119 46 40
119 46 42
119 46 44
119 46 46
119 46 48
119 46 50
119 46 52
119 46 54
119 46 56
119 46 58
119 46 60
119 46 62
119 46 64
119 47 40
119 47 42
119 47 44
119 47 46
119 47 48
119 47 50
119 47 52
119 47 54
119 47 56
119 47 58
119 47 60
119 47 62
119 47 64
119 48 40
119 48 42
119 48 44
119 48 46
119 48 48
119 48 50
119 48 52
119 48 54
119 48 56
119 48 58
119 48 60
119 48 62
119 49 40
119 49 42
119 49 44
119 49 46
119 49 48
119 49 50
119 49 52
119 49 54
119 49 56
119 49 58
119 49 60
119 49 62
119 50 40
119 50 42
119 50 44
119 50 46
119 50 48
119 50 50
119 50 52
119 50 54
119 50 56
119 50 58
119 50 60
119 51 40
119 51 42
119 51 44
119 51 46
119 51 48
119 51 50
119 51 52
119 51 54
119 51 56
119 51 58
119 51 60
119 52 40
119 52 42
119 52 44
119 52 46
119 52 48
119 52 50
119 52 52
119 52 54
119 52 56
119 52 58
119 53 40
119 53 42
119 53 44
119 53 46
119 53 48
119 53 50
119 53 52
119 53 54
119 53 56
119 53 58
119 54 40
119 54 42
119 54 44
119 54 46
119 54 48
119 54 50
119 54 52
119 54 54
119 54 56
119 54 58
119 55 40
119 55 42
119 55 44
119 55 46
119 55 48
119 55 50
119 55 52
119 55 54
119 55 56
119 56 40
119 56 42
119 56 44
119 56 46
119 56 48
119 56 50
119 56 52
119 56 54
119 56 56
119 57 40
119 57 42
119 57 44
119 57 46
119 57 48
119 57 50
119 57 52
119 57 54
119 58 40
119 58 42
119 58 44
119 58 46
119 58 48
119 58 50
119 58 52
119 58 54
119 59 40
119 59 42
119 59 44
119 59 46
119 59 48
119 59 50
119 59 52
119 59 54
120 59 40
120 59 42
120 59 44
120 59 46
120 59 48
120 59 50
120 60 40
120 60 42
120 60 44
120 60 46
120 60 48
120 60 50
121 60 40
121 60 42
121 60 44
121 60 46
121 61 40
121 61 42
121 61 44
121 61 46
121 62 40
121 62 42
121 62 44
121 62 46
122 62 40
122 62 42
122 62 44
123 62 40
123 62 42
123 62 44
123 63 40
123 63 42
124 63 40
124 63 42
124 64 40
124 64 42
125 64 40
125 64 42
125 65 40
125 65 42
126 65 40
126 66 40
127 66 40
127 67 40
128 67 40
128 68 40
129 68 40
130 69 40
131 69 40
132 69 40
133 69 40
134 69 40
135 69 40
136 69 40
137 69 40
138 69 40
139 69 40
140 69 40
141 69 40
142 69 40
143 69 40
144 69 40
145 69 40
146 69 40
146 70 40
146 71 40
146 72 40
146 73 40
146 74 40
146 75 40
146 76 40
146 77 40
146 78 40
146 79 40
146 80 40
146 81 40
146 82 40
41 44 40
41 44 42
41 44 44
41 44 46
42 44 40
42 44 42
42 44 44
42 44 46
43 44 40
43 44 42
43 44 44
43 44 46
44 44 40
44 44 42
44 44 44
44 44 46
45 44 40
45 44 42
45 44 44
45 44 46
46 44 40
46 44 42
46 44 44
46 44 46
46 44 48
47 44 40
47 44 42
47 44 44
47 44 46
47 44 48
48 44 40
48 44 42
48 44 44
48 44 46
48 44 48
49 44 40
49 44 42
49 44 44
49 44 46
49 44 48
49 44 50
50 44 40
50 44 42
50 44 44
50 44 46
50 44 48
50 44 50
50 44 52
51 44 40
51 44 42
51 44 44
51 44 46
51 44 48
51 44 50
51 44 52
51 44 54
52 44 40
52 44 42
52 44 44
52 44 46
52 44 48
52 44 50
52 44 52
52 44 54
52 44 56
53 44 40
53 44 42
53 44 44
53 44 46
53 44 48
53 44 50
53 44 52
53 44 54
53 44 56
53 44 58
53 44 60
54 44 40
54 44 42
54 44 44
54 44 46
54 44 48
54 44 50
54 44 52
54 44 54
54 44 56
54 44 58
54 44 60
54 44 62
55 44 40
55 44 42
55 44 44
55 44 46
55 44 48
55 44 50
55 44 52
55 44 54
55 44 56
55 44 58
55 44 60
55 44 62
55 44 64
56 44 40
56 44 42
56 44 44
56 44 46
56 44 48
56 44 50
56 44 52
56 44 54
56 44 56
56 44 58
56 44 60
56 44 62
56 44 64
56 44 66
57 44 40
57 44 42
57 44 44
57 44 46
57 44 48
57 44 50
57 44 52
57 44 54
57 44 56
57 44 58
57 44 60
57 44 62
57 44 64
57 44 66
57 44 68
58 44 40
58 44 42
58 44 44
58 44 46
58 44 48
58 44 50
58 44 52
58 44 54
58 44 56
58 44 58
58 44 60
58 44 62
58 44 64
58 44 66
58 44 68
58 44 70
59 44 40
59 44 42
59 44 44
59 44 46
59 44 48
59 44 50
59 44 52
59 44 54
59 44 56
59 44 58
59 44 60
59 44 62
59 44 64
59 44 66
59 44 68
59 44 70
59 44 72
60 44 40
60 44 42
60 44 44
60 44 46
60 44 48
60 44 50
60 44 52
60 44 54
60 44 56
60 44 58
60 44 60
60 44 62
60 44 64
60 44 66
60 44 68
60 44 70
60 44 72
61 44 40
61 44 42
61 44 44
61 44 46
61 44 48
61 44 50
61 44 52
61 44 54
61 44 56
61 44 58
61 44 60
61 44 62
61 44 64
61 44 66
61 44 68
61 44 70
61 44 72
62 44 40
62 44 42
62 44 44
62 44 46
62 44 48
62 44 50
62 44 52
62 44 54
62 44 56
62 44 58
62 44 60
62 44 62
62 44 64
62 44 66
62 44 68
62 44 70
63 44 40
63 44 42
63 44 44
63 44 46
63 44 48
63 44 50
63 44 52
63 44 54
63 44 56
63 44 58
63 44 60
63 44 62
63 44 64
63 44 66
63 44 68
63 44 70
64 44 40
64 44 42
64 44 44
64 44 46
64 44 48
64 44 50
64 44 52
64 44 54
64 44 56
64 44 58
64 44 60
64 44 62
64 44 64
64 44 66
65 44 40
65 44 42
65 44 44
65 44 46
65 44 48
65 44 50
65 44 52
65 44 54
65 44 56
65 44 58
65 44 60
65 44 62
65 44 64
66 44 40
66 44 42
66 44 44
66 44 46
66 44 48
66 44 50
66 44 52
66 44 54
66 44 56
66 44 58
66 44 60
66 44 62
67 44 40
67 44 42
67 44 44
67 44 46
67 44 48
67 44 50
67 44 52
67 44 54
67 44 56
67 44 58
67 44 60
68 44 40
68 44 42
68 44 44
68 44 46
68 44 48
68 44 50
68 44 52
68 44 54
68 44 56
68 44 58
69 44 40
69 44 42
69 44 44
69 44 46
69 44 48
69 44 50
69 44 52
69 44 54
69 44 56
70 44 40
70 44 42
70 44 44
70 44 46
70 44 48
70 44 50
70 44 52
70 44 54
71 44 40
71 44 42
71 44 44
71 44 46
71 44 48
71 44 50
71 44 52
72 44 40
72 44 42
72 44 44
72 44 46
72 44 48
72 44 50
72 44 52
73 44 40
73 44 42
73 44 44
73 44 46
73 44 48
73 44 50
74 44 40
74 44 42
74 44 44
74 44 46
74 44 48
74 44 50
75 44 40
75 44 42
75 44 44
75 44 46
75 44 48
75 44 50
76 44 40
76 44 42
76 44 44
76 44 46
76 44 48
77 44 40
77 44 42
77 44 44
77 44 46
77 44 48
78 44 40
78 44 42
78 44 44
78 44 46
78 44 48
79 44 40
79 44 42
79 44 44
79 44 46
79 44 48
80 44 40
80 44 42
80 44 44
80 44 46
80 44 48
81 44 40
81 44 42
81 44 44
81 44 46
82 44 40
82 44 42
82 44 44
82 44 46
83 44 40
83 44 42
83 44 44
83 44 46
84 44 40
84 44 42
84 44 44
85 44 40
85 44 42
85 44 44
85 45 40
85 45 42
85 45 44
86 45 40
86 45 42
86 45 44
87 45 40
87 45 42
87 45 44
88 45 40
88 45 42
88 45 44
89 45 40
89 45 42
89 45 44
90 45 40
90 45 42
90 45 44
91 45 40
91 45 42
91 45 44
92 45 40
92 45 42
92 45 44
93 45 40
93 45 42
93 45 44
93 45 46
93 44 40
93 44 42
93 44 44
93 44 46
94 44 40
94 44 42
94 44 44
94 44 46
94 43 40
94 43 42
94 43 44
94 43 46
95 43 40
95 43 42
95 43 44
95 43 46
95 42 40
95 42 42
95 42 44
95 42 46
96 42 40
96 42 42
96 42 44
96 42 46
96 41 40
96 41 42
96 41 44
96 41 46
97 41 40
97 41 42
97 41 44
97 41 46
97 40 40
97 40 42
97 40 44
97 40 46
98 40 40
98 40 42
98 40 44
98 40 46
98 40 48
98 39 40
98 39 42
98 39 44
98 39 46
98 39 48
99 39 40
99 39 42
99 39 44
99 39 46
99 39 48
100 39 40
100 39 42
100 39 44
100 39 46
100 39 48
100 38 40
100 38 42
100 38 44
100 38 46
100 38 48
100 37 40
100 37 42
100 37 44
100 37 46
100 37 48
101 37 40
101 37 42
101 37 44
101 37 46
101 37 48
101 37 50
101 36 40
101 36 42
101 36 44
101 36 46
101 36 48
102 36 40
102 36 42
102 36 44
102 36 46
102 36 48
102 36 50
102 35 40
102 35 42
102 35 44
102 35 46
102 35 48
102 35 50
103 35 40
103 35 42
103 35 44
103 35 46
103 35 48
103 35 50
103 34 40
103 34 42
103 34 44
103 34 46
103 34 48
103 34 50
104 34 40
104 34 42
104 34 44
104 34 46
104 34 48
104 34 50
104 33 40
104 33 42
104 33 44
104 33 46
104 33 48
104 33 50
105 33 40
105 33 42
105 33 44
105 33 46
105 33 48
105 33 50
105 32 40
105 32 42
105 32 44
105 32 46
105 32 48
106 32 40
106 32 42
106 32 44
106 32 46
106 32 48
106 31 40
106 31 42
106 31 44
106 31 46
106 31 48
107 31 40
107 31 42
107 31 44
107 31 46
107 31 48
108 31 40
108 31 42
108 31 44
108 31 46
108 31 48
109 31 40
109 31 42
109 31 44
109 31 46
109 31 48
110 31 40
110 31 42
110 31 44
110 31 46
110 31 48
18 179 40
18 179 42
18 179 44
18 179 46
18 180 40
18 180 42
18 180 44
18 180 46
18 181 40
18 181 42
18 181 44
18 181 46
18 182 40
18 182 42
18 182 44
18 182 46
18 183 40
18 183 42
18 183 44
18 183 46
18 184 40
18 184 42
18 184 44
18 185 40
18 185 42
18 185 44
19 185 40
19 185 42
19 185 44
20 185 40
20 185 42
20 185 44
21 185 40
21 185 42
21 185 44
22 185 40
22 185 42
22 185 44
23 185 40
23 185 42
23 185 44
24 185 40
24 185 42
24 185 44
25 185 40
25 185 42
25 185 44
25 185 46
25 186 40
25 186 42
25 186 44
26 186 40
26 186 42
26 186 44
26 187 40
26 187 42
26 187 44
27 187 40
27 187 42
27 187 44
27 188 40
27 188 42
28 188 40
28 188 42
28 188 44
28 189 40
28 189 42
30 189 40
30 189 42
30 189 44
31 189 40
31 189 42
31 189 44
32 189 40
32 189 42
32 189 44
33 189 40
33 189 42
33 189 44
34 189 40
34 189 42
34 189 44
35 189 40
35 189 42
35 189 44
36 189 40
36 189 42
36 189 44
36 189 46
37 189 40
37 189 42
37 189 44
37 189 46
38 189 40
38 189 42
38 189 44
38 189 46
39 189 40
39 189 42
39 189 44
39 189 46
40 189 40
40 189 42
40 189 44
40 189 46
40 189 48
41 189 40
41 189 42
41 189 44
41 189 46
41 189 48
42 189 40
42 189 42
42 189 44
42 189 46
42 189 48
42 189 50
43 189 40
43 189 42
43 189 44
43 189 46
43 189 48
43 189 50
44 189 40
44 189 42
44 189 44
44 189 46
44 189 48
44 189 50
44 189 52
45 189 40
45 189 42
45 189 44
45 189 46
45 189 48
45 189 50
45 189 52
46 189 40
46 189 42
46 189 44
46 189 46
46 189 48
46 189 50
46 189 52
46 189 54
47 189 40
47 189 42
47 189 44
47 189 46
47 189 48
47 189 50
47 189 52
47 189 54
47 189 56
48 189 40
48 189 42
48 189 44
48 189 46
48 189 48
48 189 50
48 189 52
48 189 54
48 189 56
48 189 58
49 189 40
49 189 42
49 189 44
49 189 46
49 189 48
49 189 50
49 189 52
49 189 54
49 189 56
50 189 40
50 189 42
50 189 44
50 189 46
50 189 48
50 189 50
50 189 52
50 189 54
50 189 56
50 189 58
50 189 60
50 189 62
50 189 64
50 189 66
51 189 40
51 189 42
51 189 44
51 189 46
51 189 48
51 189 50
51 189 52
51 189 54
51 189 56
51 189 58
51 189 60
51 189 62
51 189 64
51 189 66
51 189 68
51 189 70
51 189 72
52 189 40
52 189 42
52 189 44
52 189 46
52 189 48
52 189 50
52 189 52
52 189 54
52 189 56
52 189 58
52 189 60
52 189 62
52 189 64
52 189 66
52 189 68
52 189 70
52 189 72
52 189 74
52 189 76
52 189 78
53 189 40
53 189 42
53 189 44
53 189 46
53 189 48
53 189 50
53 189 52
53 189 54
53 189 56
53 189 58
53 189 60
53 189 62
53 189 64
53 189 66
53 189 68
53 189 70
53 189 72
53 189 74
53 189 76
53 189 78
53 189 80
53 189 82
53 189 84
54 189 40
54 189 42
54 189 44
54 189 46
54 189 48
54 189 50
54 189 52
54 189 54
54 189 56
54 189 58
54 189 60
54 189 62
54 189 64
54 189 66
54 189 68
54 189 70
54 189 72
54 189 74
54 189 76
54 189 78
54 189 80
54 189 82
54 189 84
54 189 86
54 189 88
54 189 90
55 189 40
55 189 42
55 189 44
55 189 46
55 189 48
55 189 50
55 189 52
55 189 54
55 189 56
55 189 58
55 189 60
55 189 62
55 189 64
55 189 66
55 189 68
55 189 70
55 189 72
55 189 74
55 189 76
55 189 78
55 189 80
55 189 82
55 189 84
55 189 86
55 189 88
55 189 90
55 189 92
55 189 94
55 189 96
55 189 98
56 189 40
56 189 42
56 189 44
56 189 46
56 189 48
56 189 50
56 189 52
56 189 54
56 189 56
56 189 58
56 189 60
56 189 62
56 189 64
56 189 66
56 189 68
56 189 70
56 189 72
56 189 74
56 189 76
56 189 78
56 189 80
56 189 82
56 189 84
56 189 86
56 189 88
56 189 90
56 189 92
56 189 94
56 189 96
56 189 98
56 189 100
56 189 102
57 189 40
57 189 42
57 189 44
57 189 46
57 189 48
57 189 50
57 189 52
57 189 54
57 189 56
57 189 58
57 189 60
57 189 62
57 189 64
57 189 66
57 189 68
57 189 70
57 189 72
57 189 74
57 189 76
57 189 78
57 189 80
57 189 82
57 189 84
57 189 86
57 189 88
57 189 90
57 189 92
57 189 94
57 189 96
57 189 98
57 189 100
57 189 102
57 189 104
57 189 106
57 189 108
58 189 40
58 189 42
58 189 44
58 189 46
58 189 48
58 189 50
58 189 52
58 189 54
58 189 56
58 189 58
58 189 60
58 189 62
58 189 64
58 189 66
58 189 68
58 189 70
58 189 72
58 189 74
58 189 76
58 189 78
58 189 80
58 189 82
58 189 84
58 189 86
58 189 88
58 189 90
58 189 92
58 189 94
58 189 96
58 189 98
58 189 100
58 189 102
58 189 104
58 189 106
58 189 108
58 189 110
58 189 112
59 189 40
59 189 42
59 189 44
59 189 46
59 189 48
59 189 50
59 189 52
59 189 54
59 189 56
59 189 58
59 189 60
59 189 62
59 189 64
59 189 66
59 189 68
59 189 70
59 189 72
59 189 74
59 189 76
59 189 78
59 189 80
59 189 82
59 189 84
59 189 86
59 189 88
59 189 90
59 189 92
59 189 94
59 189 96
59 189 98
59 189 100
59 189 102
59 189 104
59 189 106
59 189 108
59 189 110
59 189 112
59 189 114
59 189 116
59 189 118
60 189 40
60 189 42
60 189 44
60 189 46
60 189 48
60 189 50
60 189 52
60 189 54
60 189 56
60 189 58
60 189 60
60 189 62
60 189 64
60 189 66
60 189 68
60 189 70
60 189 72
60 189 74
60 189 76
60 189 78
60 189 80
60 189 82
60 189 84
60 189 86
60 189 88
60 189 90
60 189 92
60 189 94
60 189 96
60 189 98
60 189 100
60 189 102
60 189 104
60 189 106
60 189 108
60 189 110
60 189 112
60 189 114
60 189 116
60 189 118
60 189 120
61 189 40
61 189 42
61 189 44
61 189 46
61 189 48
61 189 50
61 189 52
61 189 54
61 189 56
61 189 58
61 189 60
61 189 62
61 189 64
61 189 66
61 189 68
61 189 70
61 189 72
61 189 74
61 189 76
61 189 78
61 189 80
61 189 82
61 189 84
61 189 86
61 189 88
61 189 90
61 189 92
61 189 94
61 189 96
61 189 98
61 189 100
61 189 102
61 189 104
61 189 106
61 189 108
61 189 110
61 189 112
61 189 114
61 189 116
61 189 118
61 189 120
61 189 122
62 189 40
62 189 42
62 189 44
62 189 46
62 189 48
62 189 50
62 189 52
62 189 54
62 189 56
62 189 58
62 189 60
62 189 62
62 189 64
62 189 66
62 189 68
62 189 70
62 189 72
62 189 74
62 189 76
62 189 78
62 189 80
62 189 82
62 189 84
62 189 86
62 189 88
62 189 90
62 189 92
62 189 94
62 189 96
62 189 98
62 189 100
62 189 102
62 189 104
62 189 106
62 189 108
62 189 110
62 189 112
62 189 114
62 189 116
62 189 118
62 189 120
62 189 122
62 189 124
63 189 40
63 189 42
63 189 44
63 189 46
63 189 48
63 189 50
63 189 52
63 189 54
63 189 56
63 189 58
63 189 60
63 189 62
63 189 64
63 189 66
63 189 68
63 189 70
63 189 72
63 189 74
63 189 76
63 189 78
63 189 80
63 189 82
63 189 84
63 189 86
63 189 88
63 189 90
63 189 92
63 189 94
63 189 96
63 189 98
63 189 100
63 189 102
63 189 104
63 189 106
63 189 108
63 189 110
63 189 112
63 189 114
63 189 116
63 189 118
63 189 120
63 189 122
63 189 124
63 189 126
64 189 40
64 189 42
64 189 44
64 189 46
64 189 48
64 189 50
64 189 52
64 189 54
64 189 56
64 189 58
64 189 60
64 189 62
64 189 64
64 189 66
64 189 68
64 189 70
64 189 72
64 189 74
64 189 76
64 189 78
64 189 80
64 189 82
64 189 84
64 189 86
64 189 88
64 189 90
64 189 92
64 189 94
64 189 96
64 189 98
64 189 100
64 189 102
64 189 104
64 189 106
64 189 108
64 189 110
64 189 112
64 189 114
64 189 116
64 189 118
64 189 120
64 189 122
64 189 124
64 189 126
65 189 40
65 189 42
65 189 44
65 189 46
65 189 48
65 189 50
65 189 52
65 189 54
65 189 56
65 189 58
65 189 60
65 189 62
65 189 64
65 189 66
65 189 68
65 189 70
65 189 72
65 189 74
65 189 76
65 189 78
65 189 80
65 189 82
65 189 84
65 189 86
65 189 88
65 189 90
65 189 92
65 189 94
65 189 96
65 189 98
65 189 100
65 189 102
65 189 104
65 189 106
65 189 108
65 189 110
65 189 112
65 189 114
65 189 116
65 189 118
65 189 120
65 189 122
65 189 124
65 189 126
66 189 40
66 189 42
66 189 44
66 189 46
66 189 48
66 189 50
66 189 52
66 189 54
66 189 56
66 189 58
66 189 60
66 189 62
66 189 64
66 189 66
66 189 68
66 189 70
66 189 72
66 189 74
66 189 76
66 189 78
66 189 80
66 189 82
66 189 84
66 189 86
66 189 88
66 189 90
66 189 92
66 189 94
66 189 96
66 189 98
66 189 100
66 189 102
66 189 104
66 189 106
66 189 108
66 189 110
66 189 112
66 189 114
66 189 116
66 189 118
66 189 120
66 189 122
66 189 124
66 189 126
67 189 40
67 189 42
67 189 44
67 189 46
67 189 48
67 189 50
67 189 52
67 189 54
67 189 56
67 189 58
67 189 60
67 189 62
67 189 64
67 189 66
67 189 68
67 189 70
67 189 72
67 189 74
67 189 76
67 189 78
67 189 80
67 189 82
67 189 84
67 189 86
67 189 88
67 189 90
67 189 92
67 189 94
67 189 96
67 189 98
67 189 100
67 189 102
67 189 104
67 189 106
67 189 108
67 189 110
67 189 112
67 189 114
67 189 116
67 189 118
67 189 120
67 189 122
67 189 124
67 189 126
68 189 40
68 189 42
68 189 44
68 189 46
68 189 48
68 189 50
68 189 52
68 189 54
68 189 56
68 189 58
68 189 60
68 189 62
68 189 64
68 189 66
68 189 68
68 189 70
68 189 72
68 189 74
68 189 76
68 189 78
68 189 80
68 189 82
68 189 84
68 189 86
68 189 88
68 189 90
68 189 92
68 189 94
68 189 96
68 189 98
68 189 100
68 189 102
68 189 104
68 189 106
68 189 108
68 189 110
68 189 112
68 189 114
68 189 116
68 189 118
68 189 120
68 189 122
68 189 124
68 189 126
69 189 40
69 189 42
69 189 44
69 189 46
69 189 48
69 189 50
69 189 52
69 189 54
69 189 56
69 189 58
69 189 60
69 189 62
69 189 64
69 189 66
69 189 68
69 189 70
69 189 72
69 189 74
69 189 76
69 189 78
69 189 80
69 189 82
69 189 84
69 189 86
69 189 88
69 189 90
69 189 92
69 189 94
69 189 96
69 189 98
69 189 100
69 189 102
69 189 104
69 189 106
69 189 108
69 189 110
69 189 112
69 189 114
69 189 116
69 189 118
69 189 120
69 189 122
70 189 40
70 189 42
70 189 44
70 189 46
70 189 48
70 189 50
70 189 52
70 189 54
70 189 56
70 189 58
70 189 60
70 189 62
70 189 64
70 189 66
70 189 68
70 189 70
70 189 72
70 189 74
70 189 76
70 189 78
70 189 80
70 189 82
70 189 84
70 189 86
70 189 88
70 189 90
70 189 92
70 189 94
70 189 96
70 189 98
70 189 100
70 189 102
70 189 104
70 189 106
70 189 108
70 189 110
70 189 112
70 189 114
70 189 116
70 189 118
70 189 120
70 189 122
70 189 124
70 189 126
71 189 40
71 189 42
71 189 44
71 189 46
71 189 48
71 189 50
71 189 52
71 189 54
71 189 56
71 189 58
71 189 60
71 189 62
71 189 64
71 189 66
71 189 68
71 189 70
71 189 72
71 189 74
71 189 76
71 189 78
71 189 80
71 189 82
71 189 84
71 189 86
71 189 88
71 189 90
71 189 92
71 189 94
71 189 96
71 189 98
71 189 100
71 189 102
71 189 104
71 189 106
71 189 108
71 189 110
71 189 112
71 189 114
71 189 116
71 189 118
71 189 120
71 189 122
71 189 124
71 189 126
72 189 40
72 189 42
72 189 44
72 189 46
72 189 48
72 189 50
72 189 52
72 189 54
72 189 56
72 189 58
72 189 60
72 189 62
72 189 64
72 189 66
72 189 68
72 189 70
72 189 72
72 189 74
72 189 76
72 189 78
72 189 80
72 189 82
72 189 84
72 189 86
72 189 88
72 189 90
72 189 92
72 189 94
72 189 96
72 189 98
72 189 100
72 189 102
72 189 104
72 189 106
72 189 108
72 189 110
72 189 112
72 189 114
72 189 116
72 189 118
72 189 120
72 189 122
72 189 124
72 189 126
73 189 40
73 189 42
73 189 44
73 189 46
73 189 48
73 189 50
73 189 52
73 189 54
73 189 56
73 189 58
73 189 60
73 189 62
73 189 64
73 189 66
73 189 68
73 189 70
73 189 72
73 189 74
73 189 76
73 189 78
73 189 80
73 189 82
73 189 84
73 189 86
73 189 88
73 189 90
73 189 92
73 189 94
73 189 96
73 189 98
73 189 100
73 189 102
73 189 104
73 189 106
73 189 108
73 189 110
73 189 112
73 189 114
73 189 116
73 189 118
73 189 120
73 189 122
73 189 124
73 189 126
74 189 40
74 189 42
74 189 44
74 189 46
74 189 48
74 189 50
74 189 52
74 189 54
74 189 56
74 189 58
74 189 60
74 189 62
74 189 64
74 189 66
74 189 68
74 189 70
74 189 72
74 189 74
74 189 76
74 189 78
74 189 80
74 189 82
74 189 84
74 189 86
74 189 88
74 189 90
74 189 92
74 189 94
74 189 96
74 189 98
74 189 100
74 189 102
74 189 104
74 189 106
74 189 108
74 189 110
74 189 112
74 189 114
74 189 116
74 189 118
74 189 120
74 189 122
74 189 124
74 189 126
75 189 40
75 189 42
75 189 44
75 189 46
75 189 48
75 189 50
75 189 52
75 189 54
75 189 56
75 189 58
75 189 60
75 189 62
75 189 64
75 189 66
75 189 68
75 189 70
75 189 72
75 189 74
75 189 76
75 189 78
75 189 80
75 189 82
75 189 84
75 189 86
75 189 88
75 189 90
75 189 92
75 189 94
75 189 96
75 189 98
75 189 100
75 189 102
75 189 104
75 189 106
75 189 108
75 189 110
75 189 112
75 189 114
75 189 116
75 189 118
75 189 120
75 189 122
75 189 124
75 189 126
76 189 40
76 189 42
76 189 44
76 189 46
76 189 48
76 189 50
76 189 52
76 189 54
76 189 56
76 189 58
76 189 60
76 189 62
76 189 64
76 189 66
76 189 68
76 189 70
76 189 72
76 189 74
76 189 76
76 189 78
76 189 80
76 189 82
76 189 84
76 189 86
76 189 88
76 189 90
76 189 92
76 189 94
76 189 96
76 189 98
76 189 100
76 189 102
76 189 104
76 189 106
76 189 108
76 189 110
76 189 112
76 189 114
76 189 116
76 189 118
76 189 120
76 189 122
76 189 124
76 189 126
77 189 40
77 189 42
77 189 44
77 189 46
77 189 48
77 189 50
77 189 52
77 189 54
77 189 56
77 189 58
77 189 60
77 189 62
77 189 64
77 189 66
77 189 68
77 189 70
77 189 72
77 189 74
77 189 76
77 189 78
77 189 80
77 189 82
77 189 84
77 189 86
77 189 88
77 189 90
77 189 92
77 189 94
77 189 96
77 189 98
77 189 100
77 189 102
77 189 104
77 189 106
77 189 108
77 189 110
77 189 112
77 189 114
77 189 116
77 189 118
77 189 120
77 189 122
77 189 124
78 189 40
78 189 42
78 189 44
78 189 46
78 189 48
78 189 50
78 189 52
78 189 54
78 189 56
78 189 58
78 189 60
78 189 62
78 189 64
78 189 66
78 189 68
78 189 70
78 189 72
78 189 74
78 189 76
78 189 78
78 189 80
78 189 82
78 189 84
78 189 86
78 189 88
78 189 90
78 189 92
78 189 94
78 189 96
78 189 98
78 189 100
78 189 102
78 189 104
78 189 106
78 189 108
78 189 110
78 189 112
78 189 114
78 189 116
78 189 118
78 189 120
78 189 122
79 189 40
79 189 42
79 189 44
79 189 46
79 189 48
79 189 50
79 189 52
79 189 54
79 189 56
79 189 58
79 189 60
79 189 62
79 189 64
79 189 66
79 189 68
79 189 70
79 189 72
79 189 74
79 189 76
79 189 78
79 189 80
79 189 82
79 189 84
79 189 86
79 189 88
79 189 90
79 189 92
79 189 94
79 189 96
79 189 98
79 189 100
79 189 102
79 189 104
79 189 106
79 189 108
79 189 110
79 189 112
79 189 114
79 189 116
79 189 118
79 189 120
80 189 40
80 189 42
80 189 44
80 189 46
80 189 48
80 189 50
80 189 52
80 189 54
80 189 56
80 189 58
80 189 60
80 189 62
80 189 64
80 189 66
80 189 68
80 189 70
80 189 72
80 189 74
80 189 76
80 189 78
80 189 80
80 189 82
80 189 84
80 189 86
80 189 88
80 189 90
80 189 92
80 189 94
80 189 96
80 189 98
80 189 100
80 189 102
80 189 104
80 189 106
80 189 108
80 189 110
80 189 112
80 189 114
80 189 116
80 189 118
81 189 40
81 189 42
81 189 44
81 189 46
81 189 48
81 189 50
81 189 52
81 189 54
81 189 56
81 189 58
81 189 60
81 189 62
81 189 64
81 189 66
81 189 68
81 189 70
81 189 72
81 189 74
81 189 76
81 189 78
81 189 80
81 189 82
81 189 84
81 189 86
81 189 88
81 189 90
81 189 92
81 189 94
81 189 96
81 189 98
81 189 100
81 189 102
81 189 104
81 189 106
81 189 108
81 189 110
81 189 112
81 189 114
82 189 40
82 189 42
82 189 44
82 189 46
82 189 48
82 189 50
82 189 52
82 189 54
82 189 56
82 189 58
82 189 60
82 189 62
82 189 64
82 189 66
82 189 68
82 189 70
82 189 72
82 189 74
82 189 76
82 189 78
82 189 80
82 189 82
82 189 84
82 189 86
82 189 88
82 189 90
82 189 92
82 189 94
82 189 96
82 189 98
82 189 100
82 189 102
82 189 104
82 189 106
82 189 108
82 189 110
83 189 40
83 189 42
83 189 44
83 189 46
83 189 48
83 189 50
83 189 52
83 189 54
83 189 56
83 189 58
83 189 60
83 189 62
83 189 64
83 189 66
83 189 68
83 189 70
83 189 72
83 189 74
83 189 76
83 189 78
83 189 80
83 189 82
83 189 84
83 189 86
83 189 88
83 189 90
83 189 92
83 189 94
83 189 96
83 189 98
83 189 100
83 189 102
83 189 104
83 189 106
84 189 40
84 189 42
84 189 44
84 189 46
84 189 48
84 189 50
84 189 52
84 189 54
84 189 56
84 189 58
84 189 60
84 189 62
84 189 64
84 189 66
84 189 68
84 189 70
84 189 72
84 189 74
84 189 76
84 189 78
84 189 80
84 189 82
84 189 84
84 189 86
84 189 88
84 189 90
84 189 92
84 189 94
84 189 96
84 189 98
84 189 100
84 189 102
85 189 40
85 189 42
85 189 44
85 189 46
85 189 48
85 189 50
85 189 52
85 189 54
85 189 56
85 189 58
85 189 60
85 189 62
85 189 64
85 189 66
85 189 68
85 189 70
85 189 72
85 189 74
85 189 76
85 189 78
85 189 80
85 189 82
85 189 84
85 189 86
85 189 88
85 189 90
85 189 92
85 189 94
85 189 96
85 189 98
86 189 40
86 189 42
86 189 44
86 189 46
86 189 48
86 189 50
86 189 52
86 189 54
86 189 56
86 189 58
86 189 60
86 189 62
86 189 64
86 189 66
86 189 68
86 189 70
86 189 72
86 189 74
86 189 76
86 189 78
86 189 80
86 189 82
86 189 84
86 189 86
86 189 88
86 189 90
86 189 92
86 189 94
86 189 96
87 189 40
87 189 42
87 189 44
87 189 46
87 189 48
87 189 50
87 189 52
87 189 54
87 189 56
87 189 58
87 189 60
87 189 62
87 189 64
87 189 66
87 189 68
87 189 70
87 189 72
87 189 74
87 189 76
87 189 78
87 189 80
87 189 82
87 189 84
87 189 86
87 189 88
87 189 90
87 189 92
88 189 40
88 189 42
88 189 44
88 189 46
88 189 48
88 189 50
88 189 52
88 189 54
88 189 56
88 189 58
88 189 60
88 189 62
88 189 64
88 189 66
88 189 68
88 189 70
88 189 72
88 189 74
88 189 76
88 189 78
88 189 80
88 189 82
88 189 84
88 189 86
88 189 88
88 189 90
89 189 40
89 189 42
89 189 44
89 189 46
89 189 48
89 189 50
89 189 52
89 189 54
89 189 56
89 189 58
89 189 60
89 189 62
89 189 64
89 189 66
89 189 68
89 189 70
89 189 72
89 189 74
89 189 76
89 189 78
89 189 80
89 189 82
90 189 40
90 189 42
90 189 44
90 189 46
90 189 48
90 189 50
90 189 52
90 189 54
90 189 56
90 189 58
90 189 60
90 189 62
90 189 64
90 189 66
90 189 68
90 189 70
90 189 72
90 189 74
90 189 76
90 189 78
90 189 80
90 189 82
90 189 84
91 189 40
91 189 42
91 189 44
91 189 46
91 189 48
91 189 50
91 189 52
91 189 54
91 189 56
91 189 58
91 189 60
91 189 62
91 189 64
91 189 66
91 189 68
91 189 70
91 189 72
91 189 74
91 189 76
91 189 78
91 189 80
91 189 82
91 189 84
92 189 40
92 189 42
92 189 44
92 189 46
92 189 48
92 189 50
92 189 52
92 189 54
92 189 56
92 189 58
92 189 60
92 189 62
92 189 64
92 189 66
92 189 68
92 189 70
92 189 72
92 189 74
92 189 76
92 189 78
92 189 80
92 189 82
93 189 40
93 189 42
93 189 44
93 189 46
93 189 48
93 189 50
93 189 52
93 189 54
93 189 56
93 189 58
93 189 60
93 189 62
93 189 64
93 189 66
93 189 68
93 189 70
93 189 72
93 189 74
93 189 76
93 189 78
93 189 80
94 189 40
94 189 42
94 189 44
94 189 46
94 189 48
94 189 50
94 189 52
94 189 54
94 189 56
94 189 58
94 189 60
94 189 62
94 189 64
94 189 66
94 189 68
94 189 70
94 189 72
94 189 74
94 189 76
95 189 40
95 189 42
95 189 44
95 189 46
95 189 48
95 189 50
95 189 52
95 189 54
95 189 56
95 189 58
95 189 60
95 189 62
95 189 64
95 189 66
95 189 68
95 189 70
95 189 72
95 189 74
96 189 40
96 189 42
96 189 44
96 189 46
96 189 48
96 189 50
96 189 52
96 189 54
96 189 56
96 189 58
96 189 60
96 189 62
96 189 64
96 189 66
96 189 68
96 189 70
97 189 40
97 189 42
97 189 44
97 189 46
97 189 48
97 189 50
97 189 52
97 189 54
97 189 56
97 189 58
97 189 60
97 189 62
97 189 64
97 189 66
98 189 40
98 189 42
98 189 44
98 189 46
98 189 48
98 189 50
98 189 52
98 189 54
98 189 56
98 189 58
98 189 60
98 189 62
99 189 40
99 189 42
99 189 44
99 189 46
99 189 48
99 189 50
99 189 52
99 189 54
99 189 56
100 189 40
100 189 42
100 189 44
100 189 46
100 189 48
100 189 50
100 189 52
100 189 54
101 189 40
101 189 42
101 189 44
101 189 46
101 189 48
101 189 50
102 189 40
102 189 42
102 189 44
102 189 46
102 189 48
103 189 40
103 189 42
103 189 44
103 189 46
104 189 40
104 189 42
104 189 44
105 189 40
105 189 42
105 189 44
106 189 40
106 189 42
107 189 40
107 189 42
108 189 40
108 189 42
110 189 40
110 189 42
111 189 40
112 189 40
113 189 40
114 189 40
115 189 40
116 189 40
117 189 40
118 189 40
119 189 40
120 189 40
121 189 40
122 189 40
123 189 40
124 189 40
125 189 40
126 189 40
127 189 40
128 189 40
128 189 42
129 188 40
129 188 42
129 187 40
129 187 42
129 186 40
129 186 42
129 185 40
129 185 42
129 184 40
129 184 42
129 183 40
129 182 40
129 181 40
129 180 40
129 179 40
129 178 40
129 177 40
129 176 40
129 175 40
129 174 40
129 173 40
129 172 40
129 171 40
129 170 40
129 168 40
128 168 40
128 167 40
127 167 40
127 166 40
