9 9 100
9 29 100
9 49 100
9 69 100
9 89 100
9 109 100
9 129 100
9 149 100
9 169 100
9 189 100
29 9 100
29 29 100
29 49 100
29 69 100
29 89 100
29 109 100
29 129 100
29 149 100
29 169 100
29 189 100
49 9 100
49 29 100
49 49 100
49 69 100
49 89 100
49 109 100
49 129 100
49 149 100
49 169 100
49 189 100
69 9 100
69 29 100
69 49 100
69 69 100
69 89 100
69 109 100
69 129 100
69 149 100
69 169 100
69 189 100
89 9 100
89 29 100
89 49 100
89 69 100
89 89 100
89 109 100
89 129 100
89 149 100
89 169 100
89 189 100
109 9 100
109 29 100
109 49 100
109 69 100
109 89 100
109 109 100
109 129 100
109 149 100
109 169 100
109 189 100
129 9 100
129 29 100
129 49 100
129 69 100
129 89 100
129 109 100
129 129 100
129 149 100
129 169 100
129 189 100
149 9 100
149 29 100
149 49 100
149 69 100
149 89 100
149 109 100
149 129 100
149 149 100
149 169 100
149 189 100
169 9 100
169 29 100
169 49 100
169 69 100
169 89 100
169 109 100
169 129 100
169 149 100
169 169 100
169 189 100
189 9 100
189 29 100
189 49 100
189 69 100
189 89 100
189 109 100
189 129 100
189 149 100
189 169 100
189 189 100
9 9 100
9 29 100
9 49 100
9 89 100
9 109 100
9 149 100
9 189 100
29 9 100
29 49 100
29 69 100
29 89 100
29 109 100
29 129 100
29 149 100
29 169 100
29 189 100
49 9 100
49 29 100
49 49 100
49 89 100
49 129 100
49 169 100
49 189 100
69 9 100
69 29 100
69 49 100
69 89 100
69 109 100
69 129 100
69 149 100
69 169 100
69 189 100
89 9 100
89 29 100
89 49 100
89 69 100
89 109 100
89 129 100
89 149 100
89 169 100
89 189 100
109 109 100
109 129 100
109 149 100
109 189 100
129 9 100
129 29 100
129 49 100
129 89 100
129 129 100
129 169 100
149 9 100
149 29 100
149 69 100
149 89 100
149 109 100
149 129 100
149 149 100
149 169 100
149 189 100
169 29 100
169 69 100
169 89 100
169 109 100
169 149 100
169 169 100
169 189 100
189 9 100
189 49 100
189 69 100
189 89 100
189 109 100
189 129 100
189 149 100
189 169 100
189 189 100
127 136 40
127 136 41
172 81 40
172 81 41
172 81 42
172 81 43
172 81 44
172 81 45
172 81 46
172 81 47
2 122 40
156 176 40
156 176 41
156 176 42
156 176 43
156 176 44
156 176 45
156 176 46
156 176 47
156 176 48
156 176 49
156 176 50
156 176 51
156 176 52
156 176 53
143 194 40
143 194 41
18 36 40
58 97 40
45 48 40
45 48 41
45 48 42
45 48 43
45 48 44
45 48 45
45 48 46
186 103 40
186 103 41
98 10 40
113 31 40
86 90 40
113 60 40
124 105 40
124 105 41
124 105 42
124 105 43
113 61 40
113 62 40
113 63 40
113 64 40
113 65 40
113 66 40
113 67 40
113 68 40
114 68 40
115 68 40
116 68 40
117 68 40
118 68 40
119 68 40
120 68 40
121 68 40
122 68 40
123 68 40
124 68 40
125 68 40
126 68 40
127 68 40
127 68 41
128 68 40
128 68 41
128 69 40
128 69 41
130 69 40
130 69 41
130 69 42
131 69 40
131 69 41
131 69 42
132 69 40
132 69 41
132 69 42
132 69 43
133 69 40
133 69 41
133 69 42
133 69 43
133 69 44
134 69 40
134 69 41
134 69 42
134 69 43
134 69 44
134 69 45
135 69 40
135 69 41
135 69 42
135 69 43
135 69 44
135 69 45
136 69 40
136 69 41
136 69 42
136 69 43
136 69 44
136 69 45
136 69 46
137 69 40
137 69 41
137 69 42
137 69 43
137 69 44
137 69 45
137 69 46
138 69 40
138 69 41
138 69 42
138 69 43
138 69 44
138 69 45
138 69 46
139 69 40
139 69 41
139 69 42
139 69 43
139 69 44
139 69 45
140 69 40
140 69 41
140 69 42
140 69 43
140 69 44
140 69 45
141 69 40
141 69 41
141 69 42
141 69 43
141 69 44
141 69 45
142 69 40
142 69 41
142 69 42
142 69 43
142 69 44
143 69 40
143 69 41
143 69 42
143 69 43
143 69 44
144 69 40
144 69 41
144 69 42
144 69 43
144 69 44
145 69 40
145 69 41
145 69 42
145 69 43
145 69 44
146 69 40
146 69 41
146 69 42
146 69 43
146 69 44
147 69 40
147 69 41
147 69 42
147 69 43
147 69 44
148 69 40
148 69 41
148 69 42
148 69 43
148 69 44
150 69 40
150 69 41
150 69 42
150 69 43
151 69 40
151 69 41
151 69 42
151 69 43
152 69 40
152 69 41
152 69 42
152 69 43
153 69 40
153 69 41
153 69 42
153 69 43
154 69 40
154 69 41
154 69 42
154 69 43
155 69 40
155 69 41
155 69 42
156 69 40
156 69 41
156 69 42
157 69 40
157 69 41
157 69 42
158 69 40
158 69 41
159 69 40
159 69 41
160 69 40
160 69 41
161 69 40
161 69 41
162 69 40
162 69 41
163 69 40
163 69 41
164 69 40
164 69 41
165 69 40
165 69 41
166 69 40
166 69 41
167 69 40
167 69 41
168 69 40
168 69 41
168 69 42
170 69 40
170 69 41
170 69 42
170 69 43
170 70 40
170 70 41
170 70 42
170 70 43
171 70 40
171 70 41
171 70 42
171 70 43
171 70 44
171 71 40
171 71 41
171 71 42
171 71 43
172 71 40
172 71 41
172 71 42
172 71 43
172 71 44
172 71 45
172 72 40
172 72 41
172 72 42
172 72 43
172 72 44
172 73 40
172 73 41
172 73 42
172 73 43
172 73 44
172 74 40
172 74 41
172 74 42
172 74 43
172 75 40
172 75 41
172 75 42
172 75 43
172 76 40
172 76 41
172 76 42
172 76 43
172 77 40
172 77 41
172 77 42
172 77 43
172 77 44
172 78 40
172 78 41
172 78 42
172 78 43
172 78 44
172 79 40
172 79 41
172 79 42
172 79 43
172 79 44
172 79 45
172 80 40
172 80 41
172 80 42
172 80 43
172 80 44
172 80 45
112 31 40
111 31 40
110 31 40
109 31 40
109 32 40
109 33 40
109 34 40
109 35 40
109 36 40
109 37 40
109 38 40
109 39 40
109 40 40
109 41 40
109 42 40
109 43 40
109 44 40
109 45 40
109 46 40
109 47 40
109 48 40
109 50 40
110 50 40
110 51 40
111 51 40
111 52 40
112 52 40
112 53 40
112 54 40
113 54 40
113 55 40
113 56 40
113 57 40
113 58 40
113 59 40
99 10 40
100 10 40
101 10 40
102 10 40
103 10 40
104 10 40
105 10 40
106 10 40
107 10 40
108 10 40
109 10 40
109 11 40
109 12 40
109 13 40
109 14 40
109 15 40
109 16 40
109 17 40
109 18 40
109 19 40
109 20 40
109 21 40
109 22 40
109 23 40
109 24 40
109 25 40
109 26 40
109 27 40
109 28 40
109 30 40
87 90 40
88 90 40
89 90 40
90 89 40
91 89 40
92 89 40
93 89 40
94 89 40
95 89 40
96 89 40
97 89 40
98 89 40
99 89 40
100 89 40
100 89 41
101 89 40
101 89 41
102 89 40
102 89 41
103 89 40
103 89 41
104 89 40
104 89 41
105 89 40
105 89 41
106 89 40
106 89 41
107 89 40
107 89 41
107 89 42
108 89 40
108 89 41
108 89 42
109 88 40
109 88 41
109 88 42
109 87 40
109 87 41
109 87 42
109 87 43
109 86 40
109 86 41
109 86 42
109 86 43
109 86 44
109 85 40
109 85 41
109 85 42
109 85 43
109 85 44
109 85 45
109 84 40
109 84 41
109 84 42
109 84 43
109 84 44
109 84 45
109 84 46
109 83 40
109 83 41
109 83 42
109 83 43
109 83 44
109 83 45
109 83 46
109 82 40
109 82 41
109 82 42
109 82 43
109 82 44
109 82 45
109 82 46
109 82 47
109 81 40
109 81 41
109 81 42
109 81 43
109 81 44
109 81 45
109 81 46
109 81 47
109 80 40
109 80 41
109 80 42
109 80 43
109 80 44
109 80 45
109 80 46
109 80 47
109 80 48
109 79 40
109 79 41
109 79 42
109 79 43
109 79 44
109 79 45
109 79 46
109 79 47
109 79 48
109 78 40
109 78 41
109 78 42
109 78 43
109 78 44
109 78 45
109 78 46
109 78 47
109 78 48
109 77 40
109 77 41
109 77 42
109 77 43
109 77 44
109 77 45
109 77 46
109 77 47
109 77 48
109 76 40
109 76 41
109 76 42
109 76 43
109 76 44
109 76 45
109 76 46
109 76 47
109 76 48
109 75 40
109 75 41
109 75 42
109 75 43
109 75 44
109 75 45
109 75 46
109 75 47
109 75 48
109 74 40
109 74 41
109 74 42
109 74 43
109 74 44
109 74 45
109 74 46
109 74 47
109 73 40
109 73 41
109 73 42
109 73 43
109 73 44
109 73 45
109 73 46
109 72 40
109 72 41
109 72 42
109 72 43
109 72 44
109 72 45
109 71 40
109 71 41
109 71 42
109 71 43
109 71 44
109 70 40
109 70 41
109 70 42
109 70 43
110 69 40
110 69 41
110 68 40
111 68 40
112 68 40
124 104 40
124 104 41
124 104 42
124 104 43
123 104 40
123 104 41
123 104 42
123 104 43
123 104 44
123 103 40
123 103 41
123 103 42
123 103 43
123 102 40
123 102 41
123 102 42
123 102 43
122 102 40
122 102 41
122 102 42
122 102 43
122 102 44
122 101 40
122 101 41
122 101 42
122 101 43
122 101 44
121 101 40
121 101 41
121 101 42
121 101 43
121 101 44
121 100 40
121 100 41
121 100 42
121 100 43
121 100 44
120 100 40
120 100 41
120 100 42
120 100 43
120 100 44
120 100 45
120 99 40
120 99 41
120 99 42
120 99 43
120 99 44
120 99 45
119 99 40
119 99 41
119 99 42
119 99 43
119 99 44
119 99 45
118 99 40
118 99 41
118 99 42
118 99 43
118 99 44
118 99 45
118 98 40
118 98 41
118 98 42
118 98 43
118 98 44
118 98 45
117 98 40
117 98 41
117 98 42
117 98 43
117 98 44
117 98 45
117 97 40
117 97 41
117 97 42
117 97 43
117 97 44
117 97 45
116 97 40
116 97 41
116 97 42
116 97 43
116 97 44
116 96 40
116 96 41
116 96 42
116 96 43
116 96 44
115 96 40
115 96 41
115 96 42
115 96 43
115 96 44
115 95 40
115 95 41
115 95 42
115 95 43
114 95 40
114 95 41
114 95 42
114 95 43
114 94 40
114 94 41
114 94 42
114 94 43
113 94 40
113 94 41
113 94 42
113 93 40
113 93 41
113 93 42
112 93 40
112 93 41
112 93 42
112 92 40
112 92 41
112 92 42
111 92 40
111 92 41
111 91 40
111 91 41
110 91 40
110 91 41
110 90 40
110 90 41
109 90 40
109 90 41
142 194 40
141 194 40
140 194 40
139 194 40
138 194 40
137 194 40
136 194 40
135 194 40
134 194 40
133 194 40
133 193 40
132 193 40
132 192 40
131 192 40
131 191 40
131 190 40
131 189 40
131 188 40
131 187 40
132 187 40
132 186 40
132 185 40
133 185 40
134 185 40
134 184 40
135 184 40
135 183 40
136 183 40
136 182 40
136 182 41
136 181 40
136 181 41
137 181 40
137 181 41
138 181 40
138 181 41
138 180 40
138 180 41
138 180 42
139 180 40
139 180 41
139 180 42
139 179 40
139 179 41
139 179 42
140 179 40
140 179 41
140 179 42
140 179 43
140 178 40
140 178 41
140 178 42
140 178 43
140 177 40
140 177 41
140 177 42
140 177 43
140 177 44
141 177 40
141 177 41
141 177 42
141 177 43
141 177 44
141 176 40
141 176 41
141 176 42
141 176 43
141 176 44
141 176 45
142 176 40
142 176 41
142 176 42
142 176 43
142 176 44
142 176 45
142 176 46
143 176 40
143 176 41
143 176 42
143 176 43
143 176 44
143 176 45
143 176 46
143 175 40
143 175 41
143 175 42
143 175 43
143 175 44
143 175 45
143 175 46
143 174 40
143 174 41
143 174 42
143 174 43
143 174 44
143 174 45
143 174 46
143 174 47
144 174 40
144 174 41
144 174 42
144 174 43
144 174 44
144 174 45
144 174 46
144 174 47
144 173 40
144 173 41
144 173 42
144 173 43
144 173 44
144 173 45
144 173 46
144 173 47
145 173 40
145 173 41
145 173 42
145 173 43
145 173 44
145 173 45
145 173 46
145 173 47
146 173 40
146 173 41
146 173 42
146 173 43
146 173 44
146 173 45
146 173 46
146 173 47
147 173 40
147 173 41
147 173 42
147 173 43
147 173 44
147 173 45
147 173 46
147 173 47
148 173 40
148 173 41
148 173 42
148 173 43
148 173 44
148 173 45
148 173 46
148 173 47
149 173 40
149 173 41
149 173 42
149 173 43
149 173 44
149 173 45
149 173 46
149 173 47
150 173 40
150 173 41
150 173 42
150 173 43
150 173 44
150 173 45
150 173 46
150 173 47
151 173 40
151 173 41
151 173 42
151 173 43
151 173 44
151 173 45
151 173 46
151 173 47
152 173 40
152 173 41
152 173 42
152 173 43
152 173 44
152 173 45
152 173 46
153 173 40
153 173 41
153 173 42
153 173 43
153 173 44
153 173 45
153 173 46
154 173 40
154 173 41
154 173 42
154 173 43
154 173 44
154 173 45
154 173 46
154 173 47
154 174 40
154 174 41
154 174 42
154 174 43
154 174 44
154 174 45
154 174 46
154 174 47
154 174 48
155 174 40
155 174 41
155 174 42
155 174 43
155 174 44
155 174 45
155 174 46
155 174 47
155 174 48
155 174 49
155 175 40
155 175 41
155 175 42
155 175 43
155 175 44
155 175 45
155 175 46
155 175 47
155 175 48
155 175 49
155 175 50
155 175 51
156 175 40
156 175 41
156 175 42
156 175 43
156 175 44
156 175 45
156 175 46
156 175 47
156 175 48
156 175 49
156 175 50
156 175 51
156 175 52
45 49 40
45 49 41
45 49 42
45 49 43
45 49 44
45 49 45
45 49 46
45 50 40
45 50 41
45 50 42
45 50 43
45 50 44
45 50 45
45 51 40
45 51 41
45 51 42
45 51 43
45 51 44
45 52 40
45 52 41
45 52 42
45 52 43
45 53 40
45 53 41
45 53 42
45 54 40
45 54 41
45 54 42
45 55 40
45 55 41
45 56 40
45 56 41
45 57 40
45 58 40
45 59 40
45 60 40
45 61 40
45 62 40
45 63 40
45 64 40
45 65 40
45 66 40
46 66 40
46 67 40
47 67 40
47 68 40
48 68 40
48 69 40
50 69 40
51 69 40
52 69 40
53 69 40
54 69 40
55 69 40
56 69 40
57 69 40
58 69 40
59 69 40
60 69 40
61 69 40
62 69 40
63 69 40
64 69 40
65 69 40
66 69 40
67 69 40
68 69 40
69 70 40
69 70 41
70 70 40
70 70 41
70 71 40
70 71 41
71 71 40
71 71 41
71 71 42
71 72 40
71 72 41
71 72 42
71 72 43
72 72 40
72 72 41
72 72 42
72 72 43
72 73 40
72 73 41
72 73 42
72 73 43
72 73 44
72 73 45
73 73 40
73 73 41
73 73 42
73 73 43
73 73 44
73 73 45
73 74 40
73 74 41
73 74 42
73 74 43
73 74 44
73 74 45
73 74 46
73 74 47
74 74 40
74 74 41
74 74 42
74 74 43
74 74 44
74 74 45
74 74 46
74 74 47
74 74 48
75 74 40
75 74 41
75 74 42
75 74 43
75 74 44
75 74 45
75 74 46
75 74 47
75 74 48
75 75 40
75 75 41
75 75 42
75 75 43
75 75 44
75 75 45
75 75 46
75 75 47
75 75 48
75 75 49
75 75 50
75 75 51
76 75 40
76 75 41
76 75 42
76 75 43
76 75 44
76 75 45
76 75 46
76 75 47
76 75 48
76 75 49
76 75 50
76 75 51
76 76 40
76 76 41
76 76 42
76 76 43
76 76 44
76 76 45
76 76 46
76 76 47
76 76 48
76 76 49
76 76 50
76 76 51
76 76 52
77 76 40
77 76 41
77 76 42
77 76 43
77 76 44
77 76 45
77 76 46
77 76 47
77 76 48
77 76 49
77 76 50
77 76 51
77 76 52
77 77 40
77 77 41
77 77 42
77 77 43
77 77 44
77 77 45
77 77 46
77 77 47
77 77 48
77 77 49
77 77 50
77 77 51
77 77 52
78 77 40
78 77 41
78 77 42
78 77 43
78 77 44
78 77 45
78 77 46
78 77 47
78 77 48
78 77 49
78 77 50
78 77 51
78 78 40
78 78 41
78 78 42
78 78 43
78 78 44
78 78 45
78 78 46
78 78 47
78 78 48
78 78 49
78 78 50
78 78 51
79 78 40
79 78 41
79 78 42
79 78 43
79 78 44
79 78 45
79 78 46
79 78 47
79 78 48
79 78 49
79 78 50
79 79 40
79 79 41
79 79 42
79 79 43
79 79 44
79 79 45
79 79 46
79 79 47
79 79 48
79 79 49
80 79 40
80 79 41
80 79 42
80 79 43
80 79 44
80 79 45
80 79 46
80 79 47
80 80 40
80 80 41
80 80 42
80 80 43
80 80 44
80 80 45
80 80 46
80 80 47
81 80 40
81 80 41
81 80 42
81 80 43
81 80 44
81 80 45
81 81 40
81 81 41
81 81 42
81 81 43
81 81 44
81 81 45
81 82 40
81 82 41
81 82 42
81 82 43
81 82 44
82 82 40
82 82 41
82 82 42
82 82 43
82 83 40
82 83 41
82 83 42
82 83 43
83 83 40
83 83 41
83 83 42
84 83 40
84 83 41
84 84 40
84 84 41
85 84 40
85 84 41
85 85 40
86 85 40
86 86 40
87 86 40
87 87 40
88 87 40
88 88 40
88 89 40
58 96 40
58 95 40
58 94 40
58 93 40
58 92 40
58 91 40
58 90 40
58 89 40
58 88 40
58 87 40
58 86 40
58 85 40
58 84 40
58 83 40
58 82 40
58 81 40
58 80 40
58 79 40
58 78 40
58 77 40
58 76 40
58 75 40
58 74 40
58 73 40
58 72 40
58 71 40
58 70 40
19 36 40
20 36 40
21 36 40
22 36 40
22 35 40
23 35 40
23 34 40
24 34 40
24 33 40
25 33 40
26 33 40
26 32 40
26 31 40
27 31 40
28 31 40
29 31 40
30 31 40
31 31 40
32 31 40
32 32 40
32 33 40
33 33 40
34 33 40
34 34 40
35 34 40
35 35 40
35 36 40
36 36 40
37 36 40
37 36 41
37 37 40
37 37 41
38 37 40
38 37 41
38 38 40
38 38 41
38 38 42
38 39 40
38 39 41
38 39 42
38 39 43
39 39 40
39 39 41
39 39 42
39 39 43
40 39 40
40 39 41
40 39 42
40 39 43
40 40 40
40 40 41
40 40 42
40 40 43
40 40 44
40 41 40
40 41 41
40 41 42
40 41 43
40 41 44
40 41 45
40 41 46
41 41 40
41 41 41
41 41 42
41 41 43
41 41 44
41 41 45
41 41 46
41 42 40
41 42 41
41 42 42
41 42 43
41 42 44
41 42 45
41 42 46
41 42 47
42 42 40
42 42 41
42 42 42
42 42 43
42 42 44
42 42 45
42 42 46
42 42 47
42 43 40
42 43 41
42 43 42
42 43 43
42 43 44
42 43 45
42 43 46
42 43 47
42 43 48
43 43 40
43 43 41
43 43 42
43 43 43
43 43 44
43 43 45
43 43 46
43 43 47
43 44 40
43 44 41
43 44 42
43 44 43
43 44 44
43 44 45
43 44 46
43 44 47
43 44 48
44 44 40
44 44 41
44 44 42
44 44 43
44 44 44
44 44 45
44 44 46
44 44 47
44 45 40
44 45 41
44 45 42
44 45 43
44 45 44
44 45 45
44 45 46
44 45 47
44 45 48
44 46 40
44 46 41
44 46 42
44 46 43
44 46 44
44 46 45
44 46 46
44 46 47
44 46 48
44 47 40
44 47 41
44 47 42
44 47 43
44 47 44
44 47 45
44 47 46
44 47 47
44 47 48
44 48 40
44 48 41
44 48 42
44 48 43
44 48 44
44 48 45
44 48 46
44 48 47
44 48 48
186 102 40
186 102 41
186 101 40
186 101 41
186 100 40
186 100 41
186 99 40
186 99 41
186 99 42
186 98 40
186 98 41
186 98 42
186 97 40
186 97 41
186 97 42
186 97 43
186 96 40
186 96 41
186 96 42
186 96 43
186 96 44
186 96 45
186 95 40
186 95 41
186 95 42
186 95 43
186 95 44
186 95 45
186 95 46
186 95 47
186 94 40
186 94 41
186 94 42
186 94 43
186 94 44
186 94 45
186 94 46
186 94 47
186 94 48
186 94 49
186 93 40
186 93 41
186 93 42
186 93 43
186 93 44
186 93 45
186 93 46
186 93 47
186 93 48
186 93 49
186 93 50
186 93 51
186 93 52
186 93 53
186 92 40
186 92 41
186 92 42
186 92 43
186 92 44
186 92 45
186 92 46
186 92 47
186 92 48
186 92 49
186 92 50
186 92 51
186 92 52
186 92 53
186 92 54
186 92 55
186 92 56
186 92 57
186 91 40
186 91 41
186 91 42
186 91 43
186 91 44
186 91 45
186 91 46
186 91 47
186 91 48
186 91 49
186 91 50
186 91 51
186 91 52
186 91 53
186 91 54
186 91 55
186 91 56
186 91 57
186 91 58
186 91 59
186 91 60
186 91 61
186 91 62
186 90 40
186 90 41
186 90 42
186 90 43
186 90 44
186 90 45
186 90 46
186 90 47
186 90 48
186 90 49
186 90 50
186 90 51
186 90 52
186 90 53
186 90 54
186 90 55
186 90 56
186 90 57
186 90 58
186 90 59
186 90 60
186 90 61
186 90 62
186 90 63
186 90 64
186 90 65
186 90 66
186 89 40
186 89 41
186 89 42
186 89 43
186 89 44
186 89 45
186 89 46
186 89 47
186 89 48
186 89 49
186 89 50
186 89 51
186 89 52
186 89 53
186 89 54
186 89 55
186 89 56
186 89 57
186 89 58
186 89 59
186 89 60
186 89 61
186 89 62
186 89 63
186 89 64
186 89 65
186 89 66
186 89 67
186 89 68
186 89 69
186 89 70
186 89 71
186 88 40
186 88 41
186 88 42
186 88 43
186 88 44
186 88 45
186 88 46
186 88 47
186 88 48
186 88 49
186 88 50
186 88 51
186 88 52
186 88 53
186 88 54
186 88 55
186 88 56
186 88 57
186 88 58
186 88 59
186 88 60
186 88 61
186 88 62
186 88 63
186 88 64
186 88 65
186 88 66
186 88 67
186 88 68
186 88 69
186 88 70
186 88 71
186 88 72
186 88 73
186 88 74
186 88 75
186 88 76
186 87 40
186 87 41
186 87 42
186 87 43
186 87 44
186 87 45
186 87 46
186 87 47
186 87 48
186 87 49
186 87 50
186 87 51
186 87 52
186 87 53
186 87 54
186 87 55
186 87 56
186 87 57
186 87 58
186 87 59
186 87 60
186 87 61
186 87 62
186 87 63
186 87 64
186 87 65
186 87 66
186 87 67
186 87 68
186 87 69
186 87 70
186 87 71
186 87 72
186 87 73
186 87 74
186 87 75
186 87 76
186 87 77
186 87 78
186 87 79
186 87 80
186 86 40
186 86 41
186 86 42
186 86 43
186 86 44
186 86 45
186 86 46
186 86 47
186 86 48
186 86 49
186 86 50
186 86 51
186 86 52
186 86 53
186 86 54
186 86 55
186 86 56
186 86 57
186 86 58
186 86 59
186 86 60
186 86 61
186 86 62
186 86 63
186 86 64
186 86 65
186 86 66
186 86 67
186 86 68
186 86 69
186 86 70
186 86 71
186 86 72
186 86 73
186 86 74
186 86 75
186 86 76
186 86 77
186 86 78
186 86 79
186 86 80
186 86 81
186 86 82
186 86 83
186 85 40
186 85 41
186 85 42
186 85 43
186 85 44
186 85 45
186 85 46
186 85 47
186 85 48
186 85 49
186 85 50
186 85 51
186 85 52
186 85 53
186 85 54
186 85 55
186 85 56
186 85 57
186 85 58
186 85 59
186 85 60
186 85 61
186 85 62
186 85 63
186 85 64
186 85 65
186 85 66
186 85 67
186 85 68
186 85 69
186 85 70
186 85 71
186 85 72
186 85 73
186 85 74
186 85 75
186 85 76
186 85 77
186 85 78
186 85 79
186 85 80
186 85 81
186 85 82
186 85 83
186 85 84
186 85 85
185 85 40
185 85 41
185 85 42
185 85 43
185 85 44
185 85 45
185 85 46
185 85 47
185 85 48
185 85 49
185 85 50
185 85 51
185 85 52
185 85 53
185 85 54
185 85 55
185 85 56
185 85 57
185 85 58
185 85 59
185 85 60
185 85 61
185 85 62
185 85 63
185 85 64
185 85 65
185 85 66
185 85 67
185 85 68
185 85 69
185 85 70
185 85 71
185 85 72
185 85 73
185 85 74
185 85 75
185 85 76
185 85 77
185 85 78
185 85 79
185 85 80
185 85 81
185 85 82
185 85 83
185 85 84
185 85 85
184 85 40
184 85 41
184 85 42
184 85 43
184 85 44
184 85 45
184 85 46
184 85 47
184 85 48
184 85 49
184 85 50
184 85 51
184 85 52
184 85 53
184 85 54
184 85 55
184 85 56
184 85 57
184 85 58
184 85 59
184 85 60
184 85 61
184 85 62
184 85 63
184 85 64
184 85 65
184 85 66
184 85 67
184 85 68
184 85 69
184 85 70
184 85 71
184 85 72
184 85 73
184 85 74
184 85 75
184 85 76
184 85 77
184 85 78
184 85 79
184 85 80
184 85 81
184 85 82
184 85 83
184 85 84
184 84 40
184 84 41
184 84 42
184 84 43
184 84 44
184 84 45
184 84 46
184 84 47
184 84 48
184 84 49
184 84 50
184 84 51
184 84 52
184 84 53
184 84 54
184 84 55
184 84 56
184 84 57
184 84 58
184 84 59
184 84 60
184 84 61
184 84 62
184 84 63
184 84 64
184 84 65
184 84 66
184 84 67
184 84 68
184 84 69
184 84 70
184 84 71
184 84 72
184 84 73
184 84 74
184 84 75
184 84 76
184 84 77
184 84 78
184 84 79
184 84 80
184 84 81
184 84 82
184 84 83
184 84 84
184 84 85
184 83 40
184 83 41
184 83 42
184 83 43
184 83 44
184 83 45
184 83 46
184 83 47
184 83 48
184 83 49
184 83 50
184 83 51
184 83 52
184 83 53
184 83 54
184 83 55
184 83 56
184 83 57
184 83 58
184 83 59
184 83 60
184 83 61
184 83 62
184 83 63
184 83 64
184 83 65
184 83 66
184 83 67
184 83 68
184 83 69
184 83 70
184 83 71
184 83 72
184 83 73
184 83 74
184 83 75
184 83 76
184 83 77
184 83 78
184 83 79
184 83 80
184 83 81
184 83 82
184 83 83
184 83 84
184 83 85
184 83 86
183 83 40
183 83 41
183 83 42
183 83 43
183 83 44
183 83 45
183 83 46
183 83 47
183 83 48
183 83 49
183 83 50
183 83 51
183 83 52
183 83 53
183 83 54
183 83 55
183 83 56
183 83 57
183 83 58
183 83 59
183 83 60
183 83 61
183 83 62
183 83 63
183 83 64
183 83 65
183 83 66
183 83 67
183 83 68
183 83 69
183 83 70
183 83 71
183 83 72
183 83 73
183 83 74
183 83 75
183 83 76
183 83 77
183 83 78
183 83 79
183 83 80
183 83 81
183 83 82
183 83 83
183 82 40
183 82 41
183 82 42
183 82 43
183 82 44
183 82 45
183 82 46
183 82 47
183 82 48
183 82 49
183 82 50
183 82 51
183 82 52
183 82 53
183 82 54
183 82 55
183 82 56
183 82 57
183 82 58
183 82 59
183 82 60
183 82 61
183 82 62
183 82 63
183 82 64
183 82 65
183 82 66
183 82 67
183 82 68
183 82 69
183 82 70
183 82 71
183 82 72
183 82 73
183 82 74
183 82 75
183 82 76
183 82 77
183 82 78
183 82 79
183 82 80
183 82 81
183 82 82
183 82 83
182 82 40
182 82 41
182 82 42
182 82 43
182 82 44
182 82 45
182 82 46
182 82 47
182 82 48
182 82 49
182 82 50
182 82 51
182 82 52
182 82 53
182 82 54
182 82 55
182 82 56
182 82 57
182 82 58
182 82 59
182 82 60
182 82 61
182 82 62
182 82 63
182 82 64
182 82 65
182 82 66
182 82 67
182 82 68
182 82 69
182 82 70
182 82 71
182 82 72
182 82 73
182 82 74
182 82 75
182 82 76
182 82 77
182 82 78
182 82 79
182 82 80
182 81 40
182 81 41
182 81 42
182 81 43
182 81 44
182 81 45
182 81 46
182 81 47
182 81 48
182 81 49
182 81 50
182 81 51
182 81 52
182 81 53
182 81 54
182 81 55
182 81 56
182 81 57
182 81 58
182 81 59
182 81 60
182 81 61
182 81 62
182 81 63
182 81 64
182 81 65
182 81 66
182 81 67
182 81 68
182 81 69
182 81 70
182 81 71
182 81 72
182 81 73
182 81 74
182 81 75
182 81 76
182 81 77
182 81 78
181 81 40
181 81 41
181 81 42
181 81 43
181 81 44
181 81 45
181 81 46
181 81 47
181 81 48
181 81 49
181 81 50
181 81 51
181 81 52
181 81 53
181 81 54
181 81 55
181 81 56
181 81 57
181 81 58
181 81 59
181 81 60
181 81 61
181 81 62
181 81 63
181 81 64
181 81 65
181 81 66
181 81 67
181 81 68
181 81 69
181 81 70
181 81 71
181 81 72
181 81 73
181 81 74
181 81 75
180 81 40
180 81 41
180 81 42
180 81 43
180 81 44
180 81 45
180 81 46
180 81 47
180 81 48
180 81 49
180 81 50
180 81 51
180 81 52
180 81 53
180 81 54
180 81 55
180 81 56
180 81 57
180 81 58
180 81 59
180 81 60
180 81 61
180 81 62
180 81 63
180 81 64
180 81 65
180 81 66
180 81 67
180 81 68
180 81 69
180 81 70
180 81 71
179 81 40
179 81 41
179 81 42
179 81 43
179 81 44
179 81 45
179 81 46
179 81 47
179 81 48
179 81 49
179 81 50
179 81 51
179 81 52
179 81 53
179 81 54
179 81 55
179 81 56
179 81 57
179 81 58
179 81 59
179 81 60
179 81 61
179 81 62
179 81 63
179 81 64
179 81 65
179 81 66
179 81 67
178 81 40
178 81 41
178 81 42
178 81 43
178 81 44
178 81 45
178 81 46
178 81 47
178 81 48
178 81 49
178 81 50
178 81 51
178 81 52
178 81 53
178 81 54
178 81 55
178 81 56
178 81 57
178 81 58
178 81 59
178 81 60
178 81 61
178 81 62
178 81 63
178 81 64
177 81 40
177 81 41
177 81 42
177 81 43
177 81 44
177 81 45
177 81 46
177 81 47
177 81 48
177 81 49
177 81 50
177 81 51
177 81 52
177 81 53
177 81 54
177 81 55
177 81 56
177 81 57
177 81 58
177 81 59
177 81 60
176 81 40
176 81 41
176 81 42
176 81 43
176 81 44
176 81 45
176 81 46
176 81 47
176 81 48
176 81 49
176 81 50
176 81 51
176 81 52
176 81 53
176 81 54
176 81 55
176 81 56
176 81 57
175 81 40
175 81 41
175 81 42
175 81 43
175 81 44
175 81 45
175 81 46
175 81 47
175 81 48
175 81 49
175 81 50
175 81 51
175 81 52
175 81 53
175 81 54
174 81 40
174 81 41
174 81 42
174 81 43
174 81 44
174 81 45
174 81 46
174 81 47
174 81 48
174 81 49
174 81 50
174 81 51
173 81 40
173 81 41
173 81 42
173 81 43
173 81 44
173 81 45
173 81 46
173 81 47
173 81 48
173 81 49
