9 9 100
9 29 100
9 49 100
9 69 100
9 89 100
9 109 100
9 129 100
9 149 100
9 169 100
9 189 100
29 9 100
29 29 100
29 49 100
29 69 100
29 89 100
29 109 100
29 129 100
29 149 100
29 169 100
29 189 100
49 9 100
49 29 100
49 49 100
49 69 100
49 89 100
49 109 100
49 129 100
49 149 100
49 169 100
49 189 100
69 9 100
69 29 100
69 49 100
69 69 100
69 89 100
69 109 100
69 129 100
69 149 100
69 169 100
69 189 100
89 9 100
89 29 100
89 49 100
89 69 100
89 89 100
89 109 100
89 129 100
89 149 100
89 169 100
89 189 100
109 9 100
109 29 100
109 49 100
109 69 100
109 89 100
109 109 100
109 129 100
109 149 100
109 169 100
109 189 100
129 9 100
129 29 100
129 49 100
129 69 100
129 89 100
129 109 100
129 129 100
129 149 100
129 169 100
129 189 100
149 9 100
149 29 100
149 49 100
149 69 100
149 89 100
149 109 100
149 129 100
149 149 100
149 169 100
149 189 100
169 9 100
169 29 100
169 49 100
169 69 100
169 89 100
169 109 100
169 129 100
169 149 100
169 169 100
169 189 100
189 9 100
189 29 100
189 49 100
189 69 100
189 89 100
189 109 100
189 129 100
189 149 100
189 169 100
189 189 100
9 9 100
9 49 100
9 69 100
9 89 100
9 109 100
9 149 100
9 169 100
9 189 100
29 9 100
29 29 100
29 69 100
29 89 100
29 109 100
29 129 100
29 149 100
29 169 100
29 189 100
49 9 100
49 89 100
49 109 100
49 149 100
49 189 100
69 69 100
69 89 100
69 149 100
69 169 100
69 189 100
89 9 100
89 49 100
89 69 100
89 109 100
89 129 100
89 169 100
109 29 100
109 109 100
109 129 100
109 149 100
109 169 100
129 29 100
129 69 100
129 89 100
129 129 100
129 189 100
149 49 100
149 69 100
149 109 100
149 129 100
149 169 100
149 189 100
169 9 100
169 49 100
169 69 100
169 89 100
169 109 100
169 129 100
169 149 100
169 189 100
189 89 100
189 129 100
189 189 100
40 162 40
82 152 40
54 127 40
166 199 40
40 100 40
140 34 40
140 34 72
140 34 104
140 34 136
70 54 40
127 158 40
30 195 40
77 18 40
127 159 40
127 160 40
127 161 40
127 162 40
127 163 40
127 164 40
127 165 40
127 166 40
127 167 40
127 168 40
127 169 40
127 170 40
127 170 72
126 170 40
126 170 72
125 170 40
125 170 72
124 170 40
124 170 72
123 170 40
123 170 72
122 170 40
122 170 72
122 170 104
121 170 40
121 170 72
121 170 104
121 170 136
120 170 40
120 170 72
120 170 104
120 170 136
119 170 40
119 170 72
119 170 104
119 170 136
119 170 168
119 170 200
118 170 40
118 170 72
118 170 104
118 170 136
118 170 168
118 170 200
118 170 232
117 170 40
117 170 72
117 170 104
117 170 136
117 170 168
117 170 200
117 170 232
117 170 264
116 170 40
116 170 72
116 170 104
116 170 136
116 170 168
116 170 200
116 170 232
116 170 264
115 170 40
115 170 72
115 170 104
115 170 136
115 170 168
115 170 200
115 170 232
115 170 264
115 170 296
114 170 40
114 170 72
114 170 104
114 170 136
114 170 168
114 170 200
114 170 232
114 170 264
114 170 296
113 170 40
113 170 72
113 170 104
113 170 136
113 170 168
113 170 200
113 170 232
113 170 264
112 170 40
112 170 72
112 170 104
112 170 136
112 170 168
112 170 200
112 170 232
111 170 40
111 170 72
111 170 104
111 170 136
111 170 168
111 170 200
110 170 40
110 170 72
110 170 104
110 170 136
110 170 168
110 171 40
110 171 72
110 171 104
110 171 136
110 171 168
110 171 200
110 172 40
110 172 72
110 172 104
110 172 136
110 172 168
110 172 200
110 172 232
110 173 40
110 173 72
110 173 104
110 173 136
110 173 168
110 173 200
110 173 232
110 173 264
110 174 40
110 174 72
110 174 104
110 174 136
110 174 168
110 174 200
110 174 232
110 174 264
110 174 296
110 175 40
110 175 72
110 175 104
110 175 136
110 175 168
110 175 200
110 175 232
110 175 264
110 175 296
110 176 40
110 176 72
110 176 104
110 176 136
110 176 168
110 176 200
110 176 232
110 176 264
110 176 296
110 177 40
110 177 72
110 177 104
110 177 136
110 177 168
110 177 200
110 177 232
110 177 264
110 177 296
110 178 40
110 178 72
110 178 104
110 178 136
110 178 168
110 178 200
110 178 232
110 178 264
110 179 40
110 179 72
110 179 104
110 179 136
110 179 168
110 179 200
110 179 232
110 180 40
110 180 72
110 180 104
110 180 136
110 180 168
110 180 200
110 181 40
110 181 72
110 181 104
110 181 136
110 181 168
110 182 40
110 182 72
110 182 104
110 182 136
110 183 40
110 183 72
110 183 104
110 184 40
110 184 72
110 184 104
110 185 40
110 185 72
110 186 40
110 186 72
110 187 40
110 187 72
110 188 40
110 188 72
109 188 40
109 188 72
108 189 40
107 189 40
106 189 40
105 189 40
104 189 40
103 189 40
102 189 40
101 189 40
100 189 40
99 189 40
98 189 40
97 189 40
96 189 40
95 189 40
94 189 40
93 189 40
92 189 40
91 189 40
90 189 40
88 189 40
88 188 40
87 188 40
86 188 40
85 188 40
84 188 40
84 188 72
83 188 40
83 188 72
82 188 40
82 188 72
82 188 104
81 188 40
81 188 72
81 188 104
80 188 40
80 188 72
80 188 104
80 188 136
79 188 40
79 188 72
79 188 104
79 188 136
78 188 40
78 188 72
78 188 104
78 188 136
77 188 40
77 188 72
77 188 104
77 188 136
76 188 40
76 188 72
76 188 104
76 188 136
75 188 40
75 188 72
75 188 104
75 188 136
74 188 40
74 188 72
74 188 104
73 188 40
73 188 72
73 188 104
72 188 40
72 188 72
72 188 104
71 188 40
71 188 72
71 188 104
70 188 40
70 188 72
70 188 104
70 187 40
70 187 72
70 187 104
70 187 136
70 186 40
70 186 72
70 186 104
70 186 136
70 185 40
70 185 72
70 185 104
70 185 136
70 185 168
70 184 40
70 184 72
70 184 104
70 184 136
70 184 168
70 184 200
70 183 40
70 183 72
70 183 104
70 183 136
70 183 168
70 183 200
70 183 232
70 182 40
70 182 72
70 182 104
70 182 136
70 182 168
70 182 200
70 182 232
70 182 264
70 181 40
70 181 72
70 181 104
70 181 136
70 181 168
70 181 200
70 181 232
70 181 264
70 181 296
70 180 40
70 180 72
70 180 104
70 180 136
70 180 168
70 180 200
70 180 232
70 180 264
70 180 296
70 179 40
70 179 72
70 179 104
70 179 136
70 179 168
70 179 200
70 179 232
70 179 264
70 179 296
70 179 328
70 178 40
70 178 72
70 178 104
70 178 136
70 178 168
70 178 200
70 178 232
70 178 264
70 178 296
70 178 328
70 177 40
70 177 72
70 177 104
70 177 136
70 177 168
70 177 200
70 177 232
70 177 264
70 177 296
70 177 328
70 176 40
70 176 72
70 176 104
70 176 136
70 176 168
70 176 200
70 176 232
70 176 264
70 176 296
70 176 328
70 175 40
70 175 72
70 175 104
70 175 136
70 175 168
70 175 200
70 175 232
70 175 264
70 175 296
70 174 40
70 174 72
70 174 104
70 174 136
70 174 168
70 174 200
70 174 232
70 174 264
70 173 40
70 173 72
70 173 104
70 173 136
70 173 168
70 173 200
70 173 232
70 172 40
70 172 72
70 172 104
70 172 136
70 172 168
70 172 200
70 171 40
70 171 72
70 171 104
70 171 136
70 171 168
70 170 40
70 170 72
70 170 104
70 170 136
70 169 40
70 169 72
70 169 104
70 168 40
70 168 72
70 167 40
70 167 72
70 166 40
70 165 40
70 164 40
70 163 40
70 162 40
70 161 40
70 160 40
70 159 40
70 158 40
70 157 40
70 156 40
70 155 40
70 154 40
70 153 40
70 153 72
70 152 40
70 152 72
71 152 40
71 152 72
72 152 40
72 152 72
73 152 40
73 152 72
74 152 40
75 152 40
76 152 40
77 152 40
78 152 40
79 152 40
80 152 40
81 152 40
141 34 40
141 34 72
141 34 104
142 34 40
142 34 72
143 34 40
143 34 72
144 34 40
144 33 40
145 33 40
145 32 40
146 32 40
146 31 40
147 31 40
147 30 40
148 30 40
148 29 40
150 29 40
151 29 40
152 29 40
153 29 40
154 29 40
155 29 40
156 29 40
157 29 40
158 29 40
159 29 40
160 29 40
161 29 40
162 29 40
163 29 40
164 29 40
165 29 40
166 29 40
167 29 40
168 29 40
169 30 40
169 31 40
169 32 40
169 33 40
169 34 40
169 35 40
169 36 40
169 37 40
169 38 40
169 39 40
169 40 40
169 41 40
169 42 40
169 43 40
169 44 40
169 44 72
169 45 40
169 45 72
169 46 40
169 46 72
169 47 40
169 47 72
169 48 40
169 48 72
169 48 104
169 50 40
169 50 72
169 50 104
169 51 40
169 51 72
169 51 104
169 52 40
169 52 72
169 52 104
169 53 40
169 53 72
169 54 40
169 54 72
169 55 40
169 56 40
169 57 40
169 58 40
169 59 40
169 60 40
169 61 40
169 62 40
169 63 40
169 64 40
169 64 72
169 65 40
169 65 72
169 66 40
169 66 72
169 67 40
169 67 72
169 68 40
169 68 72
169 68 104
169 70 40
169 70 72
169 70 104
169 71 40
169 71 72
169 71 104
169 71 136
169 72 40
169 72 72
169 72 104
169 72 136
169 73 40
169 73 72
169 73 104
169 73 136
169 74 40
169 74 72
169 74 104
169 74 136
169 74 168
169 75 40
169 75 72
169 75 104
169 75 136
169 75 168
169 76 40
169 76 72
169 76 104
169 76 136
169 76 168
169 76 200
169 77 40
169 77 72
169 77 104
169 77 136
169 77 168
169 77 200
169 78 40
169 78 72
169 78 104
169 78 136
169 78 168
169 78 200
169 79 40
169 79 72
169 79 104
169 79 136
169 79 168
169 79 200
169 79 232
169 80 40
169 80 72
169 80 104
169 80 136
169 80 168
169 80 200
169 80 232
169 81 40
169 81 72
169 81 104
169 81 136
169 81 168
169 81 200
169 82 40
169 82 72
169 82 104
169 82 136
169 82 168
169 82 200
169 83 40
169 83 72
169 83 104
169 83 136
169 83 168
169 83 200
169 84 40
169 84 72
169 84 104
169 84 136
169 84 168
169 85 40
169 85 72
169 85 104
169 85 136
169 85 168
169 86 40
169 86 72
169 86 104
169 86 136
169 87 40
169 87 72
169 87 104
169 87 136
169 88 40
169 88 72
169 88 104
168 88 40
168 88 72
168 88 104
167 88 40
167 88 72
167 88 104
166 88 40
166 88 72
165 88 40
165 88 72
164 88 40
164 88 72
163 88 40
163 88 72
162 88 40
161 88 40
160 88 40
159 88 40
158 88 40
157 88 40
156 88 40
155 88 40
154 88 40
153 88 40
152 88 40
151 88 40
150 88 40
150 89 40
149 90 40
149 91 40
149 92 40
149 93 40
149 94 40
149 95 40
149 96 40
149 97 40
149 98 40
149 99 40
149 99 72
149 100 40
149 100 72
149 101 40
149 101 72
149 101 104
149 102 40
149 102 72
149 102 104
149 103 40
149 103 72
149 103 104
149 104 40
149 104 72
149 104 104
149 104 136
149 105 40
149 105 72
149 105 104
149 105 136
149 106 40
149 106 72
149 106 104
149 106 136
149 107 40
149 107 72
149 107 104
149 107 136
149 108 40
149 108 72
149 108 104
149 110 40
149 110 72
149 111 40
149 111 72
149 112 40
149 112 72
149 113 40
149 113 72
149 114 40
149 114 72
149 115 40
149 116 40
149 117 40
149 118 40
149 119 40
149 120 40
149 121 40
149 122 40
149 122 72
149 123 40
149 123 72
149 124 40
149 124 72
149 125 40
149 125 72
149 126 40
149 126 72
149 127 40
149 127 72
149 128 40
149 128 72
149 128 104
149 130 40
149 130 72
149 130 104
149 131 40
149 131 72
149 131 104
149 132 40
149 132 72
149 132 104
149 133 40
149 133 72
149 133 104
149 134 40
149 134 72
149 134 104
149 135 40
149 135 72
149 135 104
149 136 40
149 136 72
149 136 104
149 136 136
149 137 40
149 137 72
149 137 104
149 137 136
149 138 40
149 138 72
149 138 104
149 138 136
149 139 40
149 139 72
149 139 104
149 139 136
149 140 40
149 140 72
149 140 104
149 140 136
149 141 40
149 141 72
149 141 104
149 142 40
149 142 72
149 142 104
149 143 40
149 143 72
149 144 40
149 144 72
149 145 40
149 146 40
149 147 40
149 148 40
148 149 40
147 149 40
146 149 40
145 149 40
144 149 40
143 149 40
142 149 40
142 149 72
141 149 40
141 149 72
140 149 40
140 149 72
139 149 40
139 149 72
138 149 40
138 149 72
138 149 104
137 149 40
137 149 72
136 149 40
136 149 72
135 149 40
135 149 72
134 149 40
133 149 40
132 149 40
131 149 40
130 149 40
129 150 40
128 150 40
128 151 40
127 151 40
127 152 40
127 153 40
127 154 40
127 155 40
127 156 40
127 157 40
70 53 40
70 52 40
70 51 40
70 50 40
69 50 40
69 50 72
69 48 40
69 48 72
69 47 40
69 47 72
69 47 104
69 46 40
69 46 72
69 46 104
69 45 40
69 45 72
69 45 104
69 44 40
69 44 72
69 44 104
69 43 40
69 43 72
69 43 104
69 42 40
69 42 72
69 42 104
69 41 40
69 41 72
69 41 104
69 40 40
69 40 72
69 40 104
69 39 40
69 39 72
69 38 40
69 38 72
69 37 40
69 37 72
69 36 40
69 35 40
69 34 40
69 33 40
69 32 40
69 31 40
69 30 40
70 29 40
71 29 40
72 29 40
73 29 40
74 29 40
75 29 40
76 29 40
77 29 40
78 29 40
79 29 40
80 29 40
81 29 40
82 29 40
83 29 40
84 29 40
85 29 40
86 29 40
87 29 40
88 29 40
89 28 40
89 28 72
90 28 40
90 28 72
90 28 104
90 27 40
90 27 72
90 27 104
91 27 40
91 27 72
91 27 104
91 27 136
91 27 168
91 26 40
91 26 72
91 26 104
91 26 136
91 26 168
92 26 40
92 26 72
92 26 104
92 26 136
92 26 168
92 26 200
92 26 232
92 25 40
92 25 72
92 25 104
92 25 136
92 25 168
92 25 200
92 25 232
92 25 264
93 25 40
93 25 72
93 25 104
93 25 136
93 25 168
93 25 200
93 25 232
93 25 264
93 25 296
93 25 328
93 24 40
93 24 72
93 24 104
93 24 136
93 24 168
93 24 200
93 24 232
93 24 264
93 24 296
93 24 328
94 24 40
94 24 72
94 24 104
94 24 136
94 24 168
94 24 200
94 24 232
94 24 264
94 24 296
94 24 328
94 24 360
94 24 392
94 23 40
94 23 72
94 23 104
94 23 136
94 23 168
94 23 200
94 23 232
94 23 264
94 23 296
94 23 328
94 23 360
94 23 392
95 23 40
95 23 72
95 23 104
95 23 136
95 23 168
95 23 200
95 23 232
95 23 264
95 23 296
95 23 328
95 23 360
95 23 392
95 23 424
95 22 40
95 22 72
95 22 104
95 22 136
95 22 168
95 22 200
95 22 232
95 22 264
95 22 296
95 22 328
95 22 360
95 22 392
95 22 424
96 22 40
96 22 72
96 22 104
96 22 136
96 22 168
96 22 200
96 22 232
96 22 264
96 22 296
96 22 328
96 22 360
96 22 392
96 22 424
97 22 40
97 22 72
97 22 104
97 22 136
97 22 168
97 22 200
97 22 232
97 22 264
97 22 296
97 22 328
97 22 360
97 22 392
97 22 424
97 21 40
97 21 72
97 21 104
97 21 136
97 21 168
97 21 200
97 21 232
97 21 264
97 21 296
97 21 328
97 21 360
97 21 392
97 21 424
98 21 40
98 21 72
98 21 104
98 21 136
98 21 168
98 21 200
98 21 232
98 21 264
98 21 296
98 21 328
98 21 360
98 21 392
98 21 424
98 20 40
98 20 72
98 20 104
98 20 136
98 20 168
98 20 200
98 20 232
98 20 264
98 20 296
98 20 328
98 20 360
98 20 392
98 20 424
99 20 40
99 20 72
99 20 104
99 20 136
99 20 168
99 20 200
99 20 232
99 20 264
99 20 296
99 20 328
99 20 360
99 20 392
99 19 40
99 19 72
99 19 104
99 19 136
99 19 168
99 19 200
99 19 232
99 19 264
99 19 296
99 19 328
99 19 360
99 19 392
99 18 40
99 18 72
99 18 104
99 18 136
99 18 168
99 18 200
99 18 232
99 18 264
99 18 296
99 18 328
99 18 360
100 18 40
100 18 72
100 18 104
100 18 136
100 18 168
100 18 200
100 18 232
100 18 264
100 18 296
100 18 328
101 18 40
101 18 72
101 18 104
101 18 136
101 18 168
101 18 200
101 18 232
101 18 264
101 17 40
101 17 72
101 17 104
101 17 136
101 17 168
101 17 200
101 17 232
102 17 40
102 17 72
102 17 104
102 17 136
102 17 168
102 17 200
102 16 40
102 16 72
102 16 104
102 16 136
102 16 168
103 16 40
103 16 72
103 16 104
103 16 136
103 15 40
103 15 72
103 15 104
104 15 40
104 15 72
104 15 104
104 14 40
104 14 72
104 13 40
104 13 72
105 13 40
105 13 72
105 12 40
106 12 40
106 11 40
107 11 40
107 10 40
108 10 40
108 9 40
109 8 40
109 7 40
110 7 40
111 7 40
112 7 40
113 7 40
114 7 40
115 7 40
116 7 40
117 7 40
118 7 40
119 7 40
120 7 40
121 7 40
122 7 40
123 7 40
124 7 40
125 7 40
126 7 40
127 7 40
128 7 40
129 7 40
130 7 40
131 7 40
132 7 40
133 7 40
134 7 40
135 7 40
136 7 40
137 7 40
138 7 40
139 7 40
140 7 40
141 7 40
142 7 40
143 7 40
144 7 40
145 7 40
146 7 40
147 7 40
148 7 40
149 7 40
149 8 40
149 10 40
149 11 40
149 12 40
149 13 40
149 14 40
149 15 40
149 16 40
149 17 40
149 18 40
149 19 40
149 20 40
149 21 40
149 22 40
149 23 40
149 24 40
149 25 40
149 26 40
149 27 40
149 28 40
76 18 40
75 18 40
74 18 40
74 19 40
74 20 40
74 21 40
74 22 40
74 23 40
74 24 40
73 24 40
73 25 40
72 25 40
72 26 40
72 27 40
72 28 40
40 101 40
40 101 72
40 102 40
40 102 72
40 103 40
40 103 72
40 104 40
40 104 72
40 105 40
40 105 72
40 106 40
40 106 72
40 107 40
40 108 40
40 109 40
40 110 40
40 111 40
40 112 40
40 113 40
40 114 40
40 115 40
40 116 40
40 117 40
40 118 40
40 119 40
40 120 40
41 120 40
41 121 40
41 122 40
41 122 72
42 122 40
42 122 72
42 123 40
42 123 72
43 123 40
43 123 72
44 123 40
44 123 72
44 124 40
44 124 72
45 124 40
45 124 72
45 125 40
45 125 72
46 125 40
46 125 72
46 126 40
46 126 72
47 126 40
47 126 72
47 127 40
47 127 72
48 127 40
48 127 72
49 127 40
49 127 72
50 127 40
51 127 40
52 127 40
53 127 40
167 199 40
168 199 40
169 199 40
170 199 40
171 199 40
172 199 40
172 199 72
173 199 40
173 199 72
174 199 40
174 199 72
174 199 104
175 199 40
175 199 72
175 199 104
176 199 40
176 199 72
176 199 104
177 199 40
177 199 72
177 199 104
178 199 40
178 199 72
178 199 104
179 199 40
179 199 72
179 199 104
180 199 40
180 199 72
181 199 40
181 199 72
182 199 40
183 199 40
184 199 40
184 198 40
184 197 40
184 196 40
184 195 40
184 195 72
184 194 40
184 194 72
185 194 40
185 194 72
185 193 40
185 193 72
186 193 40
186 193 72
186 192 40
186 192 72
186 192 104
187 192 40
187 192 72
187 191 40
187 191 72
187 191 104
188 191 40
188 191 72
188 191 104
188 190 40
188 190 72
188 190 104
188 189 40
188 189 72
188 189 104
188 188 40
188 188 72
188 187 40
188 187 72
188 186 40
188 186 72
188 185 40
188 185 72
188 184 40
188 184 72
188 183 40
188 182 40
188 181 40
188 180 40
188 179 40
188 178 40
188 177 40
188 176 40
188 175 40
188 174 40
188 173 40
188 172 40
188 171 40
188 170 40
188 169 40
187 169 40
186 169 40
185 169 40
185 169 72
184 169 40
184 169 72
183 169 40
183 169 72
183 169 104
182 169 40
182 169 72
182 169 104
182 169 136
181 169 40
181 169 72
181 169 104
181 169 136
181 169 168
180 169 40
180 169 72
180 169 104
180 169 136
180 169 168
180 169 200
179 169 40
179 169 72
179 169 104
179 169 136
179 169 168
179 169 200
179 169 232
178 169 40
178 169 72
178 169 104
178 169 136
178 169 168
178 169 200
178 169 232
177 169 40
177 169 72
177 169 104
177 169 136
177 169 168
177 169 200
176 169 40
176 169 72
176 169 104
176 169 136
176 169 168
176 169 200
175 169 40
175 169 72
175 169 104
175 169 136
175 169 168
174 169 40
174 169 72
174 169 104
174 169 136
173 169 40
173 169 72
173 169 104
173 169 136
172 169 40
172 169 72
172 169 104
171 169 40
171 169 72
170 169 40
170 169 72
169 168 40
169 168 72
168 168 40
168 167 40
168 167 72
167 167 40
167 167 72
167 166 40
167 166 72
166 166 40
166 166 72
166 165 40
166 165 72
166 165 104
165 165 40
165 165 72
165 165 104
165 164 40
165 164 72
165 164 104
165 164 136
164 164 40
164 164 72
164 164 104
164 164 136
163 164 40
163 164 72
163 164 104
163 164 136
163 163 40
163 163 72
163 163 104
163 163 136
163 163 168
163 162 40
163 162 72
163 162 104
163 162 136
163 162 168
162 162 40
162 162 72
162 162 104
162 162 136
162 162 168
161 162 40
161 162 72
161 162 104
161 162 136
161 162 168
161 162 200
161 161 40
161 161 72
161 161 104
161 161 136
161 161 168
160 161 40
160 161 72
160 161 104
160 161 136
160 161 168
160 161 200
160 160 40
160 160 72
160 160 104
160 160 136
160 160 168
160 159 40
160 159 72
160 159 104
160 159 136
159 159 40
159 159 72
159 159 104
159 159 136
159 158 40
159 158 72
159 158 104
158 158 40
158 158 72
158 158 104
158 157 40
158 157 72
158 157 104
157 157 40
157 157 72
157 156 40
157 156 72
156 156 40
156 156 72
155 156 40
155 156 72
155 155 40
154 155 40
154 154 40
153 154 40
153 153 40
152 153 40
152 152 40
151 152 40
151 151 40
150 151 40
150 150 40
149 150 40
31 195 40
32 195 40
32 195 72
33 195 40
33 195 72
34 195 40
34 195 72
34 195 104
35 195 40
35 195 72
35 195 104
35 195 136
36 195 40
36 195 72
36 195 104
36 195 136
36 195 168
37 195 40
37 195 72
37 195 104
37 195 136
37 195 168
38 195 40
38 195 72
38 195 104
38 195 136
38 195 168
38 195 200
39 195 40
39 195 72
39 195 104
39 195 136
39 195 168
39 195 200
39 195 232
40 195 40
40 195 72
40 195 104
40 195 136
40 195 168
40 195 200
40 195 232
40 195 264
41 195 40
41 195 72
41 195 104
41 195 136
41 195 168
41 195 200
41 195 232
41 195 264
41 195 296
42 195 40
42 195 72
42 195 104
42 195 136
42 195 168
42 195 200
42 195 232
42 195 264
42 195 296
42 195 328
43 195 40
43 195 72
43 195 104
43 195 136
43 195 168
43 195 200
43 195 232
43 195 264
43 195 296
43 195 328
43 195 360
44 195 40
44 195 72
44 195 104
44 195 136
44 195 168
44 195 200
44 195 232
44 195 264
44 195 296
44 195 328
44 195 360
44 195 392
45 195 40
45 195 72
45 195 104
45 195 136
45 195 168
45 195 200
45 195 232
45 195 264
45 195 296
45 195 328
45 195 360
45 195 392
46 195 40
46 195 72
46 195 104
46 195 136
46 195 168
46 195 200
46 195 232
46 195 264
46 195 296
46 195 328
46 195 360
46 195 392
47 195 40
47 195 72
47 195 104
47 195 136
47 195 168
47 195 200
47 195 232
47 195 264
47 195 296
47 195 328
47 195 360
47 195 392
48 195 40
48 195 72
48 195 104
48 195 136
48 195 168
48 195 200
48 195 232
48 195 264
48 195 296
48 195 328
48 195 360
48 195 392
49 195 40
49 195 72
49 195 104
49 195 136
49 195 168
49 195 200
49 195 232
49 195 264
49 195 296
49 195 328
49 195 360
50 195 40
50 195 72
50 195 104
50 195 136
50 195 168
50 195 200
50 195 232
50 195 264
50 195 296
50 195 328
51 195 40
51 195 72
51 195 104
51 195 136
51 195 168
51 195 200
51 195 232
51 195 264
52 195 40
52 195 72
52 195 104
52 195 136
52 195 168
52 195 200
53 195 40
53 195 72
53 195 104
53 195 136
53 195 168
54 195 40
54 195 72
54 195 104
54 195 136
55 195 40
55 195 72
55 195 104
56 195 40
56 195 72
56 195 104
57 195 40
57 195 72
58 195 40
58 195 72
59 195 40
59 195 72
60 195 40
60 195 72
61 195 40
62 195 40
63 195 40
64 195 40
64 194 40
65 194 40
65 193 40
66 193 40
66 193 72
66 192 40
66 192 72
67 192 40
67 192 72
67 191 40
67 191 72
68 191 40
68 191 72
68 190 40
68 190 72
68 190 104
69 190 40
69 190 72
69 190 104
70 189 40
70 189 72
70 189 104
