9 9 100
9 29 100
9 49 100
9 69 100
9 89 100
9 109 100
9 129 100
9 149 100
9 169 100
9 189 100
29 9 100
29 29 100
29 49 100
29 69 100
29 89 100
29 109 100
29 129 100
29 149 100
29 169 100
29 189 100
49 9 100
49 29 100
49 49 100
49 69 100
49 89 100
49 109 100
49 129 100
49 149 100
49 169 100
49 189 100
69 9 100
69 29 100
69 49 100
69 69 100
69 89 100
69 109 100
69 129 100
69 149 100
69 169 100
69 189 100
89 9 100
89 29 100
89 49 100
89 69 100
89 89 100
89 109 100
89 129 100
89 149 100
89 169 100
89 189 100
109 9 100
109 29 100
109 49 100
109 69 100
109 89 100
109 109 100
109 129 100
109 149 100
109 169 100
109 189 100
129 9 100
129 29 100
129 49 100
129 69 100
129 89 100
129 109 100
129 129 100
129 149 100
129 169 100
129 189 100
149 9 100
149 29 100
149 49 100
149 69 100
149 89 100
149 109 100
149 129 100
149 149 100
149 169 100
149 189 100
169 9 100
169 29 100
169 49 100
169 69 100
169 89 100
169 109 100
169 129 100
169 149 100
169 169 100
169 189 100
189 9 100
189 29 100
189 49 100
189 69 100
189 89 100
189 109 100
189 129 100
189 149 100
189 169 100
189 189 100
9 29 100
9 49 100
9 69 100
9 89 100
9 109 100
9 129 100
9 149 100
9 169 100
9 189 100
29 9 100
29 29 100
29 49 100
29 69 100
29 89 100
29 109 100
29 129 100
29 149 100
29 169 100
29 189 100
49 29 100
49 49 100
49 69 100
49 89 100
49 109 100
49 129 100
49 149 100
49 169 100
69 9 100
69 29 100
69 129 100
69 149 100
69 169 100
89 9 100
89 29 100
89 49 100
89 109 100
89 129 100
89 149 100
89 189 100
109 49 100
109 69 100
109 89 100
109 109 100
109 129 100
109 149 100
109 169 100
109 189 100
129 9 100
129 69 100
129 89 100
129 109 100
129 169 100
129 189 100
149 9 100
149 29 100
149 89 100
149 149 100
149 169 100
149 189 100
169 9 100
169 29 100
169 49 100
169 129 100
169 149 100
169 169 100
169 189 100
189 29 100
189 49 100
189 69 100
189 109 100
189 129 100
189 149 100
91 92 40
131 123 40
131 123 44
18 108 40
18 108 44
18 108 48
18 108 52
18 108 56
18 108 60
18 108 64
18 108 68
18 108 72
18 108 76
18 108 80
18 108 84
18 108 88
18 108 92
18 108 96
18 108 100
18 108 104
18 108 108
18 108 112
18 108 116
18 108 120
18 108 124
18 108 128
18 108 132
18 108 136
18 108 140
18 108 144
18 108 148
18 108 152
18 108 156
18 108 160
198 188 40
110 23 40
188 83 40
19 108 40
19 108 44
19 108 48
19 108 52
19 108 56
19 108 60
19 108 64
19 108 68
19 108 72
19 108 76
19 108 80
19 108 84
19 108 88
19 108 92
19 108 96
19 108 100
19 108 104
19 108 108
19 108 112
19 108 116
19 108 120
19 108 124
19 108 128
19 108 132
19 108 136
19 108 140
19 108 144
19 108 148
19 108 152
19 108 156
19 108 160
20 108 40
20 108 44
20 108 48
20 108 52
20 108 56
20 108 60
20 108 64
20 108 68
20 108 72
20 108 76
20 108 80
20 108 84
20 108 88
20 108 92
20 108 96
20 108 100
20 108 104
20 108 108
20 108 112
20 108 116
20 108 120
20 108 124
20 108 128
20 108 132
20 108 136
20 108 140
20 108 144
20 108 148
20 108 152
20 108 156
21 108 40
21 108 44
21 108 48
21 108 52
21 108 56
21 108 60
21 108 64
21 108 68
21 108 72
21 108 76
21 108 80
21 108 84
21 108 88
21 108 92
21 108 96
21 108 100
21 108 104
21 108 108
21 108 112
21 108 116
21 108 120
21 108 124
21 108 128
21 108 132
21 108 136
21 108 140
21 108 144
21 108 148
21 108 152
21 108 156
22 108 40
22 108 44
22 108 48
22 108 52
22 108 56
22 108 60
22 108 64
22 108 68
22 108 72
22 108 76
22 108 80
22 108 84
22 108 88
22 108 92
22 108 96
22 108 100
22 108 104
22 108 108
22 108 112
22 108 116
22 108 120
22 108 124
22 108 128
22 108 132
22 108 136
22 108 140
22 108 144
22 108 148
22 108 152
23 108 40
23 108 44
23 108 48
23 108 52
23 108 56
23 108 60
23 108 64
23 108 68
23 108 72
23 108 76
23 108 80
23 108 84
23 108 88
23 108 92
23 108 96
23 108 100
23 108 104
23 108 108
23 108 112
23 108 116
23 108 120
23 108 124
23 108 128
23 108 132
23 108 136
23 108 140
23 108 144
23 108 148
24 108 40
24 108 44
24 108 48
24 108 52
24 108 56
24 108 60
24 108 64
24 108 68
24 108 72
24 108 76
24 108 80
24 108 84
24 108 88
24 108 92
24 108 96
24 108 100
24 108 104
24 108 108
24 108 112
24 108 116
24 108 120
24 108 124
24 108 128
24 108 132
24 108 136
24 108 140
24 108 144
24 108 148
25 108 40
25 108 44
25 108 48
25 108 52
25 108 56
25 108 60
25 108 64
25 108 68
25 108 72
25 108 76
25 108 80
25 108 84
25 108 88
25 108 92
25 108 96
25 108 100
25 108 104
25 108 108
25 108 112
25 108 116
25 108 120
25 108 124
25 108 128
25 108 132
25 108 136
25 108 140
25 108 144
26 108 40
26 108 44
26 108 48
26 108 52
26 108 56
26 108 60
26 108 64
26 108 68
26 108 72
26 108 76
26 108 80
26 108 84
26 108 88
26 108 92
26 108 96
26 108 100
26 108 104
26 108 108
26 108 112
26 108 116
26 108 120
26 108 124
26 108 128
26 108 132
26 108 136
26 108 140
26 108 144
27 108 40
27 108 44
27 108 48
27 108 52
27 108 56
27 108 60
27 108 64
27 108 68
27 108 72
27 108 76
27 108 80
27 108 84
27 108 88
27 108 92
27 108 96
27 108 100
27 108 104
27 108 108
27 108 112
27 108 116
27 108 120
27 108 124
27 108 128
27 108 132
27 108 136
27 108 140
27 108 144
27 108 148
28 108 40
28 108 44
28 108 48
28 108 52
28 108 56
28 108 60
28 108 64
28 108 68
28 108 72
28 108 76
28 108 80
28 108 84
28 108 88
28 108 92
28 108 96
28 108 100
28 108 104
28 108 108
28 108 112
28 108 116
28 108 120
28 108 124
28 108 128
28 108 132
28 108 136
28 108 140
28 108 144
28 108 148
29 108 40
29 108 44
29 108 48
29 108 52
29 108 56
29 108 60
29 108 64
29 108 68
29 108 72
29 108 76
29 108 80
29 108 84
29 108 88
29 108 92
29 108 96
29 108 100
29 108 104
29 108 108
29 108 112
29 108 116
29 108 120
29 108 124
29 108 128
29 108 132
29 108 136
29 108 140
29 108 144
29 108 148
30 108 40
30 108 44
30 108 48
30 108 52
30 108 56
30 108 60
30 108 64
30 108 68
30 108 72
30 108 76
30 108 80
30 108 84
30 108 88
30 108 92
30 108 96
30 108 100
30 108 104
30 108 108
30 108 112
30 108 116
30 108 120
30 108 124
30 108 128
30 108 132
30 108 136
30 108 140
30 108 144
30 108 148
31 108 40
31 108 44
31 108 48
31 108 52
31 108 56
31 108 60
31 108 64
31 108 68
31 108 72
31 108 76
31 108 80
31 108 84
31 108 88
31 108 92
31 108 96
31 108 100
31 108 104
31 108 108
31 108 112
31 108 116
31 108 120
31 108 124
31 108 128
31 108 132
31 108 136
31 108 140
31 108 144
32 108 40
32 108 44
32 108 48
32 108 52
32 108 56
32 108 60
32 108 64
32 108 68
32 108 72
32 108 76
32 108 80
32 108 84
32 108 88
32 108 92
32 108 96
32 108 100
32 108 104
32 108 108
32 108 112
32 108 116
32 108 120
32 108 124
32 108 128
32 108 132
32 108 136
32 108 140
32 108 144
33 108 40
33 108 44
33 108 48
33 108 52
33 108 56
33 108 60
33 108 64
33 108 68
33 108 72
33 108 76
33 108 80
33 108 84
33 108 88
33 108 92
33 108 96
33 108 100
33 108 104
33 108 108
33 108 112
33 108 116
33 108 120
33 108 124
33 108 128
33 108 132
33 108 136
34 108 40
34 108 44
34 108 48
34 108 52
34 108 56
34 108 60
34 108 64
34 108 68
34 108 72
34 108 76
34 108 80
34 108 84
34 108 88
34 108 92
34 108 96
34 108 100
34 108 104
34 108 108
34 108 112
34 108 116
34 108 120
34 108 124
34 108 128
35 108 40
35 108 44
35 108 48
35 108 52
35 108 56
35 108 60
35 108 64
35 108 68
35 108 72
35 108 76
35 108 80
35 108 84
35 108 88
35 108 92
35 108 96
35 108 100
35 108 104
35 108 108
35 108 112
35 108 116
36 108 40
36 108 44
36 108 48
36 108 52
36 108 56
36 108 60
36 108 64
36 108 68
36 108 72
36 108 76
36 108 80
36 108 84
36 108 88
36 108 92
36 108 96
36 108 100
36 108 104
37 108 40
37 108 44
37 108 48
37 108 52
37 108 56
37 108 60
37 108 64
37 108 68
37 108 72
37 108 76
37 108 80
37 108 84
37 108 88
37 108 92
38 108 40
38 108 44
38 108 48
38 108 52
38 108 56
38 108 60
38 108 64
38 108 68
38 108 72
38 108 76
38 108 80
39 108 40
39 108 44
39 108 48
39 108 52
39 108 56
39 108 60
39 108 64
39 108 68
39 108 72
39 108 76
40 108 40
40 108 44
40 108 48
40 108 52
40 108 56
40 108 60
40 108 64
40 108 68
41 108 40
41 108 44
41 108 48
41 108 52
41 108 56
41 108 60
41 108 64
41 108 68
42 108 40
42 108 44
42 108 48
42 108 52
42 108 56
42 108 60
42 108 64
43 108 40
43 108 44
43 108 48
43 108 52
43 108 56
43 108 60
43 108 64
44 108 40
44 108 44
44 108 48
44 108 52
44 108 56
44 108 60
44 108 64
45 108 40
45 108 44
45 108 48
45 108 52
45 108 56
45 108 60
46 108 40
46 108 44
46 108 48
46 108 52
46 108 56
46 108 60
47 108 40
47 108 44
47 108 48
47 108 52
47 108 56
48 108 40
48 108 44
48 108 48
48 108 52
49 108 40
49 108 44
49 108 48
49 108 52
50 108 40
50 108 44
50 108 48
51 108 40
51 108 44
51 108 48
52 108 40
52 108 44
52 108 48
53 108 40
53 108 44
53 108 48
54 108 40
54 108 44
55 108 40
55 108 44
56 108 40
56 108 44
57 108 40
57 108 44
58 108 40
58 108 44
59 108 40
59 108 44
60 108 40
61 108 40
62 108 40
63 108 40
64 108 40
65 108 40
66 108 40
67 108 40
68 108 40
69 108 40
69 107 40
69 106 40
69 105 40
69 104 40
69 103 40
69 102 40
69 101 40
69 100 40
69 99 40
69 98 40
69 97 40
69 96 40
69 95 40
69 94 40
69 93 40
69 92 40
69 91 40
69 90 40
70 89 40
71 89 40
72 89 40
73 89 40
74 89 40
75 89 40
76 89 40
77 89 40
78 89 40
79 89 40
80 89 40
81 89 40
82 89 40
83 89 40
84 89 40
85 89 40
86 89 40
87 89 40
88 89 40
89 90 40
90 90 40
91 90 40
91 91 40
110 24 40
110 25 40
110 26 40
110 27 40
110 28 40
110 29 40
108 29 40
108 30 40
107 30 40
107 31 40
106 31 40
106 32 40
106 33 40
105 33 40
104 33 40
104 34 40
103 34 40
103 35 40
103 36 40
102 36 40
102 36 44
101 36 40
101 36 44
101 37 40
101 37 44
101 38 40
101 38 44
101 38 48
100 38 40
100 38 44
100 38 48
99 38 40
99 38 44
99 38 48
99 38 52
99 39 40
99 39 44
99 39 48
99 39 52
99 39 56
99 40 40
99 40 44
99 40 48
99 40 52
99 40 56
99 40 60
99 40 64
99 41 40
99 41 44
99 41 48
99 41 52
99 41 56
99 41 60
99 41 64
99 41 68
99 41 72
99 42 40
99 42 44
99 42 48
99 42 52
99 42 56
99 42 60
99 42 64
99 42 68
99 42 72
99 42 76
99 42 80
99 43 40
99 43 44
99 43 48
99 43 52
99 43 56
99 43 60
99 43 64
99 43 68
99 43 72
99 43 76
99 43 80
99 43 84
99 43 88
99 43 92
99 44 40
99 44 44
99 44 48
99 44 52
99 44 56
99 44 60
99 44 64
99 44 68
99 44 72
99 44 76
99 44 80
99 44 84
99 44 88
99 44 92
99 44 96
99 44 100
99 44 104
99 45 40
99 45 44
99 45 48
99 45 52
99 45 56
99 45 60
99 45 64
99 45 68
99 45 72
99 45 76
99 45 80
99 45 84
99 45 88
99 45 92
99 45 96
99 45 100
99 45 104
99 45 108
99 46 40
99 46 44
99 46 48
99 46 52
99 46 56
99 46 60
99 46 64
99 46 68
99 46 72
99 46 76
99 46 80
99 46 84
99 46 88
99 46 92
99 46 96
99 46 100
99 46 104
99 46 108
99 46 112
99 46 116
99 47 40
99 47 44
99 47 48
99 47 52
99 47 56
99 47 60
99 47 64
99 47 68
99 47 72
99 47 76
99 47 80
99 47 84
99 47 88
99 47 92
99 47 96
99 47 100
99 47 104
99 47 108
99 47 112
99 47 116
99 48 40
99 48 44
99 48 48
99 48 52
99 48 56
99 48 60
99 48 64
99 48 68
99 48 72
99 48 76
99 48 80
99 48 84
99 48 88
99 48 92
99 48 96
99 48 100
99 48 104
99 48 108
99 48 112
99 48 116
99 49 40
99 49 44
99 49 48
99 49 52
99 49 56
99 49 60
99 49 64
99 49 68
99 49 72
99 49 76
99 49 80
99 49 84
99 49 88
99 49 92
99 49 96
99 49 100
99 49 104
99 49 108
99 49 112
99 49 116
99 49 120
99 50 40
99 50 44
99 50 48
99 50 52
99 50 56
99 50 60
99 50 64
99 50 68
99 50 72
99 50 76
99 50 80
99 50 84
99 50 88
99 50 92
99 50 96
99 50 100
99 50 104
99 50 108
99 50 112
99 50 116
99 50 120
99 51 40
99 51 44
99 51 48
99 51 52
99 51 56
99 51 60
99 51 64
99 51 68
99 51 72
99 51 76
99 51 80
99 51 84
99 51 88
99 51 92
99 51 96
99 51 100
99 51 104
99 51 108
99 51 112
99 51 116
99 51 120
99 52 40
99 52 44
99 52 48
99 52 52
99 52 56
99 52 60
99 52 64
99 52 68
99 52 72
99 52 76
99 52 80
99 52 84
99 52 88
99 52 92
99 52 96
99 52 100
99 52 104
99 52 108
99 52 112
99 52 116
99 52 120
99 53 40
99 53 44
99 53 48
99 53 52
99 53 56
99 53 60
99 53 64
99 53 68
99 53 72
99 53 76
99 53 80
99 53 84
99 53 88
99 53 92
99 53 96
99 53 100
99 53 104
99 53 108
99 53 112
99 53 116
99 53 120
99 53 124
99 54 40
99 54 44
99 54 48
99 54 52
99 54 56
99 54 60
99 54 64
99 54 68
99 54 72
99 54 76
99 54 80
99 54 84
99 54 88
99 54 92
99 54 96
99 54 100
99 54 104
99 54 108
99 54 112
99 54 116
99 54 120
99 54 124
99 55 40
99 55 44
99 55 48
99 55 52
99 55 56
99 55 60
99 55 64
99 55 68
99 55 72
99 55 76
99 55 80
99 55 84
99 55 88
99 55 92
99 55 96
99 55 100
99 55 104
99 55 108
99 55 112
99 55 116
99 55 120
99 55 124
99 55 128
99 56 40
99 56 44
99 56 48
99 56 52
99 56 56
99 56 60
99 56 64
99 56 68
99 56 72
99 56 76
99 56 80
99 56 84
99 56 88
99 56 92
99 56 96
99 56 100
99 56 104
99 56 108
99 56 112
99 56 116
99 56 120
99 56 124
99 56 128
99 57 40
99 57 44
99 57 48
99 57 52
99 57 56
99 57 60
99 57 64
99 57 68
99 57 72
99 57 76
99 57 80
99 57 84
99 57 88
99 57 92
99 57 96
99 57 100
99 57 104
99 57 108
99 57 112
99 57 116
99 57 120
99 57 124
99 57 128
99 58 40
99 58 44
99 58 48
99 58 52
99 58 56
99 58 60
99 58 64
99 58 68
99 58 72
99 58 76
99 58 80
99 58 84
99 58 88
99 58 92
99 58 96
99 58 100
99 58 104
99 58 108
99 58 112
99 58 116
99 58 120
99 58 124
99 58 128
99 59 40
99 59 44
99 59 48
99 59 52
99 59 56
99 59 60
99 59 64
99 59 68
99 59 72
99 59 76
99 59 80
99 59 84
99 59 88
99 59 92
99 59 96
99 59 100
99 59 104
99 59 108
99 59 112
99 59 116
99 59 120
99 59 124
99 60 40
99 60 44
99 60 48
99 60 52
99 60 56
99 60 60
99 60 64
99 60 68
99 60 72
99 60 76
99 60 80
99 60 84
99 60 88
99 60 92
99 60 96
99 60 100
99 60 104
99 60 108
99 60 112
99 60 116
99 60 120
98 60 40
98 60 44
98 60 48
98 60 52
98 60 56
98 60 60
98 60 64
98 60 68
98 60 72
98 60 76
98 60 80
98 60 84
98 60 88
98 60 92
98 60 96
98 60 100
98 60 104
98 60 108
98 60 112
98 60 116
98 61 40
98 61 44
98 61 48
98 61 52
98 61 56
98 61 60
98 61 64
98 61 68
98 61 72
98 61 76
98 61 80
98 61 84
98 61 88
98 61 92
98 61 96
98 61 100
98 61 104
98 61 108
97 61 40
97 61 44
97 61 48
97 61 52
97 61 56
97 61 60
97 61 64
97 61 68
97 61 72
97 61 76
97 61 80
97 61 84
97 61 88
97 61 92
97 61 96
97 61 100
97 61 104
97 61 108
96 61 40
96 61 44
96 61 48
96 61 52
96 61 56
96 61 60
96 61 64
96 61 68
96 61 72
96 61 76
96 61 80
96 61 84
96 61 88
96 61 92
96 61 96
96 61 100
96 61 104
96 61 108
96 62 40
96 62 44
96 62 48
96 62 52
96 62 56
96 62 60
96 62 64
96 62 68
96 62 72
96 62 76
96 62 80
96 62 84
96 62 88
96 62 92
96 62 96
96 62 100
95 62 40
95 62 44
95 62 48
95 62 52
95 62 56
95 62 60
95 62 64
95 62 68
95 62 72
95 62 76
95 62 80
95 62 84
95 62 88
95 62 92
95 62 96
95 62 100
95 63 40
95 63 44
95 63 48
95 63 52
95 63 56
95 63 60
95 63 64
95 63 68
95 63 72
95 63 76
95 63 80
95 63 84
95 63 88
94 63 40
94 63 44
94 63 48
94 63 52
94 63 56
94 63 60
94 63 64
94 63 68
94 63 72
94 63 76
94 63 80
94 63 84
94 63 88
94 64 40
94 64 44
94 64 48
94 64 52
94 64 56
94 64 60
94 64 64
94 64 68
94 64 72
94 64 76
93 64 40
93 64 44
93 64 48
93 64 52
93 64 56
93 64 60
93 64 64
93 64 68
93 64 72
93 64 76
93 65 40
93 65 44
93 65 48
93 65 52
93 65 56
93 65 60
93 65 64
93 65 68
92 65 40
92 65 44
92 65 48
92 65 52
92 65 56
92 65 60
92 65 64
92 66 40
92 66 44
92 66 48
92 66 52
92 66 56
92 66 60
91 66 40
91 66 44
91 66 48
91 66 52
91 66 56
91 67 40
91 67 44
91 67 48
91 67 52
90 67 40
90 67 44
90 67 48
90 67 52
90 68 40
90 68 44
90 68 48
89 68 40
89 68 44
89 68 48
89 70 40
89 70 44
89 71 40
89 71 44
89 72 40
89 73 40
89 74 40
89 75 40
89 76 40
89 77 40
89 78 40
89 79 40
89 80 40
89 81 40
89 82 40
89 83 40
89 84 40
89 85 40
89 86 40
89 87 40
89 88 40
188 84 40
188 85 40
188 86 40
188 87 40
188 88 40
188 89 40
187 89 40
186 89 40
185 89 40
184 89 40
183 89 40
182 89 40
181 89 40
180 89 40
179 89 40
178 89 40
177 89 40
176 89 40
175 89 40
174 89 40
173 89 40
172 89 40
171 89 40
170 89 40
169 88 40
169 87 40
169 86 40
169 85 40
169 84 40
169 83 40
169 82 40
169 81 40
169 80 40
169 79 40
169 78 40
169 77 40
169 76 40
169 75 40
169 74 40
169 73 40
169 72 40
169 71 40
169 70 40
168 69 40
167 69 40
166 69 40
165 69 40
164 69 40
163 69 40
162 69 40
161 69 40
160 69 40
159 69 40
158 69 40
157 69 40
156 69 40
155 69 40
154 69 40
153 69 40
152 69 40
151 69 40
150 69 40
150 69 44
149 68 40
149 68 44
149 67 40
149 66 40
149 65 40
149 64 40
149 63 40
149 62 40
149 61 40
149 60 40
149 59 40
149 58 40
149 57 40
149 56 40
149 55 40
149 54 40
149 53 40
149 52 40
149 51 40
149 50 40
148 49 40
147 49 40
146 49 40
145 49 40
144 49 40
143 49 40
142 49 40
141 49 40
140 49 40
139 49 40
138 49 40
137 49 40
136 49 40
135 49 40
134 49 40
133 49 40
132 49 40
131 49 40
130 49 40
129 48 40
129 47 40
129 46 40
129 45 40
129 44 40
129 43 40
129 42 40
129 41 40
129 40 40
129 39 40
129 38 40
129 37 40
129 36 40
129 35 40
129 34 40
129 33 40
129 32 40
129 31 40
129 30 40
128 29 40
127 29 40
126 29 40
125 29 40
124 29 40
123 29 40
122 29 40
121 29 40
120 29 40
119 29 40
118 29 40
117 29 40
116 29 40
115 29 40
114 29 40
113 29 40
112 29 40
111 29 40
131 124 40
131 124 44
131 125 40
131 125 44
131 126 40
131 126 44
131 127 40
131 128 40
131 129 40
132 129 40
133 129 40
134 129 40
135 129 40
136 129 40
137 129 40
138 129 40
139 129 40
140 129 40
141 129 40
142 129 40
143 129 40
144 129 40
145 129 40
146 129 40
147 129 40
148 129 40
149 128 40
149 127 40
149 126 40
149 125 40
149 124 40
149 123 40
149 122 40
149 121 40
149 120 40
149 119 40
149 118 40
149 117 40
149 116 40
149 115 40
149 114 40
149 113 40
149 112 40
149 112 44
149 111 40
149 111 44
149 110 40
150 109 40
151 109 40
152 109 40
153 109 40
154 109 40
155 109 40
156 109 40
157 109 40
158 109 40
159 109 40
160 109 40
161 109 40
162 109 40
163 109 40
164 109 40
165 109 40
166 109 40
167 109 40
168 109 40
169 108 40
169 107 40
169 106 40
169 105 40
169 104 40
169 103 40
169 102 40
169 101 40
169 100 40
169 99 40
169 98 40
169 97 40
169 96 40
169 95 40
169 94 40
169 93 40
169 92 40
169 91 40
169 90 40
197 188 40
196 188 40
195 188 40
194 188 40
193 188 40
192 188 40
191 188 40
190 188 40
189 188 40
189 187 40
189 186 40
189 185 40
189 184 40
189 183 40
189 182 40
189 181 40
189 180 40
189 179 40
189 178 40
189 177 40
189 176 40
189 175 40
189 174 40
189 173 40
189 172 40
189 171 40
189 170 40
188 169 40
188 168 40
187 168 40
187 167 40
187 167 44
186 167 40
186 167 44
186 166 40
186 166 44
185 166 40
185 166 44
185 166 48
185 165 40
185 165 44
185 165 48
184 165 40
184 165 44
184 165 48
184 164 40
184 164 44
184 164 48
184 164 52
183 164 40
183 164 44
183 164 48
183 164 52
183 164 56
183 163 40
183 163 44
183 163 48
183 163 52
183 163 56
182 163 40
182 163 44
182 163 48
182 163 52
182 163 56
182 163 60
182 162 40
182 162 44
182 162 48
182 162 52
182 162 56
182 162 60
182 162 64
182 161 40
182 161 44
182 161 48
182 161 52
182 161 56
182 161 60
182 161 64
181 161 40
181 161 44
181 161 48
181 161 52
181 161 56
181 161 60
181 161 64
181 161 68
181 161 72
181 160 40
181 160 44
181 160 48
181 160 52
181 160 56
181 160 60
181 160 64
181 160 68
181 160 72
181 160 76
180 160 40
180 160 44
180 160 48
180 160 52
180 160 56
180 160 60
180 160 64
180 160 68
180 160 72
180 160 76
180 160 80
180 159 40
180 159 44
180 159 48
180 159 52
180 159 56
180 159 60
180 159 64
180 159 68
180 159 72
180 159 76
180 159 80
180 159 84
179 159 40
179 159 44
179 159 48
179 159 52
179 159 56
179 159 60
179 159 64
179 159 68
179 159 72
179 159 76
179 159 80
179 159 84
179 159 88
179 159 92
178 159 40
178 159 44
178 159 48
178 159 52
178 159 56
178 159 60
178 159 64
178 159 68
178 159 72
178 159 76
178 159 80
178 159 84
178 159 88
178 159 92
178 158 40
178 158 44
178 158 48
178 158 52
178 158 56
178 158 60
178 158 64
178 158 68
178 158 72
178 158 76
178 158 80
178 158 84
178 158 88
178 158 92
178 158 96
178 158 100
178 158 104
178 157 40
178 157 44
178 157 48
178 157 52
178 157 56
178 157 60
178 157 64
178 157 68
178 157 72
178 157 76
178 157 80
178 157 84
178 157 88
178 157 92
178 157 96
178 157 100
178 157 104
178 157 108
178 157 112
177 157 40
177 157 44
177 157 48
177 157 52
177 157 56
177 157 60
177 157 64
177 157 68
177 157 72
177 157 76
177 157 80
177 157 84
177 157 88
177 157 92
177 157 96
177 157 100
177 157 104
177 157 108
177 157 112
177 157 116
176 157 40
176 157 44
176 157 48
176 157 52
176 157 56
176 157 60
176 157 64
176 157 68
176 157 72
176 157 76
176 157 80
176 157 84
176 157 88
176 157 92
176 157 96
176 157 100
176 157 104
176 157 108
176 157 112
176 157 116
176 156 40
176 156 44
176 156 48
176 156 52
176 156 56
176 156 60
176 156 64
176 156 68
176 156 72
176 156 76
176 156 80
176 156 84
176 156 88
176 156 92
176 156 96
176 156 100
176 156 104
176 156 108
176 156 112
176 156 116
176 156 120
176 156 124
175 156 40
175 156 44
175 156 48
175 156 52
175 156 56
175 156 60
175 156 64
175 156 68
175 156 72
175 156 76
175 156 80
175 156 84
175 156 88
175 156 92
175 156 96
175 156 100
175 156 104
175 156 108
175 156 112
175 156 116
175 156 120
175 156 124
175 156 128
175 155 40
175 155 44
175 155 48
175 155 52
175 155 56
175 155 60
175 155 64
175 155 68
175 155 72
175 155 76
175 155 80
175 155 84
175 155 88
175 155 92
175 155 96
175 155 100
175 155 104
175 155 108
175 155 112
175 155 116
175 155 120
175 155 124
175 155 128
175 155 132
174 155 40
174 155 44
174 155 48
174 155 52
174 155 56
174 155 60
174 155 64
174 155 68
174 155 72
174 155 76
174 155 80
174 155 84
174 155 88
174 155 92
174 155 96
174 155 100
174 155 104
174 155 108
174 155 112
174 155 116
174 155 120
174 155 124
174 155 128
174 155 132
174 154 40
174 154 44
174 154 48
174 154 52
174 154 56
174 154 60
174 154 64
174 154 68
174 154 72
174 154 76
174 154 80
174 154 84
174 154 88
174 154 92
174 154 96
174 154 100
174 154 104
174 154 108
174 154 112
174 154 116
174 154 120
174 154 124
174 154 128
174 154 132
174 154 136
173 154 40
173 154 44
173 154 48
173 154 52
173 154 56
173 154 60
173 154 64
173 154 68
173 154 72
173 154 76
173 154 80
173 154 84
173 154 88
173 154 92
173 154 96
173 154 100
173 154 104
173 154 108
173 154 112
173 154 116
173 154 120
173 154 124
173 154 128
173 154 132
173 154 136
173 154 140
173 153 40
173 153 44
173 153 48
173 153 52
173 153 56
173 153 60
173 153 64
173 153 68
173 153 72
173 153 76
173 153 80
173 153 84
173 153 88
173 153 92
173 153 96
173 153 100
173 153 104
173 153 108
173 153 112
173 153 116
173 153 120
173 153 124
173 153 128
173 153 132
173 153 136
173 153 140
172 153 40
172 153 44
172 153 48
172 153 52
172 153 56
172 153 60
172 153 64
172 153 68
172 153 72
172 153 76
172 153 80
172 153 84
172 153 88
172 153 92
172 153 96
172 153 100
172 153 104
172 153 108
172 153 112
172 153 116
172 153 120
172 153 124
172 153 128
172 153 132
172 153 136
172 153 140
172 153 144
172 152 40
172 152 44
172 152 48
172 152 52
172 152 56
172 152 60
172 152 64
172 152 68
172 152 72
172 152 76
172 152 80
172 152 84
172 152 88
172 152 92
172 152 96
172 152 100
172 152 104
172 152 108
172 152 112
172 152 116
172 152 120
172 152 124
172 152 128
172 152 132
172 152 136
172 152 140
172 152 144
171 152 40
171 152 44
171 152 48
171 152 52
171 152 56
171 152 60
171 152 64
171 152 68
171 152 72
171 152 76
171 152 80
171 152 84
171 152 88
171 152 92
171 152 96
171 152 100
171 152 104
171 152 108
171 152 112
171 152 116
171 152 120
171 152 124
171 152 128
171 152 132
171 152 136
171 152 140
171 152 144
171 152 148
171 152 152
170 152 40
170 152 44
170 152 48
170 152 52
170 152 56
170 152 60
170 152 64
170 152 68
170 152 72
170 152 76
170 152 80
170 152 84
170 152 88
170 152 92
170 152 96
170 152 100
170 152 104
170 152 108
170 152 112
170 152 116
170 152 120
170 152 124
170 152 128
170 152 132
170 152 136
170 152 140
170 152 144
170 152 148
170 152 152
170 152 156
169 152 40
169 152 44
169 152 48
169 152 52
169 152 56
169 152 60
169 152 64
169 152 68
169 152 72
169 152 76
169 152 80
169 152 84
169 152 88
169 152 92
169 152 96
169 152 100
169 152 104
169 152 108
169 152 112
169 152 116
169 152 120
169 152 124
169 152 128
169 152 132
169 152 136
169 152 140
169 152 144
169 152 148
169 152 152
169 152 156
169 152 160
169 152 164
169 151 40
169 151 44
169 151 48
169 151 52
169 151 56
169 151 60
169 151 64
169 151 68
169 151 72
169 151 76
169 151 80
169 151 84
169 151 88
169 151 92
169 151 96
169 151 100
169 151 104
169 151 108
169 151 112
169 151 116
169 151 120
169 151 124
169 151 128
169 151 132
169 151 136
169 151 140
169 151 144
169 151 148
169 151 152
169 151 156
169 151 160
169 151 164
169 150 40
169 150 44
169 150 48
169 150 52
169 150 56
169 150 60
169 150 64
169 150 68
169 150 72
169 150 76
169 150 80
169 150 84
169 150 88
169 150 92
169 150 96
169 150 100
169 150 104
169 150 108
169 150 112
169 150 116
169 150 120
169 150 124
169 150 128
169 150 132
169 150 136
169 150 140
169 150 144
169 150 148
169 150 152
169 150 156
169 150 160
169 150 164
168 150 40
168 150 44
168 150 48
168 150 52
168 150 56
168 150 60
168 150 64
168 150 68
168 150 72
168 150 76
168 150 80
168 150 84
168 150 88
168 150 92
168 150 96
168 150 100
168 150 104
168 150 108
168 150 112
168 150 116
168 150 120
168 150 124
168 150 128
168 150 132
168 150 136
168 150 140
168 150 144
168 150 148
168 150 152
168 150 156
168 150 160
168 150 164
168 150 168
168 149 40
168 149 44
168 149 48
168 149 52
168 149 56
168 149 60
168 149 64
168 149 68
168 149 72
168 149 76
168 149 80
168 149 84
168 149 88
168 149 92
168 149 96
168 149 100
168 149 104
168 149 108
168 149 112
168 149 116
168 149 120
168 149 124
168 149 128
168 149 132
168 149 136
168 149 140
168 149 144
168 149 148
168 149 152
168 149 156
168 149 160
168 149 164
168 148 40
168 148 44
168 148 48
168 148 52
168 148 56
168 148 60
168 148 64
168 148 68
168 148 72
168 148 76
168 148 80
168 148 84
168 148 88
168 148 92
168 148 96
168 148 100
168 148 104
168 148 108
168 148 112
168 148 116
168 148 120
168 148 124
168 148 128
168 148 132
168 148 136
168 148 140
168 148 144
168 148 148
168 148 152
168 148 156
168 148 160
168 148 164
167 148 40
167 148 44
167 148 48
167 148 52
167 148 56
167 148 60
167 148 64
167 148 68
167 148 72
167 148 76
167 148 80
167 148 84
167 148 88
167 148 92
167 148 96
167 148 100
167 148 104
167 148 108
167 148 112
167 148 116
167 148 120
167 148 124
167 148 128
167 148 132
167 148 136
167 148 140
167 148 144
167 148 148
167 148 152
167 148 156
167 148 160
167 148 164
167 147 40
167 147 44
167 147 48
167 147 52
167 147 56
167 147 60
167 147 64
167 147 68
167 147 72
167 147 76
167 147 80
167 147 84
167 147 88
167 147 92
167 147 96
167 147 100
167 147 104
167 147 108
167 147 112
167 147 116
167 147 120
167 147 124
167 147 128
167 147 132
167 147 136
167 147 140
167 147 144
167 147 148
167 147 152
167 147 156
167 147 160
166 147 40
166 147 44
166 147 48
166 147 52
166 147 56
166 147 60
166 147 64
166 147 68
166 147 72
166 147 76
166 147 80
166 147 84
166 147 88
166 147 92
166 147 96
166 147 100
166 147 104
166 147 108
166 147 112
166 147 116
166 147 120
166 147 124
166 147 128
166 147 132
166 147 136
166 147 140
166 147 144
166 147 148
166 147 152
166 147 156
166 147 160
166 146 40
166 146 44
166 146 48
166 146 52
166 146 56
166 146 60
166 146 64
166 146 68
166 146 72
166 146 76
166 146 80
166 146 84
166 146 88
166 146 92
166 146 96
166 146 100
166 146 104
166 146 108
166 146 112
166 146 116
166 146 120
166 146 124
166 146 128
166 146 132
166 146 136
166 146 140
166 146 144
166 146 148
166 146 152
166 146 156
165 146 40
165 146 44
165 146 48
165 146 52
165 146 56
165 146 60
165 146 64
165 146 68
165 146 72
165 146 76
165 146 80
165 146 84
165 146 88
165 146 92
165 146 96
165 146 100
165 146 104
165 146 108
165 146 112
165 146 116
165 146 120
165 146 124
165 146 128
165 146 132
165 146 136
165 146 140
165 146 144
165 146 148
165 146 152
165 145 40
165 145 44
165 145 48
165 145 52
165 145 56
165 145 60
165 145 64
165 145 68
165 145 72
165 145 76
165 145 80
165 145 84
165 145 88
165 145 92
165 145 96
165 145 100
165 145 104
165 145 108
165 145 112
165 145 116
165 145 120
165 145 124
165 145 128
165 145 132
165 145 136
165 145 140
165 145 144
165 145 148
164 145 40
164 145 44
164 145 48
164 145 52
164 145 56
164 145 60
164 145 64
164 145 68
164 145 72
164 145 76
164 145 80
164 145 84
164 145 88
164 145 92
164 145 96
164 145 100
164 145 104
164 145 108
164 145 112
164 145 116
164 145 120
164 145 124
164 145 128
164 145 132
164 145 136
164 145 140
164 145 144
164 144 40
164 144 44
164 144 48
164 144 52
164 144 56
164 144 60
164 144 64
164 144 68
164 144 72
164 144 76
164 144 80
164 144 84
164 144 88
164 144 92
164 144 96
164 144 100
164 144 104
164 144 108
164 144 112
164 144 116
164 144 120
164 144 124
164 144 128
164 144 132
164 144 136
164 144 140
163 144 40
163 144 44
163 144 48
163 144 52
163 144 56
163 144 60
163 144 64
163 144 68
163 144 72
163 144 76
163 144 80
163 144 84
163 144 88
163 144 92
163 144 96
163 144 100
163 144 104
163 144 108
163 144 112
163 144 116
163 144 120
163 144 124
163 144 128
163 144 132
163 143 40
163 143 44
163 143 48
163 143 52
163 143 56
163 143 60
163 143 64
163 143 68
163 143 72
163 143 76
163 143 80
163 143 84
163 143 88
163 143 92
163 143 96
163 143 100
163 143 104
163 143 108
163 143 112
163 143 116
163 143 120
163 143 124
163 143 128
163 143 132
162 143 40
162 143 44
162 143 48
162 143 52
162 143 56
162 143 60
162 143 64
162 143 68
162 143 72
162 143 76
162 143 80
162 143 84
162 143 88
162 143 92
162 143 96
162 143 100
162 143 104
162 143 108
162 143 112
162 143 116
162 143 120
162 143 124
162 142 40
162 142 44
162 142 48
162 142 52
162 142 56
162 142 60
162 142 64
162 142 68
162 142 72
162 142 76
162 142 80
162 142 84
162 142 88
162 142 92
162 142 96
162 142 100
162 142 104
162 142 108
162 142 112
162 142 116
162 142 120
162 142 124
161 142 40
161 142 44
161 142 48
161 142 52
161 142 56
161 142 60
161 142 64
161 142 68
161 142 72
161 142 76
161 142 80
161 142 84
161 142 88
161 142 92
161 142 96
161 142 100
161 142 104
161 142 108
161 142 112
161 142 116
161 142 120
161 141 40
161 141 44
161 141 48
161 141 52
161 141 56
161 141 60
161 141 64
161 141 68
161 141 72
161 141 76
161 141 80
161 141 84
161 141 88
161 141 92
161 141 96
161 141 100
161 141 104
161 141 108
161 141 112
161 141 116
161 140 40
161 140 44
161 140 48
161 140 52
161 140 56
161 140 60
161 140 64
161 140 68
161 140 72
161 140 76
161 140 80
161 140 84
161 140 88
161 140 92
161 140 96
161 140 100
161 140 104
161 140 108
161 140 112
161 140 116
160 140 40
160 140 44
160 140 48
160 140 52
160 140 56
160 140 60
160 140 64
160 140 68
160 140 72
160 140 76
160 140 80
160 140 84
160 140 88
160 140 92
160 140 96
160 140 100
160 140 104
160 140 108
160 139 40
160 139 44
160 139 48
160 139 52
160 139 56
160 139 60
160 139 64
160 139 68
160 139 72
160 139 76
160 139 80
160 139 84
160 139 88
160 139 92
160 139 96
160 139 100
160 139 104
159 139 40
159 139 44
159 139 48
159 139 52
159 139 56
159 139 60
159 139 64
159 139 68
159 139 72
159 139 76
159 139 80
159 139 84
159 139 88
159 139 92
159 139 96
159 139 100
158 139 40
158 139 44
158 139 48
158 139 52
158 139 56
158 139 60
158 139 64
158 139 68
158 139 72
158 139 76
158 139 80
158 139 84
158 139 88
158 139 92
158 139 96
158 138 40
158 138 44
158 138 48
158 138 52
158 138 56
158 138 60
158 138 64
158 138 68
158 138 72
158 138 76
158 138 80
158 138 84
158 138 88
158 138 92
157 138 40
157 138 44
157 138 48
157 138 52
157 138 56
157 138 60
157 138 64
157 138 68
157 138 72
157 138 76
157 138 80
157 138 84
157 137 40
157 137 44
157 137 48
157 137 52
157 137 56
157 137 60
157 137 64
157 137 68
157 137 72
157 137 76
157 137 80
156 137 40
156 137 44
156 137 48
156 137 52
156 137 56
156 137 60
156 137 64
156 137 68
156 137 72
156 136 40
156 136 44
156 136 48
156 136 52
156 136 56
156 136 60
156 136 64
155 136 40
155 136 44
155 136 48
155 136 52
155 136 56
155 136 60
155 135 40
155 135 44
155 135 48
155 135 52
154 135 40
154 135 44
154 135 48
154 134 40
154 134 44
153 134 40
153 134 44
153 133 40
153 133 44
153 132 40
152 132 40
151 132 40
151 131 40
150 131 40
150 130 40
149 130 40
