9 9 100
9 29 100
9 49 100
9 69 100
9 89 100
9 109 100
9 129 100
9 149 100
9 169 100
9 189 100
29 9 100
29 29 100
29 49 100
29 69 100
29 89 100
29 109 100
29 129 100
29 149 100
29 169 100
29 189 100
49 9 100
49 29 100
49 49 100
49 69 100
49 89 100
49 109 100
49 129 100
49 149 100
49 169 100
49 189 100
69 9 100
69 29 100
69 49 100
69 69 100
69 89 100
69 109 100
69 129 100
69 149 100
69 169 100
69 189 100
89 9 100
89 29 100
89 49 100
89 69 100
89 89 100
89 109 100
89 129 100
89 149 100
89 169 100
89 189 100
109 9 100
109 29 100
109 49 100
109 69 100
109 89 100
109 109 100
109 129 100
109 149 100
109 169 100
109 189 100
129 9 100
129 29 100
129 49 100
129 69 100
129 89 100
129 109 100
129 129 100
129 149 100
129 169 100
129 189 100
149 9 100
149 29 100
149 49 100
149 69 100
149 89 100
149 109 100
149 129 100
149 149 100
149 169 100
149 189 100
169 9 100
169 29 100
169 49 100
169 69 100
169 89 100
169 109 100
169 129 100
169 149 100
169 169 100
169 189 100
189 9 100
189 29 100
189 49 100
189 69 100
189 89 100
189 109 100
189 129 100
189 149 100
189 169 100
189 189 100
9 29 100
9 49 100
9 149 100
9 169 100
9 189 100
29 9 100
29 89 100
29 109 100
29 129 100
29 169 100
49 9 100
49 109 100
49 129 100
49 189 100
69 9 100
69 29 100
69 49 100
69 69 100
69 89 100
69 149 100
69 169 100
89 29 100
89 69 100
89 109 100
89 149 100
109 49 100
109 69 100
109 89 100
109 189 100
129 29 100
129 69 100
129 89 100
129 109 100
129 129 100
129 149 100
129 169 100
149 29 100
149 49 100
149 69 100
149 89 100
149 129 100
149 149 100
149 189 100
169 29 100
169 109 100
169 129 100
169 149 100
189 29 100
189 69 100
189 89 100
189 109 100
189 149 100
189 189 100
31 189 40
31 189 48
56 19 40
56 19 48
56 19 56
32 66 40
117 0 40
152 102 40
96 163 40
87 39 40
87 39 48
187 4 40
164 71 40
164 71 48
165 188 40
7 102 40
7 101 40
7 100 40
7 99 40
7 98 40
7 97 40
7 96 40
7 95 40
7 94 40
7 93 40
7 92 40
7 91 40
7 90 40
7 89 40
7 88 40
7 87 40
7 86 40
7 85 40
7 84 40
7 83 40
7 82 40
7 81 40
7 80 40
7 79 40
7 78 40
7 77 40
7 76 40
7 75 40
7 74 40
7 73 40
7 72 40
7 71 40
7 70 40
7 69 40
8 69 40
10 69 40
11 69 40
12 69 40
13 69 40
14 69 40
15 69 40
16 69 40
17 69 40
18 69 40
19 69 40
20 69 40
21 69 40
22 69 40
23 69 40
24 69 40
25 69 40
26 69 40
27 69 40
28 69 40
29 68 40
30 68 40
30 67 40
31 67 40
31 66 40
186 4 40
185 4 40
184 4 40
183 4 40
182 4 40
181 4 40
180 4 40
179 4 40
178 4 40
177 4 40
176 4 40
175 4 40
174 4 40
173 4 40
172 4 40
171 4 40
170 4 40
169 4 40
169 3 40
168 3 40
167 3 40
166 3 40
165 3 40
164 3 40
163 3 40
162 3 40
161 3 40
160 3 40
159 3 40
158 3 40
157 3 40
156 3 40
155 3 40
154 3 40
153 3 40
152 3 40
151 3 40
150 3 40
149 3 40
148 3 40
147 3 40
146 3 40
145 3 40
144 3 40
143 3 40
142 3 40
141 3 40
140 3 40
139 3 40
138 3 40
137 3 40
136 3 40
135 3 40
134 3 40
133 3 40
132 3 40
131 3 40
130 3 40
129 3 40
129 2 40
129 1 40
129 0 40
128 0 40
127 0 40
126 0 40
125 0 40
124 0 40
123 0 40
122 0 40
121 0 40
120 0 40
119 0 40
118 0 40
87 40 40
87 40 48
87 41 40
87 42 40
87 43 40
87 44 40
87 45 40
87 46 40
87 47 40
87 48 40
87 49 40
86 49 40
85 49 40
84 49 40
83 49 40
82 49 40
81 49 40
80 49 40
79 49 40
78 49 40
77 49 40
76 49 40
75 49 40
74 49 40
74 49 48
73 49 40
73 49 48
72 49 40
72 49 48
71 49 40
71 49 48
71 49 56
70 49 40
70 49 48
70 49 56
68 49 40
68 49 48
68 49 56
68 49 64
67 49 40
67 49 48
67 49 56
67 49 64
66 49 40
66 49 48
66 49 56
66 49 64
65 49 40
65 49 48
65 49 56
65 49 64
64 49 40
64 49 48
64 49 56
64 49 64
63 49 40
63 49 48
63 49 56
63 49 64
62 49 40
62 49 48
62 49 56
62 49 64
61 49 40
61 49 48
61 49 56
60 49 40
60 49 48
60 49 56
59 49 40
59 49 48
59 49 56
58 49 40
58 49 48
57 49 40
57 49 48
56 49 40
56 49 48
55 49 40
55 49 48
54 49 40
54 49 48
53 49 40
52 49 40
51 49 40
50 49 40
48 49 40
47 49 40
46 49 40
45 49 40
44 49 40
43 49 40
42 49 40
41 49 40
40 49 40
39 49 40
38 49 40
37 49 40
36 49 40
35 49 40
34 49 40
33 49 40
32 49 40
31 49 40
30 49 40
29 50 40
29 51 40
29 52 40
29 53 40
29 54 40
29 55 40
29 56 40
29 57 40
29 58 40
29 59 40
29 60 40
29 61 40
29 62 40
29 63 40
29 64 40
29 65 40
29 66 40
29 67 40
96 164 40
96 165 40
96 166 40
97 166 40
98 166 40
99 166 40
100 166 40
101 166 40
102 166 40
103 166 40
104 166 40
105 166 40
106 166 40
107 166 40
108 166 40
109 166 40
109 165 40
109 164 40
109 163 40
109 162 40
109 161 40
109 160 40
109 159 40
109 158 40
109 157 40
109 156 40
109 155 40
109 154 40
109 153 40
109 152 40
109 151 40
109 150 40
109 148 40
109 147 40
109 146 40
109 145 40
109 144 40
109 143 40
109 142 40
109 141 40
109 140 40
109 139 40
109 138 40
109 137 40
109 136 40
109 135 40
109 134 40
109 133 40
109 132 40
109 131 40
109 130 40
108 129 40
107 129 40
106 129 40
105 129 40
104 129 40
103 129 40
102 129 40
101 129 40
100 129 40
99 129 40
98 129 40
97 129 40
96 129 40
95 129 40
94 129 40
93 129 40
92 129 40
91 129 40
90 129 40
88 129 40
87 129 40
87 129 48
86 129 40
86 129 48
85 129 40
85 129 48
85 129 56
84 129 40
84 129 48
84 129 56
84 129 64
83 129 40
83 129 48
83 129 56
83 129 64
82 129 40
82 129 48
82 129 56
82 129 64
82 129 72
81 129 40
81 129 48
81 129 56
81 129 64
81 129 72
81 129 80
80 129 40
80 129 48
80 129 56
80 129 64
80 129 72
80 129 80
80 129 88
79 129 40
79 129 48
79 129 56
79 129 64
79 129 72
79 129 80
79 129 88
78 129 40
78 129 48
78 129 56
78 129 64
78 129 72
78 129 80
78 129 88
77 129 40
77 129 48
77 129 56
77 129 64
77 129 72
77 129 80
76 129 40
76 129 48
76 129 56
76 129 64
76 129 72
75 129 40
75 129 48
75 129 56
75 129 64
75 129 72
74 129 40
74 129 48
74 129 56
74 129 64
73 129 40
73 129 48
73 129 56
72 129 40
72 129 48
72 129 56
71 129 40
71 129 48
71 129 56
70 129 40
70 129 48
69 128 40
69 128 48
69 127 40
69 127 48
69 126 40
69 126 48
69 125 40
69 125 48
69 124 40
69 124 48
69 123 40
69 123 48
69 122 40
69 122 48
69 121 40
69 121 48
69 120 40
69 120 48
69 119 40
69 119 48
69 118 40
69 118 48
69 117 40
69 117 48
69 116 40
69 116 48
69 115 40
69 115 48
69 114 40
69 113 40
69 112 40
69 111 40
69 110 40
68 109 40
68 108 40
67 108 40
67 107 40
66 107 40
66 106 40
65 106 40
65 105 40
64 105 40
64 105 48
64 104 40
64 104 48
64 103 40
64 103 48
64 103 56
63 103 40
63 103 48
63 103 56
63 103 64
62 103 40
62 103 48
62 103 56
62 103 64
62 102 40
62 102 48
62 102 56
62 102 64
62 102 72
62 102 80
61 102 40
61 102 48
61 102 56
61 102 64
61 102 72
61 102 80
61 101 40
61 101 48
61 101 56
61 101 64
61 101 72
61 101 80
61 101 88
61 101 96
61 101 104
61 100 40
61 100 48
61 100 56
61 100 64
61 100 72
61 100 80
61 100 88
61 100 96
61 100 104
61 100 112
61 100 120
60 100 40
60 100 48
60 100 56
60 100 64
60 100 72
60 100 80
60 100 88
60 100 96
60 100 104
60 100 112
60 100 120
60 99 40
60 99 48
60 99 56
60 99 64
60 99 72
60 99 80
60 99 88
60 99 96
60 99 104
60 99 112
60 99 120
60 99 128
59 99 40
59 99 48
59 99 56
59 99 64
59 99 72
59 99 80
59 99 88
59 99 96
59 99 104
59 99 112
59 99 120
59 99 128
58 99 40
58 99 48
58 99 56
58 99 64
58 99 72
58 99 80
58 99 88
58 99 96
58 99 104
58 99 112
58 99 120
58 98 40
58 98 48
58 98 56
58 98 64
58 98 72
58 98 80
58 98 88
58 98 96
58 98 104
58 98 112
58 98 120
57 98 40
57 98 48
57 98 56
57 98 64
57 98 72
57 98 80
57 98 88
57 98 96
57 98 104
57 98 112
57 97 40
57 97 48
57 97 56
57 97 64
57 97 72
57 97 80
57 97 88
57 97 96
57 97 104
57 97 112
57 96 40
57 96 48
57 96 56
57 96 64
57 96 72
57 96 80
57 96 88
57 96 96
57 96 104
56 96 40
56 96 48
56 96 56
56 96 64
56 96 72
56 96 80
56 96 88
56 96 96
56 95 40
56 95 48
56 95 56
56 95 64
56 95 72
56 95 80
56 95 88
55 95 40
55 95 48
55 95 56
55 95 64
55 95 72
55 95 80
54 95 40
54 95 48
54 95 56
54 95 64
54 94 40
54 94 48
54 94 56
54 94 64
54 93 40
54 93 48
54 93 56
53 93 40
53 93 48
53 93 56
53 92 40
53 92 48
52 92 40
52 92 48
52 91 40
52 91 48
51 91 40
51 91 48
51 90 40
50 90 40
50 89 40
49 88 40
49 87 40
49 86 40
49 85 40
49 84 40
49 83 40
49 82 40
49 81 40
49 80 40
49 79 40
49 78 40
49 77 40
49 76 40
49 75 40
49 74 40
49 73 40
49 72 40
49 71 40
49 70 40
48 69 40
47 69 40
46 69 40
45 69 40
44 69 40
43 69 40
42 69 40
41 69 40
40 69 40
39 69 40
38 69 40
37 69 40
36 69 40
35 69 40
34 69 40
33 69 40
32 69 40
31 69 40
30 69 40
152 103 40
152 104 40
152 105 40
152 106 40
152 107 40
151 107 40
151 108 40
150 108 40
150 109 40
148 109 40
147 109 40
146 109 40
145 109 40
144 109 40
143 109 40
142 109 40
142 109 48
141 109 40
141 109 48
140 109 40
140 109 48
140 109 56
139 109 40
139 109 48
139 109 56
138 109 40
138 109 48
138 109 56
138 109 64
137 109 40
137 109 48
137 109 56
137 109 64
136 109 40
136 109 48
136 109 56
136 109 64
135 109 40
135 109 48
135 109 56
135 109 64
134 109 40
134 109 48
134 109 56
134 109 64
133 109 40
133 109 48
133 109 56
133 109 64
132 109 40
132 109 48
132 109 56
132 109 64
131 109 40
131 109 48
131 109 56
131 109 64
130 109 40
130 109 48
130 109 56
128 109 40
128 109 48
127 109 40
127 109 48
126 109 40
126 109 48
125 109 40
124 109 40
123 109 40
122 109 40
121 109 40
120 109 40
119 109 40
118 109 40
117 109 40
116 109 40
115 109 40
114 109 40
113 109 40
112 109 40
111 109 40
110 109 40
109 110 40
109 111 40
109 112 40
109 113 40
109 114 40
109 115 40
109 116 40
109 117 40
109 118 40
109 119 40
109 120 40
109 121 40
109 122 40
109 123 40
109 124 40
109 125 40
109 126 40
109 127 40
109 128 40
165 71 40
165 71 48
166 71 40
166 71 48
167 71 40
168 71 40
169 71 40
169 72 40
169 73 40
169 73 48
169 74 40
169 74 48
169 75 40
169 75 48
169 76 40
169 76 48
169 77 40
169 77 48
169 78 40
169 78 48
169 79 40
169 79 48
169 80 40
169 80 48
169 81 40
169 81 48
169 82 40
169 83 40
169 84 40
169 85 40
169 86 40
169 87 40
169 88 40
169 90 40
168 90 40
168 91 40
168 92 40
168 93 40
168 94 40
168 95 40
168 96 40
168 97 40
168 98 40
168 99 40
168 100 40
168 101 40
168 102 40
168 103 40
168 104 40
168 105 40
168 106 40
168 107 40
167 107 40
166 107 40
165 107 40
164 107 40
163 107 40
162 107 40
161 107 40
160 107 40
159 107 40
158 107 40
157 107 40
156 107 40
155 107 40
154 107 40
153 107 40
166 188 40
167 188 40
168 188 40
169 188 40
169 188 48
169 187 40
169 187 48
169 186 40
169 185 40
169 184 40
169 183 40
169 182 40
169 181 40
169 180 40
169 179 40
169 178 40
169 177 40
169 176 40
169 175 40
169 174 40
169 173 40
169 172 40
169 171 40
169 170 40
168 169 40
167 169 40
166 169 40
165 169 40
164 169 40
163 169 40
162 169 40
161 169 40
160 169 40
159 169 40
158 169 40
157 169 40
156 169 40
155 169 40
154 169 40
153 169 40
152 169 40
151 169 40
150 169 40
148 169 40
147 169 40
146 169 40
145 169 40
144 169 40
143 169 40
142 169 40
141 169 40
140 169 40
139 169 40
138 169 40
137 169 40
137 169 48
136 169 40
136 169 48
135 169 40
135 169 48
135 169 56
134 169 40
134 169 48
134 169 56
134 169 64
133 169 40
133 169 48
133 169 56
133 169 64
132 169 40
132 169 48
132 169 56
132 169 64
132 169 72
131 169 40
131 169 48
131 169 56
131 169 64
131 169 72
130 169 40
130 169 48
130 169 56
130 169 64
128 169 40
128 169 48
128 169 56
127 169 40
127 169 48
127 169 56
126 169 40
126 169 48
125 169 40
125 169 48
124 169 40
124 169 48
123 169 40
122 169 40
121 169 40
120 169 40
119 169 40
118 169 40
117 169 40
116 169 40
115 169 40
114 169 40
113 169 40
112 169 40
111 169 40
110 169 40
109 168 40
109 167 40
