9 9 100
9 29 100
9 49 100
9 69 100
9 89 100
9 109 100
9 129 100
9 149 100
9 169 100
9 189 100
29 9 100
29 29 100
29 49 100
29 69 100
29 89 100
29 109 100
29 129 100
29 149 100
29 169 100
29 189 100
49 9 100
49 29 100
49 49 100
49 69 100
49 89 100
49 109 100
49 129 100
49 149 100
49 169 100
49 189 100
69 9 100
69 29 100
69 49 100
69 69 100
69 89 100
69 109 100
69 129 100
69 149 100
69 169 100
69 189 100
89 9 100
89 29 100
89 49 100
89 69 100
89 89 100
89 109 100
89 129 100
89 149 100
89 169 100
89 189 100
109 9 100
109 29 100
109 49 100
109 69 100
109 89 100
109 109 100
109 129 100
109 149 100
109 169 100
109 189 100
129 9 100
129 29 100
129 49 100
129 69 100
129 89 100
129 109 100
129 129 100
129 149 100
129 169 100
129 189 100
149 9 100
149 29 100
149 49 100
149 69 100
149 89 100
149 109 100
149 129 100
149 149 100
149 169 100
149 189 100
169 9 100
169 29 100
169 49 100
169 69 100
169 89 100
169 109 100
169 129 100
169 149 100
169 169 100
169 189 100
189 9 100
189 29 100
189 49 100
189 69 100
189 89 100
189 109 100
189 129 100
189 149 100
189 169 100
189 189 100
9 9 100
9 49 100
9 69 100
9 109 100
9 129 100
9 149 100
9 189 100
29 29 100
29 69 100
29 89 100
29 129 100
29 149 100
29 189 100
49 49 100
49 89 100
49 109 100
49 129 100
49 149 100
49 189 100
69 29 100
69 49 100
69 89 100
69 129 100
69 169 100
69 189 100
89 9 100
89 49 100
89 89 100
89 129 100
89 149 100
109 49 100
109 89 100
109 109 100
129 9 100
129 29 100
129 69 100
129 89 100
129 149 100
129 169 100
149 9 100
149 29 100
149 89 100
149 109 100
149 129 100
149 149 100
169 9 100
169 29 100
169 49 100
169 69 100
169 149 100
169 169 100
189 9 100
189 49 100
189 109 100
189 129 100
189 149 100
189 169 100
51 77 40
74 105 40
74 105 72
74 105 104
74 105 136
26 177 40
42 1 40
137 51 40
10 101 40
131 109 40
116 10 40
10 102 40
10 103 40
10 104 40
10 104 72
10 105 40
10 105 72
10 106 40
10 106 72
10 107 40
10 107 72
10 107 104
10 108 40
10 108 72
10 108 104
11 108 40
11 108 72
11 108 104
11 108 136
12 108 40
12 108 72
12 108 104
12 108 136
12 108 168
13 108 40
13 108 72
13 108 104
13 108 136
13 108 168
13 108 200
14 108 40
14 108 72
14 108 104
14 108 136
14 108 168
14 108 200
14 108 232
15 108 40
15 108 72
15 108 104
15 108 136
15 108 168
15 108 200
15 108 232
15 108 264
16 108 40
16 108 72
16 108 104
16 108 136
16 108 168
16 108 200
16 108 232
16 108 264
17 108 40
17 108 72
17 108 104
17 108 136
17 108 168
17 108 200
17 108 232
17 108 264
18 108 40
18 108 72
18 108 104
18 108 136
18 108 168
18 108 200
18 108 232
19 108 40
19 108 72
19 108 104
19 108 136
19 108 168
19 108 200
19 108 232
20 108 40
20 108 72
20 108 104
20 108 136
20 108 168
20 108 200
21 108 40
21 108 72
21 108 104
21 108 136
22 108 40
22 108 72
22 108 104
23 108 40
23 108 72
23 108 104
24 108 40
24 108 72
25 108 40
25 108 72
26 108 40
27 108 40
28 108 40
29 108 40
30 109 40
30 109 72
31 109 40
31 109 72
32 109 40
32 109 72
33 109 40
33 109 72
33 109 104
34 109 40
34 109 72
34 109 104
35 109 40
35 109 72
35 109 104
35 109 136
36 109 40
36 109 72
36 109 104
36 109 136
36 109 168
37 109 40
37 109 72
37 109 104
37 109 136
37 109 168
37 109 200
37 109 232
38 109 40
38 109 72
38 109 104
38 109 136
38 109 168
38 109 200
38 109 232
38 109 264
39 109 40
39 109 72
39 109 104
39 109 136
39 109 168
39 109 200
39 109 232
39 109 264
40 109 40
40 109 72
40 109 104
40 109 136
40 109 168
40 109 200
40 109 232
40 109 264
40 109 296
41 109 40
41 109 72
41 109 104
41 109 136
41 109 168
41 109 200
41 109 232
41 109 264
41 109 296
42 109 40
42 109 72
42 109 104
42 109 136
42 109 168
42 109 200
42 109 232
42 109 264
42 109 296
43 109 40
43 109 72
43 109 104
43 109 136
43 109 168
43 109 200
43 109 232
43 109 264
44 109 40
44 109 72
44 109 104
44 109 136
44 109 168
44 109 200
44 109 232
45 109 40
45 109 72
45 109 104
45 109 136
45 109 168
45 109 200
46 109 40
46 109 72
46 109 104
46 109 136
46 109 168
47 109 40
47 109 72
47 109 104
47 109 136
48 109 40
48 109 72
48 109 104
50 109 40
50 109 72
51 109 40
51 109 72
52 109 40
53 109 40
54 109 40
55 109 40
56 109 40
57 109 40
58 109 40
59 109 40
60 109 40
61 109 40
62 109 40
63 109 40
64 109 40
65 109 40
66 109 40
67 109 40
68 109 40
70 109 40
70 108 40
71 108 40
71 107 40
72 107 40
72 106 40
72 106 72
73 106 40
73 106 72
74 106 40
74 106 72
74 106 104
130 109 40
129 110 40
129 111 40
129 112 40
129 113 40
129 114 40
129 115 40
129 116 40
129 117 40
129 118 40
129 119 40
129 120 40
129 121 40
129 122 40
129 123 40
129 124 40
129 125 40
129 126 40
129 127 40
129 128 40
129 128 72
128 129 40
128 129 72
127 129 40
127 129 72
126 129 40
126 129 72
125 129 40
125 129 72
124 129 40
124 129 72
123 129 40
123 129 72
122 129 40
122 129 72
121 129 40
121 129 72
120 129 40
119 129 40
118 129 40
117 129 40
116 129 40
115 129 40
114 129 40
113 129 40
112 129 40
111 129 40
110 129 40
108 129 40
108 128 40
108 127 40
107 127 40
107 126 40
106 126 40
106 125 40
105 125 40
105 124 40
104 124 40
103 124 40
103 123 40
102 123 40
102 122 40
101 122 40
101 121 40
100 121 40
100 120 40
100 119 40
100 119 72
99 119 40
99 119 72
99 118 40
99 118 72
98 118 40
98 118 72
98 117 40
98 117 72
98 117 104
97 117 40
97 117 72
97 117 104
96 117 40
96 117 72
96 116 40
96 116 72
96 116 104
95 116 40
95 116 72
95 116 104
95 115 40
95 115 72
95 115 104
94 115 40
94 115 72
94 115 104
94 114 40
94 114 72
94 114 104
93 114 40
93 114 72
93 114 104
93 113 40
93 113 72
93 113 104
92 113 40
92 113 72
92 113 104
92 112 40
92 112 72
92 112 104
91 112 40
91 112 72
91 112 104
91 111 40
91 111 72
91 111 104
90 111 40
90 111 72
90 111 104
90 110 40
90 110 72
89 110 40
89 110 72
88 109 40
88 109 72
87 109 40
87 109 72
86 109 40
86 109 72
85 109 40
85 109 72
84 109 40
84 109 72
84 109 104
83 109 40
83 109 72
83 109 104
82 109 40
82 109 72
82 109 104
81 109 40
81 109 72
81 109 104
80 109 40
80 109 72
80 109 104
79 109 40
79 109 72
79 109 104
78 109 40
78 109 72
78 109 104
77 109 40
77 109 72
77 109 104
76 109 40
76 109 72
75 109 40
75 109 72
74 109 40
73 109 40
72 109 40
71 109 40
115 10 40
114 10 40
113 10 40
112 10 40
111 10 40
110 10 40
109 10 40
109 11 40
109 12 40
109 13 40
109 14 40
109 15 40
109 16 40
109 17 40
109 18 40
109 19 40
109 20 40
109 21 40
109 22 40
109 23 40
109 24 40
109 25 40
109 26 40
109 27 40
109 28 40
108 29 40
108 29 72
107 29 40
107 29 72
106 29 40
106 29 72
105 29 40
105 29 72
104 29 40
104 29 72
103 29 40
103 29 72
102 29 40
102 29 72
101 29 40
101 29 72
100 29 40
100 29 72
99 29 40
99 29 72
98 29 40
98 29 72
97 29 40
97 29 72
96 29 40
96 29 72
95 29 40
94 29 40
93 29 40
92 29 40
91 29 40
90 29 40
89 28 40
88 28 40
88 27 40
87 27 40
87 26 40
86 26 40
86 25 40
85 25 40
85 24 40
84 24 40
84 23 40
83 23 40
83 22 40
82 22 40
81 22 40
81 21 40
81 20 40
80 20 40
79 20 40
79 19 40
78 19 40
78 19 72
78 18 40
78 18 72
77 18 40
77 18 72
77 17 40
77 17 72
76 17 40
76 17 72
76 16 40
76 16 72
76 15 40
76 15 72
75 15 40
75 15 72
74 15 40
74 15 72
74 14 40
74 14 72
73 14 40
73 14 72
73 13 40
73 13 72
73 12 40
73 12 72
72 12 40
72 12 72
72 11 40
72 11 72
71 11 40
71 10 40
70 10 40
70 9 40
69 8 40
69 7 40
69 7 72
69 6 40
69 6 72
68 6 40
68 6 72
67 6 40
67 6 72
66 6 40
66 6 72
65 6 40
65 6 72
64 6 40
64 6 72
63 6 40
63 6 72
62 6 40
62 6 72
61 6 40
61 6 72
60 6 40
60 6 72
60 6 104
59 6 40
59 6 72
59 6 104
58 6 40
58 6 72
58 6 104
57 6 40
57 6 72
57 6 104
57 6 136
56 6 40
56 6 72
56 6 104
56 6 136
55 6 40
55 6 72
55 6 104
55 6 136
55 6 168
54 6 40
54 6 72
54 6 104
54 6 136
54 6 168
53 6 40
53 6 72
53 6 104
53 6 136
53 6 168
52 6 40
52 6 72
52 6 104
52 6 136
52 6 168
51 6 40
51 6 72
51 6 104
51 6 136
51 6 168
50 6 40
50 6 72
50 6 104
50 6 136
50 6 168
49 6 40
49 6 72
49 6 104
49 6 136
49 5 40
49 5 72
49 5 104
49 5 136
49 5 168
49 4 40
49 4 72
49 4 104
49 4 136
49 4 168
49 4 200
49 3 40
49 3 72
49 3 104
49 3 136
49 3 168
49 3 200
49 3 232
49 3 264
49 2 40
49 2 72
49 2 104
49 2 136
49 2 168
49 2 200
49 2 232
49 2 264
49 1 40
49 1 72
49 1 104
49 1 136
49 1 168
49 1 200
49 1 232
49 1 264
49 1 296
48 1 40
48 1 72
48 1 104
48 1 136
48 1 168
48 1 200
48 1 232
48 1 264
47 1 40
47 1 72
47 1 104
47 1 136
47 1 168
47 1 200
46 1 40
46 1 72
46 1 104
46 1 136
46 1 168
45 1 40
45 1 72
45 1 104
45 1 136
44 1 40
44 1 72
44 1 104
43 1 40
43 1 72
136 51 40
135 51 40
134 51 40
134 51 72
133 51 40
133 51 72
132 51 40
132 51 72
131 51 40
131 51 72
131 50 40
131 50 72
130 50 40
130 50 72
130 49 40
130 49 72
129 48 40
129 48 72
129 48 104
128 48 40
128 48 72
128 47 40
128 47 72
128 47 104
127 47 40
127 47 72
127 46 40
127 46 72
127 46 104
126 46 40
126 46 72
126 45 40
126 45 72
126 45 104
125 45 40
125 45 72
125 44 40
125 44 72
124 44 40
124 44 72
124 43 40
124 43 72
123 43 40
123 43 72
122 43 40
122 43 72
122 42 40
122 42 72
121 42 40
121 42 72
121 41 40
121 41 72
120 41 40
120 41 72
120 40 40
120 40 72
120 39 40
120 39 72
120 39 104
119 39 40
119 39 72
119 38 40
119 38 72
119 38 104
118 38 40
118 38 72
117 38 40
117 38 72
117 37 40
117 37 72
117 37 104
116 37 40
116 37 72
116 37 104
116 36 40
116 36 72
116 36 104
115 36 40
115 36 72
115 36 104
115 35 40
115 35 72
115 35 104
114 35 40
114 35 72
114 35 104
114 34 40
114 34 72
114 34 104
113 34 40
113 34 72
113 34 104
113 33 40
113 33 72
113 32 40
113 32 72
112 32 40
112 32 72
111 32 40
111 32 72
111 31 40
111 31 72
110 31 40
110 31 72
110 30 40
110 30 72
109 30 40
109 30 72
