9 9 100
9 29 100
9 49 100
9 69 100
9 89 100
9 109 100
9 129 100
9 149 100
9 169 100
9 189 100
29 9 100
29 29 100
29 49 100
29 69 100
29 89 100
29 109 100
29 129 100
29 149 100
29 169 100
29 189 100
49 9 100
49 29 100
49 49 100
49 69 100
49 89 100
49 109 100
49 129 100
49 149 100
49 169 100
49 189 100
69 9 100
69 29 100
69 49 100
69 69 100
69 89 100
69 109 100
69 129 100
69 149 100
69 169 100
69 189 100
89 9 100
89 29 100
89 49 100
89 69 100
89 89 100
89 109 100
89 129 100
89 149 100
89 169 100
89 189 100
109 9 100
109 29 100
109 49 100
109 69 100
109 89 100
109 109 100
109 129 100
109 149 100
109 169 100
109 189 100
129 9 100
129 29 100
129 49 100
129 69 100
129 89 100
129 109 100
129 129 100
129 149 100
129 169 100
129 189 100
149 9 100
149 29 100
149 49 100
149 69 100
149 89 100
149 109 100
149 129 100
149 149 100
149 169 100
149 189 100
169 9 100
169 29 100
169 49 100
169 69 100
169 89 100
169 109 100
169 129 100
169 149 100
169 169 100
169 189 100
189 9 100
189 29 100
189 49 100
189 69 100
189 89 100
189 109 100
189 129 100
189 149 100
189 169 100
189 189 100
9 9 100
9 29 100
9 49 100
9 69 100
9 109 100
9 129 100
9 169 100
29 29 100
29 49 100
29 69 100
29 109 100
29 129 100
29 149 100
29 169 100
29 189 100
49 29 100
49 49 100
49 69 100
49 89 100
49 149 100
49 189 100
69 49 100
69 69 100
69 89 100
69 129 100
69 149 100
69 169 100
69 189 100
89 9 100
89 29 100
89 49 100
89 69 100
89 109 100
89 129 100
89 149 100
89 169 100
109 9 100
109 49 100
109 69 100
109 89 100
109 109 100
109 129 100
109 149 100
109 169 100
109 189 100
129 29 100
129 49 100
129 69 100
129 89 100
129 129 100
129 149 100
129 189 100
149 9 100
149 49 100
149 69 100
149 89 100
149 109 100
149 189 100
169 9 100
169 29 100
169 49 100
169 69 100
169 89 100
169 109 100
169 129 100
169 149 100
169 169 100
169 189 100
189 9 100
189 29 100
189 109 100
189 189 100
131 60 40
131 60 48
131 60 56
131 60 64
33 199 40
33 199 48
33 199 56
152 167 40
48 120 40
188 142 40
194 46 40
83 7 40
83 7 48
148 24 40
193 46 40
192 46 40
192 47 40
191 47 40
191 48 40
190 48 40
190 49 40
189 50 40
188 50 40
187 50 40
186 50 40
185 50 40
185 50 48
184 50 40
184 50 48
184 50 56
183 50 40
183 50 48
183 50 56
182 50 40
182 50 48
182 50 56
182 50 64
182 50 72
181 50 40
181 50 48
181 50 56
181 50 64
181 50 72
181 50 80
180 50 40
180 50 48
180 50 56
180 50 64
180 50 72
180 50 80
180 50 88
179 50 40
179 50 48
179 50 56
179 50 64
179 50 72
179 50 80
179 50 88
179 50 96
179 50 104
178 50 40
178 50 48
178 50 56
178 50 64
178 50 72
178 50 80
178 50 88
178 50 96
178 50 104
178 50 112
177 50 40
177 50 48
177 50 56
177 50 64
177 50 72
177 50 80
177 50 88
177 50 96
177 50 104
177 50 112
176 50 40
176 50 48
176 50 56
176 50 64
176 50 72
176 50 80
176 50 88
176 50 96
176 50 104
176 50 112
175 50 40
175 50 48
175 50 56
175 50 64
175 50 72
175 50 80
175 50 88
175 50 96
175 50 104
175 50 112
174 50 40
174 50 48
174 50 56
174 50 64
174 50 72
174 50 80
174 50 88
174 50 96
174 50 104
173 50 40
173 50 48
173 50 56
173 50 64
173 50 72
173 50 80
173 50 88
173 50 96
172 50 40
172 50 48
172 50 56
172 50 64
172 50 72
172 50 80
172 50 88
171 50 40
171 50 48
171 50 56
171 50 64
171 50 72
171 50 80
170 50 40
170 50 48
170 50 56
170 50 64
169 50 40
169 50 48
169 50 56
168 50 40
168 50 48
168 50 56
168 51 40
168 51 48
168 51 56
167 51 40
167 51 48
167 52 40
167 52 48
166 52 40
166 52 48
165 52 40
165 52 48
165 53 40
165 53 48
165 54 40
165 54 48
164 54 40
164 54 48
164 55 40
164 55 48
163 55 40
163 55 48
162 55 40
162 55 48
162 56 40
162 56 48
162 57 40
162 57 48
162 57 56
161 57 40
161 57 48
161 57 56
160 57 40
160 57 48
160 57 56
160 58 40
160 58 48
160 58 56
160 58 64
159 58 40
159 58 48
159 58 56
159 59 40
159 59 48
159 59 56
159 59 64
159 60 40
159 60 48
159 60 56
159 60 64
159 60 72
158 60 40
158 60 48
158 60 56
158 60 64
158 60 72
158 61 40
158 61 48
158 61 56
158 61 64
158 61 72
158 61 80
157 61 40
157 61 48
157 61 56
157 61 64
157 61 72
157 61 80
157 62 40
157 62 48
157 62 56
157 62 64
157 62 72
157 62 80
157 62 88
156 62 40
156 62 48
156 62 56
156 62 64
156 62 72
156 62 80
156 62 88
155 62 40
155 62 48
155 62 56
155 62 64
155 62 72
155 62 80
155 62 88
155 63 40
155 63 48
155 63 56
155 63 64
155 63 72
155 63 80
155 63 88
155 63 96
154 63 40
154 63 48
154 63 56
154 63 64
154 63 72
154 63 80
154 63 88
154 63 96
154 64 40
154 64 48
154 64 56
154 64 64
154 64 72
154 64 80
154 64 88
154 64 96
154 64 104
153 64 40
153 64 48
153 64 56
153 64 64
153 64 72
153 64 80
153 64 88
153 64 96
153 64 104
153 65 40
153 65 48
153 65 56
153 65 64
153 65 72
153 65 80
153 65 88
153 65 96
153 65 104
152 65 40
152 65 48
152 65 56
152 65 64
152 65 72
152 65 80
152 65 88
152 65 96
151 65 40
151 65 48
151 65 56
151 65 64
151 65 72
151 65 80
151 65 88
151 65 96
150 65 40
150 65 48
150 65 56
150 65 64
150 65 72
150 65 80
150 65 88
149 65 40
149 65 48
149 65 56
149 65 64
149 65 72
149 65 80
148 65 40
148 65 48
148 65 56
148 65 64
148 65 72
147 65 40
147 65 48
147 65 56
147 65 64
146 65 40
146 65 48
146 65 56
145 65 40
145 65 48
145 65 56
144 65 40
144 65 48
144 65 56
144 64 40
144 64 48
144 64 56
144 63 40
144 63 48
144 63 56
144 63 64
143 63 40
143 63 48
143 63 56
143 63 64
142 63 40
142 63 48
142 63 56
142 63 64
142 62 40
142 62 48
142 62 56
142 62 64
142 62 72
142 61 40
142 61 48
142 61 56
142 61 64
142 61 72
141 61 40
141 61 48
141 61 56
141 61 64
141 61 72
141 61 80
141 60 40
141 60 48
141 60 56
141 60 64
141 60 72
141 60 80
140 60 40
140 60 48
140 60 56
140 60 64
140 60 72
140 60 80
139 60 40
139 60 48
139 60 56
139 60 64
139 60 72
139 60 80
139 60 88
138 60 40
138 60 48
138 60 56
138 60 64
138 60 72
138 60 80
138 60 88
137 60 40
137 60 48
137 60 56
137 60 64
137 60 72
137 60 80
137 60 88
136 60 40
136 60 48
136 60 56
136 60 64
136 60 72
136 60 80
136 60 88
135 60 40
135 60 48
135 60 56
135 60 64
135 60 72
135 60 80
134 60 40
134 60 48
134 60 56
134 60 64
134 60 72
134 60 80
133 60 40
133 60 48
133 60 56
133 60 64
133 60 72
132 60 40
132 60 48
132 60 56
132 60 64
132 60 72
148 25 40
148 26 40
148 27 40
148 28 40
149 28 40
149 30 40
149 30 48
150 30 40
150 30 48
151 30 40
151 30 48
151 31 40
151 31 48
152 31 40
152 31 48
152 32 40
152 32 48
152 32 56
152 33 40
152 33 48
152 33 56
152 33 64
153 33 40
153 33 48
153 33 56
153 33 64
154 33 40
154 33 48
154 33 56
154 33 64
154 34 40
154 34 48
154 34 56
154 34 64
155 34 40
155 34 48
155 34 56
155 34 64
155 35 40
155 35 48
155 35 56
155 35 64
155 35 72
155 36 40
155 36 48
155 36 56
155 36 64
155 36 72
155 36 80
155 36 88
156 36 40
156 36 48
156 36 56
156 36 64
156 36 72
156 36 80
156 36 88
157 36 40
157 36 48
157 36 56
157 36 64
157 36 72
157 36 80
157 36 88
157 37 40
157 37 48
157 37 56
157 37 64
157 37 72
157 37 80
157 37 88
157 37 96
158 37 40
158 37 48
158 37 56
158 37 64
158 37 72
158 37 80
158 37 88
158 37 96
158 38 40
158 38 48
158 38 56
158 38 64
158 38 72
158 38 80
158 38 88
158 38 96
158 38 104
158 38 112
159 38 40
159 38 48
159 38 56
159 38 64
159 38 72
159 38 80
159 38 88
159 38 96
159 38 104
159 38 112
159 39 40
159 39 48
159 39 56
159 39 64
159 39 72
159 39 80
159 39 88
159 39 96
159 39 104
159 39 112
159 39 120
160 39 40
160 39 48
160 39 56
160 39 64
160 39 72
160 39 80
160 39 88
160 39 96
160 39 104
160 39 112
160 39 120
160 40 40
160 40 48
160 40 56
160 40 64
160 40 72
160 40 80
160 40 88
160 40 96
160 40 104
160 40 112
160 40 120
160 40 128
161 40 40
161 40 48
161 40 56
161 40 64
161 40 72
161 40 80
161 40 88
161 40 96
161 40 104
161 40 112
161 40 120
161 40 128
161 41 40
161 41 48
161 41 56
161 41 64
161 41 72
161 41 80
161 41 88
161 41 96
161 41 104
161 41 112
161 41 120
161 41 128
162 41 40
162 41 48
162 41 56
162 41 64
162 41 72
162 41 80
162 41 88
162 41 96
162 41 104
162 41 112
162 41 120
162 41 128
162 42 40
162 42 48
162 42 56
162 42 64
162 42 72
162 42 80
162 42 88
162 42 96
162 42 104
162 42 112
162 42 120
163 42 40
163 42 48
163 42 56
163 42 64
163 42 72
163 42 80
163 42 88
163 42 96
163 42 104
163 42 112
163 42 120
163 42 128
163 43 40
163 43 48
163 43 56
163 43 64
163 43 72
163 43 80
163 43 88
163 43 96
163 43 104
163 43 112
163 44 40
163 44 48
163 44 56
163 44 64
163 44 72
163 44 80
163 44 88
163 44 96
163 44 104
164 44 40
164 44 48
164 44 56
164 44 64
164 44 72
164 44 80
164 44 88
164 44 96
164 44 104
165 44 40
165 44 48
165 44 56
165 44 64
165 44 72
165 44 80
165 44 88
165 44 96
165 44 104
165 45 40
165 45 48
165 45 56
165 45 64
165 45 72
165 45 80
165 45 88
166 45 40
166 45 48
166 45 56
166 45 64
166 45 72
166 45 80
166 45 88
166 46 40
166 46 48
166 46 56
166 46 64
166 46 72
167 46 40
167 46 48
167 46 56
167 46 64
167 46 72
167 46 80
167 47 40
167 47 48
167 47 56
167 47 64
168 47 40
168 47 48
168 47 56
168 47 64
168 47 72
168 48 40
168 48 48
168 48 56
168 48 64
168 49 40
168 49 48
168 49 56
188 143 40
188 144 40
188 145 40
188 146 40
188 147 40
188 148 40
189 148 40
189 150 40
189 151 40
189 152 40
189 152 48
189 153 40
189 153 48
189 154 40
189 154 48
189 155 40
189 155 48
189 156 40
189 156 48
189 156 56
189 157 40
189 157 48
189 157 56
189 158 40
189 158 48
189 158 56
189 159 40
189 159 48
189 160 40
189 160 48
189 161 40
189 161 48
189 162 40
189 162 48
189 163 40
189 164 40
189 165 40
189 166 40
189 167 40
189 168 40
188 168 40
187 168 40
186 168 40
186 168 48
185 168 40
185 168 48
184 168 40
184 168 48
183 168 40
183 168 48
183 168 56
182 168 40
182 168 48
182 168 56
181 168 40
181 168 48
181 168 56
181 168 64
180 168 40
180 168 48
180 168 56
180 168 64
180 168 72
179 168 40
179 168 48
179 168 56
179 168 64
179 168 72
179 168 80
178 168 40
178 168 48
178 168 56
178 168 64
178 168 72
178 168 80
178 168 88
177 168 40
177 168 48
177 168 56
177 168 64
177 168 72
177 168 80
177 168 88
177 168 96
176 168 40
176 168 48
176 168 56
176 168 64
176 168 72
176 168 80
176 168 88
176 168 96
176 168 104
175 168 40
175 168 48
175 168 56
175 168 64
175 168 72
175 168 80
175 168 88
175 168 96
175 168 104
175 168 112
175 168 120
174 168 40
174 168 48
174 168 56
174 168 64
174 168 72
174 168 80
174 168 88
174 168 96
174 168 104
174 168 112
174 168 120
174 168 128
173 168 40
173 168 48
173 168 56
173 168 64
173 168 72
173 168 80
173 168 88
173 168 96
173 168 104
173 168 112
173 168 120
173 168 128
173 168 136
172 168 40
172 168 48
172 168 56
172 168 64
172 168 72
172 168 80
172 168 88
172 168 96
172 168 104
172 168 112
172 168 120
172 168 128
172 168 136
172 168 144
171 168 40
171 168 48
171 168 56
171 168 64
171 168 72
171 168 80
171 168 88
171 168 96
171 168 104
171 168 112
171 168 120
171 168 128
171 168 136
171 168 144
171 168 152
170 168 40
170 168 48
170 168 56
170 168 64
170 168 72
170 168 80
170 168 88
170 168 96
170 168 104
170 168 112
170 168 120
170 168 128
170 168 136
170 168 144
170 168 152
170 168 160
169 168 40
169 168 48
169 168 56
169 168 64
169 168 72
169 168 80
169 168 88
169 168 96
169 168 104
169 168 112
169 168 120
169 168 128
169 168 136
169 168 144
169 168 152
169 168 160
168 168 40
168 168 48
168 168 56
168 168 64
168 168 72
168 168 80
168 168 88
168 168 96
168 168 104
168 168 112
168 168 120
168 168 128
168 168 136
168 168 144
168 168 152
167 168 40
167 168 48
167 168 56
167 168 64
167 168 72
167 168 80
167 168 88
167 168 96
167 168 104
167 168 112
167 168 120
167 168 128
167 168 136
167 168 144
166 168 40
166 168 48
166 168 56
166 168 64
166 168 72
166 168 80
166 168 88
166 168 96
166 168 104
166 168 112
166 168 120
166 168 128
166 168 136
165 168 40
165 168 48
165 168 56
165 168 64
165 168 72
165 168 80
165 168 88
165 168 96
165 168 104
165 168 112
165 168 120
164 168 40
164 168 48
164 168 56
164 168 64
164 168 72
164 168 80
164 168 88
164 168 96
164 168 104
163 168 40
163 168 48
163 168 56
163 168 64
163 168 72
163 168 80
163 168 88
162 168 40
162 168 48
162 168 56
162 168 64
162 168 72
161 168 40
161 168 48
161 168 56
160 168 40
160 168 48
159 168 40
159 168 48
158 168 40
157 168 40
156 168 40
155 168 40
154 168 40
153 168 40
152 168 40
84 7 40
84 7 48
84 7 56
85 7 40
85 7 48
85 7 56
86 7 40
86 7 48
86 7 56
87 7 40
87 7 48
87 7 56
87 7 64
88 7 40
88 7 48
88 7 56
88 7 64
89 7 40
89 7 48
89 7 56
89 7 64
89 8 40
89 8 48
89 8 56
89 8 64
90 9 40
90 9 48
90 9 56
90 9 64
90 9 72
90 10 40
90 10 48
90 10 56
90 10 64
90 10 72
90 10 80
91 10 40
91 10 48
91 10 56
91 10 64
91 10 72
91 10 80
91 11 40
91 11 48
91 11 56
91 11 64
91 11 72
91 11 80
91 11 88
91 11 96
92 11 40
92 11 48
92 11 56
92 11 64
92 11 72
92 11 80
92 11 88
92 11 96
92 12 40
92 12 48
92 12 56
92 12 64
92 12 72
92 12 80
92 12 88
92 12 96
92 12 104
92 12 112
93 12 40
93 12 48
93 12 56
93 12 64
93 12 72
93 12 80
93 12 88
93 12 96
93 12 104
93 12 112
93 12 120
93 13 40
93 13 48
93 13 56
93 13 64
93 13 72
93 13 80
93 13 88
93 13 96
93 13 104
93 13 112
93 13 120
93 13 128
93 13 136
93 13 144
94 13 40
94 13 48
94 13 56
94 13 64
94 13 72
94 13 80
94 13 88
94 13 96
94 13 104
94 13 112
94 13 120
94 13 128
94 13 136
94 13 144
94 14 40
94 14 48
94 14 56
94 14 64
94 14 72
94 14 80
94 14 88
94 14 96
94 14 104
94 14 112
94 14 120
94 14 128
94 14 136
94 14 144
94 14 152
94 14 160
95 14 40
95 14 48
95 14 56
95 14 64
95 14 72
95 14 80
95 14 88
95 14 96
95 14 104
95 14 112
95 14 120
95 14 128
95 14 136
95 14 144
95 14 152
95 14 160
95 14 168
95 15 40
95 15 48
95 15 56
95 15 64
95 15 72
95 15 80
95 15 88
95 15 96
95 15 104
95 15 112
95 15 120
95 15 128
95 15 136
95 15 144
95 15 152
95 15 160
95 15 168
95 15 176
95 15 184
96 15 40
96 15 48
96 15 56
96 15 64
96 15 72
96 15 80
96 15 88
96 15 96
96 15 104
96 15 112
96 15 120
96 15 128
96 15 136
96 15 144
96 15 152
96 15 160
96 15 168
96 15 176
96 15 184
96 16 40
96 16 48
96 16 56
96 16 64
96 16 72
96 16 80
96 16 88
96 16 96
96 16 104
96 16 112
96 16 120
96 16 128
96 16 136
96 16 144
96 16 152
96 16 160
96 16 168
96 16 176
96 16 184
96 16 192
96 17 40
96 17 48
96 17 56
96 17 64
96 17 72
96 17 80
96 17 88
96 17 96
96 17 104
96 17 112
96 17 120
96 17 128
96 17 136
96 17 144
96 17 152
96 17 160
96 17 168
96 17 176
96 17 184
96 17 192
96 17 200
97 17 40
97 17 48
97 17 56
97 17 64
97 17 72
97 17 80
97 17 88
97 17 96
97 17 104
97 17 112
97 17 120
97 17 128
97 17 136
97 17 144
97 17 152
97 17 160
97 17 168
97 17 176
97 17 184
97 17 192
97 18 40
97 18 48
97 18 56
97 18 64
97 18 72
97 18 80
97 18 88
97 18 96
97 18 104
97 18 112
97 18 120
97 18 128
97 18 136
97 18 144
97 18 152
97 18 160
97 18 168
97 18 176
97 18 184
97 18 192
98 18 40
98 18 48
98 18 56
98 18 64
98 18 72
98 18 80
98 18 88
98 18 96
98 18 104
98 18 112
98 18 120
98 18 128
98 18 136
98 18 144
98 18 152
98 18 160
98 18 168
98 18 176
98 18 184
98 18 192
98 19 40
98 19 48
98 19 56
98 19 64
98 19 72
98 19 80
98 19 88
98 19 96
98 19 104
98 19 112
98 19 120
98 19 128
98 19 136
98 19 144
98 19 152
98 19 160
98 19 168
98 19 176
98 19 184
98 19 192
99 19 40
99 19 48
99 19 56
99 19 64
99 19 72
99 19 80
99 19 88
99 19 96
99 19 104
99 19 112
99 19 120
99 19 128
99 19 136
99 19 144
99 19 152
99 19 160
99 19 168
99 19 176
99 20 40
99 20 48
99 20 56
99 20 64
99 20 72
99 20 80
99 20 88
99 20 96
99 20 104
99 20 112
99 20 120
99 20 128
99 20 136
99 20 144
99 20 152
99 20 160
99 20 168
99 20 176
100 20 40
100 20 48
100 20 56
100 20 64
100 20 72
100 20 80
100 20 88
100 20 96
100 20 104
100 20 112
100 20 120
100 20 128
100 20 136
100 20 144
100 20 152
100 20 160
100 20 168
101 20 40
101 20 48
101 20 56
101 20 64
101 20 72
101 20 80
101 20 88
101 20 96
101 20 104
101 20 112
101 20 120
101 20 128
101 20 136
101 20 144
101 20 152
101 21 40
101 21 48
101 21 56
101 21 64
101 21 72
101 21 80
101 21 88
101 21 96
101 21 104
101 21 112
101 21 120
101 21 128
101 21 136
101 21 144
102 21 40
102 21 48
102 21 56
102 21 64
102 21 72
102 21 80
102 21 88
102 21 96
102 21 104
102 21 112
102 21 120
102 21 128
102 21 136
102 22 40
102 22 48
102 22 56
102 22 64
102 22 72
102 22 80
102 22 88
102 22 96
102 22 104
102 22 112
102 22 120
103 22 40
103 22 48
103 22 56
103 22 64
103 22 72
103 22 80
103 22 88
103 22 96
103 22 104
103 22 112
103 23 40
103 23 48
103 23 56
103 23 64
103 23 72
103 23 80
103 23 88
103 23 96
103 23 104
104 23 40
104 23 48
104 23 56
104 23 64
104 23 72
104 23 80
104 23 88
104 23 96
104 24 40
104 24 48
104 24 56
104 24 64
104 24 72
104 24 80
104 24 88
105 24 40
105 24 48
105 24 56
105 24 64
105 24 72
105 24 80
105 25 40
105 25 48
105 25 56
105 25 64
105 25 72
105 26 40
105 26 48
105 26 56
105 26 64
106 26 40
106 26 48
106 26 56
106 26 64
106 27 40
106 27 48
106 27 56
106 27 64
107 27 40
107 27 48
107 27 56
108 27 40
108 27 48
108 27 56
109 27 40
109 27 48
109 27 56
110 27 40
110 27 48
110 27 56
111 27 40
111 27 48
111 27 56
112 27 40
112 27 48
112 27 56
112 26 40
112 26 48
112 26 56
112 26 64
113 26 40
113 26 48
113 26 56
113 26 64
113 25 40
113 25 48
113 25 56
113 25 64
113 25 72
114 25 40
114 25 48
114 25 56
114 25 64
114 25 72
114 24 40
114 24 48
114 24 56
114 24 64
114 24 72
114 24 80
114 23 40
114 23 48
114 23 56
114 23 64
114 23 72
114 23 80
115 23 40
115 23 48
115 23 56
115 23 64
115 23 72
115 23 80
115 23 88
115 22 40
115 22 48
115 22 56
115 22 64
115 22 72
115 22 80
115 22 88
116 22 40
116 22 48
116 22 56
116 22 64
116 22 72
116 22 80
116 22 88
117 22 40
117 22 48
117 22 56
117 22 64
117 22 72
117 22 80
117 22 88
117 21 40
117 21 48
117 21 56
117 21 64
117 21 72
117 21 80
117 21 88
117 20 40
117 20 48
117 20 56
117 20 64
117 20 72
117 20 80
117 20 88
118 20 40
118 20 48
118 20 56
118 20 64
118 20 72
118 20 80
118 20 88
119 20 40
119 20 48
119 20 56
119 20 64
119 20 72
119 20 80
119 20 88
119 19 40
119 19 48
119 19 56
119 19 64
119 19 72
119 19 80
119 18 40
119 18 48
119 18 56
119 18 64
119 18 72
120 18 40
120 18 48
120 18 56
120 18 64
120 18 72
121 18 40
121 18 48
121 18 56
121 18 64
121 17 40
121 17 48
121 17 56
121 17 64
121 16 40
121 16 48
121 16 56
122 16 40
122 16 48
122 16 56
122 15 40
122 15 48
123 15 40
123 15 48
124 15 40
124 15 48
124 14 40
124 14 48
124 13 40
124 13 48
125 13 40
125 12 40
126 12 40
126 11 40
127 11 40
128 11 40
129 11 40
130 11 40
131 11 40
132 11 40
132 12 40
133 12 40
133 13 40
134 13 40
134 14 40
134 15 40
135 15 40
135 16 40
136 16 40
137 16 40
137 17 40
137 18 40
138 18 40
138 19 40
139 19 40
140 19 40
140 20 40
140 21 40
141 21 40
142 21 40
142 22 40
142 23 40
143 23 40
144 23 40
144 24 40
145 24 40
145 25 40
146 25 40
147 25 40
48 119 40
48 118 40
48 117 40
48 116 40
48 115 40
48 114 40
48 113 40
48 112 40
48 111 40
48 110 40
49 110 40
50 109 40
51 109 40
52 109 40
53 109 40
54 109 40
55 109 40
56 109 40
57 109 40
58 109 40
59 109 40
60 109 40
61 109 40
62 109 40
63 109 40
64 109 40
65 109 40
66 109 40
67 109 40
68 109 40
68 109 48
70 109 40
70 109 48
70 108 40
70 108 48
71 108 40
71 108 48
72 108 40
72 108 48
72 108 56
73 108 40
73 108 48
73 108 56
73 108 64
74 108 40
74 108 48
74 108 56
74 108 64
75 108 40
75 108 48
75 108 56
75 108 64
75 108 72
76 108 40
76 108 48
76 108 56
76 108 64
76 108 72
76 108 80
77 108 40
77 108 48
77 108 56
77 108 64
77 108 72
77 108 80
78 108 40
78 108 48
78 108 56
78 108 64
78 108 72
78 108 80
79 108 40
79 108 48
79 108 56
79 108 64
79 108 72
79 108 80
80 108 40
80 108 48
80 108 56
80 108 64
80 108 72
80 108 80
81 108 40
81 108 48
81 108 56
81 108 64
81 108 72
81 108 80
82 108 40
82 108 48
82 108 56
82 108 64
82 108 72
82 108 80
83 108 40
83 108 48
83 108 56
83 108 64
83 108 72
83 108 80
84 108 40
84 108 48
84 108 56
84 108 64
84 108 72
85 108 40
85 108 48
85 108 56
85 108 64
85 108 72
86 108 40
86 108 48
86 108 56
86 108 64
87 108 40
87 108 48
87 108 56
88 108 40
88 108 48
88 108 56
88 107 40
88 107 48
88 106 40
88 106 48
88 105 40
88 104 40
88 103 40
88 102 40
88 101 40
88 100 40
88 99 40
88 98 40
88 97 40
88 97 48
88 96 40
88 96 48
88 95 40
88 95 48
88 94 40
88 94 48
88 94 56
88 93 40
88 93 48
88 93 56
88 92 40
88 92 48
88 92 56
88 91 40
88 91 48
88 91 56
88 90 40
88 90 48
88 90 56
89 90 40
89 90 48
90 89 40
90 89 48
90 88 40
90 88 48
90 87 40
90 87 48
90 86 40
90 86 48
90 85 40
90 85 48
90 84 40
90 84 48
90 83 40
90 83 48
90 82 40
90 82 48
90 82 56
90 81 40
90 81 48
90 81 56
90 81 64
90 80 40
90 80 48
90 80 56
90 80 64
90 79 40
90 79 48
90 79 56
90 79 64
90 79 72
90 78 40
90 78 48
90 78 56
90 78 64
90 78 72
90 78 80
90 77 40
90 77 48
90 77 56
90 77 64
90 77 72
90 77 80
90 77 88
90 77 96
90 76 40
90 76 48
90 76 56
90 76 64
90 76 72
90 76 80
90 76 88
90 76 96
90 76 104
90 75 40
90 75 48
90 75 56
90 75 64
90 75 72
90 75 80
90 75 88
90 75 96
90 75 104
90 75 112
90 74 40
90 74 48
90 74 56
90 74 64
90 74 72
90 74 80
90 74 88
90 74 96
90 74 104
90 74 112
90 74 120
90 73 40
90 73 48
90 73 56
90 73 64
90 73 72
90 73 80
90 73 88
90 73 96
90 73 104
90 73 112
90 73 120
90 73 128
90 72 40
90 72 48
90 72 56
90 72 64
90 72 72
90 72 80
90 72 88
90 72 96
90 72 104
90 72 112
90 72 120
90 72 128
90 71 40
90 71 48
90 71 56
90 71 64
90 71 72
90 71 80
90 71 88
90 71 96
90 71 104
90 71 112
90 71 120
90 71 128
90 70 40
90 70 48
90 70 56
90 70 64
90 70 72
90 70 80
90 70 88
90 70 96
90 70 104
90 70 112
90 70 120
90 70 128
90 69 40
90 69 48
90 69 56
90 69 64
90 69 72
90 69 80
90 69 88
90 69 96
90 69 104
90 69 112
90 69 120
90 68 40
90 68 48
90 68 56
90 68 64
90 68 72
90 68 80
90 68 88
90 68 96
90 68 104
90 68 112
90 67 40
90 67 48
90 67 56
90 67 64
90 67 72
90 67 80
90 67 88
90 67 96
90 67 104
90 66 40
90 66 48
90 66 56
90 66 64
90 66 72
90 66 80
90 66 88
90 65 40
90 65 48
90 65 56
90 65 64
90 65 72
90 65 80
90 64 40
90 64 48
90 64 56
90 64 64
90 64 72
90 63 40
90 63 48
90 63 56
90 63 64
90 63 72
90 62 40
90 62 48
90 62 56
90 62 64
90 61 40
90 61 48
90 61 56
90 60 40
90 60 48
90 60 56
90 59 40
90 59 48
90 59 56
90 58 40
90 58 48
90 57 40
90 57 48
90 56 40
90 56 48
90 55 40
90 55 48
90 54 40
90 54 48
90 53 40
90 53 48
90 52 40
90 52 48
90 51 40
90 51 48
90 50 40
90 50 48
90 50 56
90 49 40
90 49 48
90 49 56
91 49 40
91 49 48
91 49 56
91 49 64
92 49 40
92 49 48
92 49 56
92 49 64
93 49 40
93 49 48
93 49 56
93 49 64
94 49 40
94 49 48
94 49 56
94 49 64
94 49 72
95 49 40
95 49 48
95 49 56
95 49 64
95 49 72
96 49 40
96 49 48
96 49 56
96 49 64
96 49 72
96 49 80
97 49 40
97 49 48
97 49 56
97 49 64
97 49 72
97 49 80
98 49 40
98 49 48
98 49 56
98 49 64
98 49 72
98 49 80
99 49 40
99 49 48
99 49 56
99 49 64
99 49 72
99 49 80
99 49 88
100 49 40
100 49 48
100 49 56
100 49 64
100 49 72
100 49 80
100 49 88
101 49 40
101 49 48
101 49 56
101 49 64
101 49 72
101 49 80
101 49 88
101 49 96
102 49 40
102 49 48
102 49 56
102 49 64
102 49 72
102 49 80
102 49 88
102 49 96
103 49 40
103 49 48
103 49 56
103 49 64
103 49 72
103 49 80
103 49 88
104 49 40
104 49 48
104 49 56
104 49 64
104 49 72
104 49 80
104 49 88
105 49 40
105 49 48
105 49 56
105 49 64
105 49 72
105 49 80
106 49 40
106 49 48
106 49 56
106 49 64
106 49 72
107 49 40
107 49 48
107 49 56
107 49 64
107 49 72
108 49 40
108 49 48
108 49 56
108 49 64
108 48 40
108 48 48
108 48 56
108 48 64
108 48 72
108 47 40
108 47 48
108 47 56
108 47 64
108 47 72
108 47 80
108 46 40
108 46 48
108 46 56
108 46 64
108 46 72
108 46 80
108 46 88
108 46 96
108 45 40
108 45 48
108 45 56
108 45 64
108 45 72
108 45 80
108 45 88
108 45 96
108 45 104
108 44 40
108 44 48
108 44 56
108 44 64
108 44 72
108 44 80
108 44 88
108 44 96
108 44 104
108 43 40
108 43 48
108 43 56
108 43 64
108 43 72
108 43 80
108 43 88
108 43 96
108 43 104
108 42 40
108 42 48
108 42 56
108 42 64
108 42 72
108 42 80
108 42 88
108 42 96
108 42 104
108 41 40
108 41 48
108 41 56
108 41 64
108 41 72
108 41 80
108 41 88
108 41 96
108 41 104
108 40 40
108 40 48
108 40 56
108 40 64
108 40 72
108 40 80
108 40 88
108 40 96
108 39 40
108 39 48
108 39 56
108 39 64
108 39 72
108 39 80
108 39 88
108 38 40
108 38 48
108 38 56
108 38 64
108 38 72
108 38 80
108 37 40
108 37 48
108 37 56
108 37 64
108 37 72
108 36 40
108 36 48
108 36 56
108 36 64
108 35 40
108 35 48
108 35 56
108 35 64
108 34 40
108 34 48
108 34 56
108 34 64
108 33 40
108 33 48
108 33 56
108 32 40
108 32 48
108 32 56
108 31 40
108 31 48
108 31 56
108 30 40
108 30 48
108 30 56
108 29 40
108 29 48
108 29 56
108 28 40
108 28 48
108 28 56
