9 9 100
9 29 100
9 49 100
9 69 100
9 89 100
9 109 100
9 129 100
9 149 100
9 169 100
9 189 100
29 9 100
29 29 100
29 49 100
29 69 100
29 89 100
29 109 100
29 129 100
29 149 100
29 169 100
29 189 100
49 9 100
49 29 100
49 49 100
49 69 100
49 89 100
49 109 100
49 129 100
49 149 100
49 169 100
49 189 100
69 9 100
69 29 100
69 49 100
69 69 100
69 89 100
69 109 100
69 129 100
69 149 100
69 169 100
69 189 100
89 9 100
89 29 100
89 49 100
89 69 100
89 89 100
89 109 100
89 129 100
89 149 100
89 169 100
89 189 100
109 9 100
109 29 100
109 49 100
109 69 100
109 89 100
109 109 100
109 129 100
109 149 100
109 169 100
109 189 100
129 9 100
129 29 100
129 49 100
129 69 100
129 89 100
129 109 100
129 129 100
129 149 100
129 169 100
129 189 100
149 9 100
149 29 100
149 49 100
149 69 100
149 89 100
149 109 100
149 129 100
149 149 100
149 169 100
149 189 100
169 9 100
169 29 100
169 49 100
169 69 100
169 89 100
169 109 100
169 129 100
169 149 100
169 169 100
169 189 100
189 9 100
189 29 100
189 49 100
189 69 100
189 89 100
189 109 100
189 129 100
189 149 100
189 169 100
189 189 100
9 9 100
9 69 100
9 109 100
9 129 100
9 149 100
9 169 100
29 109 100
29 129 100
29 149 100
49 9 100
49 29 100
49 129 100
49 149 100
69 9 100
69 29 100
69 49 100
69 109 100
69 129 100
69 149 100
69 169 100
69 189 100
89 9 100
89 29 100
89 49 100
89 69 100
89 89 100
89 109 100
89 129 100
89 149 100
89 169 100
89 189 100
109 9 100
109 29 100
109 49 100
109 69 100
109 89 100
109 109 100
109 189 100
129 9 100
129 29 100
129 49 100
129 69 100
129 89 100
129 109 100
129 189 100
149 9 100
149 29 100
149 89 100
149 109 100
149 129 100
149 189 100
169 89 100
169 109 100
169 129 100
169 149 100
169 169 100
169 189 100
189 69 100
189 89 100
189 109 100
189 129 100
189 149 100
189 169 100
189 189 100
188 30 40
1 58 40
1 58 48
1 58 56
1 58 64
1 58 72
1 58 80
1 58 88
1 58 96
38 85 40
42 159 40
42 159 48
3 15 40
3 15 48
172 51 40
136 131 40
114 150 40
71 92 40
71 92 48
119 12 40
119 12 48
119 12 56
119 12 64
119 12 72
119 12 80
119 12 88
119 12 96
119 12 104
119 12 112
119 12 120
119 12 128
143 61 40
143 61 48
143 61 56
36 34 40
71 91 40
71 91 48
71 90 40
71 90 48
70 90 40
70 90 48
70 89 40
70 89 48
68 89 40
67 89 40
66 89 40
65 89 40
64 89 40
63 89 40
62 89 40
61 89 40
60 89 40
59 89 40
58 89 40
57 89 40
56 89 40
55 89 40
54 89 40
53 89 40
52 89 40
51 89 40
50 89 40
48 89 40
48 88 40
47 88 40
47 87 40
46 87 40
46 86 40
46 85 40
45 85 40
44 85 40
43 85 40
42 85 40
41 85 40
40 85 40
39 85 40
172 50 40
172 49 40
173 49 40
174 49 40
175 49 40
176 49 40
177 49 40
178 49 40
179 49 40
180 49 40
181 49 40
182 49 40
183 49 40
184 49 40
185 49 40
186 49 40
187 49 40
188 49 40
189 48 40
189 47 40
189 46 40
189 45 40
189 44 40
189 43 40
189 42 40
189 41 40
189 40 40
189 39 40
189 38 40
189 37 40
189 36 40
189 35 40
189 34 40
189 33 40
189 32 40
189 31 40
189 30 40
144 61 40
144 61 48
144 61 56
145 61 40
145 61 48
145 61 56
146 61 40
146 61 48
146 60 40
146 60 48
146 59 40
146 59 48
146 59 56
146 58 40
146 58 48
146 58 56
146 57 40
146 57 48
146 57 56
146 56 40
146 56 48
146 56 56
146 55 40
146 55 48
146 55 56
146 54 40
146 54 48
146 54 56
146 53 40
146 53 48
146 53 56
146 52 40
146 52 48
146 52 56
147 52 40
147 52 48
147 52 56
147 51 40
147 51 48
147 51 56
148 51 40
148 51 48
148 50 40
148 50 48
149 50 40
149 50 48
150 49 40
150 49 48
151 49 40
151 49 48
152 49 40
153 49 40
154 49 40
155 49 40
156 49 40
157 49 40
158 49 40
159 49 40
160 49 40
161 49 40
162 49 40
163 49 40
164 49 40
165 49 40
166 49 40
167 49 40
168 49 40
170 49 40
171 49 40
3 16 40
3 16 48
3 17 40
3 17 48
3 18 40
3 19 40
3 20 40
3 21 40
3 22 40
3 23 40
3 24 40
3 24 48
3 25 40
3 25 48
3 26 40
3 26 48
3 27 40
3 27 48
3 28 40
3 28 48
3 29 40
3 29 48
2 29 40
2 29 48
1 29 40
1 29 48
1 29 56
1 30 40
1 30 48
1 30 56
1 31 40
1 31 48
1 31 56
1 32 40
1 32 48
1 32 56
1 33 40
1 33 48
1 33 56
1 34 40
1 34 48
1 34 56
1 35 40
1 35 48
1 35 56
1 36 40
1 36 48
1 36 56
1 37 40
1 37 48
1 37 56
1 38 40
1 38 48
1 39 40
1 39 48
1 40 40
1 40 48
1 41 40
1 41 48
1 42 40
1 42 48
1 43 40
1 43 48
1 44 40
1 44 48
1 45 40
1 45 48
1 46 40
1 46 48
1 47 40
1 47 48
1 48 40
1 48 48
1 49 40
1 49 48
1 50 40
1 50 48
1 50 56
1 51 40
1 51 48
1 51 56
1 52 40
1 52 48
1 52 56
1 53 40
1 53 48
1 53 56
1 53 64
1 54 40
1 54 48
1 54 56
1 54 64
1 55 40
1 55 48
1 55 56
1 55 64
1 55 72
1 56 40
1 56 48
1 56 56
1 56 64
1 56 72
1 56 80
1 57 40
1 57 48
1 57 56
1 57 64
1 57 72
1 57 80
1 57 88
35 34 40
34 34 40
33 34 40
32 34 40
32 33 40
32 32 40
31 32 40
31 31 40
30 31 40
30 30 40
29 30 40
28 29 40
27 29 40
26 29 40
25 29 40
24 29 40
23 29 40
22 29 40
21 29 40
20 29 40
19 29 40
18 29 40
17 29 40
16 29 40
15 29 40
14 29 40
13 29 40
12 29 40
11 29 40
10 29 40
8 29 40
7 29 40
6 29 40
5 29 40
5 29 48
4 29 40
4 29 48
113 150 40
112 150 40
111 150 40
110 150 40
109 150 40
109 151 40
109 152 40
109 153 40
109 154 40
109 155 40
109 156 40
109 157 40
109 158 40
109 159 40
109 160 40
109 161 40
109 162 40
109 163 40
109 164 40
109 165 40
109 166 40
109 167 40
109 168 40
108 169 40
107 169 40
106 169 40
105 169 40
104 169 40
103 169 40
103 169 48
102 169 40
102 169 48
101 169 40
101 169 48
100 169 40
100 169 48
99 169 40
99 169 48
98 169 40
98 169 48
97 169 40
97 169 48
97 169 56
96 169 40
96 169 48
96 169 56
95 169 40
95 169 48
95 169 56
94 169 40
94 169 48
94 169 56
93 169 40
93 169 48
93 169 56
92 169 40
92 169 48
92 169 56
91 169 40
91 169 48
91 169 56
90 169 40
90 169 48
90 169 56
88 169 40
88 169 48
88 169 56
87 169 40
87 169 48
87 169 56
86 169 40
86 169 48
86 169 56
85 169 40
85 169 48
85 169 56
84 169 40
84 169 48
84 169 56
84 169 64
83 169 40
83 169 48
83 169 56
83 169 64
82 169 40
82 169 48
82 169 56
82 169 64
81 169 40
81 169 48
81 169 56
81 169 64
81 169 72
80 169 40
80 169 48
80 169 56
80 169 64
80 169 72
79 169 40
79 169 48
79 169 56
79 169 64
79 169 72
79 169 80
78 169 40
78 169 48
78 169 56
78 169 64
78 169 72
78 169 80
77 169 40
77 169 48
77 169 56
77 169 64
77 169 72
77 169 80
76 169 40
76 169 48
76 169 56
76 169 64
76 169 72
76 169 80
76 169 88
75 169 40
75 169 48
75 169 56
75 169 64
75 169 72
75 169 80
75 169 88
74 169 40
74 169 48
74 169 56
74 169 64
74 169 72
74 169 80
74 169 88
73 169 40
73 169 48
73 169 56
73 169 64
73 169 72
73 169 80
73 169 88
72 169 40
72 169 48
72 169 56
72 169 64
72 169 72
72 169 80
71 169 40
71 169 48
71 169 56
71 169 64
71 169 72
71 169 80
70 169 40
70 169 48
70 169 56
70 169 64
70 169 72
69 169 40
69 169 48
68 169 40
68 169 48
68 169 56
68 169 64
68 169 72
67 169 40
67 169 48
67 169 56
67 169 64
66 169 40
66 169 48
66 169 56
66 169 64
65 169 40
65 169 48
65 169 56
64 169 40
64 169 48
64 169 56
63 169 40
63 169 48
63 169 56
62 169 40
62 169 48
62 169 56
61 169 40
61 169 48
61 169 56
60 169 40
60 169 48
60 169 56
59 169 40
59 169 48
59 169 56
58 169 40
58 169 48
58 169 56
57 169 40
57 169 48
57 169 56
56 169 40
56 169 48
55 169 40
55 169 48
54 169 40
54 169 48
53 169 40
53 169 48
52 169 40
52 169 48
51 169 40
51 169 48
50 169 40
48 169 40
48 168 40
47 168 40
47 167 40
46 167 40
46 166 40
45 166 40
45 165 40
44 165 40
44 164 40
43 164 40
43 163 40
43 162 40
43 161 40
43 161 48
43 160 40
43 160 48
43 159 40
43 159 48
135 131 40
134 131 40
133 131 40
132 131 40
131 131 40
130 131 40
129 131 40
129 132 40
129 133 40
129 134 40
129 135 40
129 136 40
129 137 40
129 138 40
129 139 40
129 140 40
129 141 40
129 142 40
129 143 40
129 144 40
129 145 40
129 146 40
129 147 40
129 148 40
129 150 40
128 150 40
127 150 40
126 150 40
125 150 40
124 150 40
123 150 40
122 150 40
121 150 40
120 150 40
119 150 40
118 150 40
117 150 40
116 150 40
115 150 40
120 12 40
120 12 48
120 12 56
120 12 64
120 12 72
120 12 80
120 12 88
120 12 96
120 12 104
120 12 112
120 12 120
121 12 40
121 12 48
121 12 56
121 12 64
121 12 72
121 12 80
121 12 88
121 12 96
121 12 104
121 12 112
121 12 120
122 12 40
122 12 48
122 12 56
122 12 64
122 12 72
122 12 80
122 12 88
122 12 96
122 12 104
122 12 112
123 12 40
123 12 48
123 12 56
123 12 64
123 12 72
123 12 80
123 12 88
123 12 96
123 12 104
124 12 40
124 12 48
124 12 56
124 12 64
124 12 72
124 12 80
124 12 88
124 12 96
125 12 40
125 12 48
125 12 56
125 12 64
125 12 72
125 12 80
125 12 88
125 12 96
126 12 40
126 12 48
126 12 56
126 12 64
126 12 72
126 12 80
126 12 88
126 12 96
127 12 40
127 12 48
127 12 56
127 12 64
127 12 72
127 12 80
127 12 88
127 12 96
128 12 40
128 12 48
128 12 56
128 12 64
128 12 72
128 12 80
128 12 88
128 12 96
129 12 40
129 12 48
129 12 56
129 12 64
129 12 72
129 12 80
129 12 88
129 12 96
130 12 40
130 12 48
130 12 56
130 12 64
130 12 72
130 12 80
130 12 88
130 12 96
131 12 40
131 12 48
131 12 56
131 12 64
131 12 72
131 12 80
131 12 88
131 12 96
132 12 40
132 12 48
132 12 56
132 12 64
132 12 72
132 12 80
132 12 88
132 12 96
133 12 40
133 12 48
133 12 56
133 12 64
133 12 72
133 12 80
133 12 88
133 12 96
134 12 40
134 12 48
134 12 56
134 12 64
134 12 72
134 12 80
134 12 88
134 12 96
135 12 40
135 12 48
135 12 56
135 12 64
135 12 72
135 12 80
135 12 88
135 12 96
136 12 40
136 12 48
136 12 56
136 12 64
136 12 72
136 12 80
136 12 88
136 12 96
137 12 40
137 12 48
137 12 56
137 12 64
137 12 72
137 12 80
137 12 88
137 12 96
138 12 40
138 12 48
138 12 56
138 12 64
138 12 72
138 12 80
138 12 88
139 12 40
139 12 48
139 12 56
139 12 64
139 12 72
139 12 80
139 12 88
140 12 40
140 12 48
140 12 56
140 12 64
140 12 72
140 12 80
140 12 88
141 12 40
141 12 48
141 12 56
141 12 64
141 12 72
141 12 80
142 12 40
142 12 48
142 12 56
142 12 64
142 12 72
142 12 80
143 12 40
143 12 48
143 12 56
143 12 64
143 12 72
143 12 80
144 12 40
144 12 48
144 12 56
144 12 64
144 12 72
144 12 80
145 12 40
145 12 48
145 12 56
145 12 64
145 12 72
145 12 80
146 12 40
146 12 48
146 12 56
146 12 64
146 12 72
146 12 80
147 12 40
147 12 48
147 12 56
147 12 64
147 12 72
147 12 80
147 12 88
148 12 40
148 12 48
148 12 56
148 12 64
148 12 72
148 12 80
148 12 88
149 12 40
149 12 48
149 12 56
149 12 64
149 12 72
149 12 80
149 12 88
150 12 40
150 12 48
150 12 56
150 12 64
150 12 72
150 12 80
150 12 88
151 12 40
151 12 48
151 12 56
151 12 64
151 12 72
151 12 80
151 12 88
151 12 96
152 12 40
152 12 48
152 12 56
152 12 64
152 12 72
152 12 80
152 12 88
152 12 96
153 12 40
153 12 48
153 12 56
153 12 64
153 12 72
153 12 80
153 12 88
153 12 96
154 12 40
154 12 48
154 12 56
154 12 64
154 12 72
154 12 80
154 12 88
154 12 96
155 12 40
155 12 48
155 12 56
155 12 64
155 12 72
155 12 80
155 12 88
155 12 96
156 12 40
156 12 48
156 12 56
156 12 64
156 12 72
156 12 80
156 12 88
157 12 40
157 12 48
157 12 56
157 12 64
157 12 72
157 12 80
157 12 88
158 12 40
158 12 48
158 12 56
158 12 64
158 12 72
158 12 80
159 12 40
159 12 48
159 12 56
159 12 64
159 12 72
159 12 80
160 12 40
160 12 48
160 12 56
160 12 64
160 12 72
161 12 40
161 12 48
161 12 56
161 12 64
162 12 40
162 12 48
162 12 56
162 12 64
163 12 40
163 12 48
163 12 56
164 12 40
164 12 48
164 12 56
165 12 40
165 12 48
165 12 56
166 12 40
166 12 48
167 12 40
167 12 48
168 12 40
168 12 48
169 12 40
169 12 48
169 13 40
169 13 48
169 14 40
169 15 40
169 16 40
169 17 40
169 18 40
169 19 40
169 20 40
169 21 40
169 22 40
169 23 40
169 24 40
169 25 40
169 26 40
169 27 40
169 28 40
170 29 40
171 29 40
172 29 40
173 29 40
174 29 40
175 29 40
176 29 40
177 29 40
178 29 40
179 29 40
180 29 40
181 29 40
182 29 40
183 29 40
184 29 40
185 29 40
186 29 40
187 29 40
188 29 40
