9 9 100
9 29 100
9 49 100
9 69 100
9 89 100
9 109 100
9 129 100
9 149 100
9 169 100
9 189 100
29 9 100
29 29 100
29 49 100
29 69 100
29 89 100
29 109 100
29 129 100
29 149 100
29 169 100
29 189 100
49 9 100
49 29 100
49 49 100
49 69 100
49 89 100
49 109 100
49 129 100
49 149 100
49 169 100
49 189 100
69 9 100
69 29 100
69 49 100
69 69 100
69 89 100
69 109 100
69 129 100
69 149 100
69 169 100
69 189 100
89 9 100
89 29 100
89 49 100
89 69 100
89 89 100
89 109 100
89 129 100
89 149 100
89 169 100
89 189 100
109 9 100
109 29 100
109 49 100
109 69 100
109 89 100
109 109 100
109 129 100
109 149 100
109 169 100
109 189 100
129 9 100
129 29 100
129 49 100
129 69 100
129 89 100
129 109 100
129 129 100
129 149 100
129 169 100
129 189 100
149 9 100
149 29 100
149 49 100
149 69 100
149 89 100
149 109 100
149 129 100
149 149 100
149 169 100
149 189 100
169 9 100
169 29 100
169 49 100
169 69 100
169 89 100
169 109 100
169 129 100
169 149 100
169 169 100
169 189 100
189 9 100
189 29 100
189 49 100
189 69 100
189 89 100
189 109 100
189 129 100
189 149 100
189 169 100
189 189 100
9 9 100
9 29 100
9 69 100
9 89 100
9 109 100
9 129 100
9 169 100
9 189 100
29 9 100
29 29 100
29 49 100
29 69 100
29 109 100
29 129 100
29 189 100
49 9 100
49 29 100
49 69 100
49 89 100
49 109 100
49 129 100
49 169 100
49 189 100
69 9 100
69 69 100
69 89 100
69 109 100
69 129 100
69 169 100
69 189 100
89 9 100
89 29 100
89 49 100
89 69 100
89 89 100
89 129 100
89 149 100
89 169 100
89 189 100
109 9 100
109 29 100
109 49 100
109 69 100
109 89 100
109 129 100
109 169 100
109 189 100
129 9 100
129 69 100
129 89 100
129 109 100
129 129 100
129 149 100
129 189 100
149 9 100
149 29 100
149 69 100
149 89 100
149 109 100
149 129 100
149 169 100
149 189 100
169 9 100
169 29 100
169 49 100
169 69 100
169 89 100
169 129 100
169 149 100
169 169 100
169 189 100
189 9 100
189 29 100
189 49 100
189 69 100
189 89 100
189 109 100
189 149 100
189 169 100
189 189 100
173 116 40
7 190 40
7 190 48
7 190 56
7 190 64
7 190 72
5 55 40
112 121 40
112 121 48
112 121 56
112 121 64
144 198 40
144 198 48
44 143 40
44 143 48
44 143 56
119 155 40
32 184 40
32 184 48
32 184 56
32 184 64
32 184 72
32 184 80
68 31 40
177 89 40
177 89 48
177 89 56
177 89 64
177 89 72
141 167 40
27 98 40
18 150 40
176 89 40
176 89 48
176 89 56
176 89 64
176 89 72
175 89 40
175 89 48
175 89 56
175 89 64
175 89 72
174 89 40
174 89 48
174 89 56
174 89 64
173 89 40
173 89 48
173 89 56
173 89 64
172 89 40
172 89 48
172 89 56
172 89 64
171 89 40
171 89 48
171 89 56
170 89 40
170 89 48
170 89 56
170 90 40
170 90 48
170 90 56
170 91 40
170 91 48
170 92 40
170 92 48
170 93 40
170 94 40
170 95 40
170 96 40
170 97 40
170 98 40
170 99 40
170 100 40
170 101 40
170 102 40
170 103 40
170 104 40
170 105 40
170 106 40
170 107 40
170 108 40
170 109 40
170 110 40
171 110 40
171 111 40
172 111 40
172 112 40
173 112 40
173 113 40
173 114 40
173 115 40
17 150 40
16 150 40
15 150 40
14 150 40
13 150 40
12 150 40
11 150 40
10 150 40
9 150 40
8 150 40
7 150 40
7 150 48
7 151 40
7 152 40
7 153 40
7 154 40
7 155 40
7 156 40
7 157 40
7 158 40
7 159 40
7 160 40
7 161 40
7 162 40
7 163 40
7 164 40
7 165 40
7 165 48
7 166 40
7 166 48
7 167 40
7 167 48
7 167 56
7 168 40
7 168 48
7 168 56
7 168 64
7 169 40
7 169 48
7 169 56
7 169 64
7 169 72
7 170 40
7 170 48
7 170 56
7 170 64
7 170 72
7 170 80
7 171 40
7 171 48
7 171 56
7 171 64
7 171 72
7 171 80
7 172 40
7 172 48
7 172 56
7 172 64
7 172 72
7 172 80
7 172 88
7 173 40
7 173 48
7 173 56
7 173 64
7 173 72
7 173 80
7 173 88
7 173 96
7 174 40
7 174 48
7 174 56
7 174 64
7 174 72
7 174 80
7 174 88
7 174 96
7 175 40
7 175 48
7 175 56
7 175 64
7 175 72
7 175 80
7 175 88
7 175 96
7 175 104
7 176 40
7 176 48
7 176 56
7 176 64
7 176 72
7 176 80
7 176 88
7 176 96
7 176 104
7 176 112
7 177 40
7 177 48
7 177 56
7 177 64
7 177 72
7 177 80
7 177 88
7 177 96
7 177 104
7 177 112
7 177 120
7 178 40
7 178 48
7 178 56
7 178 64
7 178 72
7 178 80
7 178 88
7 178 96
7 178 104
7 178 112
7 178 120
7 179 40
7 179 48
7 179 56
7 179 64
7 179 72
7 179 80
7 179 88
7 179 96
7 179 104
7 179 112
7 179 120
7 180 40
7 180 48
7 180 56
7 180 64
7 180 72
7 180 80
7 180 88
7 180 96
7 180 104
7 180 112
7 180 120
7 181 40
7 181 48
7 181 56
7 181 64
7 181 72
7 181 80
7 181 88
7 181 96
7 181 104
7 181 112
7 181 120
7 182 40
7 182 48
7 182 56
7 182 64
7 182 72
7 182 80
7 182 88
7 182 96
7 182 104
7 182 112
7 182 120
7 183 40
7 183 48
7 183 56
7 183 64
7 183 72
7 183 80
7 183 88
7 183 96
7 183 104
7 183 112
7 184 40
7 184 48
7 184 56
7 184 64
7 184 72
7 184 80
7 184 88
7 184 96
7 184 104
7 185 40
7 185 48
7 185 56
7 185 64
7 185 72
7 185 80
7 185 88
7 185 96
7 185 104
7 186 40
7 186 48
7 186 56
7 186 64
7 186 72
7 186 80
7 186 88
7 186 96
7 187 40
7 187 48
7 187 56
7 187 64
7 187 72
7 187 80
7 187 88
7 188 40
7 188 48
7 188 56
7 188 64
7 188 72
7 188 80
7 189 40
7 189 48
7 189 56
7 189 64
7 189 72
7 189 80
44 144 40
44 144 48
44 145 40
44 145 48
44 146 40
44 146 48
44 147 40
44 148 40
43 148 40
42 148 40
41 148 40
40 148 40
39 148 40
38 148 40
37 148 40
36 148 40
35 148 40
34 148 40
33 148 40
32 148 40
31 148 40
30 148 40
30 149 40
29 150 40
28 150 40
27 150 40
26 150 40
25 150 40
24 150 40
23 150 40
22 150 40
21 150 40
20 150 40
19 150 40
32 183 40
32 183 48
32 183 56
32 183 64
32 183 72
32 182 40
32 182 48
32 182 56
32 182 64
32 182 72
32 181 40
32 181 48
32 181 56
32 181 64
32 180 40
32 180 48
32 180 56
32 180 64
32 179 40
32 179 48
32 179 56
32 179 64
32 178 40
32 178 48
32 178 56
32 177 40
32 177 48
32 177 56
32 176 40
32 176 48
32 176 56
32 175 40
32 175 48
32 174 40
32 174 48
32 173 40
32 173 48
32 172 40
32 172 48
31 172 40
31 171 40
31 170 40
30 170 40
30 169 40
29 168 40
29 167 40
29 166 40
29 165 40
29 164 40
29 163 40
29 162 40
29 161 40
29 160 40
29 159 40
29 158 40
29 157 40
29 156 40
29 155 40
29 154 40
29 153 40
29 152 40
29 151 40
27 99 40
27 100 40
27 101 40
27 102 40
27 103 40
27 104 40
27 105 40
27 106 40
27 107 40
27 107 48
28 107 40
28 107 48
28 108 40
28 108 48
28 109 40
28 109 48
28 109 56
28 110 40
28 110 48
28 110 56
28 110 64
28 111 40
28 111 48
28 111 56
28 111 64
28 111 72
28 112 40
28 112 48
28 112 56
28 112 64
28 112 72
28 112 80
28 113 40
28 113 48
28 113 56
28 113 64
28 113 72
28 113 80
28 113 88
28 114 40
28 114 48
28 114 56
28 114 64
28 114 72
28 114 80
28 114 88
28 115 40
28 115 48
28 115 56
28 115 64
28 115 72
28 115 80
28 115 88
28 115 96
28 116 40
28 116 48
28 116 56
28 116 64
28 116 72
28 116 80
28 116 88
28 116 96
28 117 40
28 117 48
28 117 56
28 117 64
28 117 72
28 117 80
28 117 88
28 117 96
28 118 40
28 118 48
28 118 56
28 118 64
28 118 72
28 118 80
28 118 88
28 118 96
28 119 40
28 119 48
28 119 56
28 119 64
28 119 72
28 119 80
28 119 88
28 119 96
28 120 40
28 120 48
28 120 56
28 120 64
28 120 72
28 120 80
28 120 88
28 120 96
28 121 40
28 121 48
28 121 56
28 121 64
28 121 72
28 121 80
28 121 88
28 121 96
28 122 40
28 122 48
28 122 56
28 122 64
28 122 72
28 122 80
28 122 88
28 122 96
28 123 40
28 123 48
28 123 56
28 123 64
28 123 72
28 123 80
28 123 88
28 124 40
28 124 48
28 124 56
28 124 64
28 124 72
28 124 80
28 124 88
28 125 40
28 125 48
28 125 56
28 125 64
28 125 72
28 125 80
28 125 88
28 126 40
28 126 48
28 126 56
28 126 64
28 126 72
28 126 80
28 126 88
28 127 40
28 127 48
28 127 56
28 127 64
28 127 72
28 127 80
28 128 40
28 128 48
28 128 56
28 128 64
28 128 72
28 128 80
28 129 40
28 129 48
28 129 56
28 129 64
28 129 72
28 130 40
28 130 48
28 130 56
28 130 64
28 131 40
28 131 48
28 131 56
28 132 40
28 132 48
28 133 40
28 133 48
28 134 40
28 135 40
28 136 40
28 137 40
28 138 40
28 139 40
28 140 40
28 141 40
28 142 40
28 143 40
28 144 40
28 145 40
28 146 40
28 147 40
28 148 40
28 149 40
69 31 40
69 32 40
69 33 40
69 34 40
69 35 40
69 36 40
69 37 40
69 38 40
69 39 40
69 40 40
69 41 40
69 42 40
69 43 40
69 44 40
69 45 40
69 46 40
69 47 40
69 48 40
68 49 40
67 49 40
66 49 40
65 49 40
64 49 40
63 49 40
62 49 40
61 49 40
60 49 40
59 49 40
58 49 40
57 49 40
56 49 40
55 49 40
54 49 40
53 49 40
52 49 40
51 49 40
50 49 40
50 49 48
49 50 40
49 50 48
48 50 40
48 50 48
48 51 40
48 51 48
48 52 40
48 52 48
48 53 40
48 53 48
48 54 40
48 54 48
48 55 40
48 56 40
48 57 40
48 58 40
48 59 40
48 60 40
48 61 40
48 62 40
48 63 40
48 64 40
48 64 48
48 65 40
48 65 48
48 66 40
48 66 48
48 67 40
48 67 48
48 67 56
48 68 40
48 68 48
48 68 56
48 68 64
48 69 40
48 69 48
48 69 56
48 69 64
48 69 72
48 70 40
48 70 48
48 70 56
48 70 64
48 70 72
48 70 80
47 70 40
47 70 48
47 70 56
47 70 64
47 70 72
47 70 80
47 70 88
47 71 40
47 71 48
47 71 56
47 71 64
47 71 72
47 71 80
47 71 88
47 71 96
47 72 40
47 72 48
47 72 56
47 72 64
47 72 72
47 72 80
47 72 88
47 72 96
46 72 40
46 72 48
46 72 56
46 72 64
46 72 72
46 72 80
46 72 88
46 72 96
46 72 104
45 72 40
45 72 48
45 72 56
45 72 64
45 72 72
45 72 80
45 72 88
45 72 96
45 72 104
45 72 112
45 72 120
45 73 40
45 73 48
45 73 56
45 73 64
45 73 72
45 73 80
45 73 88
45 73 96
45 73 104
45 73 112
45 73 120
44 73 40
44 73 48
44 73 56
44 73 64
44 73 72
44 73 80
44 73 88
44 73 96
44 73 104
44 73 112
44 73 120
44 74 40
44 74 48
44 74 56
44 74 64
44 74 72
44 74 80
44 74 88
44 74 96
44 74 104
44 74 112
44 74 120
44 75 40
44 75 48
44 75 56
44 75 64
44 75 72
44 75 80
44 75 88
44 75 96
44 75 104
44 75 112
43 75 40
43 75 48
43 75 56
43 75 64
43 75 72
43 75 80
43 75 88
43 75 96
43 75 104
43 75 112
43 75 120
42 75 40
42 75 48
42 75 56
42 75 64
42 75 72
42 75 80
42 75 88
42 75 96
42 75 104
42 75 112
42 75 120
42 76 40
42 76 48
42 76 56
42 76 64
42 76 72
42 76 80
42 76 88
42 76 96
42 76 104
42 76 112
42 77 40
42 77 48
42 77 56
42 77 64
42 77 72
42 77 80
42 77 88
42 77 96
42 77 104
41 77 40
41 77 48
41 77 56
41 77 64
41 77 72
41 77 80
41 77 88
41 77 96
41 77 104
41 78 40
41 78 48
41 78 56
41 78 64
41 78 72
41 78 80
41 78 88
41 78 96
41 78 104
40 78 40
40 78 48
40 78 56
40 78 64
40 78 72
40 78 80
40 78 88
40 78 96
40 78 104
39 78 40
39 78 48
39 78 56
39 78 64
39 78 72
39 78 80
39 78 88
39 78 96
39 78 104
39 79 40
39 79 48
39 79 56
39 79 64
39 79 72
39 79 80
39 79 88
39 79 96
39 79 104
38 79 40
38 79 48
38 79 56
38 79 64
38 79 72
38 79 80
38 79 88
38 79 96
38 79 104
38 80 40
38 80 48
38 80 56
38 80 64
38 80 72
38 80 80
38 80 88
38 80 96
38 80 104
37 80 40
37 80 48
37 80 56
37 80 64
37 80 72
37 80 80
37 80 88
37 80 96
37 80 104
37 81 40
37 81 48
37 81 56
37 81 64
37 81 72
37 81 80
37 81 88
37 81 96
37 82 40
37 82 48
37 82 56
37 82 64
37 82 72
37 82 80
37 82 88
37 82 96
36 82 40
36 82 48
36 82 56
36 82 64
36 82 72
36 82 80
36 82 88
36 82 96
35 82 40
35 82 48
35 82 56
35 82 64
35 82 72
35 82 80
35 82 88
35 82 96
35 83 40
35 83 48
35 83 56
35 83 64
35 83 72
35 83 80
35 83 88
34 83 40
34 83 48
34 83 56
34 83 64
34 83 72
34 83 80
34 83 88
34 84 40
34 84 48
34 84 56
34 84 64
34 84 72
34 84 80
33 84 40
33 84 48
33 84 56
33 84 64
33 84 72
33 84 80
33 85 40
33 85 48
33 85 56
33 85 64
33 85 72
32 85 40
32 85 48
32 85 56
32 85 64
32 86 40
32 86 48
32 86 56
31 86 40
31 86 48
31 86 56
31 87 40
31 87 48
30 87 40
30 87 48
30 88 40
29 88 40
28 89 40
28 90 40
27 90 40
27 91 40
27 92 40
27 93 40
27 94 40
27 95 40
27 96 40
27 97 40
119 154 40
119 153 40
118 153 40
117 153 40
116 153 40
115 153 40
114 153 40
113 153 40
113 152 40
112 152 40
112 151 40
111 151 40
111 150 40
110 150 40
110 149 40
108 149 40
107 149 40
106 149 40
105 149 40
104 149 40
103 149 40
102 149 40
101 149 40
101 149 48
100 149 40
100 149 48
99 149 40
99 149 48
98 149 40
98 149 48
98 149 56
97 149 40
97 149 48
97 149 56
97 149 64
96 149 40
96 149 48
96 149 56
96 149 64
95 149 40
95 149 48
95 149 56
95 149 64
95 149 72
94 149 40
94 149 48
94 149 56
94 149 64
94 149 72
94 149 80
93 149 40
93 149 48
93 149 56
93 149 64
93 149 72
93 149 80
93 149 88
92 149 40
92 149 48
92 149 56
92 149 64
92 149 72
92 149 80
92 149 88
91 149 40
91 149 48
91 149 56
91 149 64
91 149 72
91 149 80
91 149 88
90 149 40
90 149 48
90 149 56
90 149 64
90 149 72
90 149 80
90 149 88
89 149 40
89 149 48
89 149 56
89 149 64
88 149 40
88 149 48
88 149 56
88 149 64
88 149 72
88 149 80
88 149 88
87 149 40
87 149 48
87 149 56
87 149 64
87 149 72
87 149 80
87 149 88
86 149 40
86 149 48
86 149 56
86 149 64
86 149 72
86 149 80
86 149 88
85 149 40
85 149 48
85 149 56
85 149 64
85 149 72
85 149 80
85 149 88
84 149 40
84 149 48
84 149 56
84 149 64
84 149 72
84 149 80
84 149 88
83 149 40
83 149 48
83 149 56
83 149 64
83 149 72
83 149 80
83 149 88
82 149 40
82 149 48
82 149 56
82 149 64
82 149 72
82 149 80
82 149 88
81 149 40
81 149 48
81 149 56
81 149 64
81 149 72
81 149 80
80 149 40
80 149 48
80 149 56
80 149 64
80 149 72
79 149 40
79 149 48
79 149 56
79 149 64
78 149 40
78 149 48
78 149 56
78 149 64
77 149 40
77 149 48
77 149 56
76 149 40
76 149 48
75 149 40
75 149 48
74 149 40
74 149 48
73 149 40
73 149 48
72 149 40
72 149 48
71 149 40
71 149 48
70 149 40
70 149 48
68 149 40
68 149 48
67 149 40
67 149 48
66 149 40
66 149 48
65 149 40
65 149 48
64 149 40
64 149 48
63 149 40
63 149 48
62 149 40
61 149 40
60 149 40
59 149 40
58 149 40
57 149 40
56 149 40
56 149 48
55 149 40
55 149 48
54 149 40
54 149 48
53 149 40
53 149 48
52 149 40
52 149 48
51 149 40
51 149 48
50 149 40
50 149 48
48 149 40
48 149 48
48 148 40
48 148 48
47 148 40
47 148 48
46 148 40
46 148 48
45 148 40
140 167 40
139 167 40
138 167 40
137 167 40
136 167 40
135 167 40
134 167 40
133 167 40
132 167 40
131 167 40
130 167 40
129 167 40
128 167 40
127 167 40
127 166 40
127 165 40
127 164 40
127 163 40
127 162 40
127 161 40
127 160 40
127 159 40
127 158 40
127 157 40
127 156 40
127 155 40
127 154 40
127 153 40
126 153 40
125 153 40
124 153 40
123 153 40
122 153 40
121 153 40
120 153 40
112 122 40
112 122 48
112 122 56
112 122 64
112 123 40
112 123 48
112 123 56
112 123 64
112 123 72
112 124 40
112 124 48
112 124 56
112 124 64
112 124 72
112 125 40
112 125 48
112 125 56
112 125 64
112 125 72
112 125 80
112 126 40
112 126 48
112 126 56
112 126 64
112 126 72
112 126 80
112 126 88
112 127 40
112 127 48
112 127 56
112 127 64
112 127 72
112 127 80
112 127 88
112 127 96
112 128 40
112 128 48
112 128 56
112 128 64
112 128 72
112 128 80
112 128 88
112 128 96
112 128 104
112 129 40
112 129 48
112 129 56
112 129 64
112 129 72
112 129 80
112 129 88
112 129 96
112 129 104
112 129 112
112 130 40
112 130 48
112 130 56
112 130 64
112 130 72
112 130 80
112 130 88
112 130 96
112 130 104
112 130 112
112 130 120
112 131 40
112 131 48
112 131 56
112 131 64
112 131 72
112 131 80
112 131 88
112 131 96
112 131 104
112 131 112
112 131 120
112 131 128
112 132 40
112 132 48
112 132 56
112 132 64
112 132 72
112 132 80
112 132 88
112 132 96
112 132 104
112 132 112
112 132 120
112 132 128
112 133 40
112 133 48
112 133 56
112 133 64
112 133 72
112 133 80
112 133 88
112 133 96
112 133 104
112 133 112
112 133 120
112 133 128
112 134 40
112 134 48
112 134 56
112 134 64
112 134 72
112 134 80
112 134 88
112 134 96
112 134 104
112 134 112
112 134 120
112 135 40
112 135 48
112 135 56
112 135 64
112 135 72
112 135 80
112 135 88
112 135 96
112 135 104
112 136 40
112 136 48
112 136 56
112 136 64
112 136 72
112 136 80
112 136 88
112 136 96
112 137 40
112 137 48
112 137 56
112 137 64
112 137 72
112 137 80
112 137 88
112 138 40
112 138 48
112 138 56
112 138 64
112 138 72
112 139 40
112 139 48
112 139 56
112 139 64
112 140 40
112 140 48
112 140 56
112 141 40
112 141 48
112 141 56
112 142 40
112 142 48
112 143 40
112 143 48
112 144 40
112 144 48
112 145 40
112 145 48
112 146 40
112 146 48
112 147 40
111 147 40
111 148 40
110 148 40
144 197 40
144 197 48
144 196 40
144 196 48
144 195 40
144 195 48
144 195 56
144 194 40
144 194 48
144 194 56
144 193 40
144 193 48
144 193 56
144 192 40
144 192 48
144 192 56
144 192 64
144 191 40
144 191 48
144 191 56
144 191 64
144 190 40
144 190 48
144 190 56
144 190 64
144 189 40
144 189 48
144 189 56
144 189 64
144 188 40
144 188 48
144 188 56
144 188 64
144 187 40
144 187 48
144 187 56
144 187 64
144 186 40
144 186 48
144 186 56
144 186 64
144 185 40
144 185 48
144 185 56
144 185 64
144 184 40
144 184 48
144 184 56
144 184 64
144 183 40
144 183 48
144 183 56
144 183 64
143 183 40
143 183 48
143 183 56
142 183 40
142 183 48
142 182 40
142 182 48
142 181 40
142 181 48
141 181 40
141 181 48
140 181 40
140 180 40
140 179 40
139 179 40
139 178 40
138 178 40
137 178 40
137 177 40
137 176 40
136 176 40
136 175 40
135 175 40
135 174 40
134 174 40
133 174 40
133 173 40
133 172 40
132 172 40
132 171 40
131 171 40
131 170 40
130 170 40
130 169 40
130 168 40
