9 9 100
9 29 100
9 49 100
9 69 100
9 89 100
9 109 100
9 129 100
9 149 100
9 169 100
9 189 100
29 9 100
29 29 100
29 49 100
29 69 100
29 89 100
29 109 100
29 129 100
29 149 100
29 169 100
29 189 100
49 9 100
49 29 100
49 49 100
49 69 100
49 89 100
49 109 100
49 129 100
49 149 100
49 169 100
49 189 100
69 9 100
69 29 100
69 49 100
69 69 100
69 89 100
69 109 100
69 129 100
69 149 100
69 169 100
69 189 100
89 9 100
89 29 100
89 49 100
89 69 100
89 89 100
89 109 100
89 129 100
89 149 100
89 169 100
89 189 100
109 9 100
109 29 100
109 49 100
109 69 100
109 89 100
109 109 100
109 129 100
109 149 100
109 169 100
109 189 100
129 9 100
129 29 100
129 49 100
129 69 100
129 89 100
129 109 100
129 129 100
129 149 100
129 169 100
129 189 100
149 9 100
149 29 100
149 49 100
149 69 100
149 89 100
149 109 100
149 129 100
149 149 100
149 169 100
149 189 100
169 9 100
169 29 100
169 49 100
169 69 100
169 89 100
169 109 100
169 129 100
169 149 100
169 169 100
169 189 100
189 9 100
189 29 100
189 49 100
189 69 100
189 89 100
189 109 100
189 129 100
189 149 100
189 169 100
189 189 100
9 9 100
9 69 100
9 89 100
9 169 100
29 9 100
29 29 100
29 49 100
29 69 100
29 129 100
29 189 100
49 49 100
49 69 100
49 89 100
49 109 100
49 129 100
49 149 100
49 169 100
69 109 100
69 129 100
69 169 100
89 9 100
89 29 100
89 49 100
89 69 100
89 89 100
89 109 100
89 189 100
109 49 100
109 169 100
129 69 100
129 149 100
129 169 100
149 9 100
149 29 100
149 109 100
149 129 100
149 189 100
169 29 100
169 69 100
169 109 100
169 129 100
169 149 100
169 189 100
189 9 100
189 29 100
189 69 100
189 89 100
189 109 100
189 149 100
199 165 40
3 182 40
2 53 40
84 154 40
85 154 40
86 154 40
87 154 40
87 155 40
87 156 40
87 157 40
87 158 40
87 159 40
87 160 40
87 161 40
87 162 40
87 163 40
87 164 40
87 165 40
87 166 40
87 166 48
87 167 40
87 167 48
88 167 40
88 168 40
88 168 48
89 168 40
89 170 40
90 170 40
90 171 40
90 172 40
90 173 40
90 174 40
90 175 40
90 176 40
90 177 40
90 178 40
90 179 40
90 180 40
90 181 40
90 182 40
90 183 40
90 184 40
90 185 40
90 185 48
90 186 40
90 186 48
90 187 40
90 187 48
90 187 56
90 188 40
90 188 48
90 188 56
91 188 40
91 188 48
92 188 40
92 188 48
93 188 40
93 188 48
94 188 40
94 188 48
95 188 40
95 188 48
96 188 40
96 188 48
97 188 40
97 188 48
98 188 40
98 188 48
99 188 40
99 188 48
100 188 40
100 188 48
101 188 40
101 188 48
102 188 40
103 188 40
104 188 40
105 188 40
106 188 40
107 188 40
108 188 40
108 189 40
110 189 40
110 189 48
111 189 40
111 189 48
111 189 56
112 189 40
112 189 48
112 189 56
112 189 64
113 189 40
113 189 48
113 189 56
113 189 64
113 189 72
114 189 40
114 189 48
114 189 56
114 189 64
114 189 72
115 189 40
115 189 48
115 189 56
115 189 64
115 189 72
115 189 80
116 189 40
116 189 48
116 189 56
116 189 64
116 189 72
116 189 80
117 189 40
117 189 48
117 189 56
117 189 64
117 189 72
117 189 80
118 189 40
118 189 48
118 189 56
118 189 64
118 189 72
119 189 40
119 189 48
119 189 56
119 189 64
119 189 72
120 189 40
120 189 48
120 189 56
120 189 64
121 189 40
121 189 48
121 189 56
122 189 40
122 189 48
122 189 56
123 189 40
123 189 48
123 189 56
124 189 40
124 189 48
125 189 40
125 189 48
126 189 40
126 189 48
126 189 56
127 189 40
127 189 48
127 189 56
128 189 40
128 189 48
128 189 56
130 189 40
130 189 48
130 188 40
130 188 48
131 188 40
131 188 48
132 188 40
132 188 48
133 188 40
134 188 40
135 188 40
136 188 40
137 188 40
137 188 48
138 188 40
138 188 48
139 188 40
139 188 48
140 188 40
140 188 48
140 188 56
141 188 40
141 188 48
141 188 56
141 188 64
142 188 40
142 188 48
142 188 56
142 188 64
142 188 72
143 188 40
143 188 48
143 188 56
143 188 64
143 188 72
143 188 80
144 188 40
144 188 48
144 188 56
144 188 64
144 188 72
144 188 80
145 188 40
145 188 48
145 188 56
145 188 64
145 188 72
145 188 80
146 188 40
146 188 48
146 188 56
146 188 64
146 188 72
147 188 40
147 188 48
147 188 56
147 188 64
147 188 72
148 188 40
148 188 48
148 188 56
148 188 64
148 187 40
148 187 48
148 187 56
148 187 64
148 186 40
148 186 48
148 186 56
148 186 64
148 185 40
148 185 48
148 185 56
148 184 40
148 184 48
148 184 56
148 183 40
148 183 48
148 183 56
148 182 40
148 182 48
148 181 40
148 181 48
148 180 40
148 180 48
148 179 40
148 178 40
148 177 40
148 176 40
148 175 40
148 174 40
148 173 40
148 172 40
148 171 40
148 170 40
149 170 40
150 169 40
151 169 40
152 169 40
153 169 40
154 169 40
155 169 40
156 169 40
157 169 40
158 169 40
159 169 40
160 169 40
161 169 40
162 169 40
163 169 40
164 169 40
165 169 40
166 169 40
167 169 40
168 169 40
170 169 40
171 169 40
172 169 40
173 169 40
173 169 48
174 169 40
174 169 48
175 169 40
175 169 48
176 169 40
176 169 48
177 169 40
177 169 48
178 169 40
178 169 48
179 169 40
179 169 48
180 169 40
180 169 48
181 169 40
181 169 48
182 169 40
182 169 48
183 169 40
183 169 48
184 169 40
185 169 40
186 169 40
187 169 40
188 169 40
190 169 40
190 168 40
191 168 40
191 167 40
192 167 40
192 166 40
193 166 40
193 165 40
194 165 40
195 165 40
196 165 40
197 165 40
198 165 40
3 183 40
3 184 40
3 185 40
3 186 40
3 187 40
3 188 40
3 189 40
4 189 40
5 189 40
6 189 40
7 189 40
8 189 40
9 188 40
10 188 40
10 187 40
11 187 40
11 186 40
12 186 40
12 185 40
13 185 40
13 184 40
14 184 40
14 184 48
14 183 40
14 183 48
15 183 40
15 183 48
16 183 40
16 183 48
16 182 40
16 182 48
16 181 40
16 181 48
17 181 40
17 181 48
17 180 40
17 180 48
18 180 40
18 180 48
19 180 40
19 180 48
19 180 56
19 179 40
19 179 48
19 178 40
19 178 48
20 178 40
20 178 48
20 178 56
21 178 40
21 178 48
21 178 56
21 177 40
21 177 48
21 177 56
22 177 40
22 177 48
22 177 56
22 177 64
22 176 40
22 176 48
22 176 56
22 175 40
22 175 48
22 175 56
23 175 40
23 175 48
23 175 56
23 175 64
23 174 40
23 174 48
23 174 56
24 174 40
24 174 48
24 174 56
24 174 64
24 173 40
24 173 48
24 173 56
25 173 40
25 173 48
25 173 56
25 172 40
25 172 48
26 172 40
26 172 48
26 171 40
27 171 40
28 171 40
29 171 40
30 171 40
31 171 40
32 171 40
32 172 40
33 172 40
33 173 40
34 173 40
34 173 48
34 174 40
34 174 48
35 174 40
35 174 48
35 175 40
35 175 48
35 176 40
35 176 48
36 176 40
36 176 48
36 177 40
36 177 48
37 177 40
37 177 48
38 177 40
38 177 48
38 178 40
38 178 48
38 179 40
38 179 48
39 179 40
39 179 48
40 179 40
40 179 48
40 180 40
40 180 48
40 181 40
40 181 48
40 181 56
41 181 40
41 181 48
41 181 56
42 181 40
42 181 48
42 181 56
42 182 40
42 182 48
42 182 56
43 182 40
43 182 48
43 182 56
43 183 40
43 183 48
43 183 56
44 183 40
44 183 48
44 183 56
44 184 40
44 184 48
44 184 56
45 184 40
45 184 48
45 185 40
45 185 48
46 185 40
46 186 40
47 186 40
47 187 40
48 187 40
48 188 40
49 188 40
50 189 40
51 189 40
52 189 40
53 189 40
54 189 40
55 189 40
56 189 40
57 189 40
58 189 40
59 189 40
60 189 40
61 189 40
62 189 40
63 189 40
64 189 40
65 189 40
66 189 40
67 189 40
68 189 40
70 189 40
70 188 40
71 188 40
72 188 40
73 188 40
74 188 40
74 188 48
75 188 40
75 188 48
76 188 40
76 188 48
77 188 40
77 188 48
77 188 56
78 188 40
78 188 48
78 188 56
79 188 40
79 188 48
79 188 56
79 188 64
80 188 40
80 188 48
80 188 56
80 188 64
80 188 72
81 188 40
81 188 48
81 188 56
81 188 64
81 188 72
81 188 80
82 188 40
82 188 48
82 188 56
82 188 64
82 188 72
82 188 80
83 188 40
83 188 48
83 188 56
83 188 64
83 188 72
83 188 80
83 188 88
84 188 40
84 188 48
84 188 56
84 188 64
84 188 72
84 188 80
84 188 88
85 188 40
85 188 48
85 188 56
85 188 64
85 188 72
85 188 80
85 188 88
86 188 40
86 188 48
86 188 56
86 188 64
86 188 72
86 188 80
87 188 40
87 188 48
87 188 56
87 188 64
87 188 72
88 188 40
88 188 48
88 188 56
88 188 64
88 188 72
89 188 40
89 188 48
89 188 56
89 188 64
2 52 40
2 51 40
2 50 40
2 49 40
3 49 40
4 49 40
5 49 40
6 49 40
7 49 40
8 49 40
10 49 40
10 49 48
11 49 40
11 49 48
12 49 40
12 49 48
12 49 56
13 49 40
13 49 48
13 49 56
14 49 40
14 49 48
14 49 56
15 49 40
15 49 48
15 49 56
15 49 64
16 49 40
16 49 48
16 49 56
16 49 64
16 49 72
16 49 80
17 49 40
17 49 48
17 49 56
17 49 64
17 49 72
17 49 80
17 49 88
18 49 40
18 49 48
18 49 56
18 49 64
18 49 72
18 49 80
18 49 88
18 49 96
18 49 104
19 49 40
19 49 48
19 49 56
19 49 64
19 49 72
19 49 80
19 49 88
19 49 96
19 49 104
19 49 112
19 49 120
19 49 128
20 49 40
20 49 48
20 49 56
20 49 64
20 49 72
20 49 80
20 49 88
20 49 96
20 49 104
20 49 112
20 49 120
20 49 128
20 49 136
20 49 144
21 49 40
21 49 48
21 49 56
21 49 64
21 49 72
21 49 80
21 49 88
21 49 96
21 49 104
21 49 112
21 49 120
21 49 128
21 49 136
21 49 144
21 49 152
21 49 160
22 49 40
22 49 48
22 49 56
22 49 64
22 49 72
22 49 80
22 49 88
22 49 96
22 49 104
22 49 112
22 49 120
22 49 128
22 49 136
22 49 144
22 49 152
22 49 160
22 49 168
23 49 40
23 49 48
23 49 56
23 49 64
23 49 72
23 49 80
23 49 88
23 49 96
23 49 104
23 49 112
23 49 120
23 49 128
23 49 136
23 49 144
23 49 152
23 49 160
23 49 168
24 49 40
24 49 48
24 49 56
24 49 64
24 49 72
24 49 80
24 49 88
24 49 96
24 49 104
24 49 112
24 49 120
24 49 128
24 49 136
24 49 144
24 49 152
24 49 160
24 49 168
25 49 40
25 49 48
25 49 56
25 49 64
25 49 72
25 49 80
25 49 88
25 49 96
25 49 104
25 49 112
25 49 120
25 49 128
25 49 136
25 49 144
25 49 152
25 49 160
26 49 40
26 49 48
26 49 56
26 49 64
26 49 72
26 49 80
26 49 88
26 49 96
26 49 104
26 49 112
26 49 120
26 49 128
26 49 136
26 49 144
26 49 152
27 49 40
27 49 48
27 49 56
27 49 64
27 49 72
27 49 80
27 49 88
27 49 96
27 49 104
27 49 112
27 49 120
27 49 128
27 49 136
27 49 144
28 49 40
28 49 48
28 49 56
28 49 64
28 49 72
28 49 80
28 49 88
28 49 96
28 49 104
28 49 112
28 49 120
28 49 128
28 49 136
29 49 40
29 49 48
29 49 56
29 49 64
29 49 72
29 49 80
29 49 88
29 49 96
29 49 104
29 49 112
30 49 40
30 49 48
30 49 56
30 49 64
30 49 72
30 49 80
30 49 88
30 49 96
30 49 104
30 49 112
30 49 120
31 49 40
31 49 48
31 49 56
31 49 64
31 49 72
31 49 80
31 49 88
31 49 96
31 49 104
31 49 112
31 49 120
32 49 40
32 49 48
32 49 56
32 49 64
32 49 72
32 49 80
32 49 88
32 49 96
32 49 104
32 49 112
32 49 120
33 49 40
33 49 48
33 49 56
33 49 64
33 49 72
33 49 80
33 49 88
33 49 96
33 49 104
33 49 112
33 49 120
34 49 40
34 49 48
34 49 56
34 49 64
34 49 72
34 49 80
34 49 88
34 49 96
34 49 104
34 49 112
35 49 40
35 49 48
35 49 56
35 49 64
35 49 72
35 49 80
35 49 88
35 49 96
35 49 104
35 49 112
36 49 40
36 49 48
36 49 56
36 49 64
36 49 72
36 49 80
36 49 88
36 49 96
36 49 104
37 49 40
37 49 48
37 49 56
37 49 64
37 49 72
37 49 80
37 49 88
38 49 40
38 49 48
38 49 56
38 49 64
38 49 72
38 49 80
39 49 40
39 49 48
39 49 56
39 49 64
39 49 72
40 49 40
40 49 48
40 49 56
40 49 64
41 49 40
41 49 48
41 49 56
41 49 64
42 49 40
42 49 48
42 49 56
42 49 64
43 49 40
43 49 48
43 49 56
43 49 64
44 49 40
44 49 48
44 49 56
44 49 64
45 49 40
45 49 48
45 49 56
45 49 64
46 49 40
46 49 48
46 49 56
46 49 64
47 49 40
47 49 48
47 49 56
47 49 64
48 49 40
48 49 48
48 49 56
50 49 40
50 49 48
51 49 40
51 49 48
52 49 40
52 49 48
53 49 40
53 49 48
54 49 40
54 49 48
55 49 40
56 49 40
57 49 40
58 49 40
59 49 40
60 49 40
61 49 40
62 49 40
63 49 40
64 49 40
65 49 40
66 49 40
67 49 40
68 49 40
69 50 40
69 51 40
69 52 40
69 53 40
69 54 40
69 55 40
69 56 40
69 57 40
69 58 40
69 59 40
69 60 40
69 61 40
69 62 40
69 63 40
69 64 40
69 64 48
69 65 40
69 65 48
69 66 40
69 66 48
69 67 40
69 67 48
69 68 40
69 68 48
69 70 40
69 70 48
69 71 40
69 71 48
69 72 40
69 72 48
69 73 40
69 73 48
69 74 40
69 74 48
69 75 40
69 75 48
69 76 40
69 76 48
69 77 40
69 77 48
69 78 40
69 78 48
69 79 40
69 79 48
69 80 40
69 81 40
69 82 40
69 83 40
69 84 40
69 85 40
69 86 40
69 87 40
69 88 40
68 89 40
67 89 40
66 89 40
65 89 40
64 89 40
63 89 40
62 89 40
61 89 40
60 89 40
59 89 40
58 89 40
58 89 48
57 89 40
57 89 48
56 89 40
56 89 48
56 89 56
55 89 40
55 89 48
55 89 56
55 89 64
54 89 40
54 89 48
54 89 56
54 89 64
54 89 72
53 89 40
53 89 48
53 89 56
53 89 64
53 89 72
52 89 40
52 89 48
52 89 56
52 89 64
52 89 72
51 89 40
51 89 48
51 89 56
51 89 64
51 89 72
50 89 40
50 89 48
50 89 56
50 89 64
48 89 40
48 89 48
47 89 40
47 89 48
46 89 40
45 89 40
44 89 40
43 89 40
42 89 40
41 89 40
40 89 40
39 89 40
38 89 40
37 89 40
36 89 40
35 89 40
34 89 40
33 89 40
32 89 40
31 89 40
30 89 40
29 90 40
29 91 40
29 92 40
29 93 40
29 94 40
29 95 40
29 96 40
29 97 40
29 98 40
29 99 40
29 100 40
29 101 40
29 102 40
29 103 40
29 104 40
29 105 40
29 106 40
29 107 40
29 108 40
29 110 40
29 111 40
29 112 40
29 113 40
29 114 40
29 115 40
29 116 40
29 117 40
29 118 40
29 119 40
29 120 40
29 121 40
29 122 40
29 123 40
29 124 40
29 125 40
29 126 40
29 127 40
29 127 48
29 128 40
29 128 48
29 130 40
29 130 48
29 130 56
29 130 64
29 130 72
29 131 40
29 131 48
29 131 56
29 131 64
29 131 72
29 131 80
29 132 40
29 132 48
29 132 56
29 132 64
29 132 72
29 132 80
29 132 88
29 132 96
29 133 40
29 133 48
29 133 56
29 133 64
29 133 72
29 133 80
29 133 88
29 133 96
29 133 104
29 134 40
29 134 48
29 134 56
29 134 64
29 134 72
29 134 80
29 134 88
29 134 96
29 134 104
29 135 40
29 135 48
29 135 56
29 135 64
29 135 72
29 135 80
29 135 88
29 135 96
29 135 104
29 136 40
29 136 48
29 136 56
29 136 64
29 136 72
29 136 80
29 136 88
29 136 96
29 136 104
29 137 40
29 137 48
29 137 56
29 137 64
29 137 72
29 137 80
29 137 88
29 138 40
29 138 48
29 138 56
29 138 64
29 138 72
29 139 40
29 139 48
29 139 56
29 140 40
29 140 48
29 141 40
29 142 40
29 143 40
29 144 40
29 145 40
29 146 40
29 147 40
29 148 40
29 150 40
29 151 40
29 152 40
29 153 40
29 154 40
29 155 40
29 156 40
29 157 40
29 158 40
29 159 40
29 160 40
29 161 40
29 162 40
29 163 40
29 164 40
29 165 40
29 166 40
29 167 40
29 168 40
29 170 40
