9 9 100
9 29 100
9 49 100
9 69 100
9 89 100
9 109 100
9 129 100
9 149 100
9 169 100
9 189 100
29 9 100
29 29 100
29 49 100
29 69 100
29 89 100
29 109 100
29 129 100
29 149 100
29 169 100
29 189 100
49 9 100
49 29 100
49 49 100
49 69 100
49 89 100
49 109 100
49 129 100
49 149 100
49 169 100
49 189 100
69 9 100
69 29 100
69 49 100
69 69 100
69 89 100
69 109 100
69 129 100
69 149 100
69 169 100
69 189 100
89 9 100
89 29 100
89 49 100
89 69 100
89 89 100
89 109 100
89 129 100
89 149 100
89 169 100
89 189 100
109 9 100
109 29 100
109 49 100
109 69 100
109 89 100
109 109 100
109 129 100
109 149 100
109 169 100
109 189 100
129 9 100
129 29 100
129 49 100
129 69 100
129 89 100
129 109 100
129 129 100
129 149 100
129 169 100
129 189 100
149 9 100
149 29 100
149 49 100
149 69 100
149 89 100
149 109 100
149 129 100
149 149 100
149 169 100
149 189 100
169 9 100
169 29 100
169 49 100
169 69 100
169 89 100
169 109 100
169 129 100
169 149 100
169 169 100
169 189 100
189 9 100
189 29 100
189 49 100
189 69 100
189 89 100
189 109 100
189 129 100
189 149 100
189 169 100
189 189 100
9 29 100
9 49 100
9 69 100
9 189 100
29 49 100
29 69 100
29 89 100
29 129 100
29 149 100
29 169 100
29 189 100
49 9 100
49 29 100
49 49 100
49 69 100
49 89 100
49 109 100
49 169 100
49 189 100
69 9 100
69 89 100
69 109 100
69 129 100
69 189 100
89 9 100
89 29 100
89 89 100
89 109 100
89 129 100
109 9 100
109 29 100
109 69 100
109 89 100
109 109 100
109 129 100
129 89 100
129 109 100
129 189 100
149 29 100
149 49 100
149 89 100
149 109 100
149 129 100
149 169 100
149 189 100
169 29 100
169 49 100
169 89 100
169 109 100
169 129 100
169 189 100
189 89 100
189 109 100
145 55 40
81 69 40
185 66 40
188 142 40
0 102 40
89 170 40
125 145 40
75 129 40
75 129 72
75 129 104
126 145 40
126 146 40
126 147 40
127 147 40
128 147 40
128 148 40
128 149 40
130 149 40
131 149 40
132 149 40
133 149 40
134 149 40
135 149 40
136 149 40
137 149 40
138 149 40
139 149 40
140 149 40
141 149 40
142 149 40
143 149 40
144 149 40
145 149 40
146 149 40
147 149 40
148 149 40
150 149 40
151 149 40
152 149 40
153 149 40
154 149 40
155 149 40
156 149 40
157 149 40
158 149 40
159 149 40
160 149 40
161 149 40
162 149 40
163 149 40
164 149 40
165 149 40
166 149 40
167 149 40
168 149 40
170 149 40
171 149 40
172 149 40
173 149 40
174 149 40
175 149 40
176 149 40
177 149 40
178 149 40
179 149 40
180 149 40
181 149 40
182 149 40
183 149 40
184 149 40
185 149 40
186 149 40
187 149 40
188 149 40
188 148 40
188 147 40
188 146 40
188 145 40
188 144 40
188 143 40
90 169 40
91 169 40
92 169 40
93 169 40
94 169 40
95 169 40
96 169 40
97 169 40
98 169 40
99 169 40
100 169 40
101 169 40
102 169 40
103 169 40
104 169 40
105 169 40
106 169 40
107 169 40
108 169 40
109 168 40
109 167 40
109 166 40
109 165 40
109 164 40
109 163 40
109 162 40
109 161 40
109 160 40
109 159 40
109 158 40
109 157 40
109 156 40
109 155 40
109 154 40
109 153 40
109 152 40
109 151 40
109 150 40
110 149 40
111 149 40
112 149 40
113 149 40
114 149 40
115 149 40
116 149 40
117 149 40
118 149 40
119 149 40
120 149 40
121 149 40
122 149 40
123 149 40
124 149 40
125 149 40
126 149 40
127 149 40
74 129 40
74 129 72
74 129 104
73 129 40
73 129 72
73 129 104
72 129 40
72 129 72
71 129 40
71 129 72
70 129 40
70 129 72
70 130 40
70 130 72
70 130 104
70 131 40
70 131 72
70 131 104
70 132 40
70 132 72
70 132 104
70 133 40
70 133 72
70 133 104
70 134 40
70 134 72
70 134 104
70 135 40
70 135 72
70 136 40
70 136 72
70 137 40
70 137 72
70 138 40
70 138 72
70 139 40
70 140 40
70 141 40
70 142 40
70 143 40
70 144 40
70 145 40
70 146 40
70 147 40
70 148 40
70 149 40
71 149 40
72 149 40
73 149 40
74 149 40
75 149 40
76 149 40
77 149 40
78 149 40
79 149 40
80 149 40
81 149 40
82 149 40
83 149 40
84 149 40
85 149 40
86 149 40
87 149 40
88 149 40
89 150 40
89 151 40
89 152 40
89 153 40
89 154 40
89 155 40
89 156 40
89 157 40
89 158 40
89 159 40
89 160 40
89 161 40
89 162 40
89 163 40
89 164 40
89 165 40
89 166 40
89 167 40
89 168 40
0 103 40
0 104 40
0 105 40
0 106 40
0 107 40
0 108 40
0 109 40
1 109 40
2 109 40
3 109 40
4 109 40
5 109 40
6 109 40
7 109 40
8 109 40
10 109 40
11 109 40
12 109 40
13 109 40
14 109 40
15 109 40
16 109 40
17 109 40
18 109 40
19 109 40
20 109 40
21 109 40
22 109 40
23 109 40
24 109 40
25 109 40
26 109 40
27 109 40
28 109 40
29 110 40
30 110 40
30 111 40
31 111 40
31 111 72
32 111 40
32 111 72
32 112 40
32 112 72
32 113 40
32 113 72
33 113 40
33 113 72
34 113 40
34 113 72
34 114 40
34 114 72
34 115 40
34 115 72
35 115 40
35 115 72
35 115 104
35 116 40
35 116 72
36 116 40
36 116 72
36 116 104
36 117 40
36 117 72
36 117 104
37 117 40
37 117 72
37 117 104
37 118 40
37 118 72
37 118 104
38 118 40
38 118 72
38 118 104
39 118 40
39 118 72
39 118 104
39 119 40
39 119 72
39 119 104
40 119 40
40 119 72
40 119 104
40 120 40
40 120 72
40 120 104
40 121 40
40 121 72
40 121 104
41 121 40
41 121 72
41 121 104
41 122 40
41 122 72
41 122 104
42 122 40
42 122 72
43 122 40
43 122 72
43 123 40
43 123 72
44 123 40
44 123 72
44 124 40
44 124 72
45 124 40
45 124 72
45 125 40
45 125 72
46 125 40
46 125 72
46 126 40
46 126 72
47 126 40
47 126 72
47 127 40
47 127 72
47 128 40
47 128 72
48 128 40
48 128 72
48 129 40
48 129 72
50 129 40
51 129 40
52 129 40
53 129 40
54 129 40
55 129 40
55 129 72
56 129 40
56 129 72
57 129 40
57 129 72
58 129 40
58 129 72
59 129 40
59 129 72
60 129 40
60 129 72
61 129 40
61 129 72
61 129 104
62 129 40
62 129 72
62 129 104
63 129 40
63 129 72
63 129 104
64 129 40
64 129 72
64 129 104
65 129 40
65 129 72
65 129 104
66 129 40
66 129 72
66 129 104
67 129 40
67 129 72
67 129 104
68 129 40
68 129 72
68 129 104
