9 9 100
9 29 100
9 49 100
9 69 100
9 89 100
9 109 100
9 129 100
9 149 100
9 169 100
9 189 100
29 9 100
29 29 100
29 49 100
29 69 100
29 89 100
29 109 100
29 129 100
29 149 100
29 169 100
29 189 100
49 9 100
49 29 100
49 49 100
49 69 100
49 89 100
49 109 100
49 129 100
49 149 100
49 169 100
49 189 100
69 9 100
69 29 100
69 49 100
69 69 100
69 89 100
69 109 100
69 129 100
69 149 100
69 169 100
69 189 100
89 9 100
89 29 100
89 49 100
89 69 100
89 89 100
89 109 100
89 129 100
89 149 100
89 169 100
89 189 100
109 9 100
109 29 100
109 49 100
109 69 100
109 89 100
109 109 100
109 129 100
109 149 100
109 169 100
109 189 100
129 9 100
129 29 100
129 49 100
129 69 100
129 89 100
129 109 100
129 129 100
129 149 100
129 169 100
129 189 100
149 9 100
149 29 100
149 49 100
149 69 100
149 89 100
149 109 100
149 129 100
149 149 100
149 169 100
149 189 100
169 9 100
169 29 100
169 49 100
169 69 100
169 89 100
169 109 100
169 129 100
169 149 100
169 169 100
169 189 100
189 9 100
189 29 100
189 49 100
189 69 100
189 89 100
189 109 100
189 129 100
189 149 100
189 169 100
189 189 100
9 9 100
9 29 100
9 49 100
9 89 100
9 109 100
9 129 100
9 169 100
9 189 100
29 29 100
29 49 100
29 69 100
29 89 100
29 109 100
29 149 100
29 169 100
29 189 100
49 9 100
49 49 100
49 69 100
49 89 100
49 109 100
49 129 100
49 149 100
49 189 100
69 9 100
69 29 100
69 49 100
69 69 100
69 89 100
69 109 100
69 129 100
69 169 100
89 29 100
89 49 100
89 69 100
89 89 100
89 109 100
89 129 100
89 149 100
89 169 100
109 9 100
109 69 100
109 129 100
109 149 100
109 189 100
129 9 100
129 29 100
129 49 100
129 69 100
129 109 100
129 129 100
129 149 100
129 189 100
149 29 100
149 49 100
149 89 100
149 109 100
149 129 100
149 169 100
149 189 100
169 9 100
169 29 100
169 69 100
169 89 100
169 109 100
169 129 100
169 149 100
169 169 100
169 189 100
189 29 100
189 49 100
189 69 100
189 109 100
189 149 100
189 169 100
89 176 40
89 176 44
89 176 48
89 176 52
89 176 56
89 176 60
89 176 64
89 176 68
89 176 72
89 176 76
89 176 80
89 176 84
89 176 88
89 176 92
89 176 96
187 194 40
105 47 40
47 155 40
47 155 44
47 155 48
47 155 52
47 155 56
177 40 40
58 37 40
193 95 40
133 73 40
183 133 40
107 102 40
17 149 40
47 156 40
47 156 44
47 156 48
47 156 52
47 156 56
47 157 40
47 157 44
47 157 48
47 157 52
47 158 40
47 158 44
47 158 48
47 159 40
47 159 44
47 159 48
47 160 40
47 160 44
47 161 40
47 161 44
47 162 40
47 162 44
47 163 40
47 164 40
47 165 40
47 166 40
47 167 40
48 167 40
48 168 40
49 168 40
49 170 40
50 170 40
50 171 40
50 172 40
50 173 40
50 174 40
50 175 40
50 176 40
50 177 40
50 178 40
50 179 40
50 179 44
50 180 40
50 180 44
50 181 40
50 181 44
50 182 40
50 182 44
50 183 40
50 183 44
50 184 40
50 184 44
50 184 48
50 185 40
50 185 44
50 185 48
50 186 40
50 186 44
50 186 48
50 187 40
50 187 44
50 187 48
50 188 40
50 188 44
50 188 48
51 188 40
51 188 44
52 188 40
52 188 44
53 188 40
54 188 40
55 188 40
56 188 40
57 188 40
58 188 40
59 188 40
60 188 40
61 188 40
62 188 40
63 188 40
64 188 40
65 188 40
65 188 44
66 188 40
66 188 44
67 188 40
67 188 44
68 188 40
68 188 44
68 188 48
68 189 40
68 189 44
70 189 40
70 189 44
70 189 48
71 189 40
71 189 44
71 189 48
72 189 40
72 189 44
72 189 48
72 189 52
73 189 40
73 189 44
73 189 48
73 189 52
74 189 40
74 189 44
74 189 48
74 189 52
75 189 40
75 189 44
75 189 48
76 189 40
76 189 44
76 189 48
77 189 40
77 189 44
78 189 40
78 189 44
79 189 40
79 189 44
80 189 40
81 189 40
82 189 40
83 189 40
84 189 40
85 189 40
86 189 40
87 189 40
88 189 40
89 188 40
89 187 40
89 186 40
89 186 44
89 185 40
89 185 44
89 185 48
89 184 40
89 184 44
89 184 48
89 184 52
89 183 40
89 183 44
89 183 48
89 183 52
89 183 56
89 182 40
89 182 44
89 182 48
89 182 52
89 182 56
89 182 60
89 182 64
89 181 40
89 181 44
89 181 48
89 181 52
89 181 56
89 181 60
89 181 64
89 181 68
89 181 72
89 180 40
89 180 44
89 180 48
89 180 52
89 180 56
89 180 60
89 180 64
89 180 68
89 180 72
89 180 76
89 180 80
89 179 40
89 179 44
89 179 48
89 179 52
89 179 56
89 179 60
89 179 64
89 179 68
89 179 72
89 179 76
89 179 80
89 179 84
89 178 40
89 178 44
89 178 48
89 178 52
89 178 56
89 178 60
89 178 64
89 178 68
89 178 72
89 178 76
89 178 80
89 178 84
89 178 88
89 178 92
89 177 40
89 177 44
89 177 48
89 177 52
89 177 56
89 177 60
89 177 64
89 177 68
89 177 72
89 177 76
89 177 80
89 177 84
89 177 88
89 177 92
16 149 40
15 149 40
14 149 40
13 149 40
13 148 40
13 147 40
13 146 40
13 145 40
13 144 40
14 144 40
15 144 40
15 143 40
15 142 40
16 142 40
16 141 40
17 141 40
17 140 40
18 140 40
18 139 40
19 139 40
19 138 40
20 138 40
21 138 40
21 137 40
21 136 40
22 136 40
22 135 40
23 135 40
23 134 40
24 134 40
24 133 40
25 133 40
25 132 40
26 132 40
26 131 40
27 131 40
28 131 40
29 131 40
30 131 40
31 131 40
32 131 40
32 132 40
33 132 40
33 133 40
34 133 40
34 134 40
34 135 40
35 135 40
35 136 40
36 136 40
36 137 40
37 137 40
38 137 40
38 137 44
38 138 40
38 138 44
38 139 40
38 139 44
39 139 40
39 139 44
39 139 48
39 140 40
39 140 44
39 140 48
40 140 40
40 140 44
40 140 48
40 140 52
41 140 40
41 140 44
41 140 48
41 140 52
41 141 40
41 141 44
41 141 48
41 141 52
41 141 56
42 141 40
42 141 44
42 141 48
42 141 52
42 141 56
42 142 40
42 142 44
42 142 48
42 142 52
42 142 56
42 142 60
43 142 40
43 142 44
43 142 48
43 142 52
43 142 56
43 142 60
43 142 64
43 143 40
43 143 44
43 143 48
43 143 52
43 143 56
43 143 60
43 143 64
43 144 40
43 144 44
43 144 48
43 144 52
43 144 56
43 144 60
43 144 64
43 144 68
44 144 40
44 144 44
44 144 48
44 144 52
44 144 56
44 144 60
44 144 64
44 144 68
45 144 40
45 144 44
45 144 48
45 144 52
45 144 56
45 144 60
45 144 64
45 144 68
45 145 40
45 145 44
45 145 48
45 145 52
45 145 56
45 145 60
45 145 64
45 145 68
46 145 40
46 145 44
46 145 48
46 145 52
46 145 56
46 145 60
46 145 64
46 145 68
46 146 40
46 146 44
46 146 48
46 146 52
46 146 56
46 146 60
46 146 64
46 146 68
47 146 40
47 146 44
47 146 48
47 146 52
47 146 56
47 146 60
47 146 64
47 147 40
47 147 44
47 147 48
47 147 52
47 147 56
47 147 60
47 147 64
47 148 40
47 148 44
47 148 48
47 148 52
47 148 56
47 148 60
47 148 64
47 149 40
47 149 44
47 149 48
47 149 52
47 149 56
47 149 60
47 149 64
47 150 40
47 150 44
47 150 48
47 150 52
47 150 56
47 150 60
47 150 64
47 151 40
47 151 44
47 151 48
47 151 52
47 151 56
47 151 60
47 151 64
47 152 40
47 152 44
47 152 48
47 152 52
47 152 56
47 152 60
47 152 64
47 153 40
47 153 44
47 153 48
47 153 52
47 153 56
47 153 60
47 154 40
47 154 44
47 154 48
47 154 52
47 154 56
47 154 60
107 103 40
107 104 40
107 105 40
107 106 40
107 107 40
107 108 40
107 109 40
107 110 40
106 110 40
105 110 40
104 110 40
103 110 40
102 110 40
101 110 40
100 110 40
99 110 40
98 110 40
97 110 40
96 110 40
96 110 44
95 110 40
95 110 44
94 110 40
94 110 44
93 110 40
93 110 44
93 110 48
92 110 40
92 110 44
92 110 48
91 110 40
91 110 44
91 110 48
91 110 52
90 110 40
90 110 44
90 110 48
90 110 52
90 110 56
89 110 40
89 110 44
89 110 48
89 110 52
89 110 56
89 110 60
88 110 40
88 110 44
88 110 48
88 110 52
88 110 56
88 110 60
87 110 40
87 110 44
87 110 48
87 110 52
87 110 56
87 110 60
87 110 64
86 110 40
86 110 44
86 110 48
86 110 52
86 110 56
86 110 60
86 110 64
85 110 40
85 110 44
85 110 48
85 110 52
85 110 56
85 110 60
84 110 40
84 110 44
84 110 48
84 110 52
84 110 56
84 110 60
83 110 40
83 110 44
83 110 48
83 110 52
83 110 56
82 110 40
82 110 44
82 110 48
82 110 52
81 110 40
81 110 44
81 110 48
81 110 52
80 110 40
80 110 44
80 110 48
79 110 40
79 110 44
79 110 48
78 110 40
78 110 44
77 110 40
77 110 44
76 110 40
76 110 44
75 110 40
75 110 44
74 110 40
74 110 44
73 110 40
73 110 44
72 110 40
72 110 44
71 110 40
71 110 44
70 110 40
70 110 44
70 110 48
70 111 40
70 111 44
70 111 48
70 112 40
70 112 44
70 112 48
70 113 40
70 113 44
70 113 48
70 114 40
70 114 44
70 114 48
70 115 40
70 115 44
70 115 48
70 115 52
70 116 40
70 116 44
70 116 48
70 116 52
70 117 40
70 117 44
70 117 48
70 117 52
70 118 40
70 118 44
70 118 48
70 118 52
70 118 56
70 119 40
70 119 44
70 119 48
70 119 52
70 119 56
70 120 40
70 120 44
70 120 48
70 120 52
70 120 56
70 120 60
70 121 40
70 121 44
70 121 48
70 121 52
70 121 56
70 121 60
70 121 64
70 122 40
70 122 44
70 122 48
70 122 52
70 122 56
70 122 60
70 122 64
70 123 40
70 123 44
70 123 48
70 123 52
70 123 56
70 123 60
70 123 64
70 124 40
70 124 44
70 124 48
70 124 52
70 124 56
70 124 60
70 124 64
70 125 40
70 125 44
70 125 48
70 125 52
70 125 56
70 125 60
70 125 64
70 126 40
70 126 44
70 126 48
70 126 52
70 126 56
70 126 60
70 127 40
70 127 44
70 127 48
70 127 52
70 127 56
70 127 60
70 128 40
70 128 44
70 128 48
70 128 52
70 128 56
70 128 60
70 129 40
70 129 44
70 129 48
70 129 52
70 129 56
70 130 40
70 130 44
70 130 48
70 130 52
70 130 56
70 131 40
70 131 44
70 131 48
70 131 52
70 132 40
70 132 44
70 132 48
70 132 52
70 133 40
70 133 44
70 133 48
70 133 52
70 134 40
70 134 44
70 134 48
70 135 40
70 135 44
70 135 48
70 136 40
70 136 44
70 137 40
70 137 44
70 138 40
70 138 44
70 139 40
70 139 44
70 140 40
70 141 40
70 142 40
70 143 40
70 144 40
70 145 40
70 145 44
70 146 40
70 146 44
70 147 40
70 147 44
70 148 40
70 148 44
69 148 40
69 148 44
68 149 40
68 149 44
67 149 40
67 149 44
66 149 40
65 149 40
64 149 40
63 149 40
62 149 40
61 149 40
60 149 40
59 149 40
58 149 40
57 149 40
56 149 40
55 149 40
54 149 40
53 149 40
53 149 44
52 149 40
52 149 44
51 149 40
51 149 44
51 149 48
50 149 40
50 149 44
50 149 48
50 149 52
48 149 40
48 149 44
48 149 48
48 149 52
48 149 56
48 149 60
133 74 40
133 75 40
133 76 40
133 77 40
133 78 40
133 79 40
133 80 40
133 81 40
133 82 40
133 83 40
133 84 40
133 85 40
132 85 40
132 86 40
131 86 40
131 87 40
130 87 40
130 88 40
129 88 40
128 89 40
127 89 40
126 89 40
125 89 40
124 89 40
123 89 40
122 89 40
121 89 40
120 89 40
119 89 40
118 89 40
117 89 40
117 89 44
116 89 40
116 89 44
115 89 40
115 89 44
114 89 40
114 89 44
113 89 40
113 89 44
112 89 40
112 89 44
111 89 40
111 89 44
110 89 40
110 89 44
109 90 40
108 90 40
108 91 40
107 91 40
107 92 40
107 93 40
107 94 40
107 95 40
107 96 40
107 97 40
107 98 40
107 99 40
107 100 40
107 101 40
177 41 40
176 41 40
176 42 40
176 43 40
175 43 40
174 43 40
174 44 40
173 44 40
173 45 40
172 45 40
172 46 40
172 46 44
171 46 40
171 46 44
171 47 40
171 47 44
170 47 40
170 47 44
170 48 40
170 48 44
169 48 40
169 48 44
169 50 40
169 50 44
169 50 48
168 50 40
168 50 44
167 50 40
167 50 44
167 51 40
167 51 44
166 51 40
166 51 44
166 52 40
166 52 44
166 52 48
165 52 40
165 52 44
165 52 48
165 53 40
165 53 44
165 53 48
164 53 40
164 53 44
164 53 48
164 54 40
164 54 44
164 54 48
163 54 40
163 54 44
163 54 48
163 54 52
163 55 40
163 55 44
163 55 48
163 55 52
162 55 40
162 55 44
162 55 48
162 55 52
162 56 40
162 56 44
162 56 48
162 56 52
162 56 56
161 56 40
161 56 44
161 56 48
161 56 52
161 56 56
161 57 40
161 57 44
161 57 48
161 57 52
161 57 56
161 58 40
161 58 44
161 58 48
161 58 52
161 58 56
161 58 60
160 58 40
160 58 44
160 58 48
160 58 52
160 58 56
160 58 60
160 59 40
160 59 44
160 59 48
160 59 52
160 59 56
160 59 60
159 59 40
159 59 44
159 59 48
159 59 52
159 59 56
159 59 60
158 59 40
158 59 44
158 59 48
158 59 52
158 59 56
158 59 60
158 59 64
158 60 40
158 60 44
158 60 48
158 60 52
158 60 56
158 60 60
158 61 40
158 61 44
158 61 48
158 61 52
158 61 56
158 61 60
157 61 40
157 61 44
157 61 48
157 61 52
157 61 56
157 61 60
157 62 40
157 62 44
157 62 48
157 62 52
157 62 56
156 62 40
156 62 44
156 62 48
156 62 52
156 62 56
155 62 40
155 62 44
155 62 48
155 62 52
155 62 56
155 63 40
155 63 44
155 63 48
155 63 52
154 63 40
154 63 44
154 63 48
154 63 52
154 64 40
154 64 44
154 64 48
153 64 40
153 64 44
153 64 48
153 65 40
153 65 44
153 65 48
152 65 40
152 65 44
152 66 40
152 66 44
151 66 40
151 66 44
151 67 40
151 67 44
150 67 40
150 67 44
150 68 40
150 68 44
149 68 40
149 68 44
148 69 40
148 69 44
148 70 40
148 70 44
148 71 40
148 71 44
148 71 48
147 71 40
147 71 44
146 71 40
146 71 44
146 72 40
146 72 44
145 72 40
145 72 44
145 73 40
145 73 44
145 73 48
144 73 40
144 73 44
143 73 40
143 73 44
142 73 40
141 73 40
140 73 40
139 73 40
138 73 40
137 73 40
136 73 40
135 73 40
134 73 40
106 47 40
107 47 40
108 47 40
108 48 40
109 48 40
109 50 40
109 51 40
109 52 40
109 53 40
109 54 40
109 55 40
109 56 40
109 56 44
109 57 40
109 57 44
109 58 40
109 58 44
109 58 48
109 59 40
109 59 44
109 59 48
109 59 52
109 60 40
109 60 44
109 60 48
109 60 52
109 60 56
109 60 60
109 61 40
109 61 44
109 61 48
109 61 52
109 61 56
109 61 60
109 61 64
109 61 68
109 62 40
109 62 44
109 62 48
109 62 52
109 62 56
109 62 60
109 62 64
109 62 68
109 62 72
109 62 76
109 62 80
109 62 84
109 63 40
109 63 44
109 63 48
109 63 52
109 63 56
109 63 60
109 63 64
109 63 68
109 63 72
109 63 76
109 63 80
109 63 84
109 63 88
109 63 92
109 63 96
109 64 40
109 64 44
109 64 48
109 64 52
109 64 56
109 64 60
109 64 64
109 64 68
109 64 72
109 64 76
109 64 80
109 64 84
109 64 88
109 64 92
109 64 96
109 64 100
109 64 104
109 64 108
109 64 112
109 65 40
109 65 44
109 65 48
109 65 52
109 65 56
109 65 60
109 65 64
109 65 68
109 65 72
109 65 76
109 65 80
109 65 84
109 65 88
109 65 92
109 65 96
109 65 100
109 65 104
109 65 108
109 65 112
109 65 116
109 65 120
109 65 124
109 66 40
109 66 44
109 66 48
109 66 52
109 66 56
109 66 60
109 66 64
109 66 68
109 66 72
109 66 76
109 66 80
109 66 84
109 66 88
109 66 92
109 66 96
109 66 100
109 66 104
109 66 108
109 66 112
109 66 116
109 66 120
109 66 124
109 66 128
109 66 132
109 67 40
109 67 44
109 67 48
109 67 52
109 67 56
109 67 60
109 67 64
109 67 68
109 67 72
109 67 76
109 67 80
109 67 84
109 67 88
109 67 92
109 67 96
109 67 100
109 67 104
109 67 108
109 67 112
109 67 116
109 67 120
109 67 124
109 67 128
109 67 132
109 67 136
109 67 140
109 68 40
109 68 44
109 68 48
109 68 52
109 68 56
109 68 60
109 68 64
109 68 68
109 68 72
109 68 76
109 68 80
109 68 84
109 68 88
109 68 92
109 68 96
109 68 100
109 68 104
109 68 108
109 68 112
109 68 116
109 68 120
109 68 124
109 68 128
109 68 132
109 68 136
109 68 140
109 68 144
109 68 148
109 69 40
109 69 44
109 69 48
109 69 52
109 69 56
109 69 60
109 69 64
109 69 68
109 69 72
109 69 76
109 69 80
109 69 84
109 69 88
109 69 92
109 69 96
109 69 100
109 69 104
109 69 108
109 69 112
109 69 116
109 69 120
109 69 124
109 69 128
109 69 132
109 69 136
109 69 140
109 69 144
109 70 40
109 70 44
109 70 48
109 70 52
109 70 56
109 70 60
109 70 64
109 70 68
109 70 72
109 70 76
109 70 80
109 70 84
109 70 88
109 70 92
109 70 96
109 70 100
109 70 104
109 70 108
109 70 112
109 70 116
109 70 120
109 70 124
109 70 128
109 70 132
109 70 136
109 70 140
109 70 144
109 70 148
109 71 40
109 71 44
109 71 48
109 71 52
109 71 56
109 71 60
109 71 64
109 71 68
109 71 72
109 71 76
109 71 80
109 71 84
109 71 88
109 71 92
109 71 96
109 71 100
109 71 104
109 71 108
109 71 112
109 71 116
109 71 120
109 71 124
109 71 128
109 71 132
109 71 136
109 71 140
109 71 144
109 71 148
109 72 40
109 72 44
109 72 48
109 72 52
109 72 56
109 72 60
109 72 64
109 72 68
109 72 72
109 72 76
109 72 80
109 72 84
109 72 88
109 72 92
109 72 96
109 72 100
109 72 104
109 72 108
109 72 112
109 72 116
109 72 120
109 72 124
109 72 128
109 72 132
109 72 136
109 72 140
109 73 40
109 73 44
109 73 48
109 73 52
109 73 56
109 73 60
109 73 64
109 73 68
109 73 72
109 73 76
109 73 80
109 73 84
109 73 88
109 73 92
109 73 96
109 73 100
109 73 104
109 73 108
109 73 112
109 73 116
109 73 120
109 73 124
109 73 128
109 73 132
109 73 136
109 74 40
109 74 44
109 74 48
109 74 52
109 74 56
109 74 60
109 74 64
109 74 68
109 74 72
109 74 76
109 74 80
109 74 84
109 74 88
109 74 92
109 74 96
109 74 100
109 74 104
109 74 108
109 74 112
109 74 116
109 74 120
109 74 124
109 74 128
109 75 40
109 75 44
109 75 48
109 75 52
109 75 56
109 75 60
109 75 64
109 75 68
109 75 72
109 75 76
109 75 80
109 75 84
109 75 88
109 75 92
109 75 96
109 75 100
109 75 104
109 75 108
109 75 112
109 75 116
109 75 120
109 76 40
109 76 44
109 76 48
109 76 52
109 76 56
109 76 60
109 76 64
109 76 68
109 76 72
109 76 76
109 76 80
109 76 84
109 76 88
109 76 92
109 76 96
109 76 100
109 76 104
109 76 108
109 76 112
109 77 40
109 77 44
109 77 48
109 77 52
109 77 56
109 77 60
109 77 64
109 77 68
109 77 72
109 77 76
109 77 80
109 77 84
109 77 88
109 77 92
109 77 96
109 77 100
109 77 104
109 78 40
109 78 44
109 78 48
109 78 52
109 78 56
109 78 60
109 78 64
109 78 68
109 78 72
109 78 76
109 78 80
109 78 84
109 78 88
109 78 92
109 78 96
109 79 40
109 79 44
109 79 48
109 79 52
109 79 56
109 79 60
109 79 64
109 79 68
109 79 72
109 79 76
109 79 80
109 79 84
109 79 88
109 80 40
109 80 44
109 80 48
109 80 52
109 80 56
109 80 60
109 80 64
109 80 68
109 80 72
109 80 76
109 80 80
109 80 84
109 81 40
109 81 44
109 81 48
109 81 52
109 81 56
109 81 60
109 81 64
109 81 68
109 81 72
109 81 76
109 82 40
109 82 44
109 82 48
109 82 52
109 82 56
109 82 60
109 82 64
109 82 68
109 82 72
109 83 40
109 83 44
109 83 48
109 83 52
109 83 56
109 83 60
109 83 64
109 84 40
109 84 44
109 84 48
109 84 52
109 84 56
109 84 60
109 85 40
109 85 44
109 85 48
109 85 52
109 86 40
109 86 44
109 86 48
109 87 40
109 87 44
109 87 48
109 88 40
109 88 44
193 94 40
193 93 40
193 92 40
192 92 40
192 91 40
191 91 40
191 90 40
190 90 40
190 89 40
189 88 40
188 88 40
188 87 40
187 87 40
187 86 40
187 86 44
186 86 40
186 86 44
186 85 40
186 85 44
186 85 48
185 85 40
185 85 44
185 85 48
185 85 52
184 85 40
184 85 44
184 85 48
184 85 52
184 85 56
184 84 40
184 84 44
184 84 48
184 84 52
184 84 56
184 84 60
183 84 40
183 84 44
183 84 48
183 84 52
183 84 56
183 84 60
183 84 64
183 84 68
183 83 40
183 83 44
183 83 48
183 83 52
183 83 56
183 83 60
183 83 64
183 83 68
183 83 72
183 82 40
183 82 44
183 82 48
183 82 52
183 82 56
183 82 60
183 82 64
183 82 68
183 82 72
183 82 76
182 82 40
182 82 44
182 82 48
182 82 52
182 82 56
182 82 60
182 82 64
182 82 68
182 82 72
182 82 76
182 82 80
182 82 84
182 81 40
182 81 44
182 81 48
182 81 52
182 81 56
182 81 60
182 81 64
182 81 68
182 81 72
182 81 76
182 81 80
182 81 84
182 81 88
181 81 40
181 81 44
181 81 48
181 81 52
181 81 56
181 81 60
181 81 64
181 81 68
181 81 72
181 81 76
181 81 80
181 81 84
181 81 88
181 81 92
181 80 40
181 80 44
181 80 48
181 80 52
181 80 56
181 80 60
181 80 64
181 80 68
181 80 72
181 80 76
181 80 80
181 80 84
181 80 88
181 80 92
180 80 40
180 80 44
180 80 48
180 80 52
180 80 56
180 80 60
180 80 64
180 80 68
180 80 72
180 80 76
180 80 80
180 80 84
180 80 88
180 80 92
180 80 96
180 80 100
180 79 40
180 79 44
180 79 48
180 79 52
180 79 56
180 79 60
180 79 64
180 79 68
180 79 72
180 79 76
180 79 80
180 79 84
180 79 88
180 79 92
180 79 96
179 79 40
179 79 44
179 79 48
179 79 52
179 79 56
179 79 60
179 79 64
179 79 68
179 79 72
179 79 76
179 79 80
179 79 84
179 79 88
179 79 92
179 79 96
179 79 100
179 78 40
179 78 44
179 78 48
179 78 52
179 78 56
179 78 60
179 78 64
179 78 68
179 78 72
179 78 76
179 78 80
179 78 84
179 78 88
179 78 92
179 78 96
179 78 100
179 77 40
179 77 44
179 77 48
179 77 52
179 77 56
179 77 60
179 77 64
179 77 68
179 77 72
179 77 76
179 77 80
179 77 84
179 77 88
179 77 92
179 77 96
179 76 40
179 76 44
179 76 48
179 76 52
179 76 56
179 76 60
179 76 64
179 76 68
179 76 72
179 76 76
179 76 80
179 76 84
179 76 88
179 76 92
179 76 96
179 75 40
179 75 44
179 75 48
179 75 52
179 75 56
179 75 60
179 75 64
179 75 68
179 75 72
179 75 76
179 75 80
179 75 84
179 75 88
179 75 92
179 74 40
179 74 44
179 74 48
179 74 52
179 74 56
179 74 60
179 74 64
179 74 68
179 74 72
179 74 76
179 74 80
179 74 84
179 74 88
179 74 92
179 73 40
179 73 44
179 73 48
179 73 52
179 73 56
179 73 60
179 73 64
179 73 68
179 73 72
179 73 76
179 73 80
179 73 84
179 73 88
179 73 92
179 72 40
179 72 44
179 72 48
179 72 52
179 72 56
179 72 60
179 72 64
179 72 68
179 72 72
179 72 76
179 72 80
179 72 84
179 72 88
179 72 92
179 71 40
179 71 44
179 71 48
179 71 52
179 71 56
179 71 60
179 71 64
179 71 68
179 71 72
179 71 76
179 71 80
179 71 84
179 71 88
179 71 92
179 70 40
179 70 44
179 70 48
179 70 52
179 70 56
179 70 60
179 70 64
179 70 68
179 70 72
179 70 76
179 70 80
179 70 84
179 70 88
179 70 92
179 69 40
179 69 44
179 69 48
179 69 52
179 69 56
179 69 60
179 69 64
179 69 68
179 69 72
179 69 76
179 69 80
179 69 84
179 69 88
179 69 92
179 68 40
179 68 44
179 68 48
179 68 52
179 68 56
179 68 60
179 68 64
179 68 68
179 68 72
179 68 76
179 68 80
179 68 84
179 68 88
179 68 92
179 68 96
179 67 40
179 67 44
179 67 48
179 67 52
179 67 56
179 67 60
179 67 64
179 67 68
179 67 72
179 67 76
179 67 80
179 67 84
179 67 88
179 67 92
179 67 96
179 66 40
179 66 44
179 66 48
179 66 52
179 66 56
179 66 60
179 66 64
179 66 68
179 66 72
179 66 76
179 66 80
179 66 84
179 66 88
179 66 92
179 66 96
179 66 100
179 65 40
179 65 44
179 65 48
179 65 52
179 65 56
179 65 60
179 65 64
179 65 68
179 65 72
179 65 76
179 65 80
179 65 84
179 65 88
179 65 92
179 65 96
179 65 100
179 65 104
179 64 40
179 64 44
179 64 48
179 64 52
179 64 56
179 64 60
179 64 64
179 64 68
179 64 72
179 64 76
179 64 80
179 64 84
179 64 88
179 64 92
179 64 96
179 64 100
179 64 104
179 64 108
179 63 40
179 63 44
179 63 48
179 63 52
179 63 56
179 63 60
179 63 64
179 63 68
179 63 72
179 63 76
179 63 80
179 63 84
179 63 88
179 63 92
179 63 96
179 63 100
179 63 104
179 63 108
179 62 40
179 62 44
179 62 48
179 62 52
179 62 56
179 62 60
179 62 64
179 62 68
179 62 72
179 62 76
179 62 80
179 62 84
179 62 88
179 62 92
179 62 96
179 62 100
179 62 104
179 62 108
179 62 112
179 61 40
179 61 44
179 61 48
179 61 52
179 61 56
179 61 60
179 61 64
179 61 68
179 61 72
179 61 76
179 61 80
179 61 84
179 61 88
179 61 92
179 61 96
179 61 100
179 61 104
179 61 108
179 61 112
179 60 40
179 60 44
179 60 48
179 60 52
179 60 56
179 60 60
179 60 64
179 60 68
179 60 72
179 60 76
179 60 80
179 60 84
179 60 88
179 60 92
179 60 96
179 60 100
179 60 104
179 60 108
179 59 40
179 59 44
179 59 48
179 59 52
179 59 56
179 59 60
179 59 64
179 59 68
179 59 72
179 59 76
179 59 80
179 59 84
179 59 88
179 59 92
179 59 96
179 59 100
179 59 104
179 59 108
179 58 40
179 58 44
179 58 48
179 58 52
179 58 56
179 58 60
179 58 64
179 58 68
179 58 72
179 58 76
179 58 80
179 58 84
179 58 88
179 58 92
179 58 96
179 58 100
179 58 104
178 58 40
178 58 44
178 58 48
178 58 52
178 58 56
178 58 60
178 58 64
178 58 68
178 58 72
178 58 76
178 58 80
178 58 84
178 58 88
178 58 92
178 58 96
178 58 100
178 58 104
178 58 108
178 57 40
178 57 44
178 57 48
178 57 52
178 57 56
178 57 60
178 57 64
178 57 68
178 57 72
178 57 76
178 57 80
178 57 84
178 57 88
178 57 92
178 57 96
178 57 100
178 57 104
177 57 40
177 57 44
177 57 48
177 57 52
177 57 56
177 57 60
177 57 64
177 57 68
177 57 72
177 57 76
177 57 80
177 57 84
177 57 88
177 57 92
177 57 96
177 57 100
177 57 104
177 57 108
176 57 40
176 57 44
176 57 48
176 57 52
176 57 56
176 57 60
176 57 64
176 57 68
176 57 72
176 57 76
176 57 80
176 57 84
176 57 88
176 57 92
176 57 96
176 57 100
176 57 104
176 56 40
176 56 44
176 56 48
176 56 52
176 56 56
176 56 60
176 56 64
176 56 68
176 56 72
176 56 76
176 56 80
176 56 84
176 56 88
176 56 92
176 56 96
176 56 100
175 56 40
175 56 44
175 56 48
175 56 52
175 56 56
175 56 60
175 56 64
175 56 68
175 56 72
175 56 76
175 56 80
175 56 84
175 56 88
175 56 92
175 56 96
175 55 40
175 55 44
175 55 48
175 55 52
175 55 56
175 55 60
175 55 64
175 55 68
175 55 72
175 55 76
175 55 80
175 55 84
175 55 88
174 55 40
174 55 44
174 55 48
174 55 52
174 55 56
174 55 60
174 55 64
174 55 68
174 55 72
174 55 76
174 55 80
174 55 84
174 54 40
174 54 44
174 54 48
174 54 52
174 54 56
174 54 60
174 54 64
174 54 68
174 54 72
174 54 76
173 54 40
173 54 44
173 54 48
173 54 52
173 54 56
173 54 60
173 54 64
173 54 68
173 54 72
173 53 40
173 53 44
173 53 48
173 53 52
173 53 56
173 53 60
173 53 64
173 53 68
172 53 40
172 53 44
172 53 48
172 53 52
172 53 56
172 53 60
172 53 64
172 52 40
172 52 44
172 52 48
172 52 52
172 52 56
172 52 60
171 52 40
171 52 44
171 52 48
171 52 52
171 52 56
171 51 40
171 51 44
171 51 48
171 51 52
171 50 40
171 50 44
171 50 48
171 50 52
170 50 40
170 50 44
170 50 48
184 133 40
185 133 40
186 133 40
186 132 40
187 132 40
187 131 40
188 131 40
188 130 40
189 130 40
189 128 40
189 127 40
189 126 40
189 125 40
189 124 40
189 123 40
189 122 40
189 121 40
189 121 44
189 120 40
189 120 44
189 120 48
189 119 40
189 119 44
189 119 48
189 119 52
189 118 40
189 118 44
189 118 48
189 118 52
189 118 56
189 118 60
189 117 40
189 117 44
189 117 48
189 117 52
189 117 56
189 117 60
189 117 64
189 117 68
189 117 72
189 116 40
189 116 44
189 116 48
189 116 52
189 116 56
189 116 60
189 116 64
189 116 68
189 116 72
189 116 76
189 116 80
189 116 84
189 116 88
189 115 40
189 115 44
189 115 48
189 115 52
189 115 56
189 115 60
189 115 64
189 115 68
189 115 72
189 115 76
189 115 80
189 115 84
189 115 88
189 115 92
189 115 96
189 115 100
189 115 104
189 114 40
189 114 44
189 114 48
189 114 52
189 114 56
189 114 60
189 114 64
189 114 68
189 114 72
189 114 76
189 114 80
189 114 84
189 114 88
189 114 92
189 114 96
189 114 100
189 114 104
189 114 108
189 114 112
189 114 116
189 114 120
189 113 40
189 113 44
189 113 48
189 113 52
189 113 56
189 113 60
189 113 64
189 113 68
189 113 72
189 113 76
189 113 80
189 113 84
189 113 88
189 113 92
189 113 96
189 113 100
189 113 104
189 113 108
189 113 112
189 113 116
189 113 120
189 113 124
189 113 128
189 113 132
189 112 40
189 112 44
189 112 48
189 112 52
189 112 56
189 112 60
189 112 64
189 112 68
189 112 72
189 112 76
189 112 80
189 112 84
189 112 88
189 112 92
189 112 96
189 112 100
189 112 104
189 112 108
189 112 112
189 112 116
189 112 120
189 112 124
189 112 128
189 112 132
189 112 136
189 112 140
189 111 40
189 111 44
189 111 48
189 111 52
189 111 56
189 111 60
189 111 64
189 111 68
189 111 72
189 111 76
189 111 80
189 111 84
189 111 88
189 111 92
189 111 96
189 111 100
189 111 104
189 111 108
189 111 112
189 111 116
189 111 120
189 111 124
189 111 128
189 111 132
189 111 136
189 111 140
189 111 144
189 110 40
189 110 44
189 110 48
189 110 52
189 110 56
189 110 60
189 110 64
189 110 68
189 110 72
189 110 76
189 110 80
189 110 84
189 110 88
189 110 92
189 110 96
189 110 100
189 110 104
189 110 108
189 110 112
189 110 116
189 110 120
189 110 124
189 110 128
189 110 132
189 110 136
189 110 140
189 110 144
189 110 148
189 109 40
189 109 44
189 109 48
189 109 52
189 109 56
189 109 60
189 109 64
189 109 68
189 109 72
189 109 76
189 109 80
189 109 84
189 109 88
189 109 92
189 109 96
189 109 100
189 109 104
189 109 108
189 109 112
189 109 116
189 109 120
189 109 124
189 109 128
189 109 132
189 109 136
189 109 140
189 108 40
189 108 44
189 108 48
189 108 52
189 108 56
189 108 60
189 108 64
189 108 68
189 108 72
189 108 76
189 108 80
189 108 84
189 108 88
189 108 92
189 108 96
189 108 100
189 108 104
189 108 108
189 108 112
189 108 116
189 108 120
189 108 124
189 108 128
189 108 132
189 108 136
189 108 140
189 107 40
189 107 44
189 107 48
189 107 52
189 107 56
189 107 60
189 107 64
189 107 68
189 107 72
189 107 76
189 107 80
189 107 84
189 107 88
189 107 92
189 107 96
189 107 100
189 107 104
189 107 108
189 107 112
189 107 116
189 107 120
189 107 124
189 107 128
189 107 132
189 106 40
189 106 44
189 106 48
189 106 52
189 106 56
189 106 60
189 106 64
189 106 68
189 106 72
189 106 76
189 106 80
189 106 84
189 106 88
189 106 92
189 106 96
189 106 100
189 106 104
189 106 108
189 106 112
189 106 116
189 106 120
189 105 40
189 105 44
189 105 48
189 105 52
189 105 56
189 105 60
189 105 64
189 105 68
189 105 72
189 105 76
189 105 80
189 105 84
189 105 88
189 105 92
189 105 96
189 105 100
189 105 104
189 105 108
189 104 40
189 104 44
189 104 48
189 104 52
189 104 56
189 104 60
189 104 64
189 104 68
189 104 72
189 104 76
189 104 80
189 104 84
189 104 88
189 104 92
189 104 96
189 103 40
189 103 44
189 103 48
189 103 52
189 103 56
189 103 60
189 103 64
189 103 68
189 103 72
189 103 76
189 103 80
189 103 84
189 103 88
189 102 40
189 102 44
189 102 48
189 102 52
189 102 56
189 102 60
189 102 64
189 102 68
189 102 72
189 102 76
189 101 40
189 101 44
189 101 48
189 101 52
189 101 56
189 101 60
189 101 64
189 100 40
189 100 44
189 100 48
189 100 52
189 100 56
189 99 40
189 99 44
189 99 48
189 99 52
189 98 40
189 98 44
189 97 40
189 97 44
189 96 40
189 95 40
189 94 40
189 93 40
189 92 40
189 91 40
189 90 40
57 37 40
56 37 40
56 36 40
56 35 40
55 35 40
54 35 40
54 34 40
53 34 40
53 33 40
52 33 40
52 32 40
51 32 40
51 31 40
51 30 40
51 30 44
51 29 40
51 29 44
51 28 40
51 28 44
51 27 40
51 27 44
51 27 48
51 26 40
51 26 44
51 26 48
52 26 40
52 26 44
52 26 48
53 26 40
53 26 44
53 25 40
53 25 44
53 25 48
54 25 40
54 25 44
54 24 40
54 24 44
54 24 48
55 24 40
55 24 44
55 23 40
55 23 44
55 23 48
56 23 40
56 23 44
56 22 40
56 22 44
56 22 48
56 21 40
56 21 44
56 21 48
56 21 52
57 21 40
57 21 44
57 21 48
57 21 52
57 20 40
57 20 44
57 20 48
57 20 52
58 20 40
58 20 44
58 20 48
58 20 52
58 20 56
59 20 40
59 20 44
59 20 48
59 20 52
59 20 56
59 19 40
59 19 44
59 19 48
59 19 52
59 19 56
59 19 60
59 19 64
60 19 40
60 19 44
60 19 48
60 19 52
60 19 56
60 19 60
60 19 64
60 19 68
61 19 40
61 19 44
61 19 48
61 19 52
61 19 56
61 19 60
61 19 64
61 19 68
61 19 72
62 19 40
62 19 44
62 19 48
62 19 52
62 19 56
62 19 60
62 19 64
62 19 68
62 19 72
62 19 76
62 19 80
63 19 40
63 19 44
63 19 48
63 19 52
63 19 56
63 19 60
63 19 64
63 19 68
63 19 72
63 19 76
63 19 80
63 19 84
63 19 88
64 19 40
64 19 44
64 19 48
64 19 52
64 19 56
64 19 60
64 19 64
64 19 68
64 19 72
64 19 76
64 19 80
64 19 84
64 19 88
64 19 92
64 19 96
65 19 40
65 19 44
65 19 48
65 19 52
65 19 56
65 19 60
65 19 64
65 19 68
65 19 72
65 19 76
65 19 80
65 19 84
65 19 88
65 19 92
65 19 96
65 19 100
65 19 104
65 19 108
66 19 40
66 19 44
66 19 48
66 19 52
66 19 56
66 19 60
66 19 64
66 19 68
66 19 72
66 19 76
66 19 80
66 19 84
66 19 88
66 19 92
66 19 96
66 19 100
66 19 104
66 19 108
66 19 112
66 19 116
66 19 120
67 19 40
67 19 44
67 19 48
67 19 52
67 19 56
67 19 60
67 19 64
67 19 68
67 19 72
67 19 76
67 19 80
67 19 84
67 19 88
67 19 92
67 19 96
67 19 100
67 19 104
67 19 108
67 19 112
67 19 116
67 19 120
67 19 124
67 19 128
67 19 132
68 19 40
68 19 44
68 19 48
68 19 52
68 19 56
68 19 60
68 19 64
68 19 68
68 19 72
68 19 76
68 19 80
68 19 84
68 19 88
68 19 92
68 19 96
68 19 100
68 19 104
68 19 108
68 19 112
68 19 116
68 19 120
68 19 124
68 19 128
68 19 132
68 19 136
68 19 140
68 19 144
69 19 40
69 19 44
69 19 48
69 19 52
69 19 56
69 19 60
69 19 64
69 19 68
69 19 72
69 19 76
69 19 80
69 19 84
69 19 88
69 19 92
69 19 96
69 19 100
69 19 104
69 19 108
69 19 112
69 19 116
69 19 120
69 19 124
69 19 128
69 19 132
69 19 136
69 19 140
69 19 144
69 19 148
69 19 152
69 19 156
70 19 40
70 19 44
70 19 48
70 19 52
70 19 56
70 19 60
70 19 64
70 19 68
70 19 72
70 19 76
70 19 80
70 19 84
70 19 88
70 19 92
70 19 96
70 19 100
70 19 104
70 19 108
70 19 112
70 19 116
70 19 120
70 19 124
70 19 128
70 19 132
70 19 136
70 19 140
70 19 144
70 19 148
70 19 152
70 19 156
70 19 160
70 19 164
70 19 168
71 19 40
71 19 44
71 19 48
71 19 52
71 19 56
71 19 60
71 19 64
71 19 68
71 19 72
71 19 76
71 19 80
71 19 84
71 19 88
71 19 92
71 19 96
71 19 100
71 19 104
71 19 108
71 19 112
71 19 116
71 19 120
71 19 124
71 19 128
71 19 132
71 19 136
71 19 140
71 19 144
71 19 148
71 19 152
71 19 156
71 19 160
71 19 164
71 19 168
71 19 172
71 19 176
72 19 40
72 19 44
72 19 48
72 19 52
72 19 56
72 19 60
72 19 64
72 19 68
72 19 72
72 19 76
72 19 80
72 19 84
72 19 88
72 19 92
72 19 96
72 19 100
72 19 104
72 19 108
72 19 112
72 19 116
72 19 120
72 19 124
72 19 128
72 19 132
72 19 136
72 19 140
72 19 144
72 19 148
72 19 152
72 19 156
72 19 160
72 19 164
72 19 168
72 19 172
72 19 176
72 19 180
73 19 40
73 19 44
73 19 48
73 19 52
73 19 56
73 19 60
73 19 64
73 19 68
73 19 72
73 19 76
73 19 80
73 19 84
73 19 88
73 19 92
73 19 96
73 19 100
73 19 104
73 19 108
73 19 112
73 19 116
73 19 120
73 19 124
73 19 128
73 19 132
73 19 136
73 19 140
73 19 144
73 19 148
73 19 152
73 19 156
73 19 160
73 19 164
73 19 168
73 19 172
73 19 176
73 19 180
73 19 184
73 19 188
74 19 40
74 19 44
74 19 48
74 19 52
74 19 56
74 19 60
74 19 64
74 19 68
74 19 72
74 19 76
74 19 80
74 19 84
74 19 88
74 19 92
74 19 96
74 19 100
74 19 104
74 19 108
74 19 112
74 19 116
74 19 120
74 19 124
74 19 128
74 19 132
74 19 136
74 19 140
74 19 144
74 19 148
74 19 152
74 19 156
74 19 160
74 19 164
74 19 168
74 19 172
74 19 176
74 19 180
74 19 184
74 19 188
75 19 40
75 19 44
75 19 48
75 19 52
75 19 56
75 19 60
75 19 64
75 19 68
75 19 72
75 19 76
75 19 80
75 19 84
75 19 88
75 19 92
75 19 96
75 19 100
75 19 104
75 19 108
75 19 112
75 19 116
75 19 120
75 19 124
75 19 128
75 19 132
75 19 136
75 19 140
75 19 144
75 19 148
75 19 152
75 19 156
75 19 160
75 19 164
75 19 168
75 19 172
75 19 176
75 19 180
75 19 184
75 19 188
76 19 40
76 19 44
76 19 48
76 19 52
76 19 56
76 19 60
76 19 64
76 19 68
76 19 72
76 19 76
76 19 80
76 19 84
76 19 88
76 19 92
76 19 96
76 19 100
76 19 104
76 19 108
76 19 112
76 19 116
76 19 120
76 19 124
76 19 128
76 19 132
76 19 136
76 19 140
76 19 144
76 19 148
76 19 152
76 19 156
76 19 160
76 19 164
76 19 168
76 19 172
76 19 176
76 19 180
76 19 184
76 19 188
77 19 40
77 19 44
77 19 48
77 19 52
77 19 56
77 19 60
77 19 64
77 19 68
77 19 72
77 19 76
77 19 80
77 19 84
77 19 88
77 19 92
77 19 96
77 19 100
77 19 104
77 19 108
77 19 112
77 19 116
77 19 120
77 19 124
77 19 128
77 19 132
77 19 136
77 19 140
77 19 144
77 19 148
77 19 152
77 19 156
77 19 160
77 19 164
77 19 168
77 19 172
77 19 176
77 19 180
77 19 184
78 19 40
78 19 44
78 19 48
78 19 52
78 19 56
78 19 60
78 19 64
78 19 68
78 19 72
78 19 76
78 19 80
78 19 84
78 19 88
78 19 92
78 19 96
78 19 100
78 19 104
78 19 108
78 19 112
78 19 116
78 19 120
78 19 124
78 19 128
78 19 132
78 19 136
78 19 140
78 19 144
78 19 148
78 19 152
78 19 156
78 19 160
78 19 164
78 19 168
78 19 172
78 19 176
78 19 180
79 19 40
79 19 44
79 19 48
79 19 52
79 19 56
79 19 60
79 19 64
79 19 68
79 19 72
79 19 76
79 19 80
79 19 84
79 19 88
79 19 92
79 19 96
79 19 100
79 19 104
79 19 108
79 19 112
79 19 116
79 19 120
79 19 124
79 19 128
79 19 132
79 19 136
79 19 140
79 19 144
79 19 148
79 19 152
79 19 156
79 19 160
79 19 164
79 19 168
79 19 172
79 18 40
79 18 44
79 18 48
79 18 52
79 18 56
79 18 60
79 18 64
79 18 68
79 18 72
79 18 76
79 18 80
79 18 84
79 18 88
79 18 92
79 18 96
79 18 100
79 18 104
79 18 108
79 18 112
79 18 116
79 18 120
79 18 124
79 18 128
79 18 132
79 18 136
79 18 140
79 18 144
79 18 148
79 18 152
79 18 156
79 18 160
79 18 164
79 18 168
80 18 40
80 18 44
80 18 48
80 18 52
80 18 56
80 18 60
80 18 64
80 18 68
80 18 72
80 18 76
80 18 80
80 18 84
80 18 88
80 18 92
80 18 96
80 18 100
80 18 104
80 18 108
80 18 112
80 18 116
80 18 120
80 18 124
80 18 128
80 18 132
80 18 136
80 18 140
80 18 144
80 18 148
80 18 152
80 17 40
80 17 44
80 17 48
80 17 52
80 17 56
80 17 60
80 17 64
80 17 68
80 17 72
80 17 76
80 17 80
80 17 84
80 17 88
80 17 92
80 17 96
80 17 100
80 17 104
80 17 108
80 17 112
80 17 116
80 17 120
80 17 124
80 17 128
80 17 132
80 17 136
80 17 140
80 17 144
81 17 40
81 17 44
81 17 48
81 17 52
81 17 56
81 17 60
81 17 64
81 17 68
81 17 72
81 17 76
81 17 80
81 17 84
81 17 88
81 17 92
81 17 96
81 17 100
81 17 104
81 17 108
81 17 112
81 17 116
81 17 120
81 17 124
81 16 40
81 16 44
81 16 48
81 16 52
81 16 56
81 16 60
81 16 64
81 16 68
81 16 72
81 16 76
81 16 80
81 16 84
81 16 88
81 16 92
81 16 96
81 16 100
81 16 104
81 16 108
81 16 112
81 16 116
82 16 40
82 16 44
82 16 48
82 16 52
82 16 56
82 16 60
82 16 64
82 16 68
82 16 72
82 16 76
82 16 80
82 16 84
82 16 88
82 16 92
82 15 40
82 15 44
82 15 48
82 15 52
82 15 56
82 15 60
82 15 64
82 15 68
82 15 72
82 15 76
82 15 80
82 15 84
83 15 40
83 15 44
83 15 48
83 15 52
83 15 56
83 15 60
83 15 64
83 15 68
83 14 40
83 14 44
83 14 48
83 14 52
83 14 56
83 14 60
84 14 40
84 14 44
84 14 48
84 14 52
84 13 40
84 13 44
84 13 48
85 13 40
85 13 44
85 12 40
85 12 44
86 12 40
86 11 40
87 11 40
88 11 40
89 11 40
90 11 40
91 11 40
92 11 40
92 12 40
93 12 40
93 13 40
94 13 40
94 14 40
95 14 40
95 15 40
96 15 40
96 16 40
96 17 40
97 17 40
98 17 40
98 18 40
99 18 40
99 19 40
99 20 40
100 20 40
101 20 40
101 21 40
102 21 40
102 22 40
103 22 40
103 23 40
104 23 40
104 24 40
104 25 40
105 25 40
105 26 40
106 26 40
106 27 40
107 27 40
107 28 40
108 28 40
108 29 40
109 30 40
109 31 40
109 32 40
109 32 44
109 33 40
109 33 44
109 34 40
109 34 44
109 35 40
109 35 44
109 36 40
109 36 44
109 37 40
109 37 44
109 38 40
109 38 44
109 39 40
109 39 44
109 40 40
109 40 44
109 41 40
109 42 40
109 43 40
109 44 40
109 45 40
109 46 40
109 47 40
187 193 40
187 192 40
187 191 40
188 191 40
188 190 40
189 190 40
189 188 40
189 187 40
189 186 40
189 185 40
189 184 40
189 184 44
189 183 40
189 183 44
189 182 40
189 182 44
189 181 40
189 181 44
189 181 48
189 180 40
189 180 44
189 180 48
189 180 52
189 179 40
189 179 44
189 179 48
189 179 52
189 179 56
189 179 60
189 178 40
189 178 44
189 178 48
189 178 52
189 178 56
189 178 60
189 178 64
189 177 40
189 177 44
189 177 48
189 177 52
189 177 56
189 177 60
189 177 64
189 177 68
189 177 72
189 176 40
189 176 44
189 176 48
189 176 52
189 176 56
189 176 60
189 176 64
189 176 68
189 176 72
189 176 76
189 175 40
189 175 44
189 175 48
189 175 52
189 175 56
189 175 60
189 175 64
189 175 68
189 175 72
189 175 76
189 175 80
189 174 40
189 174 44
189 174 48
189 174 52
189 174 56
189 174 60
189 174 64
189 174 68
189 174 72
189 174 76
189 174 80
189 174 84
189 173 40
189 173 44
189 173 48
189 173 52
189 173 56
189 173 60
189 173 64
189 173 68
189 173 72
189 173 76
189 173 80
189 173 84
189 173 88
189 172 40
189 172 44
189 172 48
189 172 52
189 172 56
189 172 60
189 172 64
189 172 68
189 172 72
189 172 76
189 172 80
189 172 84
189 172 88
189 171 40
189 171 44
189 171 48
189 171 52
189 171 56
189 171 60
189 171 64
189 171 68
189 171 72
189 171 76
189 171 80
189 171 84
189 171 88
189 170 40
189 170 44
189 170 48
189 170 52
189 170 56
189 170 60
189 170 64
189 170 68
189 170 72
189 170 76
189 170 80
189 170 84
189 170 88
189 170 92
189 169 40
189 169 44
189 169 48
189 169 52
189 169 56
189 169 60
189 169 64
189 169 68
189 169 72
189 169 76
189 169 80
189 168 40
189 168 44
189 168 48
189 168 52
189 168 56
189 168 60
189 168 64
189 168 68
189 168 72
189 168 76
189 168 80
189 168 84
189 168 88
189 167 40
189 167 44
189 167 48
189 167 52
189 167 56
189 167 60
189 167 64
189 167 68
189 167 72
189 167 76
189 167 80
189 167 84
189 167 88
189 166 40
189 166 44
189 166 48
189 166 52
189 166 56
189 166 60
189 166 64
189 166 68
189 166 72
189 166 76
189 166 80
189 166 84
189 165 40
189 165 44
189 165 48
189 165 52
189 165 56
189 165 60
189 165 64
189 165 68
189 165 72
189 165 76
189 165 80
189 165 84
189 164 40
189 164 44
189 164 48
189 164 52
189 164 56
189 164 60
189 164 64
189 164 68
189 164 72
189 164 76
189 164 80
189 163 40
189 163 44
189 163 48
189 163 52
189 163 56
189 163 60
189 163 64
189 163 68
189 163 72
189 163 76
189 163 80
189 162 40
189 162 44
189 162 48
189 162 52
189 162 56
189 162 60
189 162 64
189 162 68
189 162 72
189 162 76
189 162 80
189 161 40
189 161 44
189 161 48
189 161 52
189 161 56
189 161 60
189 161 64
189 161 68
189 161 72
189 161 76
189 161 80
189 160 40
189 160 44
189 160 48
189 160 52
189 160 56
189 160 60
189 160 64
189 160 68
189 160 72
189 160 76
189 160 80
189 159 40
189 159 44
189 159 48
189 159 52
189 159 56
189 159 60
189 159 64
189 159 68
189 159 72
189 159 76
189 159 80
189 158 40
189 158 44
189 158 48
189 158 52
189 158 56
189 158 60
189 158 64
189 158 68
189 158 72
189 158 76
189 158 80
189 158 84
189 157 40
189 157 44
189 157 48
189 157 52
189 157 56
189 157 60
189 157 64
189 157 68
189 157 72
189 157 76
189 157 80
189 157 84
189 157 88
189 157 92
189 156 40
189 156 44
189 156 48
189 156 52
189 156 56
189 156 60
189 156 64
189 156 68
189 156 72
189 156 76
189 156 80
189 156 84
189 156 88
189 156 92
189 156 96
189 155 40
189 155 44
189 155 48
189 155 52
189 155 56
189 155 60
189 155 64
189 155 68
189 155 72
189 155 76
189 155 80
189 155 84
189 155 88
189 155 92
189 155 96
189 155 100
189 155 104
189 154 40
189 154 44
189 154 48
189 154 52
189 154 56
189 154 60
189 154 64
189 154 68
189 154 72
189 154 76
189 154 80
189 154 84
189 154 88
189 154 92
189 154 96
189 154 100
189 154 104
189 154 108
189 154 112
189 153 40
189 153 44
189 153 48
189 153 52
189 153 56
189 153 60
189 153 64
189 153 68
189 153 72
189 153 76
189 153 80
189 153 84
189 153 88
189 153 92
189 153 96
189 153 100
189 153 104
189 153 108
189 153 112
189 153 116
189 153 120
189 152 40
189 152 44
189 152 48
189 152 52
189 152 56
189 152 60
189 152 64
189 152 68
189 152 72
189 152 76
189 152 80
189 152 84
189 152 88
189 152 92
189 152 96
189 152 100
189 152 104
189 152 108
189 152 112
189 152 116
189 152 120
189 152 124
189 152 128
189 151 40
189 151 44
189 151 48
189 151 52
189 151 56
189 151 60
189 151 64
189 151 68
189 151 72
189 151 76
189 151 80
189 151 84
189 151 88
189 151 92
189 151 96
189 151 100
189 151 104
189 151 108
189 151 112
189 151 116
189 151 120
189 151 124
189 151 128
189 151 132
189 151 136
189 151 140
189 150 40
189 150 44
189 150 48
189 150 52
189 150 56
189 150 60
189 150 64
189 150 68
189 150 72
189 150 76
189 150 80
189 150 84
189 150 88
189 150 92
189 150 96
189 150 100
189 150 104
189 150 108
189 150 112
189 150 116
189 150 120
189 150 124
189 150 128
189 150 132
189 150 136
189 150 140
189 150 144
189 150 148
189 149 40
189 149 44
189 149 48
189 149 52
189 149 56
189 149 60
189 149 64
189 149 68
189 149 72
189 149 76
189 149 80
189 149 84
189 149 88
189 149 92
189 149 96
189 149 100
189 149 104
189 149 108
189 149 112
189 149 116
189 149 120
189 149 124
189 149 128
189 149 132
189 149 136
189 149 140
189 149 144
189 149 148
189 149 152
189 148 40
189 148 44
189 148 48
189 148 52
189 148 56
189 148 60
189 148 64
189 148 68
189 148 72
189 148 76
189 148 80
189 148 84
189 148 88
189 148 92
189 148 96
189 148 100
189 148 104
189 148 108
189 148 112
189 148 116
189 148 120
189 148 124
189 148 128
189 148 132
189 148 136
189 148 140
189 148 144
189 148 148
189 148 152
189 148 156
189 148 160
189 148 164
189 147 40
189 147 44
189 147 48
189 147 52
189 147 56
189 147 60
189 147 64
189 147 68
189 147 72
189 147 76
189 147 80
189 147 84
189 147 88
189 147 92
189 147 96
189 147 100
189 147 104
189 147 108
189 147 112
189 147 116
189 147 120
189 147 124
189 147 128
189 147 132
189 147 136
189 147 140
189 147 144
189 147 148
189 147 152
189 147 156
189 147 160
189 147 164
189 147 168
189 146 40
189 146 44
189 146 48
189 146 52
189 146 56
189 146 60
189 146 64
189 146 68
189 146 72
189 146 76
189 146 80
189 146 84
189 146 88
189 146 92
189 146 96
189 146 100
189 146 104
189 146 108
189 146 112
189 146 116
189 146 120
189 146 124
189 146 128
189 146 132
189 146 136
189 146 140
189 146 144
189 146 148
189 146 152
189 146 156
189 146 160
189 146 164
189 146 168
189 145 40
189 145 44
189 145 48
189 145 52
189 145 56
189 145 60
189 145 64
189 145 68
189 145 72
189 145 76
189 145 80
189 145 84
189 145 88
189 145 92
189 145 96
189 145 100
189 145 104
189 145 108
189 145 112
189 145 116
189 145 120
189 145 124
189 145 128
189 145 132
189 145 136
189 145 140
189 145 144
189 145 148
189 145 152
189 145 156
189 145 160
189 145 164
189 145 168
189 145 172
189 144 40
189 144 44
189 144 48
189 144 52
189 144 56
189 144 60
189 144 64
189 144 68
189 144 72
189 144 76
189 144 80
189 144 84
189 144 88
189 144 92
189 144 96
189 144 100
189 144 104
189 144 108
189 144 112
189 144 116
189 144 120
189 144 124
189 144 128
189 144 132
189 144 136
189 144 140
189 144 144
189 144 148
189 144 152
189 144 156
189 144 160
189 144 164
189 144 168
189 143 40
189 143 44
189 143 48
189 143 52
189 143 56
189 143 60
189 143 64
189 143 68
189 143 72
189 143 76
189 143 80
189 143 84
189 143 88
189 143 92
189 143 96
189 143 100
189 143 104
189 143 108
189 143 112
189 143 116
189 143 120
189 143 124
189 143 128
189 143 132
189 143 136
189 143 140
189 143 144
189 143 148
189 143 152
189 143 156
189 143 160
189 143 164
189 142 40
189 142 44
189 142 48
189 142 52
189 142 56
189 142 60
189 142 64
189 142 68
189 142 72
189 142 76
189 142 80
189 142 84
189 142 88
189 142 92
189 142 96
189 142 100
189 142 104
189 142 108
189 142 112
189 142 116
189 142 120
189 142 124
189 142 128
189 142 132
189 142 136
189 142 140
189 142 144
189 142 148
189 142 152
189 142 156
189 141 40
189 141 44
189 141 48
189 141 52
189 141 56
189 141 60
189 141 64
189 141 68
189 141 72
189 141 76
189 141 80
189 141 84
189 141 88
189 141 92
189 141 96
189 141 100
189 141 104
189 141 108
189 141 112
189 141 116
189 141 120
189 141 124
189 141 128
189 141 132
189 141 136
189 141 140
189 141 144
189 140 40
189 140 44
189 140 48
189 140 52
189 140 56
189 140 60
189 140 64
189 140 68
189 140 72
189 140 76
189 140 80
189 140 84
189 140 88
189 140 92
189 140 96
189 140 100
189 140 104
189 140 108
189 140 112
189 140 116
189 140 120
189 140 124
189 140 128
189 140 132
189 139 40
189 139 44
189 139 48
189 139 52
189 139 56
189 139 60
189 139 64
189 139 68
189 139 72
189 139 76
189 139 80
189 139 84
189 139 88
189 139 92
189 139 96
189 139 100
189 139 104
189 139 108
189 139 112
189 138 40
189 138 44
189 138 48
189 138 52
189 138 56
189 138 60
189 138 64
189 138 68
189 138 72
189 138 76
189 138 80
189 138 84
189 138 88
189 138 92
189 138 96
189 137 40
189 137 44
189 137 48
189 137 52
189 137 56
189 137 60
189 137 64
189 137 68
189 137 72
189 137 76
189 137 80
189 136 40
189 136 44
189 136 48
189 136 52
189 136 56
189 136 60
189 136 64
189 135 40
189 135 44
189 135 48
189 135 52
189 135 56
189 134 40
189 134 44
189 134 48
189 133 40
189 133 44
189 132 40
189 132 44
189 131 40
