9 9 100
9 29 100
9 49 100
9 69 100
9 89 100
9 109 100
9 129 100
9 149 100
9 169 100
9 189 100
29 9 100
29 29 100
29 49 100
29 69 100
29 89 100
29 109 100
29 129 100
29 149 100
29 169 100
29 189 100
49 9 100
49 29 100
49 49 100
49 69 100
49 89 100
49 109 100
49 129 100
49 149 100
49 169 100
49 189 100
69 9 100
69 29 100
69 49 100
69 69 100
69 89 100
69 109 100
69 129 100
69 149 100
69 169 100
69 189 100
89 9 100
89 29 100
89 49 100
89 69 100
89 89 100
89 109 100
89 129 100
89 149 100
89 169 100
89 189 100
109 9 100
109 29 100
109 49 100
109 69 100
109 89 100
109 109 100
109 129 100
109 149 100
109 169 100
109 189 100
129 9 100
129 29 100
129 49 100
129 69 100
129 89 100
129 109 100
129 129 100
129 149 100
129 169 100
129 189 100
149 9 100
149 29 100
149 49 100
149 69 100
149 89 100
149 109 100
149 129 100
149 149 100
149 169 100
149 189 100
169 9 100
169 29 100
169 49 100
169 69 100
169 89 100
169 109 100
169 129 100
169 149 100
169 169 100
169 189 100
189 9 100
189 29 100
189 49 100
189 69 100
189 89 100
189 109 100
189 129 100
189 149 100
189 169 100
189 189 100
9 9 100
9 49 100
9 69 100
9 89 100
9 109 100
9 129 100
9 149 100
9 169 100
9 189 100
29 9 100
29 29 100
29 49 100
29 69 100
29 89 100
29 109 100
29 189 100
49 9 100
49 49 100
49 69 100
49 89 100
49 109 100
49 189 100
69 69 100
69 89 100
69 109 100
69 129 100
69 169 100
69 189 100
89 69 100
89 89 100
89 109 100
89 169 100
89 189 100
109 9 100
109 69 100
109 89 100
109 109 100
109 169 100
109 189 100
129 9 100
129 29 100
129 49 100
129 69 100
129 89 100
129 109 100
129 189 100
149 29 100
149 49 100
149 69 100
149 89 100
149 109 100
149 129 100
169 9 100
169 29 100
169 49 100
169 69 100
169 89 100
169 109 100
169 129 100
169 149 100
169 169 100
189 9 100
189 29 100
189 49 100
189 89 100
189 109 100
189 149 100
189 169 100
147 162 40
28 182 40
28 182 168
78 38 40
16 71 40
16 71 168
16 71 296
16 71 424
16 71 552
16 71 680
93 135 40
92 135 40
92 136 40
92 137 40
92 138 40
92 139 40
92 140 40
92 141 40
92 142 40
92 143 40
92 144 40
92 145 40
92 146 40
92 147 40
92 148 40
92 149 40
93 149 40
94 149 40
95 149 40
96 149 40
97 149 40
98 149 40
99 149 40
100 149 40
101 149 40
102 149 40
103 149 40
104 149 40
105 149 40
106 149 40
107 149 40
108 149 40
110 149 40
111 149 40
112 149 40
113 149 40
114 149 40
115 149 40
116 149 40
117 149 40
118 149 40
119 149 40
120 149 40
121 149 40
122 149 40
123 149 40
124 149 40
125 149 40
126 149 40
127 149 40
128 149 40
130 149 40
131 149 40
132 149 40
133 149 40
134 149 40
135 149 40
136 149 40
137 149 40
138 149 40
139 149 40
140 149 40
141 149 40
142 149 40
143 149 40
144 149 40
145 149 40
146 149 40
147 149 40
147 150 40
147 151 40
147 152 40
147 153 40
147 154 40
147 155 40
147 156 40
147 157 40
147 158 40
147 159 40
147 160 40
147 161 40
28 181 40
28 181 168
28 180 40
28 180 168
28 179 40
28 179 168
28 178 40
28 178 168
28 177 40
28 177 168
28 176 40
28 176 168
28 175 40
28 175 168
28 174 40
28 174 168
28 173 40
28 173 168
28 172 40
28 172 168
28 171 40
28 171 168
28 170 40
28 170 168
28 169 40
28 169 168
29 168 40
29 168 168
29 167 40
29 167 168
29 166 40
29 165 40
29 164 40
29 163 40
29 162 40
29 161 40
29 160 40
29 159 40
29 158 40
29 157 40
29 156 40
29 155 40
29 154 40
29 153 40
29 152 40
29 151 40
29 150 40
30 149 40
31 149 40
32 149 40
33 149 40
34 149 40
35 149 40
36 149 40
37 149 40
38 149 40
39 149 40
40 149 40
41 149 40
42 149 40
43 149 40
44 149 40
45 149 40
46 149 40
47 149 40
48 149 40
50 149 40
51 149 40
52 149 40
53 149 40
54 149 40
55 149 40
56 149 40
57 149 40
58 149 40
59 149 40
60 149 40
61 149 40
62 149 40
63 149 40
64 149 40
65 149 40
65 149 168
66 149 40
66 149 168
67 149 40
67 149 168
68 149 40
68 149 168
70 149 40
70 149 168
71 149 40
71 149 168
72 149 40
72 149 168
73 149 40
73 149 168
74 149 40
74 149 168
75 149 40
75 149 168
76 149 40
76 149 168
77 149 40
77 149 168
78 149 40
78 149 168
79 149 40
79 149 168
80 149 40
80 149 168
81 149 40
81 149 168
82 149 40
82 149 168
83 149 40
83 149 168
84 149 40
84 149 168
85 149 40
85 149 168
86 149 40
86 149 168
87 149 40
87 149 168
88 149 40
88 149 168
90 149 40
90 149 168
91 149 40
79 38 40
80 38 40
81 38 40
82 38 40
83 38 40
84 38 40
84 39 40
84 40 40
84 41 40
84 42 40
84 43 40
84 44 40
84 45 40
85 45 40
86 45 40
86 46 40
87 46 40
87 47 40
88 47 40
88 48 40
89 48 40
90 49 40
91 49 40
92 49 40
93 49 40
94 49 40
95 49 40
96 49 40
97 49 40
98 49 40
99 49 40
100 49 40
101 49 40
102 49 40
103 49 40
104 49 40
105 49 40
106 49 40
107 49 40
108 49 40
109 50 40
109 50 168
109 51 40
109 51 168
109 52 40
109 52 168
109 53 40
109 53 168
109 54 40
109 54 168
109 55 40
109 55 168
109 56 40
109 56 168
109 57 40
109 57 168
109 57 296
109 58 40
109 58 168
109 58 296
109 59 40
109 59 168
109 59 296
109 60 40
109 60 168
109 60 296
109 60 424
109 61 40
109 61 168
109 61 296
109 61 424
109 62 40
109 62 168
109 62 296
109 62 424
109 62 552
109 63 40
109 63 168
109 63 296
109 63 424
109 63 552
109 64 40
109 64 168
109 64 296
109 64 424
109 64 552
109 65 40
109 65 168
109 65 296
109 65 424
109 65 552
109 65 680
109 66 40
109 66 168
109 66 296
109 66 424
109 66 552
109 66 680
109 67 40
109 67 168
109 67 296
109 67 424
109 67 552
109 67 680
109 68 40
109 68 168
109 68 296
109 68 424
109 68 552
109 68 680
109 69 40
109 69 168
109 69 296
109 69 424
109 69 552
109 70 40
109 70 168
109 70 296
109 70 424
109 70 552
109 71 40
109 71 168
109 71 296
109 71 424
109 71 552
109 72 40
109 72 168
109 72 296
109 72 424
109 72 552
109 73 40
109 73 168
109 73 296
109 73 424
109 73 552
109 74 40
109 74 168
109 74 296
109 74 424
109 74 552
109 75 40
109 75 168
109 75 296
109 75 424
109 75 552
109 76 40
109 76 168
109 76 296
109 76 424
109 76 552
109 77 40
109 77 168
109 77 296
109 77 424
109 77 552
109 78 40
109 78 168
109 78 296
109 78 424
109 78 552
109 78 680
109 79 40
109 79 168
109 79 296
109 79 424
109 79 552
109 79 680
109 80 40
109 80 168
109 80 296
109 80 424
109 80 552
109 80 680
109 81 40
109 81 168
109 81 296
109 81 424
109 81 552
109 81 680
109 81 808
109 82 40
109 82 168
109 82 296
109 82 424
109 82 552
109 82 680
109 82 808
109 83 40
109 83 168
109 83 296
109 83 424
109 83 552
109 83 680
109 83 808
109 84 40
109 84 168
109 84 296
109 84 424
109 84 552
109 84 680
109 84 808
109 85 40
109 85 168
109 85 296
109 85 424
109 85 552
109 85 680
109 85 808
109 86 40
109 86 168
109 86 296
109 86 424
109 86 552
109 86 680
109 86 808
109 87 40
109 87 168
109 87 296
109 87 424
109 87 552
109 87 680
109 87 808
109 88 40
109 88 168
109 88 296
109 88 424
109 88 552
109 88 680
109 88 808
109 89 40
109 89 168
109 89 296
109 89 424
109 89 552
109 89 680
109 90 40
109 90 168
109 90 296
109 90 424
109 90 552
109 90 680
109 91 40
109 91 168
109 91 296
109 91 424
109 91 552
109 91 680
109 92 40
109 92 168
109 92 296
109 92 424
109 92 552
109 93 40
109 93 168
109 93 296
109 93 424
109 93 552
109 94 40
109 94 168
109 94 296
109 94 424
109 94 552
109 95 40
109 95 168
109 95 296
109 95 424
109 96 40
109 96 168
109 96 296
109 96 424
109 97 40
109 97 168
109 97 296
109 97 424
109 98 40
109 98 168
109 98 296
109 98 424
109 99 40
109 99 168
109 99 296
109 99 424
109 100 40
109 100 168
109 100 296
109 100 424
109 101 40
109 101 168
109 101 296
109 101 424
109 102 40
109 102 168
109 102 296
109 102 424
109 103 40
109 103 168
109 103 296
109 103 424
109 104 40
109 104 168
109 104 296
109 105 40
109 105 168
109 105 296
109 106 40
109 106 168
109 106 296
109 107 40
109 107 168
109 107 296
109 108 40
109 108 168
109 110 40
109 110 168
109 111 40
109 111 168
109 112 40
109 112 168
109 113 40
109 113 168
109 114 40
109 114 168
109 115 40
109 115 168
109 116 40
109 116 168
109 117 40
109 117 168
109 118 40
109 118 168
109 119 40
109 119 168
109 120 40
109 120 168
109 121 40
109 121 168
109 122 40
109 122 168
109 123 40
109 124 40
109 125 40
109 126 40
109 127 40
109 128 40
109 130 40
109 131 40
109 132 40
109 133 40
109 134 40
109 135 40
109 136 40
109 137 40
109 138 40
109 139 40
109 140 40
109 141 40
109 142 40
109 143 40
109 144 40
109 145 40
109 146 40
109 147 40
109 148 40
16 70 40
16 70 168
16 70 296
16 70 424
16 70 552
16 70 680
16 69 40
16 69 168
16 69 296
16 69 424
16 69 552
16 69 680
16 68 40
16 68 168
16 68 296
16 68 424
16 68 552
16 68 680
16 67 40
16 67 168
16 67 296
16 67 424
16 67 552
16 67 680
16 66 40
16 66 168
16 66 296
16 66 424
16 66 552
16 66 680
16 65 40
16 65 168
16 65 296
16 65 424
16 65 552
16 65 680
16 64 40
16 64 168
16 64 296
16 64 424
16 64 552
16 64 680
16 63 40
16 63 168
16 63 296
16 63 424
16 63 552
16 63 680
16 62 40
16 62 168
16 62 296
16 62 424
16 62 552
16 61 40
16 61 168
16 61 296
16 61 424
16 61 552
16 60 40
16 60 168
16 60 296
16 60 424
16 60 552
16 59 40
16 59 168
16 59 296
16 59 424
16 59 552
16 58 40
16 58 168
16 58 296
16 58 424
16 57 40
16 57 168
16 57 296
16 57 424
16 56 40
16 56 168
16 56 296
16 56 424
15 56 40
15 56 168
15 56 296
15 56 424
15 55 40
15 55 168
15 55 296
15 55 424
15 54 40
15 54 168
15 54 296
15 54 424
14 54 40
14 54 168
14 54 296
14 54 424
13 54 40
13 54 168
13 54 296
13 53 40
13 53 168
13 53 296
12 53 40
12 53 168
12 53 296
12 52 40
12 52 168
12 52 296
11 52 40
11 52 168
11 52 296
11 51 40
11 51 168
11 51 296
10 51 40
10 51 168
10 51 296
10 50 40
10 50 168
10 49 40
10 49 168
10 48 40
10 48 168
10 47 40
10 47 168
10 46 40
10 46 168
10 45 40
10 45 168
10 45 296
10 44 40
10 44 168
10 44 296
10 43 40
10 43 168
10 43 296
10 42 40
10 42 168
10 42 296
10 41 40
10 41 168
10 40 40
10 40 168
10 39 40
10 39 168
10 38 40
10 38 168
10 37 40
10 37 168
10 36 40
10 36 168
10 35 40
10 35 168
10 34 40
10 34 168
10 33 40
10 32 40
10 31 40
10 30 40
10 29 40
11 29 40
12 29 40
12 29 168
13 29 40
13 29 168
14 29 40
14 29 168
15 29 40
15 29 168
16 29 40
16 29 168
17 29 40
17 29 168
18 29 40
18 29 168
19 29 40
19 29 168
20 29 40
20 29 168
21 29 40
21 29 168
22 29 40
22 29 168
23 29 40
23 29 168
24 29 40
24 29 168
25 29 40
25 29 168
26 29 40
26 29 168
27 29 40
27 29 168
28 29 40
28 29 168
29 29 40
29 29 168
30 29 40
30 29 168
30 29 296
31 29 40
31 29 168
31 29 296
32 29 40
32 29 168
32 29 296
32 29 424
33 29 40
33 29 168
33 29 296
33 29 424
34 29 40
34 29 168
34 29 296
34 29 424
35 29 40
35 29 168
35 29 296
35 29 424
36 29 40
36 29 168
36 29 296
36 29 424
37 29 40
37 29 168
37 29 296
37 29 424
38 29 40
38 29 168
38 29 296
39 29 40
39 29 168
39 29 296
40 29 40
40 29 168
40 29 296
41 29 40
41 29 168
41 29 296
42 29 40
42 29 168
43 29 40
43 29 168
44 29 40
44 29 168
45 29 40
45 29 168
46 29 40
46 29 168
47 29 40
47 29 168
48 29 40
48 29 168
50 29 40
50 29 168
51 29 40
52 29 40
53 29 40
54 29 40
55 29 40
56 29 40
57 29 40
58 29 40
59 29 40
60 29 40
61 29 40
62 29 40
63 29 40
64 29 40
65 29 40
66 29 40
67 29 40
68 29 40
70 29 40
70 30 40
71 30 40
71 31 40
71 32 40
72 32 40
72 33 40
73 33 40
73 34 40
74 34 40
75 34 40
75 35 40
76 35 40
77 35 40
78 35 40
78 36 40
78 37 40
