9 9 100
9 29 100
9 49 100
9 69 100
9 89 100
9 109 100
9 129 100
9 149 100
9 169 100
9 189 100
29 9 100
29 29 100
29 49 100
29 69 100
29 89 100
29 109 100
29 129 100
29 149 100
29 169 100
29 189 100
49 9 100
49 29 100
49 49 100
49 69 100
49 89 100
49 109 100
49 129 100
49 149 100
49 169 100
49 189 100
69 9 100
69 29 100
69 49 100
69 69 100
69 89 100
69 109 100
69 129 100
69 149 100
69 169 100
69 189 100
89 9 100
89 29 100
89 49 100
89 69 100
89 89 100
89 109 100
89 129 100
89 149 100
89 169 100
89 189 100
109 9 100
109 29 100
109 49 100
109 69 100
109 89 100
109 109 100
109 129 100
109 149 100
109 169 100
109 189 100
129 9 100
129 29 100
129 49 100
129 69 100
129 89 100
129 109 100
129 129 100
129 149 100
129 169 100
129 189 100
149 9 100
149 29 100
149 49 100
149 69 100
149 89 100
149 109 100
149 129 100
149 149 100
149 169 100
149 189 100
169 9 100
169 29 100
169 49 100
169 69 100
169 89 100
169 109 100
169 129 100
169 149 100
169 169 100
169 189 100
189 9 100
189 29 100
189 49 100
189 69 100
189 89 100
189 109 100
189 129 100
189 149 100
189 169 100
189 189 100
9 49 100
29 9 100
29 29 100
29 49 100
29 69 100
29 189 100
49 69 100
49 89 100
49 129 100
49 149 100
49 169 100
49 189 100
69 69 100
69 89 100
69 109 100
69 129 100
69 149 100
69 169 100
69 189 100
89 9 100
89 69 100
89 89 100
89 149 100
89 169 100
109 9 100
109 29 100
109 49 100
109 69 100
129 9 100
129 29 100
129 49 100
129 69 100
129 89 100
149 9 100
149 29 100
149 49 100
149 69 100
149 89 100
149 129 100
149 149 100
169 129 100
169 149 100
189 9 100
189 69 100
189 89 100
189 169 100
189 189 100
50 187 40
50 187 42
50 187 44
50 187 46
50 187 48
50 187 50
50 187 52
50 187 54
50 187 56
50 187 58
50 187 60
50 187 62
50 187 64
50 187 66
50 187 68
60 13 40
6 148 40
119 198 40
100 119 40
143 182 40
132 134 40
151 87 40
151 87 42
151 87 44
151 87 46
151 87 48
151 87 50
151 87 52
151 87 54
151 87 56
185 102 40
5 97 40
5 98 40
5 99 40
5 100 40
5 101 40
5 102 40
5 103 40
5 104 40
5 105 40
5 106 40
5 107 40
5 108 40
5 109 40
5 110 40
5 111 40
5 112 40
5 113 40
5 114 40
5 115 40
5 116 40
5 117 40
5 118 40
5 119 40
5 120 40
5 121 40
5 122 40
5 123 40
5 124 40
5 125 40
5 126 40
5 127 40
5 128 40
5 129 40
6 129 40
6 130 40
6 131 40
6 132 40
6 133 40
6 134 40
6 135 40
6 136 40
6 137 40
6 138 40
6 139 40
6 140 40
6 141 40
6 142 40
6 143 40
6 144 40
6 145 40
6 146 40
6 147 40
143 183 40
143 184 40
143 185 40
143 186 40
142 186 40
141 186 40
140 186 40
139 186 40
138 186 40
137 186 40
136 186 40
135 186 40
134 186 40
133 186 40
132 186 40
131 186 40
131 187 40
130 187 40
130 188 40
129 188 40
128 189 40
128 190 40
127 190 40
127 191 40
126 191 40
126 192 40
125 192 40
125 193 40
124 193 40
124 194 40
123 194 40
122 194 40
121 194 40
120 194 40
119 194 40
119 195 40
119 196 40
119 197 40
131 134 40
131 135 40
131 136 40
131 137 40
131 138 40
131 139 40
131 140 40
131 141 40
131 142 40
131 143 40
131 144 40
131 145 40
131 146 40
131 147 40
130 147 40
130 148 40
129 148 40
129 150 40
129 151 40
129 152 40
129 153 40
129 154 40
129 155 40
129 156 40
129 157 40
129 158 40
129 159 40
129 160 40
129 161 40
129 162 40
129 163 40
129 164 40
129 165 40
129 166 40
129 167 40
129 168 40
129 170 40
129 171 40
129 172 40
129 173 40
129 174 40
129 175 40
129 176 40
129 177 40
129 178 40
129 179 40
129 180 40
129 181 40
129 182 40
129 183 40
129 184 40
129 185 40
129 186 40
129 187 40
101 119 40
102 119 40
103 119 40
103 120 40
103 121 40
103 122 40
103 123 40
103 124 40
104 124 40
105 124 40
105 125 40
106 125 40
106 126 40
107 126 40
107 127 40
108 127 40
108 128 40
109 128 40
110 129 40
111 129 40
112 129 40
113 129 40
114 129 40
115 129 40
116 129 40
117 129 40
118 129 40
119 129 40
120 129 40
121 129 40
122 129 40
123 129 40
124 129 40
125 129 40
126 129 40
127 129 40
128 129 40
129 130 40
130 130 40
130 131 40
131 131 40
131 132 40
131 133 40
185 103 40
185 104 40
185 105 40
185 106 40
185 107 40
185 108 40
184 108 40
183 108 40
182 108 40
181 108 40
180 108 40
179 108 40
178 108 40
177 108 40
176 108 40
175 108 40
174 108 40
173 108 40
172 108 40
171 108 40
170 108 40
169 108 40
168 109 40
167 109 40
166 109 40
165 109 40
164 109 40
164 109 42
163 109 40
163 109 42
162 109 40
162 109 42
161 109 40
161 109 42
160 109 40
160 109 42
159 109 40
159 109 42
158 109 40
158 109 42
157 109 40
157 109 42
156 109 40
156 109 42
155 109 40
155 109 42
154 109 40
153 109 40
152 109 40
151 109 40
151 109 42
150 109 40
150 109 42
148 109 40
148 109 42
147 109 40
147 109 42
147 109 44
146 109 40
146 109 42
146 109 44
145 109 40
145 109 42
145 109 44
144 109 40
144 109 42
143 109 40
143 109 42
142 109 40
142 109 42
141 109 40
141 109 42
140 109 40
139 109 40
138 109 40
137 109 40
136 109 40
135 109 40
134 109 40
133 109 40
132 109 40
131 109 40
130 109 40
129 110 40
129 111 40
129 112 40
129 113 40
129 114 40
129 115 40
129 116 40
129 117 40
129 118 40
129 119 40
129 120 40
129 121 40
129 122 40
129 123 40
129 124 40
129 125 40
129 126 40
129 127 40
129 128 40
152 87 40
152 87 42
152 87 44
152 87 46
152 87 48
152 87 50
152 87 52
152 87 54
153 87 40
153 87 42
153 87 44
153 87 46
153 87 48
153 87 50
153 87 52
154 87 40
154 87 42
154 87 44
154 87 46
154 87 48
154 87 50
155 87 40
155 87 42
155 87 44
155 87 46
155 87 48
155 87 50
156 87 40
156 87 42
156 87 44
156 87 46
156 87 48
156 87 50
157 87 40
157 87 42
157 87 44
157 87 46
157 87 48
157 87 50
158 87 40
158 87 42
158 87 44
158 87 46
158 87 48
158 87 50
159 87 40
159 87 42
159 87 44
159 87 46
159 87 48
159 87 50
160 87 40
160 87 42
160 87 44
160 87 46
160 87 48
160 87 50
161 87 40
161 87 42
161 87 44
161 87 46
161 87 48
161 87 50
162 87 40
162 87 42
162 87 44
162 87 46
162 87 48
163 87 40
163 87 42
163 87 44
163 87 46
164 87 40
164 87 42
164 87 44
164 87 46
165 87 40
165 87 42
165 87 44
166 87 40
166 87 42
167 87 40
167 87 42
168 87 40
168 87 42
168 88 40
168 88 42
169 88 40
169 90 40
169 91 40
169 92 40
169 93 40
169 94 40
169 95 40
169 96 40
169 97 40
169 98 40
169 99 40
169 100 40
169 101 40
169 102 40
169 103 40
169 104 40
169 105 40
169 106 40
169 107 40
