9 9 100
9 29 100
9 49 100
9 69 100
9 89 100
9 109 100
9 129 100
9 149 100
9 169 100
9 189 100
29 9 100
29 29 100
29 49 100
29 69 100
29 89 100
29 109 100
29 129 100
29 149 100
29 169 100
29 189 100
49 9 100
49 29 100
49 49 100
49 69 100
49 89 100
49 109 100
49 129 100
49 149 100
49 169 100
49 189 100
69 9 100
69 29 100
69 49 100
69 69 100
69 89 100
69 109 100
69 129 100
69 149 100
69 169 100
69 189 100
89 9 100
89 29 100
89 49 100
89 69 100
89 89 100
89 109 100
89 129 100
89 149 100
89 169 100
89 189 100
109 9 100
109 29 100
109 49 100
109 69 100
109 89 100
109 109 100
109 129 100
109 149 100
109 169 100
109 189 100
129 9 100
129 29 100
129 49 100
129 69 100
129 89 100
129 109 100
129 129 100
129 149 100
129 169 100
129 189 100
149 9 100
149 29 100
149 49 100
149 69 100
149 89 100
149 109 100
149 129 100
149 149 100
149 169 100
149 189 100
169 9 100
169 29 100
169 49 100
169 69 100
169 89 100
169 109 100
169 129 100
169 149 100
169 169 100
169 189 100
189 9 100
189 29 100
189 49 100
189 69 100
189 89 100
189 109 100
189 129 100
189 149 100
189 169 100
189 189 100
9 9 100
9 69 100
9 89 100
9 109 100
9 129 100
9 149 100
9 169 100
9 189 100
29 9 100
29 29 100
29 49 100
29 69 100
29 89 100
29 109 100
29 129 100
29 189 100
49 9 100
49 29 100
49 69 100
49 89 100
49 109 100
49 129 100
49 169 100
49 189 100
69 9 100
69 29 100
69 69 100
69 89 100
69 109 100
69 129 100
69 169 100
69 189 100
89 9 100
89 29 100
89 49 100
89 69 100
89 189 100
109 9 100
109 29 100
109 49 100
109 69 100
109 189 100
129 9 100
129 49 100
129 69 100
129 89 100
129 129 100
129 149 100
129 169 100
129 189 100
149 49 100
149 69 100
149 89 100
149 109 100
149 129 100
149 149 100
149 169 100
149 189 100
169 9 100
169 49 100
169 69 100
169 89 100
169 129 100
169 149 100
169 169 100
169 189 100
189 9 100
189 29 100
189 49 100
189 69 100
189 89 100
189 109 100
5 53 40
98 129 40
42 115 40
42 115 42
42 115 44
84 86 40
124 110 40
94 178 40
195 178 40
72 154 40
51 9 40
51 9 42
51 9 44
51 9 46
51 9 48
51 9 50
51 9 52
51 9 54
51 9 56
51 9 58
51 9 60
51 9 62
51 9 64
51 9 66
43 115 40
43 115 42
43 115 44
43 115 46
43 114 40
43 114 42
43 114 44
44 114 40
44 114 42
44 114 44
44 114 46
44 113 40
44 113 42
44 113 44
45 113 40
45 113 42
45 113 44
45 113 46
46 113 40
46 113 42
46 113 44
46 113 46
46 112 40
46 112 42
46 112 44
46 112 46
46 111 40
46 111 42
46 111 44
46 111 46
47 111 40
47 111 42
47 111 44
47 111 46
47 110 40
47 110 42
47 110 44
47 110 46
47 109 40
47 109 42
47 109 44
47 108 40
47 108 42
47 108 44
47 107 40
47 107 42
47 107 44
47 106 40
47 106 42
47 106 44
47 105 40
47 105 42
47 105 44
47 104 40
47 104 42
47 104 44
47 103 40
47 103 42
47 103 44
47 102 40
47 102 42
47 102 44
47 101 40
47 101 42
47 101 44
47 100 40
47 100 42
47 100 44
47 99 40
47 99 42
47 99 44
47 98 40
47 98 42
47 98 44
47 97 40
47 97 42
47 97 44
47 96 40
47 96 42
47 96 44
47 95 40
47 95 42
47 95 44
47 94 40
47 94 42
47 94 44
47 93 40
47 93 42
47 93 44
47 92 40
47 92 42
47 92 44
47 91 40
47 91 42
47 91 44
47 90 40
47 90 42
47 90 44
47 89 40
47 89 42
47 89 44
46 89 40
46 89 42
45 89 40
45 89 42
44 89 40
43 89 40
42 89 40
41 89 40
40 89 40
39 89 40
38 89 40
37 89 40
36 89 40
35 89 40
34 89 40
34 89 42
33 89 40
33 89 42
32 89 40
32 89 42
31 89 40
31 89 42
31 89 44
30 89 40
30 89 42
30 89 44
29 88 40
29 88 42
29 88 44
29 88 46
29 88 48
28 88 40
28 88 42
28 88 44
28 88 46
28 88 48
28 88 50
28 87 40
28 87 42
28 87 44
28 87 46
28 87 48
28 87 50
28 87 52
27 87 40
27 87 42
27 87 44
27 87 46
27 87 48
27 87 50
27 87 52
27 87 54
27 86 40
27 86 42
27 86 44
27 86 46
27 86 48
27 86 50
27 86 52
27 86 54
27 86 56
26 86 40
26 86 42
26 86 44
26 86 46
26 86 48
26 86 50
26 86 52
26 86 54
26 86 56
26 86 58
26 86 60
26 85 40
26 85 42
26 85 44
26 85 46
26 85 48
26 85 50
26 85 52
26 85 54
26 85 56
26 85 58
26 85 60
26 85 62
26 85 64
25 85 40
25 85 42
25 85 44
25 85 46
25 85 48
25 85 50
25 85 52
25 85 54
25 85 56
25 85 58
25 85 60
25 85 62
25 85 64
25 85 66
25 84 40
25 84 42
25 84 44
25 84 46
25 84 48
25 84 50
25 84 52
25 84 54
25 84 56
25 84 58
25 84 60
25 84 62
25 84 64
25 84 66
25 84 68
25 84 70
24 84 40
24 84 42
24 84 44
24 84 46
24 84 48
24 84 50
24 84 52
24 84 54
24 84 56
24 84 58
24 84 60
24 84 62
24 84 64
24 84 66
24 84 68
24 84 70
24 84 72
23 84 40
23 84 42
23 84 44
23 84 46
23 84 48
23 84 50
23 84 52
23 84 54
23 84 56
23 84 58
23 84 60
23 84 62
23 84 64
23 84 66
23 84 68
23 84 70
23 84 72
23 83 40
23 83 42
23 83 44
23 83 46
23 83 48
23 83 50
23 83 52
23 83 54
23 83 56
23 83 58
23 83 60
23 83 62
23 83 64
23 83 66
23 83 68
23 83 70
23 83 72
23 83 74
23 83 76
22 83 40
22 83 42
22 83 44
22 83 46
22 83 48
22 83 50
22 83 52
22 83 54
22 83 56
22 83 58
22 83 60
22 83 62
22 83 64
22 83 66
22 83 68
22 83 70
22 83 72
22 83 74
22 83 76
22 83 78
22 82 40
22 82 42
22 82 44
22 82 46
22 82 48
22 82 50
22 82 52
22 82 54
22 82 56
22 82 58
22 82 60
22 82 62
22 82 64
22 82 66
22 82 68
22 82 70
22 82 72
22 82 74
22 82 76
22 82 78
22 82 80
22 82 82
22 81 40
22 81 42
22 81 44
22 81 46
22 81 48
22 81 50
22 81 52
22 81 54
22 81 56
22 81 58
22 81 60
22 81 62
22 81 64
22 81 66
22 81 68
22 81 70
22 81 72
22 81 74
22 81 76
22 81 78
22 81 80
22 81 82
22 81 84
21 81 40
21 81 42
21 81 44
21 81 46
21 81 48
21 81 50
21 81 52
21 81 54
21 81 56
21 81 58
21 81 60
21 81 62
21 81 64
21 81 66
21 81 68
21 81 70
21 81 72
21 81 74
21 81 76
21 81 78
21 81 80
21 81 82
21 81 84
21 81 86
21 80 40
21 80 42
21 80 44
21 80 46
21 80 48
21 80 50
21 80 52
21 80 54
21 80 56
21 80 58
21 80 60
21 80 62
21 80 64
21 80 66
21 80 68
21 80 70
21 80 72
21 80 74
21 80 76
21 80 78
21 80 80
21 80 82
21 80 84
21 80 86
21 80 88
20 80 40
20 80 42
20 80 44
20 80 46
20 80 48
20 80 50
20 80 52
20 80 54
20 80 56
20 80 58
20 80 60
20 80 62
20 80 64
20 80 66
20 80 68
20 80 70
20 80 72
20 80 74
20 80 76
20 80 78
20 80 80
20 80 82
20 80 84
20 80 86
20 80 88
19 80 40
19 80 42
19 80 44
19 80 46
19 80 48
19 80 50
19 80 52
19 80 54
19 80 56
19 80 58
19 80 60
19 80 62
19 80 64
19 80 66
19 80 68
19 80 70
19 80 72
19 80 74
19 80 76
19 80 78
19 80 80
19 80 82
19 80 84
19 80 86
19 80 88
19 80 90
19 79 40
19 79 42
19 79 44
19 79 46
19 79 48
19 79 50
19 79 52
19 79 54
19 79 56
19 79 58
19 79 60
19 79 62
19 79 64
19 79 66
19 79 68
19 79 70
19 79 72
19 79 74
19 79 76
19 79 78
19 79 80
19 79 82
19 79 84
19 79 86
19 79 88
19 79 90
19 79 92
19 78 40
19 78 42
19 78 44
19 78 46
19 78 48
19 78 50
19 78 52
19 78 54
19 78 56
19 78 58
19 78 60
19 78 62
19 78 64
19 78 66
19 78 68
19 78 70
19 78 72
19 78 74
19 78 76
19 78 78
19 78 80
19 78 82
19 78 84
19 78 86
19 78 88
19 78 90
19 78 92
19 77 40
19 77 42
19 77 44
19 77 46
19 77 48
19 77 50
19 77 52
19 77 54
19 77 56
19 77 58
19 77 60
19 77 62
19 77 64
19 77 66
19 77 68
19 77 70
19 77 72
19 77 74
19 77 76
19 77 78
19 77 80
19 77 82
19 77 84
19 77 86
19 77 88
19 77 90
19 77 92
19 76 40
19 76 42
19 76 44
19 76 46
19 76 48
19 76 50
19 76 52
19 76 54
19 76 56
19 76 58
19 76 60
19 76 62
19 76 64
19 76 66
19 76 68
19 76 70
19 76 72
19 76 74
19 76 76
19 76 78
19 76 80
19 76 82
19 76 84
19 76 86
19 76 88
19 76 90
19 76 92
19 75 40
19 75 42
19 75 44
19 75 46
19 75 48
19 75 50
19 75 52
19 75 54
19 75 56
19 75 58
19 75 60
19 75 62
19 75 64
19 75 66
19 75 68
19 75 70
19 75 72
19 75 74
19 75 76
19 75 78
19 75 80
19 75 82
19 75 84
19 75 86
19 75 88
19 75 90
19 75 92
19 74 40
19 74 42
19 74 44
19 74 46
19 74 48
19 74 50
19 74 52
19 74 54
19 74 56
19 74 58
19 74 60
19 74 62
19 74 64
19 74 66
19 74 68
19 74 70
19 74 72
19 74 74
19 74 76
19 74 78
19 74 80
19 74 82
19 74 84
19 74 86
19 74 88
19 74 90
19 74 92
19 73 40
19 73 42
19 73 44
19 73 46
19 73 48
19 73 50
19 73 52
19 73 54
19 73 56
19 73 58
19 73 60
19 73 62
19 73 64
19 73 66
19 73 68
19 73 70
19 73 72
19 73 74
19 73 76
19 73 78
19 73 80
19 73 82
19 73 84
19 73 86
19 73 88
19 73 90
19 73 92
19 72 40
19 72 42
19 72 44
19 72 46
19 72 48
19 72 50
19 72 52
19 72 54
19 72 56
19 72 58
19 72 60
19 72 62
19 72 64
19 72 66
19 72 68
19 72 70
19 72 72
19 72 74
19 72 76
19 72 78
19 72 80
19 72 82
19 72 84
19 72 86
19 72 88
19 72 90
19 72 92
19 71 40
19 71 42
19 71 44
19 71 46
19 71 48
19 71 50
19 71 52
19 71 54
19 71 56
19 71 58
19 71 60
19 71 62
19 71 64
19 71 66
19 71 68
19 71 70
19 71 72
19 71 74
19 71 76
19 71 78
19 71 80
19 71 82
19 71 84
19 71 86
19 71 88
19 71 90
19 71 92
19 70 40
19 70 42
19 70 44
19 70 46
19 70 48
19 70 50
19 70 52
19 70 54
19 70 56
19 70 58
19 70 60
19 70 62
19 70 64
19 70 66
19 70 68
19 70 70
19 70 72
19 70 74
19 70 76
19 70 78
19 70 80
19 70 82
19 70 84
19 70 86
19 70 88
19 70 90
19 70 92
19 69 40
19 69 42
19 69 44
19 69 46
19 69 48
19 69 50
19 69 52
19 69 54
19 69 56
19 69 58
19 69 60
19 69 62
19 69 64
19 69 66
19 69 68
19 69 70
19 69 72
19 69 74
19 69 76
19 69 78
19 69 80
19 69 82
19 69 84
19 69 86
19 69 88
19 69 90
19 68 40
19 68 42
19 68 44
19 68 46
19 68 48
19 68 50
19 68 52
19 68 54
19 68 56
19 68 58
19 68 60
19 68 62
19 68 64
19 68 66
19 68 68
19 68 70
19 68 72
19 68 74
19 68 76
19 68 78
19 68 80
19 68 82
19 68 84
19 68 86
19 68 88
19 68 90
19 67 40
19 67 42
19 67 44
19 67 46
19 67 48
19 67 50
19 67 52
19 67 54
19 67 56
19 67 58
19 67 60
19 67 62
19 67 64
19 67 66
19 67 68
19 67 70
19 67 72
19 67 74
19 67 76
19 67 78
19 67 80
19 67 82
19 67 84
19 67 86
19 67 88
19 66 40
19 66 42
19 66 44
19 66 46
19 66 48
19 66 50
19 66 52
19 66 54
19 66 56
19 66 58
19 66 60
19 66 62
19 66 64
19 66 66
19 66 68
19 66 70
19 66 72
19 66 74
19 66 76
19 66 78
19 66 80
19 66 82
19 66 84
19 66 86
19 66 88
19 65 40
19 65 42
19 65 44
19 65 46
19 65 48
19 65 50
19 65 52
19 65 54
19 65 56
19 65 58
19 65 60
19 65 62
19 65 64
19 65 66
19 65 68
19 65 70
19 65 72
19 65 74
19 65 76
19 65 78
19 65 80
19 65 82
19 65 84
19 65 86
19 64 40
19 64 42
19 64 44
19 64 46
19 64 48
19 64 50
19 64 52
19 64 54
19 64 56
19 64 58
19 64 60
19 64 62
19 64 64
19 64 66
19 64 68
19 64 70
19 64 72
19 64 74
19 64 76
19 64 78
19 64 80
19 64 82
19 63 40
19 63 42
19 63 44
19 63 46
19 63 48
19 63 50
19 63 52
19 63 54
19 63 56
19 63 58
19 63 60
19 63 62
19 63 64
19 63 66
19 63 68
19 63 70
19 63 72
19 63 74
19 63 76
19 63 78
19 62 40
19 62 42
19 62 44
19 62 46
19 62 48
19 62 50
19 62 52
19 62 54
19 62 56
19 62 58
19 62 60
19 62 62
19 62 64
19 62 66
19 62 68
19 62 70
19 62 72
19 62 74
19 61 40
19 61 42
19 61 44
19 61 46
19 61 48
19 61 50
19 61 52
19 61 54
19 61 56
19 61 58
19 61 60
19 61 62
19 61 64
19 61 66
19 61 68
19 60 40
19 60 42
19 60 44
19 60 46
19 60 48
19 60 50
19 60 52
19 60 54
19 60 56
19 60 58
19 60 60
19 60 62
19 59 40
19 59 42
19 59 44
19 59 46
19 59 48
19 59 50
19 59 52
19 59 54
19 59 56
19 59 58
19 58 40
19 58 42
19 58 44
19 58 46
19 58 48
19 58 50
19 58 52
18 58 40
18 58 42
18 58 44
18 58 46
18 58 48
18 58 50
18 58 52
17 58 40
17 58 42
17 58 44
17 58 46
17 58 48
17 58 50
17 58 52
17 57 40
17 57 42
17 57 44
17 57 46
17 57 48
16 57 40
16 57 42
16 57 44
16 57 46
16 57 48
16 56 40
16 56 42
16 56 44
16 56 46
15 56 40
15 56 42
15 56 44
15 56 46
15 55 40
15 55 42
15 55 44
14 55 40
14 55 42
14 55 44
14 54 40
14 54 42
13 54 40
13 54 42
13 53 40
13 53 42
12 53 40
12 53 42
12 52 40
11 52 40
11 51 40
10 51 40
10 50 40
9 50 40
8 49 40
7 49 40
6 49 40
5 49 40
5 50 40
5 51 40
5 52 40
72 153 40
72 152 40
72 151 40
71 151 40
71 150 40
70 150 40
70 149 40
68 149 40
67 149 40
66 149 40
65 149 40
64 149 40
63 149 40
62 149 40
62 149 42
61 149 40
61 149 42
60 149 40
60 149 42
59 149 40
59 149 42
58 149 40
58 149 42
57 149 40
57 149 42
56 149 40
55 149 40
54 149 40
53 149 40
52 149 40
51 149 40
50 149 40
48 149 40
47 149 40
46 149 40
45 149 40
44 149 40
43 149 40
42 149 40
41 149 40
40 149 40
39 149 40
38 149 40
37 149 40
36 149 40
35 149 40
34 149 40
33 149 40
32 149 40
31 149 40
30 149 40
30 148 40
30 147 40
30 146 40
30 145 40
30 144 40
30 143 40
30 142 40
30 141 40
30 140 40
30 140 42
30 139 40
30 139 42
30 138 40
30 138 42
30 137 40
30 137 42
30 136 40
30 136 42
30 135 40
30 135 42
30 134 40
30 134 42
30 133 40
30 133 42
30 133 44
30 132 40
30 132 42
30 132 44
30 131 40
30 131 42
30 131 44
30 130 40
30 130 42
30 130 44
30 130 46
30 129 40
30 129 42
30 129 44
30 129 46
30 128 40
30 128 42
30 128 44
30 128 46
30 128 48
31 128 40
31 128 42
31 128 44
31 128 46
31 128 48
31 127 40
31 127 42
31 127 44
31 127 46
31 127 48
31 127 50
32 127 40
32 127 42
32 127 44
32 127 46
32 127 48
32 126 40
32 126 42
32 126 44
32 126 46
32 126 48
32 126 50
32 126 52
32 125 40
32 125 42
32 125 44
32 125 46
32 125 48
32 125 50
32 125 52
32 125 54
33 125 40
33 125 42
33 125 44
33 125 46
33 125 48
33 125 50
33 125 52
34 125 40
34 125 42
34 125 44
34 125 46
34 125 48
34 125 50
34 125 52
34 124 40
34 124 42
34 124 44
34 124 46
34 124 48
34 124 50
34 124 52
34 124 54
35 124 40
35 124 42
35 124 44
35 124 46
35 124 48
35 124 50
35 124 52
35 123 40
35 123 42
35 123 44
35 123 46
35 123 48
35 123 50
35 123 52
35 123 54
36 123 40
36 123 42
36 123 44
36 123 46
36 123 48
36 123 50
36 123 52
36 122 40
36 122 42
36 122 44
36 122 46
36 122 48
36 122 50
36 122 52
36 122 54
37 122 40
37 122 42
37 122 44
37 122 46
37 122 48
37 122 50
37 122 52
37 121 40
37 121 42
37 121 44
37 121 46
37 121 48
37 121 50
37 121 52
38 121 40
38 121 42
38 121 44
38 121 46
38 121 48
38 121 50
38 121 52
38 120 40
38 120 42
38 120 44
38 120 46
38 120 48
38 120 50
39 120 40
39 120 42
39 120 44
39 120 46
39 120 48
39 120 50
39 119 40
39 119 42
39 119 44
39 119 46
39 119 48
39 119 50
40 119 40
40 119 42
40 119 44
40 119 46
40 119 48
40 118 40
40 118 42
40 118 44
40 118 46
40 118 48
40 117 40
40 117 42
40 117 44
40 117 46
41 117 40
41 117 42
41 117 44
41 117 46
41 116 40
41 116 42
41 116 44
41 116 46
42 116 40
42 116 42
42 116 44
42 116 46
97 129 40
96 129 40
95 129 40
94 129 40
93 129 40
92 129 40
91 129 40
90 129 40
89 130 40
89 131 40
89 132 40
89 133 40
89 134 40
89 135 40
89 136 40
89 137 40
89 138 40
89 139 40
89 140 40
89 141 40
89 142 40
89 143 40
89 144 40
89 145 40
89 146 40
89 147 40
89 148 40
88 149 40
87 149 40
86 149 40
85 149 40
84 149 40
83 149 40
82 149 40
81 149 40
80 149 40
79 149 40
78 149 40
77 149 40
76 149 40
75 149 40
74 149 40
73 149 40
72 149 40
71 149 40
94 177 40
94 176 40
94 175 40
94 174 40
94 173 40
94 172 40
93 172 40
92 172 40
92 171 40
91 171 40
91 170 40
90 170 40
90 169 40
89 168 40
89 167 40
89 166 40
89 165 40
89 164 40
89 163 40
89 162 40
89 161 40
89 160 40
89 159 40
89 158 40
89 157 40
89 156 40
89 155 40
89 154 40
89 153 40
89 152 40
89 151 40
89 150 40
85 86 40
86 86 40
86 87 40
87 87 40
88 87 40
88 88 40
88 89 40
89 90 40
89 91 40
89 92 40
89 93 40
89 94 40
89 95 40
89 96 40
89 97 40
89 98 40
89 99 40
89 100 40
89 101 40
89 102 40
89 103 40
89 104 40
89 105 40
89 106 40
89 107 40
89 108 40
89 110 40
89 111 40
89 112 40
89 113 40
89 114 40
89 114 42
89 115 40
89 115 42
89 116 40
89 116 42
89 117 40
89 117 42
89 118 40
89 118 42
89 119 40
89 119 42
89 120 40
89 120 42
89 121 40
89 121 42
89 122 40
89 122 42
89 123 40
89 123 42
89 124 40
89 124 42
89 125 40
89 126 40
89 127 40
89 128 40
123 110 40
122 110 40
121 110 40
120 110 40
119 110 40
118 110 40
117 110 40
116 110 40
115 110 40
114 110 40
113 110 40
112 110 40
111 110 40
110 110 40
109 110 40
108 109 40
107 109 40
106 109 40
105 109 40
104 109 40
103 109 40
102 109 40
101 109 40
100 109 40
99 109 40
98 109 40
97 109 40
96 109 40
95 109 40
94 109 40
93 109 40
92 109 40
91 109 40
90 109 40
194 178 40
194 177 40
194 176 40
194 175 40
194 174 40
193 174 40
193 173 40
192 173 40
192 172 40
191 172 40
191 171 40
190 171 40
190 170 40
189 170 40
189 168 40
189 167 40
189 166 40
189 165 40
189 164 40
189 163 40
189 162 40
189 161 40
189 160 40
189 159 40
189 158 40
189 157 40
189 156 40
189 155 40
189 154 40
189 153 40
189 152 40
189 151 40
189 150 40
189 148 40
189 147 40
189 146 40
189 145 40
189 144 40
189 143 40
189 142 40
189 141 40
189 140 40
189 139 40
189 138 40
189 137 40
189 136 40
189 135 40
189 134 40
189 133 40
189 132 40
189 131 40
189 130 40
189 128 40
188 128 40
188 127 40
188 126 40
188 125 40
188 124 40
188 123 40
188 122 40
188 121 40
188 120 40
188 119 40
188 118 40
188 117 40
188 116 40
188 115 40
188 114 40
188 113 40
188 113 42
188 112 40
188 112 42
188 111 40
188 111 42
188 110 40
188 110 42
188 110 44
187 110 40
187 110 42
187 110 44
186 110 40
186 110 42
186 110 44
185 110 40
185 110 42
184 110 40
184 110 42
183 110 40
183 110 42
182 110 40
182 110 42
181 110 40
181 110 42
180 110 40
180 110 42
179 110 40
179 110 42
178 110 40
178 110 42
177 110 40
177 110 42
176 110 40
176 110 42
175 110 40
175 110 42
174 110 40
174 110 42
173 110 40
173 110 42
172 110 40
172 110 42
171 110 40
171 110 42
170 110 40
170 110 42
170 109 40
170 109 42
168 109 40
168 109 42
168 109 44
167 109 40
167 109 42
167 109 44
166 109 40
166 109 42
166 109 44
166 109 46
165 109 40
165 109 42
165 109 44
165 109 46
164 109 40
164 109 42
164 109 44
164 109 46
164 109 48
163 109 40
163 109 42
163 109 44
163 109 46
163 109 48
163 109 50
162 109 40
162 109 42
162 109 44
162 109 46
162 109 48
162 109 50
161 109 40
161 109 42
161 109 44
161 109 46
161 109 48
161 109 50
161 109 52
160 109 40
160 109 42
160 109 44
160 109 46
160 109 48
160 109 50
160 109 52
160 109 54
159 109 40
159 109 42
159 109 44
159 109 46
159 109 48
159 109 50
159 109 52
159 109 54
159 109 56
159 109 58
158 109 40
158 109 42
158 109 44
158 109 46
158 109 48
158 109 50
158 109 52
158 109 54
158 109 56
158 109 58
158 109 60
157 109 40
157 109 42
157 109 44
157 109 46
157 109 48
157 109 50
157 109 52
157 109 54
157 109 56
157 109 58
157 109 60
157 109 62
157 109 64
157 109 66
156 109 40
156 109 42
156 109 44
156 109 46
156 109 48
156 109 50
156 109 52
156 109 54
156 109 56
156 109 58
156 109 60
156 109 62
156 109 64
156 109 66
156 109 68
156 109 70
155 109 40
155 109 42
155 109 44
155 109 46
155 109 48
155 109 50
155 109 52
155 109 54
155 109 56
155 109 58
155 109 60
155 109 62
155 109 64
155 109 66
155 109 68
155 109 70
155 109 72
155 109 74
155 109 76
154 109 40
154 109 42
154 109 44
154 109 46
154 109 48
154 109 50
154 109 52
154 109 54
154 109 56
154 109 58
154 109 60
154 109 62
154 109 64
154 109 66
154 109 68
154 109 70
154 109 72
154 109 74
154 109 76
154 109 78
154 109 80
153 109 40
153 109 42
153 109 44
153 109 46
153 109 48
153 109 50
153 109 52
153 109 54
153 109 56
153 109 58
153 109 60
153 109 62
153 109 64
153 109 66
153 109 68
153 109 70
153 109 72
153 109 74
153 109 76
153 109 78
153 109 80
153 109 82
153 109 84
153 109 86
152 109 40
152 109 42
152 109 44
152 109 46
152 109 48
152 109 50
152 109 52
152 109 54
152 109 56
152 109 58
152 109 60
152 109 62
152 109 64
152 109 66
152 109 68
152 109 70
152 109 72
152 109 74
152 109 76
152 109 78
152 109 80
152 109 82
152 109 84
152 109 86
152 109 88
152 109 90
151 109 40
151 109 42
151 109 44
151 109 46
151 109 48
151 109 50
151 109 52
151 109 54
151 109 56
151 109 58
151 109 60
151 109 62
151 109 64
151 109 66
151 109 68
151 109 70
151 109 72
151 109 74
151 109 76
151 109 78
151 109 80
151 109 82
151 109 84
151 109 86
151 109 88
151 109 90
151 109 92
151 109 94
150 109 40
150 109 42
150 109 44
150 109 46
150 109 48
150 109 50
150 109 52
150 109 54
150 109 56
150 109 58
150 109 60
150 109 62
150 109 64
150 109 66
150 109 68
150 109 70
150 109 72
150 109 74
150 109 76
150 109 78
150 109 80
150 109 82
150 109 84
150 109 86
150 109 88
150 109 90
150 109 92
150 109 94
149 109 40
149 109 42
149 109 44
149 109 46
149 109 48
149 109 50
149 109 52
149 109 54
149 109 56
149 109 58
149 109 60
149 109 62
149 109 64
149 109 66
149 109 68
149 109 70
149 109 72
149 109 74
149 109 76
149 109 78
149 109 80
149 109 82
149 109 84
149 109 86
149 109 88
149 109 90
149 109 92
148 109 40
148 109 42
148 109 44
148 109 46
148 109 48
148 109 50
148 109 52
148 109 54
148 109 56
148 109 58
148 109 60
148 109 62
148 109 64
148 109 66
148 109 68
148 109 70
148 109 72
148 109 74
148 109 76
148 109 78
148 109 80
148 109 82
148 109 84
148 109 86
148 109 88
148 109 90
148 109 92
148 109 94
147 109 40
147 109 42
147 109 44
147 109 46
147 109 48
147 109 50
147 109 52
147 109 54
147 109 56
147 109 58
147 109 60
147 109 62
147 109 64
147 109 66
147 109 68
147 109 70
147 109 72
147 109 74
147 109 76
147 109 78
147 109 80
147 109 82
147 109 84
147 109 86
147 109 88
147 109 90
147 109 92
146 109 40
146 109 42
146 109 44
146 109 46
146 109 48
146 109 50
146 109 52
146 109 54
146 109 56
146 109 58
146 109 60
146 109 62
146 109 64
146 109 66
146 109 68
146 109 70
146 109 72
146 109 74
146 109 76
146 109 78
146 109 80
146 109 82
146 109 84
146 109 86
146 109 88
146 109 90
145 109 40
145 109 42
145 109 44
145 109 46
145 109 48
145 109 50
145 109 52
145 109 54
145 109 56
145 109 58
145 109 60
145 109 62
145 109 64
145 109 66
145 109 68
145 109 70
145 109 72
145 109 74
145 109 76
145 109 78
145 109 80
145 109 82
145 109 84
145 109 86
144 109 40
144 109 42
144 109 44
144 109 46
144 109 48
144 109 50
144 109 52
144 109 54
144 109 56
144 109 58
144 109 60
144 109 62
144 109 64
144 109 66
144 109 68
144 109 70
144 109 72
144 109 74
144 109 76
144 109 78
144 109 80
144 109 82
143 109 40
143 109 42
143 109 44
143 109 46
143 109 48
143 109 50
143 109 52
143 109 54
143 109 56
143 109 58
143 109 60
143 109 62
143 109 64
143 109 66
143 109 68
143 109 70
143 109 72
143 109 74
143 109 76
142 109 40
142 109 42
142 109 44
142 109 46
142 109 48
142 109 50
142 109 52
142 109 54
142 109 56
142 109 58
142 109 60
142 109 62
142 109 64
142 109 66
142 109 68
142 109 70
142 109 72
141 109 40
141 109 42
141 109 44
141 109 46
141 109 48
141 109 50
141 109 52
141 109 54
141 109 56
141 109 58
141 109 60
141 109 62
141 109 64
141 109 66
141 109 68
140 109 40
140 109 42
140 109 44
140 109 46
140 109 48
140 109 50
140 109 52
140 109 54
140 109 56
140 109 58
140 109 60
140 109 62
140 109 64
139 109 40
139 109 42
139 109 44
139 109 46
139 109 48
139 109 50
139 109 52
139 109 54
139 109 56
139 109 58
139 109 60
138 109 40
138 109 42
138 109 44
138 109 46
138 109 48
138 109 50
138 109 52
138 109 54
138 109 56
137 109 40
137 109 42
137 109 44
137 109 46
137 109 48
137 109 50
137 109 52
137 109 54
136 109 40
136 109 42
136 109 44
136 109 46
136 109 48
136 109 50
136 109 52
135 109 40
135 109 42
135 109 44
135 109 46
135 109 48
135 109 50
134 109 40
134 109 42
134 109 44
134 109 46
134 109 48
133 109 40
133 109 42
133 109 44
133 109 46
132 109 40
132 109 42
132 109 44
131 109 40
131 109 42
131 109 44
130 109 40
130 109 42
128 109 40
128 109 42
128 110 40
128 110 42
127 110 40
126 110 40
125 110 40
50 9 40
50 9 42
50 9 44
50 9 46
50 9 48
50 9 50
50 9 52
50 9 54
50 9 56
50 9 58
50 9 60
50 9 62
50 9 64
50 9 66
50 9 68
50 9 70
49 9 40
49 9 42
49 9 44
49 9 46
49 9 48
49 9 50
49 9 52
49 9 54
49 9 56
49 9 58
49 9 60
49 9 62
49 9 64
49 9 66
48 9 40
48 9 42
48 9 44
48 9 46
48 9 48
48 9 50
48 9 52
48 9 54
48 9 56
48 9 58
48 9 60
48 9 62
48 9 64
48 9 66
48 9 68
48 9 70
48 9 72
48 9 74
47 9 40
47 9 42
47 9 44
47 9 46
47 9 48
47 9 50
47 9 52
47 9 54
47 9 56
47 9 58
47 9 60
47 9 62
47 9 64
47 9 66
47 9 68
47 9 70
47 9 72
47 9 74
47 9 76
47 9 78
46 9 40
46 9 42
46 9 44
46 9 46
46 9 48
46 9 50
46 9 52
46 9 54
46 9 56
46 9 58
46 9 60
46 9 62
46 9 64
46 9 66
46 9 68
46 9 70
46 9 72
46 9 74
46 9 76
46 9 78
46 9 80
45 9 40
45 9 42
45 9 44
45 9 46
45 9 48
45 9 50
45 9 52
45 9 54
45 9 56
45 9 58
45 9 60
45 9 62
45 9 64
45 9 66
45 9 68
45 9 70
45 9 72
45 9 74
45 9 76
45 9 78
45 9 80
45 9 82
45 9 84
44 9 40
44 9 42
44 9 44
44 9 46
44 9 48
44 9 50
44 9 52
44 9 54
44 9 56
44 9 58
44 9 60
44 9 62
44 9 64
44 9 66
44 9 68
44 9 70
44 9 72
44 9 74
44 9 76
44 9 78
44 9 80
44 9 82
44 9 84
44 9 86
43 9 40
43 9 42
43 9 44
43 9 46
43 9 48
43 9 50
43 9 52
43 9 54
43 9 56
43 9 58
43 9 60
43 9 62
43 9 64
43 9 66
43 9 68
43 9 70
43 9 72
43 9 74
43 9 76
43 9 78
43 9 80
43 9 82
43 9 84
43 9 86
43 9 88
42 9 40
42 9 42
42 9 44
42 9 46
42 9 48
42 9 50
42 9 52
42 9 54
42 9 56
42 9 58
42 9 60
42 9 62
42 9 64
42 9 66
42 9 68
42 9 70
42 9 72
42 9 74
42 9 76
42 9 78
42 9 80
42 9 82
42 9 84
42 9 86
42 9 88
42 9 90
41 9 40
41 9 42
41 9 44
41 9 46
41 9 48
41 9 50
41 9 52
41 9 54
41 9 56
41 9 58
41 9 60
41 9 62
41 9 64
41 9 66
41 9 68
41 9 70
41 9 72
41 9 74
41 9 76
41 9 78
41 9 80
41 9 82
41 9 84
41 9 86
41 9 88
41 9 90
41 9 92
40 9 40
40 9 42
40 9 44
40 9 46
40 9 48
40 9 50
40 9 52
40 9 54
40 9 56
40 9 58
40 9 60
40 9 62
40 9 64
40 9 66
40 9 68
40 9 70
40 9 72
40 9 74
40 9 76
40 9 78
40 9 80
40 9 82
40 9 84
40 9 86
40 9 88
40 9 90
40 9 92
40 9 94
39 9 40
39 9 42
39 9 44
39 9 46
39 9 48
39 9 50
39 9 52
39 9 54
39 9 56
39 9 58
39 9 60
39 9 62
39 9 64
39 9 66
39 9 68
39 9 70
39 9 72
39 9 74
39 9 76
39 9 78
39 9 80
39 9 82
39 9 84
39 9 86
39 9 88
39 9 90
39 9 92
39 9 94
39 9 96
38 9 40
38 9 42
38 9 44
38 9 46
38 9 48
38 9 50
38 9 52
38 9 54
38 9 56
38 9 58
38 9 60
38 9 62
38 9 64
38 9 66
38 9 68
38 9 70
38 9 72
38 9 74
38 9 76
38 9 78
38 9 80
38 9 82
38 9 84
38 9 86
38 9 88
38 9 90
38 9 92
38 9 94
38 9 96
38 9 98
38 9 100
37 9 40
37 9 42
37 9 44
37 9 46
37 9 48
37 9 50
37 9 52
37 9 54
37 9 56
37 9 58
37 9 60
37 9 62
37 9 64
37 9 66
37 9 68
37 9 70
37 9 72
37 9 74
37 9 76
37 9 78
37 9 80
37 9 82
37 9 84
37 9 86
37 9 88
37 9 90
37 9 92
37 9 94
37 9 96
37 9 98
37 9 100
37 9 102
37 9 104
36 9 40
36 9 42
36 9 44
36 9 46
36 9 48
36 9 50
36 9 52
36 9 54
36 9 56
36 9 58
36 9 60
36 9 62
36 9 64
36 9 66
36 9 68
36 9 70
36 9 72
36 9 74
36 9 76
36 9 78
36 9 80
36 9 82
36 9 84
36 9 86
36 9 88
36 9 90
36 9 92
36 9 94
36 9 96
36 9 98
36 9 100
36 9 102
36 9 104
36 9 106
35 9 40
35 9 42
35 9 44
35 9 46
35 9 48
35 9 50
35 9 52
35 9 54
35 9 56
35 9 58
35 9 60
35 9 62
35 9 64
35 9 66
35 9 68
35 9 70
35 9 72
35 9 74
35 9 76
35 9 78
35 9 80
35 9 82
35 9 84
35 9 86
35 9 88
35 9 90
35 9 92
35 9 94
35 9 96
35 9 98
35 9 100
35 9 102
35 9 104
35 9 106
35 9 108
35 9 110
34 9 40
34 9 42
34 9 44
34 9 46
34 9 48
34 9 50
34 9 52
34 9 54
34 9 56
34 9 58
34 9 60
34 9 62
34 9 64
34 9 66
34 9 68
34 9 70
34 9 72
34 9 74
34 9 76
34 9 78
34 9 80
34 9 82
34 9 84
34 9 86
34 9 88
34 9 90
34 9 92
34 9 94
34 9 96
34 9 98
34 9 100
34 9 102
34 9 104
34 9 106
34 9 108
34 9 110
34 9 112
34 9 114
33 9 40
33 9 42
33 9 44
33 9 46
33 9 48
33 9 50
33 9 52
33 9 54
33 9 56
33 9 58
33 9 60
33 9 62
33 9 64
33 9 66
33 9 68
33 9 70
33 9 72
33 9 74
33 9 76
33 9 78
33 9 80
33 9 82
33 9 84
33 9 86
33 9 88
33 9 90
33 9 92
33 9 94
33 9 96
33 9 98
33 9 100
33 9 102
33 9 104
33 9 106
33 9 108
33 9 110
33 9 112
33 9 114
33 9 116
32 9 40
32 9 42
32 9 44
32 9 46
32 9 48
32 9 50
32 9 52
32 9 54
32 9 56
32 9 58
32 9 60
32 9 62
32 9 64
32 9 66
32 9 68
32 9 70
32 9 72
32 9 74
32 9 76
32 9 78
32 9 80
32 9 82
32 9 84
32 9 86
32 9 88
32 9 90
32 9 92
32 9 94
32 9 96
32 9 98
32 9 100
32 9 102
32 9 104
32 9 106
32 9 108
32 9 110
32 9 112
32 9 114
32 9 116
32 9 118
32 9 120
31 9 40
31 9 42
31 9 44
31 9 46
31 9 48
31 9 50
31 9 52
31 9 54
31 9 56
31 9 58
31 9 60
31 9 62
31 9 64
31 9 66
31 9 68
31 9 70
31 9 72
31 9 74
31 9 76
31 9 78
31 9 80
31 9 82
31 9 84
31 9 86
31 9 88
31 9 90
31 9 92
31 9 94
31 9 96
31 9 98
31 9 100
31 9 102
31 9 104
31 9 106
31 9 108
31 9 110
31 9 112
31 9 114
31 9 116
31 9 118
31 9 120
30 9 40
30 9 42
30 9 44
30 9 46
30 9 48
30 9 50
30 9 52
30 9 54
30 9 56
30 9 58
30 9 60
30 9 62
30 9 64
30 9 66
30 9 68
30 9 70
30 9 72
30 9 74
30 9 76
30 9 78
30 9 80
30 9 82
30 9 84
30 9 86
30 9 88
30 9 90
30 9 92
30 9 94
30 9 96
30 9 98
30 9 100
30 9 102
30 9 104
30 9 106
30 9 108
30 9 110
30 9 112
30 9 114
30 9 116
30 9 118
30 9 120
30 9 122
29 9 40
29 9 42
29 9 44
29 9 46
29 9 48
29 9 50
29 9 52
29 9 54
29 9 56
29 9 58
29 9 60
29 9 62
29 9 64
29 9 66
29 9 68
29 9 70
29 9 72
29 9 74
29 9 76
29 9 78
29 9 80
29 9 82
29 9 84
29 9 86
29 9 88
29 9 90
29 9 92
29 9 94
29 9 96
29 9 98
29 9 100
29 9 102
29 9 104
29 9 106
29 9 108
29 9 110
29 9 112
29 9 114
29 9 116
29 9 118
28 9 40
28 9 42
28 9 44
28 9 46
28 9 48
28 9 50
28 9 52
28 9 54
28 9 56
28 9 58
28 9 60
28 9 62
28 9 64
28 9 66
28 9 68
28 9 70
28 9 72
28 9 74
28 9 76
28 9 78
28 9 80
28 9 82
28 9 84
28 9 86
28 9 88
28 9 90
28 9 92
28 9 94
28 9 96
28 9 98
28 9 100
28 9 102
28 9 104
28 9 106
28 9 108
28 9 110
28 9 112
28 9 114
28 9 116
28 9 118
28 9 120
27 9 40
27 9 42
27 9 44
27 9 46
27 9 48
27 9 50
27 9 52
27 9 54
27 9 56
27 9 58
27 9 60
27 9 62
27 9 64
27 9 66
27 9 68
27 9 70
27 9 72
27 9 74
27 9 76
27 9 78
27 9 80
27 9 82
27 9 84
27 9 86
27 9 88
27 9 90
27 9 92
27 9 94
27 9 96
27 9 98
27 9 100
27 9 102
27 9 104
27 9 106
27 9 108
27 9 110
27 9 112
27 9 114
27 9 116
27 9 118
27 9 120
26 9 40
26 9 42
26 9 44
26 9 46
26 9 48
26 9 50
26 9 52
26 9 54
26 9 56
26 9 58
26 9 60
26 9 62
26 9 64
26 9 66
26 9 68
26 9 70
26 9 72
26 9 74
26 9 76
26 9 78
26 9 80
26 9 82
26 9 84
26 9 86
26 9 88
26 9 90
26 9 92
26 9 94
26 9 96
26 9 98
26 9 100
26 9 102
26 9 104
26 9 106
26 9 108
26 9 110
26 9 112
26 9 114
26 9 116
26 9 118
26 10 40
26 10 42
26 10 44
26 10 46
26 10 48
26 10 50
26 10 52
26 10 54
26 10 56
26 10 58
26 10 60
26 10 62
26 10 64
26 10 66
26 10 68
26 10 70
26 10 72
26 10 74
26 10 76
26 10 78
26 10 80
26 10 82
26 10 84
26 10 86
26 10 88
26 10 90
26 10 92
26 10 94
26 10 96
26 10 98
26 10 100
26 10 102
26 10 104
26 10 106
26 10 108
26 10 110
26 10 112
26 10 114
26 10 116
26 10 118
26 11 40
26 11 42
26 11 44
26 11 46
26 11 48
26 11 50
26 11 52
26 11 54
26 11 56
26 11 58
26 11 60
26 11 62
26 11 64
26 11 66
26 11 68
26 11 70
26 11 72
26 11 74
26 11 76
26 11 78
26 11 80
26 11 82
26 11 84
26 11 86
26 11 88
26 11 90
26 11 92
26 11 94
26 11 96
26 11 98
26 11 100
26 11 102
26 11 104
26 11 106
26 11 108
26 11 110
26 11 112
26 11 114
26 11 116
26 11 118
26 12 40
26 12 42
26 12 44
26 12 46
26 12 48
26 12 50
26 12 52
26 12 54
26 12 56
26 12 58
26 12 60
26 12 62
26 12 64
26 12 66
26 12 68
26 12 70
26 12 72
26 12 74
26 12 76
26 12 78
26 12 80
26 12 82
26 12 84
26 12 86
26 12 88
26 12 90
26 12 92
26 12 94
26 12 96
26 12 98
26 12 100
26 12 102
26 12 104
26 12 106
26 12 108
26 12 110
26 12 112
26 12 114
26 12 116
26 13 40
26 13 42
26 13 44
26 13 46
26 13 48
26 13 50
26 13 52
26 13 54
26 13 56
26 13 58
26 13 60
26 13 62
26 13 64
26 13 66
26 13 68
26 13 70
26 13 72
26 13 74
26 13 76
26 13 78
26 13 80
26 13 82
26 13 84
26 13 86
26 13 88
26 13 90
26 13 92
26 13 94
26 13 96
26 13 98
26 13 100
26 13 102
26 13 104
26 13 106
26 13 108
26 13 110
26 13 112
26 13 114
26 13 116
25 13 40
25 13 42
25 13 44
25 13 46
25 13 48
25 13 50
25 13 52
25 13 54
25 13 56
25 13 58
25 13 60
25 13 62
25 13 64
25 13 66
25 13 68
25 13 70
25 13 72
25 13 74
25 13 76
25 13 78
25 13 80
25 13 82
25 13 84
25 13 86
25 13 88
25 13 90
25 13 92
25 13 94
25 13 96
25 13 98
25 13 100
25 13 102
25 13 104
25 13 106
25 13 108
25 13 110
25 13 112
25 14 40
25 14 42
25 14 44
25 14 46
25 14 48
25 14 50
25 14 52
25 14 54
25 14 56
25 14 58
25 14 60
25 14 62
25 14 64
25 14 66
25 14 68
25 14 70
25 14 72
25 14 74
25 14 76
25 14 78
25 14 80
25 14 82
25 14 84
25 14 86
25 14 88
25 14 90
25 14 92
25 14 94
25 14 96
25 14 98
25 14 100
25 14 102
25 14 104
25 14 106
25 14 108
25 14 110
24 14 40
24 14 42
24 14 44
24 14 46
24 14 48
24 14 50
24 14 52
24 14 54
24 14 56
24 14 58
24 14 60
24 14 62
24 14 64
24 14 66
24 14 68
24 14 70
24 14 72
24 14 74
24 14 76
24 14 78
24 14 80
24 14 82
24 14 84
24 14 86
24 14 88
24 14 90
24 14 92
24 14 94
24 14 96
24 14 98
24 14 100
24 14 102
24 14 104
24 14 106
24 14 108
23 14 40
23 14 42
23 14 44
23 14 46
23 14 48
23 14 50
23 14 52
23 14 54
23 14 56
23 14 58
23 14 60
23 14 62
23 14 64
23 14 66
23 14 68
23 14 70
23 14 72
23 14 74
23 14 76
23 14 78
23 14 80
23 14 82
23 14 84
23 14 86
23 14 88
23 14 90
23 14 92
23 14 94
23 14 96
23 14 98
23 14 100
23 14 102
23 14 104
23 15 40
23 15 42
23 15 44
23 15 46
23 15 48
23 15 50
23 15 52
23 15 54
23 15 56
23 15 58
23 15 60
23 15 62
23 15 64
23 15 66
23 15 68
23 15 70
23 15 72
23 15 74
23 15 76
23 15 78
23 15 80
23 15 82
23 15 84
23 15 86
23 15 88
23 15 90
23 15 92
23 15 94
23 15 96
23 15 98
23 15 100
23 15 102
23 16 40
23 16 42
23 16 44
23 16 46
23 16 48
23 16 50
23 16 52
23 16 54
23 16 56
23 16 58
23 16 60
23 16 62
23 16 64
23 16 66
23 16 68
23 16 70
23 16 72
23 16 74
23 16 76
23 16 78
23 16 80
23 16 82
23 16 84
23 16 86
23 16 88
23 16 90
23 16 92
23 16 94
23 16 96
23 16 98
23 16 100
22 16 40
22 16 42
22 16 44
22 16 46
22 16 48
22 16 50
22 16 52
22 16 54
22 16 56
22 16 58
22 16 60
22 16 62
22 16 64
22 16 66
22 16 68
22 16 70
22 16 72
22 16 74
22 16 76
22 16 78
22 16 80
22 16 82
22 16 84
22 16 86
22 16 88
22 16 90
22 16 92
22 16 94
22 16 96
22 16 98
21 16 40
21 16 42
21 16 44
21 16 46
21 16 48
21 16 50
21 16 52
21 16 54
21 16 56
21 16 58
21 16 60
21 16 62
21 16 64
21 16 66
21 16 68
21 16 70
21 16 72
21 16 74
21 16 76
21 16 78
21 16 80
21 16 82
21 16 84
21 16 86
21 16 88
21 16 90
21 16 92
21 16 94
21 16 96
21 16 98
21 17 40
21 17 42
21 17 44
21 17 46
21 17 48
21 17 50
21 17 52
21 17 54
21 17 56
21 17 58
21 17 60
21 17 62
21 17 64
21 17 66
21 17 68
21 17 70
21 17 72
21 17 74
21 17 76
21 17 78
21 17 80
21 17 82
21 17 84
21 17 86
21 17 88
21 17 90
21 17 92
21 17 94
21 17 96
20 17 40
20 17 42
20 17 44
20 17 46
20 17 48
20 17 50
20 17 52
20 17 54
20 17 56
20 17 58
20 17 60
20 17 62
20 17 64
20 17 66
20 17 68
20 17 70
20 17 72
20 17 74
20 17 76
20 17 78
20 17 80
20 17 82
20 17 84
20 17 86
20 17 88
20 17 90
20 17 92
20 17 94
20 18 40
20 18 42
20 18 44
20 18 46
20 18 48
20 18 50
20 18 52
20 18 54
20 18 56
20 18 58
20 18 60
20 18 62
20 18 64
20 18 66
20 18 68
20 18 70
20 18 72
20 18 74
20 18 76
20 18 78
20 18 80
20 18 82
20 18 84
20 18 86
20 18 88
20 18 90
20 18 92
20 19 40
20 19 42
20 19 44
20 19 46
20 19 48
20 19 50
20 19 52
20 19 54
20 19 56
20 19 58
20 19 60
20 19 62
20 19 64
20 19 66
20 19 68
20 19 70
20 19 72
20 19 74
20 19 76
20 19 78
20 19 80
20 19 82
20 19 84
20 19 86
20 19 88
20 19 90
19 19 40
19 19 42
19 19 44
19 19 46
19 19 48
19 19 50
19 19 52
19 19 54
19 19 56
19 19 58
19 19 60
19 19 62
19 19 64
19 19 66
19 19 68
19 19 70
19 19 72
19 19 74
19 19 76
19 19 78
19 19 80
19 19 82
19 19 84
19 19 86
19 19 88
19 19 90
18 19 40
18 19 42
18 19 44
18 19 46
18 19 48
18 19 50
18 19 52
18 19 54
18 19 56
18 19 58
18 19 60
18 19 62
18 19 64
18 19 66
18 19 68
18 19 70
18 19 72
18 19 74
18 19 76
18 19 78
18 19 80
18 19 82
18 19 84
18 19 86
18 19 88
18 19 90
18 20 40
18 20 42
18 20 44
18 20 46
18 20 48
18 20 50
18 20 52
18 20 54
18 20 56
18 20 58
18 20 60
18 20 62
18 20 64
18 20 66
18 20 68
18 20 70
18 20 72
18 20 74
18 20 76
18 20 78
18 20 80
18 20 82
18 20 84
18 20 86
17 20 40
17 20 42
17 20 44
17 20 46
17 20 48
17 20 50
17 20 52
17 20 54
17 20 56
17 20 58
17 20 60
17 20 62
17 20 64
17 20 66
17 20 68
17 20 70
17 20 72
17 20 74
17 20 76
17 20 78
17 20 80
17 20 82
17 20 84
17 20 86
17 21 40
17 21 42
17 21 44
17 21 46
17 21 48
17 21 50
17 21 52
17 21 54
17 21 56
17 21 58
17 21 60
17 21 62
17 21 64
17 21 66
17 21 68
17 21 70
17 21 72
17 21 74
17 21 76
17 21 78
17 21 80
17 21 82
16 21 40
16 21 42
16 21 44
16 21 46
16 21 48
16 21 50
16 21 52
16 21 54
16 21 56
16 21 58
16 21 60
16 21 62
16 21 64
16 21 66
16 21 68
16 21 70
16 21 72
16 21 74
16 21 76
16 21 78
16 21 80
16 21 82
16 22 40
16 22 42
16 22 44
16 22 46
16 22 48
16 22 50
16 22 52
16 22 54
16 22 56
16 22 58
16 22 60
16 22 62
16 22 64
16 22 66
16 22 68
16 22 70
16 22 72
16 22 74
16 22 76
16 22 78
16 23 40
16 23 42
16 23 44
16 23 46
16 23 48
16 23 50
16 23 52
16 23 54
16 23 56
16 23 58
16 23 60
16 23 62
16 23 64
16 23 66
16 23 68
16 23 70
16 23 72
15 23 40
15 23 42
15 23 44
15 23 46
15 23 48
15 23 50
15 23 52
15 23 54
15 23 56
15 23 58
15 23 60
15 23 62
15 23 64
15 23 66
15 23 68
15 23 70
14 23 40
14 23 42
14 23 44
14 23 46
14 23 48
14 23 50
14 23 52
14 23 54
14 23 56
14 23 58
14 23 60
14 23 62
14 23 64
14 23 66
14 23 68
14 24 40
14 24 42
14 24 44
14 24 46
14 24 48
14 24 50
14 24 52
14 24 54
14 24 56
14 24 58
14 24 60
14 24 62
14 24 64
13 24 40
13 24 42
13 24 44
13 24 46
13 24 48
13 24 50
13 24 52
13 24 54
13 24 56
13 24 58
13 24 60
13 25 40
13 25 42
13 25 44
13 25 46
13 25 48
13 25 50
13 25 52
13 25 54
13 25 56
12 25 40
12 25 42
12 25 44
12 25 46
12 25 48
12 25 50
12 25 52
12 26 40
12 26 42
12 26 44
12 26 46
12 26 48
12 26 50
11 26 40
11 26 42
11 26 44
11 26 46
11 27 40
11 27 42
11 27 44
10 27 40
10 27 42
10 27 44
10 28 40
10 28 42
9 28 40
9 28 42
8 29 40
7 29 40
7 30 40
7 31 40
7 32 40
7 33 40
7 34 40
7 35 40
7 36 40
7 37 40
7 38 40
7 39 40
7 40 40
7 41 40
7 42 40
7 43 40
7 44 40
7 45 40
7 46 40
7 47 40
7 48 40
