9 9 100
9 29 100
9 49 100
9 69 100
9 89 100
9 109 100
9 129 100
9 149 100
9 169 100
9 189 100
29 9 100
29 29 100
29 49 100
29 69 100
29 89 100
29 109 100
29 129 100
29 149 100
29 169 100
29 189 100
49 9 100
49 29 100
49 49 100
49 69 100
49 89 100
49 109 100
49 129 100
49 149 100
49 169 100
49 189 100
69 9 100
69 29 100
69 49 100
69 69 100
69 89 100
69 109 100
69 129 100
69 149 100
69 169 100
69 189 100
89 9 100
89 29 100
89 49 100
89 69 100
89 89 100
89 109 100
89 129 100
89 149 100
89 169 100
89 189 100
109 9 100
109 29 100
109 49 100
109 69 100
109 89 100
109 109 100
109 129 100
109 149 100
109 169 100
109 189 100
129 9 100
129 29 100
129 49 100
129 69 100
129 89 100
129 109 100
129 129 100
129 149 100
129 169 100
129 189 100
149 9 100
149 29 100
149 49 100
149 69 100
149 89 100
149 109 100
149 129 100
149 149 100
149 169 100
149 189 100
169 9 100
169 29 100
169 49 100
169 69 100
169 89 100
169 109 100
169 129 100
169 149 100
169 169 100
169 189 100
189 9 100
189 29 100
189 49 100
189 69 100
189 89 100
189 109 100
189 129 100
189 149 100
189 169 100
189 189 100
9 89 100
9 109 100
9 149 100
9 169 100
9 189 100
29 169 100
49 9 100
49 29 100
49 49 100
49 69 100
49 109 100
49 129 100
49 169 100
49 189 100
69 29 100
69 49 100
69 89 100
69 109 100
69 129 100
69 169 100
69 189 100
89 29 100
89 49 100
89 69 100
89 89 100
89 109 100
89 149 100
89 169 100
89 189 100
109 9 100
109 29 100
109 49 100
109 69 100
109 149 100
109 169 100
109 189 100
129 9 100
129 49 100
129 129 100
129 149 100
149 9 100
149 49 100
149 69 100
149 109 100
169 9 100
169 29 100
169 49 100
169 69 100
169 89 100
169 109 100
169 169 100
169 189 100
189 109 100
189 149 100
189 169 100
189 189 100
90 140 40
128 179 40
168 127 40
134 35 40
192 198 40
30 162 40
30 162 48
30 162 56
30 162 64
30 162 72
30 162 80
30 162 88
21 89 40
30 161 40
30 161 48
30 161 56
30 161 64
30 161 72
30 160 40
30 160 48
30 160 56
30 159 40
30 159 48
30 158 40
30 158 48
30 157 40
30 156 40
30 155 40
30 154 40
30 153 40
30 152 40
30 151 40
30 150 40
30 149 40
31 149 40
32 149 40
33 149 40
34 149 40
35 149 40
36 149 40
37 149 40
38 149 40
39 149 40
40 149 40
41 149 40
42 149 40
42 149 48
43 149 40
43 149 48
44 149 40
44 149 48
45 149 40
45 149 48
46 149 40
46 149 48
47 149 40
47 149 48
48 149 40
48 149 48
50 149 40
50 149 48
51 149 40
51 149 48
52 149 40
52 149 48
53 149 40
53 149 48
53 149 56
54 149 40
54 149 48
54 149 56
55 149 40
55 149 48
55 149 56
56 149 40
56 149 48
56 149 56
57 149 40
57 149 48
57 149 56
58 149 40
58 149 48
59 149 40
59 149 48
60 149 40
60 149 48
61 149 40
61 149 48
62 149 40
63 149 40
64 149 40
65 149 40
66 149 40
67 149 40
68 149 40
70 149 40
70 148 40
71 148 40
72 148 40
73 148 40
74 148 40
75 148 40
76 148 40
77 148 40
78 148 40
79 148 40
80 148 40
81 148 40
82 148 40
83 148 40
84 148 40
84 148 48
85 148 40
85 148 48
86 148 40
86 148 48
87 148 40
87 148 48
87 148 56
88 148 40
88 148 48
88 148 56
89 148 40
89 148 48
89 148 56
90 148 40
90 148 48
90 148 56
90 147 40
90 147 48
90 146 40
90 146 48
90 145 40
90 144 40
90 143 40
90 142 40
90 141 40
22 89 40
23 89 40
24 89 40
25 89 40
26 89 40
27 89 40
28 89 40
29 90 40
29 91 40
29 92 40
29 93 40
29 94 40
29 95 40
29 96 40
29 97 40
29 98 40
29 99 40
29 100 40
29 101 40
29 102 40
29 103 40
29 103 48
29 104 40
29 104 48
29 105 40
29 105 48
29 106 40
29 106 48
29 107 40
29 107 48
29 108 40
29 108 48
29 110 40
29 110 48
29 111 40
29 111 48
29 112 40
29 112 48
29 113 40
29 113 48
29 114 40
29 114 48
29 115 40
29 115 48
29 115 56
29 116 40
29 116 48
29 116 56
29 117 40
29 117 48
29 117 56
29 118 40
29 118 48
29 118 56
29 119 40
29 119 48
29 119 56
29 120 40
29 120 48
29 120 56
29 121 40
29 121 48
29 121 56
29 122 40
29 122 48
29 122 56
29 123 40
29 123 48
29 123 56
29 124 40
29 124 48
29 124 56
29 125 40
29 125 48
29 125 56
29 126 40
29 126 48
29 126 56
29 127 40
29 127 48
29 127 56
29 128 40
29 128 48
29 128 56
29 130 40
29 130 48
29 131 40
29 131 48
29 132 40
29 132 48
29 133 40
29 134 40
29 135 40
29 136 40
29 137 40
29 138 40
29 139 40
29 140 40
29 141 40
29 142 40
29 143 40
29 144 40
29 145 40
29 146 40
29 147 40
29 148 40
134 34 40
134 33 40
134 32 40
134 32 48
134 31 40
134 31 48
134 30 40
134 30 48
135 30 40
135 30 48
136 30 40
137 30 40
138 30 40
139 30 40
140 30 40
141 30 40
142 30 40
143 30 40
144 30 40
145 30 40
146 30 40
147 30 40
148 30 40
148 29 40
150 29 40
151 29 40
152 29 40
153 29 40
154 29 40
155 29 40
155 29 48
156 29 40
156 29 48
157 29 40
157 29 48
157 29 56
158 29 40
158 29 48
158 29 56
159 29 40
159 29 48
159 29 56
159 29 64
160 29 40
160 29 48
160 29 56
160 29 64
161 29 40
161 29 48
161 29 56
161 29 64
162 29 40
162 29 48
162 29 56
162 29 64
162 29 72
163 29 40
163 29 48
163 29 56
163 29 64
163 29 72
164 29 40
164 29 48
164 29 56
164 29 64
165 29 40
165 29 48
165 29 56
165 29 64
166 29 40
166 29 48
166 29 56
166 29 64
167 29 40
167 29 48
167 29 56
167 29 64
168 29 40
168 29 48
168 29 56
168 29 64
170 29 40
170 29 48
170 29 56
170 29 64
171 29 40
171 29 48
171 29 56
171 29 64
172 29 40
172 29 48
172 29 56
172 29 64
173 29 40
173 29 48
173 29 56
173 29 64
174 29 40
174 29 48
174 29 56
174 29 64
175 29 40
175 29 48
175 29 56
176 29 40
176 29 48
176 29 56
177 29 40
177 29 48
178 29 40
178 29 48
179 29 40
180 29 40
181 29 40
182 29 40
183 29 40
184 29 40
185 29 40
186 29 40
187 29 40
188 29 40
189 30 40
189 31 40
189 32 40
189 33 40
189 34 40
189 35 40
189 36 40
189 37 40
189 38 40
189 39 40
189 40 40
189 41 40
189 42 40
189 43 40
189 44 40
189 45 40
189 46 40
189 47 40
189 48 40
189 50 40
189 51 40
189 52 40
189 53 40
189 54 40
189 55 40
189 56 40
189 57 40
189 58 40
189 59 40
189 60 40
189 61 40
189 62 40
189 63 40
189 64 40
189 65 40
189 66 40
189 67 40
189 68 40
189 70 40
189 71 40
189 72 40
189 73 40
189 74 40
189 75 40
189 76 40
189 77 40
189 78 40
189 79 40
189 80 40
189 81 40
189 82 40
189 83 40
189 84 40
189 85 40
189 86 40
189 87 40
189 88 40
188 89 40
188 90 40
187 90 40
187 90 48
186 90 40
186 90 48
185 90 40
185 90 48
185 90 56
184 90 40
184 90 48
184 90 56
183 90 40
183 90 48
183 90 56
183 90 64
182 90 40
182 90 48
182 90 56
182 90 64
181 90 40
181 90 48
181 90 56
181 90 64
180 90 40
180 90 48
180 90 56
180 90 64
179 90 40
179 90 48
179 90 56
179 90 64
178 90 40
178 90 48
178 90 56
177 90 40
177 90 48
177 90 56
176 90 40
176 90 48
176 90 56
175 90 40
175 90 48
175 90 56
174 90 40
174 90 48
174 90 56
173 90 40
173 90 48
173 90 56
172 90 40
172 90 48
172 90 56
171 90 40
171 90 48
171 90 56
171 90 64
170 90 40
170 90 48
170 90 56
170 90 64
169 90 40
169 90 48
169 90 56
169 90 64
169 91 40
169 91 48
169 91 56
169 91 64
169 91 72
169 92 40
169 92 48
169 92 56
169 92 64
169 92 72
169 93 40
169 93 48
169 93 56
169 93 64
169 93 72
169 94 40
169 94 48
169 94 56
169 94 64
169 94 72
169 95 40
169 95 48
169 95 56
169 95 64
169 95 72
169 96 40
169 96 48
169 96 56
169 96 64
169 96 72
169 97 40
169 97 48
169 97 56
169 97 64
169 97 72
169 98 40
169 98 48
169 98 56
169 98 64
169 98 72
169 99 40
169 99 48
169 99 56
169 99 64
169 99 72
169 99 80
169 100 40
169 100 48
169 100 56
169 100 64
169 100 72
169 100 80
169 101 40
169 101 48
169 101 56
169 101 64
169 101 72
169 101 80
169 101 88
169 102 40
169 102 48
169 102 56
169 102 64
169 102 72
169 102 80
169 102 88
169 103 40
169 103 48
169 103 56
169 103 64
169 103 72
169 103 80
169 103 88
169 104 40
169 104 48
169 104 56
169 104 64
169 104 72
169 104 80
169 105 40
169 105 48
169 105 56
169 105 64
169 105 72
169 106 40
169 106 48
169 106 56
169 106 64
169 106 72
169 107 40
169 107 48
169 107 56
169 107 64
169 108 40
169 108 48
169 108 56
169 110 40
169 110 48
169 110 56
169 111 40
169 111 48
169 111 56
169 112 40
169 112 48
169 112 56
169 113 40
169 113 48
169 113 56
169 114 40
169 114 48
169 114 56
169 115 40
169 115 48
169 115 56
169 116 40
169 116 48
169 117 40
169 117 48
169 118 40
169 118 48
169 119 40
169 120 40
169 121 40
169 122 40
169 123 40
169 124 40
169 125 40
169 126 40
169 127 40
192 197 40
192 196 40
192 195 40
192 194 40
192 193 40
192 192 40
192 191 40
191 191 40
190 191 40
190 190 40
190 190 48
189 190 40
189 190 48
188 190 40
188 190 48
188 190 56
187 190 40
187 190 48
187 190 56
187 190 64
186 190 40
186 190 48
186 190 56
186 190 64
186 190 72
185 190 40
185 190 48
185 190 56
185 190 64
185 190 72
185 190 80
184 190 40
184 190 48
184 190 56
184 190 64
184 190 72
184 190 80
183 190 40
183 190 48
183 190 56
183 190 64
183 190 72
183 190 80
182 190 40
182 190 48
182 190 56
182 190 64
182 190 72
182 190 80
181 190 40
181 190 48
181 190 56
181 190 64
181 190 72
181 190 80
181 190 88
180 190 40
180 190 48
180 190 56
180 190 64
180 190 72
180 190 80
180 190 88
179 190 40
179 190 48
179 190 56
179 190 64
179 190 72
179 190 80
179 190 88
178 190 40
178 190 48
178 190 56
178 190 64
178 190 72
178 190 80
178 190 88
177 190 40
177 190 48
177 190 56
177 190 64
177 190 72
177 190 80
177 190 88
176 190 40
176 190 48
176 190 56
176 190 64
176 190 72
176 190 80
176 190 88
176 190 96
175 190 40
175 190 48
175 190 56
175 190 64
175 190 72
175 190 80
175 190 88
175 190 96
174 190 40
174 190 48
174 190 56
174 190 64
174 190 72
174 190 80
174 190 88
174 190 96
174 190 104
173 190 40
173 190 48
173 190 56
173 190 64
173 190 72
173 190 80
173 190 88
173 190 96
173 190 104
173 190 112
172 190 40
172 190 48
172 190 56
172 190 64
172 190 72
172 190 80
172 190 88
172 190 96
172 190 104
172 190 112
172 190 120
172 190 128
171 190 40
171 190 48
171 190 56
171 190 64
171 190 72
171 190 80
171 190 88
171 190 96
171 190 104
171 190 112
171 190 120
171 190 128
171 190 136
171 190 144
170 190 40
170 190 48
170 190 56
170 190 64
170 190 72
170 190 80
170 190 88
170 190 96
170 190 104
170 190 112
170 190 120
170 190 128
170 190 136
170 190 144
170 190 152
170 190 160
169 190 40
169 190 48
169 190 56
169 190 64
169 190 72
169 190 80
169 190 88
169 190 96
169 190 104
169 190 112
169 190 120
169 190 128
169 190 136
169 190 144
169 190 152
169 190 160
169 190 168
168 190 40
168 190 48
168 190 56
168 190 64
168 190 72
168 190 80
168 190 88
168 190 96
168 190 104
168 190 112
168 190 120
168 190 128
168 190 136
168 190 144
168 190 152
168 190 160
168 190 168
168 190 176
167 190 40
167 190 48
167 190 56
167 190 64
167 190 72
167 190 80
167 190 88
167 190 96
167 190 104
167 190 112
167 190 120
167 190 128
167 190 136
167 190 144
167 190 152
167 190 160
167 190 168
167 190 176
167 190 184
166 190 40
166 190 48
166 190 56
166 190 64
166 190 72
166 190 80
166 190 88
166 190 96
166 190 104
166 190 112
166 190 120
166 190 128
166 190 136
166 190 144
166 190 152
166 190 160
166 190 168
166 190 176
166 190 184
166 190 192
166 190 200
165 190 40
165 190 48
165 190 56
165 190 64
165 190 72
165 190 80
165 190 88
165 190 96
165 190 104
165 190 112
165 190 120
165 190 128
165 190 136
165 190 144
165 190 152
165 190 160
165 190 168
165 190 176
165 190 184
165 190 192
165 190 200
164 190 40
164 190 48
164 190 56
164 190 64
164 190 72
164 190 80
164 190 88
164 190 96
164 190 104
164 190 112
164 190 120
164 190 128
164 190 136
164 190 144
164 190 152
164 190 160
164 190 168
164 190 176
164 190 184
164 190 192
164 190 200
164 190 208
163 190 40
163 190 48
163 190 56
163 190 64
163 190 72
163 190 80
163 190 88
163 190 96
163 190 104
163 190 112
163 190 120
163 190 128
163 190 136
163 190 144
163 190 152
163 190 160
163 190 168
163 190 176
163 190 184
163 190 192
163 190 200
162 190 40
162 190 48
162 190 56
162 190 64
162 190 72
162 190 80
162 190 88
162 190 96
162 190 104
162 190 112
162 190 120
162 190 128
162 190 136
162 190 144
162 190 152
162 190 160
162 190 168
162 190 176
162 190 184
162 190 192
161 190 40
161 190 48
161 190 56
161 190 64
161 190 72
161 190 80
161 190 88
161 190 96
161 190 104
161 190 112
161 190 120
161 190 128
161 190 136
161 190 144
161 190 152
161 190 160
161 190 168
161 190 176
160 190 40
160 190 48
160 190 56
160 190 64
160 190 72
160 190 80
160 190 88
160 190 96
160 190 104
160 190 112
160 190 120
160 190 128
160 190 136
160 190 144
160 190 152
160 190 160
159 190 40
159 190 48
159 190 56
159 190 64
159 190 72
159 190 80
159 190 88
159 190 96
159 190 104
159 190 112
159 190 120
159 190 128
159 190 136
159 190 144
158 190 40
158 190 48
158 190 56
158 190 64
158 190 72
158 190 80
158 190 88
158 190 96
158 190 104
158 190 112
158 190 120
158 190 128
157 190 40
157 190 48
157 190 56
157 190 64
157 190 72
157 190 80
157 190 88
157 190 96
157 190 104
157 190 112
156 190 40
156 190 48
156 190 56
156 190 64
156 190 72
156 190 80
156 190 88
156 190 96
155 190 40
155 190 48
155 190 56
155 190 64
155 190 72
155 190 80
154 190 40
154 190 48
154 190 56
154 190 64
154 190 72
153 190 40
153 190 48
153 190 56
153 190 64
152 190 40
152 190 48
152 190 56
152 190 64
151 190 40
151 190 48
151 190 56
150 190 40
150 190 48
150 190 56
149 190 40
149 190 48
148 189 40
148 189 48
147 189 40
146 189 40
145 189 40
144 189 40
143 189 40
142 189 40
141 189 40
140 189 40
139 189 40
138 189 40
137 189 40
136 189 40
135 189 40
134 189 40
133 189 40
132 189 40
131 189 40
130 189 40
129 188 40
128 188 40
128 187 40
128 186 40
128 185 40
128 184 40
128 183 40
128 182 40
128 181 40
128 180 40
