9 9 100
9 29 100
9 49 100
9 69 100
9 89 100
9 109 100
9 129 100
9 149 100
9 169 100
9 189 100
29 9 100
29 29 100
29 49 100
29 69 100
29 89 100
29 109 100
29 129 100
29 149 100
29 169 100
29 189 100
49 9 100
49 29 100
49 49 100
49 69 100
49 89 100
49 109 100
49 129 100
49 149 100
49 169 100
49 189 100
69 9 100
69 29 100
69 49 100
69 69 100
69 89 100
69 109 100
69 129 100
69 149 100
69 169 100
69 189 100
89 9 100
89 29 100
89 49 100
89 69 100
89 89 100
89 109 100
89 129 100
89 149 100
89 169 100
89 189 100
109 9 100
109 29 100
109 49 100
109 69 100
109 89 100
109 109 100
109 129 100
109 149 100
109 169 100
109 189 100
129 9 100
129 29 100
129 49 100
129 69 100
129 89 100
129 109 100
129 129 100
129 149 100
129 169 100
129 189 100
149 9 100
149 29 100
149 49 100
149 69 100
149 89 100
149 109 100
149 129 100
149 149 100
149 169 100
149 189 100
169 9 100
169 29 100
169 49 100
169 69 100
169 89 100
169 109 100
169 129 100
169 149 100
169 169 100
169 189 100
189 9 100
189 29 100
189 49 100
189 69 100
189 89 100
189 109 100
189 129 100
189 149 100
189 169 100
189 189 100
9 49 100
9 89 100
9 189 100
29 29 100
29 69 100
29 89 100
29 129 100
29 149 100
29 169 100
49 9 100
49 89 100
49 169 100
69 9 100
69 49 100
69 109 100
69 189 100
89 9 100
89 69 100
89 109 100
89 189 100
109 9 100
109 29 100
109 69 100
109 89 100
109 189 100
129 49 100
129 129 100
129 149 100
129 169 100
129 189 100
149 9 100
149 29 100
149 49 100
149 69 100
149 109 100
149 149 100
149 169 100
169 9 100
169 29 100
169 49 100
169 69 100
169 109 100
169 129 100
169 149 100
169 189 100
189 149 100
47 73 40
22 53 40
43 138 40
43 138 56
43 138 72
92 50 40
1 18 40
57 43 40
189 63 40
112 117 40
174 92 40
117 5 40
147 123 40
86 163 40
56 43 40
55 43 40
54 43 40
53 43 40
53 44 40
52 44 40
52 45 40
52 46 40
51 46 40
51 47 40
50 47 40
50 48 40
49 48 40
49 50 40
49 51 40
49 52 40
49 53 40
49 54 40
49 55 40
49 56 40
49 57 40
49 58 40
49 59 40
49 60 40
49 61 40
49 62 40
49 63 40
49 64 40
49 65 40
49 66 40
49 67 40
49 68 40
48 69 40
48 70 40
48 71 40
47 71 40
47 72 40
86 162 40
86 161 40
86 160 40
86 159 40
86 158 40
86 157 40
86 156 40
86 155 40
86 154 40
86 153 40
86 152 40
86 151 40
86 150 40
86 149 40
85 149 40
84 149 40
83 149 40
82 149 40
81 149 40
80 149 40
79 149 40
78 149 40
77 149 40
76 149 40
75 149 40
74 149 40
73 149 40
72 149 40
71 149 40
70 149 40
68 149 40
67 149 40
66 149 40
65 149 40
64 149 40
64 149 56
63 149 40
63 149 56
62 149 40
62 149 56
62 149 72
61 149 40
61 149 56
61 149 72
60 149 40
60 149 56
59 149 40
59 149 56
58 149 40
58 149 56
57 149 40
56 149 40
55 149 40
54 149 40
53 149 40
52 149 40
51 149 40
50 149 40
49 148 40
48 148 40
48 147 40
47 147 40
47 146 40
46 146 40
46 145 40
46 144 40
45 144 40
45 143 40
45 142 40
45 141 40
45 140 40
45 139 40
45 139 56
45 138 40
45 138 56
44 138 40
44 138 56
112 118 40
112 119 40
112 120 40
112 121 40
112 122 40
112 123 40
112 124 40
112 125 40
112 126 40
111 126 40
111 127 40
110 127 40
110 127 56
110 128 40
110 128 56
109 128 40
109 128 56
108 129 40
108 129 56
108 129 72
107 129 40
107 129 56
107 129 72
106 129 40
106 129 56
106 129 72
105 129 40
105 129 56
105 129 72
105 129 88
104 129 40
104 129 56
104 129 72
104 129 88
103 129 40
103 129 56
103 129 72
103 129 88
102 129 40
102 129 56
102 129 72
102 129 88
101 129 40
101 129 56
101 129 72
101 129 88
100 129 40
100 129 56
100 129 72
100 129 88
99 129 40
99 129 56
99 129 72
99 129 88
98 129 40
98 129 56
98 129 72
98 129 88
97 129 40
97 129 56
97 129 72
97 129 88
96 129 40
96 129 56
96 129 72
96 129 88
95 129 40
95 129 56
95 129 72
95 129 88
94 129 40
94 129 56
94 129 72
93 129 40
93 129 56
93 129 72
92 129 40
92 129 56
91 129 40
90 129 40
89 130 40
89 131 40
89 132 40
89 133 40
89 134 40
89 135 40
89 136 40
89 137 40
89 138 40
89 139 40
89 140 40
89 141 40
89 142 40
89 143 40
89 144 40
89 145 40
89 146 40
89 147 40
89 148 40
88 149 40
87 149 40
173 92 40
172 92 40
172 91 40
171 91 40
171 90 40
170 90 40
170 89 40
168 89 40
167 89 40
166 89 40
165 89 40
164 89 40
163 89 40
162 89 40
161 89 40
160 89 40
159 89 40
158 89 40
157 89 40
156 89 40
155 89 40
154 89 40
153 89 40
152 89 40
151 89 40
150 89 40
148 89 40
147 89 40
146 89 40
145 89 40
144 89 40
143 89 40
142 89 40
141 89 40
140 89 40
139 89 40
138 89 40
137 89 40
136 89 40
135 89 40
134 89 40
133 89 40
132 89 40
131 89 40
130 89 40
129 90 40
129 91 40
129 92 40
129 93 40
129 94 40
129 95 40
129 96 40
129 97 40
129 98 40
129 99 40
129 100 40
129 101 40
129 102 40
129 103 40
129 104 40
129 105 40
129 106 40
129 107 40
129 108 40
128 109 40
127 109 40
126 109 40
125 109 40
124 109 40
123 109 40
122 109 40
121 109 40
120 109 40
119 109 40
118 109 40
117 109 40
116 109 40
115 109 40
114 109 40
113 109 40
112 109 40
112 110 40
112 111 40
112 112 40
112 113 40
112 114 40
112 115 40
112 116 40
189 64 40
189 65 40
189 66 40
189 67 40
189 67 56
189 68 40
189 68 56
189 70 40
189 70 56
189 70 72
189 71 40
189 71 56
189 71 72
189 72 40
189 72 56
189 73 40
189 73 56
189 74 40
189 74 56
189 75 40
189 76 40
189 77 40
189 78 40
189 79 40
189 80 40
189 81 40
189 82 40
189 83 40
189 84 40
189 85 40
189 86 40
189 87 40
189 88 40
188 89 40
188 89 56
187 89 40
186 89 40
185 89 40
184 89 40
183 89 40
182 89 40
181 89 40
180 89 40
179 89 40
178 89 40
177 89 40
176 89 40
175 89 40
174 89 40
173 89 40
172 89 40
171 89 40
147 124 40
147 125 40
147 126 40
147 126 56
147 127 40
147 127 56
148 127 40
148 127 56
148 128 40
148 128 56
149 128 40
149 128 56
150 129 40
151 129 40
152 129 40
153 129 40
154 129 40
155 129 40
156 129 40
157 129 40
158 129 40
159 129 40
160 129 40
161 129 40
162 129 40
163 129 40
164 129 40
165 129 40
166 129 40
167 129 40
167 129 56
168 129 40
168 129 56
170 129 40
170 129 56
170 129 72
170 129 88
171 129 40
171 129 56
171 129 72
171 129 88
172 129 40
172 129 56
172 129 72
172 129 88
172 129 104
173 129 40
173 129 56
173 129 72
173 129 88
173 129 104
174 129 40
174 129 56
174 129 72
174 129 88
174 129 104
175 129 40
175 129 56
175 129 72
175 129 88
175 129 104
176 129 40
176 129 56
176 129 72
176 129 88
176 129 104
177 129 40
177 129 56
177 129 72
177 129 88
177 129 104
178 129 40
178 129 56
178 129 72
178 129 88
179 129 40
179 129 56
179 129 72
179 129 88
180 129 40
180 129 56
180 129 72
181 129 40
181 129 56
181 129 72
182 129 40
182 129 56
182 129 72
183 129 40
183 129 56
183 129 72
184 129 40
184 129 56
184 129 72
185 129 40
185 129 56
185 129 72
186 129 40
186 129 56
186 129 72
187 129 40
187 129 56
187 129 72
188 129 40
188 129 56
188 129 72
189 128 40
189 128 56
189 127 40
189 126 40
189 125 40
189 124 40
189 123 40
189 122 40
189 121 40
189 120 40
189 119 40
189 118 40
189 117 40
189 116 40
189 115 40
189 114 40
189 113 40
189 112 40
189 111 40
189 110 40
189 108 40
189 107 40
189 106 40
189 106 56
189 105 40
189 105 56
189 104 40
189 104 56
189 104 72
189 103 40
189 103 56
189 103 72
189 102 40
189 102 56
189 102 72
189 102 88
189 101 40
189 101 56
189 101 72
189 101 88
189 101 104
189 100 40
189 100 56
189 100 72
189 100 88
189 100 104
189 100 120
189 99 40
189 99 56
189 99 72
189 99 88
189 99 104
189 99 120
189 99 136
189 98 40
189 98 56
189 98 72
189 98 88
189 98 104
189 98 120
189 98 136
189 97 40
189 97 56
189 97 72
189 97 88
189 97 104
189 97 120
189 97 136
189 96 40
189 96 56
189 96 72
189 96 88
189 96 104
189 96 120
189 96 136
189 95 40
189 95 56
189 95 72
189 95 88
189 95 104
189 95 120
189 95 136
189 94 40
189 94 56
189 94 72
189 94 88
189 94 104
189 94 120
189 94 136
189 93 40
189 93 56
189 93 72
189 93 88
189 93 104
189 93 120
189 92 40
189 92 56
189 92 72
189 92 88
189 92 104
189 91 40
189 91 56
189 91 72
189 91 88
189 90 40
189 90 56
189 90 72
1 17 40
1 16 40
1 15 40
1 14 40
1 13 40
1 12 40
1 11 40
1 10 40
1 9 40
1 8 40
1 7 40
1 6 40
1 5 40
2 5 40
3 5 40
4 5 40
5 5 40
6 5 40
6 6 40
7 6 40
7 7 40
8 7 40
8 7 56
9 7 40
9 7 56
10 7 40
10 7 56
11 7 40
11 7 56
12 7 40
12 7 56
12 7 72
13 7 40
13 7 56
13 7 72
14 7 40
14 7 56
14 7 72
15 7 40
15 7 56
15 7 72
16 7 40
16 7 56
17 7 40
17 7 56
18 7 40
18 7 56
19 7 40
19 7 56
20 7 40
21 7 40
22 7 40
23 7 40
24 7 40
25 7 40
26 7 40
27 7 40
28 7 40
29 7 40
29 8 40
29 8 56
30 9 40
30 9 56
30 10 40
30 10 56
31 10 40
31 10 56
32 10 40
32 10 56
33 10 40
33 10 56
34 10 40
34 10 56
34 10 72
35 10 40
35 10 56
35 10 72
36 10 40
36 10 56
36 10 72
37 10 40
37 10 56
37 10 72
37 10 88
38 10 40
38 10 56
38 10 72
38 10 88
39 10 40
39 10 56
39 10 72
39 10 88
40 10 40
40 10 56
40 10 72
40 10 88
41 10 40
41 10 56
41 10 72
42 10 40
42 10 56
42 10 72
43 10 40
43 10 56
43 10 72
44 10 40
44 10 56
44 10 72
45 10 40
45 10 56
45 10 72
46 10 40
46 10 56
47 10 40
47 10 56
48 10 40
48 10 56
48 11 40
48 12 40
48 13 40
48 14 40
48 15 40
48 16 40
48 17 40
48 18 40
48 19 40
48 20 40
48 21 40
48 22 40
48 23 40
48 24 40
48 25 40
48 26 40
48 27 40
48 28 40
49 28 40
49 30 40
49 31 40
49 32 40
49 33 40
49 34 40
49 35 40
49 36 40
49 37 40
49 38 40
49 39 40
49 40 40
49 41 40
49 42 40
49 43 40
49 44 40
49 45 40
49 46 40
49 47 40
118 5 40
119 5 40
120 5 40
121 5 40
122 5 40
123 5 40
124 5 40
125 5 40
126 5 40
127 5 40
128 5 40
129 5 40
129 6 40
129 7 40
129 8 40
129 10 40
129 11 40
129 12 40
129 13 40
129 14 40
129 15 40
129 16 40
129 17 40
129 18 40
129 19 40
129 20 40
129 21 40
129 22 40
129 23 40
129 24 40
129 25 40
129 26 40
129 27 40
129 28 40
128 29 40
128 30 40
127 30 40
127 31 40
127 31 56
126 31 40
126 31 56
126 32 40
126 32 56
126 32 72
125 32 40
125 32 56
125 32 72
125 33 40
125 33 56
125 33 72
124 33 40
124 33 56
124 33 72
124 34 40
124 34 56
124 34 72
123 34 40
123 34 56
123 34 72
123 35 40
123 35 56
123 36 40
123 36 56
122 36 40
122 36 56
121 36 40
121 36 56
121 37 40
120 37 40
120 38 40
119 38 40
119 39 40
119 40 40
118 40 40
118 41 40
117 41 40
117 42 40
116 42 40
115 42 40
115 43 40
114 43 40
114 44 40
113 44 40
113 45 40
112 45 40
112 46 40
111 46 40
111 47 40
110 47 40
110 48 40
109 48 40
108 49 40
108 49 56
107 49 40
107 49 56
106 49 40
106 49 56
106 49 72
105 49 40
105 49 56
105 49 72
105 49 88
104 49 40
104 49 56
104 49 72
104 49 88
103 49 40
103 49 56
103 49 72
103 49 88
103 49 104
102 49 40
102 49 56
102 49 72
102 49 88
102 49 104
101 49 40
101 49 56
101 49 72
101 49 88
101 49 104
100 49 40
100 49 56
100 49 72
100 49 88
100 49 104
99 49 40
99 49 56
99 49 72
99 49 88
99 49 104
98 49 40
98 49 56
98 49 72
98 49 88
98 49 104
97 49 40
97 49 56
97 49 72
97 49 88
97 49 104
96 49 40
96 49 56
96 49 72
96 49 88
95 49 40
95 49 56
95 49 72
95 49 88
94 49 40
94 49 56
94 49 72
93 49 40
93 49 56
92 49 40
92 49 56
