9 9 100
9 29 100
9 49 100
9 69 100
9 89 100
9 109 100
9 129 100
9 149 100
9 169 100
9 189 100
29 9 100
29 29 100
29 49 100
29 69 100
29 89 100
29 109 100
29 129 100
29 149 100
29 169 100
29 189 100
49 9 100
49 29 100
49 49 100
49 69 100
49 89 100
49 109 100
49 129 100
49 149 100
49 169 100
49 189 100
69 9 100
69 29 100
69 49 100
69 69 100
69 89 100
69 109 100
69 129 100
69 149 100
69 169 100
69 189 100
89 9 100
89 29 100
89 49 100
89 69 100
89 89 100
89 109 100
89 129 100
89 149 100
89 169 100
89 189 100
109 9 100
109 29 100
109 49 100
109 69 100
109 89 100
109 109 100
109 129 100
109 149 100
109 169 100
109 189 100
129 9 100
129 29 100
129 49 100
129 69 100
129 89 100
129 109 100
129 129 100
129 149 100
129 169 100
129 189 100
149 9 100
149 29 100
149 49 100
149 69 100
149 89 100
149 109 100
149 129 100
149 149 100
149 169 100
149 189 100
169 9 100
169 29 100
169 49 100
169 69 100
169 89 100
169 109 100
169 129 100
169 149 100
169 169 100
169 189 100
189 9 100
189 29 100
189 49 100
189 69 100
189 89 100
189 109 100
189 129 100
189 149 100
189 169 100
189 189 100
9 9 100
9 29 100
9 49 100
9 69 100
9 89 100
9 109 100
9 129 100
9 149 100
9 169 100
29 9 100
29 29 100
29 49 100
29 69 100
29 129 100
29 149 100
29 169 100
49 9 100
49 29 100
49 49 100
49 109 100
49 129 100
49 149 100
49 169 100
49 189 100
69 109 100
69 129 100
69 149 100
69 169 100
89 69 100
89 89 100
89 109 100
89 129 100
89 149 100
89 169 100
109 9 100
109 49 100
109 69 100
109 89 100
109 129 100
109 149 100
109 169 100
109 189 100
129 9 100
129 29 100
129 49 100
129 69 100
129 89 100
129 109 100
129 129 100
129 149 100
129 169 100
129 189 100
149 9 100
149 29 100
149 49 100
149 69 100
149 89 100
149 109 100
149 129 100
149 149 100
149 189 100
169 9 100
169 69 100
169 89 100
169 129 100
169 149 100
169 169 100
169 189 100
189 109 100
189 129 100
189 149 100
189 189 100
23 196 40
197 80 40
197 80 104
57 75 40
196 17 40
196 17 104
110 94 40
110 94 104
110 94 168
110 94 232
75 189 40
74 47 40
10 129 40
10 129 104
10 129 168
33 92 40
171 39 40
73 47 40
72 47 40
71 47 40
71 48 40
70 48 40
70 49 40
69 50 40
69 51 40
69 52 40
69 53 40
69 54 40
69 55 40
69 56 40
69 57 40
69 58 40
69 59 40
69 60 40
69 61 40
69 62 40
69 63 40
69 64 40
69 65 40
69 66 40
69 67 40
69 68 40
68 69 40
68 70 40
67 70 40
67 71 40
66 71 40
66 72 40
65 72 40
65 73 40
64 73 40
63 73 40
62 73 40
61 73 40
60 73 40
59 73 40
58 73 40
57 73 40
57 74 40
33 91 40
33 90 40
34 90 40
35 90 40
36 90 40
37 90 40
38 90 40
39 90 40
40 90 40
41 90 40
42 90 40
43 90 40
44 90 40
45 90 40
46 90 40
47 90 40
48 90 40
48 89 40
49 88 40
50 88 40
50 87 40
50 86 40
50 85 40
50 84 40
50 83 40
50 82 40
50 81 40
50 80 40
50 79 40
50 78 40
50 77 40
50 76 40
50 75 40
50 74 40
50 73 40
51 73 40
52 73 40
53 73 40
54 73 40
55 73 40
56 73 40
10 128 40
10 128 104
10 128 168
10 127 40
10 127 104
10 127 168
10 126 40
10 126 104
10 126 168
10 125 40
10 125 104
10 125 168
10 124 40
10 124 104
10 124 168
10 123 40
10 123 104
10 123 168
10 122 40
10 122 104
10 122 168
10 121 40
10 121 104
10 121 168
10 120 40
10 120 104
10 120 168
10 119 40
10 119 104
10 119 168
10 118 40
10 118 104
10 117 40
10 117 104
10 116 40
10 116 104
10 116 168
10 115 40
10 115 104
10 115 168
10 114 40
10 114 104
10 114 168
10 113 40
10 113 104
10 113 168
10 112 40
10 112 104
10 112 168
10 111 40
10 111 104
10 111 168
10 110 40
10 110 104
10 110 168
11 110 40
11 110 104
11 110 168
12 110 40
12 110 104
12 110 168
13 110 40
13 110 104
13 110 168
14 110 40
14 110 104
15 110 40
15 110 104
16 110 40
16 110 104
17 110 40
17 110 104
18 110 40
18 110 104
19 110 40
19 110 104
20 110 40
21 110 40
22 110 40
23 110 40
24 110 40
25 110 40
26 110 40
26 110 104
27 110 40
27 110 104
28 110 40
28 110 104
28 109 40
28 109 104
29 108 40
29 108 104
29 107 40
29 107 104
29 106 40
29 106 104
29 105 40
29 104 40
29 103 40
29 102 40
29 101 40
29 100 40
29 99 40
29 98 40
29 97 40
29 96 40
29 95 40
29 94 40
29 93 40
29 92 40
29 91 40
29 90 40
30 90 40
31 90 40
32 90 40
171 40 40
171 41 40
171 42 40
171 43 40
171 44 40
171 45 40
171 46 40
171 47 40
171 48 40
171 49 40
172 49 40
173 49 40
174 49 40
175 49 40
176 49 40
177 49 40
178 49 40
179 49 40
180 49 40
181 49 40
182 49 40
183 49 40
184 49 40
185 49 40
186 49 40
187 49 40
188 49 40
189 50 40
189 51 40
189 52 40
189 53 40
189 54 40
189 55 40
189 56 40
189 57 40
189 58 40
189 59 40
189 60 40
189 61 40
189 62 40
189 63 40
189 64 40
189 65 40
189 66 40
189 67 40
189 68 40
189 70 40
190 70 40
190 71 40
191 71 40
191 72 40
191 72 104
192 72 40
192 72 104
192 73 40
192 73 104
193 73 40
193 73 104
193 74 40
193 74 104
193 75 40
193 75 104
193 75 168
193 76 40
193 76 104
193 76 168
193 77 40
193 77 104
193 77 168
193 78 40
193 78 104
193 78 168
193 79 40
193 79 104
193 79 168
193 80 40
193 80 104
194 80 40
194 80 104
195 80 40
195 80 104
196 80 40
196 80 104
195 17 40
195 17 104
194 17 40
194 17 104
193 17 40
193 17 104
193 18 40
193 18 104
193 19 40
193 19 104
193 20 40
193 20 104
193 21 40
193 21 104
193 22 40
193 22 104
193 23 40
193 23 104
193 24 40
193 25 40
192 25 40
192 26 40
191 26 40
191 27 40
190 27 40
190 28 40
189 28 40
189 30 40
189 31 40
189 32 40
189 33 40
189 34 40
189 35 40
189 36 40
189 37 40
189 38 40
189 39 40
189 40 40
189 41 40
189 42 40
189 43 40
189 44 40
189 45 40
189 46 40
189 47 40
189 48 40
74 189 40
73 189 40
72 189 40
72 189 104
71 189 40
71 189 104
70 189 40
70 189 104
68 189 40
68 189 104
67 189 40
67 189 104
66 189 40
66 189 104
65 189 40
65 189 104
64 189 40
64 189 104
63 189 40
63 189 104
62 189 40
62 189 104
61 189 40
61 189 104
60 189 40
60 189 104
59 189 40
59 189 104
58 189 40
58 189 104
58 189 168
57 189 40
57 189 104
57 189 168
56 189 40
56 189 104
56 189 168
55 189 40
55 189 104
55 189 168
54 189 40
54 189 104
54 189 168
54 189 232
53 189 40
53 189 104
53 189 168
53 189 232
52 189 40
52 189 104
52 189 168
52 189 232
51 189 40
51 189 104
51 189 168
50 189 40
50 189 104
50 189 168
49 189 40
48 189 40
48 189 104
48 189 168
47 189 40
47 189 104
47 189 168
46 189 40
46 189 104
45 189 40
45 189 104
44 189 40
44 189 104
43 189 40
43 189 104
42 189 40
42 189 104
41 189 40
41 189 104
40 189 40
40 189 104
39 189 40
39 189 104
38 189 40
38 189 104
37 189 40
37 189 104
36 189 40
36 189 104
35 189 40
35 189 104
34 189 40
33 189 40
32 189 40
31 189 40
30 189 40
28 189 40
28 190 40
27 190 40
27 191 40
26 191 40
26 192 40
25 192 40
25 193 40
24 193 40
24 194 40
23 194 40
23 195 40
109 94 40
109 94 104
109 94 168
108 94 40
108 94 104
108 94 168
107 94 40
107 94 104
107 94 168
106 94 40
106 94 104
105 94 40
105 94 104
104 94 40
104 94 104
103 94 40
103 94 104
102 94 40
102 94 104
101 94 40
101 94 104
101 94 168
100 94 40
100 94 104
100 94 168
99 94 40
99 94 104
99 94 168
98 94 40
98 94 104
98 94 168
97 94 40
97 94 104
97 94 168
97 94 232
96 94 40
96 94 104
96 94 168
96 94 232
95 94 40
95 94 104
95 94 168
95 94 232
94 94 40
94 94 104
94 94 168
93 94 40
93 94 104
93 94 168
92 94 40
92 94 104
92 94 168
91 94 40
91 94 104
91 94 168
90 94 40
90 94 104
90 94 168
89 94 40
89 94 104
89 94 168
88 94 40
88 94 104
88 94 168
87 94 40
87 94 104
87 94 168
86 94 40
86 94 104
86 94 168
85 94 40
85 94 104
85 94 168
84 94 40
84 94 104
84 94 168
83 94 40
83 94 104
83 94 168
82 94 40
82 94 104
82 94 168
81 94 40
81 94 104
81 94 168
80 94 40
80 94 104
79 94 40
79 94 104
78 94 40
78 94 104
77 94 40
77 94 104
76 94 40
76 94 104
76 94 168
75 94 40
75 94 104
75 94 168
74 94 40
74 94 104
74 94 168
73 94 40
73 94 104
73 94 168
73 93 40
73 93 104
72 93 40
72 93 104
72 92 40
72 92 104
71 92 40
71 92 104
71 91 40
71 91 104
70 91 40
70 91 104
70 90 40
69 90 40
69 88 40
69 87 40
69 86 40
69 85 40
69 84 40
69 83 40
69 82 40
69 81 40
69 80 40
69 79 40
69 78 40
69 77 40
69 76 40
69 75 40
69 74 40
69 73 40
69 72 40
69 71 40
69 70 40
