9 9 100
9 29 100
9 49 100
9 69 100
9 89 100
9 109 100
9 129 100
9 149 100
9 169 100
9 189 100
29 9 100
29 29 100
29 49 100
29 69 100
29 89 100
29 109 100
29 129 100
29 149 100
29 169 100
29 189 100
49 9 100
49 29 100
49 49 100
49 69 100
49 89 100
49 109 100
49 129 100
49 149 100
49 169 100
49 189 100
69 9 100
69 29 100
69 49 100
69 69 100
69 89 100
69 109 100
69 129 100
69 149 100
69 169 100
69 189 100
89 9 100
89 29 100
89 49 100
89 69 100
89 89 100
89 109 100
89 129 100
89 149 100
89 169 100
89 189 100
109 9 100
109 29 100
109 49 100
109 69 100
109 89 100
109 109 100
109 129 100
109 149 100
109 169 100
109 189 100
129 9 100
129 29 100
129 49 100
129 69 100
129 89 100
129 109 100
129 129 100
129 149 100
129 169 100
129 189 100
149 9 100
149 29 100
149 49 100
149 69 100
149 89 100
149 109 100
149 129 100
149 149 100
149 169 100
149 189 100
169 9 100
169 29 100
169 49 100
169 69 100
169 89 100
169 109 100
169 129 100
169 149 100
169 169 100
169 189 100
189 9 100
189 29 100
189 49 100
189 69 100
189 89 100
189 109 100
189 129 100
189 149 100
189 169 100
189 189 100
9 9 100
9 29 100
9 89 100
9 169 100
9 189 100
29 9 100
29 69 100
29 89 100
29 129 100
29 189 100
49 29 100
49 49 100
49 69 100
49 89 100
49 169 100
69 29 100
69 49 100
69 69 100
69 129 100
69 169 100
69 189 100
89 9 100
89 89 100
89 149 100
89 169 100
109 9 100
109 49 100
109 69 100
109 89 100
109 169 100
109 189 100
129 9 100
129 29 100
129 89 100
129 109 100
129 129 100
129 169 100
129 189 100
149 29 100
149 49 100
149 149 100
169 69 100
169 89 100
169 189 100
189 9 100
189 89 100
189 149 100
189 169 100
133 63 40
29 177 40
25 32 40
25 32 44
29 176 40
29 175 40
29 174 40
29 173 40
29 172 40
29 171 40
29 170 40
29 168 40
29 167 40
29 167 44
29 166 40
29 166 44
29 165 40
29 165 44
29 165 48
29 164 40
29 164 44
29 164 48
29 164 52
29 163 40
29 163 44
29 163 48
29 163 52
29 163 56
29 163 60
29 162 40
29 162 44
29 162 48
29 162 52
29 162 56
29 162 60
29 162 64
29 162 68
29 161 40
29 161 44
29 161 48
29 161 52
29 161 56
29 161 60
29 161 64
29 161 68
29 161 72
29 160 40
29 160 44
29 160 48
29 160 52
29 160 56
29 160 60
29 160 64
29 160 68
29 160 72
29 160 76
29 160 80
29 159 40
29 159 44
29 159 48
29 159 52
29 159 56
29 159 60
29 159 64
29 159 68
29 159 72
29 159 76
29 159 80
29 159 84
29 158 40
29 158 44
29 158 48
29 158 52
29 158 56
29 158 60
29 158 64
29 158 68
29 158 72
29 158 76
29 158 80
29 158 84
29 157 40
29 157 44
29 157 48
29 157 52
29 157 56
29 157 60
29 157 64
29 157 68
29 157 72
29 157 76
29 157 80
29 157 84
29 156 40
29 156 44
29 156 48
29 156 52
29 156 56
29 156 60
29 156 64
29 156 68
29 156 72
29 156 76
29 156 80
29 155 40
29 155 44
29 155 48
29 155 52
29 155 56
29 155 60
29 155 64
29 155 68
29 155 72
29 155 76
29 154 40
29 154 44
29 154 48
29 154 52
29 154 56
29 154 60
29 154 64
29 154 68
29 153 40
29 153 44
29 153 48
29 153 52
29 153 56
29 153 60
29 153 64
29 152 40
29 152 44
29 152 48
29 152 52
29 152 56
29 151 40
29 151 44
29 151 48
29 151 52
29 150 40
29 150 44
29 150 48
30 149 40
30 149 44
30 149 48
31 149 40
31 149 44
31 149 48
32 149 40
32 149 44
32 149 48
32 149 52
33 149 40
33 149 44
33 149 48
33 149 52
34 149 40
34 149 44
34 149 48
35 149 40
35 149 44
35 149 48
36 149 40
36 149 44
36 149 48
37 149 40
37 149 44
38 149 40
38 149 44
39 149 40
40 149 40
41 149 40
42 149 40
43 149 40
44 149 40
45 149 40
46 149 40
47 149 40
48 149 40
49 148 40
49 147 40
49 146 40
49 145 40
49 144 40
49 143 40
49 142 40
49 141 40
49 141 44
49 140 40
49 140 44
49 139 40
49 139 44
49 139 48
49 138 40
49 138 44
49 138 48
49 138 52
49 137 40
49 137 44
49 137 48
49 137 52
49 137 56
49 136 40
49 136 44
49 136 48
49 136 52
49 136 56
49 135 40
49 135 44
49 135 48
49 135 52
49 135 56
49 135 60
49 134 40
49 134 44
49 134 48
49 134 52
49 134 56
49 133 40
49 133 44
49 133 48
49 133 52
49 133 56
49 132 40
49 132 44
49 132 48
49 132 52
49 131 40
49 131 44
49 131 48
49 131 52
49 130 40
49 130 44
49 130 48
49 128 40
49 128 44
49 127 40
49 127 44
49 126 40
49 125 40
49 124 40
49 123 40
49 122 40
49 121 40
49 120 40
49 119 40
49 118 40
49 117 40
49 116 40
49 115 40
49 114 40
49 113 40
49 112 40
49 111 40
49 110 40
50 109 40
51 109 40
52 109 40
53 109 40
54 109 40
55 109 40
56 109 40
57 109 40
58 109 40
59 109 40
60 109 40
61 109 40
62 109 40
63 109 40
64 109 40
65 109 40
66 109 40
67 109 40
68 109 40
70 109 40
71 109 40
72 109 40
73 109 40
74 109 40
75 109 40
76 109 40
77 109 40
78 109 40
79 109 40
80 109 40
81 109 40
82 109 40
83 109 40
84 109 40
85 109 40
86 109 40
87 109 40
88 109 40
89 110 40
89 111 40
89 112 40
89 113 40
89 114 40
89 115 40
89 116 40
89 117 40
89 118 40
89 119 40
89 120 40
89 121 40
89 122 40
89 123 40
89 124 40
89 125 40
89 126 40
89 127 40
89 128 40
90 129 40
90 129 44
91 129 40
91 129 44
92 129 40
92 129 44
92 129 48
93 129 40
93 129 44
93 129 48
94 129 40
94 129 44
94 129 48
94 129 52
94 129 56
95 129 40
95 129 44
95 129 48
95 129 52
95 129 56
95 129 60
96 129 40
96 129 44
96 129 48
96 129 52
96 129 56
96 129 60
96 129 64
96 129 68
97 129 40
97 129 44
97 129 48
97 129 52
97 129 56
97 129 60
97 129 64
97 129 68
97 129 72
98 129 40
98 129 44
98 129 48
98 129 52
98 129 56
98 129 60
98 129 64
98 129 68
98 129 72
98 129 76
99 129 40
99 129 44
99 129 48
99 129 52
99 129 56
99 129 60
99 129 64
99 129 68
99 129 72
99 129 76
99 129 80
100 129 40
100 129 44
100 129 48
100 129 52
100 129 56
100 129 60
100 129 64
100 129 68
100 129 72
100 129 76
100 129 80
101 129 40
101 129 44
101 129 48
101 129 52
101 129 56
101 129 60
101 129 64
101 129 68
101 129 72
101 129 76
102 129 40
102 129 44
102 129 48
102 129 52
102 129 56
102 129 60
102 129 64
102 129 68
102 129 72
103 129 40
103 129 44
103 129 48
103 129 52
103 129 56
103 129 60
103 129 64
103 129 68
104 129 40
104 129 44
104 129 48
104 129 52
104 129 56
104 129 60
104 129 64
105 129 40
105 129 44
105 129 48
105 129 52
105 129 56
106 129 40
106 129 44
106 129 48
106 129 52
107 129 40
107 129 44
107 129 48
108 129 40
108 129 44
110 129 40
110 129 44
111 129 40
111 129 44
112 129 40
112 129 44
113 129 40
113 129 44
114 129 40
114 129 44
115 129 40
115 129 44
116 129 40
116 129 44
116 129 48
117 129 40
117 129 44
117 129 48
117 129 52
118 129 40
118 129 44
118 129 48
118 129 52
119 129 40
119 129 44
119 129 48
119 129 52
119 129 56
120 129 40
120 129 44
120 129 48
120 129 52
120 129 56
120 129 60
121 129 40
121 129 44
121 129 48
121 129 52
121 129 56
121 129 60
121 129 64
122 129 40
122 129 44
122 129 48
122 129 52
122 129 56
122 129 60
122 129 64
122 129 68
123 129 40
123 129 44
123 129 48
123 129 52
123 129 56
123 129 60
123 129 64
123 129 68
124 129 40
124 129 44
124 129 48
124 129 52
124 129 56
124 129 60
124 129 64
124 129 68
125 129 40
125 129 44
125 129 48
125 129 52
125 129 56
125 129 60
125 129 64
125 129 68
126 129 40
126 129 44
126 129 48
126 129 52
126 129 56
126 129 60
126 129 64
127 129 40
127 129 44
127 129 48
127 129 52
127 129 56
127 129 60
128 129 40
128 129 44
128 129 48
128 129 52
128 129 56
128 129 60
130 129 40
130 129 44
130 129 48
130 129 52
131 129 40
131 129 44
131 129 48
132 129 40
132 129 44
133 129 40
133 129 44
134 129 40
134 129 44
135 129 40
136 129 40
137 129 40
138 129 40
139 129 40
140 129 40
141 129 40
142 129 40
143 129 40
144 129 40
145 129 40
146 129 40
147 129 40
148 129 40
149 128 40
149 128 44
149 127 40
149 127 44
149 126 40
149 126 44
149 126 48
149 125 40
149 125 44
149 125 48
149 125 52
149 124 40
149 124 44
149 124 48
149 124 52
149 124 56
149 123 40
149 123 44
149 123 48
149 123 52
149 123 56
149 123 60
149 123 64
149 122 40
149 122 44
149 122 48
149 122 52
149 122 56
149 122 60
149 122 64
149 122 68
149 121 40
149 121 44
149 121 48
149 121 52
149 121 56
149 121 60
149 121 64
149 121 68
149 121 72
149 120 40
149 120 44
149 120 48
149 120 52
149 120 56
149 120 60
149 120 64
149 120 68
149 120 72
149 120 76
149 119 40
149 119 44
149 119 48
149 119 52
149 119 56
149 119 60
149 119 64
149 119 68
149 119 72
149 119 76
149 118 40
149 118 44
149 118 48
149 118 52
149 118 56
149 118 60
149 118 64
149 118 68
149 118 72
149 118 76
149 117 40
149 117 44
149 117 48
149 117 52
149 117 56
149 117 60
149 117 64
149 117 68
149 117 72
149 116 40
149 116 44
149 116 48
149 116 52
149 116 56
149 116 60
149 116 64
149 116 68
149 115 40
149 115 44
149 115 48
149 115 52
149 115 56
149 115 60
149 115 64
149 114 40
149 114 44
149 114 48
149 114 52
149 114 56
149 113 40
149 113 44
149 113 48
149 113 52
149 112 40
149 112 44
149 112 48
149 111 40
149 111 44
149 110 40
149 108 40
149 107 40
149 106 40
149 105 40
149 104 40
149 103 40
149 102 40
149 101 40
149 100 40
149 99 40
149 98 40
149 97 40
149 96 40
149 95 40
149 94 40
149 93 40
149 92 40
149 91 40
149 90 40
149 88 40
149 87 40
149 86 40
149 85 40
149 84 40
149 83 40
149 82 40
149 81 40
149 80 40
149 79 40
149 78 40
149 77 40
149 76 40
149 75 40
149 74 40
149 73 40
149 72 40
149 71 40
149 70 40
148 69 40
148 69 44
148 68 40
148 68 44
147 68 40
147 68 44
146 68 40
146 68 44
145 68 40
145 68 44
145 68 48
144 68 40
144 68 44
144 68 48
143 68 40
143 68 44
143 68 48
143 68 52
142 68 40
142 68 44
142 68 48
142 68 52
141 68 40
141 68 44
141 68 48
141 68 52
140 68 40
140 68 44
140 68 48
140 68 52
139 68 40
139 68 44
139 68 48
139 68 52
138 68 40
138 68 44
138 68 48
137 68 40
137 68 44
137 68 48
136 68 40
136 68 44
135 68 40
135 68 44
134 68 40
133 68 40
133 67 40
133 66 40
133 65 40
133 64 40
26 32 40
27 32 40
27 31 40
28 31 40
28 30 40
29 30 40
30 29 40
30 28 40
31 28 40
31 27 40
32 27 40
32 26 40
33 26 40
33 25 40
34 25 40
34 24 40
34 23 40
35 23 40
35 23 44
36 23 40
36 23 44
36 23 48
36 22 40
36 22 44
36 21 40
36 21 44
37 21 40
37 21 44
37 21 48
38 21 40
38 21 44
38 21 48
38 21 52
38 21 56
38 20 40
38 20 44
38 20 48
38 20 52
38 20 56
38 19 40
38 19 44
38 19 48
38 19 52
39 19 40
39 19 44
39 19 48
39 19 52
39 19 56
39 19 60
40 19 40
40 19 44
40 19 48
40 19 52
40 19 56
40 19 60
40 19 64
40 19 68
40 19 72
40 18 40
40 18 44
40 18 48
40 18 52
40 18 56
40 18 60
40 18 64
40 17 40
40 17 44
40 17 48
40 17 52
40 17 56
40 17 60
41 17 40
41 17 44
41 17 48
41 17 52
41 17 56
41 17 60
41 17 64
41 17 68
41 16 40
41 16 44
41 16 48
41 16 52
41 16 56
41 16 60
41 16 64
42 16 40
42 16 44
42 16 48
42 16 52
42 16 56
42 16 60
42 16 64
42 16 68
43 16 40
43 16 44
43 16 48
43 16 52
43 16 56
43 16 60
43 16 64
43 16 68
43 16 72
43 16 76
43 15 40
43 15 44
43 15 48
43 15 52
43 15 56
43 15 60
43 15 64
43 15 68
43 14 40
43 14 44
43 14 48
43 14 52
43 14 56
43 14 60
43 14 64
44 14 40
44 14 44
44 14 48
44 14 52
44 14 56
44 14 60
44 14 64
44 13 40
44 13 44
44 13 48
44 13 52
44 13 56
44 13 60
45 13 40
45 13 44
45 13 48
45 13 52
45 13 56
45 13 60
45 12 40
45 12 44
45 12 48
45 12 52
45 12 56
46 12 40
46 12 44
46 12 48
46 12 52
46 11 40
46 11 44
46 11 48
46 11 52
47 11 40
47 11 44
47 11 48
47 10 40
47 10 44
47 10 48
48 10 40
48 10 44
48 9 40
48 9 44
49 8 40
49 8 44
49 7 40
49 7 44
49 7 48
50 7 40
50 7 44
51 7 40
52 7 40
53 7 40
54 7 40
55 7 40
56 7 40
57 7 40
58 7 40
59 7 40
60 7 40
61 7 40
62 7 40
63 7 40
64 7 40
65 7 40
66 7 40
67 7 40
68 7 40
68 7 44
69 7 40
69 7 44
69 8 40
69 8 44
70 9 40
70 9 44
70 10 40
70 10 44
71 10 40
71 10 44
72 10 40
72 10 44
73 10 40
73 10 44
74 10 40
74 10 44
75 10 40
75 10 44
76 10 40
76 10 44
77 10 40
78 10 40
79 10 40
80 10 40
81 10 40
82 10 40
83 10 40
84 10 40
85 10 40
86 10 40
87 10 40
87 10 44
88 10 40
88 10 44
88 11 40
88 11 44
88 12 40
88 12 44
88 13 40
88 13 44
88 14 40
88 14 44
88 15 40
88 15 44
88 16 40
88 16 44
88 17 40
88 17 44
88 18 40
88 18 44
88 18 48
88 19 40
88 19 44
88 19 48
88 20 40
88 20 44
88 20 48
88 21 40
88 21 44
88 21 48
88 22 40
88 22 44
88 23 40
88 23 44
88 24 40
88 24 44
88 25 40
88 26 40
88 27 40
88 28 40
89 28 40
90 29 40
91 29 40
92 29 40
93 29 40
94 29 40
95 29 40
96 29 40
97 29 40
98 29 40
99 29 40
100 29 40
101 29 40
102 29 40
103 29 40
104 29 40
105 29 40
106 29 40
107 29 40
108 29 40
109 30 40
110 30 40
110 31 40
111 31 40
111 32 40
112 32 40
112 33 40
113 33 40
113 34 40
114 34 40
115 34 40
115 35 40
115 36 40
116 36 40
116 37 40
117 37 40
117 38 40
117 38 44
118 38 40
118 38 44
118 39 40
118 39 44
119 39 40
119 39 44
120 39 40
120 39 44
120 40 40
120 40 44
121 40 40
121 40 44
121 41 40
121 41 44
121 42 40
121 42 44
122 42 40
123 42 40
123 43 40
124 43 40
124 44 40
124 45 40
125 45 40
125 46 40
126 46 40
126 47 40
127 47 40
127 48 40
128 48 40
128 49 40
129 50 40
129 51 40
129 52 40
129 53 40
129 54 40
129 55 40
129 56 40
129 57 40
129 58 40
129 59 40
129 60 40
129 61 40
129 62 40
129 63 40
129 64 40
129 65 40
129 66 40
129 67 40
129 68 40
130 68 40
131 68 40
132 68 40
