9 9 100
9 29 100
9 49 100
9 69 100
9 89 100
9 109 100
9 129 100
9 149 100
9 169 100
9 189 100
29 9 100
29 29 100
29 49 100
29 69 100
29 89 100
29 109 100
29 129 100
29 149 100
29 169 100
29 189 100
49 9 100
49 29 100
49 49 100
49 69 100
49 89 100
49 109 100
49 129 100
49 149 100
49 169 100
49 189 100
69 9 100
69 29 100
69 49 100
69 69 100
69 89 100
69 109 100
69 129 100
69 149 100
69 169 100
69 189 100
89 9 100
89 29 100
89 49 100
89 69 100
89 89 100
89 109 100
89 129 100
89 149 100
89 169 100
89 189 100
109 9 100
109 29 100
109 49 100
109 69 100
109 89 100
109 109 100
109 129 100
109 149 100
109 169 100
109 189 100
129 9 100
129 29 100
129 49 100
129 69 100
129 89 100
129 109 100
129 129 100
129 149 100
129 169 100
129 189 100
149 9 100
149 29 100
149 49 100
149 69 100
149 89 100
149 109 100
149 129 100
149 149 100
149 169 100
149 189 100
169 9 100
169 29 100
169 49 100
169 69 100
169 89 100
169 109 100
169 129 100
169 149 100
169 169 100
169 189 100
189 9 100
189 29 100
189 49 100
189 69 100
189 89 100
189 109 100
189 129 100
189 149 100
189 169 100
189 189 100
9 9 100
9 29 100
9 49 100
9 69 100
9 129 100
9 149 100
9 189 100
29 9 100
29 29 100
29 69 100
29 89 100
29 109 100
29 129 100
49 9 100
49 69 100
49 89 100
49 129 100
49 149 100
49 169 100
49 189 100
69 49 100
69 69 100
69 89 100
69 109 100
69 149 100
69 169 100
69 189 100
89 29 100
89 89 100
89 149 100
89 169 100
109 9 100
109 29 100
109 89 100
109 109 100
109 169 100
109 189 100
129 9 100
129 69 100
129 109 100
129 129 100
129 149 100
129 169 100
149 49 100
149 89 100
149 109 100
149 149 100
149 169 100
149 189 100
169 29 100
169 49 100
169 69 100
169 149 100
169 169 100
169 189 100
189 49 100
189 129 100
189 149 100
189 169 100
189 189 100
174 109 40
79 132 40
158 5 40
84 47 40
84 47 42
84 47 44
84 47 46
84 47 48
84 47 50
84 47 52
84 47 54
143 132 40
34 41 40
95 161 40
95 161 42
95 161 44
95 161 46
95 161 48
95 161 50
95 161 52
95 161 54
95 161 56
95 161 58
95 161 60
95 161 62
95 161 64
95 161 66
95 161 68
95 161 70
95 161 72
95 161 74
95 161 76
10 172 40
197 93 40
168 178 40
10 91 40
144 132 40
145 132 40
146 132 40
147 132 40
147 131 40
148 131 40
148 130 40
149 130 40
150 129 40
151 129 40
152 129 40
153 129 40
154 129 40
155 129 40
156 129 40
157 129 40
158 129 40
159 129 40
160 129 40
161 129 40
162 129 40
163 129 40
164 129 40
165 129 40
166 129 40
167 129 40
168 129 40
169 128 40
169 127 40
169 126 40
169 125 40
169 124 40
169 123 40
169 122 40
169 121 40
169 120 40
169 119 40
169 118 40
169 117 40
169 116 40
169 115 40
169 114 40
169 113 40
169 112 40
169 111 40
169 110 40
170 109 40
171 109 40
172 109 40
173 109 40
196 93 40
195 93 40
194 93 40
193 93 40
192 93 40
191 93 40
190 93 40
190 94 40
190 95 40
190 96 40
190 97 40
190 98 40
190 99 40
190 100 40
190 101 40
190 102 40
190 103 40
190 104 40
190 105 40
190 106 40
190 107 40
190 107 42
190 108 40
190 108 42
189 108 40
188 109 40
187 109 40
186 109 40
185 109 40
184 109 40
183 109 40
182 109 40
181 109 40
180 109 40
179 109 40
178 109 40
177 109 40
176 109 40
175 109 40
96 161 40
96 161 42
96 161 44
96 161 46
96 161 48
96 161 50
96 161 52
96 161 54
96 161 56
96 161 58
96 161 60
96 161 62
96 161 64
96 161 66
96 161 68
96 161 70
96 161 72
96 161 74
96 161 76
97 161 40
97 161 42
97 161 44
97 161 46
97 161 48
97 161 50
97 161 52
97 161 54
97 161 56
97 161 58
97 161 60
97 161 62
97 161 64
97 161 66
97 161 68
97 161 70
97 161 72
97 161 74
97 161 76
97 160 40
97 160 42
97 160 44
97 160 46
97 160 48
97 160 50
97 160 52
97 160 54
97 160 56
97 160 58
97 160 60
97 160 62
97 160 64
97 160 66
97 160 68
97 160 70
97 160 72
97 160 74
97 160 76
97 160 78
98 160 40
98 160 42
98 160 44
98 160 46
98 160 48
98 160 50
98 160 52
98 160 54
98 160 56
98 160 58
98 160 60
98 160 62
98 160 64
98 160 66
98 160 68
98 160 70
98 160 72
98 160 74
98 160 76
98 160 78
98 159 40
98 159 42
98 159 44
98 159 46
98 159 48
98 159 50
98 159 52
98 159 54
98 159 56
98 159 58
98 159 60
98 159 62
98 159 64
98 159 66
98 159 68
98 159 70
98 159 72
98 159 74
98 159 76
98 159 78
99 159 40
99 159 42
99 159 44
99 159 46
99 159 48
99 159 50
99 159 52
99 159 54
99 159 56
99 159 58
99 159 60
99 159 62
99 159 64
99 159 66
99 159 68
99 159 70
99 159 72
99 159 74
99 159 76
99 159 78
99 159 80
100 159 40
100 159 42
100 159 44
100 159 46
100 159 48
100 159 50
100 159 52
100 159 54
100 159 56
100 159 58
100 159 60
100 159 62
100 159 64
100 159 66
100 159 68
100 159 70
100 159 72
100 159 74
100 159 76
100 159 78
100 159 80
100 158 40
100 158 42
100 158 44
100 158 46
100 158 48
100 158 50
100 158 52
100 158 54
100 158 56
100 158 58
100 158 60
100 158 62
100 158 64
100 158 66
100 158 68
100 158 70
100 158 72
100 158 74
100 158 76
100 158 78
100 158 80
101 158 40
101 158 42
101 158 44
101 158 46
101 158 48
101 158 50
101 158 52
101 158 54
101 158 56
101 158 58
101 158 60
101 158 62
101 158 64
101 158 66
101 158 68
101 158 70
101 158 72
101 158 74
101 158 76
101 158 78
101 158 80
101 157 40
101 157 42
101 157 44
101 157 46
101 157 48
101 157 50
101 157 52
101 157 54
101 157 56
101 157 58
101 157 60
101 157 62
101 157 64
101 157 66
101 157 68
101 157 70
101 157 72
101 157 74
101 157 76
101 157 78
101 156 40
101 156 42
101 156 44
101 156 46
101 156 48
101 156 50
101 156 52
101 156 54
101 156 56
101 156 58
101 156 60
101 156 62
101 156 64
101 156 66
101 156 68
101 156 70
101 156 72
101 156 74
102 156 40
102 156 42
102 156 44
102 156 46
102 156 48
102 156 50
102 156 52
102 156 54
102 156 56
102 156 58
102 156 60
102 156 62
102 156 64
102 156 66
102 156 68
102 156 70
102 156 72
102 156 74
102 155 40
102 155 42
102 155 44
102 155 46
102 155 48
102 155 50
102 155 52
102 155 54
102 155 56
102 155 58
102 155 60
102 155 62
102 155 64
102 155 66
102 155 68
103 155 40
103 155 42
103 155 44
103 155 46
103 155 48
103 155 50
103 155 52
103 155 54
103 155 56
103 155 58
103 155 60
103 155 62
103 155 64
103 155 66
103 155 68
103 154 40
103 154 42
103 154 44
103 154 46
103 154 48
103 154 50
103 154 52
103 154 54
103 154 56
103 154 58
103 154 60
103 154 62
104 154 40
104 154 42
104 154 44
104 154 46
104 154 48
104 154 50
104 154 52
104 154 54
104 154 56
104 154 58
104 154 60
104 154 62
104 153 40
104 153 42
104 153 44
104 153 46
104 153 48
104 153 50
104 153 52
104 153 54
104 153 56
105 153 40
105 153 42
105 153 44
105 153 46
105 153 48
105 153 50
105 153 52
105 153 54
105 152 40
105 152 42
105 152 44
105 152 46
105 152 48
105 152 50
106 152 40
106 152 42
106 152 44
106 152 46
106 152 48
106 151 40
106 151 42
106 151 44
107 151 40
107 151 42
107 151 44
107 150 40
107 150 42
108 150 40
108 150 42
108 149 40
108 149 42
109 148 40
109 147 40
109 146 40
109 145 40
109 144 40
109 143 40
109 142 40
109 141 40
109 140 40
109 139 40
109 138 40
109 137 40
109 136 40
109 135 40
109 134 40
109 133 40
109 132 40
109 131 40
109 130 40
108 129 40
107 129 40
106 129 40
105 129 40
104 129 40
103 129 40
102 129 40
101 129 40
100 129 40
99 129 40
98 129 40
97 129 40
96 129 40
95 129 40
94 129 40
93 129 40
92 129 40
91 129 40
90 129 40
88 129 40
88 130 40
87 130 40
87 131 40
86 131 40
86 132 40
85 132 40
84 132 40
83 132 40
82 132 40
81 132 40
80 132 40
85 47 40
85 47 42
85 47 44
85 47 46
85 47 48
85 47 50
85 47 52
86 47 40
86 47 42
86 47 44
86 47 46
86 47 48
86 47 50
87 47 40
87 47 42
87 47 44
87 47 46
87 47 48
87 48 40
87 48 42
87 48 44
87 48 46
88 48 40
88 48 42
88 48 44
88 48 46
88 49 40
88 49 42
88 49 44
89 50 40
89 50 42
89 51 40
89 51 42
89 52 40
89 53 40
89 54 40
89 55 40
89 56 40
89 57 40
89 58 40
89 59 40
89 60 40
89 61 40
89 62 40
89 63 40
89 64 40
89 65 40
89 66 40
89 67 40
89 68 40
90 69 40
91 69 40
92 69 40
93 69 40
94 69 40
95 69 40
96 69 40
97 69 40
98 69 40
99 69 40
100 69 40
101 69 40
102 69 40
103 69 40
104 69 40
105 69 40
106 69 40
107 69 40
107 69 42
108 69 40
108 69 42
108 70 40
108 70 42
108 71 40
108 71 42
108 71 44
108 72 40
108 72 42
108 72 44
108 73 40
108 73 42
108 73 44
108 74 40
108 74 42
108 74 44
108 75 40
108 75 42
108 75 44
108 76 40
108 76 42
108 76 44
108 77 40
108 77 42
108 77 44
108 77 46
108 78 40
108 78 42
108 78 44
108 78 46
108 79 40
108 79 42
108 79 44
108 79 46
108 80 40
108 80 42
108 80 44
108 80 46
108 81 40
108 81 42
108 81 44
108 81 46
108 81 48
108 82 40
108 82 42
108 82 44
108 82 46
108 82 48
108 83 40
108 83 42
108 83 44
108 83 46
108 83 48
108 84 40
108 84 42
108 84 44
108 84 46
108 84 48
108 85 40
108 85 42
108 85 44
108 85 46
108 86 40
108 86 42
108 86 44
108 86 46
108 87 40
108 87 42
108 87 44
108 87 46
108 88 40
108 88 42
108 88 44
108 88 46
108 89 40
108 89 42
108 89 44
108 90 40
108 90 42
108 90 44
107 90 40
107 90 42
107 90 44
107 91 40
107 91 42
107 91 44
106 91 40
106 91 42
106 91 44
106 92 40
106 92 42
106 92 44
106 93 40
106 93 42
106 93 44
105 93 40
105 93 42
105 93 44
105 93 46
105 94 40
105 94 42
105 94 44
105 94 46
104 94 40
104 94 42
104 94 44
104 94 46
104 95 40
104 95 42
104 95 44
104 95 46
104 95 48
103 95 40
103 95 42
103 95 44
103 95 46
103 95 48
103 95 50
103 96 40
103 96 42
103 96 44
103 96 46
103 96 48
103 96 50
102 96 40
102 96 42
102 96 44
102 96 46
102 96 48
102 96 50
102 96 52
102 97 40
102 97 42
102 97 44
102 97 46
102 97 48
102 97 50
102 97 52
101 97 40
101 97 42
101 97 44
101 97 46
101 97 48
101 97 50
101 97 52
101 97 54
100 97 40
100 97 42
100 97 44
100 97 46
100 97 48
100 97 50
100 97 52
100 97 54
100 98 40
100 98 42
100 98 44
100 98 46
100 98 48
100 98 50
100 98 52
100 98 54
99 98 40
99 98 42
99 98 44
99 98 46
99 98 48
99 98 50
99 98 52
99 98 54
99 98 56
99 99 40
99 99 42
99 99 44
99 99 46
99 99 48
99 99 50
99 99 52
99 99 54
99 99 56
98 99 40
98 99 42
98 99 44
98 99 46
98 99 48
98 99 50
98 99 52
98 99 54
98 99 56
98 99 58
98 100 40
98 100 42
98 100 44
98 100 46
98 100 48
98 100 50
98 100 52
98 100 54
98 100 56
98 101 40
98 101 42
98 101 44
98 101 46
98 101 48
98 101 50
98 101 52
98 101 54
97 101 40
97 101 42
97 101 44
97 101 46
97 101 48
97 101 50
97 101 52
97 101 54
96 101 40
96 101 42
96 101 44
96 101 46
96 101 48
96 101 50
96 101 52
96 101 54
96 101 56
96 102 40
96 102 42
96 102 44
96 102 46
96 102 48
96 102 50
96 102 52
96 102 54
96 103 40
96 103 42
96 103 44
96 103 46
96 103 48
96 103 50
96 103 52
95 103 40
95 103 42
95 103 44
95 103 46
95 103 48
95 103 50
94 103 40
94 103 42
94 103 44
94 103 46
94 103 48
94 103 50
94 104 40
94 104 42
94 104 44
94 104 46
94 104 48
93 104 40
93 104 42
93 104 44
93 104 46
93 105 40
93 105 42
93 105 44
93 106 40
93 106 42
93 106 44
92 106 40
92 106 42
92 107 40
92 107 42
91 107 40
91 107 42
91 108 40
90 108 40
90 109 40
89 110 40
89 111 40
89 112 40
89 113 40
89 114 40
89 115 40
89 116 40
89 117 40
89 118 40
89 119 40
89 120 40
89 121 40
89 122 40
89 123 40
89 124 40
89 125 40
89 126 40
89 127 40
89 128 40
34 42 40
34 43 40
34 44 40
34 45 40
34 46 40
34 47 40
35 47 40
36 47 40
37 47 40
38 47 40
39 47 40
40 47 40
41 47 40
42 47 40
43 47 40
44 47 40
45 47 40
46 47 40
47 47 40
48 47 40
48 48 40
49 48 40
50 48 40
51 48 40
52 48 40
53 48 40
54 48 40
55 48 40
56 48 40
57 48 40
58 48 40
59 48 40
60 48 40
61 48 40
62 48 40
63 48 40
64 48 40
65 48 40
66 48 40
67 48 40
67 48 42
68 48 40
68 48 42
69 48 40
69 48 42
69 48 44
70 48 40
70 48 42
70 48 44
70 48 46
71 48 40
71 48 42
71 48 44
71 48 46
71 48 48
72 48 40
72 48 42
72 48 44
72 48 46
72 48 48
72 48 50
73 48 40
73 48 42
73 48 44
73 48 46
73 48 48
73 48 50
73 48 52
74 48 40
74 48 42
74 48 44
74 48 46
74 48 48
74 48 50
74 48 52
74 48 54
74 48 56
75 48 40
75 48 42
75 48 44
75 48 46
75 48 48
75 48 50
75 48 52
75 48 54
75 48 56
75 48 58
76 48 40
76 48 42
76 48 44
76 48 46
76 48 48
76 48 50
76 48 52
76 48 54
76 48 56
76 48 58
77 48 40
77 48 42
77 48 44
77 48 46
77 48 48
77 48 50
77 48 52
77 48 54
77 48 56
77 48 58
78 48 40
78 48 42
78 48 44
78 48 46
78 48 48
78 48 50
78 48 52
78 48 54
78 48 56
78 48 58
79 48 40
79 48 42
79 48 44
79 48 46
79 48 48
79 48 50
79 48 52
79 48 54
79 48 56
79 48 58
80 48 40
80 48 42
80 48 44
80 48 46
80 48 48
80 48 50
80 48 52
80 48 54
80 48 56
81 48 40
81 48 42
81 48 44
81 48 46
81 48 48
81 48 50
81 48 52
81 48 54
81 48 56
82 48 40
82 48 42
82 48 44
82 48 46
82 48 48
82 48 50
82 48 52
82 48 54
82 48 56
83 48 40
83 48 42
83 48 44
83 48 46
83 48 48
83 48 50
83 48 52
83 48 54
84 48 40
84 48 42
84 48 44
84 48 46
84 48 48
84 48 50
84 48 52
157 5 40
156 5 40
155 5 40
154 5 40
153 5 40
152 5 40
151 5 40
150 5 40
149 5 40
149 6 40
149 7 40
149 8 40
149 10 40
149 11 40
149 12 40
149 13 40
149 14 40
149 15 40
149 16 40
149 17 40
149 18 40
149 19 40
149 20 40
149 21 40
149 22 40
149 23 40
149 24 40
149 25 40
149 26 40
149 27 40
149 28 40
148 29 40
147 29 40
146 29 40
145 29 40
144 29 40
143 29 40
142 29 40
141 29 40
140 29 40
139 29 40
138 29 40
137 29 40
136 29 40
135 29 40
134 29 40
133 29 40
132 29 40
131 29 40
130 29 40
129 30 40
129 31 40
129 32 40
129 33 40
129 34 40
129 35 40
129 36 40
129 37 40
129 38 40
129 39 40
129 40 40
129 41 40
129 42 40
129 43 40
129 44 40
129 45 40
129 46 40
129 47 40
129 48 40
128 49 40
127 49 40
126 49 40
125 49 40
124 49 40
123 49 40
122 49 40
121 49 40
120 49 40
119 49 40
118 49 40
117 49 40
116 49 40
115 49 40
114 49 40
113 49 40
112 49 40
111 49 40
110 49 40
108 49 40
107 49 40
106 49 40
105 49 40
104 49 40
103 49 40
102 49 40
101 49 40
100 49 40
99 49 40
98 49 40
97 49 40
96 49 40
95 49 40
94 49 40
93 49 40
92 49 40
92 49 42
91 49 40
91 49 42
90 49 40
90 49 42
10 171 40
10 170 40
10 169 40
11 169 40
12 169 40
13 169 40
14 169 40
15 169 40
16 169 40
17 169 40
18 169 40
19 169 40
20 169 40
21 169 40
22 169 40
23 169 40
24 169 40
25 169 40
26 169 40
27 169 40
28 169 40
29 168 40
29 167 40
29 166 40
29 165 40
29 164 40
29 163 40
29 162 40
29 161 40
29 160 40
29 159 40
29 158 40
29 157 40
29 156 40
29 155 40
29 154 40
29 153 40
29 152 40
29 151 40
29 150 40
30 149 40
30 148 40
31 148 40
32 148 40
33 148 40
34 148 40
35 148 40
36 148 40
37 148 40
38 148 40
38 148 42
39 148 40
39 148 42
40 148 40
40 148 42
40 148 44
41 148 40
41 148 42
41 148 44
41 148 46
42 148 40
42 148 42
42 148 44
42 148 46
42 148 48
43 148 40
43 148 42
43 148 44
43 148 46
43 148 48
43 148 50
44 148 40
44 148 42
44 148 44
44 148 46
44 148 48
44 148 50
44 148 52
44 148 54
45 148 40
45 148 42
45 148 44
45 148 46
45 148 48
45 148 50
45 148 52
45 148 54
45 148 56
46 148 40
46 148 42
46 148 44
46 148 46
46 148 48
46 148 50
46 148 52
46 148 54
46 148 56
46 148 58
46 148 60
47 148 40
47 148 42
47 148 44
47 148 46
47 148 48
47 148 50
47 148 52
47 148 54
47 148 56
47 148 58
47 148 60
47 148 62
47 148 64
48 148 40
48 148 42
48 148 44
48 148 46
48 148 48
48 148 50
48 148 52
48 148 54
48 148 56
48 148 58
48 148 60
48 148 62
48 148 64
48 148 66
48 148 68
49 148 40
49 148 42
49 148 44
49 148 46
49 148 48
49 148 50
49 148 52
49 148 54
49 148 56
49 148 58
49 148 60
49 148 62
49 148 64
49 148 66
49 148 68
49 148 70
50 148 40
50 148 42
50 148 44
50 148 46
50 148 48
50 148 50
50 148 52
50 148 54
50 148 56
50 148 58
50 148 60
50 148 62
50 148 64
50 148 66
50 148 68
50 148 70
50 148 72
51 148 40
51 148 42
51 148 44
51 148 46
51 148 48
51 148 50
51 148 52
51 148 54
51 148 56
51 148 58
51 148 60
51 148 62
51 148 64
51 148 66
51 148 68
51 148 70
52 148 40
52 148 42
52 148 44
52 148 46
52 148 48
52 148 50
52 148 52
52 148 54
52 148 56
52 148 58
52 148 60
52 148 62
52 148 64
52 148 66
52 148 68
52 148 70
53 148 40
53 148 42
53 148 44
53 148 46
53 148 48
53 148 50
53 148 52
53 148 54
53 148 56
53 148 58
53 148 60
53 148 62
53 148 64
53 148 66
54 148 40
54 148 42
54 148 44
54 148 46
54 148 48
54 148 50
54 148 52
54 148 54
54 148 56
54 148 58
54 148 60
54 148 62
54 148 64
55 148 40
55 148 42
55 148 44
55 148 46
55 148 48
55 148 50
55 148 52
55 148 54
55 148 56
55 148 58
55 148 60
56 148 40
56 148 42
56 148 44
56 148 46
56 148 48
56 148 50
56 148 52
56 148 54
56 148 56
57 148 40
57 148 42
57 148 44
57 148 46
57 148 48
57 148 50
57 148 52
57 148 54
58 148 40
58 148 42
58 148 44
58 148 46
58 148 48
58 148 50
59 148 40
59 148 42
59 148 44
59 148 46
59 148 48
60 148 40
60 148 42
60 148 44
60 148 46
61 148 40
61 148 42
61 148 44
61 148 46
62 148 40
62 148 42
62 148 44
62 148 46
63 148 40
63 148 42
63 148 44
64 148 40
64 148 42
64 148 44
65 148 40
65 148 42
65 148 44
66 148 40
66 148 42
66 148 44
67 148 40
67 148 42
67 148 44
68 148 40
68 148 42
68 148 44
68 148 46
68 147 40
68 147 42
68 147 44
68 146 40
68 146 42
68 145 40
68 145 42
68 144 40
68 144 42
68 143 40
68 142 40
68 141 40
68 140 40
68 139 40
68 138 40
68 137 40
68 136 40
68 135 40
68 134 40
68 133 40
68 132 40
69 132 40
70 132 40
71 132 40
72 132 40
73 132 40
74 132 40
75 132 40
76 132 40
77 132 40
78 132 40
10 90 40
10 89 40
10 88 40
10 87 40
11 87 40
11 86 40
12 86 40
12 86 42
12 85 40
12 85 42
13 85 40
13 85 42
13 85 44
13 84 40
13 84 42
13 84 44
14 84 40
14 84 42
14 84 44
14 84 46
14 84 48
15 84 40
15 84 42
15 84 44
15 84 46
15 84 48
15 84 50
15 84 52
15 84 54
15 83 40
15 83 42
15 83 44
15 83 46
15 83 48
15 83 50
15 83 52
15 83 54
15 82 40
15 82 42
15 82 44
15 82 46
15 82 48
15 82 50
15 82 52
15 82 54
15 82 56
16 82 40
16 82 42
16 82 44
16 82 46
16 82 48
16 82 50
16 82 52
16 82 54
16 82 56
16 82 58
16 82 60
16 82 62
16 82 64
17 82 40
17 82 42
17 82 44
17 82 46
17 82 48
17 82 50
17 82 52
17 82 54
17 82 56
17 82 58
17 82 60
17 82 62
17 82 64
17 82 66
17 82 68
17 82 70
17 82 72
17 82 74
17 82 76
17 81 40
17 81 42
17 81 44
17 81 46
17 81 48
17 81 50
17 81 52
17 81 54
17 81 56
17 81 58
17 81 60
17 81 62
17 81 64
17 81 66
17 81 68
17 81 70
17 81 72
17 81 74
17 81 76
17 81 78
17 80 40
17 80 42
17 80 44
17 80 46
17 80 48
17 80 50
17 80 52
17 80 54
17 80 56
17 80 58
17 80 60
17 80 62
17 80 64
17 80 66
17 80 68
17 80 70
17 80 72
17 80 74
17 80 76
17 80 78
18 80 40
18 80 42
18 80 44
18 80 46
18 80 48
18 80 50
18 80 52
18 80 54
18 80 56
18 80 58
18 80 60
18 80 62
18 80 64
18 80 66
18 80 68
18 80 70
18 80 72
18 80 74
18 80 76
18 80 78
18 80 80
18 80 82
18 80 84
18 80 86
18 80 88
18 80 90
18 80 92
18 79 40
18 79 42
18 79 44
18 79 46
18 79 48
18 79 50
18 79 52
18 79 54
18 79 56
18 79 58
18 79 60
18 79 62
18 79 64
18 79 66
18 79 68
18 79 70
18 79 72
18 79 74
18 79 76
18 79 78
18 79 80
18 79 82
18 79 84
18 79 86
18 79 88
18 79 90
18 79 92
18 79 94
19 79 40
19 79 42
19 79 44
19 79 46
19 79 48
19 79 50
19 79 52
19 79 54
19 79 56
19 79 58
19 79 60
19 79 62
19 79 64
19 79 66
19 79 68
19 79 70
19 79 72
19 79 74
19 79 76
19 79 78
19 79 80
19 79 82
19 79 84
19 79 86
19 79 88
19 79 90
19 79 92
19 79 94
19 79 96
19 79 98
19 79 100
19 79 102
19 79 104
19 79 106
19 78 40
19 78 42
19 78 44
19 78 46
19 78 48
19 78 50
19 78 52
19 78 54
19 78 56
19 78 58
19 78 60
19 78 62
19 78 64
19 78 66
19 78 68
19 78 70
19 78 72
19 78 74
19 78 76
19 78 78
19 78 80
19 78 82
19 78 84
19 78 86
19 78 88
19 78 90
19 78 92
19 78 94
19 78 96
19 78 98
19 78 100
19 78 102
19 78 104
19 78 106
19 77 40
19 77 42
19 77 44
19 77 46
19 77 48
19 77 50
19 77 52
19 77 54
19 77 56
19 77 58
19 77 60
19 77 62
19 77 64
19 77 66
19 77 68
19 77 70
19 77 72
19 77 74
19 77 76
19 77 78
19 77 80
19 77 82
19 77 84
19 77 86
19 77 88
19 77 90
19 77 92
19 77 94
19 77 96
19 77 98
19 77 100
19 77 102
19 77 104
19 77 106
19 76 40
19 76 42
19 76 44
19 76 46
19 76 48
19 76 50
19 76 52
19 76 54
19 76 56
19 76 58
19 76 60
19 76 62
19 76 64
19 76 66
19 76 68
19 76 70
19 76 72
19 76 74
19 76 76
19 76 78
19 76 80
19 76 82
19 76 84
19 76 86
19 76 88
19 76 90
19 76 92
19 76 94
19 76 96
19 76 98
19 76 100
19 76 102
19 76 104
19 76 106
19 76 108
19 75 40
19 75 42
19 75 44
19 75 46
19 75 48
19 75 50
19 75 52
19 75 54
19 75 56
19 75 58
19 75 60
19 75 62
19 75 64
19 75 66
19 75 68
19 75 70
19 75 72
19 75 74
19 75 76
19 75 78
19 75 80
19 75 82
19 75 84
19 75 86
19 75 88
19 75 90
19 75 92
19 75 94
19 75 96
19 75 98
19 75 100
19 75 102
19 75 104
19 75 106
19 75 108
19 75 110
19 74 40
19 74 42
19 74 44
19 74 46
19 74 48
19 74 50
19 74 52
19 74 54
19 74 56
19 74 58
19 74 60
19 74 62
19 74 64
19 74 66
19 74 68
19 74 70
19 74 72
19 74 74
19 74 76
19 74 78
19 74 80
19 74 82
19 74 84
19 74 86
19 74 88
19 74 90
19 74 92
19 74 94
19 74 96
19 74 98
19 74 100
19 74 102
19 74 104
19 74 106
19 74 108
19 74 110
19 74 112
19 73 40
19 73 42
19 73 44
19 73 46
19 73 48
19 73 50
19 73 52
19 73 54
19 73 56
19 73 58
19 73 60
19 73 62
19 73 64
19 73 66
19 73 68
19 73 70
19 73 72
19 73 74
19 73 76
19 73 78
19 73 80
19 73 82
19 73 84
19 73 86
19 73 88
19 73 90
19 73 92
19 73 94
19 73 96
19 73 98
19 73 100
19 73 102
19 73 104
19 73 106
19 73 108
19 73 110
19 73 112
19 72 40
19 72 42
19 72 44
19 72 46
19 72 48
19 72 50
19 72 52
19 72 54
19 72 56
19 72 58
19 72 60
19 72 62
19 72 64
19 72 66
19 72 68
19 72 70
19 72 72
19 72 74
19 72 76
19 72 78
19 72 80
19 72 82
19 72 84
19 72 86
19 72 88
19 72 90
19 72 92
19 72 94
19 72 96
19 72 98
19 72 100
19 72 102
19 72 104
19 72 106
19 72 108
19 72 110
19 72 112
19 72 114
19 71 40
19 71 42
19 71 44
19 71 46
19 71 48
19 71 50
19 71 52
19 71 54
19 71 56
19 71 58
19 71 60
19 71 62
19 71 64
19 71 66
19 71 68
19 71 70
19 71 72
19 71 74
19 71 76
19 71 78
19 71 80
19 71 82
19 71 84
19 71 86
19 71 88
19 71 90
19 71 92
19 71 94
19 71 96
19 71 98
19 71 100
19 71 102
19 71 104
19 71 106
19 71 108
19 71 110
19 71 112
19 71 114
19 71 116
19 70 40
19 70 42
19 70 44
19 70 46
19 70 48
19 70 50
19 70 52
19 70 54
19 70 56
19 70 58
19 70 60
19 70 62
19 70 64
19 70 66
19 70 68
19 70 70
19 70 72
19 70 74
19 70 76
19 70 78
19 70 80
19 70 82
19 70 84
19 70 86
19 70 88
19 70 90
19 70 92
19 70 94
19 70 96
19 70 98
19 70 100
19 70 102
19 70 104
19 70 106
19 70 108
19 70 110
19 70 112
19 70 114
19 70 116
19 69 40
19 69 42
19 69 44
19 69 46
19 69 48
19 69 50
19 69 52
19 69 54
19 69 56
19 69 58
19 69 60
19 69 62
19 69 64
19 69 66
19 69 68
19 69 70
19 69 72
19 69 74
19 69 76
19 69 78
19 69 80
19 69 82
19 69 84
19 69 86
19 69 88
19 69 90
19 69 92
19 69 94
19 69 96
19 69 98
19 69 100
19 69 102
19 69 104
19 69 106
19 69 108
19 69 110
19 69 112
19 69 114
19 69 116
19 69 118
19 68 40
19 68 42
19 68 44
19 68 46
19 68 48
19 68 50
19 68 52
19 68 54
19 68 56
19 68 58
19 68 60
19 68 62
19 68 64
19 68 66
19 68 68
19 68 70
19 68 72
19 68 74
19 68 76
19 68 78
19 68 80
19 68 82
19 68 84
19 68 86
19 68 88
19 68 90
19 68 92
19 68 94
19 68 96
19 68 98
19 68 100
19 68 102
19 68 104
19 68 106
19 68 108
19 68 110
19 68 112
19 68 114
19 68 116
19 68 118
19 67 40
19 67 42
19 67 44
19 67 46
19 67 48
19 67 50
19 67 52
19 67 54
19 67 56
19 67 58
19 67 60
19 67 62
19 67 64
19 67 66
19 67 68
19 67 70
19 67 72
19 67 74
19 67 76
19 67 78
19 67 80
19 67 82
19 67 84
19 67 86
19 67 88
19 67 90
19 67 92
19 67 94
19 67 96
19 67 98
19 67 100
19 67 102
19 67 104
19 67 106
19 67 108
19 67 110
19 67 112
19 67 114
19 67 116
19 67 118
19 66 40
19 66 42
19 66 44
19 66 46
19 66 48
19 66 50
19 66 52
19 66 54
19 66 56
19 66 58
19 66 60
19 66 62
19 66 64
19 66 66
19 66 68
19 66 70
19 66 72
19 66 74
19 66 76
19 66 78
19 66 80
19 66 82
19 66 84
19 66 86
19 66 88
19 66 90
19 66 92
19 66 94
19 66 96
19 66 98
19 66 100
19 66 102
19 66 104
19 66 106
19 66 108
19 66 110
19 66 112
19 66 114
19 66 116
19 66 118
19 66 120
19 65 40
19 65 42
19 65 44
19 65 46
19 65 48
19 65 50
19 65 52
19 65 54
19 65 56
19 65 58
19 65 60
19 65 62
19 65 64
19 65 66
19 65 68
19 65 70
19 65 72
19 65 74
19 65 76
19 65 78
19 65 80
19 65 82
19 65 84
19 65 86
19 65 88
19 65 90
19 65 92
19 65 94
19 65 96
19 65 98
19 65 100
19 65 102
19 65 104
19 65 106
19 65 108
19 65 110
19 65 112
19 65 114
19 65 116
19 65 118
19 64 40
19 64 42
19 64 44
19 64 46
19 64 48
19 64 50
19 64 52
19 64 54
19 64 56
19 64 58
19 64 60
19 64 62
19 64 64
19 64 66
19 64 68
19 64 70
19 64 72
19 64 74
19 64 76
19 64 78
19 64 80
19 64 82
19 64 84
19 64 86
19 64 88
19 64 90
19 64 92
19 64 94
19 64 96
19 64 98
19 64 100
19 64 102
19 64 104
19 64 106
19 64 108
19 64 110
19 64 112
19 64 114
19 64 116
19 64 118
19 63 40
19 63 42
19 63 44
19 63 46
19 63 48
19 63 50
19 63 52
19 63 54
19 63 56
19 63 58
19 63 60
19 63 62
19 63 64
19 63 66
19 63 68
19 63 70
19 63 72
19 63 74
19 63 76
19 63 78
19 63 80
19 63 82
19 63 84
19 63 86
19 63 88
19 63 90
19 63 92
19 63 94
19 63 96
19 63 98
19 63 100
19 63 102
19 63 104
19 63 106
19 63 108
19 63 110
19 63 112
19 63 114
19 63 116
19 62 40
19 62 42
19 62 44
19 62 46
19 62 48
19 62 50
19 62 52
19 62 54
19 62 56
19 62 58
19 62 60
19 62 62
19 62 64
19 62 66
19 62 68
19 62 70
19 62 72
19 62 74
19 62 76
19 62 78
19 62 80
19 62 82
19 62 84
19 62 86
19 62 88
19 62 90
19 62 92
19 62 94
19 62 96
19 62 98
19 62 100
19 62 102
19 62 104
19 62 106
19 62 108
19 62 110
19 62 112
19 62 114
19 61 40
19 61 42
19 61 44
19 61 46
19 61 48
19 61 50
19 61 52
19 61 54
19 61 56
19 61 58
19 61 60
19 61 62
19 61 64
19 61 66
19 61 68
19 61 70
19 61 72
19 61 74
19 61 76
19 61 78
19 61 80
19 61 82
19 61 84
19 61 86
19 61 88
19 61 90
19 61 92
19 61 94
19 61 96
19 61 98
19 61 100
19 61 102
19 61 104
19 61 106
19 61 108
19 61 110
19 61 112
19 60 40
19 60 42
19 60 44
19 60 46
19 60 48
19 60 50
19 60 52
19 60 54
19 60 56
19 60 58
19 60 60
19 60 62
19 60 64
19 60 66
19 60 68
19 60 70
19 60 72
19 60 74
19 60 76
19 60 78
19 60 80
19 60 82
19 60 84
19 60 86
19 60 88
19 60 90
19 60 92
19 60 94
19 60 96
19 60 98
19 60 100
19 60 102
19 60 104
19 60 106
19 60 108
19 60 110
19 59 40
19 59 42
19 59 44
19 59 46
19 59 48
19 59 50
19 59 52
19 59 54
19 59 56
19 59 58
19 59 60
19 59 62
19 59 64
19 59 66
19 59 68
19 59 70
19 59 72
19 59 74
19 59 76
19 59 78
19 59 80
19 59 82
19 59 84
19 59 86
19 59 88
19 59 90
19 59 92
19 59 94
19 59 96
19 59 98
19 59 100
19 59 102
19 59 104
19 59 106
19 59 108
19 58 40
19 58 42
19 58 44
19 58 46
19 58 48
19 58 50
19 58 52
19 58 54
19 58 56
19 58 58
19 58 60
19 58 62
19 58 64
19 58 66
19 58 68
19 58 70
19 58 72
19 58 74
19 58 76
19 58 78
19 58 80
19 58 82
19 58 84
19 58 86
19 58 88
19 58 90
19 58 92
19 58 94
19 58 96
19 58 98
19 58 100
19 58 102
19 58 104
20 58 40
20 58 42
20 58 44
20 58 46
20 58 48
20 58 50
20 58 52
20 58 54
20 58 56
20 58 58
20 58 60
20 58 62
20 58 64
20 58 66
20 58 68
20 58 70
20 58 72
20 58 74
20 58 76
20 58 78
20 58 80
20 58 82
20 58 84
20 58 86
20 58 88
20 58 90
20 58 92
20 58 94
20 58 96
20 58 98
20 58 100
20 57 40
20 57 42
20 57 44
20 57 46
20 57 48
20 57 50
20 57 52
20 57 54
20 57 56
20 57 58
20 57 60
20 57 62
20 57 64
20 57 66
20 57 68
20 57 70
20 57 72
20 57 74
20 57 76
20 57 78
20 57 80
20 57 82
20 57 84
20 57 86
20 57 88
20 57 90
20 57 92
20 57 94
20 57 96
20 57 98
21 57 40
21 57 42
21 57 44
21 57 46
21 57 48
21 57 50
21 57 52
21 57 54
21 57 56
21 57 58
21 57 60
21 57 62
21 57 64
21 57 66
21 57 68
21 57 70
21 57 72
21 57 74
21 57 76
21 57 78
21 57 80
21 57 82
21 57 84
21 57 86
21 57 88
21 57 90
21 57 92
21 56 40
21 56 42
21 56 44
21 56 46
21 56 48
21 56 50
21 56 52
21 56 54
21 56 56
21 56 58
21 56 60
21 56 62
21 56 64
21 56 66
21 56 68
21 56 70
21 56 72
21 56 74
21 56 76
21 56 78
21 56 80
21 56 82
21 56 84
21 56 86
21 56 88
21 56 90
22 56 40
22 56 42
22 56 44
22 56 46
22 56 48
22 56 50
22 56 52
22 56 54
22 56 56
22 56 58
22 56 60
22 56 62
22 56 64
22 56 66
22 56 68
22 56 70
22 56 72
22 56 74
22 56 76
22 56 78
22 56 80
22 56 82
22 56 84
22 55 40
22 55 42
22 55 44
22 55 46
22 55 48
22 55 50
22 55 52
22 55 54
22 55 56
22 55 58
22 55 60
22 55 62
22 55 64
22 55 66
22 55 68
22 55 70
22 55 72
22 55 74
22 55 76
22 55 78
22 55 80
23 55 40
23 55 42
23 55 44
23 55 46
23 55 48
23 55 50
23 55 52
23 55 54
23 55 56
23 55 58
23 55 60
23 55 62
23 55 64
23 55 66
23 55 68
23 55 70
23 55 72
23 55 74
23 55 76
23 54 40
23 54 42
23 54 44
23 54 46
23 54 48
23 54 50
23 54 52
23 54 54
23 54 56
23 54 58
23 54 60
23 54 62
23 54 64
23 54 66
23 54 68
23 54 70
24 54 40
24 54 42
24 54 44
24 54 46
24 54 48
24 54 50
24 54 52
24 54 54
24 54 56
24 54 58
24 54 60
24 54 62
24 54 64
24 54 66
24 53 40
24 53 42
24 53 44
24 53 46
24 53 48
24 53 50
24 53 52
24 53 54
24 53 56
24 53 58
24 53 60
24 53 62
25 53 40
25 53 42
25 53 44
25 53 46
25 53 48
25 53 50
25 53 52
25 53 54
25 53 56
25 53 58
26 53 40
26 53 42
26 53 44
26 53 46
26 53 48
26 53 50
26 53 52
26 53 54
26 52 40
26 52 42
26 52 44
26 52 46
26 52 48
26 52 50
27 52 40
27 52 42
27 52 44
27 52 46
27 52 48
27 51 40
27 51 42
27 51 44
27 51 46
28 51 40
28 51 42
28 51 44
28 50 40
28 50 42
29 50 40
29 50 42
30 49 40
30 48 40
31 48 40
31 47 40
32 47 40
33 47 40
167 178 40
166 178 40
165 178 40
164 178 40
164 178 42
163 178 40
163 178 42
162 178 40
162 178 42
161 178 40
161 178 42
160 178 40
160 178 42
159 178 40
159 178 42
159 177 40
159 177 42
159 176 40
159 176 42
159 175 40
159 174 40
159 173 40
159 172 40
159 172 42
159 171 40
159 171 42
159 170 40
159 170 42
159 169 40
159 169 42
159 169 44
159 168 40
159 168 42
159 168 44
159 167 40
159 167 42
159 167 44
159 167 46
159 166 40
159 166 42
159 166 44
159 166 46
159 166 48
159 165 40
159 165 42
159 165 44
159 165 46
159 165 48
159 165 50
159 164 40
159 164 42
159 164 44
159 164 46
159 164 48
159 164 50
159 164 52
159 163 40
159 163 42
159 163 44
159 163 46
159 163 48
159 163 50
159 163 52
159 162 40
159 162 42
159 162 44
159 162 46
159 162 48
159 162 50
159 162 52
159 162 54
159 161 40
159 161 42
159 161 44
159 161 46
159 161 48
159 161 50
159 161 52
159 161 54
159 160 40
159 160 42
159 160 44
159 160 46
159 160 48
159 160 50
159 160 52
159 160 54
159 159 40
159 159 42
159 159 44
159 159 46
159 159 48
159 159 50
159 159 52
159 159 54
159 158 40
159 158 42
159 158 44
159 158 46
159 158 48
159 158 50
159 158 52
159 158 54
158 158 40
158 158 42
158 158 44
158 158 46
158 158 48
158 158 50
158 158 52
157 158 40
157 158 42
157 158 44
157 158 46
157 158 48
157 158 50
157 158 52
157 157 40
157 157 42
157 157 44
157 157 46
157 157 48
157 157 50
156 157 40
156 157 42
156 157 44
156 157 46
156 157 48
156 157 50
156 156 40
156 156 42
156 156 44
156 156 46
156 156 48
156 156 50
155 156 40
155 156 42
155 156 44
155 156 46
155 156 48
155 156 50
155 155 40
155 155 42
155 155 44
155 155 46
155 155 48
154 155 40
154 155 42
154 155 44
154 155 46
154 155 48
154 154 40
154 154 42
154 154 44
154 154 46
154 154 48
154 153 40
154 153 42
154 153 44
154 153 46
154 153 48
153 153 40
153 153 42
153 153 44
153 153 46
153 153 48
153 152 40
153 152 42
153 152 44
153 152 46
153 152 48
152 152 40
152 152 42
152 152 44
152 152 46
152 152 48
152 152 50
152 151 40
152 151 42
152 151 44
152 151 46
152 151 48
151 151 40
151 151 42
151 151 44
151 151 46
151 151 48
151 151 50
151 150 40
151 150 42
151 150 44
151 150 46
151 150 48
150 150 40
150 150 42
150 150 44
150 150 46
150 150 48
150 149 40
150 149 42
150 149 44
150 149 46
150 149 48
150 148 40
150 148 42
150 148 44
150 148 46
150 147 40
150 147 42
150 147 44
150 146 40
150 146 42
150 145 40
150 145 42
150 144 40
150 144 42
150 143 40
150 142 40
150 141 40
150 140 40
150 139 40
150 138 40
150 137 40
150 136 40
150 135 40
150 134 40
150 133 40
150 132 40
150 131 40
150 130 40
