9 9 100
9 29 100
9 49 100
9 69 100
9 89 100
9 109 100
9 129 100
9 149 100
9 169 100
9 189 100
29 9 100
29 29 100
29 49 100
29 69 100
29 89 100
29 109 100
29 129 100
29 149 100
29 169 100
29 189 100
49 9 100
49 29 100
49 49 100
49 69 100
49 89 100
49 109 100
49 129 100
49 149 100
49 169 100
49 189 100
69 9 100
69 29 100
69 49 100
69 69 100
69 89 100
69 109 100
69 129 100
69 149 100
69 169 100
69 189 100
89 9 100
89 29 100
89 49 100
89 69 100
89 89 100
89 109 100
89 129 100
89 149 100
89 169 100
89 189 100
109 9 100
109 29 100
109 49 100
109 69 100
109 89 100
109 109 100
109 129 100
109 149 100
109 169 100
109 189 100
129 9 100
129 29 100
129 49 100
129 69 100
129 89 100
129 109 100
129 129 100
129 149 100
129 169 100
129 189 100
149 9 100
149 29 100
149 49 100
149 69 100
149 89 100
149 109 100
149 129 100
149 149 100
149 169 100
149 189 100
169 9 100
169 29 100
169 49 100
169 69 100
169 89 100
169 109 100
169 129 100
169 149 100
169 169 100
169 189 100
189 9 100
189 29 100
189 49 100
189 69 100
189 89 100
189 109 100
189 129 100
189 149 100
189 169 100
189 189 100
9 69 100
9 109 100
9 129 100
29 49 100
29 69 100
29 109 100
29 149 100
49 9 100
49 29 100
49 69 100
49 109 100
49 129 100
69 9 100
69 29 100
69 49 100
69 69 100
69 89 100
69 109 100
69 129 100
69 169 100
89 89 100
89 129 100
89 149 100
89 169 100
109 29 100
109 169 100
109 189 100
129 9 100
129 29 100
129 49 100
129 69 100
129 89 100
129 109 100
129 149 100
129 189 100
149 9 100
149 49 100
149 89 100
149 149 100
149 169 100
149 189 100
169 29 100
169 49 100
169 89 100
169 109 100
169 129 100
189 9 100
189 49 100
189 129 100
189 149 100
189 169 100
189 189 100
186 89 40
169 1 40
39 38 40
54 168 40
54 168 44
54 168 48
54 168 52
54 168 56
54 168 60
54 168 64
39 39 40
39 40 40
39 41 40
39 42 40
39 43 40
39 44 40
39 45 40
40 45 40
41 45 40
42 45 40
43 45 40
44 45 40
45 45 40
45 46 40
46 46 40
46 47 40
47 47 40
47 48 40
48 48 40
48 49 40
50 49 40
51 49 40
52 49 40
53 49 40
54 49 40
55 49 40
56 49 40
57 49 40
58 49 40
58 49 44
59 49 40
59 49 44
59 49 48
60 49 40
60 49 44
60 49 48
60 49 52
60 49 56
61 49 40
61 49 44
61 49 48
61 49 52
61 49 56
61 49 60
62 49 40
62 49 44
62 49 48
62 49 52
62 49 56
62 49 60
62 49 64
63 49 40
63 49 44
63 49 48
63 49 52
63 49 56
63 49 60
63 49 64
63 49 68
64 49 40
64 49 44
64 49 48
64 49 52
64 49 56
64 49 60
64 49 64
64 49 68
65 49 40
65 49 44
65 49 48
65 49 52
65 49 56
65 49 60
65 49 64
65 49 68
66 49 40
66 49 44
66 49 48
66 49 52
66 49 56
66 49 60
66 49 64
67 49 40
67 49 44
67 49 48
67 49 52
67 49 56
67 49 60
68 49 40
68 49 44
68 49 48
68 49 52
68 49 56
68 49 60
69 49 40
70 49 40
70 49 44
70 49 48
70 49 52
71 49 40
71 49 44
71 49 48
71 49 52
72 49 40
72 49 44
72 49 48
72 49 52
73 49 40
73 49 44
73 49 48
73 49 52
74 49 40
74 49 44
74 49 48
74 49 52
75 49 40
75 49 44
75 49 48
76 49 40
76 49 44
76 49 48
77 49 40
77 49 44
78 49 40
78 49 44
79 49 40
80 49 40
81 49 40
82 49 40
83 49 40
84 49 40
85 49 40
86 49 40
87 49 40
88 49 40
90 49 40
91 49 40
92 49 40
93 49 40
94 49 40
95 49 40
96 49 40
97 49 40
98 49 40
99 49 40
100 49 40
101 49 40
102 49 40
103 49 40
104 49 40
105 49 40
106 49 40
107 49 40
108 49 40
109 50 40
109 51 40
109 51 44
109 52 40
109 52 44
109 53 40
109 53 44
109 54 40
109 54 44
109 54 48
109 55 40
109 55 44
109 55 48
109 56 40
109 56 44
109 56 48
109 56 52
109 57 40
109 57 44
109 57 48
109 57 52
109 57 56
109 58 40
109 58 44
109 58 48
109 58 52
109 58 56
109 58 60
109 59 40
109 59 44
109 59 48
109 59 52
109 59 56
109 59 60
109 60 40
109 60 44
109 60 48
109 60 52
109 60 56
109 60 60
109 61 40
109 61 44
109 61 48
109 61 52
109 61 56
109 61 60
109 62 40
109 62 44
109 62 48
109 62 52
109 62 56
109 62 60
109 63 40
109 63 44
109 63 48
109 63 52
109 63 56
109 64 40
109 64 44
109 64 48
109 64 52
109 64 56
109 65 40
109 65 44
109 65 48
109 65 52
109 66 40
109 66 44
109 66 48
109 66 52
109 67 40
109 67 44
109 67 48
109 68 40
109 68 44
109 68 48
110 69 40
110 69 44
111 69 40
111 69 44
112 69 40
113 69 40
114 69 40
115 69 40
116 69 40
117 69 40
118 69 40
119 69 40
120 69 40
121 69 40
122 69 40
123 69 40
124 69 40
125 69 40
126 69 40
127 69 40
127 69 44
128 69 40
128 69 44
128 69 48
130 69 40
130 69 44
130 69 48
130 69 52
130 69 56
130 69 60
131 69 40
131 69 44
131 69 48
131 69 52
131 69 56
131 69 60
131 69 64
132 69 40
132 69 44
132 69 48
132 69 52
132 69 56
132 69 60
132 69 64
132 69 68
133 69 40
133 69 44
133 69 48
133 69 52
133 69 56
133 69 60
133 69 64
133 69 68
134 69 40
134 69 44
134 69 48
134 69 52
134 69 56
134 69 60
134 69 64
134 69 68
135 69 40
135 69 44
135 69 48
135 69 52
135 69 56
135 69 60
136 69 40
136 69 44
136 69 48
136 69 52
136 69 56
137 69 40
137 69 44
137 69 48
138 69 40
138 69 44
139 69 40
140 69 40
141 69 40
142 69 40
143 69 40
144 69 40
145 69 40
146 69 40
147 69 40
148 69 40
150 69 40
151 69 40
152 69 40
153 69 40
154 69 40
155 69 40
156 69 40
157 69 40
158 69 40
159 69 40
160 69 40
160 69 44
161 69 40
161 69 44
162 69 40
162 69 44
163 69 40
163 69 44
164 69 40
164 69 44
165 69 40
165 69 44
166 69 40
166 69 44
167 69 40
167 69 44
168 69 40
170 69 40
171 69 40
172 69 40
173 69 40
174 69 40
175 69 40
176 69 40
177 69 40
178 69 40
179 69 40
180 69 40
181 69 40
182 69 40
183 69 40
184 69 40
185 69 40
186 69 40
187 69 40
188 69 40
189 70 40
189 71 40
189 72 40
189 73 40
189 74 40
189 75 40
189 76 40
189 77 40
189 78 40
189 79 40
189 80 40
189 81 40
189 82 40
189 83 40
189 84 40
189 85 40
189 86 40
189 87 40
189 88 40
188 89 40
187 89 40
53 168 40
53 168 44
53 168 48
53 168 52
53 168 56
52 168 40
52 168 44
52 168 48
51 168 40
51 168 44
50 168 40
50 168 44
49 168 40
48 169 40
47 169 40
46 169 40
45 169 40
44 169 40
43 169 40
42 169 40
41 169 40
40 169 40
39 169 40
38 169 40
37 169 40
36 169 40
35 169 40
34 169 40
33 169 40
32 169 40
31 169 40
30 169 40
28 169 40
27 169 40
26 169 40
25 169 40
24 169 40
23 169 40
23 169 44
22 169 40
22 169 44
21 169 40
21 169 44
20 169 40
20 169 44
19 169 40
19 169 44
19 169 48
18 169 40
18 169 44
18 169 48
17 169 40
17 169 44
17 169 48
16 169 40
16 169 44
16 169 48
15 169 40
15 169 44
15 169 48
14 169 40
14 169 44
14 169 48
13 169 40
13 169 44
12 169 40
12 169 44
11 169 40
11 169 44
10 169 40
8 169 40
7 169 40
6 169 40
6 168 40
6 167 40
6 166 40
6 165 40
6 164 40
6 163 40
6 162 40
6 161 40
6 160 40
6 159 40
6 158 40
6 157 40
6 156 40
6 155 40
6 154 40
6 153 40
6 152 40
6 151 40
6 150 40
6 149 40
6 148 40
6 147 40
6 146 40
6 145 40
6 144 40
6 143 40
6 143 44
6 142 40
6 142 44
6 141 40
6 141 44
6 140 40
6 140 44
6 139 40
6 139 44
6 139 48
6 138 40
6 138 44
6 138 48
6 137 40
6 137 44
6 137 48
6 136 40
6 136 44
6 136 48
6 136 52
6 135 40
6 135 44
6 135 48
6 135 52
6 135 56
6 134 40
6 134 44
6 134 48
6 134 52
6 134 56
6 134 60
6 133 40
6 133 44
6 133 48
6 133 52
6 133 56
6 133 60
6 133 64
6 132 40
6 132 44
6 132 48
6 132 52
6 132 56
6 132 60
6 132 64
6 132 68
6 131 40
6 131 44
6 131 48
6 131 52
6 131 56
6 131 60
6 131 64
6 131 68
6 130 40
6 130 44
6 130 48
6 130 52
6 130 56
6 130 60
6 130 64
6 130 68
6 130 72
6 129 40
6 129 44
6 129 48
6 129 52
6 129 56
6 129 60
6 129 64
6 129 68
6 129 72
6 129 76
6 128 40
6 128 44
6 128 48
6 128 52
6 128 56
6 128 60
6 128 64
6 128 68
6 128 72
6 128 76
6 127 40
6 127 44
6 127 48
6 127 52
6 127 56
6 127 60
6 127 64
6 127 68
6 127 72
6 127 76
6 126 40
6 126 44
6 126 48
6 126 52
6 126 56
6 126 60
6 126 64
6 126 68
6 126 72
6 125 40
6 125 44
6 125 48
6 125 52
6 125 56
6 125 60
6 125 64
6 125 68
6 124 40
6 124 44
6 124 48
6 124 52
6 124 56
6 124 60
6 124 64
6 123 40
6 123 44
6 123 48
6 123 52
6 123 56
6 122 40
6 122 44
6 122 48
6 122 52
6 121 40
6 121 44
6 121 48
6 120 40
6 120 44
6 119 40
6 119 44
6 118 40
6 118 44
6 117 40
6 116 40
6 115 40
6 115 44
6 114 40
6 114 44
6 113 40
6 113 44
6 112 40
6 112 44
6 111 40
6 111 44
6 111 48
6 110 40
6 110 44
6 110 48
6 109 40
6 109 44
6 109 48
6 109 52
6 109 56
6 108 40
6 108 44
6 108 48
6 108 52
6 108 56
6 108 60
6 107 40
6 107 44
6 107 48
6 107 52
6 107 56
6 107 60
6 107 64
6 107 68
6 106 40
6 106 44
6 106 48
6 106 52
6 106 56
6 106 60
6 106 64
6 106 68
6 106 72
6 106 76
6 106 80
6 105 40
6 105 44
6 105 48
6 105 52
6 105 56
6 105 60
6 105 64
6 105 68
6 105 72
6 105 76
6 105 80
6 105 84
6 105 88
6 104 40
6 104 44
6 104 48
6 104 52
6 104 56
6 104 60
6 104 64
6 104 68
6 104 72
6 104 76
6 104 80
6 104 84
6 104 88
6 104 92
6 104 96
6 104 100
6 103 40
6 103 44
6 103 48
6 103 52
6 103 56
6 103 60
6 103 64
6 103 68
6 103 72
6 103 76
6 103 80
6 103 84
6 103 88
6 103 92
6 103 96
6 103 100
6 103 104
6 103 108
6 102 40
6 102 44
6 102 48
6 102 52
6 102 56
6 102 60
6 102 64
6 102 68
6 102 72
6 102 76
6 102 80
6 102 84
6 102 88
6 102 92
6 102 96
6 102 100
6 102 104
6 102 108
6 102 112
6 101 40
6 101 44
6 101 48
6 101 52
6 101 56
6 101 60
6 101 64
6 101 68
6 101 72
6 101 76
6 101 80
6 101 84
6 101 88
6 101 92
6 101 96
6 101 100
6 101 104
6 101 108
6 101 112
6 101 116
6 100 40
6 100 44
6 100 48
6 100 52
6 100 56
6 100 60
6 100 64
6 100 68
6 100 72
6 100 76
6 100 80
6 100 84
6 100 88
6 100 92
6 100 96
6 100 100
6 100 104
6 100 108
6 100 112
6 100 116
6 99 40
6 99 44
6 99 48
6 99 52
6 99 56
6 99 60
6 99 64
6 99 68
6 99 72
6 99 76
6 99 80
6 99 84
6 99 88
6 99 92
6 99 96
6 99 100
6 99 104
6 99 108
6 99 112
6 98 40
6 98 44
6 98 48
6 98 52
6 98 56
6 98 60
6 98 64
6 98 68
6 98 72
6 98 76
6 98 80
6 98 84
6 98 88
6 98 92
6 98 96
6 98 100
6 98 104
6 97 40
6 97 44
6 97 48
6 97 52
6 97 56
6 97 60
6 97 64
6 97 68
6 97 72
6 97 76
6 97 80
6 97 84
6 97 88
6 97 92
6 96 40
6 96 44
6 96 48
6 96 52
6 96 56
6 96 60
6 96 64
6 96 68
6 96 72
6 96 76
6 96 80
6 96 84
6 95 40
6 95 44
6 95 48
6 95 52
6 95 56
6 95 60
6 95 64
6 95 68
6 95 72
6 94 40
6 94 44
6 94 48
6 94 52
6 94 56
6 94 60
6 93 40
6 93 44
6 93 48
6 93 52
6 92 40
6 92 44
6 92 48
6 91 40
6 91 44
6 90 40
6 89 40
6 88 40
6 87 40
6 86 40
6 85 40
6 84 40
6 83 40
6 82 40
6 81 40
6 80 40
6 79 40
6 78 40
6 77 40
6 76 40
6 75 40
6 74 40
6 73 40
6 72 40
6 72 44
6 71 40
6 71 44
6 71 48
6 70 40
6 70 44
6 70 48
6 70 52
6 69 40
6 69 44
6 69 48
6 69 52
6 69 56
6 68 40
6 68 44
6 68 48
6 68 52
6 68 56
6 68 60
6 68 64
6 67 40
6 67 44
6 67 48
6 67 52
6 67 56
6 67 60
6 67 64
6 67 68
6 67 72
6 66 40
6 66 44
6 66 48
6 66 52
6 66 56
6 66 60
6 66 64
6 66 68
6 66 72
6 66 76
6 66 80
6 65 40
6 65 44
6 65 48
6 65 52
6 65 56
6 65 60
6 65 64
6 65 68
6 65 72
6 65 76
6 65 80
6 65 84
6 64 40
6 64 44
6 64 48
6 64 52
6 64 56
6 64 60
6 64 64
6 64 68
6 64 72
6 64 76
6 64 80
6 64 84
6 63 40
6 63 44
6 63 48
6 63 52
6 63 56
6 63 60
6 63 64
6 63 68
6 63 72
6 63 76
6 63 80
6 62 40
6 62 44
6 62 48
6 62 52
6 62 56
6 62 60
6 62 64
6 62 68
6 62 72
6 62 76
6 61 40
6 61 44
6 61 48
6 61 52
6 61 56
6 61 60
6 61 64
6 61 68
6 60 40
6 60 44
6 60 48
6 60 52
6 60 56
6 60 60
6 60 64
6 59 40
6 59 44
6 59 48
6 59 52
6 59 56
6 58 40
6 58 44
6 58 48
6 58 52
6 57 40
6 57 44
6 57 48
6 56 40
6 56 44
6 55 40
6 55 44
6 54 40
6 53 40
6 52 40
6 51 40
6 50 40
6 49 40
6 49 44
7 49 40
7 49 44
8 49 40
8 49 44
9 48 40
9 48 44
10 48 40
10 48 44
11 48 40
11 48 44
11 48 48
12 48 40
12 48 44
12 48 48
13 48 40
13 48 44
13 48 48
13 48 52
14 48 40
14 48 44
14 48 48
14 48 52
15 48 40
15 48 44
15 48 48
15 48 52
15 48 56
16 48 40
16 48 44
16 48 48
16 48 52
16 48 56
17 48 40
17 48 44
17 48 48
17 48 52
17 48 56
17 48 60
18 48 40
18 48 44
18 48 48
18 48 52
18 48 56
18 48 60
19 48 40
19 48 44
19 48 48
19 48 52
19 48 56
19 48 60
20 48 40
20 48 44
20 48 48
20 48 52
20 48 56
21 48 40
21 48 44
21 48 48
21 48 52
21 48 56
22 48 40
22 48 44
22 48 48
22 48 52
23 48 40
23 48 44
23 48 48
23 48 52
24 48 40
24 48 44
24 48 48
24 48 52
25 48 40
25 48 44
25 48 48
26 48 40
26 48 44
26 48 48
27 48 40
27 48 44
27 48 48
28 48 40
28 48 44
28 48 48
29 48 40
29 48 44
30 48 40
30 48 44
30 47 40
31 47 40
31 46 40
32 46 40
32 45 40
33 45 40
34 45 40
35 45 40
36 45 40
37 45 40
38 45 40
