9 9 100
9 29 100
9 49 100
9 69 100
9 89 100
9 109 100
9 129 100
9 149 100
9 169 100
9 189 100
29 9 100
29 29 100
29 49 100
29 69 100
29 89 100
29 109 100
29 129 100
29 149 100
29 169 100
29 189 100
49 9 100
49 29 100
49 49 100
49 69 100
49 89 100
49 109 100
49 129 100
49 149 100
49 169 100
49 189 100
69 9 100
69 29 100
69 49 100
69 69 100
69 89 100
69 109 100
69 129 100
69 149 100
69 169 100
69 189 100
89 9 100
89 29 100
89 49 100
89 69 100
89 89 100
89 109 100
89 129 100
89 149 100
89 169 100
89 189 100
109 9 100
109 29 100
109 49 100
109 69 100
109 89 100
109 109 100
109 129 100
109 149 100
109 169 100
109 189 100
129 9 100
129 29 100
129 49 100
129 69 100
129 89 100
129 109 100
129 129 100
129 149 100
129 169 100
129 189 100
149 9 100
149 29 100
149 49 100
149 69 100
149 89 100
149 109 100
149 129 100
149 149 100
149 169 100
149 189 100
169 9 100
169 29 100
169 49 100
169 69 100
169 89 100
169 109 100
169 129 100
169 149 100
169 169 100
169 189 100
189 9 100
189 29 100
189 49 100
189 69 100
189 89 100
189 109 100
189 129 100
189 149 100
189 169 100
189 189 100
9 49 100
9 89 100
9 149 100
29 9 100
29 69 100
29 109 100
29 129 100
29 169 100
29 189 100
49 9 100
49 29 100
49 89 100
49 109 100
49 149 100
49 169 100
69 49 100
69 89 100
69 129 100
69 169 100
69 189 100
89 9 100
89 89 100
109 29 100
109 49 100
109 69 100
109 89 100
109 129 100
109 149 100
109 189 100
129 9 100
129 29 100
129 69 100
129 89 100
129 109 100
129 149 100
129 169 100
129 189 100
149 29 100
149 89 100
149 109 100
149 189 100
169 9 100
169 69 100
169 109 100
169 129 100
189 9 100
189 49 100
189 69 100
189 109 100
189 129 100
189 149 100
189 189 100
160 145 40
102 101 40
137 98 40
120 52 40
120 52 72
22 42 40
87 152 40
0 23 40
29 88 40
189 86 40
157 0 40
50 139 40
87 151 40
87 150 40
88 150 40
88 149 40
89 148 40
89 147 40
89 146 40
89 145 40
89 144 40
89 143 40
89 142 40
89 141 40
89 140 40
89 139 40
89 138 40
89 137 40
89 136 40
89 135 40
89 134 40
89 133 40
89 132 40
89 131 40
89 130 40
89 128 40
89 127 40
89 126 40
89 125 40
89 124 40
89 123 40
89 122 40
89 121 40
89 120 40
89 119 40
89 118 40
89 117 40
89 116 40
89 115 40
89 114 40
89 113 40
89 112 40
89 111 40
89 110 40
90 109 40
90 108 40
91 108 40
91 107 40
92 107 40
92 106 40
93 106 40
94 106 40
95 106 40
96 106 40
97 106 40
98 106 40
99 106 40
100 106 40
101 106 40
102 106 40
102 105 40
102 104 40
102 103 40
102 102 40
30 89 40
31 89 40
32 89 40
33 89 40
34 89 40
35 89 40
36 89 40
37 89 40
38 89 40
39 89 40
40 89 40
40 89 72
41 89 40
41 89 72
42 89 40
42 89 72
42 89 104
43 89 40
43 89 72
43 89 104
44 89 40
44 89 72
44 89 104
45 89 40
45 89 72
45 89 104
46 89 40
46 89 72
46 89 104
47 89 40
47 89 72
47 89 104
48 89 40
48 89 72
48 89 104
50 89 40
50 89 72
51 89 40
51 89 72
52 89 40
52 89 72
53 89 40
53 89 72
54 89 40
54 89 72
54 89 104
55 89 40
55 89 72
55 89 104
56 89 40
56 89 72
56 89 104
57 89 40
57 89 72
57 89 104
58 89 40
58 89 72
58 89 104
59 89 40
59 89 72
60 89 40
60 89 72
61 89 40
61 89 72
62 89 40
62 89 72
63 89 40
63 89 72
64 89 40
64 89 72
65 89 40
65 89 72
66 89 40
66 89 72
67 89 40
67 89 72
68 89 40
68 89 72
68 89 104
68 90 40
68 90 72
68 91 40
68 91 72
68 92 40
68 92 72
68 93 40
68 94 40
68 95 40
68 96 40
68 97 40
68 98 40
68 99 40
68 100 40
68 101 40
68 102 40
68 103 40
68 104 40
68 105 40
68 106 40
68 107 40
68 108 40
69 108 40
70 109 40
71 109 40
72 109 40
73 109 40
74 109 40
75 109 40
76 109 40
77 109 40
78 109 40
79 109 40
80 109 40
81 109 40
82 109 40
83 109 40
84 109 40
85 109 40
86 109 40
87 109 40
88 109 40
23 42 40
24 42 40
25 42 40
25 43 40
25 44 40
26 44 40
26 45 40
26 46 40
27 46 40
27 47 40
28 47 40
28 48 40
29 48 40
30 49 40
31 49 40
32 49 40
33 49 40
34 49 40
35 49 40
36 49 40
37 49 40
38 49 40
39 49 40
40 49 40
41 49 40
42 49 40
43 49 40
44 49 40
45 49 40
46 49 40
47 49 40
48 49 40
49 50 40
49 51 40
49 52 40
49 53 40
49 54 40
49 55 40
49 56 40
49 57 40
49 58 40
49 59 40
49 60 40
49 61 40
49 62 40
49 63 40
49 64 40
49 65 40
49 66 40
49 67 40
49 68 40
49 68 72
50 69 40
50 69 72
50 70 40
50 70 72
50 71 40
50 71 72
50 71 104
50 72 40
50 72 72
50 72 104
50 73 40
50 73 72
50 73 104
50 74 40
50 74 72
50 74 104
50 75 40
50 75 72
50 75 104
50 76 40
50 76 72
50 76 104
50 77 40
50 77 72
50 78 40
50 78 72
50 79 40
50 79 72
50 80 40
50 80 72
50 81 40
50 81 72
50 82 40
50 82 72
50 83 40
50 83 72
50 84 40
50 84 72
50 85 40
50 85 72
50 86 40
50 86 72
50 87 40
50 87 72
50 88 40
50 88 72
0 24 40
0 25 40
0 26 40
0 27 40
0 28 40
0 28 72
0 29 40
0 29 72
1 29 40
1 29 72
2 29 40
2 29 72
3 29 40
3 29 72
4 29 40
4 29 72
5 29 40
5 29 72
6 29 40
7 29 40
8 29 40
10 29 40
11 29 40
12 29 40
13 29 40
14 29 40
15 29 40
16 29 40
17 29 40
18 29 40
19 29 40
20 29 40
21 29 40
22 29 40
23 29 40
24 29 40
25 29 40
26 29 40
26 30 40
26 31 40
26 32 40
26 33 40
26 34 40
26 35 40
26 36 40
26 37 40
26 38 40
26 39 40
26 40 40
26 41 40
26 42 40
189 87 40
189 88 40
188 89 40
187 89 40
186 89 40
185 89 40
184 89 40
183 89 40
182 89 40
181 89 40
180 89 40
179 89 40
178 89 40
177 89 40
176 89 40
175 89 40
174 89 40
173 89 40
172 89 40
171 89 40
170 89 40
168 89 40
168 90 40
167 90 40
166 90 40
165 90 40
164 90 40
163 90 40
162 90 40
161 90 40
160 90 40
159 90 40
159 90 72
158 90 40
158 90 72
157 90 40
157 90 72
156 90 40
156 90 72
155 90 40
155 90 72
154 90 40
154 90 72
154 90 104
153 90 40
153 90 72
153 90 104
152 90 40
152 90 72
152 90 104
151 90 40
151 90 72
151 90 104
150 90 40
150 90 72
150 90 104
149 90 40
149 90 72
149 90 104
148 90 40
148 90 72
148 90 104
147 90 40
147 90 72
147 91 40
147 91 72
147 92 40
147 92 72
146 92 40
146 92 72
145 92 40
145 92 72
145 93 40
145 93 72
144 93 40
144 93 72
144 94 40
144 95 40
143 95 40
143 96 40
142 96 40
142 97 40
141 97 40
140 97 40
140 98 40
139 98 40
138 98 40
121 52 40
122 52 40
123 52 40
124 52 40
125 52 40
126 52 40
127 52 40
127 51 40
128 51 40
128 50 40
129 50 40
130 49 40
131 49 40
132 49 40
133 49 40
134 49 40
135 49 40
136 49 40
137 49 40
138 49 40
139 49 40
140 49 40
141 49 40
142 49 40
143 49 40
144 49 40
145 49 40
146 49 40
147 49 40
148 49 40
149 50 40
149 51 40
149 52 40
149 53 40
149 54 40
149 55 40
149 56 40
149 57 40
149 58 40
149 59 40
149 60 40
149 61 40
149 62 40
149 63 40
149 64 40
149 65 40
149 66 40
149 67 40
149 68 40
149 70 40
149 71 40
149 72 40
149 73 40
149 74 40
149 75 40
149 76 40
149 77 40
149 78 40
149 79 40
149 79 72
149 80 40
149 80 72
149 81 40
149 81 72
149 82 40
149 82 72
149 83 40
149 83 72
149 84 40
149 84 72
149 84 104
149 85 40
149 85 72
149 85 104
149 86 40
149 86 72
149 86 104
149 87 40
149 87 72
149 87 104
149 88 40
149 88 72
149 88 104
50 138 40
50 137 40
50 136 40
50 135 40
50 134 40
50 133 40
50 132 40
50 131 40
50 130 40
50 129 40
50 128 40
50 127 40
51 127 40
52 127 40
52 127 72
52 126 40
52 126 72
52 125 40
52 125 72
53 125 40
53 125 72
53 124 40
53 124 72
54 124 40
54 124 72
54 124 104
55 124 40
55 124 72
55 124 104
55 124 136
55 123 40
55 123 72
55 123 104
55 123 136
56 123 40
56 123 72
56 123 104
56 123 136
56 122 40
56 122 72
56 122 104
56 122 136
57 122 40
57 122 72
57 122 104
57 122 136
57 122 168
57 121 40
57 121 72
57 121 104
57 121 136
57 120 40
57 120 72
57 120 104
57 120 136
58 120 40
58 120 72
58 120 104
58 120 136
58 119 40
58 119 72
58 119 104
59 119 40
59 119 72
59 119 104
59 118 40
59 118 72
60 118 40
60 118 72
60 117 40
61 117 40
62 117 40
62 116 40
62 115 40
63 115 40
64 115 40
64 114 40
64 113 40
65 113 40
65 112 40
66 112 40
66 111 40
67 111 40
68 111 40
68 110 40
69 110 40
156 0 40
155 0 40
154 0 40
153 0 40
152 0 40
151 0 40
150 0 40
149 0 40
149 1 40
149 2 40
149 3 40
149 4 40
149 5 40
149 6 40
149 7 40
149 8 40
150 9 40
150 9 72
150 10 40
150 10 72
151 10 40
151 10 72
151 11 40
151 11 72
151 11 104
152 11 40
152 11 72
152 11 104
152 12 40
152 12 72
152 12 104
152 12 136
153 12 40
153 12 72
153 12 104
153 12 136
153 13 40
153 13 72
153 13 104
153 13 136
153 13 168
154 13 40
154 13 72
154 13 104
154 13 136
154 13 168
154 13 200
154 14 40
154 14 72
154 14 104
154 14 136
154 14 168
154 14 200
154 14 232
155 14 40
155 14 72
155 14 104
155 14 136
155 14 168
155 14 200
155 14 232
155 15 40
155 15 72
155 15 104
155 15 136
155 15 168
155 15 200
155 15 232
155 15 264
156 15 40
156 15 72
156 15 104
156 15 136
156 15 168
156 15 200
156 15 232
156 15 264
156 16 40
156 16 72
156 16 104
156 16 136
156 16 168
156 16 200
156 16 232
156 16 264
156 16 296
157 16 40
157 16 72
157 16 104
157 16 136
157 16 168
157 16 200
157 16 232
157 16 264
157 16 296
157 16 328
157 17 40
157 17 72
157 17 104
157 17 136
157 17 168
157 17 200
157 17 232
157 17 264
157 17 296
157 17 328
157 17 360
157 18 40
157 18 72
157 18 104
157 18 136
157 18 168
157 18 200
157 18 232
157 18 264
157 18 296
157 18 328
157 18 360
157 18 392
158 18 40
158 18 72
158 18 104
158 18 136
158 18 168
158 18 200
158 18 232
158 18 264
158 18 296
158 18 328
158 18 360
158 18 392
159 18 40
159 18 72
159 18 104
159 18 136
159 18 168
159 18 200
159 18 232
159 18 264
159 18 296
159 18 328
159 18 360
159 18 392
159 18 424
159 19 40
159 19 72
159 19 104
159 19 136
159 19 168
159 19 200
159 19 232
159 19 264
159 19 296
159 19 328
159 19 360
159 19 392
159 19 424
159 19 456
160 19 40
160 19 72
160 19 104
160 19 136
160 19 168
160 19 200
160 19 232
160 19 264
160 19 296
160 19 328
160 19 360
160 19 392
160 19 424
160 19 456
160 20 40
160 20 72
160 20 104
160 20 136
160 20 168
160 20 200
160 20 232
160 20 264
160 20 296
160 20 328
160 20 360
160 20 392
160 20 424
160 20 456
160 21 40
160 21 72
160 21 104
160 21 136
160 21 168
160 21 200
160 21 232
160 21 264
160 21 296
160 21 328
160 21 360
160 21 392
160 21 424
160 21 456
161 21 40
161 21 72
161 21 104
161 21 136
161 21 168
161 21 200
161 21 232
161 21 264
161 21 296
161 21 328
161 21 360
161 21 392
161 21 424
161 21 456
162 21 40
162 21 72
162 21 104
162 21 136
162 21 168
162 21 200
162 21 232
162 21 264
162 21 296
162 21 328
162 21 360
162 21 392
162 21 424
162 21 456
162 22 40
162 22 72
162 22 104
162 22 136
162 22 168
162 22 200
162 22 232
162 22 264
162 22 296
162 22 328
162 22 360
162 22 392
162 22 424
163 22 40
163 22 72
163 22 104
163 22 136
163 22 168
163 22 200
163 22 232
163 22 264
163 22 296
163 22 328
163 22 360
163 22 392
163 22 424
163 23 40
163 23 72
163 23 104
163 23 136
163 23 168
163 23 200
163 23 232
163 23 264
163 23 296
163 23 328
163 23 360
163 23 392
164 23 40
164 23 72
164 23 104
164 23 136
164 23 168
164 23 200
164 23 232
164 23 264
164 23 296
164 23 328
164 23 360
164 24 40
164 24 72
164 24 104
164 24 136
164 24 168
164 24 200
164 24 232
164 24 264
164 24 296
165 24 40
165 24 72
165 24 104
165 24 136
165 24 168
165 24 200
165 24 232
165 24 264
165 25 40
165 25 72
165 25 104
165 25 136
165 25 168
165 25 200
165 25 232
166 25 40
166 25 72
166 25 104
166 25 136
166 25 168
166 25 200
166 26 40
166 26 72
166 26 104
166 26 136
167 26 40
167 26 72
167 26 104
167 26 136
167 27 40
167 27 72
167 27 104
168 27 40
168 27 72
168 28 40
168 28 72
169 28 40
169 28 72
169 30 40
169 31 40
169 32 40
169 33 40
169 34 40
169 35 40
169 36 40
169 37 40
169 38 40
169 39 40
169 40 40
169 41 40
169 42 40
169 43 40
169 44 40
169 45 40
169 46 40
169 47 40
169 48 40
168 49 40
167 49 40
166 49 40
165 49 40
164 49 40
163 49 40
162 49 40
161 49 40
160 49 40
159 49 40
158 49 40
157 49 40
156 49 40
155 49 40
154 49 40
153 49 40
152 49 40
151 49 40
150 49 40
