9 9 100
9 29 100
9 49 100
9 69 100
9 89 100
9 109 100
9 129 100
9 149 100
9 169 100
9 189 100
29 9 100
29 29 100
29 49 100
29 69 100
29 89 100
29 109 100
29 129 100
29 149 100
29 169 100
29 189 100
49 9 100
49 29 100
49 49 100
49 69 100
49 89 100
49 109 100
49 129 100
49 149 100
49 169 100
49 189 100
69 9 100
69 29 100
69 49 100
69 69 100
69 89 100
69 109 100
69 129 100
69 149 100
69 169 100
69 189 100
89 9 100
89 29 100
89 49 100
89 69 100
89 89 100
89 109 100
89 129 100
89 149 100
89 169 100
89 189 100
109 9 100
109 29 100
109 49 100
109 69 100
109 89 100
109 109 100
109 129 100
109 149 100
109 169 100
109 189 100
129 9 100
129 29 100
129 49 100
129 69 100
129 89 100
129 109 100
129 129 100
129 149 100
129 169 100
129 189 100
149 9 100
149 29 100
149 49 100
149 69 100
149 89 100
149 109 100
149 129 100
149 149 100
149 169 100
149 189 100
169 9 100
169 29 100
169 49 100
169 69 100
169 89 100
169 109 100
169 129 100
169 149 100
169 169 100
169 189 100
189 9 100
189 29 100
189 49 100
189 69 100
189 89 100
189 109 100
189 129 100
189 149 100
189 169 100
189 189 100
9 29 100
9 49 100
9 69 100
9 89 100
9 149 100
9 169 100
9 189 100
29 29 100
29 49 100
29 69 100
29 89 100
29 149 100
29 169 100
29 189 100
49 9 100
49 29 100
49 49 100
49 69 100
49 89 100
49 109 100
49 169 100
49 189 100
69 9 100
69 69 100
69 89 100
69 109 100
69 169 100
69 189 100
89 9 100
89 29 100
89 89 100
89 109 100
89 129 100
89 149 100
89 169 100
89 189 100
109 9 100
109 29 100
109 109 100
109 129 100
109 149 100
109 169 100
109 189 100
129 9 100
129 129 100
129 149 100
129 169 100
129 189 100
149 9 100
149 29 100
149 89 100
149 109 100
149 129 100
149 149 100
149 169 100
149 189 100
169 9 100
169 29 100
169 49 100
169 69 100
169 89 100
169 109 100
169 129 100
169 149 100
169 169 100
189 29 100
189 49 100
189 69 100
189 89 100
189 109 100
189 129 100
189 149 100
189 169 100
7 2 40
20 98 40
20 98 56
110 85 40
63 158 40
120 34 40
120 34 56
168 195 40
2 34 40
2 34 56
2 34 72
32 13 40
32 13 56
32 13 72
96 133 40
96 133 56
96 133 72
96 133 88
96 133 104
96 133 120
96 133 136
70 38 40
70 38 56
99 59 40
146 65 40
32 12 40
32 12 56
32 12 72
32 11 40
32 11 56
31 11 40
31 11 56
31 10 40
31 10 56
30 10 40
30 10 56
30 9 40
29 8 40
29 7 40
28 7 40
27 7 40
26 7 40
25 7 40
24 7 40
23 7 40
22 7 40
21 7 40
20 7 40
19 7 40
18 7 40
17 7 40
16 7 40
15 7 40
14 7 40
13 7 40
12 7 40
11 7 40
10 7 40
9 7 40
8 7 40
7 7 40
6 7 40
6 6 40
5 6 40
5 5 40
5 4 40
5 3 40
5 2 40
6 2 40
2 33 40
2 33 56
2 32 40
2 32 56
2 31 40
2 31 56
2 30 40
2 30 56
2 29 40
2 29 56
2 28 40
2 28 56
2 27 40
2 27 56
2 26 40
2 26 56
2 25 40
2 25 56
2 24 40
2 24 56
2 23 40
2 23 56
2 22 40
2 22 56
2 21 40
2 20 40
2 19 40
2 18 40
2 17 40
2 16 40
2 15 40
2 14 40
2 13 40
2 12 40
2 11 40
2 10 40
2 9 40
2 8 40
2 7 40
2 6 40
2 5 40
3 5 40
4 5 40
100 59 40
101 59 40
102 59 40
103 59 40
103 60 40
103 61 40
103 62 40
103 63 40
104 63 40
104 64 40
105 64 40
105 65 40
105 66 40
106 66 40
106 67 40
107 67 40
108 67 40
108 68 40
108 69 40
110 69 40
110 70 40
110 71 40
110 72 40
110 73 40
110 74 40
110 75 40
110 76 40
110 77 40
110 78 40
110 79 40
110 80 40
110 81 40
110 82 40
110 83 40
110 84 40
146 66 40
146 67 40
146 68 40
146 69 40
145 69 40
144 69 40
143 69 40
142 69 40
141 69 40
140 69 40
139 69 40
138 69 40
137 69 40
136 69 40
135 69 40
134 69 40
133 69 40
132 69 40
131 69 40
130 69 40
128 69 40
127 69 40
126 69 40
125 69 40
124 69 40
123 69 40
122 69 40
121 69 40
120 69 40
119 69 40
118 69 40
117 69 40
116 69 40
115 69 40
114 69 40
113 69 40
112 69 40
111 69 40
121 34 40
121 34 56
122 34 40
122 34 56
123 34 40
123 34 56
124 34 40
125 34 40
126 34 40
127 34 40
127 35 40
127 36 40
127 37 40
127 38 40
127 39 40
127 40 40
127 41 40
127 42 40
127 43 40
127 44 40
127 45 40
127 46 40
127 47 40
128 47 40
128 48 40
129 48 40
129 50 40
129 51 40
129 52 40
129 53 40
129 54 40
129 55 40
129 56 40
129 57 40
129 58 40
129 59 40
129 60 40
129 61 40
129 62 40
129 63 40
129 64 40
129 65 40
129 66 40
129 67 40
129 68 40
70 39 40
70 39 56
70 40 40
70 40 56
70 41 40
70 41 56
70 42 40
70 42 56
70 43 40
70 43 56
70 44 40
70 44 56
70 45 40
70 45 56
70 46 40
70 46 56
70 47 40
70 47 56
70 48 40
70 48 56
70 49 40
70 49 56
71 49 40
72 49 40
73 49 40
74 49 40
75 49 40
76 49 40
77 49 40
78 49 40
79 49 40
80 49 40
81 49 40
82 49 40
83 49 40
84 49 40
85 49 40
86 49 40
87 49 40
88 49 40
89 50 40
90 50 40
90 51 40
91 51 40
91 52 40
92 52 40
92 53 40
93 53 40
94 53 40
94 54 40
94 55 40
95 55 40
95 56 40
95 57 40
95 58 40
95 59 40
96 59 40
97 59 40
98 59 40
63 157 40
63 156 40
63 155 40
63 154 40
63 153 40
63 152 40
63 151 40
62 151 40
61 151 40
60 151 40
59 151 40
58 151 40
57 151 40
56 151 40
55 151 40
54 151 40
53 151 40
52 151 40
51 151 40
51 150 40
50 150 40
50 149 40
49 148 40
49 147 40
49 146 40
49 145 40
49 144 40
49 143 40
49 142 40
49 141 40
49 140 40
49 139 40
49 138 40
49 137 40
49 136 40
49 135 40
49 134 40
49 133 40
49 132 40
49 131 40
49 130 40
48 129 40
47 129 40
46 129 40
45 129 40
44 129 40
43 129 40
42 129 40
41 129 40
40 129 40
39 129 40
38 129 40
37 129 40
36 129 40
35 129 40
34 129 40
33 129 40
32 129 40
31 129 40
30 129 40
29 128 40
29 127 40
29 126 40
29 125 40
29 124 40
29 123 40
29 122 40
29 121 40
29 120 40
29 119 40
29 118 40
29 117 40
29 116 40
29 115 40
29 115 56
29 114 40
29 114 56
29 113 40
29 113 56
29 112 40
29 112 56
29 111 40
29 111 56
29 110 40
29 110 56
28 109 40
28 109 56
28 108 40
28 108 56
27 108 40
27 108 56
27 107 40
27 107 56
26 107 40
26 107 56
26 106 40
26 106 56
25 106 40
25 106 56
24 106 40
24 105 40
24 105 56
23 105 40
22 105 40
21 105 40
20 105 40
20 104 40
20 103 40
20 103 56
20 102 40
20 102 56
20 101 40
20 101 56
20 100 40
20 100 56
20 99 40
20 99 56
95 133 40
95 133 56
95 133 72
95 133 88
95 133 104
95 133 120
95 133 136
94 133 40
94 133 56
94 133 72
94 133 88
94 133 104
94 133 120
94 133 136
93 133 40
93 133 56
93 133 72
93 133 88
93 133 104
93 133 120
93 133 136
92 133 40
92 133 56
92 133 72
92 133 88
92 133 104
92 133 120
92 133 136
91 133 40
91 133 56
91 133 72
91 133 88
91 133 104
91 133 120
90 133 40
90 133 56
90 133 72
90 133 88
90 133 104
89 133 40
89 133 56
89 133 72
89 133 88
89 133 104
88 133 40
88 133 56
88 133 72
88 133 88
87 133 40
87 133 56
87 133 72
86 133 40
86 133 56
86 133 72
85 133 40
85 133 56
85 133 72
84 133 40
84 133 56
83 133 40
83 133 56
82 133 40
82 133 56
81 133 40
81 133 56
80 133 40
79 133 40
78 133 40
77 133 40
76 133 40
75 133 40
74 133 40
73 133 40
72 133 40
72 132 40
71 132 40
71 131 40
70 131 40
70 130 40
70 130 56
69 130 40
69 130 56
68 129 40
68 129 56
67 129 40
66 129 40
65 129 40
64 129 40
63 129 40
62 129 40
61 129 40
60 129 40
59 129 40
58 129 40
57 129 40
56 129 40
55 129 40
54 129 40
53 129 40
52 129 40
51 129 40
50 129 40
168 194 40
168 193 40
168 193 56
168 192 40
168 192 56
168 191 40
168 191 56
168 190 40
168 190 56
168 189 40
168 189 56
168 189 72
170 189 40
170 189 56
171 189 40
171 189 56
172 189 40
172 189 56
173 189 40
173 189 56
174 189 40
175 189 40
176 189 40
177 189 40
178 189 40
179 189 40
179 189 56
180 189 40
180 189 56
181 189 40
181 189 56
182 189 40
182 189 56
183 189 40
183 189 56
184 189 40
184 189 56
185 189 40
185 189 56
186 189 40
186 189 56
187 189 40
187 189 56
188 189 40
188 189 56
188 188 40
188 188 56
188 187 40
188 187 56
188 186 40
188 186 56
188 185 40
188 185 56
188 184 40
188 184 56
188 184 72
188 183 40
188 183 56
188 183 72
188 182 40
188 182 56
188 182 72
188 181 40
188 181 56
188 181 72
188 180 40
188 180 56
188 180 72
188 179 40
188 179 56
188 179 72
188 179 88
188 178 40
188 178 56
188 178 72
188 178 88
188 177 40
188 177 56
188 177 72
188 177 88
188 177 104
188 176 40
188 176 56
188 176 72
188 176 88
188 176 104
188 175 40
188 175 56
188 175 72
188 175 88
188 175 104
188 174 40
188 174 56
188 174 72
188 174 88
188 174 104
188 173 40
188 173 56
188 173 72
188 173 88
188 173 104
188 172 40
188 172 56
188 172 72
188 172 88
188 171 40
188 171 56
188 171 72
188 171 88
188 170 40
188 170 56
188 170 72
188 170 88
188 169 40
188 169 56
188 169 72
188 169 88
188 168 40
188 168 56
188 168 72
188 168 88
187 168 40
187 168 56
187 168 72
187 168 88
187 167 40
187 167 56
187 167 72
187 167 88
187 167 104
186 167 40
186 167 56
186 167 72
186 167 88
186 167 104
186 166 40
186 166 56
186 166 72
186 166 88
186 166 104
186 166 120
186 165 40
186 165 56
186 165 72
186 165 88
186 165 104
186 165 120
185 165 40
185 165 56
185 165 72
185 165 88
185 165 104
185 165 120
184 165 40
184 165 56
184 165 72
184 165 88
184 165 104
184 165 120
184 164 40
184 164 56
184 164 72
184 164 88
184 164 104
184 164 120
184 164 136
183 164 40
183 164 56
183 164 72
183 164 88
183 164 104
183 164 120
183 164 136
183 163 40
183 163 56
183 163 72
183 163 88
183 163 104
183 163 120
183 163 136
182 163 40
182 163 56
182 163 72
182 163 88
182 163 104
182 163 120
182 163 136
182 162 40
182 162 56
182 162 72
182 162 88
182 162 104
182 162 120
182 162 136
182 161 40
182 161 56
182 161 72
182 161 88
182 161 104
182 161 120
182 161 136
181 161 40
181 161 56
181 161 72
181 161 88
181 161 104
181 161 120
180 161 40
180 161 56
180 161 72
180 161 88
180 161 104
180 161 120
180 160 40
180 160 56
180 160 72
180 160 88
180 160 104
180 160 120
179 160 40
179 160 56
179 160 72
179 160 88
179 160 104
179 159 40
179 159 56
179 159 72
179 159 88
179 159 104
178 159 40
178 159 56
178 159 72
178 159 88
178 159 104
178 158 40
178 158 56
178 158 72
178 158 88
178 157 40
178 157 56
178 157 72
178 157 88
177 157 40
177 157 56
177 157 72
177 157 88
176 157 40
176 157 56
176 157 72
176 157 88
176 156 40
176 156 56
176 156 72
176 156 88
176 155 40
176 155 56
176 155 72
176 155 88
175 155 40
175 155 56
175 155 72
175 155 88
174 155 40
174 155 56
174 155 72
174 155 88
174 154 40
174 154 56
174 154 72
174 154 88
173 154 40
173 154 56
173 154 72
173 154 88
173 153 40
173 153 56
173 153 72
173 153 88
172 153 40
172 153 56
172 153 72
172 153 88
172 152 40
172 152 56
172 152 72
172 152 88
171 152 40
171 152 56
171 152 72
171 152 88
171 151 40
171 151 56
171 151 72
171 151 88
170 151 40
170 151 56
170 151 72
170 151 88
170 150 40
170 150 56
170 150 72
170 150 88
169 150 40
169 150 56
169 150 72
169 150 88
168 149 40
168 149 56
168 149 72
167 149 40
167 149 56
167 149 72
166 149 40
166 149 56
166 149 72
165 149 40
165 149 56
165 149 72
164 149 40
164 149 56
163 149 40
163 149 56
162 149 40
162 149 56
162 149 72
161 149 40
161 149 56
161 149 72
160 149 40
160 149 56
160 149 72
159 149 40
159 149 56
159 149 72
158 149 40
158 149 56
158 149 72
158 149 88
157 149 40
157 149 56
157 149 72
157 149 88
156 149 40
156 149 56
156 149 72
156 149 88
155 149 40
155 149 56
155 149 72
155 149 88
155 149 104
154 149 40
154 149 56
154 149 72
154 149 88
154 149 104
153 149 40
153 149 56
153 149 72
153 149 88
152 149 40
152 149 56
152 149 72
152 149 88
151 149 40
151 149 56
151 149 72
151 149 88
150 149 40
150 149 56
150 149 72
150 149 88
149 148 40
149 148 56
149 148 72
148 148 40
148 148 56
148 148 72
148 147 40
148 147 56
148 147 72
147 147 40
147 147 56
147 147 72
147 146 40
147 146 56
147 146 72
146 146 40
146 146 56
146 146 72
146 145 40
146 145 56
146 145 72
145 145 40
145 145 56
145 145 72
145 144 40
145 144 56
145 144 72
144 144 40
144 144 56
144 144 72
143 144 40
143 144 56
143 144 72
143 143 40
143 143 56
143 143 72
143 142 40
143 142 56
143 142 72
142 142 40
142 142 56
142 142 72
142 141 40
142 141 56
142 141 72
142 141 88
141 141 40
141 141 56
141 141 72
141 141 88
141 140 40
141 140 56
141 140 72
141 140 88
140 140 40
140 140 56
140 140 72
140 140 88
140 140 104
140 139 40
140 139 56
140 139 72
140 139 88
140 139 104
139 139 40
139 139 56
139 139 72
139 139 88
139 139 104
139 139 120
139 138 40
139 138 56
139 138 72
139 138 88
139 138 104
139 138 120
139 137 40
139 137 56
139 137 72
139 137 88
139 137 104
139 137 120
139 136 40
139 136 56
139 136 72
139 136 88
139 136 104
139 136 120
139 135 40
139 135 56
139 135 72
139 135 88
139 135 104
139 135 120
139 134 40
139 134 56
139 134 72
139 134 88
139 134 104
139 134 120
139 133 40
139 133 56
139 133 72
139 133 88
139 133 104
139 133 120
139 132 40
139 132 56
139 132 72
139 132 88
139 132 104
139 132 120
139 131 40
139 131 56
139 131 72
139 131 88
139 131 104
139 131 120
139 130 40
139 130 56
139 130 72
139 130 88
139 130 104
139 130 120
139 129 40
139 129 56
139 129 72
139 129 88
139 129 104
139 129 120
139 128 40
139 128 56
139 128 72
139 128 88
139 128 104
139 128 120
139 127 40
139 127 56
139 127 72
139 127 88
139 127 104
139 127 120
139 127 136
139 126 40
139 126 56
139 126 72
139 126 88
139 126 104
139 126 120
139 126 136
139 125 40
139 125 56
139 125 72
139 125 88
139 125 104
139 125 120
139 125 136
139 124 40
139 124 56
139 124 72
139 124 88
139 124 104
139 124 120
139 124 136
139 123 40
139 123 56
139 123 72
139 123 88
139 123 104
139 123 120
139 123 136
139 122 40
139 122 56
139 122 72
139 122 88
139 122 104
139 122 120
139 121 40
139 121 56
139 121 72
139 121 88
139 121 104
139 121 120
139 120 40
139 120 56
139 120 72
139 120 88
139 120 104
139 120 120
139 119 40
139 119 56
139 119 72
139 119 88
139 119 104
139 119 120
138 119 40
138 119 56
138 119 72
138 119 88
138 119 104
138 119 120
138 118 40
138 118 56
138 118 72
138 118 88
138 118 104
138 118 120
137 118 40
137 118 56
137 118 72
137 118 88
137 118 104
137 118 120
137 117 40
137 117 56
137 117 72
137 117 88
137 117 104
137 117 120
136 117 40
136 117 56
136 117 72
136 117 88
136 117 104
136 117 120
136 116 40
136 116 56
136 116 72
136 116 88
136 116 104
136 116 120
135 116 40
135 116 56
135 116 72
135 116 88
135 116 104
135 115 40
135 115 56
135 115 72
135 115 88
135 115 104
135 115 120
134 115 40
134 115 56
134 115 72
134 115 88
134 115 104
134 114 40
134 114 56
134 114 72
134 114 88
134 114 104
134 114 120
133 114 40
133 114 56
133 114 72
133 114 88
133 114 104
133 113 40
133 113 56
133 113 72
133 113 88
133 113 104
133 112 40
133 112 56
133 112 72
133 112 88
133 112 104
133 112 120
132 112 40
132 112 56
132 112 72
132 112 88
132 112 104
132 111 40
132 111 56
132 111 72
132 111 88
132 111 104
131 111 40
131 111 56
131 111 72
131 111 88
131 110 40
131 110 56
131 110 72
131 110 88
130 110 40
130 110 56
130 110 72
130 109 40
130 109 56
130 109 72
129 108 40
129 108 56
129 107 40
129 107 56
129 106 40
129 106 56
129 105 40
129 105 56
129 104 40
129 104 56
129 103 40
129 103 56
129 102 40
129 102 56
129 101 40
129 101 56
129 100 40
129 99 40
129 98 40
129 97 40
129 96 40
129 95 40
129 94 40
129 93 40
129 92 40
129 91 40
129 90 40
129 88 40
129 87 40
129 86 40
129 85 40
129 84 40
129 83 40
129 82 40
129 81 40
129 80 40
129 79 40
129 78 40
129 77 40
129 76 40
129 75 40
129 74 40
129 73 40
129 72 40
129 71 40
129 70 40
