9 9 100
9 29 100
9 49 100
9 69 100
9 89 100
9 109 100
9 129 100
9 149 100
9 169 100
9 189 100
29 9 100
29 29 100
29 49 100
29 69 100
29 89 100
29 109 100
29 129 100
29 149 100
29 169 100
29 189 100
49 9 100
49 29 100
49 49 100
49 69 100
49 89 100
49 109 100
49 129 100
49 149 100
49 169 100
49 189 100
69 9 100
69 29 100
69 49 100
69 69 100
69 89 100
69 109 100
69 129 100
69 149 100
69 169 100
69 189 100
89 9 100
89 29 100
89 49 100
89 69 100
89 89 100
89 109 100
89 129 100
89 149 100
89 169 100
89 189 100
109 9 100
109 29 100
109 49 100
109 69 100
109 89 100
109 109 100
109 129 100
109 149 100
109 169 100
109 189 100
129 9 100
129 29 100
129 49 100
129 69 100
129 89 100
129 109 100
129 129 100
129 149 100
129 169 100
129 189 100
149 9 100
149 29 100
149 49 100
149 69 100
149 89 100
149 109 100
149 129 100
149 149 100
149 169 100
149 189 100
169 9 100
169 29 100
169 49 100
169 69 100
169 89 100
169 109 100
169 129 100
169 149 100
169 169 100
169 189 100
189 9 100
189 29 100
189 49 100
189 69 100
189 89 100
189 109 100
189 129 100
189 149 100
189 169 100
189 189 100
9 9 100
9 29 100
9 69 100
9 89 100
9 109 100
9 169 100
9 189 100
29 9 100
29 89 100
29 109 100
49 9 100
49 29 100
49 89 100
69 9 100
69 29 100
69 49 100
69 69 100
69 89 100
69 109 100
69 129 100
69 149 100
69 169 100
69 189 100
89 9 100
89 29 100
89 49 100
89 69 100
89 89 100
89 109 100
89 129 100
89 149 100
89 169 100
89 189 100
109 9 100
109 29 100
109 89 100
109 109 100
109 129 100
109 149 100
109 169 100
129 9 100
129 29 100
129 109 100
129 129 100
129 149 100
129 169 100
129 189 100
149 9 100
149 29 100
149 49 100
149 109 100
149 129 100
149 149 100
149 169 100
149 189 100
169 9 100
169 29 100
169 49 100
169 69 100
169 89 100
169 109 100
169 129 100
169 149 100
169 169 100
169 189 100
189 9 100
189 49 100
189 69 100
189 89 100
189 109 100
189 129 100
189 149 100
189 169 100
189 189 100
34 39 40
48 94 40
48 94 42
48 94 44
48 94 46
48 94 48
48 94 50
48 94 52
48 94 54
48 94 56
48 94 58
48 94 60
48 94 62
117 184 40
114 19 40
114 19 42
114 19 44
114 19 46
114 19 48
114 19 50
114 19 52
114 19 54
114 19 56
114 19 58
114 19 60
114 19 62
114 19 64
114 19 66
114 19 68
114 19 70
114 19 72
114 19 74
37 148 40
54 198 40
54 198 42
137 74 40
38 148 40
39 148 40
40 148 40
41 148 40
42 148 40
43 148 40
44 148 40
45 148 40
46 148 40
47 148 40
48 148 40
48 148 42
49 148 40
49 148 42
49 147 40
49 147 42
49 146 40
49 146 42
49 145 40
49 145 42
49 144 40
49 144 42
49 143 40
49 143 42
49 142 40
49 142 42
49 141 40
49 141 42
49 140 40
49 140 42
49 139 40
49 139 42
49 138 40
49 138 42
49 137 40
49 137 42
49 136 40
49 136 42
49 135 40
49 135 42
49 134 40
49 134 42
49 133 40
49 133 42
49 132 40
49 132 42
49 131 40
49 131 42
49 130 40
49 130 42
49 128 40
49 128 42
49 127 40
49 126 40
49 125 40
49 124 40
49 123 40
49 122 40
49 121 40
49 120 40
49 120 42
49 119 40
49 119 42
49 118 40
49 118 42
49 117 40
49 117 42
49 116 40
49 116 42
49 115 40
49 115 42
49 114 40
49 114 42
49 113 40
49 113 42
49 112 40
49 112 42
49 111 40
49 111 42
49 110 40
49 110 42
48 109 40
48 109 42
48 108 40
48 108 42
48 107 40
48 107 42
48 106 40
48 106 42
48 105 40
48 105 42
48 104 40
48 104 42
48 103 40
48 103 42
48 103 44
48 102 40
48 102 42
48 102 44
48 101 40
48 101 42
48 101 44
48 100 40
48 100 42
48 100 44
48 100 46
48 99 40
48 99 42
48 99 44
48 99 46
48 99 48
48 98 40
48 98 42
48 98 44
48 98 46
48 98 48
48 98 50
48 98 52
48 97 40
48 97 42
48 97 44
48 97 46
48 97 48
48 97 50
48 97 52
48 97 54
48 97 56
48 96 40
48 96 42
48 96 44
48 96 46
48 96 48
48 96 50
48 96 52
48 96 54
48 96 56
48 96 58
48 95 40
48 95 42
48 95 44
48 95 46
48 95 48
48 95 50
48 95 52
48 95 54
48 95 56
48 95 58
48 95 60
54 197 40
54 197 42
54 196 40
54 196 42
54 195 40
54 195 42
54 194 40
54 194 42
53 194 40
53 194 42
53 193 40
53 193 42
52 193 40
52 193 42
52 192 40
52 192 42
51 192 40
51 192 42
51 191 40
51 191 42
50 191 40
50 191 42
50 190 40
50 190 42
49 190 40
49 188 40
49 187 40
49 186 40
49 185 40
49 184 40
49 183 40
49 182 40
49 181 40
49 180 40
49 179 40
49 178 40
49 177 40
49 176 40
49 175 40
49 174 40
49 173 40
49 172 40
49 171 40
49 170 40
49 170 42
49 168 40
49 168 42
49 167 40
49 167 42
49 166 40
49 166 42
49 165 40
49 165 42
49 164 40
49 164 42
49 163 40
49 163 42
49 162 40
49 162 42
49 161 40
49 161 42
49 160 40
49 160 42
49 159 40
49 159 42
49 158 40
49 158 42
49 157 40
49 157 42
49 156 40
49 156 42
49 155 40
49 155 42
49 154 40
49 154 42
49 153 40
49 153 42
49 152 40
49 152 42
49 151 40
49 151 42
49 150 40
49 150 42
136 74 40
135 74 40
134 74 40
133 74 40
133 73 40
133 72 40
132 72 40
131 72 40
131 71 40
130 71 40
130 70 40
129 70 40
128 69 40
127 69 40
126 69 40
125 69 40
124 69 40
123 69 40
122 69 40
121 69 40
120 69 40
119 69 40
118 69 40
117 69 40
116 69 40
115 69 40
114 69 40
113 69 40
112 69 40
111 69 40
110 69 40
110 69 42
109 68 40
109 68 42
109 67 40
109 67 42
109 66 40
109 66 42
109 65 40
109 65 42
109 64 40
109 64 42
109 63 40
109 62 40
109 61 40
109 60 40
109 59 40
109 58 40
109 57 40
109 56 40
109 55 40
109 54 40
109 54 42
109 53 40
109 53 42
109 52 40
109 52 42
109 51 40
109 51 42
109 50 40
109 50 42
109 50 44
108 49 40
108 49 42
108 49 44
107 49 40
107 49 42
107 49 44
106 49 40
106 49 42
106 49 44
106 49 46
105 49 40
105 49 42
105 49 44
105 49 46
105 49 48
104 49 40
104 49 42
104 49 44
104 49 46
104 49 48
103 49 40
103 49 42
103 49 44
103 49 46
103 49 48
103 49 50
102 49 40
102 49 42
102 49 44
102 49 46
102 49 48
102 49 50
101 49 40
101 49 42
101 49 44
101 49 46
101 49 48
101 49 50
100 49 40
100 49 42
100 49 44
100 49 46
100 49 48
100 49 50
99 49 40
99 49 42
99 49 44
99 49 46
99 49 48
98 49 40
98 49 42
98 49 44
98 49 46
97 49 40
97 49 42
97 49 44
97 49 46
96 49 40
96 49 42
96 49 44
95 49 40
95 49 42
95 49 44
94 49 40
94 49 42
94 49 44
93 49 40
93 49 42
93 49 44
93 49 46
92 49 40
92 49 42
92 49 44
92 49 46
91 49 40
91 49 42
91 49 44
91 49 46
90 49 40
90 49 42
90 49 44
90 49 46
88 49 40
88 49 42
88 49 44
88 49 46
88 49 48
87 49 40
87 49 42
87 49 44
87 49 46
87 49 48
86 49 40
86 49 42
86 49 44
86 49 46
86 49 48
86 49 50
85 49 40
85 49 42
85 49 44
85 49 46
85 49 48
85 49 50
84 49 40
84 49 42
84 49 44
84 49 46
84 49 48
84 49 50
84 49 52
83 49 40
83 49 42
83 49 44
83 49 46
83 49 48
83 49 50
83 49 52
83 49 54
83 49 56
82 49 40
82 49 42
82 49 44
82 49 46
82 49 48
82 49 50
82 49 52
82 49 54
82 49 56
82 49 58
81 49 40
81 49 42
81 49 44
81 49 46
81 49 48
81 49 50
81 49 52
81 49 54
81 49 56
81 49 58
80 49 40
80 49 42
80 49 44
80 49 46
80 49 48
80 49 50
80 49 52
80 49 54
80 49 56
80 49 58
80 49 60
79 49 40
79 49 42
79 49 44
79 49 46
79 49 48
79 49 50
79 49 52
79 49 54
79 49 56
79 49 58
79 49 60
79 49 62
78 49 40
78 49 42
78 49 44
78 49 46
78 49 48
78 49 50
78 49 52
78 49 54
78 49 56
78 49 58
78 49 60
78 49 62
78 49 64
77 49 40
77 49 42
77 49 44
77 49 46
77 49 48
77 49 50
77 49 52
77 49 54
77 49 56
77 49 58
77 49 60
77 49 62
77 49 64
77 49 66
76 49 40
76 49 42
76 49 44
76 49 46
76 49 48
76 49 50
76 49 52
76 49 54
76 49 56
76 49 58
76 49 60
76 49 62
76 49 64
76 49 66
76 49 68
75 49 40
75 49 42
75 49 44
75 49 46
75 49 48
75 49 50
75 49 52
75 49 54
75 49 56
75 49 58
75 49 60
75 49 62
75 49 64
75 49 66
75 49 68
74 49 40
74 49 42
74 49 44
74 49 46
74 49 48
74 49 50
74 49 52
74 49 54
74 49 56
74 49 58
74 49 60
74 49 62
74 49 64
74 49 66
74 49 68
73 49 40
73 49 42
73 49 44
73 49 46
73 49 48
73 49 50
73 49 52
73 49 54
73 49 56
73 49 58
73 49 60
73 49 62
73 49 64
73 49 66
73 49 68
72 49 40
72 49 42
72 49 44
72 49 46
72 49 48
72 49 50
72 49 52
72 49 54
72 49 56
72 49 58
72 49 60
72 49 62
72 49 64
72 49 66
71 49 40
71 49 42
71 49 44
71 49 46
71 49 48
71 49 50
71 49 52
71 49 54
71 49 56
71 49 58
71 49 60
71 49 62
71 49 64
70 49 40
70 49 42
70 49 44
70 49 46
70 49 48
70 49 50
70 49 52
70 49 54
70 49 56
70 49 58
70 49 60
69 49 40
69 49 42
69 49 44
69 49 46
69 49 48
69 49 50
69 49 52
68 49 40
68 49 42
68 49 44
68 49 46
68 49 48
68 49 50
68 49 52
68 49 54
68 49 56
67 49 40
67 49 42
67 49 44
67 49 46
67 49 48
67 49 50
67 49 52
67 49 54
67 49 56
66 49 40
66 49 42
66 49 44
66 49 46
66 49 48
66 49 50
66 49 52
66 49 54
65 49 40
65 49 42
65 49 44
65 49 46
65 49 48
65 49 50
65 49 52
65 49 54
64 49 40
64 49 42
64 49 44
64 49 46
64 49 48
64 49 50
64 49 52
64 49 54
63 49 40
63 49 42
63 49 44
63 49 46
63 49 48
63 49 50
63 49 52
62 49 40
62 49 42
62 49 44
62 49 46
62 49 48
62 49 50
62 49 52
61 49 40
61 49 42
61 49 44
61 49 46
61 49 48
61 49 50
61 49 52
60 49 40
60 49 42
60 49 44
60 49 46
60 49 48
60 49 50
59 49 40
59 49 42
59 49 44
59 49 46
59 49 48
58 49 40
58 49 42
58 49 44
58 49 46
58 49 48
57 49 40
57 49 42
57 49 44
57 49 46
56 49 40
56 49 42
56 49 44
55 49 40
55 49 42
54 49 40
54 49 42
53 49 40
53 49 42
52 49 40
51 49 40
50 49 40
48 49 40
48 48 40
47 48 40
47 47 40
46 47 40
45 47 40
44 47 40
43 47 40
42 47 40
41 47 40
40 47 40
39 47 40
38 47 40
37 47 40
36 47 40
35 47 40
34 47 40
34 46 40
34 45 40
34 44 40
34 43 40
34 42 40
34 41 40
34 40 40
114 20 40
114 20 42
114 20 44
114 20 46
114 20 48
114 20 50
114 20 52
114 20 54
114 20 56
114 20 58
114 20 60
114 20 62
114 20 64
114 20 66
114 20 68
114 20 70
114 20 72
114 21 40
114 21 42
114 21 44
114 21 46
114 21 48
114 21 50
114 21 52
114 21 54
114 21 56
114 21 58
114 21 60
114 21 62
114 21 64
114 21 66
114 21 68
114 21 70
114 22 40
114 22 42
114 22 44
114 22 46
114 22 48
114 22 50
114 22 52
114 22 54
114 22 56
114 22 58
114 22 60
114 22 62
114 22 64
114 22 66
114 22 68
114 23 40
114 23 42
114 23 44
114 23 46
114 23 48
114 23 50
114 23 52
114 23 54
114 23 56
114 23 58
114 23 60
114 23 62
114 23 64
114 23 66
114 24 40
114 24 42
114 24 44
114 24 46
114 24 48
114 24 50
114 24 52
114 24 54
114 24 56
114 24 58
114 24 60
114 24 62
114 25 40
114 25 42
114 25 44
114 25 46
114 25 48
114 25 50
114 25 52
114 25 54
114 25 56
114 25 58
114 26 40
114 26 42
114 26 44
114 26 46
114 26 48
114 26 50
114 26 52
114 26 54
114 26 56
114 27 40
114 27 42
114 27 44
114 27 46
114 27 48
114 27 50
114 27 52
114 27 54
114 28 40
114 28 42
114 28 44
114 28 46
114 28 48
114 28 50
114 28 52
114 29 40
114 29 42
114 29 44
114 29 46
114 29 48
114 29 50
114 30 40
114 30 42
114 30 44
114 30 46
114 30 48
114 30 50
114 31 40
114 31 42
114 31 44
114 31 46
114 31 48
114 32 40
114 32 42
114 32 44
114 32 46
114 32 48
114 33 40
114 33 42
114 33 44
114 33 46
114 33 48
114 34 40
114 34 42
114 34 44
114 34 46
114 35 40
114 35 42
114 35 44
114 35 46
114 36 40
114 36 42
114 36 44
114 36 46
114 37 40
114 37 42
114 37 44
114 38 40
114 38 42
114 38 44
114 39 40
114 39 42
114 39 44
114 40 40
114 40 42
114 40 44
114 41 40
114 41 42
114 41 44
114 42 40
114 42 42
114 42 44
114 43 40
114 43 42
114 43 44
114 44 40
114 44 42
114 44 44
114 45 40
114 45 42
114 45 44
114 46 40
114 46 42
114 46 44
113 46 40
113 46 42
113 46 44
112 46 40
112 46 42
112 46 44
112 47 40
112 47 42
112 47 44
111 47 40
111 47 42
111 47 44
111 48 40
111 48 42
111 48 44
110 48 40
110 48 42
110 48 44
110 49 40
110 49 42
110 49 44
