Solve07 =  15908304
Solve06 =  16149557
PASS
[32 138784 221756 -82972 19800 20200 -400]
[68 242896 324324 -81428 16940 23060 -6120]
[67 325360 390588 -65228 14300 25700 -11400]
[13 262320 319260 -56940 9680 30320 -20640]
[38 98720 154312 -55592 25960 14040 11920]
[64 170320 223568 -53248 20020 19980 40]
[35 64204 117192 -52988 16940 23060 -6120]
[40 241624 294012 -52388 23320 16680 6640]
[18 151600 199372 -47772 22440 17560 4880]
[36 73100 120424 -47324 20020 19980 40]
[82 189072 234144 -45072 16720 23280 -6560]
[62 95616 132604 -36988 26620 13380 13240]
[30 274640 310708 -36068 16280 23720 -7440]
[72 104772 137084 -32312 23760 16240 7520]
[23 80480 111203 -30723 19140 20860 -1720]
[60 72296 102896 -30600 22880 17120 5760]
[33 121320 151512 -30192 25740 14260 11480]
[47 109352 139108 -29756 23320 16680 6640]
[16 116988 146460 -29472 27060 12940 14120]
[4 111270 139936 -28666 12540 27460 -14920]
[83 77536 100900 -23364 18700 21300 -2600]
[8 40588 63568 -22980 20240 19760 480]
[73 203240 225952 -22712 21340 18660 2680]
[55 57482 79434 -21952 16060 23940 -7880]
[28 45672 67072 -21400 25300 14700 10600]
[25 104560 124084 -19524 20460 19540 920]
[21 43996 63260 -19264 28160 11840 16320]
[19 150288 169256 -18968 24640 15360 9280]
[86 51636 70292 -18656 22660 17340 5320]
[1 31943 50330 -18387 23540 16460 7080]
[91 94048 112408 -18360 23540 16460 7080]
[70 64544 82792 -18248 22000 18000 4000]
[93 108176 126008 -17832 16500 23500 -7000]
[24 48638 66444 -17806 28160 11840 16320]
[69 130428 147584 -17156 26840 13160 13680]
[74 244500 261456 -16956 25080 14920 10160]
[98 112076 128872 -16796 16500 23500 -7000]
[80 70540 87156 -16616 23760 16240 7520]
[26 38960 55050 -16090 27720 12280 15440]
[65 170204 186200 -15996 22440 17560 4880]
[11 42220 57616 -15396 26400 13600 12800]
[57 106784 121944 -15160 22440 17560 4880]
[51 44404 58984 -14580 26620 13380 13240]
[52 83640 98140 -14500 24860 15140 9720]
[42 44241 58740 -14499 25740 14260 11480]
[9 96636 110960 -14324 18480 21520 -3040]
[54 41152 55456 -14304 20240 19760 480]
[89 33616 47358 -13742 29040 10960 18080]
[39 75760 88864 -13104 18260 21740 -3480]
[58 68224 79932 -11708 19580 20420 -840]
[99 62924 74264 -11340 15620 24380 -8760]
[20 53420 64732 -11312 16720 23280 -6560]
[85 93172 104236 -11064 25960 14040 11920]
[53 393028 402728 -9700 21340 18660 2680]
[84 116832 126320 -9488 16500 23500 -7000]
[81 107308 116696 -9388 25960 14040 11920]
[88 307888 314444 -6556 17600 22400 -4800]
[56 183560 189996 -6436 16940 23060 -6120]
[49 85900 92148 -6248 28820 11180 17640]
[96 76928 83132 -6204 26620 13380 13240]
[41 79256 84108 -4852 27060 12940 14120]
[3 43102 47864 -4762 21120 18880 2240]
[94 71780 76372 -4592 23540 16460 7080]
[61 241676 245760 -4084 11880 28120 -16240]
[92 77080 79048 -1968 27940 12060 15880]
[12 263872 263944 -72 22660 17340 5320]
[7 100602 99930 672 18700 21300 -2600]
[43 84304 80980 3324 25520 14480 11040]
[2 344680 338456 6224 12540 27460 -14920]
[50 309796 300984 8812 26180 13820 12360]
[77 127446 116772 10674 16280 23720 -7440]
[34 184064 172744 11320 18260 21740 -3480]
[63 196108 184688 11420 20240 19760 480]
[46 250496 236688 13808 23760 16240 7520]
[6 296944 279828 17116 12540 27460 -14920]
[31 140692 123020 17672 19800 20200 -400]
[15 98364 78488 19876 25080 14920 10160]
[27 112570 91820 20750 23320 16680 6640]
[59 115687 94887 20800 22220 17780 4440]
[79 243660 222248 21412 15180 24820 -9640]
[37 144782 118238 26544 19360 20640 -1280]
[97 142128 110444 31684 27500 12500 15000]
[5 254984 220840 34144 24420 15580 8840]
[75 255456 214196 41260 17160 22840 -5680]
[45 343576 298820 44756 19360 20640 -1280]
[48 157289 112425 44864 19580 20420 -840]
[78 268976 207636 61340 24640 15360 9280]
[76 305844 243106 62738 11220 28780 -17560]
[95 190260 126422 63838 20460 19540 920]
[66 135792 69154 66638 23760 16240 7520]
[44 265612 193692 71920 17380 22620 -5240]
[90 246828 173988 72840 17600 22400 -4800]
[0 288472 214036 74436 12760 27240 -14480]
[22 303508 220392 83116 16280 23720 -7440]
[17 222429 112614 109815 23100 16900 6200]
[87 332372 220844 111528 15400 24600 -9200]
[10 387592 254996 132596 18700 21300 -2600]
[29 719860 576960 142900 14960 25040 -10080]
[14 459904 303680 156224 12320 27680 -15360]
[71 290288 111921 178367 17380 22620 -5240]
ok  	github.com/hima398/go-programming-contest/atcoder/ahc018/a	77.849s
