0 0 100
0 20 100
0 40 100
0 60 100
0 80 100
0 100 100
0 120 100
0 140 100
0 160 100
0 180 100
0 199 100
11 10 100
11 30 100
11 50 100
11 70 100
11 90 100
11 110 100
11 130 100
11 150 100
11 170 100
11 190 100
22 0 100
22 20 100
22 40 100
22 60 100
22 80 100
22 100 100
22 120 100
22 140 100
22 160 100
22 180 100
22 199 100
33 10 100
33 30 100
33 50 100
33 70 100
33 90 100
33 110 100
33 130 100
33 150 100
33 170 100
33 190 100
44 0 100
44 20 100
44 40 100
44 60 100
44 80 100
44 100 100
44 120 100
44 140 100
44 160 100
44 180 100
44 199 100
55 10 100
55 30 100
55 50 100
55 70 100
55 90 100
55 110 100
55 130 100
55 150 100
55 170 100
55 190 100
66 0 100
66 20 100
66 40 100
66 60 100
66 80 100
66 100 100
66 120 100
66 140 100
66 160 100
66 180 100
66 199 100
77 10 100
77 30 100
77 50 100
77 70 100
77 90 100
77 110 100
77 130 100
77 150 100
77 170 100
77 190 100
88 0 100
88 20 100
88 40 100
88 60 100
88 80 100
88 100 100
88 120 100
88 140 100
88 160 100
88 180 100
88 199 100
99 10 100
99 30 100
99 50 100
99 70 100
99 90 100
99 110 100
99 130 100
99 150 100
99 170 100
99 190 100
110 0 100
110 20 100
110 40 100
110 60 100
110 80 100
110 100 100
110 120 100
110 140 100
110 160 100
110 180 100
110 199 100
121 10 100
121 30 100
121 50 100
121 70 100
121 90 100
121 110 100
121 130 100
121 150 100
121 170 100
121 190 100
132 0 100
132 20 100
132 40 100
132 60 100
132 80 100
132 100 100
132 120 100
132 140 100
132 160 100
132 180 100
132 199 100
143 10 100
143 30 100
143 50 100
143 70 100
143 90 100
143 110 100
143 130 100
143 150 100
143 170 100
143 190 100
154 0 100
154 20 100
154 40 100
154 60 100
154 80 100
154 100 100
154 120 100
154 140 100
154 160 100
154 180 100
154 199 100
165 10 100
165 30 100
165 50 100
165 70 100
165 90 100
165 110 100
165 130 100
165 150 100
165 170 100
165 190 100
176 0 100
176 20 100
176 40 100
176 60 100
176 80 100
176 100 100
176 120 100
176 140 100
176 160 100
176 180 100
176 199 100
187 10 100
187 30 100
187 50 100
187 70 100
187 90 100
187 110 100
187 130 100
187 150 100
187 170 100
187 190 100
198 0 100
198 20 100
198 40 100
198 60 100
198 80 100
198 100 100
198 120 100
198 140 100
198 160 100
198 180 100
198 199 100
0 20 100
0 40 100
0 60 100
0 80 100
0 100 100
0 120 100
0 140 100
0 160 100
0 180 100
0 199 100
11 10 100
11 30 100
11 50 100
11 70 100
11 110 100
11 130 100
11 170 100
11 190 100
22 0 100
22 20 100
22 40 100
22 60 100
22 80 100
22 120 100
22 140 100
22 160 100
22 199 100
33 10 100
33 30 100
33 50 100
33 70 100
33 90 100
33 110 100
33 130 100
33 150 100
33 170 100
33 190 100
44 0 100
44 20 100
44 40 100
44 80 100
44 120 100
44 140 100
44 160 100
44 180 100
44 199 100
55 10 100
55 50 100
55 110 100
55 130 100
55 170 100
55 190 100
66 0 100
66 20 100
66 40 100
66 80 100
66 100 100
66 120 100
66 160 100
66 180 100
66 199 100
77 10 100
77 30 100
77 50 100
77 70 100
77 90 100
77 170 100
77 190 100
88 0 100
88 20 100
88 40 100
88 60 100
88 80 100
88 100 100
88 120 100
88 160 100
88 180 100
99 10 100
99 30 100
99 50 100
99 90 100
99 110 100
99 130 100
99 170 100
99 190 100
110 20 100
110 40 100
110 60 100
110 80 100
110 100 100
110 120 100
110 140 100
110 180 100
110 199 100
121 10 100
121 30 100
121 50 100
121 70 100
121 90 100
121 110 100
121 130 100
121 150 100
121 190 100
132 0 100
132 20 100
132 60 100
132 80 100
132 100 100
132 120 100
132 140 100
132 160 100
143 10 100
143 30 100
143 70 100
143 90 100
143 110 100
143 130 100
143 170 100
154 0 100
154 20 100
154 60 100
154 100 100
154 120 100
154 160 100
154 180 100
165 10 100
165 50 100
165 90 100
165 110 100
165 130 100
165 150 100
165 170 100
165 190 100
176 0 100
176 20 100
176 40 100
176 80 100
176 100 100
176 120 100
176 140 100
176 160 100
176 199 100
187 30 100
187 50 100
187 70 100
187 90 100
187 110 100
187 130 100
187 150 100
187 190 100
198 0 100
198 40 100
198 60 100
198 80 100
198 100 100
198 120 100
198 140 100
198 160 100
198 199 100
104 45 40
104 45 42
104 45 44
104 45 46
104 45 48
104 45 50
104 45 52
104 45 54
104 45 56
104 45 58
104 45 60
104 45 62
180 170 40
28 183 40
79 101 40
195 15 40
23 102 40
23 102 42
80 141 40
150 145 40
59 69 40
53 35 40
194 15 40
193 15 40
192 15 40
191 15 40
190 15 40
189 15 40
188 15 40
187 15 40
186 15 40
186 16 40
185 16 40
184 16 40
184 17 40
184 17 42
183 17 40
183 17 42
183 18 40
183 18 42
182 18 40
182 18 42
182 18 44
182 19 40
182 19 42
182 19 44
182 19 46
181 19 40
181 19 42
181 19 44
181 19 46
180 19 40
180 19 42
180 19 44
180 19 46
180 20 40
180 20 42
180 20 44
180 20 46
180 20 48
180 20 50
179 20 40
179 20 42
179 20 44
179 20 46
179 20 48
179 20 50
179 21 40
179 21 42
179 21 44
179 21 46
179 21 48
179 21 50
179 21 52
179 21 54
179 21 56
178 21 40
178 21 42
178 21 44
178 21 46
178 21 48
178 21 50
178 21 52
178 21 54
178 22 40
178 22 42
178 22 44
178 22 46
178 22 48
178 22 50
178 22 52
178 22 54
178 22 56
178 22 58
178 22 60
177 22 40
177 22 42
177 22 44
177 22 46
177 22 48
177 22 50
177 22 52
177 22 54
177 22 56
177 22 58
177 23 40
177 23 42
177 23 44
177 23 46
177 23 48
177 23 50
177 23 52
177 23 54
177 23 56
177 23 58
177 23 60
177 23 62
176 23 40
176 23 42
176 23 44
176 23 46
176 23 48
176 23 50
176 23 52
176 23 54
176 23 56
176 23 58
176 24 40
176 24 42
176 24 44
176 24 46
176 24 48
176 24 50
176 24 52
176 24 54
176 24 56
176 24 58
176 24 60
176 24 62
175 24 40
175 24 42
175 24 44
175 24 46
175 24 48
175 24 50
175 24 52
175 24 54
175 24 56
175 24 58
175 25 40
175 25 42
175 25 44
175 25 46
175 25 48
175 25 50
175 25 52
175 25 54
175 25 56
175 25 58
175 25 60
175 25 62
174 25 40
174 25 42
174 25 44
174 25 46
174 25 48
174 25 50
174 25 52
174 25 54
174 25 56
174 26 40
174 26 42
174 26 44
174 26 46
174 26 48
174 26 50
174 26 52
174 26 54
174 26 56
174 26 58
174 26 60
173 26 40
173 26 42
173 26 44
173 26 46
173 26 48
173 26 50
173 26 52
173 26 54
173 27 40
173 27 42
173 27 44
173 27 46
173 27 48
173 27 50
173 27 52
173 27 54
173 27 56
172 27 40
172 27 42
172 27 44
172 27 46
172 27 48
172 27 50
172 27 52
172 28 40
172 28 42
172 28 44
172 28 46
172 28 48
172 28 50
172 28 52
172 28 54
171 28 40
171 28 42
171 28 44
171 28 46
171 28 48
171 28 50
170 28 40
170 28 42
170 28 44
170 28 46
170 29 40
170 29 42
170 29 44
170 29 46
170 29 48
169 29 40
169 29 42
169 29 44
169 30 40
169 30 42
169 30 44
169 30 46
168 30 40
168 30 42
168 30 44
168 31 40
168 31 42
168 31 44
168 31 46
167 31 40
167 31 42
167 31 44
167 32 40
167 32 42
167 32 44
166 32 40
166 32 42
166 33 40
166 33 42
166 33 44
165 33 40
165 33 42
165 34 40
165 34 42
165 34 44
164 34 40
164 34 42
164 35 40
164 35 42
164 35 44
163 35 40
163 35 42
163 36 40
163 36 42
163 36 44
162 36 40
162 36 42
162 37 40
162 37 42
161 37 40
161 37 42
161 38 40
161 38 42
160 38 40
160 38 42
159 38 40
159 38 42
159 39 40
159 39 42
158 39 40
158 39 42
158 40 40
158 40 42
157 40 40
157 40 42
157 41 40
157 41 42
156 41 40
156 41 42
156 42 40
156 42 42
156 42 44
155 42 40
155 42 42
155 43 40
155 43 42
155 43 44
154 43 40
154 43 42
154 43 44
154 44 40
154 44 42
154 44 44
154 44 46
153 44 40
153 44 42
153 44 44
153 45 40
153 45 42
153 45 44
153 45 46
152 45 40
152 45 42
152 45 44
152 45 46
152 46 40
152 46 42
152 46 44
152 46 46
152 46 48
151 46 40
151 46 42
151 46 44
151 46 46
150 46 40
150 46 42
150 46 44
150 47 40
150 47 42
150 47 44
150 47 46
150 47 48
149 47 40
149 47 42
149 47 44
149 47 46
148 47 40
148 47 42
148 47 44
147 47 40
147 47 42
146 47 40
146 47 42
145 47 40
144 47 40
143 47 40
142 47 40
141 47 40
140 47 40
140 46 40
139 46 40
138 46 40
138 45 40
137 45 40
136 45 40
135 45 40
134 45 40
133 45 40
132 45 40
131 45 40
130 45 40
129 45 40
128 45 40
127 45 40
126 45 40
125 45 40
124 45 40
124 45 42
123 45 40
123 45 42
122 45 40
122 45 42
121 45 40
121 45 42
120 45 40
120 45 42
120 45 44
119 45 40
119 45 42
119 45 44
118 45 40
118 45 42
118 45 44
117 45 40
117 45 42
117 45 44
117 45 46
116 45 40
116 45 42
116 45 44
116 45 46
115 45 40
115 45 42
115 45 44
115 45 46
115 45 48
114 45 40
114 45 42
114 45 44
114 45 46
114 45 48
113 45 40
113 45 42
113 45 44
113 45 46
113 45 48
113 45 50
112 45 40
112 45 42
112 45 44
112 45 46
112 45 48
112 45 50
112 45 52
111 45 40
111 45 42
111 45 44
111 45 46
111 45 48
111 45 50
111 45 52
110 45 40
110 45 42
110 45 44
110 45 46
110 45 48
110 45 50
110 45 52
110 45 54
109 45 40
109 45 42
109 45 44
109 45 46
109 45 48
109 45 50
109 45 52
109 45 54
109 45 56
108 45 40
108 45 42
108 45 44
108 45 46
108 45 48
108 45 50
108 45 52
108 45 54
108 45 56
108 45 58
107 45 40
107 45 42
107 45 44
107 45 46
107 45 48
107 45 50
107 45 52
107 45 54
107 45 56
107 45 58
107 45 60
106 45 40
106 45 42
106 45 44
106 45 46
106 45 48
106 45 50
106 45 52
106 45 54
106 45 56
106 45 58
106 45 60
105 45 40
105 45 42
105 45 44
105 45 46
105 45 48
105 45 50
105 45 52
105 45 54
105 45 56
105 45 58
105 45 60
105 45 62
59 68 40
60 68 40
61 68 40
61 67 40
62 67 40
62 66 40
63 66 40
64 66 40
64 65 40
65 65 40
66 65 40
67 65 40
68 65 40
69 65 40
70 65 40
71 65 40
72 65 40
73 65 40
74 65 40
75 65 40
76 65 40
77 65 40
78 65 40
79 65 40
79 65 42
80 65 40
80 65 42
81 65 40
81 65 42
81 65 44
82 65 40
82 65 42
82 65 44
83 65 40
83 65 42
83 65 44
83 65 46
84 65 40
84 65 42
84 65 44
84 65 46
85 65 40
85 65 42
85 65 44
85 65 46
86 65 40
86 65 42
86 65 44
86 65 46
87 65 40
87 65 42
87 65 44
87 65 46
88 65 40
88 65 42
88 65 44
88 65 46
89 65 40
89 65 42
89 65 44
90 65 40
90 65 42
90 65 44
91 65 40
91 65 42
92 65 40
92 65 42
93 65 40
93 65 42
94 65 40
95 65 40
96 65 40
97 65 40
98 65 40
99 65 40
100 65 40
101 65 40
102 65 40
103 65 40
104 65 40
104 64 40
104 63 40
104 62 40
104 62 42
104 61 40
104 61 42
104 60 40
104 60 42
104 59 40
104 59 42
104 58 40
104 58 42
104 58 44
104 57 40
104 57 42
104 57 44
104 57 46
104 56 40
104 56 42
104 56 44
104 56 46
104 56 48
104 55 40
104 55 42
104 55 44
104 55 46
104 55 48
104 55 50
104 54 40
104 54 42
104 54 44
104 54 46
104 54 48
104 54 50
104 54 52
104 54 54
104 53 40
104 53 42
104 53 44
104 53 46
104 53 48
104 53 50
104 53 52
104 53 54
104 53 56
104 52 40
104 52 42
104 52 44
104 52 46
104 52 48
104 52 50
104 52 52
104 52 54
104 52 56
104 52 58
104 51 40
104 51 42
104 51 44
104 51 46
104 51 48
104 51 50
104 51 52
104 51 54
104 51 56
104 51 58
104 51 60
104 51 62
104 50 40
104 50 42
104 50 44
104 50 46
104 50 48
104 50 50
104 50 52
104 50 54
104 50 56
104 50 58
104 50 60
104 50 62
104 49 40
104 49 42
104 49 44
104 49 46
104 49 48
104 49 50
104 49 52
104 49 54
104 49 56
104 49 58
104 49 60
104 49 62
104 49 64
104 48 40
104 48 42
104 48 44
104 48 46
104 48 48
104 48 50
104 48 52
104 48 54
104 48 56
104 48 58
104 48 60
104 48 62
104 48 64
104 47 40
104 47 42
104 47 44
104 47 46
104 47 48
104 47 50
104 47 52
104 47 54
104 47 56
104 47 58
104 47 60
104 47 62
104 47 64
104 46 40
104 46 42
104 46 44
104 46 46
104 46 48
104 46 50
104 46 52
104 46 54
104 46 56
104 46 58
104 46 60
104 46 62
79 102 40
79 103 40
79 104 40
79 105 40
79 106 40
78 106 40
77 106 40
76 106 40
75 106 40
75 106 42
74 106 40
74 106 42
73 106 40
73 106 42
73 106 44
72 106 40
72 106 42
72 106 44
72 106 46
72 105 40
72 105 42
72 105 44
71 105 40
71 105 42
71 105 44
71 105 46
71 104 40
71 104 42
71 104 44
70 104 40
70 104 42
70 104 44
70 104 46
70 103 40
70 103 42
70 103 44
70 103 46
69 103 40
69 103 42
69 103 44
69 103 46
69 102 40
69 102 42
69 102 44
69 102 46
68 102 40
68 102 42
68 102 44
68 102 46
67 102 40
67 102 42
67 102 44
67 102 46
67 102 48
67 101 40
67 101 42
67 101 44
67 101 46
67 101 48
66 101 40
66 101 42
66 101 44
66 101 46
66 101 48
65 100 40
65 100 42
65 100 44
65 100 46
65 100 48
65 99 40
65 99 42
65 99 44
65 99 46
65 99 48
64 99 40
64 99 42
64 99 44
64 99 46
64 99 48
64 98 40
64 98 42
64 98 44
64 98 46
64 98 48
63 98 40
63 98 42
63 98 44
63 98 46
63 98 48
63 97 40
63 97 42
63 97 44
63 97 46
63 97 48
62 97 40
62 97 42
62 97 44
62 97 46
62 97 48
61 97 40
61 97 42
61 97 44
61 97 46
61 96 40
61 96 42
61 96 44
61 96 46
60 96 40
60 96 42
60 96 44
59 96 40
59 96 42
59 96 44
59 95 40
59 95 42
59 95 44
58 95 40
58 95 42
57 95 40
57 95 42
56 95 40
56 95 42
55 95 40
54 95 40
54 94 40
53 94 40
53 93 40
53 92 40
52 92 40
52 91 40
52 90 40
52 89 40
52 88 40
52 87 40
52 86 40
52 85 40
52 84 40
52 83 40
52 82 40
52 81 40
52 80 40
52 79 40
52 78 40
52 77 40
52 76 40
52 75 40
53 75 40
53 74 40
53 73 40
54 73 40
54 72 40
54 71 40
55 71 40
56 71 40
56 70 40
57 70 40
58 70 40
58 69 40
79 141 40
79 140 40
79 139 40
79 138 40
79 137 40
79 136 40
79 135 40
79 134 40
79 133 40
79 132 40
79 131 40
79 130 40
79 130 42
79 129 40
79 129 42
79 128 40
79 128 42
79 127 40
79 127 42
79 127 44
79 126 40
79 126 42
79 126 44
79 126 46
79 126 48
79 125 40
79 125 42
79 125 44
79 125 46
79 125 48
79 125 50
79 124 40
79 124 42
79 124 44
79 124 46
79 124 48
79 124 50
79 124 52
79 124 54
79 123 40
79 123 42
79 123 44
79 123 46
79 123 48
79 123 50
79 123 52
79 123 54
79 123 56
79 122 40
79 122 42
79 122 44
79 122 46
79 122 48
79 122 50
79 122 52
79 122 54
79 122 56
79 122 58
79 121 40
79 121 42
79 121 44
79 121 46
79 121 48
79 121 50
79 121 52
79 121 54
79 121 56
79 121 58
79 121 60
79 120 40
79 120 42
79 120 44
79 120 46
79 120 48
79 120 50
79 120 52
79 120 54
79 120 56
79 120 58
79 119 40
79 119 42
79 119 44
79 119 46
79 119 48
79 119 50
79 119 52
79 119 54
79 119 56
79 118 40
79 118 42
79 118 44
79 118 46
79 118 48
79 118 50
79 118 52
79 118 54
79 117 40
79 117 42
79 117 44
79 117 46
79 117 48
79 117 50
79 117 52
79 116 40
79 116 42
79 116 44
79 116 46
79 116 48
79 115 40
79 115 42
79 115 44
79 115 46
79 114 40
79 114 42
79 114 44
79 113 40
79 113 42
79 112 40
79 112 42
79 111 40
79 111 42
79 110 40
79 109 40
79 108 40
79 107 40
53 36 40
53 36 42
52 36 40
52 36 42
52 37 40
52 37 42
51 37 40
51 37 42
51 38 40
51 38 42
50 38 40
50 38 42
49 38 40
49 38 42
49 39 40
49 39 42
49 39 44
48 39 40
48 39 42
48 39 44
48 40 40
48 40 42
48 40 44
47 40 40
47 40 42
47 40 44
47 41 40
47 41 42
47 41 44
47 41 46
46 41 40
46 41 42
46 41 44
46 41 46
46 42 40
46 42 42
46 42 44
46 42 46
46 42 48
46 43 40
46 43 42
46 43 44
46 43 46
46 43 48
46 44 40
46 44 42
46 44 44
46 44 46
46 44 48
46 45 40
46 45 42
46 45 44
46 45 46
46 45 48
46 45 50
46 46 40
46 46 42
46 46 44
46 46 46
46 46 48
46 46 50
46 47 40
46 47 42
46 47 44
46 47 46
46 47 48
46 47 50
46 48 40
46 48 42
46 48 44
46 48 46
46 48 48
46 49 40
46 49 42
46 49 44
46 49 46
46 49 48
46 50 40
46 50 42
46 50 44
46 50 46
46 50 48
46 51 40
46 51 42
46 51 44
46 51 46
46 51 48
46 52 40
46 52 42
46 52 44
46 52 46
46 53 40
46 53 42
46 53 44
46 53 46
46 54 40
46 54 42
46 54 44
46 54 46
46 55 40
46 55 42
46 55 44
46 56 40
46 56 42
46 56 44
46 57 40
46 57 42
46 57 44
46 58 40
46 58 42
46 58 44
46 59 40
46 59 42
46 60 40
46 60 42
46 61 40
46 61 42
46 62 40
46 62 42
46 63 40
46 63 42
47 63 40
47 63 42
47 64 40
47 64 42
48 64 40
48 65 40
49 65 40
49 66 40
50 66 40
50 67 40
51 67 40
51 68 40
52 68 40
52 69 40
53 69 40
53 70 40
54 70 40
24 102 40
24 102 42
25 102 40
25 102 42
26 102 40
26 102 42
26 102 44
27 102 40
27 102 42
27 102 44
28 102 40
28 102 42
28 102 44
28 102 46
29 102 40
29 102 42
29 102 44
29 102 46
30 102 40
30 102 42
30 102 44
30 102 46
30 102 48
31 102 40
31 102 42
31 102 44
31 102 46
31 102 48
31 102 50
32 102 40
32 102 42
32 102 44
32 102 46
32 102 48
32 102 50
33 102 40
33 102 42
33 102 44
33 102 46
33 102 48
33 102 50
34 102 40
34 102 42
34 102 44
34 102 46
34 102 48
35 102 40
35 102 42
35 102 44
35 102 46
35 102 48
36 102 40
36 102 42
36 102 44
36 102 46
37 102 40
37 102 42
37 102 44
38 102 40
38 102 42
38 102 44
39 102 40
39 102 42
40 102 40
40 102 42
41 102 40
42 102 40
43 102 40
44 102 40
45 102 40
46 102 40
46 102 42
46 101 40
47 101 40
47 100 40
48 100 40
48 99 40
49 99 40
49 98 40
50 98 40
50 97 40
51 97 40
51 96 40
52 96 40
52 95 40
53 95 40
150 146 40
150 147 40
150 148 40
149 148 40
148 148 40
148 149 40
147 149 40
147 150 40
146 150 40
146 151 40
145 151 40
145 151 42
145 152 40
145 152 42
144 152 40
144 152 42
144 153 40
144 153 42
144 153 44
143 153 40
143 153 42
143 153 44
143 153 46
143 154 40
143 154 42
143 154 44
143 154 46
143 154 48
143 154 50
142 154 40
142 154 42
142 154 44
142 154 46
142 154 48
142 154 50
142 154 52
142 154 54
142 154 56
142 155 40
142 155 42
142 155 44
142 155 46
142 155 48
142 155 50
142 155 52
142 155 54
142 155 56
142 155 58
142 155 60
142 155 62
141 155 40
141 155 42
141 155 44
141 155 46
141 155 48
141 155 50
141 155 52
141 155 54
141 155 56
141 155 58
141 155 60
141 155 62
141 155 64
141 155 66
141 155 68
141 155 70
141 156 40
141 156 42
141 156 44
141 156 46
141 156 48
141 156 50
141 156 52
141 156 54
141 156 56
141 156 58
141 156 60
141 156 62
141 156 64
141 156 66
141 156 68
141 156 70
141 156 72
141 156 74
141 156 76
141 156 78
140 156 40
140 156 42
140 156 44
140 156 46
140 156 48
140 156 50
140 156 52
140 156 54
140 156 56
140 156 58
140 156 60
140 156 62
140 156 64
140 156 66
140 156 68
140 156 70
140 156 72
140 156 74
140 156 76
140 156 78
140 156 80
140 156 82
140 156 84
140 156 86
140 156 88
140 157 40
140 157 42
140 157 44
140 157 46
140 157 48
140 157 50
140 157 52
140 157 54
140 157 56
140 157 58
140 157 60
140 157 62
140 157 64
140 157 66
140 157 68
140 157 70
140 157 72
140 157 74
140 157 76
140 157 78
140 157 80
140 157 82
140 157 84
140 157 86
140 157 88
140 157 90
140 157 92
140 157 94
140 157 96
139 157 40
139 157 42
139 157 44
139 157 46
139 157 48
139 157 50
139 157 52
139 157 54
139 157 56
139 157 58
139 157 60
139 157 62
139 157 64
139 157 66
139 157 68
139 157 70
139 157 72
139 157 74
139 157 76
139 157 78
139 157 80
139 157 82
139 157 84
139 157 86
139 157 88
139 157 90
139 157 92
139 157 94
139 157 96
139 157 98
139 157 100
139 157 102
139 157 104
139 157 106
139 158 40
139 158 42
139 158 44
139 158 46
139 158 48
139 158 50
139 158 52
139 158 54
139 158 56
139 158 58
139 158 60
139 158 62
139 158 64
139 158 66
139 158 68
139 158 70
139 158 72
139 158 74
139 158 76
139 158 78
139 158 80
139 158 82
139 158 84
139 158 86
139 158 88
139 158 90
139 158 92
139 158 94
139 158 96
139 158 98
139 158 100
139 158 102
139 158 104
139 158 106
139 158 108
139 158 110
138 158 40
138 158 42
138 158 44
138 158 46
138 158 48
138 158 50
138 158 52
138 158 54
138 158 56
138 158 58
138 158 60
138 158 62
138 158 64
138 158 66
138 158 68
138 158 70
138 158 72
138 158 74
138 158 76
138 158 78
138 158 80
138 158 82
138 158 84
138 158 86
138 158 88
138 158 90
138 158 92
138 158 94
138 158 96
138 158 98
138 158 100
138 158 102
138 158 104
138 158 106
138 158 108
138 158 110
138 158 112
138 158 114
138 158 116
138 158 118
137 158 40
137 158 42
137 158 44
137 158 46
137 158 48
137 158 50
137 158 52
137 158 54
137 158 56
137 158 58
137 158 60
137 158 62
137 158 64
137 158 66
137 158 68
137 158 70
137 158 72
137 158 74
137 158 76
137 158 78
137 158 80
137 158 82
137 158 84
137 158 86
137 158 88
137 158 90
137 158 92
137 158 94
137 158 96
137 158 98
137 158 100
137 158 102
137 158 104
137 158 106
137 158 108
137 158 110
137 158 112
137 158 114
137 158 116
137 158 118
137 158 120
137 158 122
137 158 124
136 158 40
136 158 42
136 158 44
136 158 46
136 158 48
136 158 50
136 158 52
136 158 54
136 158 56
136 158 58
136 158 60
136 158 62
136 158 64
136 158 66
136 158 68
136 158 70
136 158 72
136 158 74
136 158 76
136 158 78
136 158 80
136 158 82
136 158 84
136 158 86
136 158 88
136 158 90
136 158 92
136 158 94
136 158 96
136 158 98
136 158 100
136 158 102
136 158 104
136 158 106
136 158 108
136 158 110
136 158 112
136 158 114
136 158 116
136 158 118
136 158 120
136 158 122
136 158 124
136 158 126
136 158 128
135 158 40
135 158 42
135 158 44
135 158 46
135 158 48
135 158 50
135 158 52
135 158 54
135 158 56
135 158 58
135 158 60
135 158 62
135 158 64
135 158 66
135 158 68
135 158 70
135 158 72
135 158 74
135 158 76
135 158 78
135 158 80
135 158 82
135 158 84
135 158 86
135 158 88
135 158 90
135 158 92
135 158 94
135 158 96
135 158 98
135 158 100
135 158 102
135 158 104
135 158 106
135 158 108
135 158 110
135 158 112
135 158 114
135 158 116
135 158 118
135 158 120
135 158 122
135 158 124
135 158 126
135 158 128
135 158 130
134 158 40
134 158 42
134 158 44
134 158 46
134 158 48
134 158 50
134 158 52
134 158 54
134 158 56
134 158 58
134 158 60
134 158 62
134 158 64
134 158 66
134 158 68
134 158 70
134 158 72
134 158 74
134 158 76
134 158 78
134 158 80
134 158 82
134 158 84
134 158 86
134 158 88
134 158 90
134 158 92
134 158 94
134 158 96
134 158 98
134 158 100
134 158 102
134 158 104
134 158 106
134 158 108
134 158 110
134 158 112
134 158 114
134 158 116
134 158 118
134 158 120
134 158 122
134 158 124
134 158 126
134 158 128
134 158 130
133 158 40
133 158 42
133 158 44
133 158 46
133 158 48
133 158 50
133 158 52
133 158 54
133 158 56
133 158 58
133 158 60
133 158 62
133 158 64
133 158 66
133 158 68
133 158 70
133 158 72
133 158 74
133 158 76
133 158 78
133 158 80
133 158 82
133 158 84
133 158 86
133 158 88
133 158 90
133 158 92
133 158 94
133 158 96
133 158 98
133 158 100
133 158 102
133 158 104
133 158 106
133 158 108
133 158 110
133 158 112
133 158 114
133 158 116
133 158 118
133 158 120
133 158 122
133 158 124
133 158 126
133 158 128
132 158 40
132 158 42
132 158 44
132 158 46
132 158 48
132 158 50
132 158 52
132 158 54
132 158 56
132 158 58
132 158 60
132 158 62
132 158 64
132 158 66
132 158 68
132 158 70
132 158 72
132 158 74
132 158 76
132 158 78
132 158 80
132 158 82
132 158 84
132 158 86
132 158 88
132 158 90
132 158 92
132 158 94
132 158 96
132 158 98
132 158 100
132 158 102
132 158 104
132 158 106
132 158 108
132 158 110
132 158 112
132 158 114
132 158 116
132 158 118
132 158 120
132 158 122
132 158 124
132 158 126
132 158 128
131 158 40
131 158 42
131 158 44
131 158 46
131 158 48
131 158 50
131 158 52
131 158 54
131 158 56
131 158 58
131 158 60
131 158 62
131 158 64
131 158 66
131 158 68
131 158 70
131 158 72
131 158 74
131 158 76
131 158 78
131 158 80
131 158 82
131 158 84
131 158 86
131 158 88
131 158 90
131 158 92
131 158 94
131 158 96
131 158 98
131 158 100
131 158 102
131 158 104
131 158 106
131 158 108
131 158 110
131 158 112
131 158 114
131 158 116
131 158 118
131 158 120
131 158 122
131 158 124
130 158 40
130 158 42
130 158 44
130 158 46
130 158 48
130 158 50
130 158 52
130 158 54
130 158 56
130 158 58
130 158 60
130 158 62
130 158 64
130 158 66
130 158 68
130 158 70
130 158 72
130 158 74
130 158 76
130 158 78
130 158 80
130 158 82
130 158 84
130 158 86
130 158 88
130 158 90
130 158 92
130 158 94
130 158 96
130 158 98
130 158 100
130 158 102
130 158 104
130 158 106
130 158 108
130 158 110
130 158 112
130 158 114
130 158 116
130 158 118
130 158 120
130 158 122
129 158 40
129 158 42
129 158 44
129 158 46
129 158 48
129 158 50
129 158 52
129 158 54
129 158 56
129 158 58
129 158 60
129 158 62
129 158 64
129 158 66
129 158 68
129 158 70
129 158 72
129 158 74
129 158 76
129 158 78
129 158 80
129 158 82
129 158 84
129 158 86
129 158 88
129 158 90
129 158 92
129 158 94
129 158 96
129 158 98
129 158 100
129 158 102
129 158 104
129 158 106
129 158 108
129 158 110
129 158 112
129 158 114
129 158 116
129 158 118
128 158 40
128 158 42
128 158 44
128 158 46
128 158 48
128 158 50
128 158 52
128 158 54
128 158 56
128 158 58
128 158 60
128 158 62
128 158 64
128 158 66
128 158 68
128 158 70
128 158 72
128 158 74
128 158 76
128 158 78
128 158 80
128 158 82
128 158 84
128 158 86
128 158 88
128 158 90
128 158 92
128 158 94
128 158 96
128 158 98
128 158 100
128 158 102
128 158 104
128 158 106
128 158 108
128 158 110
128 158 112
127 158 40
127 158 42
127 158 44
127 158 46
127 158 48
127 158 50
127 158 52
127 158 54
127 158 56
127 158 58
127 158 60
127 158 62
127 158 64
127 158 66
127 158 68
127 158 70
127 158 72
127 158 74
127 158 76
127 158 78
127 158 80
127 158 82
127 158 84
127 158 86
127 158 88
127 158 90
127 158 92
127 158 94
127 158 96
127 158 98
127 158 100
127 158 102
127 158 104
127 158 106
127 158 108
126 158 40
126 158 42
126 158 44
126 158 46
126 158 48
126 158 50
126 158 52
126 158 54
126 158 56
126 158 58
126 158 60
126 158 62
126 158 64
126 158 66
126 158 68
126 158 70
126 158 72
126 158 74
126 158 76
126 158 78
126 158 80
126 158 82
126 158 84
126 158 86
126 158 88
126 158 90
126 158 92
126 158 94
126 158 96
126 158 98
126 158 100
126 158 102
126 158 104
125 158 40
125 158 42
125 158 44
125 158 46
125 158 48
125 158 50
125 158 52
125 158 54
125 158 56
125 158 58
125 158 60
125 158 62
125 158 64
125 158 66
125 158 68
125 158 70
125 158 72
125 158 74
125 158 76
125 158 78
125 158 80
125 158 82
125 158 84
125 158 86
125 158 88
125 158 90
125 158 92
125 158 94
125 158 96
125 158 98
124 158 40
124 158 42
124 158 44
124 158 46
124 158 48
124 158 50
124 158 52
124 158 54
124 158 56
124 158 58
124 158 60
124 158 62
124 158 64
124 158 66
124 158 68
124 158 70
124 158 72
124 158 74
124 158 76
124 158 78
124 158 80
124 158 82
124 158 84
124 158 86
124 158 88
124 158 90
124 158 92
124 158 94
123 158 40
123 158 42
123 158 44
123 158 46
123 158 48
123 158 50
123 158 52
123 158 54
123 158 56
123 158 58
123 158 60
123 158 62
123 158 64
123 158 66
123 158 68
123 158 70
123 158 72
123 158 74
123 158 76
123 158 78
123 158 80
123 158 82
123 158 84
123 158 86
123 158 88
123 158 90
122 158 40
122 158 42
122 158 44
122 158 46
122 158 48
122 158 50
122 158 52
122 158 54
122 158 56
122 158 58
122 158 60
122 158 62
122 158 64
122 158 66
122 158 68
122 158 70
122 158 72
122 158 74
122 158 76
122 158 78
122 158 80
122 158 82
122 158 84
121 158 40
121 158 42
121 158 44
121 158 46
121 158 48
121 158 50
121 158 52
121 158 54
121 158 56
121 158 58
121 158 60
121 158 62
121 158 64
121 158 66
121 158 68
121 158 70
121 158 72
121 158 74
121 158 76
121 158 78
121 158 80
120 158 40
120 158 42
120 158 44
120 158 46
120 158 48
120 158 50
120 158 52
120 158 54
120 158 56
120 158 58
120 158 60
120 158 62
120 158 64
120 158 66
120 158 68
120 158 70
120 158 72
120 158 74
119 158 40
119 158 42
119 158 44
119 158 46
119 158 48
119 158 50
119 158 52
119 158 54
119 158 56
119 158 58
119 158 60
119 158 62
119 158 64
119 158 66
119 158 68
118 158 40
118 158 42
118 158 44
118 158 46
118 158 48
118 158 50
118 158 52
118 158 54
118 158 56
118 158 58
118 158 60
118 158 62
117 158 40
117 158 42
117 158 44
117 158 46
117 158 48
117 158 50
117 158 52
117 158 54
117 158 56
116 158 40
116 158 42
116 158 44
116 158 46
116 158 48
116 158 50
115 158 40
115 158 42
115 158 44
115 158 46
114 158 40
114 158 42
114 158 44
113 158 40
113 158 42
112 158 40
111 158 40
110 158 40
109 158 40
108 158 40
107 158 40
107 157 40
106 157 40
106 156 40
105 156 40
105 155 40
104 155 40
104 154 40
103 154 40
103 153 40
102 153 40
102 152 40
101 152 40
100 152 40
100 151 40
99 151 40
98 150 40
98 149 40
97 149 40
97 148 40
96 148 40
96 147 40
95 147 40
94 147 40
94 146 40
93 146 40
92 146 40
92 145 40
91 145 40
90 145 40
89 145 40
88 145 40
87 145 40
86 145 40
85 145 40
84 145 40
83 145 40
82 145 40
82 144 40
81 144 40
81 143 40
80 143 40
80 142 40
180 169 40
180 168 40
180 167 40
180 166 40
180 165 40
180 164 40
180 164 42
180 163 40
180 163 42
180 162 40
180 162 42
180 161 40
180 161 42
180 161 44
180 160 40
180 160 42
180 160 44
180 160 46
180 159 40
180 159 42
180 159 44
180 159 46
180 159 48
180 158 40
180 158 42
180 158 44
180 158 46
180 158 48
180 158 50
180 157 40
180 157 42
180 157 44
180 157 46
180 157 48
180 157 50
180 157 52
180 156 40
180 156 42
180 156 44
180 156 46
180 156 48
180 156 50
180 156 52
180 156 54
180 155 40
180 155 42
180 155 44
180 155 46
180 155 48
180 155 50
180 155 52
180 155 54
180 155 56
180 154 40
180 154 42
180 154 44
180 154 46
180 154 48
180 154 50
180 154 52
180 154 54
180 154 56
180 154 58
180 153 40
180 153 42
180 153 44
180 153 46
180 153 48
180 153 50
180 153 52
180 153 54
180 153 56
180 153 58
180 153 60
180 152 40
180 152 42
180 152 44
180 152 46
180 152 48
180 152 50
180 152 52
180 152 54
180 152 56
180 152 58
180 152 60
180 151 40
180 151 42
180 151 44
180 151 46
180 151 48
180 151 50
180 151 52
180 151 54
180 151 56
180 151 58
180 151 60
180 150 40
180 150 42
180 150 44
180 150 46
180 150 48
180 150 50
180 150 52
180 150 54
180 150 56
180 150 58
180 149 40
180 149 42
180 149 44
180 149 46
180 149 48
180 149 50
180 149 52
180 149 54
180 149 56
180 148 40
180 148 42
180 148 44
180 148 46
180 148 48
180 148 50
180 148 52
180 147 40
180 147 42
180 147 44
180 147 46
180 147 48
180 147 50
180 146 40
180 146 42
180 146 44
180 146 46
180 146 48
180 145 40
180 145 42
180 145 44
180 145 46
180 144 40
180 144 42
180 144 44
179 144 40
179 144 42
179 144 44
179 143 40
179 143 42
179 143 44
178 143 40
178 143 42
178 143 44
178 142 40
178 142 42
178 142 44
177 142 40
177 142 42
177 142 44
176 142 40
176 142 42
176 142 44
176 142 46
175 142 40
175 142 42
175 142 44
175 142 46
175 142 48
174 142 40
174 142 42
174 142 44
174 142 46
174 142 48
174 142 50
174 142 52
173 142 40
173 142 42
173 142 44
173 142 46
173 142 48
173 142 50
173 142 52
173 142 54
173 142 56
172 142 40
172 142 42
172 142 44
172 142 46
172 142 48
172 142 50
172 142 52
172 142 54
172 142 56
172 142 58
171 142 40
171 142 42
171 142 44
171 142 46
171 142 48
171 142 50
171 142 52
171 142 54
171 142 56
171 142 58
171 142 60
171 142 62
170 142 40
170 142 42
170 142 44
170 142 46
170 142 48
170 142 50
170 142 52
170 142 54
170 142 56
170 142 58
170 142 60
170 142 62
169 142 40
169 142 42
169 142 44
169 142 46
169 142 48
169 142 50
169 142 52
169 142 54
169 142 56
169 142 58
169 142 60
169 142 62
168 142 40
168 142 42
168 142 44
168 142 46
168 142 48
168 142 50
168 142 52
168 142 54
168 142 56
168 142 58
168 142 60
167 142 40
167 142 42
167 142 44
167 142 46
167 142 48
167 142 50
167 142 52
167 142 54
167 142 56
167 142 58
166 142 40
166 142 42
166 142 44
166 142 46
166 142 48
166 142 50
166 142 52
166 142 54
165 142 40
165 142 42
165 142 44
165 142 46
165 142 48
165 142 50
164 142 40
164 142 42
164 142 44
164 142 46
164 142 48
163 142 40
163 142 42
163 142 44
162 142 40
162 142 42
162 142 44
161 142 40
161 142 42
160 142 40
160 142 42
159 142 40
158 142 40
157 142 40
156 142 40
155 142 40
155 143 40
154 143 40
154 144 40
153 144 40
153 145 40
152 145 40
151 145 40
29 183 40
30 183 40
31 183 40
32 183 40
33 183 40
34 183 40
35 183 40
36 183 40
37 183 40
37 183 42
38 183 40
38 183 42
39 183 40
39 183 42
40 183 40
40 183 42
41 183 40
41 183 42
41 183 44
42 183 40
42 183 42
42 183 44
42 183 46
43 183 40
43 183 42
43 183 44
43 183 46
43 183 48
43 182 40
43 182 42
43 182 44
43 182 46
44 182 40
44 182 42
44 182 44
44 182 46
44 182 48
44 182 50
44 181 40
44 181 42
44 181 44
44 181 46
44 181 48
44 181 50
45 181 40
45 181 42
45 181 44
45 181 46
45 181 48
45 181 50
45 181 52
45 180 40
45 180 42
45 180 44
45 180 46
45 180 48
45 180 50
45 180 52
45 179 40
45 179 42
45 179 44
45 179 46
45 179 48
45 179 50
45 179 52
45 179 54
45 178 40
45 178 42
45 178 44
45 178 46
45 178 48
45 178 50
45 178 52
45 178 54
45 178 56
45 177 40
45 177 42
45 177 44
45 177 46
45 177 48
45 177 50
45 177 52
45 177 54
45 177 56
45 177 58
45 176 40
45 176 42
45 176 44
45 176 46
45 176 48
45 176 50
45 176 52
45 176 54
45 176 56
45 176 58
45 176 60
45 175 40
45 175 42
45 175 44
45 175 46
45 175 48
45 175 50
45 175 52
45 175 54
45 175 56
45 175 58
45 175 60
45 175 62
45 175 64
45 174 40
45 174 42
45 174 44
45 174 46
45 174 48
45 174 50
45 174 52
45 174 54
45 174 56
45 174 58
45 174 60
45 174 62
45 174 64
45 174 66
45 174 68
45 173 40
45 173 42
45 173 44
45 173 46
45 173 48
45 173 50
45 173 52
45 173 54
45 173 56
45 173 58
45 173 60
45 173 62
45 173 64
45 173 66
45 173 68
45 173 70
45 172 40
45 172 42
45 172 44
45 172 46
45 172 48
45 172 50
45 172 52
45 172 54
45 172 56
45 172 58
45 172 60
45 172 62
45 172 64
45 172 66
45 172 68
45 172 70
45 172 72
45 172 74
45 171 40
45 171 42
45 171 44
45 171 46
45 171 48
45 171 50
45 171 52
45 171 54
45 171 56
45 171 58
45 171 60
45 171 62
45 171 64
45 171 66
45 171 68
45 171 70
45 171 72
45 171 74
45 171 76
45 171 78
45 170 40
45 170 42
45 170 44
45 170 46
45 170 48
45 170 50
45 170 52
45 170 54
45 170 56
45 170 58
45 170 60
45 170 62
45 170 64
45 170 66
45 170 68
45 170 70
45 170 72
45 170 74
45 170 76
45 170 78
45 170 80
45 169 40
45 169 42
45 169 44
45 169 46
45 169 48
45 169 50
45 169 52
45 169 54
45 169 56
45 169 58
45 169 60
45 169 62
45 169 64
45 169 66
45 169 68
45 169 70
45 169 72
45 169 74
45 169 76
45 169 78
45 169 80
45 169 82
45 169 84
45 168 40
45 168 42
45 168 44
45 168 46
45 168 48
45 168 50
45 168 52
45 168 54
45 168 56
45 168 58
45 168 60
45 168 62
45 168 64
45 168 66
45 168 68
45 168 70
45 168 72
45 168 74
45 168 76
45 168 78
45 168 80
45 168 82
45 168 84
45 168 86
45 167 40
45 167 42
45 167 44
45 167 46
45 167 48
45 167 50
45 167 52
45 167 54
45 167 56
45 167 58
45 167 60
45 167 62
45 167 64
45 167 66
45 167 68
45 167 70
45 167 72
45 167 74
45 167 76
45 167 78
45 167 80
45 167 82
45 167 84
45 167 86
45 166 40
45 166 42
45 166 44
45 166 46
45 166 48
45 166 50
45 166 52
45 166 54
45 166 56
45 166 58
45 166 60
45 166 62
45 166 64
45 166 66
45 166 68
45 166 70
45 166 72
45 166 74
45 166 76
45 166 78
45 166 80
45 166 82
45 166 84
45 166 86
45 165 40
45 165 42
45 165 44
45 165 46
45 165 48
45 165 50
45 165 52
45 165 54
45 165 56
45 165 58
45 165 60
45 165 62
45 165 64
45 165 66
45 165 68
45 165 70
45 165 72
45 165 74
45 165 76
45 165 78
45 165 80
45 165 82
45 165 84
45 165 86
45 164 40
45 164 42
45 164 44
45 164 46
45 164 48
45 164 50
45 164 52
45 164 54
45 164 56
45 164 58
45 164 60
45 164 62
45 164 64
45 164 66
45 164 68
45 164 70
45 164 72
45 164 74
45 164 76
45 164 78
45 164 80
45 164 82
45 164 84
45 163 40
45 163 42
45 163 44
45 163 46
45 163 48
45 163 50
45 163 52
45 163 54
45 163 56
45 163 58
45 163 60
45 163 62
45 163 64
45 163 66
45 163 68
45 163 70
45 163 72
45 163 74
45 163 76
45 163 78
45 163 80
45 163 82
46 163 40
46 163 42
46 163 44
46 163 46
46 163 48
46 163 50
46 163 52
46 163 54
46 163 56
46 163 58
46 163 60
46 163 62
46 163 64
46 163 66
46 163 68
46 163 70
46 163 72
46 163 74
46 163 76
46 163 78
46 163 80
46 163 82
46 162 40
46 162 42
46 162 44
46 162 46
46 162 48
46 162 50
46 162 52
46 162 54
46 162 56
46 162 58
46 162 60
46 162 62
46 162 64
46 162 66
46 162 68
46 162 70
46 162 72
46 162 74
46 162 76
46 162 78
47 162 40
47 162 42
47 162 44
47 162 46
47 162 48
47 162 50
47 162 52
47 162 54
47 162 56
47 162 58
47 162 60
47 162 62
47 162 64
47 162 66
47 162 68
47 162 70
47 162 72
47 162 74
47 162 76
47 162 78
47 161 40
47 161 42
47 161 44
47 161 46
47 161 48
47 161 50
47 161 52
47 161 54
47 161 56
47 161 58
47 161 60
47 161 62
47 161 64
47 161 66
47 161 68
47 161 70
47 161 72
47 161 74
47 161 76
48 161 40
48 161 42
48 161 44
48 161 46
48 161 48
48 161 50
48 161 52
48 161 54
48 161 56
48 161 58
48 161 60
48 161 62
48 161 64
48 161 66
48 161 68
48 161 70
48 161 72
48 161 74
48 160 40
48 160 42
48 160 44
48 160 46
48 160 48
48 160 50
48 160 52
48 160 54
48 160 56
48 160 58
48 160 60
48 160 62
48 160 64
48 160 66
48 160 68
48 160 70
49 160 40
49 160 42
49 160 44
49 160 46
49 160 48
49 160 50
49 160 52
49 160 54
49 160 56
49 160 58
49 160 60
49 160 62
49 160 64
49 160 66
49 160 68
49 159 40
49 159 42
49 159 44
49 159 46
49 159 48
49 159 50
49 159 52
49 159 54
49 159 56
49 159 58
49 159 60
49 159 62
49 159 64
49 159 66
50 159 40
50 159 42
50 159 44
50 159 46
50 159 48
50 159 50
50 159 52
50 159 54
50 159 56
50 159 58
50 159 60
50 159 62
50 158 40
50 158 42
50 158 44
50 158 46
50 158 48
50 158 50
50 158 52
50 158 54
50 158 56
50 158 58
50 158 60
51 158 40
51 158 42
51 158 44
51 158 46
51 158 48
51 158 50
51 158 52
51 158 54
51 158 56
51 157 40
51 157 42
51 157 44
51 157 46
51 157 48
51 157 50
51 157 52
51 157 54
52 157 40
52 157 42
52 157 44
52 157 46
52 157 48
52 157 50
52 157 52
52 156 40
52 156 42
52 156 44
52 156 46
52 156 48
52 156 50
53 156 40
53 156 42
53 156 44
53 156 46
53 156 48
53 155 40
53 155 42
53 155 44
53 155 46
54 155 40
54 155 42
54 155 44
54 154 40
54 154 42
54 154 44
55 154 40
55 154 42
55 153 40
55 153 42
56 153 40
56 153 42
56 152 40
56 152 42
57 152 40
57 152 42
57 151 40
57 151 42
58 151 40
58 150 40
59 150 40
59 149 40
60 149 40
61 149 40
61 148 40
62 148 40
62 147 40
63 147 40
63 146 40
64 146 40
65 146 40
65 145 40
66 145 40
66 144 40
67 144 40
68 144 40
68 143 40
69 143 40
70 143 40
71 143 40
72 143 40
73 143 40
74 143 40
75 143 40
76 143 40
77 143 40
78 143 40
79 143 40
