0 0 100
0 20 100
0 40 100
0 60 100
0 80 100
0 100 100
0 120 100
0 140 100
0 160 100
0 180 100
0 199 100
11 10 100
11 30 100
11 50 100
11 70 100
11 90 100
11 110 100
11 130 100
11 150 100
11 170 100
11 190 100
22 0 100
22 20 100
22 40 100
22 60 100
22 80 100
22 100 100
22 120 100
22 140 100
22 160 100
22 180 100
22 199 100
33 10 100
33 30 100
33 50 100
33 70 100
33 90 100
33 110 100
33 130 100
33 150 100
33 170 100
33 190 100
44 0 100
44 20 100
44 40 100
44 60 100
44 80 100
44 100 100
44 120 100
44 140 100
44 160 100
44 180 100
44 199 100
55 10 100
55 30 100
55 50 100
55 70 100
55 90 100
55 110 100
55 130 100
55 150 100
55 170 100
55 190 100
66 0 100
66 20 100
66 40 100
66 60 100
66 80 100
66 100 100
66 120 100
66 140 100
66 160 100
66 180 100
66 199 100
77 10 100
77 30 100
77 50 100
77 70 100
77 90 100
77 110 100
77 130 100
77 150 100
77 170 100
77 190 100
88 0 100
88 20 100
88 40 100
88 60 100
88 80 100
88 100 100
88 120 100
88 140 100
88 160 100
88 180 100
88 199 100
99 10 100
99 30 100
99 50 100
99 70 100
99 90 100
99 110 100
99 130 100
99 150 100
99 170 100
99 190 100
110 0 100
110 20 100
110 40 100
110 60 100
110 80 100
110 100 100
110 120 100
110 140 100
110 160 100
110 180 100
110 199 100
121 10 100
121 30 100
121 50 100
121 70 100
121 90 100
121 110 100
121 130 100
121 150 100
121 170 100
121 190 100
132 0 100
132 20 100
132 40 100
132 60 100
132 80 100
132 100 100
132 120 100
132 140 100
132 160 100
132 180 100
132 199 100
143 10 100
143 30 100
143 50 100
143 70 100
143 90 100
143 110 100
143 130 100
143 150 100
143 170 100
143 190 100
154 0 100
154 20 100
154 40 100
154 60 100
154 80 100
154 100 100
154 120 100
154 140 100
154 160 100
154 180 100
154 199 100
165 10 100
165 30 100
165 50 100
165 70 100
165 90 100
165 110 100
165 130 100
165 150 100
165 170 100
165 190 100
176 0 100
176 20 100
176 40 100
176 60 100
176 80 100
176 100 100
176 120 100
176 140 100
176 160 100
176 180 100
176 199 100
187 10 100
187 30 100
187 50 100
187 70 100
187 90 100
187 110 100
187 130 100
187 150 100
187 170 100
187 190 100
198 0 100
198 20 100
198 40 100
198 60 100
198 80 100
198 100 100
198 120 100
198 140 100
198 160 100
198 180 100
198 199 100
0 0 100
0 20 100
0 40 100
0 60 100
0 140 100
0 199 100
11 10 100
11 30 100
11 50 100
11 150 100
22 20 100
22 40 100
22 140 100
22 160 100
22 199 100
33 30 100
33 50 100
33 70 100
33 90 100
33 150 100
33 190 100
44 40 100
44 60 100
44 80 100
44 100 100
44 180 100
44 199 100
55 50 100
55 70 100
55 90 100
55 190 100
66 0 100
66 60 100
66 80 100
66 180 100
66 199 100
77 10 100
77 70 100
77 90 100
77 130 100
77 150 100
77 170 100
77 190 100
88 0 100
88 160 100
88 180 100
88 199 100
99 110 100
99 130 100
99 170 100
99 190 100
110 0 100
110 40 100
110 60 100
110 100 100
110 120 100
110 140 100
110 160 100
110 180 100
121 10 100
121 30 100
121 50 100
121 70 100
121 90 100
121 110 100
121 130 100
121 150 100
132 0 100
132 20 100
132 40 100
132 60 100
132 80 100
132 100 100
132 120 100
132 140 100
143 10 100
143 30 100
143 50 100
143 70 100
143 90 100
143 150 100
154 20 100
154 80 100
154 160 100
154 180 100
154 199 100
165 90 100
165 150 100
165 170 100
165 190 100
176 0 100
176 20 100
176 80 100
176 100 100
176 140 100
176 160 100
176 180 100
176 199 100
187 10 100
187 50 100
187 90 100
187 150 100
187 190 100
198 0 100
198 40 100
198 60 100
198 80 100
198 199 100
189 122 40
99 22 40
53 114 40
153 48 40
14 177 40
15 177 40
16 177 40
17 177 40
18 177 40
19 177 40
20 177 40
21 177 40
22 177 40
23 177 40
24 177 40
25 177 40
26 177 40
26 177 41
26 176 40
26 176 41
27 176 40
27 176 41
27 175 40
27 175 41
28 175 40
28 175 41
28 175 42
29 175 40
29 175 41
29 175 42
29 174 40
29 174 41
30 174 40
30 174 41
30 174 42
31 174 40
31 174 41
31 174 42
31 173 40
31 173 41
32 173 40
32 173 41
32 173 42
32 172 40
32 172 41
33 172 40
33 172 41
34 172 40
34 172 41
35 172 40
35 172 41
35 172 42
35 171 40
35 171 41
36 171 40
36 171 41
37 171 40
37 171 41
38 171 40
38 171 41
38 170 40
38 170 41
39 170 40
39 170 41
40 170 40
40 170 41
40 169 40
40 169 41
41 169 40
41 169 41
42 169 40
42 169 41
42 168 40
43 168 40
44 168 40
44 167 40
45 167 40
45 166 40
46 166 40
47 166 40
47 165 40
48 165 40
49 165 40
49 164 40
50 164 40
51 164 40
52 164 40
52 163 40
53 163 40
53 162 40
53 161 40
53 160 40
53 159 40
53 158 40
53 157 40
53 156 40
53 155 40
53 154 40
53 153 40
53 152 40
53 151 40
53 150 40
53 149 40
53 148 40
53 147 40
53 146 40
53 145 40
53 144 40
53 143 40
53 142 40
53 141 40
53 140 40
53 139 40
53 138 40
53 137 40
53 136 40
53 135 40
53 134 40
53 133 40
53 132 40
53 131 40
53 130 40
53 129 40
53 128 40
53 127 40
53 126 40
53 125 40
53 124 40
53 123 40
53 122 40
53 121 40
53 120 40
53 119 40
53 118 40
53 117 40
53 116 40
53 115 40
154 48 40
155 48 40
156 48 40
157 48 40
158 48 40
159 48 40
160 48 40
161 48 40
162 48 40
162 49 40
162 50 40
162 51 40
162 52 40
162 53 40
162 54 40
162 55 40
162 56 40
162 57 40
162 58 40
162 59 40
162 60 40
162 61 40
162 62 40
162 63 40
162 64 40
162 65 40
162 66 40
162 67 40
162 67 41
162 68 40
162 68 41
162 68 42
162 69 40
162 69 41
162 69 42
162 69 43
162 70 40
162 70 41
162 70 42
162 70 43
162 70 44
162 71 40
162 71 41
162 71 42
162 71 43
162 71 44
162 72 40
162 72 41
162 72 42
162 72 43
162 72 44
162 72 45
162 73 40
162 73 41
162 73 42
162 73 43
162 73 44
162 73 45
162 73 46
162 74 40
162 74 41
162 74 42
162 74 43
162 74 44
162 74 45
162 74 46
162 74 47
162 75 40
162 75 41
162 75 42
162 75 43
162 75 44
162 75 45
162 75 46
162 75 47
162 75 48
162 76 40
162 76 41
162 76 42
162 76 43
162 76 44
162 76 45
162 76 46
162 76 47
162 76 48
162 76 49
162 77 40
162 77 41
162 77 42
162 77 43
162 77 44
162 77 45
162 77 46
162 77 47
162 77 48
162 77 49
162 77 50
162 77 51
162 78 40
162 78 41
162 78 42
162 78 43
162 78 44
162 78 45
162 78 46
162 78 47
162 78 48
162 78 49
162 78 50
162 78 51
162 78 52
162 78 53
162 78 54
162 79 40
162 79 41
162 79 42
162 79 43
162 79 44
162 79 45
162 79 46
162 79 47
162 79 48
162 79 49
162 79 50
162 79 51
162 79 52
162 79 53
162 79 54
162 79 55
162 79 56
162 80 40
162 80 41
162 80 42
162 80 43
162 80 44
162 80 45
162 80 46
162 80 47
162 80 48
162 80 49
162 80 50
162 80 51
162 80 52
162 80 53
162 80 54
162 80 55
162 80 56
162 80 57
162 81 40
162 81 41
162 81 42
162 81 43
162 81 44
162 81 45
162 81 46
162 81 47
162 81 48
162 81 49
162 81 50
162 81 51
162 81 52
162 81 53
162 81 54
162 81 55
162 81 56
162 82 40
162 82 41
162 82 42
162 82 43
162 82 44
162 82 45
162 82 46
162 82 47
162 82 48
162 82 49
162 82 50
162 82 51
162 82 52
162 82 53
162 82 54
162 83 40
162 83 41
162 83 42
162 83 43
162 83 44
162 83 45
162 83 46
162 83 47
162 83 48
162 83 49
162 83 50
162 83 51
162 83 52
162 84 40
162 84 41
162 84 42
162 84 43
162 84 44
162 84 45
162 84 46
162 84 47
162 84 48
162 84 49
162 85 40
162 85 41
162 85 42
162 85 43
162 85 44
162 85 45
162 85 46
162 85 47
162 86 40
162 86 41
162 86 42
162 86 43
162 86 44
162 86 45
162 86 46
162 87 40
162 87 41
162 87 42
162 87 43
162 87 44
162 87 45
162 88 40
162 88 41
162 88 42
162 88 43
162 88 44
162 89 40
162 89 41
162 89 42
162 89 43
162 89 44
162 90 40
162 90 41
162 90 42
162 90 43
162 90 44
162 91 40
162 91 41
162 91 42
162 91 43
162 92 40
162 92 41
162 92 42
162 93 40
162 93 41
162 94 40
162 94 41
162 95 40
162 96 40
162 97 40
162 98 40
162 99 40
162 100 40
162 101 40
162 102 40
162 103 40
162 104 40
162 105 40
162 106 40
162 107 40
162 108 40
162 109 40
162 110 40
162 111 40
162 112 40
162 113 40
162 114 40
162 115 40
162 116 40
162 117 40
162 118 40
162 119 40
162 120 40
162 121 40
162 122 40
163 122 40
164 122 40
165 122 40
166 122 40
167 122 40
168 122 40
169 122 40
170 122 40
171 122 40
172 122 40
173 122 40
174 122 40
175 122 40
176 122 40
177 122 40
178 122 40
179 122 40
180 122 40
181 122 40
182 122 40
183 122 40
184 122 40
185 122 40
186 122 40
187 122 40
188 122 40
