0 0 100
0 20 100
0 40 100
0 60 100
0 80 100
0 100 100
0 120 100
0 140 100
0 160 100
0 180 100
0 199 100
11 10 100
11 30 100
11 50 100
11 70 100
11 90 100
11 110 100
11 130 100
11 150 100
11 170 100
11 190 100
22 0 100
22 20 100
22 40 100
22 60 100
22 80 100
22 100 100
22 120 100
22 140 100
22 160 100
22 180 100
22 199 100
33 10 100
33 30 100
33 50 100
33 70 100
33 90 100
33 110 100
33 130 100
33 150 100
33 170 100
33 190 100
44 0 100
44 20 100
44 40 100
44 60 100
44 80 100
44 100 100
44 120 100
44 140 100
44 160 100
44 180 100
44 199 100
55 10 100
55 30 100
55 50 100
55 70 100
55 90 100
55 110 100
55 130 100
55 150 100
55 170 100
55 190 100
66 0 100
66 20 100
66 40 100
66 60 100
66 80 100
66 100 100
66 120 100
66 140 100
66 160 100
66 180 100
66 199 100
77 10 100
77 30 100
77 50 100
77 70 100
77 90 100
77 110 100
77 130 100
77 150 100
77 170 100
77 190 100
88 0 100
88 20 100
88 40 100
88 60 100
88 80 100
88 100 100
88 120 100
88 140 100
88 160 100
88 180 100
88 199 100
99 10 100
99 30 100
99 50 100
99 70 100
99 90 100
99 110 100
99 130 100
99 150 100
99 170 100
99 190 100
110 0 100
110 20 100
110 40 100
110 60 100
110 80 100
110 100 100
110 120 100
110 140 100
110 160 100
110 180 100
110 199 100
121 10 100
121 30 100
121 50 100
121 70 100
121 90 100
121 110 100
121 130 100
121 150 100
121 170 100
121 190 100
132 0 100
132 20 100
132 40 100
132 60 100
132 80 100
132 100 100
132 120 100
132 140 100
132 160 100
132 180 100
132 199 100
143 10 100
143 30 100
143 50 100
143 70 100
143 90 100
143 110 100
143 130 100
143 150 100
143 170 100
143 190 100
154 0 100
154 20 100
154 40 100
154 60 100
154 80 100
154 100 100
154 120 100
154 140 100
154 160 100
154 180 100
154 199 100
165 10 100
165 30 100
165 50 100
165 70 100
165 90 100
165 110 100
165 130 100
165 150 100
165 170 100
165 190 100
176 0 100
176 20 100
176 40 100
176 60 100
176 80 100
176 100 100
176 120 100
176 140 100
176 160 100
176 180 100
176 199 100
187 10 100
187 30 100
187 50 100
187 70 100
187 90 100
187 110 100
187 130 100
187 150 100
187 170 100
187 190 100
198 0 100
198 20 100
198 40 100
198 60 100
198 80 100
198 100 100
198 120 100
198 140 100
198 160 100
198 180 100
198 199 100
0 0 100
0 20 100
0 40 100
0 60 100
0 100 100
0 120 100
0 160 100
0 180 100
0 199 100
11 30 100
11 50 100
11 70 100
11 110 100
11 130 100
11 150 100
11 170 100
11 190 100
22 0 100
22 20 100
22 40 100
22 60 100
22 80 100
22 120 100
22 140 100
22 160 100
22 180 100
22 199 100
33 10 100
33 30 100
33 70 100
33 90 100
33 130 100
33 150 100
33 190 100
44 20 100
44 60 100
44 80 100
44 100 100
44 120 100
44 140 100
44 180 100
44 199 100
55 10 100
55 30 100
55 50 100
55 70 100
55 90 100
55 110 100
55 130 100
55 150 100
55 170 100
55 190 100
66 0 100
66 20 100
66 40 100
66 60 100
66 80 100
66 100 100
66 120 100
66 140 100
66 180 100
66 199 100
77 10 100
77 30 100
77 50 100
77 70 100
77 110 100
77 130 100
77 190 100
88 0 100
88 20 100
88 40 100
88 60 100
88 80 100
88 120 100
88 140 100
88 180 100
88 199 100
99 10 100
99 30 100
99 50 100
99 70 100
99 90 100
99 130 100
99 150 100
99 170 100
99 190 100
110 0 100
110 40 100
110 60 100
110 80 100
110 120 100
110 140 100
110 160 100
110 180 100
110 199 100
121 30 100
121 50 100
121 70 100
121 90 100
121 110 100
121 130 100
121 150 100
121 170 100
121 190 100
132 0 100
132 20 100
132 40 100
132 60 100
132 80 100
132 100 100
132 160 100
132 180 100
143 10 100
143 30 100
143 50 100
143 70 100
143 90 100
143 130 100
143 170 100
143 190 100
154 0 100
154 20 100
154 40 100
154 60 100
154 100 100
154 120 100
154 140 100
154 160 100
154 180 100
165 10 100
165 30 100
165 50 100
165 90 100
165 110 100
165 130 100
165 150 100
165 170 100
176 0 100
176 20 100
176 40 100
176 60 100
176 80 100
176 100 100
176 140 100
176 180 100
176 199 100
187 10 100
187 30 100
187 50 100
187 70 100
187 90 100
187 130 100
187 150 100
187 170 100
198 0 100
198 40 100
198 60 100
198 80 100
198 100 100
198 120 100
198 140 100
198 160 100
198 180 100
2 136 40
184 188 40
184 188 72
147 80 40
122 25 40
122 25 72
67 101 40
67 101 72
67 101 104
67 101 136
66 101 40
66 101 72
66 101 104
66 101 136
66 101 168
65 101 40
65 101 72
65 101 104
65 101 136
65 101 168
64 101 40
64 101 72
64 101 104
64 101 136
64 101 168
64 101 200
63 101 40
63 101 72
63 101 104
63 101 136
63 101 168
63 101 200
62 101 40
62 101 72
62 101 104
62 101 136
62 101 168
62 101 200
62 101 232
61 101 40
61 101 72
61 101 104
61 101 136
61 101 168
61 101 200
61 101 232
60 101 40
60 101 72
60 101 104
60 101 136
60 101 168
60 101 200
60 101 232
59 101 40
59 101 72
59 101 104
59 101 136
59 101 168
59 101 200
59 101 232
58 101 40
58 101 72
58 101 104
58 101 136
58 101 168
58 101 200
58 101 232
58 101 264
57 101 40
57 101 72
57 101 104
57 101 136
57 101 168
57 101 200
57 101 232
57 101 264
56 101 40
56 101 72
56 101 104
56 101 136
56 101 168
56 101 200
56 101 232
56 101 264
55 101 40
55 101 72
55 101 104
55 101 136
55 101 168
55 101 200
55 101 232
55 101 264
54 101 40
54 101 72
54 101 104
54 101 136
54 101 168
54 101 200
54 101 232
54 101 264
53 101 40
53 101 72
53 101 104
53 101 136
53 101 168
53 101 200
53 101 232
52 101 40
52 101 72
52 101 104
52 101 136
52 101 168
52 101 200
52 101 232
51 101 40
51 101 72
51 101 104
51 101 136
51 101 168
51 101 200
51 101 232
50 101 40
50 101 72
50 101 104
50 101 136
50 101 168
50 101 200
50 101 232
49 101 40
49 101 72
49 101 104
49 101 136
49 101 168
49 101 200
49 101 232
48 101 40
48 101 72
48 101 104
48 101 136
48 101 168
48 101 200
48 101 232
47 101 40
47 101 72
47 101 104
47 101 136
47 101 168
47 101 200
47 101 232
46 101 40
46 101 72
46 101 104
46 101 136
46 101 168
46 101 200
46 101 232
45 101 40
45 101 72
45 101 104
45 101 136
45 101 168
45 101 200
45 101 232
44 101 40
44 101 72
44 101 104
44 101 136
44 101 168
44 101 200
44 102 40
44 102 72
44 102 104
44 102 136
44 102 168
44 102 200
43 102 40
43 102 72
43 102 104
43 102 136
43 102 168
43 102 200
43 103 40
43 103 72
43 103 104
43 103 136
43 103 168
43 103 200
42 103 40
42 103 72
42 103 104
42 103 136
42 103 168
42 104 40
42 104 72
42 104 104
42 104 136
42 104 168
41 104 40
41 104 72
41 104 104
41 104 136
41 105 40
41 105 72
41 105 104
41 105 136
40 105 40
40 105 72
40 105 104
40 106 40
40 106 72
40 106 104
39 106 40
39 106 72
39 107 40
39 107 72
38 107 40
38 107 72
37 107 40
37 108 40
36 108 40
36 109 40
35 109 40
34 109 40
34 110 40
33 111 40
32 111 40
32 112 40
31 112 40
31 113 40
31 113 72
31 114 40
31 114 72
30 114 40
30 114 72
30 115 40
30 115 72
29 115 40
29 115 72
29 116 40
29 116 72
29 117 40
29 117 72
29 117 104
28 117 40
28 117 72
28 117 104
28 118 40
28 118 72
28 118 104
27 118 40
27 118 72
27 118 104
27 119 40
27 119 72
27 119 104
26 119 40
26 119 72
26 119 104
26 120 40
26 120 72
26 120 104
25 120 40
25 120 72
25 120 104
25 121 40
25 121 72
25 121 104
24 121 40
24 121 72
24 121 104
24 122 40
24 122 72
24 122 104
23 122 40
23 122 72
23 122 104
23 123 40
23 123 72
23 123 104
22 123 40
22 123 72
22 123 104
22 123 136
22 124 40
22 124 72
22 124 104
22 124 136
21 124 40
21 124 72
21 124 104
21 124 136
21 124 168
21 125 40
21 125 72
21 125 104
21 125 136
21 125 168
21 125 200
20 125 40
20 125 72
20 125 104
20 125 136
20 125 168
20 125 200
20 126 40
20 126 72
20 126 104
20 126 136
20 126 168
20 126 200
20 126 232
19 126 40
19 126 72
19 126 104
19 126 136
19 126 168
19 126 200
19 126 232
19 127 40
19 127 72
19 127 104
19 127 136
19 127 168
19 127 200
19 127 232
19 127 264
18 127 40
18 127 72
18 127 104
18 127 136
18 127 168
18 127 200
18 127 232
18 127 264
18 128 40
18 128 72
18 128 104
18 128 136
18 128 168
18 128 200
18 128 232
18 128 264
17 128 40
17 128 72
17 128 104
17 128 136
17 128 168
17 128 200
17 128 232
17 128 264
16 128 40
16 128 72
16 128 104
16 128 136
16 128 168
16 128 200
16 128 232
16 128 264
16 129 40
16 129 72
16 129 104
16 129 136
16 129 168
16 129 200
16 129 232
15 129 40
15 129 72
15 129 104
15 129 136
15 129 168
15 129 200
15 130 40
15 130 72
15 130 104
15 130 136
15 130 168
15 130 200
14 130 40
14 130 72
14 130 104
14 130 136
14 130 168
14 131 40
14 131 72
14 131 104
14 131 136
14 131 168
13 131 40
13 131 72
13 131 104
13 131 136
13 132 40
13 132 72
13 132 104
13 132 136
12 132 40
12 132 72
12 132 104
12 133 40
12 133 72
12 133 104
11 133 40
11 133 72
11 133 104
11 134 40
11 134 72
11 134 104
10 134 40
10 134 72
10 135 40
10 135 72
9 135 40
9 135 72
9 136 40
9 136 72
8 136 40
8 136 72
7 136 40
7 136 72
6 136 40
5 136 40
4 136 40
3 136 40
121 25 40
120 25 40
119 25 40
118 25 40
118 26 40
118 27 40
118 28 40
118 29 40
118 30 40
118 30 72
118 31 40
118 31 72
118 32 40
118 32 72
118 33 40
118 33 72
118 33 104
118 34 40
118 34 72
118 34 104
118 35 40
118 35 72
118 35 104
118 35 136
117 35 40
117 35 72
117 35 104
117 36 40
117 36 72
117 36 104
117 36 136
117 37 40
117 37 72
117 37 104
117 37 136
116 37 40
116 37 72
116 37 104
116 38 40
116 38 72
116 38 104
116 38 136
115 38 40
115 38 72
115 38 104
115 39 40
115 39 72
115 39 104
114 39 40
114 39 72
114 39 104
114 40 40
114 40 72
114 40 104
113 40 40
113 40 72
113 40 104
113 41 40
113 41 72
113 41 104
113 41 136
112 41 40
112 41 72
112 41 104
112 42 40
112 42 72
112 42 104
112 42 136
111 42 40
111 42 72
111 42 104
111 42 136
111 43 40
111 43 72
111 43 104
111 43 136
111 43 168
110 43 40
110 43 72
110 43 104
110 43 136
110 44 40
110 44 72
110 44 104
110 44 136
110 44 168
109 44 40
109 44 72
109 44 104
109 44 136
109 44 168
109 45 40
109 45 72
109 45 104
109 45 136
109 45 168
109 45 200
108 45 40
108 45 72
108 45 104
108 45 136
108 45 168
108 45 200
108 46 40
108 46 72
108 46 104
108 46 136
108 46 168
108 46 200
108 46 232
107 46 40
107 46 72
107 46 104
107 46 136
107 46 168
107 46 200
107 47 40
107 47 72
107 47 104
107 47 136
107 47 168
107 47 200
107 47 232
106 47 40
106 47 72
106 47 104
106 47 136
106 47 168
106 47 200
106 48 40
106 48 72
106 48 104
106 48 136
106 48 168
106 48 200
106 48 232
106 48 264
105 48 40
105 48 72
105 48 104
105 48 136
105 48 168
105 48 200
105 48 232
105 49 40
105 49 72
105 49 104
105 49 136
105 49 168
105 49 200
105 49 232
105 49 264
104 49 40
104 49 72
104 49 104
104 49 136
104 49 168
104 49 200
104 49 232
104 50 40
104 50 72
104 50 104
104 50 136
104 50 168
104 50 200
104 50 232
104 50 264
103 50 40
103 50 72
103 50 104
103 50 136
103 50 168
103 50 200
103 50 232
103 51 40
103 51 72
103 51 104
103 51 136
103 51 168
103 51 200
103 51 232
103 51 264
102 51 40
102 51 72
102 51 104
102 51 136
102 51 168
102 51 200
102 51 232
102 51 264
102 52 40
102 52 72
102 52 104
102 52 136
102 52 168
102 52 200
102 52 232
102 52 264
102 52 296
101 52 40
101 52 72
101 52 104
101 52 136
101 52 168
101 52 200
101 52 232
101 52 264
101 52 296
101 53 40
101 53 72
101 53 104
101 53 136
101 53 168
101 53 200
101 53 232
101 53 264
101 53 296
101 53 328
100 53 40
100 53 72
100 53 104
100 53 136
100 53 168
100 53 200
100 53 232
100 53 264
100 53 296
100 53 328
100 54 40
100 54 72
100 54 104
100 54 136
100 54 168
100 54 200
100 54 232
100 54 264
100 54 296
100 54 328
100 54 360
100 55 40
100 55 72
100 55 104
100 55 136
100 55 168
100 55 200
100 55 232
100 55 264
100 55 296
100 55 328
100 55 360
100 55 392
100 56 40
100 56 72
100 56 104
100 56 136
100 56 168
100 56 200
100 56 232
100 56 264
100 56 296
100 56 328
100 56 360
100 56 392
100 57 40
100 57 72
100 57 104
100 57 136
100 57 168
100 57 200
100 57 232
100 57 264
100 57 296
100 57 328
100 57 360
100 57 392
100 57 424
100 58 40
100 58 72
100 58 104
100 58 136
100 58 168
100 58 200
100 58 232
100 58 264
100 58 296
100 58 328
100 58 360
100 58 392
100 58 424
100 59 40
100 59 72
100 59 104
100 59 136
100 59 168
100 59 200
100 59 232
100 59 264
100 59 296
100 59 328
100 59 360
100 59 392
100 60 40
100 60 72
100 60 104
100 60 136
100 60 168
100 60 200
100 60 232
100 60 264
100 60 296
100 60 328
100 60 360
100 60 392
100 61 40
100 61 72
100 61 104
100 61 136
100 61 168
100 61 200
100 61 232
100 61 264
100 61 296
100 61 328
100 61 360
100 62 40
100 62 72
100 62 104
100 62 136
100 62 168
100 62 200
100 62 232
100 62 264
100 62 296
100 62 328
100 62 360
100 63 40
100 63 72
100 63 104
100 63 136
100 63 168
100 63 200
100 63 232
100 63 264
100 63 296
100 63 328
100 64 40
100 64 72
100 64 104
100 64 136
100 64 168
100 64 200
100 64 232
100 64 264
100 64 296
100 65 40
100 65 72
100 65 104
100 65 136
100 65 168
100 65 200
100 65 232
100 65 264
100 66 40
100 66 72
100 66 104
100 66 136
100 66 168
100 66 200
100 66 232
100 66 264
100 67 40
100 67 72
100 67 104
100 67 136
100 67 168
100 67 200
100 67 232
100 67 264
100 68 40
100 68 72
100 68 104
100 68 136
100 68 168
100 68 200
100 68 232
100 68 264
100 69 40
100 69 72
100 69 104
100 69 136
100 69 168
100 69 200
100 69 232
100 69 264
100 70 40
100 70 72
100 70 104
100 70 136
100 70 168
100 70 200
100 70 232
100 70 264
100 71 40
100 71 72
100 71 104
100 71 136
100 71 168
100 71 200
100 71 232
100 71 264
100 72 40
100 72 72
100 72 104
100 72 136
100 72 168
100 72 200
100 72 232
100 72 264
100 72 296
99 72 40
99 72 72
99 72 104
99 72 136
99 72 168
99 72 200
99 72 232
99 72 264
99 73 40
99 73 72
99 73 104
99 73 136
99 73 168
99 73 200
99 73 232
99 73 264
98 73 40
98 73 72
98 73 104
98 73 136
98 73 168
98 73 200
98 73 232
98 73 264
98 74 40
98 74 72
98 74 104
98 74 136
98 74 168
98 74 200
98 74 232
98 74 264
97 74 40
97 74 72
97 74 104
97 74 136
97 74 168
97 74 200
97 74 232
97 74 264
97 75 40
97 75 72
97 75 104
97 75 136
97 75 168
97 75 200
97 75 232
97 75 264
96 75 40
96 75 72
96 75 104
96 75 136
96 75 168
96 75 200
96 75 232
96 75 264
96 76 40
96 76 72
96 76 104
96 76 136
96 76 168
96 76 200
96 76 232
96 76 264
95 76 40
95 76 72
95 76 104
95 76 136
95 76 168
95 76 200
95 76 232
95 77 40
95 77 72
95 77 104
95 77 136
95 77 168
95 77 200
95 77 232
95 77 264
94 77 40
94 77 72
94 77 104
94 77 136
94 77 168
94 77 200
94 77 232
94 78 40
94 78 72
94 78 104
94 78 136
94 78 168
94 78 200
94 78 232
93 78 40
93 78 72
93 78 104
93 78 136
93 78 168
93 78 200
93 79 40
93 79 72
93 79 104
93 79 136
93 79 168
93 79 200
92 79 40
92 79 72
92 79 104
92 79 136
92 79 168
92 80 40
92 80 72
92 80 104
92 80 136
92 80 168
91 80 40
91 80 72
91 80 104
91 80 136
91 81 40
91 81 72
91 81 104
91 81 136
91 81 168
90 81 40
90 81 72
90 81 104
90 81 136
90 82 40
90 82 72
90 82 104
90 82 136
89 82 40
89 82 72
89 82 104
89 83 40
89 83 72
89 83 104
89 83 136
88 83 40
88 83 72
88 83 104
88 84 40
88 84 72
88 84 104
87 84 40
87 84 72
87 84 104
87 85 40
87 85 72
87 85 104
86 85 40
86 85 72
86 85 104
86 86 40
86 86 72
86 86 104
86 87 40
86 87 72
86 87 104
85 87 40
85 87 72
85 88 40
85 88 72
84 88 40
84 88 72
84 89 40
84 89 72
83 89 40
83 89 72
83 90 40
83 90 72
83 91 40
82 91 40
82 92 40
81 92 40
81 93 40
80 93 40
80 94 40
79 94 40
79 95 40
78 95 40
77 95 40
77 96 40
76 96 40
76 97 40
75 97 40
75 98 40
74 98 40
73 98 40
73 99 40
72 99 40
72 100 40
71 100 40
71 100 72
71 101 40
71 101 72
70 101 40
70 101 72
69 101 40
69 101 72
69 101 104
68 101 40
68 101 72
68 101 104
147 81 40
147 82 40
147 83 40
147 84 40
147 85 40
147 86 40
147 86 72
147 87 40
147 87 72
147 88 40
147 88 72
147 88 104
147 89 40
147 89 72
147 89 104
147 90 40
147 90 72
147 90 104
147 90 136
147 91 40
147 91 72
147 91 104
147 91 136
147 92 40
147 92 72
147 92 104
147 92 136
147 92 168
147 93 40
147 93 72
147 93 104
147 93 136
147 93 168
147 94 40
147 94 72
147 94 104
147 94 136
147 94 168
147 94 200
147 95 40
147 95 72
147 95 104
147 95 136
147 95 168
147 95 200
147 96 40
147 96 72
147 96 104
147 96 136
147 96 168
147 96 200
147 97 40
147 97 72
147 97 104
147 97 136
147 97 168
147 97 200
147 97 232
147 98 40
147 98 72
147 98 104
147 98 136
147 98 168
147 98 200
147 98 232
147 99 40
147 99 72
147 99 104
147 99 136
147 99 168
147 99 200
147 99 232
147 100 40
147 100 72
147 100 104
147 100 136
147 100 168
147 100 200
147 100 232
147 101 40
147 101 72
147 101 104
147 101 136
147 101 168
147 101 200
147 101 232
147 102 40
147 102 72
147 102 104
147 102 136
147 102 168
147 102 200
147 102 232
147 103 40
147 103 72
147 103 104
147 103 136
147 103 168
147 103 200
147 104 40
147 104 72
147 104 104
147 104 136
147 104 168
147 104 200
147 105 40
147 105 72
147 105 104
147 105 136
147 105 168
147 105 200
147 106 40
147 106 72
147 106 104
147 106 136
147 106 168
147 107 40
147 107 72
147 107 104
147 107 136
147 108 40
147 108 72
147 108 104
147 108 136
147 109 40
147 109 72
147 109 104
147 110 40
147 110 72
146 110 40
146 110 72
146 111 40
146 111 72
145 111 40
145 111 72
145 112 40
144 112 40
144 113 40
143 113 40
143 114 40
142 114 40
142 115 40
141 115 40
141 116 40
141 117 40
140 117 40
140 118 40
139 118 40
139 119 40
138 119 40
138 119 72
138 120 40
138 120 72
137 120 40
137 120 72
137 121 40
137 121 72
137 122 40
136 122 40
136 123 40
135 123 40
135 124 40
134 124 40
133 124 40
132 124 40
132 124 72
131 124 40
131 124 72
130 124 40
130 124 72
129 124 40
129 124 72
129 124 104
128 124 40
128 124 72
128 124 104
127 124 40
127 124 72
127 124 104
127 124 136
126 124 40
126 124 72
126 124 104
126 124 136
126 124 168
125 124 40
125 124 72
125 124 104
125 124 136
125 124 168
125 124 200
124 124 40
124 124 72
124 124 104
124 124 136
124 124 168
124 124 200
123 124 40
123 124 72
123 124 104
123 124 136
123 124 168
123 124 200
123 124 232
122 124 40
122 124 72
122 124 104
122 124 136
122 124 168
122 124 200
122 124 232
122 124 264
121 124 40
121 124 72
121 124 104
121 124 136
121 124 168
121 124 200
121 124 232
121 124 264
121 124 296
120 124 40
120 124 72
120 124 104
120 124 136
120 124 168
120 124 200
120 124 232
120 124 264
120 124 296
119 124 40
119 124 72
119 124 104
119 124 136
119 124 168
119 124 200
119 124 232
119 124 264
119 124 296
118 124 40
118 124 72
118 124 104
118 124 136
118 124 168
118 124 200
118 124 232
118 124 264
118 124 296
117 124 40
117 124 72
117 124 104
117 124 136
117 124 168
117 124 200
117 124 232
117 124 264
117 124 296
117 123 40
117 123 72
117 123 104
117 123 136
117 123 168
117 123 200
117 123 232
117 123 264
117 123 296
117 123 328
117 122 40
117 122 72
117 122 104
117 122 136
117 122 168
117 122 200
117 122 232
117 122 264
117 122 296
117 122 328
117 122 360
117 121 40
117 121 72
117 121 104
117 121 136
117 121 168
117 121 200
117 121 232
117 121 264
117 121 296
117 121 328
117 121 360
117 120 40
117 120 72
117 120 104
117 120 136
117 120 168
117 120 200
117 120 232
117 120 264
117 120 296
117 120 328
117 120 360
117 119 40
117 119 72
117 119 104
117 119 136
117 119 168
117 119 200
117 119 232
117 119 264
117 119 296
117 119 328
117 119 360
117 118 40
117 118 72
117 118 104
117 118 136
117 118 168
117 118 200
117 118 232
117 118 264
117 118 296
117 118 328
117 118 360
117 117 40
117 117 72
117 117 104
117 117 136
117 117 168
117 117 200
117 117 232
117 117 264
117 117 296
117 117 328
117 117 360
117 116 40
117 116 72
117 116 104
117 116 136
117 116 168
117 116 200
117 116 232
117 116 264
117 116 296
117 116 328
117 115 40
117 115 72
117 115 104
117 115 136
117 115 168
117 115 200
117 115 232
117 115 264
117 115 296
117 115 328
117 114 40
117 114 72
117 114 104
117 114 136
117 114 168
117 114 200
117 114 232
117 114 264
117 114 296
117 113 40
117 113 72
117 113 104
117 113 136
117 113 168
117 113 200
117 113 232
117 113 264
117 113 296
117 112 40
117 112 72
117 112 104
117 112 136
117 112 168
117 112 200
117 112 232
117 112 264
117 111 40
117 111 72
117 111 104
117 111 136
117 111 168
117 111 200
117 111 232
117 111 264
117 110 40
117 110 72
117 110 104
117 110 136
117 110 168
117 110 200
117 110 232
117 109 40
117 109 72
117 109 104
117 109 136
117 109 168
117 109 200
117 109 232
117 108 40
117 108 72
117 108 104
117 108 136
117 108 168
117 108 200
116 108 40
116 108 72
116 108 104
116 108 136
116 108 168
116 108 200
115 108 40
115 108 72
115 108 104
115 108 136
115 108 168
115 108 200
114 108 40
114 108 72
114 108 104
114 108 136
114 108 168
114 108 200
113 108 40
113 108 72
113 108 104
113 108 136
113 108 168
112 108 40
112 108 72
112 108 104
112 108 136
112 108 168
111 108 40
111 108 72
111 108 104
111 108 136
111 108 168
110 108 40
110 108 72
110 108 104
110 108 136
109 108 40
109 108 72
109 108 104
108 108 40
108 108 72
108 108 104
107 108 40
107 108 72
106 108 40
106 108 72
105 108 40
105 108 72
104 108 40
104 108 72
103 108 40
103 108 72
102 108 40
101 108 40
100 108 40
99 108 40
98 108 40
98 107 40
97 107 40
96 107 40
96 106 40
95 106 40
94 106 40
94 105 40
93 105 40
93 104 40
92 104 40
92 103 40
91 103 40
91 102 40
90 102 40
90 101 40
89 101 40
89 100 40
88 99 40
87 99 40
87 98 40
86 98 40
86 97 40
85 97 40
85 96 40
85 95 40
84 95 40
84 94 40
84 93 40
83 93 40
83 92 40
184 189 40
184 190 40
184 191 40
184 192 40
184 193 40
184 194 40
184 195 40
184 196 40
184 197 40
184 198 40
184 199 40
183 199 40
183 199 72
182 199 40
182 199 72
181 199 40
181 199 72
180 199 40
180 199 72
179 199 40
179 199 72
178 199 40
178 199 72
177 199 40
177 199 72
175 199 40
175 199 72
175 199 104
174 199 40
174 199 72
174 199 104
173 199 40
173 199 72
173 199 104
172 199 40
172 199 72
172 199 104
171 199 40
171 199 72
171 199 104
170 199 40
170 199 72
170 199 104
169 199 40
169 199 72
169 199 104
168 199 40
168 199 72
168 199 104
167 199 40
167 199 72
167 199 104
166 199 40
166 199 72
166 199 104
165 199 40
165 199 72
165 199 104
164 199 40
164 199 72
164 199 104
163 199 40
163 199 72
163 199 104
162 199 40
162 199 72
162 199 104
161 199 40
161 199 72
161 199 104
160 199 40
160 199 72
160 199 104
159 199 40
159 199 72
158 199 40
158 199 72
157 199 40
157 199 72
156 199 40
156 199 72
155 199 40
155 199 72
153 199 40
152 199 40
151 199 40
150 199 40
149 199 40
148 199 40
147 199 40
146 199 40
145 199 40
145 198 40
145 197 40
145 196 40
145 195 40
145 194 40
145 194 72
145 193 40
145 193 72
145 192 40
145 192 72
145 191 40
145 191 72
145 190 40
145 190 72
145 189 40
145 189 72
145 189 104
145 188 40
145 188 72
145 188 104
145 187 40
145 187 72
145 187 104
145 186 40
145 186 72
145 186 104
145 186 136
145 185 40
145 185 72
145 185 104
145 185 136
145 184 40
145 184 72
145 184 104
145 184 136
145 184 168
145 183 40
145 183 72
145 183 104
145 183 136
145 183 168
145 182 40
145 182 72
145 182 104
145 182 136
145 182 168
145 182 200
145 181 40
145 181 72
145 181 104
145 181 136
145 181 168
145 181 200
145 180 40
145 180 72
145 180 104
145 180 136
145 180 168
145 180 200
145 180 232
145 179 40
145 179 72
145 179 104
145 179 136
145 179 168
145 179 200
145 179 232
145 179 264
145 178 40
145 178 72
145 178 104
145 178 136
145 178 168
145 178 200
145 178 232
145 178 264
145 178 296
145 177 40
145 177 72
145 177 104
145 177 136
145 177 168
145 177 200
145 177 232
145 177 264
145 177 296
145 177 328
145 176 40
145 176 72
145 176 104
145 176 136
145 176 168
145 176 200
145 176 232
145 176 264
145 176 296
145 176 328
145 175 40
145 175 72
145 175 104
145 175 136
145 175 168
145 175 200
145 175 232
145 175 264
145 175 296
145 175 328
145 174 40
145 174 72
145 174 104
145 174 136
145 174 168
145 174 200
145 174 232
145 174 264
145 174 296
145 174 328
145 173 40
145 173 72
145 173 104
145 173 136
145 173 168
145 173 200
145 173 232
145 173 264
145 173 296
145 173 328
145 172 40
145 172 72
145 172 104
145 172 136
145 172 168
145 172 200
145 172 232
145 172 264
145 172 296
145 172 328
145 171 40
145 171 72
145 171 104
145 171 136
145 171 168
145 171 200
145 171 232
145 171 264
145 171 296
145 170 40
145 170 72
145 170 104
145 170 136
145 170 168
145 170 200
145 170 232
145 170 264
145 169 40
145 169 72
145 169 104
145 169 136
145 169 168
145 169 200
145 169 232
145 168 40
145 168 72
145 168 104
145 168 136
145 168 168
145 168 200
145 167 40
145 167 72
145 167 104
145 167 136
145 167 168
145 166 40
145 166 72
145 166 104
145 166 136
145 165 40
145 165 72
145 165 104
145 165 136
145 164 40
145 164 72
145 164 104
145 163 40
145 163 72
145 163 104
145 162 40
145 162 72
145 162 104
145 161 40
145 161 72
145 160 40
145 160 72
145 159 40
145 159 72
145 158 40
145 158 72
145 157 40
145 157 72
145 156 40
145 156 72
145 155 40
145 155 72
145 154 40
145 154 72
145 153 40
145 153 72
145 152 40
145 152 72
145 151 40
145 151 72
145 151 104
144 151 40
144 151 72
144 150 40
144 150 72
144 150 104
143 149 40
143 149 72
142 149 40
142 149 72
142 148 40
142 148 72
141 148 40
141 148 72
141 147 40
141 147 72
140 147 40
140 146 40
140 145 40
139 145 40
139 144 40
139 143 40
138 143 40
138 142 40
138 141 40
137 141 40
137 140 40
136 140 40
136 139 40
135 139 40
135 138 40
135 137 40
135 136 40
135 135 40
135 134 40
135 133 40
135 132 40
135 131 40
135 130 40
135 129 40
135 128 40
135 127 40
135 126 40
135 125 40
