0 0 100
0 20 100
0 40 100
0 60 100
0 80 100
0 100 100
0 120 100
0 140 100
0 160 100
0 180 100
0 199 100
11 10 100
11 30 100
11 50 100
11 70 100
11 90 100
11 110 100
11 130 100
11 150 100
11 170 100
11 190 100
22 0 100
22 20 100
22 40 100
22 60 100
22 80 100
22 100 100
22 120 100
22 140 100
22 160 100
22 180 100
22 199 100
33 10 100
33 30 100
33 50 100
33 70 100
33 90 100
33 110 100
33 130 100
33 150 100
33 170 100
33 190 100
44 0 100
44 20 100
44 40 100
44 60 100
44 80 100
44 100 100
44 120 100
44 140 100
44 160 100
44 180 100
44 199 100
55 10 100
55 30 100
55 50 100
55 70 100
55 90 100
55 110 100
55 130 100
55 150 100
55 170 100
55 190 100
66 0 100
66 20 100
66 40 100
66 60 100
66 80 100
66 100 100
66 120 100
66 140 100
66 160 100
66 180 100
66 199 100
77 10 100
77 30 100
77 50 100
77 70 100
77 90 100
77 110 100
77 130 100
77 150 100
77 170 100
77 190 100
88 0 100
88 20 100
88 40 100
88 60 100
88 80 100
88 100 100
88 120 100
88 140 100
88 160 100
88 180 100
88 199 100
99 10 100
99 30 100
99 50 100
99 70 100
99 90 100
99 110 100
99 130 100
99 150 100
99 170 100
99 190 100
110 0 100
110 20 100
110 40 100
110 60 100
110 80 100
110 100 100
110 120 100
110 140 100
110 160 100
110 180 100
110 199 100
121 10 100
121 30 100
121 50 100
121 70 100
121 90 100
121 110 100
121 130 100
121 150 100
121 170 100
121 190 100
132 0 100
132 20 100
132 40 100
132 60 100
132 80 100
132 100 100
132 120 100
132 140 100
132 160 100
132 180 100
132 199 100
143 10 100
143 30 100
143 50 100
143 70 100
143 90 100
143 110 100
143 130 100
143 150 100
143 170 100
143 190 100
154 0 100
154 20 100
154 40 100
154 60 100
154 80 100
154 100 100
154 120 100
154 140 100
154 160 100
154 180 100
154 199 100
165 10 100
165 30 100
165 50 100
165 70 100
165 90 100
165 110 100
165 130 100
165 150 100
165 170 100
165 190 100
176 0 100
176 20 100
176 40 100
176 60 100
176 80 100
176 100 100
176 120 100
176 140 100
176 160 100
176 180 100
176 199 100
187 10 100
187 30 100
187 50 100
187 70 100
187 90 100
187 110 100
187 130 100
187 150 100
187 170 100
187 190 100
198 0 100
198 20 100
198 40 100
198 60 100
198 80 100
198 100 100
198 120 100
198 140 100
198 160 100
198 180 100
198 199 100
0 40 100
0 100 100
0 120 100
0 140 100
0 160 100
0 199 100
11 30 100
11 50 100
11 70 100
11 90 100
11 110 100
11 150 100
11 190 100
22 20 100
22 40 100
22 60 100
22 100 100
22 120 100
22 160 100
22 180 100
33 30 100
33 50 100
33 90 100
33 110 100
33 130 100
33 170 100
33 190 100
44 40 100
44 100 100
44 160 100
44 180 100
44 199 100
55 10 100
55 30 100
55 90 100
55 150 100
55 170 100
66 0 100
66 20 100
66 60 100
66 80 100
66 140 100
66 160 100
66 199 100
77 10 100
77 50 100
77 70 100
77 130 100
77 170 100
77 190 100
88 60 100
88 80 100
88 100 100
88 120 100
88 140 100
88 160 100
88 180 100
99 10 100
99 70 100
99 90 100
99 110 100
99 170 100
110 0 100
110 20 100
110 120 100
110 160 100
110 180 100
121 10 100
121 30 100
121 50 100
121 110 100
121 130 100
121 170 100
132 20 100
132 100 100
132 120 100
132 160 100
132 180 100
143 10 100
143 50 100
143 90 100
143 110 100
143 170 100
143 190 100
154 0 100
154 60 100
154 180 100
154 199 100
165 10 100
165 30 100
165 50 100
165 90 100
165 110 100
165 150 100
176 0 100
176 20 100
176 40 100
176 60 100
176 80 100
176 100 100
176 120 100
176 140 100
176 160 100
187 10 100
187 50 100
187 90 100
187 110 100
187 130 100
187 150 100
187 170 100
187 190 100
198 20 100
198 60 100
198 100 100
198 140 100
198 160 100
198 180 100
38 20 40
170 184 40
114 139 40
140 27 40
140 28 40
140 29 40
140 30 40
140 31 40
140 32 40
140 33 40
140 34 40
140 35 40
140 36 40
140 37 40
139 37 40
139 38 40
138 38 40
138 39 40
137 39 40
136 39 40
136 40 40
135 40 40
135 40 41
135 41 40
135 41 41
134 41 40
134 41 41
134 42 40
134 42 41
134 42 42
134 43 40
134 43 41
134 43 42
134 43 43
134 44 40
134 44 41
134 44 42
134 44 43
134 44 44
134 45 40
134 45 41
134 45 42
134 45 43
134 45 44
134 45 45
134 45 46
134 46 40
134 46 41
134 46 42
134 46 43
134 46 44
134 46 45
134 46 46
134 46 47
134 46 48
134 47 40
134 47 41
134 47 42
134 47 43
134 47 44
134 47 45
134 47 46
134 47 47
134 47 48
134 47 49
134 47 50
134 48 40
134 48 41
134 48 42
134 48 43
134 48 44
134 48 45
134 48 46
134 48 47
134 48 48
134 48 49
134 48 50
134 48 51
134 49 40
134 49 41
134 49 42
134 49 43
134 49 44
134 49 45
134 49 46
134 49 47
134 49 48
134 49 49
134 49 50
134 49 51
134 50 40
134 50 41
134 50 42
134 50 43
134 50 44
134 50 45
134 50 46
134 50 47
134 50 48
134 50 49
134 50 50
134 51 40
134 51 41
134 51 42
134 51 43
134 51 44
134 51 45
134 51 46
134 51 47
134 51 48
134 52 40
134 52 41
134 52 42
134 52 43
134 52 44
134 52 45
134 52 46
134 53 40
134 53 41
134 53 42
134 53 43
134 53 44
134 53 45
134 54 40
134 54 41
134 54 42
134 54 43
134 54 44
134 55 40
134 55 41
134 55 42
134 55 43
134 56 40
134 56 41
134 56 42
134 56 43
134 57 40
134 57 41
134 57 42
134 58 40
134 58 41
134 58 42
134 59 40
134 59 41
134 59 42
134 60 40
134 60 41
134 61 40
134 61 41
134 62 40
134 62 41
134 63 40
134 64 40
134 65 40
134 66 40
134 67 40
134 68 40
134 69 40
134 70 40
134 71 40
134 72 40
134 73 40
134 74 40
134 75 40
135 75 40
136 75 40
137 75 40
138 75 40
139 75 40
140 75 40
141 75 40
142 75 40
143 75 40
144 75 40
145 75 40
146 75 40
147 75 40
147 76 40
148 76 40
149 76 40
150 76 40
150 76 41
150 77 40
150 77 41
151 77 40
151 77 41
152 77 40
152 77 41
152 77 42
153 77 40
153 77 41
153 77 42
153 78 40
153 78 41
153 78 42
154 78 40
154 78 41
154 78 42
155 78 40
155 78 41
155 78 42
156 78 40
156 78 41
156 78 42
156 79 40
156 79 41
156 79 42
156 80 40
156 80 41
156 80 42
156 80 43
156 81 40
156 81 41
156 81 42
156 81 43
156 82 40
156 82 41
156 82 42
156 82 43
156 83 40
156 83 41
156 83 42
156 84 40
156 84 41
156 84 42
156 85 40
156 85 41
156 85 42
156 86 40
156 86 41
156 86 42
156 87 40
156 87 41
156 87 42
156 88 40
156 88 41
156 88 42
156 89 40
156 89 41
156 89 42
156 90 40
156 90 41
156 91 40
156 91 41
156 92 40
156 92 41
156 93 40
156 93 41
156 94 40
156 95 40
156 96 40
156 97 40
156 98 40
156 99 40
156 100 40
156 101 40
156 102 40
156 103 40
157 103 40
157 104 40
158 104 40
158 105 40
159 105 40
159 106 40
160 106 40
160 107 40
160 108 40
160 109 40
160 109 41
160 110 40
160 110 41
160 111 40
160 111 41
160 112 40
160 112 41
160 112 42
160 113 40
160 113 41
160 113 42
160 114 40
160 114 41
160 114 42
160 115 40
160 115 41
160 115 42
160 116 40
160 116 41
160 117 40
160 117 41
160 118 40
160 118 41
160 119 40
160 119 41
160 120 40
159 120 40
159 121 40
159 122 40
158 122 40
158 123 40
158 124 40
157 124 40
157 125 40
157 126 40
157 127 40
156 127 40
156 128 40
156 129 40
156 130 40
156 131 40
156 132 40
155 132 40
155 133 40
155 134 40
155 135 40
154 135 40
153 135 40
152 135 40
151 135 40
151 136 40
151 137 40
151 138 40
151 139 40
150 139 40
149 139 40
148 139 40
147 139 40
147 140 40
146 140 40
146 141 40
145 141 40
144 141 40
143 141 40
142 141 40
141 141 40
140 141 40
140 142 40
139 142 40
138 142 40
137 142 40
136 142 40
136 143 40
135 143 40
134 143 40
134 144 40
133 144 40
132 144 40
132 145 40
131 145 40
130 145 40
130 146 40
129 146 40
129 147 40
128 147 40
127 147 40
126 147 40
125 147 40
124 147 40
123 147 40
122 147 40
121 147 40
120 147 40
119 147 40
118 147 40
117 147 40
117 146 40
116 146 40
115 146 40
114 146 40
114 145 40
114 144 40
114 143 40
114 142 40
114 141 40
114 140 40
