0 0 100
0 20 100
0 40 100
0 60 100
0 80 100
0 100 100
0 120 100
0 140 100
0 160 100
0 180 100
0 199 100
11 10 100
11 30 100
11 50 100
11 70 100
11 90 100
11 110 100
11 130 100
11 150 100
11 170 100
11 190 100
22 0 100
22 20 100
22 40 100
22 60 100
22 80 100
22 100 100
22 120 100
22 140 100
22 160 100
22 180 100
22 199 100
33 10 100
33 30 100
33 50 100
33 70 100
33 90 100
33 110 100
33 130 100
33 150 100
33 170 100
33 190 100
44 0 100
44 20 100
44 40 100
44 60 100
44 80 100
44 100 100
44 120 100
44 140 100
44 160 100
44 180 100
44 199 100
55 10 100
55 30 100
55 50 100
55 70 100
55 90 100
55 110 100
55 130 100
55 150 100
55 170 100
55 190 100
66 0 100
66 20 100
66 40 100
66 60 100
66 80 100
66 100 100
66 120 100
66 140 100
66 160 100
66 180 100
66 199 100
77 10 100
77 30 100
77 50 100
77 70 100
77 90 100
77 110 100
77 130 100
77 150 100
77 170 100
77 190 100
88 0 100
88 20 100
88 40 100
88 60 100
88 80 100
88 100 100
88 120 100
88 140 100
88 160 100
88 180 100
88 199 100
99 10 100
99 30 100
99 50 100
99 70 100
99 90 100
99 110 100
99 130 100
99 150 100
99 170 100
99 190 100
110 0 100
110 20 100
110 40 100
110 60 100
110 80 100
110 100 100
110 120 100
110 140 100
110 160 100
110 180 100
110 199 100
121 10 100
121 30 100
121 50 100
121 70 100
121 90 100
121 110 100
121 130 100
121 150 100
121 170 100
121 190 100
132 0 100
132 20 100
132 40 100
132 60 100
132 80 100
132 100 100
132 120 100
132 140 100
132 160 100
132 180 100
132 199 100
143 10 100
143 30 100
143 50 100
143 70 100
143 90 100
143 110 100
143 130 100
143 150 100
143 170 100
143 190 100
154 0 100
154 20 100
154 40 100
154 60 100
154 80 100
154 100 100
154 120 100
154 140 100
154 160 100
154 180 100
154 199 100
165 10 100
165 30 100
165 50 100
165 70 100
165 90 100
165 110 100
165 130 100
165 150 100
165 170 100
165 190 100
176 0 100
176 20 100
176 40 100
176 60 100
176 80 100
176 100 100
176 120 100
176 140 100
176 160 100
176 180 100
176 199 100
187 10 100
187 30 100
187 50 100
187 70 100
187 90 100
187 110 100
187 130 100
187 150 100
187 170 100
187 190 100
198 0 100
198 20 100
198 40 100
198 60 100
198 80 100
198 100 100
198 120 100
198 140 100
198 160 100
198 180 100
198 199 100
0 0 100
0 20 100
0 40 100
0 100 100
0 120 100
0 140 100
11 10 100
11 30 100
11 90 100
11 110 100
11 130 100
22 0 100
22 20 100
22 40 100
22 80 100
22 100 100
22 120 100
22 140 100
33 10 100
33 30 100
33 50 100
33 70 100
33 90 100
33 110 100
33 130 100
33 150 100
44 0 100
44 20 100
44 40 100
44 60 100
44 80 100
44 100 100
44 120 100
44 140 100
44 160 100
44 180 100
44 199 100
55 30 100
55 50 100
55 70 100
55 90 100
55 110 100
55 130 100
55 150 100
55 170 100
55 190 100
66 20 100
66 40 100
66 60 100
66 80 100
66 100 100
66 120 100
66 140 100
66 160 100
66 180 100
66 199 100
77 10 100
77 30 100
77 50 100
77 70 100
77 90 100
77 130 100
77 150 100
77 170 100
77 190 100
88 0 100
88 20 100
88 40 100
88 60 100
88 80 100
88 140 100
88 160 100
88 180 100
88 199 100
99 10 100
99 30 100
99 50 100
99 70 100
99 130 100
99 150 100
99 170 100
99 190 100
110 0 100
110 20 100
110 40 100
110 60 100
110 140 100
110 160 100
110 180 100
121 10 100
121 30 100
121 50 100
121 130 100
121 150 100
121 170 100
132 0 100
132 20 100
132 40 100
132 140 100
132 160 100
132 180 100
143 10 100
143 30 100
143 150 100
143 170 100
143 190 100
154 0 100
154 20 100
154 40 100
154 80 100
154 100 100
154 160 100
154 180 100
154 199 100
165 10 100
165 30 100
165 50 100
165 70 100
165 90 100
165 110 100
165 130 100
165 150 100
165 170 100
165 190 100
176 0 100
176 20 100
176 40 100
176 60 100
176 80 100
176 100 100
176 120 100
176 140 100
176 160 100
176 180 100
176 199 100
187 10 100
187 30 100
187 50 100
187 70 100
187 90 100
187 110 100
187 130 100
187 150 100
187 170 100
187 190 100
198 20 100
198 40 100
198 60 100
198 80 100
198 100 100
198 120 100
198 140 100
198 160 100
198 180 100
198 199 100
50 6 40
151 137 40
151 137 41
12 43 40
12 43 41
12 43 42
12 43 43
113 89 40
19 185 40
146 62 40
127 199 40
80 118 40
65 158 40
65 158 41
65 158 42
65 158 43
65 158 44
65 158 45
114 89 40
115 89 40
116 89 40
117 89 40
118 89 40
119 89 40
120 89 40
121 89 40
122 89 40
123 89 40
124 89 40
125 89 40
126 89 40
127 89 40
128 89 40
128 90 40
128 91 40
128 92 40
128 93 40
128 94 40
128 95 40
128 96 40
128 97 40
128 98 40
128 99 40
128 100 40
128 101 40
128 102 40
128 103 40
128 104 40
129 104 40
129 105 40
129 106 40
130 106 40
130 107 40
131 107 40
131 108 40
132 108 40
133 108 40
133 109 40
134 109 40
135 109 40
135 110 40
136 110 40
136 111 40
136 112 40
137 112 40
137 113 40
138 113 40
138 114 40
139 114 40
139 115 40
140 115 40
140 116 40
141 116 40
141 117 40
142 117 40
142 118 40
142 118 41
143 118 40
143 118 41
143 119 40
143 119 41
144 119 40
144 119 41
144 120 40
144 120 41
144 121 40
144 121 41
145 121 40
145 121 41
145 122 40
145 122 41
146 122 40
146 122 41
146 123 40
146 123 41
147 123 40
147 123 41
147 124 40
147 124 41
148 124 40
148 124 41
148 125 40
148 125 41
149 125 40
149 125 41
149 126 40
149 126 41
150 126 40
150 127 40
151 127 40
151 128 40
151 129 40
151 130 40
151 131 40
151 132 40
151 133 40
151 133 41
151 134 40
151 134 41
151 135 40
151 135 41
151 136 40
151 136 41
146 63 40
145 63 40
145 64 40
145 65 40
144 65 40
143 65 40
142 65 40
142 66 40
141 66 40
141 67 40
141 68 40
140 68 40
139 68 40
139 69 40
139 70 40
139 71 40
138 71 40
138 72 40
137 72 40
137 73 40
136 73 40
135 73 40
135 74 40
135 75 40
134 75 40
133 75 40
133 76 40
133 77 40
133 78 40
132 78 40
132 79 40
132 81 40
132 82 40
131 82 40
131 83 40
131 84 40
131 85 40
131 86 40
131 87 40
131 88 40
130 88 40
129 88 40
129 89 40
81 118 40
82 118 40
83 118 40
84 118 40
85 118 40
86 118 40
87 118 40
88 118 40
89 118 40
90 118 40
90 117 40
91 117 40
91 116 40
91 115 40
92 115 40
93 115 40
93 114 40
93 113 40
94 113 40
95 113 40
96 113 40
96 112 40
97 112 40
98 112 40
98 111 40
99 111 40
100 111 40
100 110 40
101 110 40
102 110 40
103 110 40
104 110 40
105 110 40
106 110 40
107 110 40
108 110 40
109 110 40
110 110 40
111 110 40
112 110 40
113 110 40
114 110 40
115 110 40
116 110 40
116 109 40
117 109 40
118 109 40
118 108 40
119 108 40
120 108 40
121 108 40
122 108 40
123 108 40
123 107 40
124 107 40
125 107 40
126 107 40
127 107 40
128 107 40
129 107 40
65 157 40
65 157 41
65 157 42
65 157 43
65 157 44
65 157 45
65 156 40
65 156 41
65 156 42
65 156 43
65 156 44
65 156 45
65 155 40
65 155 41
65 155 42
65 155 43
65 155 44
65 155 45
65 154 40
65 154 41
65 154 42
65 154 43
65 154 44
65 154 45
65 153 40
65 153 41
65 153 42
65 153 43
65 153 44
65 153 45
65 152 40
65 152 41
65 152 42
65 152 43
65 152 44
65 152 45
65 151 40
65 151 41
65 151 42
65 151 43
65 151 44
65 151 45
65 151 46
65 150 40
65 150 41
65 150 42
65 150 43
65 150 44
65 150 45
65 150 46
65 150 47
65 149 40
65 149 41
65 149 42
65 149 43
65 149 44
65 149 45
65 149 46
65 149 47
65 149 48
65 148 40
65 148 41
65 148 42
65 148 43
65 148 44
65 148 45
65 148 46
65 148 47
65 148 48
65 148 49
65 147 40
65 147 41
65 147 42
65 147 43
65 147 44
65 147 45
65 147 46
65 147 47
65 147 48
65 147 49
65 147 50
65 146 40
65 146 41
65 146 42
65 146 43
65 146 44
65 146 45
65 146 46
65 146 47
65 146 48
65 146 49
65 146 50
65 146 51
65 145 40
65 145 41
65 145 42
65 145 43
65 145 44
65 145 45
65 145 46
65 145 47
65 145 48
65 145 49
65 145 50
65 145 51
65 145 52
65 144 40
65 144 41
65 144 42
65 144 43
65 144 44
65 144 45
65 144 46
65 144 47
65 144 48
65 144 49
65 144 50
65 144 51
65 144 52
65 144 53
66 144 40
66 144 41
66 144 42
66 144 43
66 144 44
66 144 45
66 144 46
66 144 47
66 144 48
66 144 49
66 144 50
66 144 51
66 144 52
66 144 53
66 143 40
66 143 41
66 143 42
66 143 43
66 143 44
66 143 45
66 143 46
66 143 47
66 143 48
66 143 49
66 143 50
66 143 51
66 143 52
66 143 53
66 143 54
67 143 40
67 143 41
67 143 42
67 143 43
67 143 44
67 143 45
67 143 46
67 143 47
67 143 48
67 143 49
67 143 50
67 143 51
67 143 52
67 143 53
67 143 54
68 143 40
68 143 41
68 143 42
68 143 43
68 143 44
68 143 45
68 143 46
68 143 47
68 143 48
68 143 49
68 143 50
68 143 51
68 143 52
68 143 53
68 142 40
68 142 41
68 142 42
68 142 43
68 142 44
68 142 45
68 142 46
68 142 47
68 142 48
68 142 49
68 142 50
68 142 51
68 142 52
68 142 53
69 142 40
69 142 41
69 142 42
69 142 43
69 142 44
69 142 45
69 142 46
69 142 47
69 142 48
69 142 49
69 142 50
69 142 51
69 142 52
69 142 53
69 141 40
69 141 41
69 141 42
69 141 43
69 141 44
69 141 45
69 141 46
69 141 47
69 141 48
69 141 49
69 141 50
69 141 51
69 141 52
70 141 40
70 141 41
70 141 42
70 141 43
70 141 44
70 141 45
70 141 46
70 141 47
70 141 48
70 141 49
70 141 50
70 141 51
70 140 40
70 140 41
70 140 42
70 140 43
70 140 44
70 140 45
70 140 46
70 140 47
70 140 48
70 140 49
70 140 50
70 140 51
71 140 40
71 140 41
71 140 42
71 140 43
71 140 44
71 140 45
71 140 46
71 140 47
71 140 48
71 140 49
71 139 40
71 139 41
71 139 42
71 139 43
71 139 44
71 139 45
71 139 46
71 139 47
71 139 48
71 139 49
72 139 40
72 139 41
72 139 42
72 139 43
72 139 44
72 139 45
72 139 46
72 139 47
72 138 40
72 138 41
72 138 42
72 138 43
72 138 44
72 138 45
72 138 46
72 138 47
73 138 40
73 138 41
73 138 42
73 138 43
73 138 44
73 138 45
73 138 46
73 137 40
73 137 41
73 137 42
73 137 43
73 137 44
73 137 45
74 137 40
74 137 41
74 137 42
74 137 43
74 137 44
74 136 40
74 136 41
74 136 42
74 136 43
74 136 44
75 136 40
75 136 41
75 136 42
75 136 43
75 135 40
75 135 41
75 135 42
75 135 43
76 135 40
76 135 41
76 135 42
76 135 43
76 134 40
76 134 41
76 134 42
76 134 43
77 134 40
77 134 41
77 134 42
77 134 43
77 133 40
77 133 41
77 133 42
77 133 43
78 133 40
78 133 41
78 133 42
78 132 40
78 132 41
78 132 42
79 132 40
79 132 41
79 132 42
79 131 40
79 131 41
79 131 42
80 131 40
80 131 41
80 131 42
80 130 40
80 130 41
80 130 42
81 130 40
81 130 41
81 130 42
81 129 40
81 129 41
81 129 42
82 129 40
82 129 41
82 129 42
82 128 40
82 128 41
82 128 42
83 128 40
83 128 41
83 128 42
83 127 40
83 127 41
83 127 42
84 127 40
84 127 41
84 127 42
84 126 40
84 126 41
84 126 42
85 126 40
85 126 41
85 126 42
85 125 40
85 125 41
85 124 40
85 124 41
85 123 40
85 123 41
85 122 40
85 121 40
85 120 40
85 119 40
19 184 40
19 183 40
19 182 40
19 181 40
19 180 40
20 180 40
21 180 40
23 180 40
24 180 40
24 179 40
25 179 40
25 178 40
25 177 40
26 177 40
27 177 40
28 177 40
29 177 40
30 177 40
31 177 40
32 177 40
33 177 40
34 177 40
35 177 40
36 177 40
37 177 40
38 177 40
39 177 40
40 177 40
41 177 40
41 177 41
42 177 40
42 177 41
43 177 40
43 177 41
44 177 40
44 177 41
44 177 42
45 177 40
45 177 41
45 177 42
46 177 40
46 177 41
46 177 42
46 177 43
47 177 40
47 177 41
47 177 42
47 177 43
48 177 40
48 177 41
48 177 42
48 177 43
48 177 44
49 177 40
49 177 41
49 177 42
49 177 43
49 177 44
50 177 40
50 177 41
50 177 42
50 177 43
50 177 44
50 176 40
50 176 41
50 176 42
50 176 43
50 176 44
51 176 40
51 176 41
51 176 42
51 176 43
51 176 44
51 175 40
51 175 41
51 175 42
51 175 43
51 175 44
52 175 40
52 175 41
52 175 42
52 175 43
52 175 44
52 174 40
52 174 41
52 174 42
52 174 43
53 174 40
53 174 41
53 174 42
53 174 43
53 174 44
53 173 40
53 173 41
53 173 42
53 173 43
53 173 44
54 173 40
54 173 41
54 173 42
54 173 43
54 173 44
54 172 40
54 172 41
54 172 42
54 172 43
54 172 44
55 172 40
55 172 41
55 172 42
55 172 43
55 172 44
55 171 40
55 171 41
55 171 42
55 171 43
55 171 44
55 171 45
56 171 40
56 171 41
56 171 42
56 171 43
56 171 44
56 171 45
56 170 40
56 170 41
56 170 42
56 170 43
56 170 44
56 170 45
57 170 40
57 170 41
57 170 42
57 170 43
57 170 44
57 170 45
57 170 46
57 169 40
57 169 41
57 169 42
57 169 43
57 169 44
57 169 45
57 169 46
57 169 47
58 169 40
58 169 41
58 169 42
58 169 43
58 169 44
58 169 45
58 169 46
58 169 47
58 168 40
58 168 41
58 168 42
58 168 43
58 168 44
58 168 45
58 168 46
58 168 47
58 168 48
59 168 40
59 168 41
59 168 42
59 168 43
59 168 44
59 168 45
59 168 46
59 168 47
59 168 48
59 167 40
59 167 41
59 167 42
59 167 43
59 167 44
59 167 45
59 167 46
59 167 47
59 167 48
59 167 49
60 167 40
60 167 41
60 167 42
60 167 43
60 167 44
60 167 45
60 167 46
60 167 47
60 167 48
60 167 49
61 167 40
61 167 41
61 167 42
61 167 43
61 167 44
61 167 45
61 167 46
61 167 47
61 167 48
61 167 49
62 167 40
62 167 41
62 167 42
62 167 43
62 167 44
62 167 45
62 167 46
62 167 47
62 167 48
62 167 49
62 166 40
62 166 41
62 166 42
62 166 43
62 166 44
62 166 45
62 166 46
62 166 47
62 166 48
62 166 49
62 165 40
62 165 41
62 165 42
62 165 43
62 165 44
62 165 45
62 165 46
62 165 47
62 165 48
62 165 49
63 165 40
63 165 41
63 165 42
63 165 43
63 165 44
63 165 45
63 165 46
63 165 47
63 165 48
63 165 49
63 164 40
63 164 41
63 164 42
63 164 43
63 164 44
63 164 45
63 164 46
63 164 47
63 164 48
63 164 49
63 163 40
63 163 41
63 163 42
63 163 43
63 163 44
63 163 45
63 163 46
63 163 47
63 163 48
63 162 40
63 162 41
63 162 42
63 162 43
63 162 44
63 162 45
63 162 46
63 162 47
63 162 48
63 161 40
63 161 41
63 161 42
63 161 43
63 161 44
63 161 45
63 161 46
63 161 47
63 161 48
63 160 40
63 160 41
63 160 42
63 160 43
63 160 44
63 160 45
63 160 46
63 160 47
63 159 40
63 159 41
63 159 42
63 159 43
63 159 44
63 159 45
63 159 46
63 159 47
64 159 40
64 159 41
64 159 42
64 159 43
64 159 44
64 159 45
64 159 46
64 158 40
64 158 41
64 158 42
64 158 43
64 158 44
64 158 45
64 158 46
127 198 40
127 197 40
127 196 40
127 195 40
127 194 40
127 193 40
127 192 40
127 192 41
127 191 40
127 191 41
127 190 40
127 190 41
127 189 40
127 189 41
127 188 40
127 188 41
127 187 40
127 187 41
127 187 42
127 186 40
127 186 41
127 186 42
127 185 40
127 185 41
127 185 42
127 184 40
127 184 41
127 184 42
127 184 43
127 183 40
127 183 41
127 183 42
127 183 43
127 182 40
127 182 41
127 182 42
127 182 43
127 182 44
127 181 40
127 181 41
127 181 42
127 181 43
127 181 44
127 181 45
127 180 40
127 180 41
127 180 42
127 180 43
127 180 44
127 180 45
127 180 46
127 179 40
127 179 41
127 179 42
127 179 43
127 179 44
127 179 45
127 179 46
127 179 47
127 178 40
127 178 41
127 178 42
127 178 43
127 178 44
127 178 45
127 178 46
127 178 47
127 178 48
127 178 49
127 177 40
127 177 41
127 177 42
127 177 43
127 177 44
127 177 45
127 177 46
127 177 47
127 177 48
127 177 49
127 177 50
127 177 51
127 176 40
127 176 41
127 176 42
127 176 43
127 176 44
127 176 45
127 176 46
127 176 47
127 176 48
127 176 49
127 176 50
127 176 51
127 176 52
127 176 53
127 175 40
127 175 41
127 175 42
127 175 43
127 175 44
127 175 45
127 175 46
127 175 47
127 175 48
127 175 49
127 175 50
127 175 51
127 175 52
127 175 53
127 175 54
127 175 55
127 175 56
127 174 40
127 174 41
127 174 42
127 174 43
127 174 44
127 174 45
127 174 46
127 174 47
127 174 48
127 174 49
127 174 50
127 174 51
127 174 52
127 174 53
127 174 54
127 174 55
127 174 56
127 174 57
127 174 58
127 174 59
127 173 40
127 173 41
127 173 42
127 173 43
127 173 44
127 173 45
127 173 46
127 173 47
127 173 48
127 173 49
127 173 50
127 173 51
127 173 52
127 173 53
127 173 54
127 173 55
127 173 56
127 173 57
127 173 58
127 173 59
127 173 60
127 173 61
127 173 62
127 172 40
127 172 41
127 172 42
127 172 43
127 172 44
127 172 45
127 172 46
127 172 47
127 172 48
127 172 49
127 172 50
127 172 51
127 172 52
127 172 53
127 172 54
127 172 55
127 172 56
127 172 57
127 172 58
127 172 59
127 172 60
127 172 61
127 172 62
127 172 63
127 172 64
127 172 65
127 171 40
127 171 41
127 171 42
127 171 43
127 171 44
127 171 45
127 171 46
127 171 47
127 171 48
127 171 49
127 171 50
127 171 51
127 171 52
127 171 53
127 171 54
127 171 55
127 171 56
127 171 57
127 171 58
127 171 59
127 171 60
127 171 61
127 171 62
127 171 63
127 171 64
127 171 65
127 171 66
127 171 67
127 171 68
127 170 40
127 170 41
127 170 42
127 170 43
127 170 44
127 170 45
127 170 46
127 170 47
127 170 48
127 170 49
127 170 50
127 170 51
127 170 52
127 170 53
127 170 54
127 170 55
127 170 56
127 170 57
127 170 58
127 170 59
127 170 60
127 170 61
127 170 62
127 170 63
127 170 64
127 170 65
127 170 66
127 170 67
127 170 68
127 170 69
127 170 70
127 169 40
127 169 41
127 169 42
127 169 43
127 169 44
127 169 45
127 169 46
127 169 47
127 169 48
127 169 49
127 169 50
127 169 51
127 169 52
127 169 53
127 169 54
127 169 55
127 169 56
127 169 57
127 169 58
127 169 59
127 169 60
127 169 61
127 169 62
127 169 63
127 169 64
127 169 65
127 169 66
127 169 67
127 169 68
127 169 69
127 169 70
127 169 71
127 169 72
127 168 40
127 168 41
127 168 42
127 168 43
127 168 44
127 168 45
127 168 46
127 168 47
127 168 48
127 168 49
127 168 50
127 168 51
127 168 52
127 168 53
127 168 54
127 168 55
127 168 56
127 168 57
127 168 58
127 168 59
127 168 60
127 168 61
127 168 62
127 168 63
127 168 64
127 168 65
127 168 66
127 168 67
127 168 68
127 168 69
127 168 70
127 168 71
127 168 72
127 168 73
127 167 40
127 167 41
127 167 42
127 167 43
127 167 44
127 167 45
127 167 46
127 167 47
127 167 48
127 167 49
127 167 50
127 167 51
127 167 52
127 167 53
127 167 54
127 167 55
127 167 56
127 167 57
127 167 58
127 167 59
127 167 60
127 167 61
127 167 62
127 167 63
127 167 64
127 167 65
127 167 66
127 167 67
127 167 68
127 167 69
127 167 70
127 167 71
127 167 72
127 167 73
127 167 74
127 166 40
127 166 41
127 166 42
127 166 43
127 166 44
127 166 45
127 166 46
127 166 47
127 166 48
127 166 49
127 166 50
127 166 51
127 166 52
127 166 53
127 166 54
127 166 55
127 166 56
127 166 57
127 166 58
127 166 59
127 166 60
127 166 61
127 166 62
127 166 63
127 166 64
127 166 65
127 166 66
127 166 67
127 166 68
127 166 69
127 166 70
127 166 71
127 166 72
127 166 73
127 166 74
127 165 40
127 165 41
127 165 42
127 165 43
127 165 44
127 165 45
127 165 46
127 165 47
127 165 48
127 165 49
127 165 50
127 165 51
127 165 52
127 165 53
127 165 54
127 165 55
127 165 56
127 165 57
127 165 58
127 165 59
127 165 60
127 165 61
127 165 62
127 165 63
127 165 64
127 165 65
127 165 66
127 165 67
127 165 68
127 165 69
127 165 70
127 165 71
127 165 72
127 165 73
127 165 74
127 164 40
127 164 41
127 164 42
127 164 43
127 164 44
127 164 45
127 164 46
127 164 47
127 164 48
127 164 49
127 164 50
127 164 51
127 164 52
127 164 53
127 164 54
127 164 55
127 164 56
127 164 57
127 164 58
127 164 59
127 164 60
127 164 61
127 164 62
127 164 63
127 164 64
127 164 65
127 164 66
127 164 67
127 164 68
127 164 69
127 164 70
127 164 71
127 164 72
127 164 73
127 163 40
127 163 41
127 163 42
127 163 43
127 163 44
127 163 45
127 163 46
127 163 47
127 163 48
127 163 49
127 163 50
127 163 51
127 163 52
127 163 53
127 163 54
127 163 55
127 163 56
127 163 57
127 163 58
127 163 59
127 163 60
127 163 61
127 163 62
127 163 63
127 163 64
127 163 65
127 163 66
127 163 67
127 163 68
127 163 69
127 163 70
127 163 71
127 163 72
127 163 73
127 162 40
127 162 41
127 162 42
127 162 43
127 162 44
127 162 45
127 162 46
127 162 47
127 162 48
127 162 49
127 162 50
127 162 51
127 162 52
127 162 53
127 162 54
127 162 55
127 162 56
127 162 57
127 162 58
127 162 59
127 162 60
127 162 61
127 162 62
127 162 63
127 162 64
127 162 65
127 162 66
127 162 67
127 162 68
127 162 69
127 162 70
127 162 71
127 162 72
127 161 40
127 161 41
127 161 42
127 161 43
127 161 44
127 161 45
127 161 46
127 161 47
127 161 48
127 161 49
127 161 50
127 161 51
127 161 52
127 161 53
127 161 54
127 161 55
127 161 56
127 161 57
127 161 58
127 161 59
127 161 60
127 161 61
127 161 62
127 161 63
127 161 64
127 161 65
127 161 66
127 161 67
127 161 68
127 161 69
127 161 70
127 161 71
127 160 40
127 160 41
127 160 42
127 160 43
127 160 44
127 160 45
127 160 46
127 160 47
127 160 48
127 160 49
127 160 50
127 160 51
127 160 52
127 160 53
127 160 54
127 160 55
127 160 56
127 160 57
127 160 58
127 160 59
127 160 60
127 160 61
127 160 62
127 160 63
127 160 64
127 160 65
127 160 66
127 160 67
127 160 68
127 160 69
127 160 70
127 160 71
127 159 40
127 159 41
127 159 42
127 159 43
127 159 44
127 159 45
127 159 46
127 159 47
127 159 48
127 159 49
127 159 50
127 159 51
127 159 52
127 159 53
127 159 54
127 159 55
127 159 56
127 159 57
127 159 58
127 159 59
127 159 60
127 159 61
127 159 62
127 159 63
127 159 64
127 159 65
127 159 66
127 159 67
127 159 68
127 159 69
127 159 70
127 158 40
127 158 41
127 158 42
127 158 43
127 158 44
127 158 45
127 158 46
127 158 47
127 158 48
127 158 49
127 158 50
127 158 51
127 158 52
127 158 53
127 158 54
127 158 55
127 158 56
127 158 57
127 158 58
127 158 59
127 158 60
127 158 61
127 158 62
127 158 63
127 158 64
127 158 65
127 158 66
127 158 67
127 158 68
127 158 69
127 157 40
127 157 41
127 157 42
127 157 43
127 157 44
127 157 45
127 157 46
127 157 47
127 157 48
127 157 49
127 157 50
127 157 51
127 157 52
127 157 53
127 157 54
127 157 55
127 157 56
127 157 57
127 157 58
127 157 59
127 157 60
127 157 61
127 157 62
127 157 63
127 157 64
127 157 65
127 157 66
127 157 67
127 157 68
127 156 40
127 156 41
127 156 42
127 156 43
127 156 44
127 156 45
127 156 46
127 156 47
127 156 48
127 156 49
127 156 50
127 156 51
127 156 52
127 156 53
127 156 54
127 156 55
127 156 56
127 156 57
127 156 58
127 156 59
127 156 60
127 156 61
127 156 62
127 156 63
127 156 64
127 156 65
127 156 66
127 156 67
127 156 68
127 155 40
127 155 41
127 155 42
127 155 43
127 155 44
127 155 45
127 155 46
127 155 47
127 155 48
127 155 49
127 155 50
127 155 51
127 155 52
127 155 53
127 155 54
127 155 55
127 155 56
127 155 57
127 155 58
127 155 59
127 155 60
127 155 61
127 155 62
127 155 63
127 155 64
127 155 65
127 155 66
127 155 67
127 155 68
127 154 40
127 154 41
127 154 42
127 154 43
127 154 44
127 154 45
127 154 46
127 154 47
127 154 48
127 154 49
127 154 50
127 154 51
127 154 52
127 154 53
127 154 54
127 154 55
127 154 56
127 154 57
127 154 58
127 154 59
127 154 60
127 154 61
127 154 62
127 154 63
127 154 64
127 154 65
127 154 66
127 154 67
127 154 68
127 153 40
127 153 41
127 153 42
127 153 43
127 153 44
127 153 45
127 153 46
127 153 47
127 153 48
127 153 49
127 153 50
127 153 51
127 153 52
127 153 53
127 153 54
127 153 55
127 153 56
127 153 57
127 153 58
127 153 59
127 153 60
127 153 61
127 153 62
127 153 63
127 153 64
127 153 65
127 153 66
127 153 67
127 153 68
127 152 40
127 152 41
127 152 42
127 152 43
127 152 44
127 152 45
127 152 46
127 152 47
127 152 48
127 152 49
127 152 50
127 152 51
127 152 52
127 152 53
127 152 54
127 152 55
127 152 56
127 152 57
127 152 58
127 152 59
127 152 60
127 152 61
127 152 62
127 152 63
127 152 64
127 152 65
127 152 66
127 152 67
127 152 68
127 151 40
127 151 41
127 151 42
127 151 43
127 151 44
127 151 45
127 151 46
127 151 47
127 151 48
127 151 49
127 151 50
127 151 51
127 151 52
127 151 53
127 151 54
127 151 55
127 151 56
127 151 57
127 151 58
127 151 59
127 151 60
127 151 61
127 151 62
127 151 63
127 151 64
127 151 65
127 151 66
127 151 67
127 151 68
127 151 69
127 150 40
127 150 41
127 150 42
127 150 43
127 150 44
127 150 45
127 150 46
127 150 47
127 150 48
127 150 49
127 150 50
127 150 51
127 150 52
127 150 53
127 150 54
127 150 55
127 150 56
127 150 57
127 150 58
127 150 59
127 150 60
127 150 61
127 150 62
127 150 63
127 150 64
127 150 65
127 150 66
127 150 67
127 150 68
127 149 40
127 149 41
127 149 42
127 149 43
127 149 44
127 149 45
127 149 46
127 149 47
127 149 48
127 149 49
127 149 50
127 149 51
127 149 52
127 149 53
127 149 54
127 149 55
127 149 56
127 149 57
127 149 58
127 149 59
127 149 60
127 149 61
127 149 62
127 149 63
127 149 64
127 149 65
127 149 66
127 149 67
127 149 68
127 148 40
127 148 41
127 148 42
127 148 43
127 148 44
127 148 45
127 148 46
127 148 47
127 148 48
127 148 49
127 148 50
127 148 51
127 148 52
127 148 53
127 148 54
127 148 55
127 148 56
127 148 57
127 148 58
127 148 59
127 148 60
127 148 61
127 148 62
127 148 63
127 148 64
127 148 65
127 148 66
127 148 67
127 148 68
127 147 40
127 147 41
127 147 42
127 147 43
127 147 44
127 147 45
127 147 46
127 147 47
127 147 48
127 147 49
127 147 50
127 147 51
127 147 52
127 147 53
127 147 54
127 147 55
127 147 56
127 147 57
127 147 58
127 147 59
127 147 60
127 147 61
127 147 62
127 147 63
127 147 64
127 147 65
127 147 66
127 147 67
127 146 40
127 146 41
127 146 42
127 146 43
127 146 44
127 146 45
127 146 46
127 146 47
127 146 48
127 146 49
127 146 50
127 146 51
127 146 52
127 146 53
127 146 54
127 146 55
127 146 56
127 146 57
127 146 58
127 146 59
127 146 60
127 146 61
127 146 62
127 146 63
127 146 64
127 146 65
127 145 40
127 145 41
127 145 42
127 145 43
127 145 44
127 145 45
127 145 46
127 145 47
127 145 48
127 145 49
127 145 50
127 145 51
127 145 52
127 145 53
127 145 54
127 145 55
127 145 56
127 145 57
127 145 58
127 145 59
127 145 60
127 145 61
127 145 62
127 145 63
127 144 40
127 144 41
127 144 42
127 144 43
127 144 44
127 144 45
127 144 46
127 144 47
127 144 48
127 144 49
127 144 50
127 144 51
127 144 52
127 144 53
127 144 54
127 144 55
127 144 56
127 144 57
127 144 58
127 144 59
127 144 60
127 144 61
127 143 40
127 143 41
127 143 42
127 143 43
127 143 44
127 143 45
127 143 46
127 143 47
127 143 48
127 143 49
127 143 50
127 143 51
127 143 52
127 143 53
127 143 54
127 143 55
127 143 56
127 143 57
127 143 58
127 143 59
127 142 40
127 142 41
127 142 42
127 142 43
127 142 44
127 142 45
127 142 46
127 142 47
127 142 48
127 142 49
127 142 50
127 142 51
127 142 52
127 142 53
127 142 54
127 142 55
127 142 56
127 142 57
127 141 40
127 141 41
127 141 42
127 141 43
127 141 44
127 141 45
127 141 46
127 141 47
127 141 48
127 141 49
127 141 50
127 141 51
127 141 52
127 141 53
127 141 54
127 141 55
127 140 40
127 140 41
127 140 42
127 140 43
127 140 44
127 140 45
127 140 46
127 140 47
127 140 48
127 140 49
127 140 50
127 140 51
127 140 52
127 140 53
127 139 40
127 139 41
127 139 42
127 139 43
127 139 44
127 139 45
127 139 46
127 139 47
127 139 48
127 139 49
127 139 50
127 139 51
127 138 40
127 138 41
127 138 42
127 138 43
127 138 44
127 138 45
127 138 46
127 138 47
127 138 48
127 138 49
127 137 40
127 137 41
127 137 42
127 137 43
127 137 44
127 137 45
127 137 46
127 137 47
127 136 40
127 136 41
127 136 42
127 136 43
127 136 44
127 136 45
127 136 46
127 135 40
127 135 41
127 135 42
127 135 43
127 135 44
127 135 45
127 134 40
127 134 41
127 134 42
127 134 43
127 134 44
127 133 40
127 133 41
127 133 42
127 133 43
127 133 44
127 132 40
127 132 41
127 132 42
127 132 43
127 131 40
127 131 41
127 131 42
127 131 43
127 130 40
127 130 41
127 130 42
127 130 43
127 129 40
127 129 41
127 129 42
127 129 43
127 128 40
127 128 41
127 128 42
127 128 43
127 127 40
127 127 41
127 127 42
127 126 40
127 126 41
127 126 42
127 125 40
127 125 41
127 125 42
127 124 40
127 124 41
127 124 42
127 123 40
127 123 41
127 123 42
127 122 40
127 122 41
127 121 40
127 121 41
127 120 40
127 120 41
127 119 40
127 119 41
127 118 40
127 118 41
127 117 40
127 116 40
127 115 40
127 114 40
127 113 40
127 112 40
127 111 40
127 110 40
127 109 40
127 108 40
