0 0 100
0 20 100
0 40 100
0 60 100
0 80 100
0 100 100
0 120 100
0 140 100
0 160 100
0 180 100
0 199 100
11 10 100
11 30 100
11 50 100
11 70 100
11 90 100
11 110 100
11 130 100
11 150 100
11 170 100
11 190 100
22 0 100
22 20 100
22 40 100
22 60 100
22 80 100
22 100 100
22 120 100
22 140 100
22 160 100
22 180 100
22 199 100
33 10 100
33 30 100
33 50 100
33 70 100
33 90 100
33 110 100
33 130 100
33 150 100
33 170 100
33 190 100
44 0 100
44 20 100
44 40 100
44 60 100
44 80 100
44 100 100
44 120 100
44 140 100
44 160 100
44 180 100
44 199 100
55 10 100
55 30 100
55 50 100
55 70 100
55 90 100
55 110 100
55 130 100
55 150 100
55 170 100
55 190 100
66 0 100
66 20 100
66 40 100
66 60 100
66 80 100
66 100 100
66 120 100
66 140 100
66 160 100
66 180 100
66 199 100
77 10 100
77 30 100
77 50 100
77 70 100
77 90 100
77 110 100
77 130 100
77 150 100
77 170 100
77 190 100
88 0 100
88 20 100
88 40 100
88 60 100
88 80 100
88 100 100
88 120 100
88 140 100
88 160 100
88 180 100
88 199 100
99 10 100
99 30 100
99 50 100
99 70 100
99 90 100
99 110 100
99 130 100
99 150 100
99 170 100
99 190 100
110 0 100
110 20 100
110 40 100
110 60 100
110 80 100
110 100 100
110 120 100
110 140 100
110 160 100
110 180 100
110 199 100
121 10 100
121 30 100
121 50 100
121 70 100
121 90 100
121 110 100
121 130 100
121 150 100
121 170 100
121 190 100
132 0 100
132 20 100
132 40 100
132 60 100
132 80 100
132 100 100
132 120 100
132 140 100
132 160 100
132 180 100
132 199 100
143 10 100
143 30 100
143 50 100
143 70 100
143 90 100
143 110 100
143 130 100
143 150 100
143 170 100
143 190 100
154 0 100
154 20 100
154 40 100
154 60 100
154 80 100
154 100 100
154 120 100
154 140 100
154 160 100
154 180 100
154 199 100
165 10 100
165 30 100
165 50 100
165 70 100
165 90 100
165 110 100
165 130 100
165 150 100
165 170 100
165 190 100
176 0 100
176 20 100
176 40 100
176 60 100
176 80 100
176 100 100
176 120 100
176 140 100
176 160 100
176 180 100
176 199 100
187 10 100
187 30 100
187 50 100
187 70 100
187 90 100
187 110 100
187 130 100
187 150 100
187 170 100
187 190 100
198 0 100
198 20 100
198 40 100
198 60 100
198 80 100
198 100 100
198 120 100
198 140 100
198 160 100
198 180 100
198 199 100
0 40 100
0 60 100
0 80 100
0 100 100
0 140 100
11 10 100
11 30 100
11 50 100
11 70 100
11 90 100
22 20 100
22 40 100
22 60 100
22 180 100
33 30 100
33 90 100
33 130 100
33 150 100
33 170 100
33 190 100
44 20 100
44 40 100
44 100 100
44 120 100
44 140 100
44 160 100
44 180 100
44 199 100
55 10 100
55 30 100
55 50 100
55 110 100
55 130 100
55 150 100
55 170 100
55 190 100
66 20 100
66 40 100
66 60 100
66 100 100
66 120 100
66 140 100
66 160 100
66 180 100
66 199 100
77 70 100
77 90 100
77 110 100
77 150 100
88 60 100
88 100 100
99 50 100
99 110 100
110 20 100
110 60 100
110 100 100
110 120 100
110 160 100
121 10 100
121 90 100
121 110 100
121 130 100
121 150 100
121 170 100
132 20 100
132 100 100
132 120 100
132 140 100
132 160 100
132 199 100
143 30 100
143 110 100
143 130 100
143 150 100
143 190 100
154 20 100
154 40 100
154 60 100
154 80 100
154 120 100
154 160 100
154 199 100
165 10 100
165 30 100
165 50 100
165 70 100
165 90 100
165 150 100
165 170 100
165 190 100
176 40 100
176 60 100
176 80 100
176 160 100
176 199 100
187 30 100
187 50 100
187 70 100
187 90 100
187 150 100
187 190 100
198 0 100
198 20 100
198 80 100
198 140 100
198 160 100
146 103 40
107 199 40
177 172 40
5 196 40
138 40 40
50 61 40
22 107 40
94 165 40
174 121 40
160 140 40
96 77 40
178 15 40
94 166 40
94 167 40
94 168 40
94 169 40
94 170 40
94 171 40
94 172 40
94 173 40
94 174 40
94 175 40
94 176 40
94 177 40
94 178 40
94 179 40
94 180 40
94 181 40
94 182 40
94 183 40
94 184 40
94 185 40
94 186 40
94 187 40
94 188 40
95 188 40
95 189 40
95 190 40
95 191 40
95 192 40
96 192 40
96 193 40
97 193 40
98 193 40
98 194 40
98 195 40
99 195 40
100 195 40
100 196 40
101 196 40
102 196 40
102 197 40
102 198 40
103 198 40
104 198 40
105 198 40
106 198 40
106 199 40
174 120 40
174 119 40
174 118 40
174 117 40
174 116 40
174 115 40
174 114 40
174 113 40
174 112 40
173 112 40
172 112 40
171 112 40
170 112 40
169 112 40
168 112 40
168 111 40
167 111 40
166 111 40
165 111 40
164 111 40
164 110 40
163 110 40
163 109 40
162 109 40
162 108 40
162 108 168
161 108 40
161 108 168
161 107 40
161 107 168
160 107 40
160 107 168
160 106 40
160 106 168
159 106 40
159 106 168
159 105 40
159 105 168
158 105 40
158 105 168
158 104 40
158 104 168
157 104 40
157 104 168
157 103 40
157 103 168
156 103 40
156 103 168
155 103 40
155 103 168
154 103 40
154 103 168
153 103 40
153 103 168
152 103 40
151 103 40
150 103 40
149 103 40
148 103 40
147 103 40
160 139 40
160 138 40
160 137 40
161 137 40
161 136 40
162 136 40
162 135 40
163 135 40
163 134 40
164 134 40
164 133 40
165 133 40
165 132 40
166 132 40
166 131 40
167 131 40
168 131 40
168 130 40
169 130 40
170 130 40
171 130 40
171 129 40
172 129 40
173 129 40
173 128 40
174 128 40
174 127 40
174 126 40
174 125 40
174 124 40
174 123 40
174 122 40
138 41 40
138 42 40
138 43 40
138 44 40
138 45 40
138 46 40
138 47 40
138 48 40
138 49 40
138 50 40
138 51 40
138 52 40
138 53 40
138 54 40
138 55 40
138 56 40
138 57 40
138 58 40
138 59 40
138 60 40
138 61 40
138 62 40
138 63 40
138 64 40
138 65 40
138 66 40
138 67 40
138 68 40
138 69 40
138 70 40
138 71 40
138 72 40
138 73 40
138 74 40
138 75 40
138 76 40
138 77 40
138 78 40
138 79 40
138 80 40
138 81 40
138 82 40
138 83 40
139 83 40
139 84 40
139 85 40
139 85 168
140 85 40
140 86 40
140 86 168
140 87 40
140 87 168
141 87 40
141 87 168
141 88 40
141 88 168
142 88 40
142 88 168
142 89 40
142 89 168
143 89 40
143 89 168
144 90 40
144 91 40
145 91 40
145 92 40
146 92 40
146 93 40
147 93 40
147 94 40
148 94 40
148 95 40
149 95 40
149 96 40
150 96 40
150 97 40
151 97 40
151 98 40
152 98 40
152 99 40
152 100 40
152 101 40
152 102 40
96 78 40
97 78 40
98 78 40
99 78 40
100 78 40
101 78 40
102 78 40
103 78 40
104 78 40
105 78 40
106 78 40
107 78 40
108 78 40
109 78 40
110 78 40
111 78 40
112 78 40
113 78 40
114 78 40
115 78 40
116 78 40
116 77 40
117 77 40
118 77 40
118 76 40
119 76 40
119 75 40
120 75 40
121 75 40
121 74 40
122 74 40
123 74 40
124 74 40
125 74 40
126 74 40
127 74 40
128 74 40
129 74 40
130 74 40
131 74 40
132 74 40
133 74 40
134 74 40
135 74 40
136 74 40
137 74 40
50 62 40
50 63 40
50 64 40
50 65 40
50 66 40
50 67 40
50 68 40
50 69 40
50 70 40
50 71 40
50 72 40
50 73 40
50 74 40
50 75 40
50 76 40
50 76 168
51 76 40
51 76 168
51 77 40
52 77 40
52 78 40
53 78 40
53 79 40
54 79 40
54 80 40
55 80 40
56 80 40
57 80 40
58 80 40
59 80 40
60 80 40
61 80 40
62 80 40
63 80 40
64 80 40
65 80 40
67 80 40
68 80 40
69 80 40
70 80 40
71 80 40
72 80 40
72 80 168
73 80 40
73 80 168
74 80 40
74 80 168
75 80 40
75 80 168
76 80 40
76 80 168
77 80 40
77 80 168
78 80 40
78 80 168
79 80 40
79 80 168
80 80 40
80 80 168
81 80 40
81 80 168
82 80 40
82 80 168
83 80 40
83 80 168
84 80 40
84 80 168
85 80 40
85 80 168
86 80 40
86 80 168
87 80 40
87 80 168
89 80 40
89 80 168
90 80 40
90 80 168
91 80 40
92 80 40
93 80 40
94 80 40
95 80 40
96 80 40
96 79 40
23 107 40
24 107 40
24 107 168
24 106 40
24 106 168
24 105 40
24 105 168
24 104 40
24 104 168
24 103 40
24 103 168
24 102 40
24 102 168
24 101 40
24 101 168
24 100 40
24 100 168
24 99 40
24 99 168
24 98 40
24 98 168
24 97 40
24 97 168
24 96 40
24 96 168
24 95 40
24 95 168
24 94 40
24 94 168
24 93 40
24 93 168
24 92 40
24 92 168
24 91 40
24 91 168
24 90 40
24 90 168
24 89 40
24 89 168
24 88 40
24 88 168
24 87 40
24 87 168
24 86 40
24 85 40
24 84 40
24 83 40
24 82 40
24 81 40
25 81 40
25 80 40
26 80 40
26 79 40
27 79 40
27 78 40
28 78 40
28 77 40
29 77 40
29 76 40
30 76 40
30 75 40
31 75 40
31 74 40
32 74 40
33 74 40
34 74 40
35 74 40
36 74 40
37 74 40
38 74 40
39 74 40
40 74 40
41 74 40
42 74 40
43 74 40
44 74 40
45 74 40
46 74 40
47 74 40
48 74 40
49 74 40
5 195 40
5 194 40
5 193 40
5 192 40
5 191 40
5 190 40
5 189 40
5 188 40
5 187 40
5 186 40
5 185 40
5 184 40
5 183 40
5 182 40
5 181 40
5 180 40
5 179 40
5 178 40
5 177 40
5 176 40
5 175 40
5 174 40
5 173 40
5 172 40
5 171 40
5 170 40
5 169 40
5 168 40
5 167 40
5 166 40
6 166 40
7 166 40
7 165 40
8 165 40
9 165 40
9 164 40
9 163 40
9 162 40
10 162 40
10 161 40
11 161 40
11 160 40
11 159 40
11 158 40
11 157 40
12 157 40
12 156 40
12 155 40
12 154 40
13 154 40
13 153 40
13 152 40
14 152 40
14 151 40
14 150 40
15 150 40
15 149 40
15 148 40
16 148 40
16 147 40
16 146 40
17 146 40
17 145 40
18 145 40
18 144 40
18 143 40
18 142 40
18 141 40
18 140 40
18 139 40
18 138 40
18 137 40
18 136 40
18 135 40
18 134 40
18 133 40
18 132 40
18 131 40
18 130 40
18 129 40
18 128 40
18 127 40
18 126 40
18 125 40
18 124 40
18 123 40
18 122 40
18 121 40
18 120 40
18 119 40
18 118 40
18 117 40
18 116 40
19 116 40
19 115 40
20 115 40
21 115 40
21 114 40
21 113 40
22 113 40
22 112 40
22 111 40
22 110 40
22 109 40
22 108 40
179 15 40
180 15 40
181 15 40
182 15 40
183 15 40
183 14 40
183 13 40
183 12 40
183 11 40
183 10 40
183 9 40
183 8 40
183 7 40
183 7 168
183 6 40
183 6 168
183 5 40
183 5 168
183 4 40
183 4 168
182 4 40
182 4 168
182 3 40
182 3 168
182 2 40
182 2 168
182 1 40
182 1 168
182 0 40
182 0 168
181 0 40
181 0 168
180 0 40
180 0 168
179 0 40
179 0 168
178 0 40
178 0 168
177 0 40
177 0 168
175 0 40
175 0 168
174 0 40
174 0 168
173 0 40
173 0 168
172 0 40
172 0 168
171 0 40
171 0 168
170 0 40
170 0 168
169 0 40
169 0 168
168 0 40
168 0 168
167 0 40
167 0 168
166 0 40
166 0 168
165 0 40
165 0 168
164 0 40
164 0 168
163 0 40
163 0 168
162 0 40
162 0 168
161 0 40
161 0 168
160 0 40
160 0 168
159 0 40
159 0 168
158 0 40
158 0 168
157 0 40
157 0 168
156 0 40
156 0 168
155 0 40
155 0 168
153 0 40
153 0 168
152 0 40
152 0 168
151 0 40
151 0 168
150 0 40
150 0 168
149 0 40
149 0 168
148 0 40
147 0 40
146 0 40
145 0 40
144 0 40
143 0 40
142 0 40
141 0 40
140 0 40
139 0 40
138 0 40
137 0 40
136 0 40
135 0 40
134 0 40
133 0 40
131 0 40
130 0 40
129 0 40
128 0 40
127 0 40
126 0 40
125 0 40
125 0 168
124 0 40
124 0 168
123 0 40
123 0 168
122 0 40
122 0 168
121 0 40
121 0 168
120 0 40
120 0 168
119 0 40
119 0 168
118 0 40
118 0 168
117 0 40
117 0 168
116 0 40
116 0 168
115 0 40
115 0 168
114 0 40
114 0 168
113 0 40
112 0 40
111 0 40
109 0 40
108 0 40
107 0 40
106 0 40
105 0 40
104 0 40
103 0 40
102 0 40
101 0 40
100 0 40
99 0 40
99 1 40
99 2 40
98 2 40
98 3 40
98 4 40
98 5 40
98 6 40
97 6 40
97 7 40
96 7 40
96 8 40
96 9 40
95 9 40
95 10 40
95 11 40
94 11 40
94 12 40
94 13 40
94 14 40
94 15 40
94 16 40
94 17 40
94 18 40
94 19 40
94 20 40
94 21 40
94 22 40
94 23 40
94 24 40
94 25 40
94 26 40
94 27 40
94 28 40
94 29 40
94 30 40
94 31 40
94 32 40
94 33 40
94 34 40
94 35 40
95 35 40
96 35 40
97 35 40
98 35 40
99 35 40
100 35 40
101 35 40
102 35 40
103 35 40
103 36 40
104 36 40
105 36 40
105 36 168
106 36 40
106 36 168
106 37 40
106 37 168
107 37 40
107 37 168
108 37 40
108 37 168
109 37 40
109 37 168
109 38 40
109 38 168
110 38 40
110 38 168
111 38 40
111 38 168
112 38 40
112 39 40
113 39 40
114 39 40
115 39 40
116 39 40
117 39 40
118 39 40
119 39 40
120 39 40
120 40 40
121 40 40
121 41 40
122 41 40
123 41 40
123 42 40
124 42 40
124 43 40
125 43 40
125 44 40
126 44 40
126 45 40
127 45 40
127 46 40
128 46 40
129 46 40
130 46 40
131 46 40
132 46 40
133 46 40
134 46 40
135 46 40
136 46 40
137 46 40
