0 0 100
0 20 100
0 40 100
0 60 100
0 80 100
0 100 100
0 120 100
0 140 100
0 160 100
0 180 100
0 199 100
11 10 100
11 30 100
11 50 100
11 70 100
11 90 100
11 110 100
11 130 100
11 150 100
11 170 100
11 190 100
22 0 100
22 20 100
22 40 100
22 60 100
22 80 100
22 100 100
22 120 100
22 140 100
22 160 100
22 180 100
22 199 100
33 10 100
33 30 100
33 50 100
33 70 100
33 90 100
33 110 100
33 130 100
33 150 100
33 170 100
33 190 100
44 0 100
44 20 100
44 40 100
44 60 100
44 80 100
44 100 100
44 120 100
44 140 100
44 160 100
44 180 100
44 199 100
55 10 100
55 30 100
55 50 100
55 70 100
55 90 100
55 110 100
55 130 100
55 150 100
55 170 100
55 190 100
66 0 100
66 20 100
66 40 100
66 60 100
66 80 100
66 100 100
66 120 100
66 140 100
66 160 100
66 180 100
66 199 100
77 10 100
77 30 100
77 50 100
77 70 100
77 90 100
77 110 100
77 130 100
77 150 100
77 170 100
77 190 100
88 0 100
88 20 100
88 40 100
88 60 100
88 80 100
88 100 100
88 120 100
88 140 100
88 160 100
88 180 100
88 199 100
99 10 100
99 30 100
99 50 100
99 70 100
99 90 100
99 110 100
99 130 100
99 150 100
99 170 100
99 190 100
110 0 100
110 20 100
110 40 100
110 60 100
110 80 100
110 100 100
110 120 100
110 140 100
110 160 100
110 180 100
110 199 100
121 10 100
121 30 100
121 50 100
121 70 100
121 90 100
121 110 100
121 130 100
121 150 100
121 170 100
121 190 100
132 0 100
132 20 100
132 40 100
132 60 100
132 80 100
132 100 100
132 120 100
132 140 100
132 160 100
132 180 100
132 199 100
143 10 100
143 30 100
143 50 100
143 70 100
143 90 100
143 110 100
143 130 100
143 150 100
143 170 100
143 190 100
154 0 100
154 20 100
154 40 100
154 60 100
154 80 100
154 100 100
154 120 100
154 140 100
154 160 100
154 180 100
154 199 100
165 10 100
165 30 100
165 50 100
165 70 100
165 90 100
165 110 100
165 130 100
165 150 100
165 170 100
165 190 100
176 0 100
176 20 100
176 40 100
176 60 100
176 80 100
176 100 100
176 120 100
176 140 100
176 160 100
176 180 100
176 199 100
187 10 100
187 30 100
187 50 100
187 70 100
187 90 100
187 110 100
187 130 100
187 150 100
187 170 100
187 190 100
198 0 100
198 20 100
198 40 100
198 60 100
198 80 100
198 100 100
198 120 100
198 140 100
198 160 100
198 180 100
198 199 100
0 40 100
0 60 100
0 100 100
0 120 100
0 140 100
0 160 100
0 180 100
0 199 100
11 30 100
11 50 100
11 110 100
11 130 100
11 150 100
11 170 100
22 0 100
22 20 100
22 40 100
22 60 100
22 120 100
22 140 100
22 160 100
33 10 100
33 30 100
33 50 100
33 70 100
33 90 100
33 130 100
33 150 100
33 170 100
33 190 100
44 0 100
44 20 100
44 40 100
44 60 100
44 80 100
44 100 100
44 140 100
44 160 100
44 180 100
44 199 100
55 10 100
55 30 100
55 50 100
55 70 100
55 90 100
55 110 100
55 150 100
55 170 100
55 190 100
66 0 100
66 20 100
66 40 100
66 60 100
66 80 100
66 100 100
66 120 100
66 140 100
66 160 100
66 180 100
66 199 100
77 10 100
77 30 100
77 50 100
77 70 100
77 90 100
77 110 100
77 130 100
77 150 100
77 170 100
77 190 100
88 0 100
88 40 100
88 100 100
88 120 100
88 140 100
88 160 100
88 180 100
88 199 100
99 50 100
99 110 100
99 130 100
99 150 100
99 170 100
99 190 100
110 0 100
110 40 100
110 60 100
110 100 100
110 120 100
110 140 100
110 160 100
110 180 100
110 199 100
121 10 100
121 30 100
121 50 100
121 70 100
121 90 100
121 110 100
121 130 100
121 150 100
121 170 100
132 0 100
132 20 100
132 40 100
132 60 100
132 100 100
132 120 100
132 160 100
132 180 100
143 10 100
143 30 100
143 70 100
143 90 100
143 110 100
143 150 100
143 170 100
143 190 100
154 0 100
154 20 100
154 60 100
154 80 100
154 100 100
154 120 100
154 140 100
154 160 100
154 199 100
165 10 100
165 30 100
165 50 100
165 70 100
165 90 100
165 110 100
165 130 100
165 150 100
165 190 100
176 0 100
176 20 100
176 40 100
176 60 100
176 80 100
176 100 100
176 120 100
176 160 100
176 199 100
187 30 100
187 50 100
187 70 100
187 90 100
187 110 100
187 130 100
187 150 100
187 170 100
187 190 100
198 40 100
198 60 100
198 120 100
198 140 100
198 160 100
198 180 100
198 199 100
121 192 40
16 194 40
179 15 40
179 15 44
12 6 40
185 178 40
185 178 44
185 178 48
185 178 52
91 6 40
145 58 40
145 58 44
145 58 48
18 105 40
18 105 44
52 0 40
52 0 44
52 0 48
52 0 52
52 0 56
52 0 60
52 0 64
52 0 68
52 0 72
52 0 76
52 0 80
30 162 40
30 162 44
30 163 40
30 163 44
30 164 40
30 164 44
30 165 40
30 165 44
30 166 40
30 166 44
30 167 40
30 167 44
30 168 40
30 168 44
30 169 40
30 169 44
30 170 40
30 170 44
30 170 48
30 171 40
30 171 44
30 171 48
30 172 40
30 172 44
30 172 48
30 173 40
30 173 44
30 173 48
30 174 40
30 174 44
30 174 48
30 175 40
30 175 44
30 175 48
30 175 52
30 176 40
30 176 44
30 176 48
30 176 52
29 176 40
29 176 44
29 176 48
29 177 40
29 177 44
29 177 48
28 177 40
28 177 44
28 177 48
28 178 40
28 178 44
28 178 48
27 178 40
27 178 44
27 179 40
27 179 44
27 179 48
26 179 40
26 179 44
26 180 40
26 180 44
25 180 40
25 180 44
25 181 40
25 181 44
24 181 40
24 182 40
23 182 40
23 183 40
22 183 40
22 184 40
21 184 40
21 185 40
20 185 40
20 186 40
19 186 40
19 187 40
18 187 40
18 188 40
17 188 40
17 189 40
17 190 40
16 190 40
16 191 40
16 192 40
16 193 40
184 178 40
184 178 44
184 178 48
184 178 52
183 178 40
183 178 44
183 178 48
182 178 40
182 178 44
182 178 48
181 178 40
181 178 44
181 178 48
180 178 40
180 178 44
179 178 40
179 178 44
178 178 40
178 178 44
177 178 40
177 178 44
176 178 40
176 178 44
175 178 40
174 178 40
173 178 40
173 177 40
172 177 40
171 177 40
171 176 40
170 176 40
169 176 40
168 176 40
167 176 40
166 176 40
165 176 40
164 176 40
163 176 40
162 176 40
162 177 40
161 177 40
161 178 40
160 178 40
160 179 40
159 179 40
158 179 40
158 180 40
157 180 40
157 180 44
157 181 40
157 181 44
156 181 40
156 181 44
156 182 40
156 182 44
155 182 40
155 182 44
154 182 40
154 182 44
153 182 40
153 182 44
152 182 40
152 182 44
151 182 40
151 182 44
150 182 40
150 182 44
150 182 48
149 182 40
149 182 44
149 182 48
148 182 40
148 182 44
148 182 48
147 182 40
147 182 44
147 182 48
146 182 40
146 182 44
146 182 48
145 182 40
145 182 44
145 182 48
145 182 52
144 182 40
144 182 44
144 182 48
144 182 52
143 182 40
143 182 44
143 182 48
143 182 52
142 182 40
142 182 44
142 182 48
142 182 52
142 182 56
141 182 40
141 182 44
141 182 48
141 182 52
141 182 56
140 182 40
140 182 44
140 182 48
140 182 52
140 182 56
139 182 40
139 182 44
139 182 48
139 182 52
139 182 56
138 182 40
138 182 44
138 182 48
138 182 52
137 182 40
137 182 44
137 182 48
137 182 52
136 182 40
136 182 44
136 182 48
136 182 52
135 182 40
135 182 44
135 182 48
135 182 52
134 182 40
134 182 44
134 182 48
133 182 40
133 182 44
133 182 48
132 182 40
132 182 44
131 182 40
131 182 44
130 182 40
130 182 44
129 182 40
129 183 40
128 183 40
128 184 40
128 185 40
127 185 40
127 186 40
126 186 40
126 187 40
126 188 40
125 188 40
125 189 40
125 190 40
124 190 40
124 191 40
124 192 40
123 192 40
122 192 40
145 57 40
145 57 44
145 57 48
145 56 40
145 56 44
145 55 40
145 55 44
145 54 40
145 53 40
145 52 40
145 51 40
146 51 40
146 50 40
147 50 40
147 49 40
148 49 40
148 48 40
149 48 40
150 48 40
150 47 40
151 47 40
151 46 40
152 46 40
152 45 40
153 45 40
153 44 40
154 44 40
154 43 40
155 43 40
155 42 40
156 42 40
156 41 40
157 41 40
157 40 40
158 40 40
158 40 44
158 39 40
158 39 44
159 39 40
159 39 44
159 38 40
159 38 44
160 38 40
160 38 44
160 37 40
160 37 44
160 37 48
161 37 40
161 37 44
161 37 48
161 36 40
161 36 44
161 36 48
162 36 40
162 36 44
162 36 48
162 36 52
162 35 40
162 35 44
162 35 48
162 35 52
162 35 56
163 35 40
163 35 44
163 35 48
163 35 52
163 35 56
163 34 40
163 34 44
163 34 48
163 34 52
163 34 56
163 34 60
164 34 40
164 34 44
164 34 48
164 34 52
164 34 56
164 34 60
164 33 40
164 33 44
164 33 48
164 33 52
164 33 56
164 33 60
165 33 40
165 33 44
165 33 48
165 33 52
165 33 56
165 33 60
165 33 64
165 32 40
165 32 44
165 32 48
165 32 52
165 32 56
165 32 60
165 32 64
166 32 40
166 32 44
166 32 48
166 32 52
166 32 56
166 32 60
166 32 64
166 32 68
166 31 40
166 31 44
166 31 48
166 31 52
166 31 56
166 31 60
166 31 64
167 31 40
167 31 44
167 31 48
167 31 52
167 31 56
167 31 60
167 31 64
167 31 68
167 30 40
167 30 44
167 30 48
167 30 52
167 30 56
167 30 60
167 30 64
167 30 68
167 29 40
167 29 44
167 29 48
167 29 52
167 29 56
167 29 60
167 29 64
167 29 68
168 29 40
168 29 44
168 29 48
168 29 52
168 29 56
168 29 60
168 29 64
168 29 68
168 29 72
168 28 40
168 28 44
168 28 48
168 28 52
168 28 56
168 28 60
168 28 64
168 28 68
168 28 72
169 28 40
169 28 44
169 28 48
169 28 52
169 28 56
169 28 60
169 28 64
169 28 68
169 28 72
169 28 76
169 27 40
169 27 44
169 27 48
169 27 52
169 27 56
169 27 60
169 27 64
169 27 68
169 27 72
169 27 76
170 27 40
170 27 44
170 27 48
170 27 52
170 27 56
170 27 60
170 27 64
170 27 68
170 27 72
170 27 76
170 27 80
171 27 40
171 27 44
171 27 48
171 27 52
171 27 56
171 27 60
171 27 64
171 27 68
171 27 72
171 27 76
171 27 80
171 27 84
172 27 40
172 27 44
172 27 48
172 27 52
172 27 56
172 27 60
172 27 64
172 27 68
172 27 72
172 27 76
172 27 80
172 27 84
172 27 88
172 27 92
173 27 40
173 27 44
173 27 48
173 27 52
173 27 56
173 27 60
173 27 64
173 27 68
173 27 72
173 27 76
173 27 80
173 27 84
173 27 88
173 27 92
173 27 96
174 27 40
174 27 44
174 27 48
174 27 52
174 27 56
174 27 60
174 27 64
174 27 68
174 27 72
174 27 76
174 27 80
174 27 84
174 27 88
174 27 92
174 27 96
174 27 100
174 26 40
174 26 44
174 26 48
174 26 52
174 26 56
174 26 60
174 26 64
174 26 68
174 26 72
174 26 76
174 26 80
174 26 84
174 26 88
174 26 92
174 26 96
174 26 100
174 25 40
174 25 44
174 25 48
174 25 52
174 25 56
174 25 60
174 25 64
174 25 68
174 25 72
174 25 76
174 25 80
174 25 84
174 25 88
174 25 92
174 25 96
174 25 100
175 25 40
175 25 44
175 25 48
175 25 52
175 25 56
175 25 60
175 25 64
175 25 68
175 25 72
175 25 76
175 25 80
175 25 84
175 25 88
175 25 92
175 25 96
175 25 100
175 24 40
175 24 44
175 24 48
175 24 52
175 24 56
175 24 60
175 24 64
175 24 68
175 24 72
175 24 76
175 24 80
175 24 84
175 24 88
175 24 92
175 24 96
175 24 100
176 24 40
176 24 44
176 24 48
176 24 52
176 24 56
176 24 60
176 24 64
176 24 68
176 24 72
176 24 76
176 24 80
176 24 84
176 24 88
176 24 92
176 24 96
177 24 40
177 24 44
177 24 48
177 24 52
177 24 56
177 24 60
177 24 64
177 24 68
177 24 72
177 24 76
177 24 80
177 24 84
177 24 88
177 24 92
177 24 96
177 23 40
177 23 44
177 23 48
177 23 52
177 23 56
177 23 60
177 23 64
177 23 68
177 23 72
177 23 76
177 23 80
177 23 84
177 23 88
177 23 92
178 23 40
178 23 44
178 23 48
178 23 52
178 23 56
178 23 60
178 23 64
178 23 68
178 23 72
178 23 76
178 23 80
178 23 84
178 22 40
178 22 44
178 22 48
178 22 52
178 22 56
178 22 60
178 22 64
178 22 68
178 22 72
178 22 76
178 22 80
179 22 40
179 22 44
179 22 48
179 22 52
179 22 56
179 22 60
179 22 64
179 22 68
179 22 72
179 22 76
179 21 40
179 21 44
179 21 48
179 21 52
179 21 56
179 21 60
179 21 64
179 21 68
179 20 40
179 20 44
179 20 48
179 20 52
179 20 56
179 20 60
179 19 40
179 19 44
179 19 48
179 19 52
179 19 56
179 18 40
179 18 44
179 18 48
179 18 52
179 17 40
179 17 44
179 17 48
179 16 40
179 16 44
179 16 48
92 6 40
93 6 40
94 6 40
95 6 40
95 7 40
95 8 40
96 8 40
96 9 40
96 10 40
96 11 40
96 12 40
96 13 40
96 14 40
96 15 40
96 16 40
96 17 40
96 18 40
96 19 40
96 20 40
96 21 40
96 22 40
96 23 40
96 24 40
96 25 40
96 26 40
96 27 40
96 28 40
96 29 40
96 30 40
96 31 40
96 32 40
96 33 40
96 34 40
96 35 40
96 35 44
95 35 40
95 35 44
95 36 40
95 36 44
95 37 40
95 37 44
94 37 40
94 37 44
94 38 40
94 38 44
93 38 40
93 38 44
93 39 40
93 39 44
92 39 40
92 39 44
92 40 40
92 40 44
92 40 48
91 40 40
91 40 44
91 40 48
91 41 40
91 41 44
91 41 48
90 41 40
90 41 44
90 41 48
90 42 40
90 42 44
90 42 48
90 43 40
90 43 44
90 43 48
90 44 40
90 44 44
90 44 48
90 45 40
90 45 44
90 45 48
90 46 40
90 46 44
90 46 48
90 47 40
90 47 44
90 47 48
90 48 40
90 48 44
90 48 48
90 49 40
90 49 44
90 49 48
90 50 40
90 50 44
90 51 40
90 51 44
90 52 40
90 52 44
90 53 40
90 54 40
90 55 40
90 56 40
90 57 40
90 58 40
90 59 40
90 60 40
90 61 40
90 62 40
90 63 40
91 63 40
91 64 40
92 64 40
92 65 40
93 65 40
93 66 40
94 66 40
94 67 40
94 68 40
95 68 40
95 69 40
95 70 40
96 70 40
96 71 40
96 72 40
96 73 40
97 73 40
97 74 40
97 75 40
97 76 40
97 77 40
97 78 40
98 78 40
98 79 40
98 80 40
99 80 40
99 81 40
100 81 40
101 81 40
101 82 40
102 82 40
103 82 40
104 82 40
105 82 40
106 82 40
107 82 40
108 82 40
109 82 40
110 82 40
111 82 40
112 82 40
113 82 40
114 82 40
115 82 40
116 82 40
117 82 40
117 82 44
118 82 40
118 82 44
119 82 40
119 82 44
120 82 40
120 82 44
121 82 40
121 82 44
122 82 40
122 82 44
123 82 40
123 82 44
124 82 40
124 82 44
125 82 40
125 82 44
126 82 40
126 82 44
127 82 40
127 82 44
128 82 40
128 82 44
129 82 40
129 82 44
130 82 40
130 82 44
131 82 40
131 82 44
132 82 40
133 82 40
134 82 40
135 82 40
135 82 44
136 82 40
136 82 44
137 82 40
137 82 44
138 82 40
138 82 44
139 82 40
139 82 44
139 81 40
139 81 44
139 81 48
139 80 40
139 80 44
139 80 48
139 79 40
139 79 44
139 79 48
139 78 40
139 78 44
139 78 48
139 78 52
139 77 40
139 77 44
139 77 48
139 77 52
139 77 56
139 76 40
139 76 44
139 76 48
139 76 52
139 76 56
139 75 40
139 75 44
139 75 48
139 75 52
139 75 56
139 75 60
139 74 40
139 74 44
139 74 48
139 74 52
139 74 56
139 74 60
139 74 64
139 73 40
139 73 44
139 73 48
139 73 52
139 73 56
139 73 60
139 73 64
139 72 40
139 72 44
139 72 48
139 72 52
139 72 56
139 72 60
139 72 64
139 71 40
139 71 44
139 71 48
139 71 52
139 71 56
139 71 60
139 71 64
139 70 40
139 70 44
139 70 48
139 70 52
139 70 56
139 70 60
139 70 64
139 69 40
139 69 44
139 69 48
139 69 52
139 69 56
139 69 60
139 68 40
139 68 44
139 68 48
139 68 52
139 68 56
139 68 60
139 67 40
139 67 44
139 67 48
139 67 52
139 67 56
139 67 60
139 66 40
139 66 44
139 66 48
139 66 52
139 66 56
139 65 40
139 65 44
139 65 48
139 65 52
139 65 56
139 64 40
139 64 44
139 64 48
139 64 52
139 64 56
139 63 40
139 63 44
139 63 48
139 63 52
139 63 56
139 62 40
139 62 44
139 62 48
139 62 52
139 62 56
139 61 40
139 61 44
139 61 48
139 61 52
139 61 56
139 60 40
139 60 44
139 60 48
139 60 52
139 60 56
139 59 40
139 59 44
139 59 48
139 59 52
139 59 56
139 58 40
139 58 44
139 58 48
139 58 52
140 58 40
140 58 44
140 58 48
140 58 52
141 58 40
141 58 44
141 58 48
142 58 40
142 58 44
142 58 48
143 58 40
143 58 44
143 58 48
144 58 40
144 58 44
144 58 48
53 0 40
53 0 44
53 0 48
53 0 52
53 0 56
53 0 60
53 0 64
53 0 68
53 0 72
53 0 76
53 0 80
54 0 40
54 0 44
54 0 48
54 0 52
54 0 56
54 0 60
54 0 64
54 0 68
54 0 72
54 0 76
54 0 80
55 0 40
55 0 44
55 0 48
55 0 52
55 0 56
55 0 60
55 0 64
55 0 68
55 0 72
55 0 76
55 0 80
56 0 40
56 0 44
56 0 48
56 0 52
56 0 56
56 0 60
56 0 64
56 0 68
56 0 72
56 0 76
56 0 80
56 0 84
57 0 40
57 0 44
57 0 48
57 0 52
57 0 56
57 0 60
57 0 64
57 0 68
57 0 72
57 0 76
57 0 80
57 0 84
58 0 40
58 0 44
58 0 48
58 0 52
58 0 56
58 0 60
58 0 64
58 0 68
58 0 72
58 0 76
58 0 80
58 0 84
58 0 88
59 0 40
59 0 44
59 0 48
59 0 52
59 0 56
59 0 60
59 0 64
59 0 68
59 0 72
59 0 76
59 0 80
59 0 84
59 0 88
59 0 92
60 0 40
60 0 44
60 0 48
60 0 52
60 0 56
60 0 60
60 0 64
60 0 68
60 0 72
60 0 76
60 0 80
60 0 84
60 0 88
60 0 92
60 0 96
60 0 100
61 0 40
61 0 44
61 0 48
61 0 52
61 0 56
61 0 60
61 0 64
61 0 68
61 0 72
61 0 76
61 0 80
61 0 84
61 0 88
61 0 92
61 0 96
61 0 100
61 0 104
61 0 108
62 0 40
62 0 44
62 0 48
62 0 52
62 0 56
62 0 60
62 0 64
62 0 68
62 0 72
62 0 76
62 0 80
62 0 84
62 0 88
62 0 92
62 0 96
62 0 100
62 0 104
62 0 108
62 0 112
62 0 116
63 0 40
63 0 44
63 0 48
63 0 52
63 0 56
63 0 60
63 0 64
63 0 68
63 0 72
63 0 76
63 0 80
63 0 84
63 0 88
63 0 92
63 0 96
63 0 100
63 0 104
63 0 108
63 0 112
63 0 116
63 0 120
64 0 40
64 0 44
64 0 48
64 0 52
64 0 56
64 0 60
64 0 64
64 0 68
64 0 72
64 0 76
64 0 80
64 0 84
64 0 88
64 0 92
64 0 96
64 0 100
64 0 104
64 0 108
64 0 112
64 0 116
64 0 120
64 0 124
64 0 128
65 0 40
65 0 44
65 0 48
65 0 52
65 0 56
65 0 60
65 0 64
65 0 68
65 0 72
65 0 76
65 0 80
65 0 84
65 0 88
65 0 92
65 0 96
65 0 100
65 0 104
65 0 108
65 0 112
65 0 116
65 0 120
65 0 124
65 0 128
65 0 132
66 0 40
66 0 44
66 0 48
66 0 52
66 0 56
66 0 60
66 0 64
66 0 68
66 0 72
66 0 76
66 0 80
66 0 84
66 0 88
66 0 92
66 0 96
66 0 100
66 0 104
66 0 108
66 0 112
66 0 116
66 0 120
66 0 124
66 0 128
66 0 132
67 0 40
67 0 44
67 0 48
67 0 52
67 0 56
67 0 60
67 0 64
67 0 68
67 0 72
67 0 76
67 0 80
67 0 84
67 0 88
67 0 92
67 0 96
67 0 100
67 0 104
67 0 108
67 0 112
67 0 116
67 0 120
67 0 124
67 0 128
67 0 132
67 0 136
67 0 140
68 0 40
68 0 44
68 0 48
68 0 52
68 0 56
68 0 60
68 0 64
68 0 68
68 0 72
68 0 76
68 0 80
68 0 84
68 0 88
68 0 92
68 0 96
68 0 100
68 0 104
68 0 108
68 0 112
68 0 116
68 0 120
68 0 124
68 0 128
68 0 132
68 0 136
68 0 140
68 0 144
69 0 40
69 0 44
69 0 48
69 0 52
69 0 56
69 0 60
69 0 64
69 0 68
69 0 72
69 0 76
69 0 80
69 0 84
69 0 88
69 0 92
69 0 96
69 0 100
69 0 104
69 0 108
69 0 112
69 0 116
69 0 120
69 0 124
69 0 128
69 0 132
69 0 136
69 0 140
69 0 144
70 0 40
70 0 44
70 0 48
70 0 52
70 0 56
70 0 60
70 0 64
70 0 68
70 0 72
70 0 76
70 0 80
70 0 84
70 0 88
70 0 92
70 0 96
70 0 100
70 0 104
70 0 108
70 0 112
70 0 116
70 0 120
70 0 124
70 0 128
70 0 132
70 0 136
70 0 140
70 0 144
71 0 40
71 0 44
71 0 48
71 0 52
71 0 56
71 0 60
71 0 64
71 0 68
71 0 72
71 0 76
71 0 80
71 0 84
71 0 88
71 0 92
71 0 96
71 0 100
71 0 104
71 0 108
71 0 112
71 0 116
71 0 120
71 0 124
71 0 128
71 0 132
71 0 136
71 0 140
72 0 40
72 0 44
72 0 48
72 0 52
72 0 56
72 0 60
72 0 64
72 0 68
72 0 72
72 0 76
72 0 80
72 0 84
72 0 88
72 0 92
72 0 96
72 0 100
72 0 104
72 0 108
72 0 112
72 0 116
72 0 120
72 0 124
72 0 128
72 0 132
72 0 136
73 0 40
73 0 44
73 0 48
73 0 52
73 0 56
73 0 60
73 0 64
73 0 68
73 0 72
73 0 76
73 0 80
73 0 84
73 0 88
73 0 92
73 0 96
73 0 100
73 0 104
73 0 108
73 0 112
73 0 116
73 0 120
73 0 124
73 0 128
73 0 132
74 0 40
74 0 44
74 0 48
74 0 52
74 0 56
74 0 60
74 0 64
74 0 68
74 0 72
74 0 76
74 0 80
74 0 84
74 0 88
74 0 92
74 0 96
74 0 100
74 0 104
74 0 108
74 0 112
74 0 116
74 0 120
74 0 124
75 0 40
75 0 44
75 0 48
75 0 52
75 0 56
75 0 60
75 0 64
75 0 68
75 0 72
75 0 76
75 0 80
75 0 84
75 0 88
75 0 92
75 0 96
75 0 100
75 0 104
75 0 108
75 0 112
75 0 116
75 0 120
76 0 40
76 0 44
76 0 48
76 0 52
76 0 56
76 0 60
76 0 64
76 0 68
76 0 72
76 0 76
76 0 80
76 0 84
76 0 88
76 0 92
76 0 96
76 0 100
76 0 104
76 0 108
76 0 112
77 0 40
77 0 44
77 0 48
77 0 52
77 0 56
77 0 60
77 0 64
77 0 68
77 0 72
77 0 76
77 0 80
77 0 84
77 0 88
77 0 92
77 0 96
77 0 100
77 0 104
77 0 108
78 0 40
78 0 44
78 0 48
78 0 52
78 0 56
78 0 60
78 0 64
78 0 68
78 0 72
78 0 76
78 0 80
78 0 84
78 0 88
78 0 92
78 0 96
78 0 100
79 0 40
79 0 44
79 0 48
79 0 52
79 0 56
79 0 60
79 0 64
79 0 68
79 0 72
79 0 76
79 0 80
79 0 84
79 0 88
79 0 92
79 0 96
80 0 40
80 0 44
80 0 48
80 0 52
80 0 56
80 0 60
80 0 64
80 0 68
80 0 72
80 0 76
80 0 80
80 0 84
80 0 88
80 0 92
81 0 40
81 0 44
81 0 48
81 0 52
81 0 56
81 0 60
81 0 64
81 0 68
81 0 72
81 0 76
81 0 80
81 0 84
81 0 88
81 0 92
82 0 40
82 0 44
82 0 48
82 0 52
82 0 56
82 0 60
82 0 64
82 0 68
82 0 72
82 0 76
82 0 80
82 0 84
82 0 88
83 0 40
83 0 44
83 0 48
83 0 52
83 0 56
83 0 60
83 0 64
83 0 68
83 0 72
83 0 76
83 0 80
84 0 40
84 0 44
84 0 48
84 0 52
84 0 56
84 0 60
84 0 64
84 0 68
84 0 72
84 0 76
85 0 40
85 0 44
85 0 48
85 0 52
85 0 56
85 0 60
85 0 64
85 0 68
86 0 40
86 0 44
86 0 48
86 0 52
86 0 56
86 0 60
86 0 64
87 0 40
87 0 44
87 0 48
87 0 52
87 0 56
89 0 40
89 0 44
89 0 48
90 0 40
90 0 44
90 0 48
91 0 40
91 0 44
92 0 40
92 0 44
92 1 40
92 1 44
92 2 40
92 2 44
92 3 40
92 3 44
92 4 40
92 5 40
11 6 40
10 6 40
9 6 40
8 6 40
8 5 40
8 4 40
8 3 40
8 2 40
8 1 40
8 0 40
8 0 44
9 0 40
9 0 44
10 0 40
10 0 44
11 0 40
11 0 44
12 0 40
12 0 44
13 0 40
13 0 44
14 0 40
14 0 44
15 0 40
15 0 44
16 0 40
16 0 44
17 0 40
17 0 44
17 0 48
18 0 40
18 0 44
18 0 48
19 0 40
19 0 44
19 0 48
19 0 52
20 0 40
20 0 44
20 0 48
20 0 52
20 0 56
21 0 40
21 0 44
21 0 48
21 0 52
21 0 56
21 0 60
21 0 64
22 0 40
22 0 44
22 0 48
22 0 52
22 0 56
22 0 60
23 0 40
23 0 44
23 0 48
23 0 52
23 0 56
23 0 60
23 0 64
23 0 68
23 0 72
23 0 76
23 0 80
23 0 84
24 0 40
24 0 44
24 0 48
24 0 52
24 0 56
24 0 60
24 0 64
24 0 68
24 0 72
24 0 76
24 0 80
24 0 84
24 0 88
24 0 92
24 0 96
25 0 40
25 0 44
25 0 48
25 0 52
25 0 56
25 0 60
25 0 64
25 0 68
25 0 72
25 0 76
25 0 80
25 0 84
25 0 88
25 0 92
25 0 96
25 0 100
25 0 104
25 0 108
26 0 40
26 0 44
26 0 48
26 0 52
26 0 56
26 0 60
26 0 64
26 0 68
26 0 72
26 0 76
26 0 80
26 0 84
26 0 88
26 0 92
26 0 96
26 0 100
26 0 104
26 0 108
26 0 112
26 0 116
26 0 120
27 0 40
27 0 44
27 0 48
27 0 52
27 0 56
27 0 60
27 0 64
27 0 68
27 0 72
27 0 76
27 0 80
27 0 84
27 0 88
27 0 92
27 0 96
27 0 100
27 0 104
27 0 108
27 0 112
27 0 116
27 0 120
27 0 124
27 0 128
27 0 132
28 0 40
28 0 44
28 0 48
28 0 52
28 0 56
28 0 60
28 0 64
28 0 68
28 0 72
28 0 76
28 0 80
28 0 84
28 0 88
28 0 92
28 0 96
28 0 100
28 0 104
28 0 108
28 0 112
28 0 116
28 0 120
28 0 124
28 0 128
28 0 132
28 0 136
28 0 140
29 0 40
29 0 44
29 0 48
29 0 52
29 0 56
29 0 60
29 0 64
29 0 68
29 0 72
29 0 76
29 0 80
29 0 84
29 0 88
29 0 92
29 0 96
29 0 100
29 0 104
29 0 108
29 0 112
29 0 116
29 0 120
29 0 124
29 0 128
29 0 132
29 0 136
29 0 140
29 0 144
29 0 148
30 0 40
30 0 44
30 0 48
30 0 52
30 0 56
30 0 60
30 0 64
30 0 68
30 0 72
30 0 76
30 0 80
30 0 84
30 0 88
30 0 92
30 0 96
30 0 100
30 0 104
30 0 108
30 0 112
30 0 116
30 0 120
30 0 124
30 0 128
30 0 132
30 0 136
30 0 140
30 0 144
30 0 148
30 0 152
30 0 156
31 0 40
31 0 44
31 0 48
31 0 52
31 0 56
31 0 60
31 0 64
31 0 68
31 0 72
31 0 76
31 0 80
31 0 84
31 0 88
31 0 92
31 0 96
31 0 100
31 0 104
31 0 108
31 0 112
31 0 116
31 0 120
31 0 124
31 0 128
31 0 132
31 0 136
31 0 140
31 0 144
31 0 148
31 0 152
31 0 156
31 0 160
32 0 40
32 0 44
32 0 48
32 0 52
32 0 56
32 0 60
32 0 64
32 0 68
32 0 72
32 0 76
32 0 80
32 0 84
32 0 88
32 0 92
32 0 96
32 0 100
32 0 104
32 0 108
32 0 112
32 0 116
32 0 120
32 0 124
32 0 128
32 0 132
32 0 136
32 0 140
32 0 144
32 0 148
32 0 152
32 0 156
32 0 160
33 0 40
33 0 44
33 0 48
33 0 52
33 0 56
33 0 60
33 0 64
33 0 68
33 0 72
33 0 76
33 0 80
33 0 84
33 0 88
33 0 92
33 0 96
33 0 100
33 0 104
33 0 108
33 0 112
33 0 116
33 0 120
33 0 124
33 0 128
33 0 132
33 0 136
33 0 140
33 0 144
33 0 148
33 0 152
33 0 156
33 0 160
33 0 164
34 0 40
34 0 44
34 0 48
34 0 52
34 0 56
34 0 60
34 0 64
34 0 68
34 0 72
34 0 76
34 0 80
34 0 84
34 0 88
34 0 92
34 0 96
34 0 100
34 0 104
34 0 108
34 0 112
34 0 116
34 0 120
34 0 124
34 0 128
34 0 132
34 0 136
34 0 140
34 0 144
34 0 148
34 0 152
34 0 156
34 0 160
34 0 164
35 0 40
35 0 44
35 0 48
35 0 52
35 0 56
35 0 60
35 0 64
35 0 68
35 0 72
35 0 76
35 0 80
35 0 84
35 0 88
35 0 92
35 0 96
35 0 100
35 0 104
35 0 108
35 0 112
35 0 116
35 0 120
35 0 124
35 0 128
35 0 132
35 0 136
35 0 140
35 0 144
35 0 148
35 0 152
35 0 156
35 0 160
35 0 164
36 0 40
36 0 44
36 0 48
36 0 52
36 0 56
36 0 60
36 0 64
36 0 68
36 0 72
36 0 76
36 0 80
36 0 84
36 0 88
36 0 92
36 0 96
36 0 100
36 0 104
36 0 108
36 0 112
36 0 116
36 0 120
36 0 124
36 0 128
36 0 132
36 0 136
36 0 140
36 0 144
36 0 148
36 0 152
36 0 156
36 0 160
36 0 164
37 0 40
37 0 44
37 0 48
37 0 52
37 0 56
37 0 60
37 0 64
37 0 68
37 0 72
37 0 76
37 0 80
37 0 84
37 0 88
37 0 92
37 0 96
37 0 100
37 0 104
37 0 108
37 0 112
37 0 116
37 0 120
37 0 124
37 0 128
37 0 132
37 0 136
37 0 140
37 0 144
37 0 148
37 0 152
37 0 156
37 0 160
38 0 40
38 0 44
38 0 48
38 0 52
38 0 56
38 0 60
38 0 64
38 0 68
38 0 72
38 0 76
38 0 80
38 0 84
38 0 88
38 0 92
38 0 96
38 0 100
38 0 104
38 0 108
38 0 112
38 0 116
38 0 120
38 0 124
38 0 128
38 0 132
38 0 136
38 0 140
38 0 144
38 0 148
38 0 152
38 0 156
39 0 40
39 0 44
39 0 48
39 0 52
39 0 56
39 0 60
39 0 64
39 0 68
39 0 72
39 0 76
39 0 80
39 0 84
39 0 88
39 0 92
39 0 96
39 0 100
39 0 104
39 0 108
39 0 112
39 0 116
39 0 120
39 0 124
39 0 128
39 0 132
39 0 136
39 0 140
39 0 144
39 0 148
39 0 152
40 0 40
40 0 44
40 0 48
40 0 52
40 0 56
40 0 60
40 0 64
40 0 68
40 0 72
40 0 76
40 0 80
40 0 84
40 0 88
40 0 92
40 0 96
40 0 100
40 0 104
40 0 108
40 0 112
40 0 116
40 0 120
40 0 124
40 0 128
40 0 132
40 0 136
40 0 140
40 0 144
41 0 40
41 0 44
41 0 48
41 0 52
41 0 56
41 0 60
41 0 64
41 0 68
41 0 72
41 0 76
41 0 80
41 0 84
41 0 88
41 0 92
41 0 96
41 0 100
41 0 104
41 0 108
41 0 112
41 0 116
41 0 120
41 0 124
41 0 128
41 0 132
41 0 136
41 0 140
42 0 40
42 0 44
42 0 48
42 0 52
42 0 56
42 0 60
42 0 64
42 0 68
42 0 72
42 0 76
42 0 80
42 0 84
42 0 88
42 0 92
42 0 96
42 0 100
42 0 104
42 0 108
42 0 112
42 0 116
42 0 120
42 0 124
42 0 128
42 0 132
43 0 40
43 0 44
43 0 48
43 0 52
43 0 56
43 0 60
43 0 64
43 0 68
43 0 72
43 0 76
43 0 80
43 0 84
43 0 88
43 0 92
43 0 96
43 0 100
43 0 104
43 0 108
43 0 112
43 0 116
43 0 120
43 0 124
44 0 40
44 0 44
44 0 48
44 0 52
44 0 56
44 0 60
44 0 64
44 0 68
44 0 72
44 0 76
44 0 80
44 0 84
44 0 88
44 0 92
44 0 96
44 0 100
44 0 104
44 0 108
45 0 40
45 0 44
45 0 48
45 0 52
45 0 56
45 0 60
45 0 64
45 0 68
45 0 72
45 0 76
45 0 80
45 0 84
45 0 88
45 0 92
45 0 96
45 0 100
45 0 104
45 0 108
46 0 40
46 0 44
46 0 48
46 0 52
46 0 56
46 0 60
46 0 64
46 0 68
46 0 72
46 0 76
46 0 80
46 0 84
46 0 88
46 0 92
46 0 96
46 0 100
47 0 40
47 0 44
47 0 48
47 0 52
47 0 56
47 0 60
47 0 64
47 0 68
47 0 72
47 0 76
47 0 80
47 0 84
47 0 88
47 0 92
47 0 96
48 0 40
48 0 44
48 0 48
48 0 52
48 0 56
48 0 60
48 0 64
48 0 68
48 0 72
48 0 76
48 0 80
48 0 84
48 0 88
48 0 92
49 0 40
49 0 44
49 0 48
49 0 52
49 0 56
49 0 60
49 0 64
49 0 68
49 0 72
49 0 76
49 0 80
49 0 84
49 0 88
50 0 40
50 0 44
50 0 48
50 0 52
50 0 56
50 0 60
50 0 64
50 0 68
50 0 72
50 0 76
50 0 80
50 0 84
51 0 40
51 0 44
51 0 48
51 0 52
51 0 56
51 0 60
51 0 64
51 0 68
51 0 72
51 0 76
51 0 80
51 0 84
19 105 40
19 105 44
20 105 40
21 105 40
22 105 40
23 105 40
24 105 40
25 105 40
26 105 40
27 105 40
28 105 40
28 106 40
29 106 40
29 107 40
30 107 40
30 108 40
30 109 40
30 110 40
30 111 40
30 112 40
30 113 40
30 113 44
30 114 40
30 114 44
30 115 40
30 115 44
30 116 40
30 116 44
30 117 40
30 117 44
30 118 40
30 118 44
30 118 48
30 119 40
30 119 44
30 119 48
30 120 40
30 120 44
30 120 48
30 120 52
30 121 40
30 121 44
30 121 48
30 121 52
30 121 56
30 122 40
30 122 44
30 122 48
30 122 52
30 122 56
30 122 60
30 123 40
30 123 44
30 123 48
30 123 52
30 123 56
30 123 60
30 123 64
30 124 40
30 124 44
30 124 48
30 124 52
30 124 56
30 124 60
30 124 64
30 124 68
30 124 72
30 125 40
30 125 44
30 125 48
30 125 52
30 125 56
30 125 60
30 125 64
30 125 68
30 125 72
30 125 76
30 125 80
30 126 40
30 126 44
30 126 48
30 126 52
30 126 56
30 126 60
30 126 64
30 126 68
30 126 72
30 126 76
30 126 80
30 126 84
30 126 88
30 127 40
30 127 44
30 127 48
30 127 52
30 127 56
30 127 60
30 127 64
30 127 68
30 127 72
30 127 76
30 127 80
30 127 84
30 127 88
30 127 92
30 127 96
30 128 40
30 128 44
30 128 48
30 128 52
30 128 56
30 128 60
30 128 64
30 128 68
30 128 72
30 128 76
30 128 80
30 128 84
30 128 88
30 128 92
30 128 96
30 128 100
30 128 104
30 129 40
30 129 44
30 129 48
30 129 52
30 129 56
30 129 60
30 129 64
30 129 68
30 129 72
30 129 76
30 129 80
30 129 84
30 129 88
30 129 92
30 129 96
30 129 100
30 129 104
30 129 108
30 129 112
30 130 40
30 130 44
30 130 48
30 130 52
30 130 56
30 130 60
30 130 64
30 130 68
30 130 72
30 130 76
30 130 80
30 130 84
30 130 88
30 130 92
30 130 96
30 130 100
30 130 104
30 130 108
30 130 112
30 130 116
30 131 40
30 131 44
30 131 48
30 131 52
30 131 56
30 131 60
30 131 64
30 131 68
30 131 72
30 131 76
30 131 80
30 131 84
30 131 88
30 131 92
30 131 96
30 131 100
30 131 104
30 131 108
30 131 112
30 131 116
30 131 120
30 131 124
30 132 40
30 132 44
30 132 48
30 132 52
30 132 56
30 132 60
30 132 64
30 132 68
30 132 72
30 132 76
30 132 80
30 132 84
30 132 88
30 132 92
30 132 96
30 132 100
30 132 104
30 132 108
30 132 112
30 132 116
30 132 120
30 132 124
30 132 128
30 133 40
30 133 44
30 133 48
30 133 52
30 133 56
30 133 60
30 133 64
30 133 68
30 133 72
30 133 76
30 133 80
30 133 84
30 133 88
30 133 92
30 133 96
30 133 100
30 133 104
30 133 108
30 133 112
30 133 116
30 133 120
30 133 124
30 133 128
30 133 132
30 134 40
30 134 44
30 134 48
30 134 52
30 134 56
30 134 60
30 134 64
30 134 68
30 134 72
30 134 76
30 134 80
30 134 84
30 134 88
30 134 92
30 134 96
30 134 100
30 134 104
30 134 108
30 134 112
30 134 116
30 134 120
30 134 124
30 134 128
30 134 132
30 134 136
30 135 40
30 135 44
30 135 48
30 135 52
30 135 56
30 135 60
30 135 64
30 135 68
30 135 72
30 135 76
30 135 80
30 135 84
30 135 88
30 135 92
30 135 96
30 135 100
30 135 104
30 135 108
30 135 112
30 135 116
30 135 120
30 135 124
30 135 128
30 135 132
30 135 136
30 135 140
30 135 144
30 136 40
30 136 44
30 136 48
30 136 52
30 136 56
30 136 60
30 136 64
30 136 68
30 136 72
30 136 76
30 136 80
30 136 84
30 136 88
30 136 92
30 136 96
30 136 100
30 136 104
30 136 108
30 136 112
30 136 116
30 136 120
30 136 124
30 136 128
30 136 132
30 136 136
30 136 140
30 136 144
30 136 148
30 137 40
30 137 44
30 137 48
30 137 52
30 137 56
30 137 60
30 137 64
30 137 68
30 137 72
30 137 76
30 137 80
30 137 84
30 137 88
30 137 92
30 137 96
30 137 100
30 137 104
30 137 108
30 137 112
30 137 116
30 137 120
30 137 124
30 137 128
30 137 132
30 137 136
30 137 140
30 137 144
30 137 148
30 137 152
30 137 156
30 138 40
30 138 44
30 138 48
30 138 52
30 138 56
30 138 60
30 138 64
30 138 68
30 138 72
30 138 76
30 138 80
30 138 84
30 138 88
30 138 92
30 138 96
30 138 100
30 138 104
30 138 108
30 138 112
30 138 116
30 138 120
30 138 124
30 138 128
30 138 132
30 138 136
30 138 140
30 138 144
30 138 148
30 138 152
30 138 156
30 138 160
30 139 40
30 139 44
30 139 48
30 139 52
30 139 56
30 139 60
30 139 64
30 139 68
30 139 72
30 139 76
30 139 80
30 139 84
30 139 88
30 139 92
30 139 96
30 139 100
30 139 104
30 139 108
30 139 112
30 139 116
30 139 120
30 139 124
30 139 128
30 139 132
30 139 136
30 139 140
30 139 144
30 139 148
30 139 152
30 139 156
30 139 160
30 139 164
30 139 168
30 140 40
30 140 44
30 140 48
30 140 52
30 140 56
30 140 60
30 140 64
30 140 68
30 140 72
30 140 76
30 140 80
30 140 84
30 140 88
30 140 92
30 140 96
30 140 100
30 140 104
30 140 108
30 140 112
30 140 116
30 140 120
30 140 124
30 140 128
30 140 132
30 140 136
30 140 140
30 140 144
30 140 148
30 140 152
30 140 156
30 140 160
30 140 164
30 140 168
30 140 172
30 141 40
30 141 44
30 141 48
30 141 52
30 141 56
30 141 60
30 141 64
30 141 68
30 141 72
30 141 76
30 141 80
30 141 84
30 141 88
30 141 92
30 141 96
30 141 100
30 141 104
30 141 108
30 141 112
30 141 116
30 141 120
30 141 124
30 141 128
30 141 132
30 141 136
30 141 140
30 141 144
30 141 148
30 141 152
30 141 156
30 141 160
30 141 164
30 141 168
30 141 172
30 142 40
30 142 44
30 142 48
30 142 52
30 142 56
30 142 60
30 142 64
30 142 68
30 142 72
30 142 76
30 142 80
30 142 84
30 142 88
30 142 92
30 142 96
30 142 100
30 142 104
30 142 108
30 142 112
30 142 116
30 142 120
30 142 124
30 142 128
30 142 132
30 142 136
30 142 140
30 142 144
30 142 148
30 142 152
30 142 156
30 142 160
30 142 164
30 142 168
30 142 172
30 142 176
30 143 40
30 143 44
30 143 48
30 143 52
30 143 56
30 143 60
30 143 64
30 143 68
30 143 72
30 143 76
30 143 80
30 143 84
30 143 88
30 143 92
30 143 96
30 143 100
30 143 104
30 143 108
30 143 112
30 143 116
30 143 120
30 143 124
30 143 128
30 143 132
30 143 136
30 143 140
30 143 144
30 143 148
30 143 152
30 143 156
30 143 160
30 143 164
30 143 168
30 143 172
30 143 176
30 144 40
30 144 44
30 144 48
30 144 52
30 144 56
30 144 60
30 144 64
30 144 68
30 144 72
30 144 76
30 144 80
30 144 84
30 144 88
30 144 92
30 144 96
30 144 100
30 144 104
30 144 108
30 144 112
30 144 116
30 144 120
30 144 124
30 144 128
30 144 132
30 144 136
30 144 140
30 144 144
30 144 148
30 144 152
30 144 156
30 144 160
30 144 164
30 144 168
30 144 172
30 145 40
30 145 44
30 145 48
30 145 52
30 145 56
30 145 60
30 145 64
30 145 68
30 145 72
30 145 76
30 145 80
30 145 84
30 145 88
30 145 92
30 145 96
30 145 100
30 145 104
30 145 108
30 145 112
30 145 116
30 145 120
30 145 124
30 145 128
30 145 132
30 145 136
30 145 140
30 145 144
30 145 148
30 145 152
30 145 156
30 145 160
30 145 164
30 145 168
30 146 40
30 146 44
30 146 48
30 146 52
30 146 56
30 146 60
30 146 64
30 146 68
30 146 72
30 146 76
30 146 80
30 146 84
30 146 88
30 146 92
30 146 96
30 146 100
30 146 104
30 146 108
30 146 112
30 146 116
30 146 120
30 146 124
30 146 128
30 146 132
30 146 136
30 146 140
30 146 144
30 146 148
30 146 152
30 146 156
30 146 160
30 147 40
30 147 44
30 147 48
30 147 52
30 147 56
30 147 60
30 147 64
30 147 68
30 147 72
30 147 76
30 147 80
30 147 84
30 147 88
30 147 92
30 147 96
30 147 100
30 147 104
30 147 108
30 147 112
30 147 116
30 147 120
30 147 124
30 147 128
30 147 132
30 147 136
30 147 140
30 147 144
30 147 148
30 147 152
30 148 40
30 148 44
30 148 48
30 148 52
30 148 56
30 148 60
30 148 64
30 148 68
30 148 72
30 148 76
30 148 80
30 148 84
30 148 88
30 148 92
30 148 96
30 148 100
30 148 104
30 148 108
30 148 112
30 148 116
30 148 120
30 148 124
30 148 128
30 148 132
30 148 136
30 148 140
30 149 40
30 149 44
30 149 48
30 149 52
30 149 56
30 149 60
30 149 64
30 149 68
30 149 72
30 149 76
30 149 80
30 149 84
30 149 88
30 149 92
30 149 96
30 149 100
30 149 104
30 149 108
30 149 112
30 149 116
30 149 120
30 149 124
30 149 128
30 150 40
30 150 44
30 150 48
30 150 52
30 150 56
30 150 60
30 150 64
30 150 68
30 150 72
30 150 76
30 150 80
30 150 84
30 150 88
30 150 92
30 150 96
30 150 100
30 150 104
30 150 108
30 150 112
30 151 40
30 151 44
30 151 48
30 151 52
30 151 56
30 151 60
30 151 64
30 151 68
30 151 72
30 151 76
30 151 80
30 151 84
30 151 88
30 151 92
30 151 96
30 152 40
30 152 44
30 152 48
30 152 52
30 152 56
30 152 60
30 152 64
30 152 68
30 152 72
30 152 76
30 152 80
30 152 84
30 153 40
30 153 44
30 153 48
30 153 52
30 153 56
30 153 60
30 153 64
30 153 68
30 153 72
30 154 40
30 154 44
30 154 48
30 154 52
30 154 56
30 154 60
30 154 64
30 155 40
30 155 44
30 155 48
30 155 52
30 155 56
30 156 40
30 156 44
30 156 48
30 156 52
30 157 40
30 157 44
30 157 48
30 158 40
30 158 44
30 158 48
30 159 40
30 159 44
30 160 40
30 160 44
30 161 40
30 161 44
