0 0 100
0 20 100
0 40 100
0 60 100
0 80 100
0 100 100
0 120 100
0 140 100
0 160 100
0 180 100
0 199 100
11 10 100
11 30 100
11 50 100
11 70 100
11 90 100
11 110 100
11 130 100
11 150 100
11 170 100
11 190 100
22 0 100
22 20 100
22 40 100
22 60 100
22 80 100
22 100 100
22 120 100
22 140 100
22 160 100
22 180 100
22 199 100
33 10 100
33 30 100
33 50 100
33 70 100
33 90 100
33 110 100
33 130 100
33 150 100
33 170 100
33 190 100
44 0 100
44 20 100
44 40 100
44 60 100
44 80 100
44 100 100
44 120 100
44 140 100
44 160 100
44 180 100
44 199 100
55 10 100
55 30 100
55 50 100
55 70 100
55 90 100
55 110 100
55 130 100
55 150 100
55 170 100
55 190 100
66 0 100
66 20 100
66 40 100
66 60 100
66 80 100
66 100 100
66 120 100
66 140 100
66 160 100
66 180 100
66 199 100
77 10 100
77 30 100
77 50 100
77 70 100
77 90 100
77 110 100
77 130 100
77 150 100
77 170 100
77 190 100
88 0 100
88 20 100
88 40 100
88 60 100
88 80 100
88 100 100
88 120 100
88 140 100
88 160 100
88 180 100
88 199 100
99 10 100
99 30 100
99 50 100
99 70 100
99 90 100
99 110 100
99 130 100
99 150 100
99 170 100
99 190 100
110 0 100
110 20 100
110 40 100
110 60 100
110 80 100
110 100 100
110 120 100
110 140 100
110 160 100
110 180 100
110 199 100
121 10 100
121 30 100
121 50 100
121 70 100
121 90 100
121 110 100
121 130 100
121 150 100
121 170 100
121 190 100
132 0 100
132 20 100
132 40 100
132 60 100
132 80 100
132 100 100
132 120 100
132 140 100
132 160 100
132 180 100
132 199 100
143 10 100
143 30 100
143 50 100
143 70 100
143 90 100
143 110 100
143 130 100
143 150 100
143 170 100
143 190 100
154 0 100
154 20 100
154 40 100
154 60 100
154 80 100
154 100 100
154 120 100
154 140 100
154 160 100
154 180 100
154 199 100
165 10 100
165 30 100
165 50 100
165 70 100
165 90 100
165 110 100
165 130 100
165 150 100
165 170 100
165 190 100
176 0 100
176 20 100
176 40 100
176 60 100
176 80 100
176 100 100
176 120 100
176 140 100
176 160 100
176 180 100
176 199 100
187 10 100
187 30 100
187 50 100
187 70 100
187 90 100
187 110 100
187 130 100
187 150 100
187 170 100
187 190 100
198 0 100
198 20 100
198 40 100
198 60 100
198 80 100
198 100 100
198 120 100
198 140 100
198 160 100
198 180 100
198 199 100
0 0 100
0 20 100
0 40 100
0 80 100
0 100 100
11 10 100
11 30 100
11 50 100
11 90 100
11 130 100
11 150 100
22 0 100
22 20 100
22 40 100
22 80 100
22 100 100
22 120 100
22 140 100
22 160 100
22 199 100
33 70 100
33 90 100
33 110 100
33 130 100
33 150 100
33 170 100
33 190 100
44 0 100
44 60 100
44 80 100
44 100 100
44 120 100
44 140 100
44 160 100
44 180 100
44 199 100
55 50 100
55 70 100
55 90 100
55 110 100
55 130 100
55 150 100
55 170 100
55 190 100
66 0 100
66 20 100
66 40 100
66 60 100
66 180 100
66 199 100
77 10 100
77 30 100
77 50 100
77 70 100
77 90 100
77 170 100
77 190 100
88 0 100
88 20 100
88 40 100
88 80 100
88 100 100
88 180 100
88 199 100
99 30 100
99 90 100
99 110 100
99 170 100
99 190 100
110 0 100
110 20 100
110 40 100
110 100 100
110 120 100
110 160 100
110 180 100
121 10 100
121 30 100
121 50 100
121 130 100
121 170 100
121 190 100
132 0 100
132 20 100
132 40 100
132 80 100
132 100 100
132 120 100
132 140 100
132 160 100
132 180 100
143 30 100
143 90 100
143 110 100
143 130 100
143 150 100
143 170 100
143 190 100
154 40 100
154 80 100
154 100 100
154 120 100
154 160 100
154 180 100
165 30 100
165 50 100
165 90 100
165 110 100
165 170 100
165 190 100
176 0 100
176 20 100
176 40 100
176 80 100
176 100 100
176 120 100
176 160 100
176 180 100
176 199 100
187 10 100
187 30 100
187 90 100
187 110 100
187 150 100
187 170 100
187 190 100
198 0 100
198 40 100
198 100 100
198 120 100
198 160 100
198 180 100
198 199 100
71 116 40
10 109 40
26 62 40
199 16 40
60 30 40
0 176 40
100 72 40
100 71 40
100 70 40
100 69 40
100 68 40
100 67 40
100 66 40
100 65 40
99 65 40
98 65 40
97 65 40
96 65 40
95 65 40
94 65 40
93 65 40
92 65 40
91 65 40
91 65 42
90 65 40
90 65 42
89 65 40
89 65 42
88 65 40
88 65 42
87 65 40
87 65 42
87 65 44
87 66 40
87 66 42
87 66 44
86 66 40
86 66 42
86 66 44
85 66 40
85 66 42
85 66 44
85 67 40
85 67 42
85 67 44
85 67 46
84 67 40
84 67 42
84 67 44
84 67 46
84 68 40
84 68 42
84 68 44
84 68 46
83 68 40
83 68 42
83 68 44
83 68 46
83 69 40
83 69 42
83 69 44
83 69 46
83 69 48
82 69 40
82 69 42
82 69 44
82 69 46
82 69 48
81 69 40
81 69 42
81 69 44
81 69 46
81 69 48
81 70 40
81 70 42
81 70 44
81 70 46
81 70 48
80 70 40
80 70 42
80 70 44
80 70 46
80 70 48
80 71 40
80 71 42
80 71 44
80 71 46
80 71 48
79 71 40
79 71 42
79 71 44
79 71 46
79 71 48
79 72 40
79 72 42
79 72 44
79 72 46
79 72 48
78 72 40
78 72 42
78 72 44
78 72 46
78 73 40
78 73 42
78 73 44
78 73 46
77 73 40
77 73 42
77 73 44
77 73 46
77 74 40
77 74 42
77 74 44
77 74 46
76 74 40
76 74 42
76 74 44
76 74 46
76 75 40
76 75 42
76 75 44
76 75 46
75 75 40
75 75 42
75 75 44
75 75 46
75 76 40
75 76 42
75 76 44
75 76 46
74 76 40
74 76 42
74 76 44
73 76 40
73 76 42
73 76 44
73 77 40
73 77 42
73 77 44
72 77 40
72 77 42
72 77 44
72 78 40
72 78 42
72 78 44
71 78 40
71 78 42
71 78 44
71 79 40
71 79 42
71 79 44
70 79 40
70 79 42
70 79 44
69 79 40
69 79 42
69 80 40
69 80 42
68 80 40
68 80 42
68 81 40
68 81 42
68 82 40
68 82 42
68 82 44
68 83 40
68 83 42
68 83 44
68 83 46
68 84 40
68 84 42
68 84 44
68 84 46
68 85 40
68 85 42
68 85 44
68 85 46
68 85 48
68 86 40
68 86 42
68 86 44
68 86 46
68 86 48
68 86 50
68 86 52
68 87 40
68 87 42
68 87 44
68 87 46
68 87 48
68 87 50
68 87 52
68 87 54
68 88 40
68 88 42
68 88 44
68 88 46
68 88 48
68 88 50
68 88 52
68 88 54
68 88 56
68 89 40
68 89 42
68 89 44
68 89 46
68 89 48
68 89 50
68 89 52
68 89 54
68 89 56
68 89 58
68 90 40
68 90 42
68 90 44
68 90 46
68 90 48
68 90 50
68 90 52
68 90 54
68 90 56
68 90 58
68 91 40
68 91 42
68 91 44
68 91 46
68 91 48
68 91 50
68 91 52
68 91 54
68 91 56
68 92 40
68 92 42
68 92 44
68 92 46
68 92 48
68 92 50
68 92 52
68 92 54
68 92 56
68 93 40
68 93 42
68 93 44
68 93 46
68 93 48
68 93 50
68 93 52
68 93 54
68 94 40
68 94 42
68 94 44
68 94 46
68 94 48
68 94 50
68 94 52
68 95 40
68 95 42
68 95 44
68 95 46
68 95 48
68 96 40
68 96 42
68 96 44
68 96 46
68 97 40
68 97 42
68 97 44
68 98 40
68 98 42
68 98 44
68 99 40
68 99 42
68 100 40
68 100 42
68 101 40
68 101 42
68 102 40
68 103 40
68 104 40
68 105 40
68 106 40
68 107 40
68 108 40
69 108 40
69 109 40
70 109 40
70 110 40
71 110 40
71 111 40
71 112 40
71 113 40
71 114 40
71 115 40
26 61 40
26 60 40
26 59 40
27 59 40
27 58 40
28 58 40
29 58 40
29 57 40
30 57 40
30 56 40
31 56 40
32 56 40
33 56 40
34 56 40
35 56 40
36 56 40
37 56 40
38 56 40
39 56 40
40 56 40
41 56 40
41 57 40
42 57 40
42 58 40
42 58 42
43 58 40
43 58 42
43 59 40
43 59 42
43 59 44
44 59 40
44 59 42
44 59 44
44 59 46
45 60 40
45 60 42
45 60 44
45 60 46
45 60 48
45 60 50
45 61 40
45 61 42
45 61 44
45 61 46
45 61 48
45 61 50
45 61 52
46 61 40
46 61 42
46 61 44
46 61 46
46 61 48
46 61 50
46 61 52
46 61 54
46 62 40
46 62 42
46 62 44
46 62 46
46 62 48
46 62 50
46 62 52
46 62 54
46 62 56
47 62 40
47 62 42
47 62 44
47 62 46
47 62 48
47 62 50
47 62 52
47 62 54
47 62 56
47 62 58
47 63 40
47 63 42
47 63 44
47 63 46
47 63 48
47 63 50
47 63 52
47 63 54
47 63 56
47 63 58
48 63 40
48 63 42
48 63 44
48 63 46
48 63 48
48 63 50
48 63 52
48 63 54
48 63 56
48 63 58
48 64 40
48 64 42
48 64 44
48 64 46
48 64 48
48 64 50
48 64 52
48 64 54
48 64 56
48 64 58
49 64 40
49 64 42
49 64 44
49 64 46
49 64 48
49 64 50
49 64 52
49 64 54
49 64 56
49 65 40
49 65 42
49 65 44
49 65 46
49 65 48
49 65 50
49 65 52
49 65 54
49 65 56
50 65 40
50 65 42
50 65 44
50 65 46
50 65 48
50 65 50
50 65 52
50 65 54
50 66 40
50 66 42
50 66 44
50 66 46
50 66 48
50 66 50
50 66 52
50 66 54
51 66 40
51 66 42
51 66 44
51 66 46
51 66 48
51 66 50
51 66 52
51 67 40
51 67 42
51 67 44
51 67 46
51 67 48
51 67 50
51 67 52
52 67 40
52 67 42
52 67 44
52 67 46
52 67 48
52 67 50
52 68 40
52 68 42
52 68 44
52 68 46
52 68 48
52 68 50
53 68 40
53 68 42
53 68 44
53 68 46
53 68 48
53 69 40
53 69 42
53 69 44
53 69 46
53 69 48
54 69 40
54 69 42
54 69 44
54 69 46
54 70 40
54 70 42
54 70 44
54 70 46
54 70 48
55 71 40
55 71 42
55 71 44
55 71 46
56 71 40
56 71 42
56 71 44
56 71 46
56 72 40
56 72 42
56 72 44
56 72 46
57 72 40
57 72 42
57 72 44
57 72 46
58 72 40
58 72 42
58 72 44
58 72 46
58 73 40
58 73 42
58 73 44
58 73 46
59 73 40
59 73 42
59 73 44
59 74 40
59 74 42
59 74 44
60 74 40
60 74 42
60 74 44
60 75 40
60 75 42
60 75 44
61 75 40
61 75 42
61 76 40
61 76 42
62 76 40
62 76 42
63 76 40
63 76 42
63 77 40
63 77 42
64 77 40
64 77 42
65 77 40
65 77 42
65 78 40
65 78 42
66 78 40
66 78 42
67 78 40
67 78 42
67 79 40
67 79 42
68 79 40
68 79 42
59 30 40
58 30 40
57 30 40
56 30 40
54 30 40
53 30 40
52 30 40
51 30 40
50 30 40
49 30 40
48 30 40
48 31 40
48 32 40
48 33 40
47 33 40
47 34 40
46 34 40
46 35 40
46 36 40
45 36 40
45 37 40
45 38 40
44 38 40
44 39 40
44 41 40
43 41 40
43 42 40
43 43 40
42 43 40
42 44 40
42 45 40
41 45 40
41 46 40
41 47 40
40 47 40
40 48 40
39 48 40
39 49 40
39 50 40
39 51 40
39 52 40
39 53 40
39 54 40
39 55 40
199 17 40
199 18 40
199 18 42
199 19 40
199 19 42
199 20 40
199 20 42
199 20 44
199 21 40
199 21 42
199 21 44
199 21 46
199 22 40
199 22 42
199 22 44
199 22 46
199 22 48
198 22 40
198 22 42
198 22 44
198 22 46
198 23 40
198 23 42
198 23 44
198 23 46
198 23 48
198 23 50
197 23 40
197 23 42
197 23 44
197 23 46
197 23 48
197 23 50
197 24 40
197 24 42
197 24 44
197 24 46
197 24 48
197 24 50
197 24 52
197 24 54
197 25 40
197 25 42
197 25 44
197 25 46
197 25 48
197 25 50
197 25 52
197 25 54
197 25 56
197 25 58
197 25 60
196 25 40
196 25 42
196 25 44
196 25 46
196 25 48
196 25 50
196 25 52
196 25 54
196 25 56
196 25 58
196 26 40
196 26 42
196 26 44
196 26 46
196 26 48
196 26 50
196 26 52
196 26 54
196 26 56
196 26 58
196 26 60
196 26 62
195 26 40
195 26 42
195 26 44
195 26 46
195 26 48
195 26 50
195 26 52
195 26 54
195 26 56
195 26 58
195 26 60
195 27 40
195 27 42
195 27 44
195 27 46
195 27 48
195 27 50
195 27 52
195 27 54
195 27 56
195 27 58
195 27 60
195 27 62
195 27 64
195 27 66
194 27 40
194 27 42
194 27 44
194 27 46
194 27 48
194 27 50
194 27 52
194 27 54
194 27 56
194 27 58
194 27 60
194 27 62
194 28 40
194 28 42
194 28 44
194 28 46
194 28 48
194 28 50
194 28 52
194 28 54
194 28 56
194 28 58
194 28 60
194 28 62
194 28 64
194 28 66
194 29 40
194 29 42
194 29 44
194 29 46
194 29 48
194 29 50
194 29 52
194 29 54
194 29 56
194 29 58
194 29 60
194 29 62
194 29 64
194 29 66
194 29 68
194 29 70
194 30 40
194 30 42
194 30 44
194 30 46
194 30 48
194 30 50
194 30 52
194 30 54
194 30 56
194 30 58
194 30 60
194 30 62
194 30 64
194 30 66
194 30 68
194 30 70
194 30 72
194 30 74
194 31 40
194 31 42
194 31 44
194 31 46
194 31 48
194 31 50
194 31 52
194 31 54
194 31 56
194 31 58
194 31 60
194 31 62
194 31 64
194 31 66
194 31 68
194 31 70
194 31 72
194 31 74
194 31 76
194 32 40
194 32 42
194 32 44
194 32 46
194 32 48
194 32 50
194 32 52
194 32 54
194 32 56
194 32 58
194 32 60
194 32 62
194 32 64
194 32 66
194 32 68
194 32 70
194 32 72
194 32 74
194 32 76
194 32 78
194 33 40
194 33 42
194 33 44
194 33 46
194 33 48
194 33 50
194 33 52
194 33 54
194 33 56
194 33 58
194 33 60
194 33 62
194 33 64
194 33 66
194 33 68
194 33 70
194 33 72
194 33 74
194 33 76
194 33 78
194 34 40
194 34 42
194 34 44
194 34 46
194 34 48
194 34 50
194 34 52
194 34 54
194 34 56
194 34 58
194 34 60
194 34 62
194 34 64
194 34 66
194 34 68
194 34 70
194 34 72
194 34 74
194 34 76
194 34 78
194 35 40
194 35 42
194 35 44
194 35 46
194 35 48
194 35 50
194 35 52
194 35 54
194 35 56
194 35 58
194 35 60
194 35 62
194 35 64
194 35 66
194 35 68
194 35 70
194 35 72
194 35 74
194 35 76
194 35 78
194 36 40
194 36 42
194 36 44
194 36 46
194 36 48
194 36 50
194 36 52
194 36 54
194 36 56
194 36 58
194 36 60
194 36 62
194 36 64
194 36 66
194 36 68
194 36 70
194 36 72
194 36 74
194 36 76
194 36 78
194 37 40
194 37 42
194 37 44
194 37 46
194 37 48
194 37 50
194 37 52
194 37 54
194 37 56
194 37 58
194 37 60
194 37 62
194 37 64
194 37 66
194 37 68
194 37 70
194 37 72
194 37 74
194 37 76
194 38 40
194 38 42
194 38 44
194 38 46
194 38 48
194 38 50
194 38 52
194 38 54
194 38 56
194 38 58
194 38 60
194 38 62
194 38 64
194 38 66
194 38 68
194 38 70
194 38 72
194 39 40
194 39 42
194 39 44
194 39 46
194 39 48
194 39 50
194 39 52
194 39 54
194 39 56
194 39 58
194 39 60
194 39 62
194 39 64
194 39 66
194 39 68
194 39 70
194 40 40
194 40 42
194 40 44
194 40 46
194 40 48
194 40 50
194 40 52
194 40 54
194 40 56
194 40 58
194 40 60
194 40 62
194 40 64
194 40 66
194 41 40
194 41 42
194 41 44
194 41 46
194 41 48
194 41 50
194 41 52
194 41 54
194 41 56
194 41 58
194 41 60
194 41 62
194 42 40
194 42 42
194 42 44
194 42 46
194 42 48
194 42 50
194 42 52
194 42 54
194 42 56
194 42 58
194 42 60
194 43 40
194 43 42
194 43 44
194 43 46
194 43 48
194 43 50
194 43 52
194 43 54
194 43 56
194 43 58
194 44 40
194 44 42
194 44 44
194 44 46
194 44 48
194 44 50
194 44 52
194 44 54
194 44 56
194 45 40
194 45 42
194 45 44
194 45 46
194 45 48
194 45 50
194 45 52
194 45 54
194 46 40
194 46 42
194 46 44
194 46 46
194 46 48
194 46 50
194 46 52
194 46 54
194 47 40
194 47 42
194 47 44
194 47 46
194 47 48
194 47 50
194 47 52
194 48 40
194 48 42
194 48 44
194 48 46
194 48 48
194 48 50
194 49 40
194 49 42
194 49 44
194 49 46
194 49 48
194 49 50
194 50 40
194 50 42
194 50 44
194 50 46
194 50 48
194 51 40
194 51 42
194 51 44
194 51 46
194 52 40
194 52 42
194 52 44
194 53 40
194 53 42
194 54 40
194 54 42
194 55 40
194 56 40
194 57 40
194 58 40
194 59 40
194 60 40
194 61 40
194 62 40
193 62 40
192 62 40
191 62 40
190 62 40
189 62 40
188 62 40
187 62 40
186 62 40
185 62 40
184 62 40
183 62 40
182 62 40
181 62 40
180 62 40
180 63 40
179 63 40
178 63 40
178 64 40
177 64 40
176 64 40
176 65 40
175 65 40
174 65 40
174 66 40
173 66 40
173 67 40
172 67 40
171 67 40
171 68 40
170 68 40
169 68 40
168 68 40
167 68 40
166 68 40
165 68 40
164 68 40
163 68 40
162 68 40
161 68 40
160 68 40
159 68 40
158 68 40
157 68 40
156 68 40
155 68 40
154 68 40
153 68 40
153 67 40
152 67 40
151 67 40
150 67 40
150 66 40
149 66 40
149 65 40
148 65 40
147 65 40
146 65 40
145 65 40
144 65 40
143 65 40
142 65 40
141 65 40
140 65 40
139 65 40
138 65 40
137 65 40
136 65 40
135 65 40
134 65 40
133 65 40
132 65 40
131 65 40
130 65 40
130 66 40
129 66 40
129 67 40
128 67 40
127 67 40
127 68 40
126 68 40
126 69 40
125 69 40
124 69 40
123 69 40
122 69 40
121 69 40
120 69 40
119 69 40
118 69 40
117 69 40
116 69 40
115 69 40
114 69 40
113 69 40
112 69 40
111 69 40
110 69 40
109 69 40
108 69 40
107 69 40
106 69 40
105 69 40
104 69 40
103 69 40
102 69 40
101 69 40
11 109 40
12 109 40
13 109 40
13 108 40
13 107 40
13 106 40
13 105 40
13 105 42
13 104 40
13 104 42
13 103 40
13 103 42
13 103 44
13 102 40
13 102 42
13 102 44
13 101 40
13 101 42
13 101 44
13 101 46
13 100 40
13 100 42
13 100 44
13 100 46
13 100 48
13 99 40
13 99 42
13 99 44
13 99 46
13 99 48
13 99 50
13 98 40
13 98 42
13 98 44
13 98 46
13 98 48
13 98 50
13 98 52
13 97 40
13 97 42
13 97 44
13 97 46
13 97 48
13 97 50
13 97 52
13 96 40
13 96 42
13 96 44
13 96 46
13 96 48
13 96 50
13 96 52
13 96 54
13 95 40
13 95 42
13 95 44
13 95 46
13 95 48
13 95 50
13 95 52
13 95 54
13 94 40
13 94 42
13 94 44
13 94 46
13 94 48
13 94 50
13 94 52
13 94 54
13 93 40
13 93 42
13 93 44
13 93 46
13 93 48
13 93 50
13 93 52
13 92 40
13 92 42
13 92 44
13 92 46
13 92 48
13 92 50
13 92 52
13 91 40
13 91 42
13 91 44
13 91 46
13 91 48
13 91 50
13 91 52
13 90 40
13 90 42
13 90 44
13 90 46
13 90 48
13 90 50
13 89 40
13 89 42
13 89 44
13 89 46
13 89 48
13 88 40
13 88 42
13 88 44
13 88 46
13 87 40
13 87 42
13 87 44
13 87 46
13 86 40
13 86 42
13 86 44
13 85 40
13 85 42
13 85 44
13 84 40
13 84 42
13 83 40
13 83 42
13 82 40
13 82 42
13 81 40
13 81 42
13 80 40
13 80 42
13 79 40
13 78 40
13 77 40
13 76 40
13 75 40
13 74 40
13 73 40
13 72 40
13 71 40
13 70 40
14 70 40
14 69 40
15 69 40
15 68 40
16 68 40
17 68 40
17 67 40
18 67 40
18 66 40
19 66 40
20 66 40
20 65 40
21 65 40
21 64 40
22 64 40
22 63 40
23 63 40
23 62 40
24 62 40
25 62 40
0 175 40
0 174 40
0 173 40
0 172 40
0 171 40
0 170 40
0 169 40
0 168 40
0 167 40
0 166 40
0 165 40
0 164 40
0 163 40
0 162 40
0 161 40
0 159 40
0 158 40
0 157 40
0 156 40
0 155 40
0 154 40
0 153 40
0 152 40
0 151 40
0 150 40
0 149 40
0 148 40
0 147 40
0 147 42
0 146 40
0 146 42
0 145 40
0 145 42
0 144 40
0 144 42
0 143 40
0 143 42
0 142 40
0 142 42
0 141 40
0 141 42
0 139 40
0 139 42
0 138 40
0 138 42
0 137 40
0 137 42
0 136 40
0 136 42
0 135 40
0 134 40
0 133 40
0 132 40
0 131 40
0 130 40
0 129 40
0 128 40
0 127 40
0 126 40
0 125 40
0 124 40
0 123 40
0 122 40
0 121 40
1 120 40
2 120 40
3 120 40
3 119 40
4 119 40
5 119 40
5 118 40
6 118 40
6 117 40
7 117 40
7 116 40
8 116 40
9 116 40
9 115 40
10 115 40
10 114 40
11 114 40
11 113 40
11 112 40
11 111 40
