0 0 100
0 20 100
0 40 100
0 60 100
0 80 100
0 100 100
0 120 100
0 140 100
0 160 100
0 180 100
0 199 100
11 10 100
11 30 100
11 50 100
11 70 100
11 90 100
11 110 100
11 130 100
11 150 100
11 170 100
11 190 100
22 0 100
22 20 100
22 40 100
22 60 100
22 80 100
22 100 100
22 120 100
22 140 100
22 160 100
22 180 100
22 199 100
33 10 100
33 30 100
33 50 100
33 70 100
33 90 100
33 110 100
33 130 100
33 150 100
33 170 100
33 190 100
44 0 100
44 20 100
44 40 100
44 60 100
44 80 100
44 100 100
44 120 100
44 140 100
44 160 100
44 180 100
44 199 100
55 10 100
55 30 100
55 50 100
55 70 100
55 90 100
55 110 100
55 130 100
55 150 100
55 170 100
55 190 100
66 0 100
66 20 100
66 40 100
66 60 100
66 80 100
66 100 100
66 120 100
66 140 100
66 160 100
66 180 100
66 199 100
77 10 100
77 30 100
77 50 100
77 70 100
77 90 100
77 110 100
77 130 100
77 150 100
77 170 100
77 190 100
88 0 100
88 20 100
88 40 100
88 60 100
88 80 100
88 100 100
88 120 100
88 140 100
88 160 100
88 180 100
88 199 100
99 10 100
99 30 100
99 50 100
99 70 100
99 90 100
99 110 100
99 130 100
99 150 100
99 170 100
99 190 100
110 0 100
110 20 100
110 40 100
110 60 100
110 80 100
110 100 100
110 120 100
110 140 100
110 160 100
110 180 100
110 199 100
121 10 100
121 30 100
121 50 100
121 70 100
121 90 100
121 110 100
121 130 100
121 150 100
121 170 100
121 190 100
132 0 100
132 20 100
132 40 100
132 60 100
132 80 100
132 100 100
132 120 100
132 140 100
132 160 100
132 180 100
132 199 100
143 10 100
143 30 100
143 50 100
143 70 100
143 90 100
143 110 100
143 130 100
143 150 100
143 170 100
143 190 100
154 0 100
154 20 100
154 40 100
154 60 100
154 80 100
154 100 100
154 120 100
154 140 100
154 160 100
154 180 100
154 199 100
165 10 100
165 30 100
165 50 100
165 70 100
165 90 100
165 110 100
165 130 100
165 150 100
165 170 100
165 190 100
176 0 100
176 20 100
176 40 100
176 60 100
176 80 100
176 100 100
176 120 100
176 140 100
176 160 100
176 180 100
176 199 100
187 10 100
187 30 100
187 50 100
187 70 100
187 90 100
187 110 100
187 130 100
187 150 100
187 170 100
187 190 100
198 0 100
198 20 100
198 40 100
198 60 100
198 80 100
198 100 100
198 120 100
198 140 100
198 160 100
198 180 100
198 199 100
0 20 100
0 40 100
0 60 100
0 80 100
0 120 100
0 140 100
0 160 100
0 180 100
0 199 100
11 30 100
11 50 100
11 70 100
11 90 100
11 130 100
11 150 100
11 170 100
11 190 100
22 20 100
22 40 100
22 60 100
22 80 100
22 100 100
22 120 100
22 140 100
22 160 100
22 199 100
33 10 100
33 30 100
33 90 100
33 110 100
33 130 100
33 150 100
44 0 100
44 20 100
44 100 100
44 120 100
44 140 100
55 90 100
55 110 100
55 130 100
66 0 100
66 100 100
66 120 100
66 140 100
77 10 100
77 30 100
77 50 100
77 70 100
77 90 100
77 110 100
77 150 100
77 170 100
88 0 100
88 20 100
88 40 100
88 60 100
88 80 100
88 140 100
88 160 100
88 180 100
88 199 100
99 10 100
99 30 100
99 50 100
99 70 100
99 90 100
99 150 100
99 170 100
99 190 100
110 0 100
110 20 100
110 40 100
110 60 100
110 80 100
110 160 100
110 180 100
110 199 100
121 10 100
121 30 100
121 50 100
121 90 100
121 170 100
121 190 100
132 0 100
132 40 100
132 100 100
132 180 100
132 199 100
143 50 100
143 90 100
143 110 100
143 190 100
154 40 100
154 60 100
154 100 100
154 199 100
165 30 100
165 50 100
165 70 100
165 90 100
165 110 100
176 20 100
176 40 100
176 60 100
176 100 100
176 160 100
176 199 100
187 10 100
187 30 100
187 50 100
187 90 100
187 110 100
187 130 100
187 150 100
187 170 100
187 190 100
198 0 100
198 20 100
198 40 100
198 100 100
198 120 100
198 140 100
198 160 100
198 199 100
41 169 40
180 176 40
180 176 44
146 6 40
103 107 40
103 108 40
103 109 40
103 110 40
103 111 40
103 112 40
103 113 40
103 114 40
103 115 40
103 116 40
103 117 40
103 118 40
103 119 40
103 120 40
103 121 40
102 121 40
101 121 40
100 121 40
99 121 40
99 122 40
98 122 40
98 123 40
97 123 40
96 123 40
96 124 40
95 124 40
94 124 40
93 124 40
93 125 40
92 125 40
91 125 40
91 126 40
90 126 40
89 126 40
89 127 40
88 127 40
88 128 40
87 128 40
86 128 40
86 129 40
85 129 40
85 130 40
84 130 40
84 131 40
83 131 40
82 131 40
82 132 40
81 132 40
81 133 40
80 133 40
79 133 40
79 134 40
78 134 40
78 134 44
77 134 40
77 134 44
77 135 40
77 135 44
76 135 40
76 135 44
76 136 40
76 136 44
75 136 40
75 136 44
74 136 40
74 136 44
74 137 40
74 137 44
74 137 48
73 137 40
73 137 44
73 137 48
73 138 40
73 138 44
73 138 48
73 138 52
72 138 40
72 138 44
72 138 48
72 139 40
72 139 44
72 139 48
72 139 52
71 139 40
71 139 44
71 139 48
71 139 52
70 139 40
70 139 44
70 139 48
70 139 52
70 140 40
70 140 44
70 140 48
70 140 52
69 140 40
69 140 44
69 140 48
69 140 52
69 141 40
69 141 44
69 141 48
69 141 52
69 141 56
68 141 40
68 141 44
68 141 48
68 141 52
68 141 56
68 142 40
68 142 44
68 142 48
68 142 52
68 142 56
67 142 40
67 142 44
67 142 48
67 142 52
67 142 56
67 143 40
67 143 44
67 143 48
67 143 52
67 143 56
66 143 40
66 143 44
66 143 48
66 143 52
66 143 56
66 144 40
66 144 44
66 144 48
66 144 52
66 144 56
66 144 60
65 144 40
65 144 44
65 144 48
65 144 52
65 144 56
65 144 60
65 145 40
65 145 44
65 145 48
65 145 52
65 145 56
65 145 60
64 145 40
64 145 44
64 145 48
64 145 52
64 145 56
64 145 60
64 146 40
64 146 44
64 146 48
64 146 52
64 146 56
64 147 40
64 147 44
64 147 48
64 147 52
64 147 56
63 147 40
63 147 44
63 147 48
63 147 52
63 147 56
63 148 40
63 148 44
63 148 48
63 148 52
63 148 56
62 148 40
62 148 44
62 148 48
62 148 52
62 149 40
62 149 44
62 149 48
62 149 52
61 149 40
61 149 44
61 149 48
61 150 40
61 150 44
61 150 48
61 151 40
61 151 44
61 151 48
60 151 40
60 151 44
60 152 40
60 152 44
59 152 40
59 152 44
59 153 40
59 153 44
59 154 40
59 154 44
58 154 40
58 154 44
58 155 40
58 155 44
58 156 40
58 156 44
58 157 40
57 157 40
57 158 40
57 159 40
57 160 40
57 161 40
57 162 40
57 163 40
57 164 40
57 165 40
57 166 40
57 167 40
56 167 40
55 167 40
54 167 40
53 167 40
53 168 40
52 168 40
52 169 40
51 169 40
50 169 40
49 169 40
48 169 40
47 169 40
46 169 40
45 169 40
44 169 40
43 169 40
42 169 40
146 7 40
146 8 40
146 9 40
146 10 40
146 11 40
146 12 40
146 13 40
146 14 40
146 15 40
146 16 40
146 17 40
146 18 40
146 19 40
146 20 40
146 21 40
146 22 40
145 22 40
145 23 40
145 24 40
145 25 40
145 26 40
145 27 40
145 28 40
145 29 40
145 29 44
145 30 40
145 30 44
145 31 40
145 31 44
145 32 40
145 32 44
145 33 40
145 33 44
145 33 48
145 34 40
145 34 44
145 34 48
145 35 40
145 35 44
145 35 48
145 36 40
145 36 44
145 36 48
145 37 40
145 37 44
145 37 48
145 38 40
145 38 44
145 39 40
145 39 44
145 40 40
145 40 44
145 41 40
145 41 44
145 42 40
145 42 44
145 43 40
145 43 44
145 43 48
145 44 40
145 44 44
145 44 48
145 45 40
145 45 44
145 45 48
145 46 40
145 46 44
145 46 48
145 47 40
145 47 44
145 47 48
145 48 40
145 48 44
145 48 48
145 49 40
145 49 44
145 49 48
145 50 40
145 50 44
145 50 48
145 51 40
145 51 44
145 51 48
145 52 40
145 52 44
145 52 48
144 52 40
144 52 44
144 52 48
144 53 40
144 53 44
144 53 48
143 53 40
143 53 44
143 53 48
143 54 40
143 54 44
143 54 48
142 54 40
142 54 44
142 54 48
142 55 40
142 55 44
142 55 48
141 55 40
141 55 44
141 55 48
141 55 52
141 56 40
141 56 44
141 56 48
141 56 52
141 57 40
141 57 44
141 57 48
140 57 40
140 57 44
140 57 48
140 57 52
140 58 40
140 58 44
140 58 48
139 58 40
139 58 44
139 58 48
139 59 40
139 59 44
139 59 48
138 59 40
138 59 44
138 59 48
138 60 40
138 60 44
138 61 40
138 61 44
137 61 40
137 61 44
137 62 40
137 62 44
136 62 40
136 62 44
136 63 40
136 64 40
135 64 40
135 65 40
135 66 40
135 67 40
134 67 40
134 68 40
134 69 40
134 70 40
134 71 40
134 72 40
133 72 40
133 73 40
132 73 40
131 73 40
131 74 40
130 74 40
129 74 40
128 74 40
128 74 44
128 75 40
128 75 44
127 75 40
127 75 44
126 75 40
126 75 44
126 76 40
126 76 44
126 76 48
125 76 40
125 76 44
125 76 48
124 76 40
124 76 44
124 76 48
124 77 40
124 77 44
124 77 48
124 77 52
123 77 40
123 77 44
123 77 48
123 77 52
123 78 40
123 78 44
123 78 48
123 78 52
122 78 40
122 78 44
122 78 48
122 78 52
122 78 56
121 78 40
121 78 44
121 78 48
121 78 52
121 78 56
121 79 40
121 79 44
121 79 48
121 79 52
121 79 56
120 79 40
120 79 44
120 79 48
120 79 52
120 79 56
120 80 40
120 80 44
120 80 48
120 80 52
120 80 56
120 81 40
120 81 44
120 81 48
120 81 52
120 81 56
120 82 40
120 82 44
120 82 48
120 82 52
120 82 56
120 83 40
120 83 44
120 83 48
120 83 52
120 83 56
120 84 40
120 84 44
120 84 48
120 84 52
120 84 56
120 85 40
120 85 44
120 85 48
120 85 52
120 85 56
120 86 40
120 86 44
120 86 48
120 86 52
120 87 40
120 87 44
120 87 48
120 87 52
120 88 40
120 88 44
120 88 48
120 88 52
120 89 40
120 89 44
120 89 48
120 89 52
120 90 40
120 90 44
120 90 48
120 90 52
120 91 40
120 91 44
120 91 48
120 91 52
120 91 56
120 92 40
120 92 44
120 92 48
120 92 52
120 92 56
120 93 40
120 93 44
120 93 48
120 93 52
120 93 56
120 93 60
119 93 40
119 93 44
119 93 48
119 93 52
119 93 56
119 93 60
119 94 40
119 94 44
119 94 48
119 94 52
119 94 56
119 94 60
119 95 40
119 95 44
119 95 48
119 95 52
119 95 56
119 95 60
119 95 64
118 95 40
118 95 44
118 95 48
118 95 52
118 95 56
118 95 60
118 96 40
118 96 44
118 96 48
118 96 52
118 96 56
118 96 60
118 96 64
118 97 40
118 97 44
118 97 48
118 97 52
118 97 56
118 97 60
118 97 64
117 97 40
117 97 44
117 97 48
117 97 52
117 97 56
117 97 60
117 97 64
117 98 40
117 98 44
117 98 48
117 98 52
117 98 56
117 98 60
117 98 64
116 98 40
116 98 44
116 98 48
116 98 52
116 98 56
116 98 60
116 99 40
116 99 44
116 99 48
116 99 52
116 99 56
116 100 40
116 100 44
116 100 48
116 100 52
116 100 56
115 100 40
115 100 44
115 100 48
115 100 52
115 101 40
115 101 44
115 101 48
115 102 40
115 102 44
115 102 48
114 102 40
114 102 44
114 103 40
114 103 44
114 104 40
113 104 40
113 105 40
113 106 40
113 107 40
112 107 40
111 107 40
110 107 40
109 107 40
108 107 40
107 107 40
106 107 40
105 107 40
104 107 40
