0 0 100
0 20 100
0 40 100
0 60 100
0 80 100
0 100 100
0 120 100
0 140 100
0 160 100
0 180 100
0 199 100
11 10 100
11 30 100
11 50 100
11 70 100
11 90 100
11 110 100
11 130 100
11 150 100
11 170 100
11 190 100
22 0 100
22 20 100
22 40 100
22 60 100
22 80 100
22 100 100
22 120 100
22 140 100
22 160 100
22 180 100
22 199 100
33 10 100
33 30 100
33 50 100
33 70 100
33 90 100
33 110 100
33 130 100
33 150 100
33 170 100
33 190 100
44 0 100
44 20 100
44 40 100
44 60 100
44 80 100
44 100 100
44 120 100
44 140 100
44 160 100
44 180 100
44 199 100
55 10 100
55 30 100
55 50 100
55 70 100
55 90 100
55 110 100
55 130 100
55 150 100
55 170 100
55 190 100
66 0 100
66 20 100
66 40 100
66 60 100
66 80 100
66 100 100
66 120 100
66 140 100
66 160 100
66 180 100
66 199 100
77 10 100
77 30 100
77 50 100
77 70 100
77 90 100
77 110 100
77 130 100
77 150 100
77 170 100
77 190 100
88 0 100
88 20 100
88 40 100
88 60 100
88 80 100
88 100 100
88 120 100
88 140 100
88 160 100
88 180 100
88 199 100
99 10 100
99 30 100
99 50 100
99 70 100
99 90 100
99 110 100
99 130 100
99 150 100
99 170 100
99 190 100
110 0 100
110 20 100
110 40 100
110 60 100
110 80 100
110 100 100
110 120 100
110 140 100
110 160 100
110 180 100
110 199 100
121 10 100
121 30 100
121 50 100
121 70 100
121 90 100
121 110 100
121 130 100
121 150 100
121 170 100
121 190 100
132 0 100
132 20 100
132 40 100
132 60 100
132 80 100
132 100 100
132 120 100
132 140 100
132 160 100
132 180 100
132 199 100
143 10 100
143 30 100
143 50 100
143 70 100
143 90 100
143 110 100
143 130 100
143 150 100
143 170 100
143 190 100
154 0 100
154 20 100
154 40 100
154 60 100
154 80 100
154 100 100
154 120 100
154 140 100
154 160 100
154 180 100
154 199 100
165 10 100
165 30 100
165 50 100
165 70 100
165 90 100
165 110 100
165 130 100
165 150 100
165 170 100
165 190 100
176 0 100
176 20 100
176 40 100
176 60 100
176 80 100
176 100 100
176 120 100
176 140 100
176 160 100
176 180 100
176 199 100
187 10 100
187 30 100
187 50 100
187 70 100
187 90 100
187 110 100
187 130 100
187 150 100
187 170 100
187 190 100
198 0 100
198 20 100
198 40 100
198 60 100
198 80 100
198 100 100
198 120 100
198 140 100
198 160 100
198 180 100
198 199 100
0 0 100
0 60 100
0 80 100
0 100 100
0 120 100
0 140 100
0 160 100
0 180 100
11 10 100
11 70 100
11 90 100
11 110 100
11 130 100
11 150 100
11 170 100
11 190 100
22 0 100
22 40 100
22 60 100
22 80 100
22 100 100
22 120 100
22 140 100
22 160 100
22 180 100
22 199 100
33 10 100
33 50 100
33 70 100
33 90 100
33 110 100
33 130 100
33 150 100
33 170 100
33 190 100
44 0 100
44 20 100
44 40 100
44 60 100
44 80 100
44 100 100
44 120 100
44 140 100
44 160 100
44 180 100
44 199 100
55 10 100
55 30 100
55 50 100
55 70 100
55 90 100
55 110 100
55 130 100
55 150 100
55 170 100
55 190 100
66 0 100
66 40 100
66 60 100
66 80 100
66 100 100
66 180 100
77 70 100
77 90 100
88 0 100
88 60 100
88 80 100
99 10 100
99 30 100
99 50 100
99 70 100
99 90 100
110 0 100
110 20 100
110 40 100
110 60 100
121 10 100
121 30 100
121 50 100
121 90 100
132 0 100
132 20 100
132 40 100
132 60 100
132 80 100
132 100 100
132 199 100
143 10 100
143 30 100
143 70 100
143 90 100
143 110 100
143 190 100
154 0 100
154 20 100
154 80 100
154 100 100
154 120 100
154 180 100
154 199 100
165 10 100
165 30 100
165 70 100
165 90 100
165 110 100
165 130 100
165 150 100
165 170 100
165 190 100
176 0 100
176 20 100
176 40 100
176 60 100
176 80 100
176 100 100
176 120 100
176 140 100
176 160 100
176 180 100
176 199 100
187 30 100
187 50 100
187 70 100
187 90 100
187 110 100
187 130 100
187 150 100
187 170 100
187 190 100
198 40 100
198 60 100
198 80 100
198 100 100
198 120 100
198 140 100
198 160 100
198 180 100
198 199 100
39 18 40
39 18 104
39 18 168
39 18 232
103 161 40
103 160 40
103 159 40
103 158 40
103 157 40
103 156 40
103 155 40
103 154 40
103 153 40
103 152 40
103 151 40
103 150 40
103 149 40
103 148 40
103 147 40
103 146 40
103 145 40
103 144 40
103 143 40
103 142 40
103 141 40
103 140 40
103 139 40
103 138 40
103 137 40
103 136 40
103 135 40
103 134 40
103 133 40
103 132 40
103 131 40
103 130 40
103 129 40
103 128 40
103 127 40
103 126 40
103 125 40
103 124 40
103 123 40
103 122 40
103 121 40
104 121 40
105 121 40
106 121 40
106 120 40
106 119 40
106 118 40
106 117 40
106 116 40
106 115 40
106 114 40
106 113 40
106 112 40
106 111 40
106 110 40
106 109 40
106 108 40
106 107 40
106 106 40
106 105 40
106 104 40
106 103 40
106 102 40
106 101 40
106 100 40
106 99 40
106 98 40
106 97 40
106 96 40
106 95 40
106 94 40
106 93 40
106 93 104
106 92 40
106 92 104
106 91 40
106 91 104
106 90 40
106 90 104
106 89 40
106 89 104
106 88 40
106 88 104
106 87 40
106 87 104
107 87 40
107 86 40
107 85 40
107 84 40
107 83 40
107 82 40
107 81 40
107 81 104
107 80 40
107 80 104
107 79 40
107 79 104
107 78 40
107 78 104
107 77 40
107 77 104
107 76 40
107 76 104
107 75 40
107 75 104
107 75 168
107 74 40
107 74 104
107 74 168
107 73 40
107 73 104
107 73 168
107 72 40
107 72 104
107 72 168
107 71 40
107 71 104
107 71 168
107 70 40
107 70 104
107 70 168
107 70 232
107 69 40
107 69 104
107 69 168
107 69 232
106 69 40
106 69 104
106 69 168
106 69 232
105 69 40
105 69 104
105 69 168
104 69 40
104 69 104
104 69 168
104 68 40
104 68 104
104 68 168
103 68 40
103 68 104
103 68 168
102 68 40
102 68 104
102 68 168
101 68 40
101 68 104
101 68 168
100 68 40
100 68 104
100 68 168
100 67 40
100 67 104
100 67 168
99 67 40
99 67 104
99 67 168
98 67 40
98 67 104
98 67 168
98 66 40
98 66 104
98 66 168
97 66 40
97 66 104
97 66 168
97 65 40
97 65 104
97 65 168
97 64 40
97 64 104
97 64 168
97 63 40
97 63 104
97 63 168
97 62 40
97 62 104
97 62 168
97 61 40
97 61 104
97 61 168
97 60 40
97 60 104
97 60 168
97 59 40
97 59 104
97 59 168
97 58 40
97 58 104
97 58 168
97 57 40
97 57 104
97 57 168
97 56 40
97 56 104
97 56 168
97 55 40
97 55 104
97 55 168
97 54 40
97 54 104
97 54 168
97 53 40
97 53 104
97 53 168
97 52 40
97 52 104
97 52 168
97 51 40
97 51 104
97 51 168
97 50 40
97 50 104
97 50 168
97 49 40
97 49 104
97 49 168
97 48 40
97 48 104
97 47 40
97 47 104
97 46 40
97 46 104
97 45 40
97 45 104
97 44 40
97 44 104
97 43 40
97 43 104
97 42 40
97 42 104
97 41 40
97 41 104
96 41 40
96 41 104
95 41 40
95 41 104
94 41 40
94 41 104
93 41 40
93 41 104
92 41 40
92 41 104
91 41 40
91 41 104
90 41 40
90 41 104
89 41 40
89 41 104
88 41 40
88 41 104
87 41 40
87 41 104
86 41 40
86 41 104
85 41 40
85 40 40
85 39 40
85 39 104
85 38 40
85 38 104
84 38 40
84 37 40
84 36 40
84 36 104
84 35 40
84 35 104
84 34 40
84 34 104
83 34 40
83 34 104
83 33 40
83 33 104
83 32 40
83 32 104
83 31 40
83 31 104
83 30 40
83 30 104
83 29 40
83 29 104
83 28 40
83 28 104
82 28 40
82 28 104
82 27 40
82 27 104
82 26 40
82 26 104
81 26 40
81 26 104
81 25 40
81 25 104
80 25 40
80 25 104
80 24 40
80 24 104
79 24 40
79 24 104
79 23 40
79 23 104
78 23 40
78 23 104
78 22 40
78 22 104
77 22 40
77 21 40
76 21 40
76 20 40
75 20 40
75 19 40
74 19 40
73 19 40
72 19 40
71 19 40
71 18 40
70 18 40
69 18 40
68 18 40
67 18 40
66 18 40
65 18 40
64 18 40
63 18 40
62 18 40
61 18 40
60 18 40
59 18 40
58 18 40
57 18 40
56 18 40
55 18 40
55 18 104
54 18 40
54 18 104
53 18 40
53 18 104
52 18 40
52 18 104
51 18 40
51 18 104
50 18 40
50 18 104
49 18 40
49 18 104
49 18 168
48 18 40
48 18 104
48 18 168
47 18 40
47 18 104
47 18 168
46 18 40
46 18 104
46 18 168
46 18 232
45 18 40
45 18 104
45 18 168
45 18 232
44 18 40
44 18 104
44 18 168
44 18 232
43 18 40
43 18 104
43 18 168
43 18 232
42 18 40
42 18 104
42 18 168
42 18 232
42 18 296
41 18 40
41 18 104
41 18 168
41 18 232
40 18 40
40 18 104
40 18 168
40 18 232
