0 0 100
0 20 100
0 40 100
0 60 100
0 80 100
0 100 100
0 120 100
0 140 100
0 160 100
0 180 100
0 199 100
11 10 100
11 30 100
11 50 100
11 70 100
11 90 100
11 110 100
11 130 100
11 150 100
11 170 100
11 190 100
22 0 100
22 20 100
22 40 100
22 60 100
22 80 100
22 100 100
22 120 100
22 140 100
22 160 100
22 180 100
22 199 100
33 10 100
33 30 100
33 50 100
33 70 100
33 90 100
33 110 100
33 130 100
33 150 100
33 170 100
33 190 100
44 0 100
44 20 100
44 40 100
44 60 100
44 80 100
44 100 100
44 120 100
44 140 100
44 160 100
44 180 100
44 199 100
55 10 100
55 30 100
55 50 100
55 70 100
55 90 100
55 110 100
55 130 100
55 150 100
55 170 100
55 190 100
66 0 100
66 20 100
66 40 100
66 60 100
66 80 100
66 100 100
66 120 100
66 140 100
66 160 100
66 180 100
66 199 100
77 10 100
77 30 100
77 50 100
77 70 100
77 90 100
77 110 100
77 130 100
77 150 100
77 170 100
77 190 100
88 0 100
88 20 100
88 40 100
88 60 100
88 80 100
88 100 100
88 120 100
88 140 100
88 160 100
88 180 100
88 199 100
99 10 100
99 30 100
99 50 100
99 70 100
99 90 100
99 110 100
99 130 100
99 150 100
99 170 100
99 190 100
110 0 100
110 20 100
110 40 100
110 60 100
110 80 100
110 100 100
110 120 100
110 140 100
110 160 100
110 180 100
110 199 100
121 10 100
121 30 100
121 50 100
121 70 100
121 90 100
121 110 100
121 130 100
121 150 100
121 170 100
121 190 100
132 0 100
132 20 100
132 40 100
132 60 100
132 80 100
132 100 100
132 120 100
132 140 100
132 160 100
132 180 100
132 199 100
143 10 100
143 30 100
143 50 100
143 70 100
143 90 100
143 110 100
143 130 100
143 150 100
143 170 100
143 190 100
154 0 100
154 20 100
154 40 100
154 60 100
154 80 100
154 100 100
154 120 100
154 140 100
154 160 100
154 180 100
154 199 100
165 10 100
165 30 100
165 50 100
165 70 100
165 90 100
165 110 100
165 130 100
165 150 100
165 170 100
165 190 100
176 0 100
176 20 100
176 40 100
176 60 100
176 80 100
176 100 100
176 120 100
176 140 100
176 160 100
176 180 100
176 199 100
187 10 100
187 30 100
187 50 100
187 70 100
187 90 100
187 110 100
187 130 100
187 150 100
187 170 100
187 190 100
198 0 100
198 20 100
198 40 100
198 60 100
198 80 100
198 100 100
198 120 100
198 140 100
198 160 100
198 180 100
198 199 100
0 0 100
0 20 100
0 40 100
0 80 100
0 100 100
0 140 100
0 180 100
0 199 100
11 10 100
11 90 100
11 110 100
11 130 100
11 190 100
22 0 100
22 20 100
22 40 100
22 80 100
22 100 100
22 140 100
22 199 100
33 10 100
33 30 100
33 50 100
33 90 100
33 130 100
33 150 100
33 170 100
33 190 100
44 0 100
44 40 100
44 60 100
44 80 100
44 100 100
44 140 100
44 160 100
44 180 100
55 10 100
55 30 100
55 70 100
55 90 100
55 170 100
66 0 100
66 40 100
66 100 100
66 140 100
66 160 100
66 199 100
77 30 100
77 50 100
77 90 100
77 130 100
77 150 100
77 170 100
77 190 100
88 20 100
88 40 100
88 80 100
88 120 100
88 140 100
88 180 100
88 199 100
99 30 100
99 50 100
99 70 100
99 90 100
99 110 100
99 130 100
99 150 100
99 190 100
110 0 100
110 20 100
110 40 100
110 80 100
110 100 100
110 120 100
110 140 100
110 160 100
110 199 100
121 30 100
121 50 100
121 70 100
121 90 100
121 110 100
121 130 100
121 150 100
121 170 100
121 190 100
132 0 100
132 20 100
132 40 100
132 60 100
132 100 100
132 120 100
132 160 100
132 180 100
132 199 100
143 10 100
143 30 100
143 50 100
143 150 100
143 170 100
143 190 100
154 0 100
154 20 100
154 60 100
154 120 100
154 180 100
154 199 100
165 50 100
165 70 100
165 90 100
165 110 100
165 130 100
165 150 100
165 190 100
176 60 100
176 80 100
176 100 100
176 120 100
176 140 100
176 160 100
176 180 100
176 199 100
187 10 100
187 30 100
187 50 100
187 70 100
187 90 100
187 130 100
187 170 100
187 190 100
198 0 100
198 20 100
198 60 100
198 199 100
146 43 40
146 43 72
17 64 40
127 10 40
165 199 40
50 123 40
168 20 40
76 15 40
199 71 40
141 133 40
138 80 40
12 158 40
169 20 40
170 20 40
171 20 40
171 21 40
171 22 40
171 23 40
171 24 40
171 25 40
171 26 40
171 27 40
171 28 40
171 29 40
171 30 40
170 30 40
170 31 40
170 32 40
169 32 40
169 33 40
168 33 40
167 33 40
167 34 40
166 34 40
165 34 40
165 35 40
164 35 40
164 36 40
163 36 40
162 36 40
162 37 40
161 37 40
161 38 40
160 38 40
160 39 40
159 39 40
158 39 40
158 40 40
157 40 40
157 41 40
156 41 40
156 42 40
156 42 72
155 42 40
155 43 40
155 43 72
154 43 40
154 43 72
153 43 40
152 43 40
151 43 40
150 43 40
150 43 72
149 43 40
149 43 72
148 43 40
148 43 72
147 43 40
147 43 72
127 9 40
127 8 40
127 7 40
128 7 40
128 6 40
128 5 40
129 5 40
129 4 40
130 4 40
130 3 40
130 2 40
130 2 72
131 2 40
131 2 72
131 1 40
131 1 72
131 0 40
131 0 72
131 0 104
133 0 40
133 0 72
133 0 104
134 0 40
134 0 72
134 0 104
134 0 136
135 0 40
135 0 72
135 0 104
135 0 136
136 0 40
136 0 72
136 0 104
136 0 136
136 0 168
137 0 40
137 0 72
137 0 104
137 0 136
137 0 168
137 0 200
138 0 40
138 0 72
138 0 104
138 0 136
138 0 168
138 0 200
138 0 232
139 0 40
139 0 72
139 0 104
139 0 136
139 0 168
139 0 200
139 0 232
139 0 264
140 0 40
140 0 72
140 0 104
140 0 136
140 0 168
140 0 200
140 0 232
140 0 264
140 0 296
141 0 40
141 0 72
141 0 104
141 0 136
141 0 168
141 0 200
141 0 232
141 0 264
141 0 296
141 0 328
142 0 40
142 0 72
142 0 104
142 0 136
142 0 168
142 0 200
142 0 232
142 0 264
142 0 296
142 0 328
142 0 360
143 0 40
143 0 72
143 0 104
143 0 136
143 0 168
143 0 200
143 0 232
143 0 264
143 0 296
143 0 328
143 0 360
144 0 40
144 0 72
144 0 104
144 0 136
144 0 168
144 0 200
144 0 232
144 0 264
144 0 296
144 0 328
144 0 360
145 0 40
145 0 72
145 0 104
145 0 136
145 0 168
145 0 200
145 0 232
145 0 264
145 0 296
145 0 328
146 0 40
146 0 72
146 0 104
146 0 136
146 0 168
146 0 200
146 0 232
146 0 264
146 0 296
146 0 328
147 0 40
147 0 72
147 0 104
147 0 136
147 0 168
147 0 200
147 0 232
147 0 264
147 0 296
148 0 40
148 0 72
148 0 104
148 0 136
148 0 168
148 0 200
148 0 232
148 0 264
149 0 40
149 0 72
149 0 104
149 0 136
149 0 168
149 0 200
149 0 232
150 0 40
150 0 72
150 0 104
150 0 136
150 0 168
150 0 200
151 0 40
151 0 72
151 0 104
151 0 136
151 0 168
151 0 200
152 0 40
152 0 72
152 0 104
152 0 136
152 0 168
153 0 40
153 0 72
153 0 104
153 0 136
155 0 40
155 0 72
155 0 104
156 0 40
156 0 72
157 0 40
157 0 72
158 0 40
158 0 72
159 0 40
159 0 72
160 0 40
161 0 40
162 0 40
163 0 40
164 0 40
165 0 40
166 0 40
167 0 40
168 0 40
169 0 40
170 0 40
171 0 40
171 1 40
171 2 40
171 3 40
171 4 40
171 5 40
171 6 40
171 7 40
171 8 40
171 9 40
171 10 40
171 11 40
171 12 40
171 13 40
171 14 40
171 15 40
171 16 40
171 17 40
171 18 40
171 19 40
76 14 40
77 14 40
77 13 40
78 13 40
78 12 40
79 12 40
79 11 40
80 11 40
80 10 40
81 10 40
81 9 40
82 9 40
82 8 40
83 8 40
83 7 40
84 7 40
84 6 40
85 6 40
85 5 40
86 5 40
87 5 40
88 5 40
89 5 40
90 5 40
91 5 40
92 5 40
93 5 40
94 5 40
95 5 40
95 5 72
95 6 40
95 6 72
96 6 40
96 6 72
96 7 40
96 7 72
97 7 40
97 7 72
97 8 40
97 8 72
98 8 40
98 8 72
98 9 40
98 9 72
99 9 40
99 9 72
100 10 40
100 10 72
100 10 104
100 11 40
100 11 72
100 11 104
101 11 40
101 11 72
101 11 104
102 11 40
102 11 72
102 11 104
102 11 136
103 11 40
103 11 72
103 11 104
103 11 136
103 11 168
104 11 40
104 11 72
104 11 104
104 11 136
104 11 168
105 11 40
105 11 72
105 11 104
105 11 136
105 11 168
105 11 200
106 11 40
106 11 72
106 11 104
106 11 136
106 11 168
106 11 200
106 11 232
107 11 40
107 11 72
107 11 104
107 11 136
107 11 168
107 11 200
107 11 232
108 11 40
108 11 72
108 11 104
108 11 136
108 11 168
108 11 200
108 11 232
109 11 40
109 11 72
109 11 104
109 11 136
109 11 168
109 11 200
110 11 40
110 11 72
110 11 104
110 11 136
110 11 168
110 11 200
111 11 40
111 11 72
111 11 104
111 11 136
111 11 168
112 11 40
112 11 72
112 11 104
112 11 136
113 11 40
113 11 72
113 11 104
114 11 40
114 11 72
115 11 40
115 11 72
116 11 40
117 11 40
118 11 40
119 11 40
120 11 40
121 11 40
122 11 40
123 11 40
124 11 40
124 10 40
125 10 40
126 10 40
50 122 40
50 121 40
51 121 40
52 121 40
53 121 40
54 121 40
55 121 40
56 121 40
57 121 40
57 120 40
57 119 40
57 118 40
57 117 40
57 116 40
57 115 40
57 114 40
57 113 40
57 112 40
57 111 40
57 110 40
57 109 40
57 108 40
57 107 40
57 106 40
57 105 40
57 104 40
57 104 72
57 103 40
57 103 72
57 102 40
57 102 72
57 102 104
57 101 40
57 101 72
57 101 104
57 100 40
57 100 72
57 100 104
57 100 136
57 99 40
57 99 72
57 99 104
57 99 136
57 98 40
57 98 72
57 98 104
57 98 136
57 97 40
57 97 72
57 97 104
57 97 136
57 96 40
57 96 72
57 96 104
57 96 136
57 95 40
57 95 72
57 95 104
57 95 136
57 94 40
57 94 72
57 94 104
57 94 136
57 93 40
57 93 72
57 93 104
57 92 40
57 92 72
57 92 104
57 91 40
57 91 72
57 91 104
58 91 40
58 91 72
58 91 104
58 90 40
58 90 72
58 90 104
59 90 40
59 90 72
59 90 104
59 89 40
59 89 72
59 89 104
60 89 40
60 89 72
60 89 104
60 88 40
60 88 72
60 88 104
61 88 40
61 88 72
61 88 104
61 87 40
61 87 72
62 87 40
62 87 72
62 87 104
62 86 40
62 86 72
63 86 40
63 86 72
63 86 104
63 85 40
63 85 72
63 84 40
63 83 40
63 82 40
63 81 40
63 80 40
63 79 40
63 78 40
63 77 40
63 76 40
63 75 40
63 74 40
63 73 40
63 72 40
62 72 40
61 72 40
60 72 40
59 72 40
58 72 40
57 72 40
56 72 40
56 72 72
55 72 40
55 72 72
54 72 40
54 72 72
54 72 104
53 72 40
53 72 72
53 72 104
53 72 136
52 72 40
52 72 72
52 72 104
52 72 136
51 72 40
51 72 72
51 72 104
51 72 136
51 72 168
50 72 40
50 72 72
50 72 104
50 72 136
50 72 168
49 72 40
49 72 72
49 72 104
49 72 136
49 72 168
49 72 200
48 72 40
48 72 72
48 72 104
48 72 136
48 72 168
48 72 200
47 72 40
47 72 72
47 72 104
47 72 136
47 72 168
47 72 200
46 72 40
46 72 72
46 72 104
46 72 136
46 72 168
46 72 200
45 72 40
45 72 72
45 72 104
45 72 136
45 72 168
45 72 200
45 72 232
44 72 40
44 72 72
44 72 104
44 72 136
44 72 168
44 72 200
44 72 232
43 72 40
43 72 72
43 72 104
43 72 136
43 72 168
43 72 200
43 72 232
42 72 40
42 72 72
42 72 104
42 72 136
42 72 168
42 72 200
42 72 232
41 72 40
41 72 72
41 72 104
41 72 136
41 72 168
41 72 200
41 72 232
40 72 40
40 72 72
40 72 104
40 72 136
40 72 168
40 72 200
40 72 232
39 72 40
39 72 72
39 72 104
39 72 136
39 72 168
39 72 200
39 72 232
38 72 40
38 72 72
38 72 104
38 72 136
38 72 168
38 72 200
37 72 40
37 72 72
37 72 104
37 72 136
37 72 168
36 72 40
36 72 72
36 72 104
36 72 136
36 72 168
35 72 40
35 72 72
35 72 104
35 72 136
34 72 40
34 72 72
34 72 104
34 71 40
34 71 72
34 71 104
33 71 40
33 71 72
32 70 40
32 69 40
31 69 40
31 68 40
30 68 40
30 67 40
29 67 40
28 67 40
28 66 40
27 66 40
26 66 40
26 65 40
25 65 40
24 65 40
23 65 40
22 65 40
21 65 40
20 65 40
19 65 40
18 65 40
17 65 40
139 80 40
139 79 40
139 78 40
139 77 40
139 76 40
139 75 40
139 74 40
139 73 40
139 72 40
139 71 40
139 70 40
139 69 40
139 68 40
139 68 72
138 68 40
138 68 72
138 67 40
138 67 72
138 66 40
138 66 72
137 66 40
137 66 72
137 65 40
137 65 72
136 65 40
136 65 72
136 64 40
136 64 72
135 64 40
135 64 72
135 63 40
135 63 72
134 63 40
134 63 72
134 62 40
134 62 72
133 62 40
133 62 72
133 62 104
132 62 40
132 62 72
132 62 104
131 62 40
131 62 72
131 62 104
130 62 40
130 62 72
130 62 104
129 62 40
129 62 72
129 62 104
128 62 40
128 62 72
128 62 104
127 62 40
127 62 72
127 62 104
126 62 40
126 62 72
126 62 104
125 62 40
125 62 72
125 62 104
124 62 40
124 62 72
124 62 104
123 62 40
123 62 72
122 62 40
122 62 72
121 62 40
121 62 72
120 62 40
120 62 72
119 62 40
119 62 72
118 62 40
117 62 40
116 62 40
115 62 40
114 62 40
113 62 40
112 62 40
111 62 40
110 62 40
109 62 40
108 62 40
107 62 40
106 62 40
105 62 40
104 62 40
103 62 40
102 62 40
101 62 40
100 62 40
99 62 40
98 62 40
97 62 40
96 62 40
95 62 40
94 62 40
93 62 40
92 62 40
91 62 40
90 62 40
89 62 40
88 62 40
87 62 40
87 63 40
86 63 40
86 64 40
85 64 40
84 64 40
84 65 40
83 65 40
82 65 40
82 66 40
81 66 40
81 67 40
80 67 40
79 67 40
79 68 40
78 68 40
78 69 40
77 69 40
76 69 40
76 70 40
76 70 72
75 70 40
75 71 40
75 71 72
74 71 40
74 71 72
74 72 40
74 72 72
73 72 40
73 72 72
72 72 40
72 72 72
71 72 40
71 72 72
70 72 40
69 72 40
68 72 40
67 72 40
66 72 40
65 72 40
64 72 40
142 133 40
143 133 40
144 133 40
145 133 40
145 132 40
145 131 40
145 130 40
145 129 40
145 128 40
145 127 40
145 126 40
145 125 40
145 124 40
145 124 72
145 123 40
145 123 72
145 122 40
145 122 72
145 121 40
145 121 72
145 121 104
145 120 40
145 120 72
145 120 104
145 119 40
145 119 72
145 119 104
145 118 40
145 118 72
145 118 104
145 118 136
145 117 40
145 117 72
145 117 104
145 116 40
145 116 72
145 116 104
145 115 40
145 115 72
145 115 104
145 114 40
145 114 72
145 113 40
145 113 72
145 112 40
145 112 72
145 111 40
146 111 40
146 111 72
146 110 40
147 110 40
147 110 72
147 109 40
148 109 40
148 109 72
148 108 40
149 108 40
149 108 72
149 107 40
150 107 40
150 107 72
150 106 40
150 105 40
150 104 40
150 103 40
150 102 40
150 101 40
150 100 40
150 99 40
150 98 40
150 97 40
150 96 40
150 95 40
150 94 40
149 94 40
149 93 40
149 92 40
149 91 40
149 90 40
149 89 40
149 88 40
149 87 40
149 86 40
149 85 40
148 85 40
148 84 40
147 84 40
147 83 40
146 83 40
146 82 40
145 82 40
145 81 40
144 81 40
143 81 40
143 80 40
142 80 40
141 80 40
140 80 40
199 72 40
199 73 40
199 74 40
199 75 40
199 76 40
199 77 40
199 78 40
199 79 40
199 80 40
199 81 40
199 82 40
199 83 40
199 84 40
199 84 72
199 85 40
199 85 72
198 85 40
197 85 40
197 86 40
196 86 40
196 87 40
196 88 40
196 89 40
196 90 40
196 91 40
196 92 40
196 93 40
196 94 40
196 95 40
196 96 40
196 97 40
196 98 40
196 99 40
196 100 40
196 101 40
196 102 40
196 103 40
196 104 40
196 105 40
196 106 40
195 106 40
195 107 40
195 108 40
195 109 40
195 110 40
195 111 40
195 112 40
195 113 40
195 114 40
195 115 40
195 116 40
195 117 40
195 118 40
195 119 40
195 120 40
195 121 40
195 122 40
195 122 72
195 123 40
195 123 72
195 124 40
195 124 72
195 124 104
195 125 40
195 125 72
195 125 104
195 126 40
195 126 72
195 126 104
195 126 136
195 127 40
195 127 72
195 127 104
195 127 136
195 128 40
195 128 72
195 128 104
195 128 136
195 129 40
195 129 72
195 129 104
195 129 136
195 130 40
195 130 72
195 130 104
195 130 136
195 131 40
195 131 72
195 131 104
195 131 136
195 132 40
195 132 72
195 132 104
195 132 136
195 133 40
195 133 72
195 133 104
195 133 136
195 134 40
195 134 72
195 134 104
195 135 40
195 135 72
195 135 104
195 136 40
195 136 72
195 136 104
195 137 40
195 137 72
195 137 104
195 138 40
195 138 72
195 138 104
195 139 40
195 139 72
195 139 104
195 140 40
195 140 72
195 141 40
195 141 72
195 142 40
195 142 72
195 143 40
195 144 40
195 145 40
195 146 40
195 147 40
194 147 40
194 148 40
194 149 40
193 149 40
193 150 40
193 151 40
192 151 40
192 152 40
191 152 40
190 152 40
189 152 40
188 152 40
187 152 40
186 152 40
185 152 40
185 152 72
184 152 40
184 152 72
183 152 40
183 152 72
183 152 104
182 152 40
182 152 72
182 152 104
181 152 40
181 152 72
181 152 104
181 152 136
180 152 40
180 152 72
180 152 104
180 152 136
180 152 168
179 152 40
179 152 72
179 152 104
179 152 136
179 152 168
179 152 200
178 152 40
178 152 72
178 152 104
178 152 136
178 152 168
178 152 200
178 152 232
177 152 40
177 152 72
177 152 104
177 152 136
177 152 168
177 152 200
177 152 232
176 152 40
176 152 72
176 152 104
176 152 136
176 152 168
176 152 200
176 152 232
175 152 40
175 152 72
175 152 104
175 152 136
175 152 168
175 152 200
175 152 232
174 152 40
174 152 72
174 152 104
174 152 136
174 152 168
174 152 200
174 152 232
173 152 40
173 152 72
173 152 104
173 152 136
173 152 168
173 152 200
172 152 40
172 152 72
172 152 104
172 152 136
172 152 168
172 152 200
171 152 40
171 152 72
171 152 104
171 152 136
171 152 168
170 152 40
170 152 72
170 152 104
170 152 136
170 152 168
169 152 40
169 152 72
169 152 104
169 152 136
168 152 40
168 152 72
168 152 104
168 152 136
167 152 40
167 152 72
167 152 104
166 152 40
166 152 72
166 152 104
165 152 40
165 152 72
165 152 104
164 152 40
164 152 72
163 152 40
163 152 72
162 152 40
162 152 72
162 152 104
161 152 40
161 152 72
161 152 104
160 152 40
160 152 72
160 152 104
159 152 40
159 152 72
159 152 104
159 152 136
158 152 40
158 152 72
158 152 104
158 152 136
158 152 168
157 152 40
157 152 72
157 152 104
157 152 136
157 152 168
157 152 200
156 152 40
156 152 72
156 152 104
156 152 136
156 152 168
156 152 200
156 152 232
156 151 40
156 151 72
156 151 104
156 151 136
156 151 168
156 151 200
156 151 232
156 150 40
156 150 72
156 150 104
156 150 136
156 150 168
156 150 200
156 150 232
156 149 40
156 149 72
156 149 104
156 149 136
156 149 168
156 149 200
156 148 40
156 148 72
156 148 104
156 148 136
156 148 168
156 148 200
156 147 40
156 147 72
156 147 104
156 147 136
156 147 168
155 147 40
155 147 72
155 147 104
155 147 136
155 147 168
155 147 200
155 146 40
155 146 72
155 146 104
155 146 136
155 146 168
154 146 40
154 146 72
154 146 104
154 146 136
154 146 168
154 145 40
154 145 72
154 145 104
154 145 136
154 144 40
154 144 72
154 144 104
154 144 136
153 144 40
153 144 72
153 144 104
153 144 136
153 143 40
153 143 72
153 143 104
152 143 40
152 143 72
152 143 104
152 142 40
152 142 72
152 142 104
151 142 40
151 142 72
151 142 104
150 142 40
150 142 72
150 141 40
150 141 72
149 141 40
149 141 72
149 140 40
148 140 40
148 139 40
147 139 40
146 139 40
145 139 40
145 138 40
145 137 40
145 136 40
145 135 40
145 134 40
165 198 40
165 197 40
165 197 72
165 196 40
165 196 72
165 195 40
165 195 72
165 194 40
165 194 72
165 193 40
165 193 72
165 193 104
165 192 40
165 192 72
165 192 104
165 191 40
165 191 72
165 191 104
165 191 136
165 190 40
165 190 72
165 189 40
165 189 72
165 189 104
165 189 136
165 188 40
165 188 72
165 188 104
165 188 136
165 188 168
165 187 40
165 187 72
165 187 104
165 187 136
165 187 168
165 186 40
165 186 72
165 186 104
165 186 136
165 186 168
165 185 40
165 185 72
165 185 104
165 185 136
165 185 168
165 184 40
165 184 72
165 184 104
165 184 136
165 184 168
165 183 40
165 183 72
165 183 104
165 183 136
165 183 168
165 182 40
165 182 72
165 182 104
165 182 136
165 181 40
165 181 72
165 181 104
165 180 40
165 180 72
165 180 104
165 179 40
165 179 72
165 178 40
165 178 72
165 177 40
165 176 40
165 175 40
165 174 40
165 173 40
165 172 40
165 171 40
165 169 40
164 169 40
164 168 40
163 168 40
163 167 40
162 167 40
162 166 40
162 165 40
161 165 40
161 164 40
161 163 40
161 162 40
161 161 40
161 160 40
161 159 40
161 158 40
161 158 72
161 157 40
161 157 72
161 156 40
161 156 72
161 155 40
161 155 72
161 154 40
161 154 72
161 154 104
161 153 40
161 153 72
161 153 104
13 158 40
14 158 40
15 158 40
16 158 40
17 158 40
18 158 40
18 158 72
19 158 40
19 158 72
19 157 40
19 157 72
19 156 40
19 156 72
19 156 104
19 155 40
19 155 72
19 155 104
19 155 136
19 154 40
19 154 72
19 154 104
19 154 136
19 153 40
19 153 72
19 153 104
19 153 136
19 153 168
19 152 40
19 152 72
19 152 104
19 152 136
19 152 168
19 152 200
19 151 40
19 151 72
19 151 104
19 151 136
19 151 168
19 151 200
19 151 232
19 150 40
19 150 72
19 150 104
19 150 136
19 150 168
19 150 200
19 150 232
19 150 264
19 149 40
19 149 72
19 149 104
19 149 136
19 149 168
19 149 200
19 149 232
19 149 264
19 149 296
19 148 40
19 148 72
19 148 104
19 148 136
19 148 168
19 148 200
19 148 232
19 148 264
19 148 296
19 148 328
19 147 40
19 147 72
19 147 104
19 147 136
19 147 168
19 147 200
19 147 232
19 147 264
19 147 296
19 147 328
19 147 360
19 146 40
19 146 72
19 146 104
19 146 136
19 146 168
19 146 200
19 146 232
19 146 264
19 146 296
19 146 328
19 146 360
19 146 392
19 145 40
19 145 72
19 145 104
19 145 136
19 145 168
19 145 200
19 145 232
19 145 264
19 145 296
19 145 328
19 145 360
19 145 392
19 144 40
19 144 72
19 144 104
19 144 136
19 144 168
19 144 200
19 144 232
19 144 264
19 144 296
19 144 328
19 144 360
19 144 392
19 143 40
19 143 72
19 143 104
19 143 136
19 143 168
19 143 200
19 143 232
19 143 264
19 143 296
19 143 328
19 143 360
19 143 392
19 142 40
19 142 72
19 142 104
19 142 136
19 142 168
19 142 200
19 142 232
19 142 264
19 142 296
19 142 328
19 142 360
19 142 392
19 141 40
19 141 72
19 141 104
19 141 136
19 141 168
19 141 200
19 141 232
19 141 264
19 141 296
19 141 328
19 141 360
19 141 392
19 140 40
19 140 72
19 140 104
19 140 136
19 140 168
19 140 200
19 140 232
19 140 264
19 140 296
19 140 328
19 140 360
19 139 40
19 139 72
19 139 104
19 139 136
19 139 168
19 139 200
19 139 232
19 139 264
19 139 296
19 139 328
19 139 360
19 138 40
19 138 72
19 138 104
19 138 136
19 138 168
19 138 200
19 138 232
19 138 264
19 138 296
19 138 328
19 137 40
19 137 72
19 137 104
19 137 136
19 137 168
19 137 200
19 137 232
19 137 264
19 137 296
19 136 40
19 136 72
19 136 104
19 136 136
19 136 168
19 136 200
19 136 232
19 136 264
19 135 40
19 135 72
19 135 104
19 135 136
19 135 168
19 135 200
19 135 232
19 134 40
19 134 72
19 134 104
19 134 136
19 134 168
19 134 200
19 133 40
19 133 72
19 133 104
19 133 136
19 133 168
19 132 40
19 132 72
19 132 104
19 132 136
19 132 168
19 131 40
19 131 72
19 131 104
19 131 136
19 130 40
19 130 72
19 130 104
19 130 136
19 129 40
19 129 72
19 129 104
19 128 40
19 128 72
19 128 104
19 127 40
19 127 72
19 127 104
19 126 40
19 126 72
20 126 40
20 126 72
20 126 104
20 125 40
20 125 72
21 125 40
21 125 72
21 124 40
21 124 72
22 124 40
22 124 72
22 123 40
22 123 72
23 123 40
23 123 72
23 122 40
24 122 40
24 121 40
25 121 40
25 120 40
26 120 40
26 119 40
27 119 40
28 119 40
28 118 40
29 118 40
29 117 40
30 117 40
30 116 40
31 116 40
32 116 40
33 116 40
34 116 40
35 116 40
36 116 40
37 116 40
38 116 40
39 116 40
40 116 40
40 117 40
41 117 40
42 117 40
43 117 40
43 118 40
44 118 40
45 118 40
46 118 40
46 119 40
47 119 40
48 119 40
49 119 40
50 119 40
50 120 40
