0 0 100
0 20 100
0 40 100
0 60 100
0 80 100
0 100 100
0 120 100
0 140 100
0 160 100
0 180 100
0 199 100
11 10 100
11 30 100
11 50 100
11 70 100
11 90 100
11 110 100
11 130 100
11 150 100
11 170 100
11 190 100
22 0 100
22 20 100
22 40 100
22 60 100
22 80 100
22 100 100
22 120 100
22 140 100
22 160 100
22 180 100
22 199 100
33 10 100
33 30 100
33 50 100
33 70 100
33 90 100
33 110 100
33 130 100
33 150 100
33 170 100
33 190 100
44 0 100
44 20 100
44 40 100
44 60 100
44 80 100
44 100 100
44 120 100
44 140 100
44 160 100
44 180 100
44 199 100
55 10 100
55 30 100
55 50 100
55 70 100
55 90 100
55 110 100
55 130 100
55 150 100
55 170 100
55 190 100
66 0 100
66 20 100
66 40 100
66 60 100
66 80 100
66 100 100
66 120 100
66 140 100
66 160 100
66 180 100
66 199 100
77 10 100
77 30 100
77 50 100
77 70 100
77 90 100
77 110 100
77 130 100
77 150 100
77 170 100
77 190 100
88 0 100
88 20 100
88 40 100
88 60 100
88 80 100
88 100 100
88 120 100
88 140 100
88 160 100
88 180 100
88 199 100
99 10 100
99 30 100
99 50 100
99 70 100
99 90 100
99 110 100
99 130 100
99 150 100
99 170 100
99 190 100
110 0 100
110 20 100
110 40 100
110 60 100
110 80 100
110 100 100
110 120 100
110 140 100
110 160 100
110 180 100
110 199 100
121 10 100
121 30 100
121 50 100
121 70 100
121 90 100
121 110 100
121 130 100
121 150 100
121 170 100
121 190 100
132 0 100
132 20 100
132 40 100
132 60 100
132 80 100
132 100 100
132 120 100
132 140 100
132 160 100
132 180 100
132 199 100
143 10 100
143 30 100
143 50 100
143 70 100
143 90 100
143 110 100
143 130 100
143 150 100
143 170 100
143 190 100
154 0 100
154 20 100
154 40 100
154 60 100
154 80 100
154 100 100
154 120 100
154 140 100
154 160 100
154 180 100
154 199 100
165 10 100
165 30 100
165 50 100
165 70 100
165 90 100
165 110 100
165 130 100
165 150 100
165 170 100
165 190 100
176 0 100
176 20 100
176 40 100
176 60 100
176 80 100
176 100 100
176 120 100
176 140 100
176 160 100
176 180 100
176 199 100
187 10 100
187 30 100
187 50 100
187 70 100
187 90 100
187 110 100
187 130 100
187 150 100
187 170 100
187 190 100
198 0 100
198 20 100
198 40 100
198 60 100
198 80 100
198 100 100
198 120 100
198 140 100
198 160 100
198 180 100
198 199 100
0 0 100
0 20 100
0 40 100
0 60 100
0 80 100
0 100 100
0 120 100
0 140 100
0 180 100
0 199 100
11 10 100
11 30 100
11 50 100
11 90 100
11 130 100
11 190 100
22 20 100
22 40 100
22 80 100
22 199 100
44 140 100
44 160 100
44 180 100
44 199 100
55 10 100
55 70 100
55 150 100
55 170 100
55 190 100
66 20 100
66 40 100
66 60 100
66 80 100
66 100 100
66 160 100
66 199 100
77 10 100
77 50 100
77 70 100
77 90 100
77 150 100
88 0 100
88 60 100
88 80 100
88 100 100
88 120 100
88 140 100
99 70 100
99 90 100
99 110 100
99 130 100
110 0 100
110 60 100
110 80 100
110 120 100
110 140 100
110 180 100
121 10 100
121 50 100
121 70 100
121 130 100
121 170 100
121 190 100
132 0 100
132 20 100
132 40 100
132 60 100
132 80 100
132 100 100
132 120 100
132 140 100
132 160 100
132 180 100
132 199 100
143 10 100
143 50 100
143 70 100
143 90 100
143 110 100
143 130 100
143 150 100
143 170 100
143 190 100
154 0 100
154 60 100
154 100 100
154 160 100
154 180 100
165 110 100
165 150 100
165 170 100
176 100 100
176 160 100
176 180 100
187 90 100
187 110 100
187 170 100
187 190 100
198 20 100
198 60 100
198 100 100
198 120 100
198 160 100
198 180 100
20 3 40
27 69 40
178 13 40
155 191 40
27 122 40
51 105 40
118 100 40
150 84 40
150 84 44
93 191 40
57 46 40
56 46 40
55 46 40
54 46 40
53 46 40
52 46 40
51 46 40
50 46 40
49 46 40
48 46 40
47 46 40
46 46 40
46 47 40
46 48 40
46 49 40
46 50 40
46 51 40
46 52 40
46 53 40
46 54 40
45 54 40
44 54 40
44 55 40
43 55 40
42 55 40
42 56 40
41 56 40
40 56 40
40 57 40
39 57 40
39 58 40
38 58 40
38 59 40
38 60 40
37 60 40
36 60 40
36 61 40
35 61 40
34 61 40
33 61 40
32 61 40
31 61 40
30 61 40
30 62 40
29 62 40
28 62 40
27 62 40
27 63 40
27 64 40
27 65 40
27 66 40
27 67 40
27 68 40
50 105 40
49 105 40
48 105 40
47 105 40
46 105 40
46 104 40
46 103 40
46 102 40
46 101 40
46 100 40
45 100 40
45 99 40
45 98 40
45 97 40
45 96 40
44 96 40
43 96 40
42 96 40
42 95 40
42 94 40
42 93 40
42 92 40
42 91 40
42 90 40
42 89 40
42 88 40
42 87 40
42 86 40
42 85 40
42 84 40
42 83 40
42 82 40
41 82 40
41 81 40
41 80 40
41 79 40
41 78 40
40 78 40
40 77 40
40 76 40
40 75 40
40 74 40
39 74 40
39 73 40
39 72 40
39 71 40
39 70 40
39 69 40
39 68 40
39 67 40
39 66 40
39 65 40
39 64 40
39 63 40
39 62 40
39 61 40
38 61 40
28 122 40
29 122 40
30 122 40
31 122 40
32 122 40
33 122 40
34 122 40
35 122 40
35 121 40
35 120 40
35 119 40
35 118 40
36 118 40
36 117 40
37 117 40
38 117 40
38 116 40
38 115 40
38 114 40
39 114 40
39 113 40
40 113 40
41 113 40
41 112 40
41 111 40
41 110 40
41 109 40
42 109 40
42 108 40
43 108 40
44 108 40
45 108 40
46 108 40
46 107 40
46 106 40
151 84 40
151 84 44
152 84 40
153 84 40
154 84 40
155 84 40
156 84 40
157 84 40
158 84 40
159 84 40
160 84 40
161 84 40
162 84 40
163 84 40
164 84 40
165 84 40
166 84 40
167 84 40
167 83 40
168 83 40
169 83 40
169 82 40
170 82 40
170 81 40
171 81 40
172 81 40
172 80 40
173 80 40
173 79 40
174 79 40
175 79 40
175 78 40
176 78 40
176 77 40
176 76 40
176 75 40
176 74 40
176 73 40
177 73 40
177 72 40
177 71 40
177 70 40
177 69 40
177 68 40
177 67 40
177 66 40
177 65 40
177 64 40
177 63 40
177 62 40
177 61 40
177 60 40
177 59 40
177 58 40
177 57 40
177 56 40
177 55 40
177 54 40
177 53 40
177 52 40
177 51 40
177 50 40
177 49 40
177 48 40
177 47 40
177 46 40
177 45 40
177 44 40
177 43 40
177 42 40
177 41 40
177 40 40
177 39 40
177 38 40
177 37 40
177 36 40
177 35 40
177 34 40
177 33 40
177 32 40
177 31 40
177 30 40
177 29 40
177 28 40
177 27 40
177 26 40
177 25 40
177 24 40
177 23 40
177 22 40
177 21 40
177 20 40
177 19 40
177 18 40
177 17 40
177 16 40
177 15 40
177 14 40
177 13 40
92 191 40
91 191 40
90 191 40
89 191 40
89 190 40
89 189 40
89 188 40
89 187 40
89 186 40
89 185 40
89 184 40
89 183 40
89 182 40
89 181 40
89 180 40
89 179 40
89 178 40
89 177 40
89 176 40
89 175 40
89 174 40
89 173 40
89 172 40
89 171 40
89 170 40
89 169 40
89 168 40
89 167 40
89 166 40
89 165 40
89 164 40
89 163 40
89 162 40
89 161 40
89 160 40
89 159 40
89 159 44
89 158 40
89 158 44
89 157 40
89 157 44
88 157 40
88 157 44
88 156 40
88 156 44
88 155 40
88 155 44
87 155 40
87 155 44
87 154 40
87 154 44
87 153 40
87 153 44
87 152 40
87 152 44
86 152 40
86 152 44
86 151 40
86 151 44
86 150 40
86 150 44
85 150 40
85 150 44
85 149 40
85 149 44
85 148 40
85 148 44
85 148 48
85 147 40
85 147 44
85 147 48
85 147 52
84 147 40
84 147 44
84 147 48
84 147 52
84 146 40
84 146 44
84 146 48
84 146 52
84 145 40
84 145 44
84 145 48
84 145 52
83 145 40
83 145 44
83 145 48
83 144 40
83 144 44
83 144 48
83 143 40
83 143 44
83 143 48
82 143 40
82 143 44
82 142 40
82 142 44
81 142 40
81 142 44
81 141 40
80 141 40
80 140 40
79 140 40
79 139 40
78 139 40
77 139 40
77 138 40
76 138 40
75 138 40
75 137 40
74 137 40
73 137 40
73 136 40
72 136 40
72 135 40
71 135 40
71 134 40
70 134 40
70 133 40
69 133 40
69 132 40
68 132 40
68 131 40
67 131 40
67 130 40
67 129 40
66 129 40
66 128 40
65 128 40
65 127 40
64 127 40
63 127 40
63 126 40
62 126 40
62 125 40
61 125 40
60 125 40
60 124 40
59 124 40
58 124 40
58 123 40
57 123 40
56 123 40
56 122 40
55 122 40
54 122 40
53 122 40
52 122 40
51 122 40
50 122 40
49 122 40
48 122 40
47 122 40
46 122 40
45 122 40
44 122 40
43 122 40
42 122 40
41 122 40
40 122 40
39 122 40
38 122 40
37 122 40
36 122 40
118 101 40
118 102 40
118 103 40
118 104 40
118 105 40
118 106 40
118 107 40
119 107 40
119 108 40
119 109 40
119 110 40
119 111 40
119 112 40
119 113 40
119 114 40
119 115 40
119 116 40
119 117 40
119 118 40
119 119 40
119 120 40
119 121 40
119 122 40
119 122 44
119 123 40
119 123 44
119 124 40
119 124 44
119 125 40
119 125 44
119 125 48
119 126 40
119 126 44
119 126 48
119 126 52
119 127 40
119 127 44
119 127 48
119 127 52
119 127 56
119 128 40
119 128 44
119 128 48
119 128 52
119 128 56
119 129 40
119 129 44
119 129 48
119 129 52
119 129 56
119 130 40
119 130 44
119 130 48
119 130 52
119 131 40
119 131 44
119 131 48
119 131 52
119 132 40
119 132 44
119 132 48
119 133 40
119 133 44
119 133 48
119 134 40
119 134 44
119 135 40
119 135 44
119 136 40
119 136 44
119 137 40
119 137 44
119 138 40
119 138 44
119 139 40
119 139 44
119 140 40
119 140 44
119 141 40
119 141 44
119 142 40
119 143 40
119 144 40
119 145 40
119 146 40
119 147 40
119 148 40
119 149 40
119 150 40
119 151 40
119 152 40
119 153 40
118 153 40
118 154 40
117 154 40
117 155 40
116 155 40
115 155 40
114 155 40
113 155 40
112 155 40
111 155 40
110 155 40
109 155 40
108 155 40
107 155 40
106 155 40
105 155 40
105 155 44
104 155 40
104 155 44
103 155 40
103 155 44
102 155 40
102 155 44
102 155 48
101 155 40
101 155 44
101 155 48
100 155 40
100 155 44
100 155 48
99 155 40
99 155 44
99 155 48
98 155 40
98 155 44
98 155 48
97 155 40
97 155 44
97 155 48
96 155 40
96 155 44
96 155 48
95 155 40
95 155 44
95 155 48
94 155 40
94 155 44
94 155 48
93 155 40
93 155 44
93 155 48
92 155 40
92 155 44
92 155 48
92 155 52
91 155 40
91 155 44
91 155 48
91 155 52
90 155 40
90 155 44
90 155 48
89 155 40
89 155 44
89 155 48
