0 0 100
0 20 100
0 40 100
0 60 100
0 80 100
0 100 100
0 120 100
0 140 100
0 160 100
0 180 100
0 199 100
11 10 100
11 30 100
11 50 100
11 70 100
11 90 100
11 110 100
11 130 100
11 150 100
11 170 100
11 190 100
22 0 100
22 20 100
22 40 100
22 60 100
22 80 100
22 100 100
22 120 100
22 140 100
22 160 100
22 180 100
22 199 100
33 10 100
33 30 100
33 50 100
33 70 100
33 90 100
33 110 100
33 130 100
33 150 100
33 170 100
33 190 100
44 0 100
44 20 100
44 40 100
44 60 100
44 80 100
44 100 100
44 120 100
44 140 100
44 160 100
44 180 100
44 199 100
55 10 100
55 30 100
55 50 100
55 70 100
55 90 100
55 110 100
55 130 100
55 150 100
55 170 100
55 190 100
66 0 100
66 20 100
66 40 100
66 60 100
66 80 100
66 100 100
66 120 100
66 140 100
66 160 100
66 180 100
66 199 100
77 10 100
77 30 100
77 50 100
77 70 100
77 90 100
77 110 100
77 130 100
77 150 100
77 170 100
77 190 100
88 0 100
88 20 100
88 40 100
88 60 100
88 80 100
88 100 100
88 120 100
88 140 100
88 160 100
88 180 100
88 199 100
99 10 100
99 30 100
99 50 100
99 70 100
99 90 100
99 110 100
99 130 100
99 150 100
99 170 100
99 190 100
110 0 100
110 20 100
110 40 100
110 60 100
110 80 100
110 100 100
110 120 100
110 140 100
110 160 100
110 180 100
110 199 100
121 10 100
121 30 100
121 50 100
121 70 100
121 90 100
121 110 100
121 130 100
121 150 100
121 170 100
121 190 100
132 0 100
132 20 100
132 40 100
132 60 100
132 80 100
132 100 100
132 120 100
132 140 100
132 160 100
132 180 100
132 199 100
143 10 100
143 30 100
143 50 100
143 70 100
143 90 100
143 110 100
143 130 100
143 150 100
143 170 100
143 190 100
154 0 100
154 20 100
154 40 100
154 60 100
154 80 100
154 100 100
154 120 100
154 140 100
154 160 100
154 180 100
154 199 100
165 10 100
165 30 100
165 50 100
165 70 100
165 90 100
165 110 100
165 130 100
165 150 100
165 170 100
165 190 100
176 0 100
176 20 100
176 40 100
176 60 100
176 80 100
176 100 100
176 120 100
176 140 100
176 160 100
176 180 100
176 199 100
187 10 100
187 30 100
187 50 100
187 70 100
187 90 100
187 110 100
187 130 100
187 150 100
187 170 100
187 190 100
198 0 100
198 20 100
198 40 100
198 60 100
198 80 100
198 100 100
198 120 100
198 140 100
198 160 100
198 180 100
198 199 100
0 0 100
0 40 100
0 80 100
0 120 100
0 140 100
0 160 100
0 199 100
11 30 100
11 130 100
11 150 100
11 190 100
22 20 100
22 40 100
22 60 100
22 120 100
22 140 100
22 160 100
22 199 100
33 10 100
33 50 100
33 70 100
33 90 100
33 110 100
33 150 100
33 170 100
44 0 100
44 20 100
44 60 100
44 80 100
44 100 100
44 120 100
44 160 100
44 180 100
44 199 100
55 10 100
55 70 100
55 130 100
55 150 100
66 0 100
66 60 100
66 140 100
77 70 100
77 90 100
77 110 100
77 130 100
77 150 100
77 190 100
88 0 100
88 40 100
88 60 100
88 100 100
88 120 100
88 140 100
88 160 100
88 180 100
99 10 100
99 50 100
99 90 100
99 110 100
99 150 100
99 170 100
99 190 100
110 20 100
110 40 100
110 80 100
110 100 100
110 160 100
110 180 100
110 199 100
121 10 100
121 30 100
121 50 100
121 110 100
121 130 100
121 150 100
121 170 100
121 190 100
132 40 100
132 60 100
132 80 100
132 100 100
132 160 100
132 199 100
143 10 100
143 50 100
143 90 100
143 110 100
143 170 100
154 0 100
154 40 100
154 60 100
154 80 100
154 120 100
154 160 100
154 180 100
165 30 100
165 50 100
165 130 100
165 190 100
176 40 100
176 80 100
176 100 100
176 120 100
176 180 100
187 10 100
187 30 100
187 50 100
187 70 100
187 90 100
187 130 100
187 170 100
187 190 100
198 0 100
198 20 100
198 60 100
198 80 100
198 180 100
198 199 100
18 173 40
169 164 40
148 21 40
70 84 40
18 108 40
131 184 40
131 183 40
131 182 40
132 182 40
133 182 40
134 182 40
134 181 40
135 181 40
135 180 40
136 180 40
136 179 40
136 178 40
137 178 40
137 177 40
137 176 40
138 176 40
138 175 40
139 175 40
139 174 40
139 173 40
140 173 40
140 172 40
140 171 40
140 170 40
140 169 40
140 168 40
140 167 40
140 166 40
140 166 168
140 165 40
140 165 168
140 164 40
140 164 168
141 164 40
141 164 168
142 164 40
142 164 168
143 164 40
143 164 168
143 164 296
144 164 40
144 164 168
144 164 296
145 164 40
145 164 168
145 164 296
146 164 40
146 164 168
146 164 296
146 164 424
147 164 40
147 164 168
147 164 296
147 164 424
148 164 40
148 164 168
148 164 296
148 164 424
149 164 40
149 164 168
149 164 296
149 164 424
149 164 552
150 164 40
150 164 168
150 164 296
150 164 424
150 164 552
151 164 40
151 164 168
151 164 296
151 164 424
151 164 552
152 164 40
152 164 168
152 164 296
152 164 424
153 164 40
153 164 168
153 164 296
153 164 424
154 164 40
154 164 168
154 164 296
155 164 40
155 164 168
155 164 296
156 164 40
156 164 168
157 164 40
157 164 168
158 164 40
158 164 168
159 164 40
159 164 168
160 164 40
161 164 40
162 164 40
163 164 40
164 164 40
165 164 40
166 164 40
167 164 40
168 164 40
70 83 40
70 82 40
71 82 40
72 82 40
73 82 40
73 82 168
74 82 40
74 82 168
75 82 40
75 82 168
76 82 40
76 82 168
76 82 296
77 82 40
77 82 168
77 82 296
78 82 40
78 82 168
78 82 296
79 82 40
79 82 168
79 82 296
80 82 40
80 82 168
80 82 296
81 82 40
81 82 168
81 82 296
82 82 40
82 82 168
82 82 296
83 82 40
83 82 168
83 82 296
84 82 40
84 82 168
84 82 296
85 82 40
85 82 168
86 82 40
86 82 168
87 82 40
87 82 168
88 82 40
88 82 168
89 82 40
90 82 40
90 81 40
91 81 40
91 80 40
92 80 40
92 79 40
93 79 40
93 78 40
94 78 40
95 78 40
95 77 40
96 77 40
96 76 40
97 76 40
98 76 40
98 75 40
99 75 40
99 74 40
100 74 40
101 74 40
101 73 40
102 73 40
103 73 40
103 72 40
104 72 40
105 72 40
106 72 40
107 72 40
108 72 40
109 72 40
110 72 40
111 72 40
112 72 40
113 72 40
114 72 40
115 72 40
116 72 40
117 72 40
118 72 40
119 72 40
120 72 40
121 72 40
122 72 40
123 72 40
124 72 40
125 72 40
125 72 168
126 72 40
126 72 168
127 72 40
127 72 168
128 72 40
128 72 168
129 72 40
129 72 168
130 72 40
130 72 168
131 72 40
131 72 168
132 72 40
132 72 168
132 72 296
133 72 40
133 72 168
133 72 296
134 72 40
134 72 168
134 72 296
135 72 40
135 72 168
135 72 296
136 72 40
136 72 168
136 72 296
137 72 40
137 72 168
137 72 296
138 72 40
138 72 168
138 72 296
139 72 40
139 72 168
139 72 296
140 72 40
140 72 168
140 72 296
141 72 40
141 72 168
142 72 40
142 72 168
143 72 40
143 72 168
144 72 40
144 72 168
145 72 40
146 72 40
147 72 40
148 72 40
149 72 40
150 72 40
151 72 40
152 72 40
153 72 40
154 72 40
155 72 40
156 72 40
157 72 40
158 72 40
159 72 40
160 72 40
161 72 40
162 72 40
163 72 40
163 73 40
163 74 40
163 75 40
163 76 40
163 77 40
163 78 40
163 79 40
163 80 40
163 81 40
163 82 40
163 83 40
163 84 40
163 85 40
163 86 40
163 87 40
163 88 40
163 89 40
163 90 40
163 90 168
163 91 40
163 91 168
163 92 40
163 92 168
163 93 40
163 93 168
163 94 40
163 95 40
162 95 40
162 95 168
162 96 40
162 97 40
162 98 40
162 99 40
162 100 40
162 101 40
162 102 40
162 103 40
162 104 40
162 105 40
162 106 40
162 107 40
163 107 40
163 108 40
164 108 40
164 108 168
164 109 40
164 109 168
165 109 40
165 109 168
166 110 40
166 110 168
166 111 40
166 111 168
167 111 40
167 111 168
167 112 40
167 112 168
168 112 40
168 112 168
168 112 296
168 113 40
168 113 168
168 113 296
169 113 40
169 113 168
169 113 296
169 114 40
169 114 168
169 114 296
170 114 40
170 114 168
170 114 296
170 115 40
170 115 168
170 115 296
171 115 40
171 115 168
171 115 296
171 116 40
171 116 168
171 116 296
172 116 40
172 116 168
172 116 296
173 116 40
173 116 168
173 116 296
173 117 40
173 117 168
173 117 296
174 117 40
174 117 168
174 117 296
175 117 40
175 117 168
175 118 40
175 118 168
176 118 40
176 118 168
177 118 40
177 118 168
178 118 40
178 118 168
178 119 40
178 119 168
178 120 40
178 120 168
178 121 40
178 121 168
178 122 40
178 122 168
178 123 40
178 123 168
178 124 40
178 124 168
178 125 40
178 125 168
178 125 296
178 126 40
178 126 168
178 126 296
178 127 40
178 127 168
178 127 296
178 128 40
178 128 168
178 128 296
178 128 424
178 129 40
178 129 168
178 129 296
178 129 424
178 130 40
178 130 168
178 130 296
178 130 424
178 131 40
178 131 168
178 131 296
178 131 424
178 132 40
178 132 168
178 132 296
178 132 424
178 133 40
178 133 168
178 133 296
178 133 424
178 134 40
178 134 168
178 134 296
178 135 40
178 135 168
178 135 296
178 136 40
178 136 168
178 136 296
178 137 40
178 137 168
178 138 40
178 138 168
178 139 40
178 139 168
178 140 40
178 141 40
178 142 40
178 143 40
178 144 40
178 145 40
178 146 40
178 147 40
178 148 40
178 149 40
178 150 40
178 151 40
178 152 40
178 153 40
177 153 40
177 154 40
176 154 40
176 155 40
176 156 40
176 157 40
175 157 40
175 158 40
175 159 40
174 159 40
174 160 40
174 161 40
173 161 40
173 162 40
172 162 40
172 163 40
172 164 40
171 164 40
170 164 40
12 10 40
13 10 40
14 10 40
14 11 40
14 12 40
14 13 40
14 14 40
14 15 40
14 16 40
14 17 40
14 18 40
14 19 40
15 19 40
15 19 168
15 20 40
15 20 168
15 21 40
15 21 168
16 21 40
16 21 168
16 22 40
16 22 168
16 23 40
16 23 168
17 23 40
17 23 168
17 24 40
17 24 168
18 24 40
18 24 168
18 25 40
18 25 168
19 25 40
19 25 168
20 25 40
20 25 168
21 25 40
21 25 168
22 25 40
23 25 40
24 25 40
25 25 40
26 25 40
26 26 40
27 26 40
28 26 40
28 27 40
29 27 40
30 27 40
30 28 40
31 28 40
31 29 40
32 29 40
32 30 40
32 30 168
33 31 40
33 31 168
34 31 40
34 31 168
34 32 40
34 32 168
35 32 40
35 32 168
36 32 40
36 32 168
36 33 40
36 33 168
37 33 40
37 33 168
37 34 40
37 34 168
38 34 40
38 34 168
38 35 40
38 35 168
39 35 40
39 35 168
39 35 296
39 36 40
39 36 168
40 36 40
40 36 168
41 36 40
41 36 168
41 36 296
41 37 40
41 37 168
42 37 40
42 37 168
43 37 40
43 37 168
43 38 40
43 38 168
44 38 40
44 38 168
45 38 40
45 38 168
46 38 40
46 38 168
46 39 40
47 39 40
48 39 40
49 39 40
50 39 40
51 39 40
52 39 40
53 39 40
54 39 40
55 39 40
56 39 40
57 39 40
57 40 40
57 41 40
57 42 40
57 43 40
57 44 40
57 45 40
57 46 40
57 47 40
57 48 40
57 49 40
57 50 40
57 51 40
57 52 40
57 53 40
57 54 40
57 55 40
57 56 40
57 57 40
57 58 40
57 58 168
57 59 40
57 59 168
57 60 40
57 60 168
57 61 40
57 61 168
57 62 40
57 62 168
57 63 40
57 63 168
57 64 40
57 64 168
57 65 40
57 65 168
57 66 40
57 66 168
57 67 40
57 67 168
57 68 40
57 68 168
57 69 40
57 69 168
57 70 40
57 70 168
57 71 40
57 71 168
57 72 40
57 72 168
57 73 40
58 73 40
58 74 40
59 74 40
59 75 40
60 75 40
60 76 40
61 76 40
61 77 40
61 78 40
62 78 40
62 79 40
62 80 40
63 80 40
63 81 40
63 82 40
64 82 40
65 82 40
66 82 40
67 82 40
68 82 40
69 82 40
18 107 40
18 106 40
18 105 40
18 104 40
18 103 40
18 102 40
18 101 40
18 100 40
18 99 40
18 98 40
18 97 40
18 97 168
18 96 40
18 96 168
18 95 40
18 95 168
18 94 40
18 94 168
18 93 40
18 93 168
18 92 40
18 92 168
18 91 40
18 91 168
18 90 40
18 90 168
18 89 40
18 89 168
18 88 40
18 87 40
18 86 40
18 85 40
18 84 40
18 83 40
18 82 40
18 81 40
18 80 40
18 79 40
18 78 40
18 77 40
18 76 40
18 75 40
17 75 40
17 74 40
17 73 40
17 72 40
17 71 40
16 71 40
16 70 40
15 70 40
15 69 40
14 69 40
14 68 40
13 68 40
13 67 40
13 66 40
13 65 40
13 64 40
13 63 40
13 62 40
13 61 40
13 60 40
13 59 40
13 58 40
13 57 40
13 56 40
13 55 40
13 54 40
13 53 40
13 52 40
13 51 40
13 50 40
13 49 40
13 48 40
13 47 40
13 46 40
13 46 168
13 45 40
13 45 168
13 44 40
13 44 168
13 43 40
13 43 168
13 43 296
13 42 40
13 42 168
13 42 296
13 42 424
13 41 40
13 41 168
13 41 296
13 41 424
13 40 40
13 40 168
13 40 296
13 40 424
13 40 552
13 39 40
13 39 168
13 39 296
13 39 424
13 39 552
13 38 40
13 38 168
13 38 296
13 38 424
13 38 552
13 37 40
13 37 168
13 37 296
13 37 424
13 37 552
13 36 40
13 36 168
13 36 296
13 36 424
13 36 552
13 35 40
13 35 168
13 35 296
13 35 424
13 35 552
13 34 40
13 34 168
13 34 296
13 34 424
13 33 40
13 33 168
13 33 296
13 33 424
13 32 40
13 32 168
13 32 296
13 31 40
13 31 168
13 31 296
13 30 40
13 30 168
13 30 296
13 29 40
13 29 168
13 28 40
13 28 168
13 27 40
13 27 168
13 26 40
13 26 168
13 25 40
13 25 168
13 24 40
13 24 168
13 23 40
13 23 168
14 23 40
14 23 168
15 23 40
15 23 168
