0 0 100
0 20 100
0 40 100
0 60 100
0 80 100
0 100 100
0 120 100
0 140 100
0 160 100
0 180 100
0 199 100
11 10 100
11 30 100
11 50 100
11 70 100
11 90 100
11 110 100
11 130 100
11 150 100
11 170 100
11 190 100
22 0 100
22 20 100
22 40 100
22 60 100
22 80 100
22 100 100
22 120 100
22 140 100
22 160 100
22 180 100
22 199 100
33 10 100
33 30 100
33 50 100
33 70 100
33 90 100
33 110 100
33 130 100
33 150 100
33 170 100
33 190 100
44 0 100
44 20 100
44 40 100
44 60 100
44 80 100
44 100 100
44 120 100
44 140 100
44 160 100
44 180 100
44 199 100
55 10 100
55 30 100
55 50 100
55 70 100
55 90 100
55 110 100
55 130 100
55 150 100
55 170 100
55 190 100
66 0 100
66 20 100
66 40 100
66 60 100
66 80 100
66 100 100
66 120 100
66 140 100
66 160 100
66 180 100
66 199 100
77 10 100
77 30 100
77 50 100
77 70 100
77 90 100
77 110 100
77 130 100
77 150 100
77 170 100
77 190 100
88 0 100
88 20 100
88 40 100
88 60 100
88 80 100
88 100 100
88 120 100
88 140 100
88 160 100
88 180 100
88 199 100
99 10 100
99 30 100
99 50 100
99 70 100
99 90 100
99 110 100
99 130 100
99 150 100
99 170 100
99 190 100
110 0 100
110 20 100
110 40 100
110 60 100
110 80 100
110 100 100
110 120 100
110 140 100
110 160 100
110 180 100
110 199 100
121 10 100
121 30 100
121 50 100
121 70 100
121 90 100
121 110 100
121 130 100
121 150 100
121 170 100
121 190 100
132 0 100
132 20 100
132 40 100
132 60 100
132 80 100
132 100 100
132 120 100
132 140 100
132 160 100
132 180 100
132 199 100
143 10 100
143 30 100
143 50 100
143 70 100
143 90 100
143 110 100
143 130 100
143 150 100
143 170 100
143 190 100
154 0 100
154 20 100
154 40 100
154 60 100
154 80 100
154 100 100
154 120 100
154 140 100
154 160 100
154 180 100
154 199 100
165 10 100
165 30 100
165 50 100
165 70 100
165 90 100
165 110 100
165 130 100
165 150 100
165 170 100
165 190 100
176 0 100
176 20 100
176 40 100
176 60 100
176 80 100
176 100 100
176 120 100
176 140 100
176 160 100
176 180 100
176 199 100
187 10 100
187 30 100
187 50 100
187 70 100
187 90 100
187 110 100
187 130 100
187 150 100
187 170 100
187 190 100
198 0 100
198 20 100
198 40 100
198 60 100
198 80 100
198 100 100
198 120 100
198 140 100
198 160 100
198 180 100
198 199 100
0 0 100
0 20 100
0 40 100
0 60 100
0 80 100
0 100 100
0 120 100
0 199 100
11 10 100
11 30 100
11 50 100
11 70 100
11 90 100
11 110 100
11 130 100
11 170 100
11 190 100
22 0 100
22 20 100
22 40 100
22 60 100
22 80 100
22 100 100
22 120 100
22 180 100
22 199 100
33 10 100
33 30 100
33 50 100
33 70 100
33 90 100
33 110 100
33 130 100
33 190 100
44 0 100
44 20 100
44 40 100
44 60 100
44 80 100
44 100 100
44 120 100
44 199 100
55 10 100
55 30 100
55 50 100
55 70 100
55 90 100
55 110 100
55 190 100
66 0 100
66 20 100
66 40 100
66 60 100
66 80 100
66 100 100
66 120 100
66 199 100
77 10 100
77 30 100
77 50 100
77 70 100
77 90 100
77 110 100
77 130 100
77 190 100
88 0 100
88 20 100
88 40 100
88 80 100
88 100 100
88 120 100
88 140 100
88 160 100
88 180 100
88 199 100
99 10 100
99 30 100
99 50 100
99 70 100
99 90 100
99 110 100
99 130 100
99 150 100
99 170 100
99 190 100
110 0 100
110 20 100
110 40 100
110 60 100
110 80 100
110 100 100
110 120 100
110 140 100
110 160 100
110 180 100
110 199 100
121 10 100
121 30 100
121 50 100
121 70 100
121 90 100
121 110 100
121 130 100
121 150 100
121 170 100
121 190 100
132 0 100
132 20 100
132 40 100
132 60 100
132 80 100
132 100 100
132 120 100
132 140 100
132 160 100
132 180 100
143 10 100
143 30 100
143 50 100
143 70 100
143 90 100
143 110 100
143 130 100
143 150 100
143 170 100
143 190 100
154 0 100
154 20 100
154 40 100
154 60 100
154 80 100
154 100 100
154 120 100
154 140 100
154 160 100
154 180 100
154 199 100
165 10 100
165 50 100
165 70 100
165 90 100
165 110 100
165 150 100
165 170 100
165 190 100
176 0 100
176 20 100
176 40 100
176 60 100
176 80 100
176 100 100
176 120 100
176 140 100
176 160 100
176 180 100
176 199 100
187 10 100
187 30 100
187 50 100
187 70 100
187 90 100
187 110 100
187 130 100
187 150 100
187 170 100
187 190 100
198 0 100
198 20 100
198 40 100
198 60 100
198 100 100
198 120 100
198 140 100
198 160 100
198 180 100
19 172 40
19 172 72
19 172 104
187 194 40
187 194 72
187 194 104
62 77 40
62 77 72
62 77 104
146 38 40
146 38 72
146 38 104
124 183 40
124 183 72
124 183 104
60 115 40
60 115 72
60 115 104
59 152 40
157 84 40
157 84 72
157 84 104
157 84 136
157 84 168
157 84 200
157 84 232
157 84 264
157 84 296
157 84 328
119 10 40
119 10 72
119 10 104
119 10 136
29 122 40
29 122 72
29 122 104
29 122 136
76 173 40
76 173 72
58 152 40
57 152 40
56 152 40
55 152 40
54 152 40
53 152 40
52 152 40
51 152 40
50 152 40
49 152 40
48 152 40
47 152 40
46 152 40
45 152 40
44 152 40
43 152 40
42 152 40
41 152 40
40 152 40
39 152 40
38 152 40
37 152 40
37 153 40
36 153 40
35 153 40
34 153 40
33 153 40
32 153 40
31 153 40
30 153 40
29 153 40
28 153 40
27 153 40
26 153 40
26 153 72
25 153 40
25 153 72
24 153 40
24 153 72
23 153 40
23 153 72
22 153 40
22 153 72
21 153 40
21 153 72
20 153 40
20 153 72
19 153 40
19 153 72
19 154 40
19 155 40
19 156 40
19 157 40
19 158 40
19 159 40
19 160 40
19 160 72
19 161 40
19 161 72
19 162 40
19 162 72
19 163 40
19 163 72
19 164 40
19 164 72
19 165 40
19 165 72
19 166 40
19 166 72
19 167 40
19 167 72
19 168 40
19 168 72
19 169 40
19 169 72
19 170 40
19 170 72
19 171 40
19 171 72
19 171 104
75 173 40
75 173 72
74 173 40
74 173 72
73 173 40
73 173 72
72 173 40
72 173 72
71 173 40
71 173 72
70 173 40
70 173 72
69 173 40
69 173 72
68 173 40
68 173 72
67 173 40
67 173 72
67 172 40
66 172 40
66 171 40
65 171 40
65 170 40
65 169 40
65 168 40
65 167 40
65 166 40
65 165 40
65 164 40
65 163 40
65 162 40
65 161 40
65 160 40
65 159 40
65 158 40
65 157 40
65 156 40
65 155 40
65 154 40
64 154 40
63 154 40
63 153 40
62 153 40
61 153 40
61 152 40
60 152 40
59 115 40
59 115 72
59 115 104
58 115 40
58 115 72
57 115 40
57 115 72
56 115 40
56 115 72
55 115 40
55 115 72
54 115 40
54 115 72
54 115 104
53 115 40
53 115 72
53 115 104
53 116 40
53 116 72
53 116 104
53 117 40
53 117 72
53 117 104
52 117 40
52 117 72
52 117 104
52 118 40
52 118 72
52 118 104
51 118 40
51 118 72
51 118 104
51 119 40
51 119 72
51 119 104
51 120 40
51 120 72
51 120 104
51 121 40
51 121 72
51 121 104
51 122 40
51 122 72
51 122 104
51 123 40
51 123 72
51 123 104
51 124 40
51 124 72
51 124 104
51 125 40
51 125 72
51 125 104
51 126 40
51 126 72
51 126 104
51 127 40
51 127 72
51 127 104
51 128 40
51 128 72
51 129 40
51 129 72
51 130 40
51 130 72
51 131 40
51 131 72
51 132 40
51 132 72
51 133 40
51 134 40
51 135 40
51 136 40
51 137 40
51 138 40
51 139 40
51 140 40
51 141 40
51 142 40
51 143 40
51 144 40
51 145 40
51 146 40
51 147 40
51 148 40
51 149 40
51 150 40
51 151 40
29 123 40
29 123 72
29 123 104
29 123 136
29 124 40
29 124 72
29 124 104
29 124 136
29 125 40
29 125 72
29 125 104
29 125 136
29 126 40
29 126 72
29 126 104
29 126 136
29 127 40
29 127 72
29 127 104
29 127 136
29 128 40
29 128 72
29 128 104
29 129 40
29 129 72
29 129 104
29 130 40
29 130 72
29 130 104
29 131 40
29 131 72
29 132 40
29 132 72
29 133 40
29 133 72
29 134 40
29 134 72
29 135 40
29 135 72
29 136 40
29 136 72
29 137 40
29 137 72
29 138 40
29 138 72
29 139 40
29 139 72
29 140 40
29 140 72
29 141 40
29 142 40
29 143 40
29 144 40
29 145 40
29 146 40
29 147 40
29 148 40
29 149 40
29 150 40
29 151 40
29 152 40
62 78 40
62 78 72
62 78 104
62 79 40
62 79 72
62 79 104
62 80 40
62 80 72
62 80 104
62 81 40
62 81 72
62 81 104
62 81 136
62 82 40
62 82 72
62 82 104
62 82 136
62 83 40
62 83 72
62 83 104
62 83 136
62 84 40
62 84 72
62 84 104
62 84 136
62 84 168
62 85 40
62 85 72
62 85 104
62 85 136
62 85 168
62 86 40
62 86 72
62 86 104
62 86 136
62 86 168
62 87 40
62 87 72
62 87 104
62 87 136
62 87 168
62 88 40
62 88 72
62 88 104
62 88 136
62 88 168
62 88 200
62 89 40
62 89 72
62 89 104
62 89 136
62 89 168
62 89 200
62 90 40
62 90 72
62 90 104
62 90 136
62 90 168
62 90 200
62 91 40
62 91 72
62 91 104
62 91 136
62 91 168
62 91 200
62 92 40
62 92 72
62 92 104
62 92 136
62 92 168
62 92 200
62 93 40
62 93 72
62 93 104
62 93 136
62 93 168
62 93 200
62 94 40
62 94 72
62 94 104
62 94 136
62 94 168
62 94 200
62 95 40
62 95 72
62 95 104
62 95 136
62 95 168
62 95 200
62 96 40
62 96 72
62 96 104
62 96 136
62 96 168
62 96 200
62 97 40
62 97 72
62 97 104
62 97 136
62 97 168
62 97 200
62 98 40
62 98 72
62 98 104
62 98 136
62 98 168
62 98 200
62 98 232
62 99 40
62 99 72
62 99 104
62 99 136
62 99 168
62 99 200
62 99 232
62 100 40
62 100 72
62 100 104
62 100 136
62 100 168
62 100 200
62 100 232
62 101 40
62 101 72
62 101 104
62 101 136
62 101 168
62 101 200
62 101 232
62 101 264
62 102 40
62 102 72
62 102 104
62 102 136
62 102 168
62 102 200
62 102 232
62 102 264
62 103 40
62 103 72
62 103 104
62 103 136
62 103 168
62 103 200
62 103 232
62 103 264
62 104 40
62 104 72
62 104 104
62 104 136
62 104 168
62 104 200
62 104 232
62 105 40
62 105 72
62 105 104
62 105 136
62 105 168
62 105 200
62 105 232
62 106 40
62 106 72
62 106 104
62 106 136
62 106 168
62 106 200
62 107 40
62 107 72
62 107 104
62 107 136
62 107 168
62 107 200
61 107 40
61 107 72
61 107 104
61 107 136
61 107 168
61 107 200
61 108 40
61 108 72
61 108 104
61 108 136
61 108 168
60 108 40
60 108 72
60 108 104
60 108 136
60 108 168
60 109 40
60 109 72
60 109 104
60 109 136
59 109 40
59 109 72
59 109 104
59 109 136
59 110 40
59 110 72
59 110 104
59 111 40
59 111 72
59 111 104
59 112 40
59 112 72
59 112 104
59 113 40
59 113 72
59 113 104
59 114 40
59 114 72
59 114 104
124 184 40
124 184 72
124 184 104
124 185 40
124 185 72
124 185 104
124 186 40
124 186 72
124 186 104
124 187 40
124 187 72
124 187 104
124 188 40
124 188 72
124 188 104
124 189 40
124 189 72
124 189 104
124 190 40
124 190 72
124 190 104
124 191 40
124 191 72
124 191 104
124 192 40
124 192 72
124 192 104
124 193 40
124 193 72
124 193 104
124 194 40
124 194 72
124 194 104
125 194 40
125 194 72
125 194 104
125 194 136
125 195 40
125 195 72
125 195 104
125 195 136
126 195 40
126 195 72
126 195 104
126 195 136
126 196 40
126 196 72
126 196 104
126 196 136
126 197 40
126 197 72
126 197 104
127 197 40
127 197 72
127 197 104
127 198 40
127 198 72
127 198 104
127 199 40
127 199 72
127 199 104
128 199 40
128 199 72
129 199 40
129 199 72
130 199 40
130 199 72
131 199 40
131 199 72
133 199 40
133 199 72
134 199 40
134 199 72
135 199 40
135 199 72
136 199 40
136 199 72
137 199 40
137 199 72
138 199 40
138 199 72
139 199 40
139 199 72
139 199 104
140 199 40
140 199 72
140 199 104
141 199 40
141 199 72
141 199 104
142 199 40
142 199 72
142 199 104
142 199 136
143 199 40
143 199 72
143 199 104
143 199 136
144 199 40
144 199 72
144 199 104
144 199 136
145 199 40
145 199 72
145 199 104
145 199 136
146 199 40
146 199 72
146 199 104
146 199 136
147 199 40
147 199 72
147 199 104
147 199 136
148 199 40
148 199 72
148 199 104
148 199 136
149 199 40
149 199 72
149 199 104
149 199 136
150 199 40
150 199 72
150 199 104
150 199 136
151 199 40
151 199 72
151 199 104
151 199 136
152 199 40
152 199 72
152 199 104
152 199 136
153 199 40
153 199 72
153 199 104
153 199 136
154 199 40
154 199 72
154 199 104
155 199 40
155 199 72
155 199 104
155 199 136
155 199 168
156 199 40
156 199 72
156 199 104
156 199 136
156 199 168
157 199 40
157 199 72
157 199 104
157 199 136
157 199 168
158 199 40
158 199 72
158 199 104
158 199 136
158 199 168
159 199 40
159 199 72
159 199 104
159 199 136
159 199 168
160 199 40
160 199 72
160 199 104
160 199 136
160 199 168
161 199 40
161 199 72
161 199 104
161 199 136
162 199 40
162 199 72
162 199 104
162 199 136
163 199 40
163 199 72
163 199 104
163 199 136
164 199 40
164 199 72
164 199 104
164 199 136
165 199 40
165 199 72
165 199 104
165 199 136
166 199 40
166 199 72
166 199 104
166 199 136
167 199 40
167 199 72
167 199 104
167 199 136
168 199 40
168 199 72
168 199 104
168 199 136
169 199 40
169 199 72
169 199 104
169 199 136
170 199 40
170 199 72
170 199 104
170 199 136
171 199 40
171 199 72
171 199 104
171 199 136
172 199 40
172 199 72
172 199 104
172 199 136
173 199 40
173 199 72
173 199 104
174 199 40
174 199 72
174 199 104
175 199 40
175 199 72
175 199 104
177 199 40
177 199 72
177 199 104
178 199 40
178 199 72
178 199 104
178 198 40
178 198 72
178 198 104
179 198 40
179 198 72
179 198 104
179 198 136
180 198 40
180 198 72
180 198 104
180 198 136
180 197 40
180 197 72
180 197 104
180 197 136
181 197 40
181 197 72
181 197 104
181 197 136
181 196 40
181 196 72
181 196 104
181 196 136
182 196 40
182 196 72
182 196 104
182 196 136
183 196 40
183 196 72
183 196 104
183 195 40
183 195 72
183 195 104
184 195 40
184 195 72
184 195 104
184 194 40
184 194 72
184 194 104
185 194 40
185 194 72
185 194 104
186 194 40
186 194 72
186 194 104
146 39 40
146 39 72
146 39 104
146 40 40
146 40 72
146 40 104
146 41 40
146 41 72
146 41 104
146 42 40
146 42 72
146 42 104
146 42 136
146 43 40
146 43 72
146 43 104
146 43 136
146 43 168
146 44 40
146 44 72
146 44 104
146 44 136
146 44 168
146 45 40
146 45 72
146 45 104
146 45 136
146 45 168
146 45 200
146 46 40
146 46 72
146 46 104
146 46 136
146 46 168
146 46 200
145 46 40
145 46 72
145 46 104
145 46 136
145 46 168
145 46 200
144 46 40
144 46 72
144 46 104
144 46 136
144 46 168
144 46 200
143 46 40
143 46 72
143 46 104
143 46 136
143 46 168
143 46 200
142 46 40
142 46 72
142 46 104
142 46 136
142 46 168
142 46 200
141 46 40
141 46 72
141 46 104
141 46 136
141 46 168
141 46 200
140 46 40
140 46 72
140 46 104
140 46 136
140 46 168
140 46 200
139 46 40
139 46 72
139 46 104
139 46 136
139 46 168
139 46 200
139 46 232
138 46 40
138 46 72
138 46 104
138 46 136
138 46 168
138 46 200
138 46 232
137 46 40
137 46 72
137 46 104
137 46 136
137 46 168
137 46 200
137 46 232
137 46 264
136 46 40
136 46 72
136 46 104
136 46 136
136 46 168
136 46 200
136 46 232
136 46 264
135 46 40
135 46 72
135 46 104
135 46 136
135 46 168
135 46 200
135 46 232
135 46 264
135 46 296
134 46 40
134 46 72
134 46 104
134 46 136
134 46 168
134 46 200
134 46 232
134 46 264
134 46 296
133 46 40
133 46 72
133 46 104
133 46 136
133 46 168
133 46 200
133 46 232
133 46 264
133 46 296
133 46 328
132 46 40
132 46 72
132 46 104
132 46 136
132 46 168
132 46 200
132 46 232
132 46 264
132 46 296
132 46 328
131 46 40
131 46 72
131 46 104
131 46 136
131 46 168
131 46 200
131 46 232
131 46 264
131 46 296
131 46 328
131 46 360
130 46 40
130 46 72
130 46 104
130 46 136
130 46 168
130 46 200
130 46 232
130 46 264
130 46 296
130 46 328
130 46 360
129 46 40
129 46 72
129 46 104
129 46 136
129 46 168
129 46 200
129 46 232
129 46 264
129 46 296
129 46 328
129 46 360
128 46 40
128 46 72
128 46 104
128 46 136
128 46 168
128 46 200
128 46 232
128 46 264
128 46 296
128 46 328
127 46 40
127 46 72
127 46 104
127 46 136
127 46 168
127 46 200
127 46 232
127 46 264
127 46 296
127 46 328
126 46 40
126 46 72
126 46 104
126 46 136
126 46 168
126 46 200
126 46 232
126 46 264
126 46 296
126 46 328
125 46 40
125 46 72
125 46 104
125 46 136
125 46 168
125 46 200
125 46 232
125 46 264
125 46 296
124 46 40
124 46 72
124 46 104
124 46 136
124 46 168
124 46 200
124 46 232
124 46 264
124 46 296
123 46 40
123 46 72
123 46 104
123 46 136
123 46 168
123 46 200
123 46 232
123 46 264
122 46 40
122 46 72
122 46 104
122 46 136
122 46 168
122 46 200
122 46 232
122 46 264
121 46 40
121 46 72
121 46 104
121 46 136
121 46 168
121 46 200
121 46 232
121 46 264
120 46 40
120 46 72
120 46 104
120 46 136
120 46 168
120 46 200
120 46 232
120 46 264
119 46 40
119 46 72
119 46 104
119 46 136
119 46 168
119 46 200
119 46 232
119 46 264
118 46 40
118 46 72
118 46 104
118 46 136
118 46 168
118 46 200
118 46 232
118 46 264
117 46 40
117 46 72
117 46 104
117 46 136
117 46 168
117 46 200
117 46 232
116 46 40
116 46 72
116 46 104
116 46 136
116 46 168
116 46 200
116 46 232
115 46 40
115 46 72
115 46 104
115 46 136
115 46 168
115 46 200
115 46 232
114 46 40
114 46 72
114 46 104
114 46 136
114 46 168
114 46 200
113 46 40
113 46 72
113 46 104
113 46 136
113 46 168
113 46 200
112 46 40
112 46 72
112 46 104
112 46 136
112 46 168
111 46 40
111 46 72
111 46 104
111 46 136
111 46 168
110 46 40
110 46 72
110 46 104
110 46 136
110 46 168
109 46 40
109 46 72
109 46 104
109 46 136
109 46 168
108 46 40
108 46 72
108 46 104
108 46 136
108 46 168
107 46 40
107 46 72
107 46 104
107 46 136
107 46 168
106 46 40
106 46 72
106 46 104
106 46 136
106 46 168
106 46 200
105 46 40
105 46 72
105 46 104
105 46 136
105 46 168
105 46 200
105 47 40
105 47 72
105 47 104
105 47 136
105 47 168
104 47 40
104 47 72
104 47 104
104 47 136
104 47 168
103 47 40
103 47 72
103 47 104
103 47 136
103 47 168
103 48 40
103 48 72
103 48 104
103 48 136
103 48 168
102 48 40
102 48 72
102 48 104
102 48 136
102 49 40
102 49 72
102 49 104
102 49 136
101 49 40
101 49 72
101 49 104
101 49 136
100 49 40
100 49 72
100 49 104
100 50 40
100 50 72
100 50 104
99 51 40
99 51 72
99 51 104
98 51 40
98 51 72
98 51 104
98 52 40
98 52 72
98 52 104
98 53 40
98 53 72
98 53 104
97 53 40
97 53 72
97 53 104
97 54 40
97 54 72
97 54 104
96 54 40
96 54 72
96 54 104
96 55 40
96 55 72
96 55 104
96 56 40
96 56 72
96 56 104
95 56 40
95 56 72
95 56 104
95 57 40
95 57 72
95 57 104
94 57 40
94 57 72
94 57 104
94 58 40
94 58 72
94 58 104
93 58 40
93 58 72
93 58 104
93 59 40
93 59 72
93 59 104
92 59 40
92 59 72
92 59 104
92 60 40
92 60 72
92 60 104
91 60 40
91 60 72
91 60 104
91 61 40
91 61 72
91 61 104
90 61 40
90 61 72
90 62 40
90 62 72
89 62 40
89 62 72
89 63 40
89 63 72
88 63 40
88 63 72
88 64 40
88 64 72
87 64 40
87 64 72
87 65 40
87 65 72
87 65 104
86 65 40
86 65 72
86 65 104
86 66 40
86 66 72
86 66 104
85 66 40
85 66 72
85 66 104
85 67 40
85 67 72
85 67 104
85 67 136
84 67 40
84 67 72
84 67 104
84 67 136
84 68 40
84 68 72
84 68 104
84 68 136
83 68 40
83 68 72
83 68 104
83 68 136
82 68 40
82 68 72
82 68 104
82 68 136
82 69 40
82 69 72
82 69 104
82 69 136
81 69 40
81 69 72
81 69 104
81 69 136
81 70 40
81 70 72
81 70 104
81 70 136
80 70 40
80 70 72
80 70 104
80 70 136
80 71 40
80 71 72
80 71 104
80 71 136
79 71 40
79 71 72
79 71 104
79 71 136
79 72 40
79 72 72
79 72 104
78 72 40
78 72 72
78 72 104
78 73 40
78 73 72
78 73 104
77 73 40
77 73 72
77 73 104
77 74 40
77 74 72
77 74 104
76 74 40
76 74 72
76 74 104
76 75 40
76 75 72
76 75 104
75 75 40
75 75 72
75 75 104
75 76 40
75 76 72
75 76 104
74 76 40
74 76 72
74 76 104
74 77 40
74 77 72
74 77 104
73 77 40
73 77 72
73 77 104
72 77 40
72 77 72
72 77 104
71 77 40
71 77 72
71 77 104
70 77 40
70 77 72
70 77 104
69 77 40
69 77 72
69 77 104
68 77 40
68 77 72
68 77 104
67 77 40
67 77 72
67 77 104
66 77 40
66 77 72
66 77 104
65 77 40
65 77 72
65 77 104
64 77 40
64 77 72
64 77 104
63 77 40
63 77 72
63 77 104
119 11 40
119 11 72
119 11 104
119 11 136
119 11 168
119 12 40
119 12 72
119 12 104
119 12 136
119 12 168
119 13 40
119 13 72
119 13 104
119 13 136
119 13 168
119 14 40
119 14 72
119 14 104
119 14 136
119 14 168
119 15 40
119 15 72
119 15 104
119 15 136
119 15 168
119 15 200
119 16 40
119 16 72
119 16 104
119 16 136
119 16 168
119 16 200
119 17 40
119 17 72
119 17 104
119 17 136
119 17 168
119 17 200
119 17 232
119 18 40
119 18 72
119 18 104
119 18 136
119 18 168
119 18 200
119 18 232
119 18 264
119 19 40
119 19 72
119 19 104
119 19 136
119 19 168
119 19 200
119 19 232
119 19 264
119 20 40
119 20 72
119 20 104
119 20 136
119 20 168
119 20 200
119 20 232
119 20 264
119 21 40
119 21 72
119 21 104
119 21 136
119 21 168
119 21 200
119 21 232
119 21 264
119 22 40
119 22 72
119 22 104
119 22 136
119 22 168
119 22 200
119 22 232
119 22 264
119 23 40
119 23 72
119 23 104
119 23 136
119 23 168
119 23 200
119 23 232
119 23 264
119 24 40
119 24 72
119 24 104
119 24 136
119 24 168
119 24 200
119 24 232
119 25 40
119 25 72
119 25 104
119 25 136
119 25 168
119 25 200
119 25 232
119 26 40
119 26 72
119 26 104
119 26 136
119 26 168
119 26 200
119 26 232
119 27 40
119 27 72
119 27 104
119 27 136
119 27 168
119 27 200
119 28 40
119 28 72
119 28 104
119 28 136
119 28 168
119 28 200
119 29 40
119 29 72
119 29 104
119 29 136
119 29 168
119 30 40
119 30 72
119 30 104
119 30 136
119 30 168
119 31 40
119 31 72
119 31 104
119 31 136
119 31 168
119 32 40
119 32 72
119 32 104
119 32 136
119 33 40
119 33 72
119 33 104
119 33 136
119 34 40
119 34 72
119 34 104
119 34 136
119 35 40
119 35 72
119 35 104
119 35 136
119 36 40
119 36 72
119 36 104
119 36 136
119 36 168
119 37 40
119 37 72
119 37 104
119 37 136
119 37 168
119 38 40
119 38 72
119 38 104
119 38 136
119 38 168
119 39 40
119 39 72
119 39 104
119 39 136
119 39 168
119 40 40
119 40 72
119 40 104
119 40 136
119 40 168
119 41 40
119 41 72
119 41 104
119 41 136
119 41 168
119 41 200
119 42 40
119 42 72
119 42 104
119 42 136
119 42 168
119 42 200
119 43 40
119 43 72
119 43 104
119 43 136
119 43 168
119 43 200
119 44 40
119 44 72
119 44 104
119 44 136
119 44 168
119 44 200
119 44 232
119 45 40
119 45 72
119 45 104
119 45 136
119 45 168
119 45 200
119 45 232
157 83 40
157 83 72
157 83 104
157 83 136
157 83 168
157 83 200
157 83 232
157 83 264
157 83 296
157 83 328
157 83 360
157 82 40
157 82 72
157 82 104
157 82 136
157 82 168
157 82 200
157 82 232
157 82 264
157 82 296
157 82 328
157 82 360
157 81 40
157 81 72
157 81 104
157 81 136
157 81 168
157 81 200
157 81 232
157 81 264
157 81 296
157 81 328
157 81 360
157 81 392
157 80 40
157 80 72
157 80 104
157 80 136
157 80 168
157 80 200
157 80 232
157 80 264
157 80 296
157 80 328
157 80 360
157 80 392
157 79 40
157 79 72
157 79 104
157 79 136
157 79 168
157 79 200
157 79 232
157 79 264
157 79 296
157 79 328
157 79 360
157 79 392
157 78 40
157 78 72
157 78 104
157 78 136
157 78 168
157 78 200
157 78 232
157 78 264
157 78 296
157 78 328
157 78 360
157 78 392
157 77 40
157 77 72
157 77 104
157 77 136
157 77 168
157 77 200
157 77 232
157 77 264
157 77 296
157 77 328
157 77 360
157 77 392
157 76 40
157 76 72
157 76 104
157 76 136
157 76 168
157 76 200
157 76 232
157 76 264
157 76 296
157 76 328
157 76 360
157 76 392
157 75 40
157 75 72
157 75 104
157 75 136
157 75 168
157 75 200
157 75 232
157 75 264
157 75 296
157 75 328
157 75 360
157 74 40
157 74 72
157 74 104
157 74 136
157 74 168
157 74 200
157 74 232
157 74 264
157 74 296
157 74 328
157 73 40
157 73 72
157 73 104
157 73 136
157 73 168
157 73 200
157 73 232
157 73 264
157 73 296
157 73 328
157 72 40
157 72 72
157 72 104
157 72 136
157 72 168
157 72 200
157 72 232
157 72 264
157 72 296
157 71 40
157 71 72
157 71 104
157 71 136
157 71 168
157 71 200
157 71 232
157 71 264
157 70 40
157 70 72
157 70 104
157 70 136
157 70 168
157 70 200
157 70 232
157 70 264
157 69 40
157 69 72
157 69 104
157 69 136
157 69 168
157 69 200
157 69 232
157 68 40
157 68 72
157 68 104
157 68 136
157 68 168
157 68 200
157 68 232
157 67 40
157 67 72
157 67 104
157 67 136
157 67 168
157 67 200
157 66 40
157 66 72
157 66 104
157 66 136
157 66 168
157 66 200
157 65 40
157 65 72
157 65 104
157 65 136
157 65 168
157 65 200
157 64 40
157 64 72
157 64 104
157 64 136
157 64 168
157 64 200
157 63 40
157 63 72
157 63 104
157 63 136
157 63 168
157 63 200
157 62 40
157 62 72
157 62 104
157 62 136
157 62 168
157 62 200
157 61 40
157 61 72
157 61 104
157 61 136
157 61 168
157 61 200
157 60 40
157 60 72
157 60 104
157 60 136
157 60 168
157 60 200
157 59 40
157 59 72
157 59 104
157 59 136
157 59 168
157 59 200
157 58 40
157 58 72
157 58 104
157 58 136
157 58 168
157 58 200
157 57 40
157 57 72
157 57 104
157 57 136
157 57 168
157 57 200
157 56 40
157 56 72
157 56 104
157 56 136
157 56 168
157 56 200
157 55 40
157 55 72
157 55 104
157 55 136
157 55 168
157 54 40
157 54 72
157 54 104
157 54 136
157 54 168
157 53 40
157 53 72
157 53 104
157 53 136
157 53 168
157 52 40
157 52 72
157 52 104
157 52 136
157 51 40
157 51 72
157 51 104
157 51 136
157 50 40
157 50 72
157 50 104
157 50 136
157 49 40
157 49 72
157 49 104
157 49 136
157 48 40
157 48 72
157 48 104
157 48 136
157 47 40
157 47 72
157 47 104
157 47 136
157 46 40
157 46 72
157 46 104
157 46 136
157 45 40
157 45 72
157 45 104
157 45 136
157 44 40
157 44 72
157 44 104
157 44 136
157 43 40
157 43 72
157 43 104
157 42 40
157 42 72
157 42 104
156 42 40
156 42 72
156 42 104
155 42 40
155 42 72
155 42 104
154 42 40
154 42 72
154 42 104
153 42 40
153 42 72
153 42 104
152 42 40
152 42 72
152 42 104
151 42 40
151 42 72
151 42 104
150 42 40
150 42 72
150 42 104
149 42 40
149 42 72
149 42 104
149 42 136
148 42 40
148 42 72
148 42 104
148 42 136
147 42 40
147 42 72
147 42 104
147 42 136
