0 0 100
0 20 100
0 40 100
0 60 100
0 80 100
0 100 100
0 120 100
0 140 100
0 160 100
0 180 100
0 199 100
11 10 100
11 30 100
11 50 100
11 70 100
11 90 100
11 110 100
11 130 100
11 150 100
11 170 100
11 190 100
22 0 100
22 20 100
22 40 100
22 60 100
22 80 100
22 100 100
22 120 100
22 140 100
22 160 100
22 180 100
22 199 100
33 10 100
33 30 100
33 50 100
33 70 100
33 90 100
33 110 100
33 130 100
33 150 100
33 170 100
33 190 100
44 0 100
44 20 100
44 40 100
44 60 100
44 80 100
44 100 100
44 120 100
44 140 100
44 160 100
44 180 100
44 199 100
55 10 100
55 30 100
55 50 100
55 70 100
55 90 100
55 110 100
55 130 100
55 150 100
55 170 100
55 190 100
66 0 100
66 20 100
66 40 100
66 60 100
66 80 100
66 100 100
66 120 100
66 140 100
66 160 100
66 180 100
66 199 100
77 10 100
77 30 100
77 50 100
77 70 100
77 90 100
77 110 100
77 130 100
77 150 100
77 170 100
77 190 100
88 0 100
88 20 100
88 40 100
88 60 100
88 80 100
88 100 100
88 120 100
88 140 100
88 160 100
88 180 100
88 199 100
99 10 100
99 30 100
99 50 100
99 70 100
99 90 100
99 110 100
99 130 100
99 150 100
99 170 100
99 190 100
110 0 100
110 20 100
110 40 100
110 60 100
110 80 100
110 100 100
110 120 100
110 140 100
110 160 100
110 180 100
110 199 100
121 10 100
121 30 100
121 50 100
121 70 100
121 90 100
121 110 100
121 130 100
121 150 100
121 170 100
121 190 100
132 0 100
132 20 100
132 40 100
132 60 100
132 80 100
132 100 100
132 120 100
132 140 100
132 160 100
132 180 100
132 199 100
143 10 100
143 30 100
143 50 100
143 70 100
143 90 100
143 110 100
143 130 100
143 150 100
143 170 100
143 190 100
154 0 100
154 20 100
154 40 100
154 60 100
154 80 100
154 100 100
154 120 100
154 140 100
154 160 100
154 180 100
154 199 100
165 10 100
165 30 100
165 50 100
165 70 100
165 90 100
165 110 100
165 130 100
165 150 100
165 170 100
165 190 100
176 0 100
176 20 100
176 40 100
176 60 100
176 80 100
176 100 100
176 120 100
176 140 100
176 160 100
176 180 100
176 199 100
187 10 100
187 30 100
187 50 100
187 70 100
187 90 100
187 110 100
187 130 100
187 150 100
187 170 100
187 190 100
198 0 100
198 20 100
198 40 100
198 60 100
198 80 100
198 100 100
198 120 100
198 140 100
198 160 100
198 180 100
198 199 100
0 0 100
0 20 100
0 40 100
0 60 100
0 80 100
0 100 100
0 140 100
0 160 100
0 180 100
11 10 100
11 30 100
11 50 100
11 90 100
11 110 100
11 130 100
11 150 100
11 170 100
11 190 100
22 0 100
22 20 100
22 40 100
22 80 100
22 100 100
22 120 100
22 140 100
22 160 100
22 180 100
33 10 100
33 30 100
33 70 100
33 90 100
33 110 100
33 130 100
33 150 100
33 170 100
33 190 100
44 0 100
44 20 100
44 40 100
44 80 100
44 100 100
44 120 100
44 180 100
44 199 100
55 30 100
55 50 100
55 90 100
55 110 100
55 130 100
55 150 100
55 190 100
66 0 100
66 20 100
66 40 100
66 80 100
66 120 100
66 140 100
66 160 100
66 180 100
66 199 100
77 10 100
77 30 100
77 50 100
77 70 100
77 90 100
77 130 100
77 150 100
77 170 100
77 190 100
88 0 100
88 20 100
88 40 100
88 80 100
88 100 100
88 120 100
88 140 100
88 160 100
88 199 100
99 10 100
99 30 100
99 50 100
99 70 100
99 90 100
99 110 100
99 150 100
99 190 100
110 0 100
110 20 100
110 60 100
110 100 100
110 140 100
110 160 100
110 180 100
121 10 100
121 30 100
121 50 100
121 70 100
121 90 100
121 110 100
121 130 100
121 150 100
132 0 100
132 20 100
132 40 100
132 60 100
132 80 100
132 100 100
132 140 100
143 10 100
143 30 100
143 50 100
143 90 100
143 110 100
143 130 100
143 150 100
143 190 100
154 0 100
154 20 100
154 40 100
154 80 100
154 100 100
154 140 100
154 160 100
154 180 100
154 199 100
165 10 100
165 30 100
165 50 100
165 90 100
165 130 100
165 150 100
165 170 100
165 190 100
176 0 100
176 20 100
176 40 100
176 60 100
176 80 100
176 100 100
176 140 100
176 160 100
176 180 100
176 199 100
187 10 100
187 30 100
187 50 100
187 70 100
187 90 100
187 110 100
187 130 100
187 150 100
187 170 100
198 0 100
198 20 100
198 40 100
198 60 100
198 80 100
198 100 100
198 140 100
198 160 100
198 180 100
198 199 100
148 67 40
102 136 40
102 136 72
113 13 40
113 13 72
113 13 104
113 13 136
113 13 168
113 13 200
113 13 232
130 175 40
57 174 40
34 118 40
34 118 72
34 118 104
34 118 136
40 64 40
54 11 40
54 11 72
165 116 40
165 117 40
164 117 40
163 117 40
162 117 40
161 117 40
160 117 40
159 117 40
158 117 40
157 117 40
156 117 40
155 117 40
154 117 40
153 117 40
152 117 40
151 117 40
150 117 40
150 117 72
149 117 40
149 117 72
148 117 40
148 117 72
147 117 40
146 117 40
145 117 40
144 117 40
143 117 40
142 117 40
141 117 40
140 117 40
139 117 40
139 118 40
138 118 40
137 118 40
137 119 40
136 119 40
136 120 40
135 120 40
135 121 40
134 121 40
134 122 40
133 122 40
132 122 40
131 122 40
130 122 40
129 122 40
129 122 72
128 122 40
128 122 72
127 122 40
127 122 72
126 122 40
126 122 72
125 122 40
125 122 72
124 122 40
124 122 72
123 122 40
123 122 72
122 122 40
122 122 72
121 122 40
121 122 72
120 122 40
120 122 72
119 122 40
119 122 72
118 122 40
118 122 72
117 122 40
116 122 40
115 122 40
114 122 40
113 122 40
112 122 40
111 122 40
111 123 40
110 123 40
110 124 40
109 124 40
109 125 40
108 125 40
108 126 40
107 126 40
107 127 40
106 127 40
106 128 40
105 128 40
104 128 40
104 129 40
103 129 40
103 130 40
102 130 40
102 131 40
102 132 40
102 133 40
102 134 40
102 135 40
131 175 40
132 175 40
133 175 40
134 175 40
134 174 40
134 173 40
134 172 40
134 171 40
134 170 40
134 169 40
134 168 40
134 167 40
134 166 40
134 165 40
134 164 40
134 163 40
134 162 40
134 161 40
134 160 40
134 159 40
134 159 72
134 158 40
134 158 72
134 157 40
134 157 72
134 157 104
134 156 40
134 156 72
134 156 104
134 155 40
134 155 72
134 155 104
134 155 136
134 154 40
134 154 72
134 154 104
134 154 136
134 153 40
134 153 72
134 153 104
134 153 136
134 153 168
134 152 40
134 152 72
134 152 104
134 152 136
134 152 168
134 152 200
134 151 40
134 151 72
134 151 104
134 151 136
134 151 168
134 151 200
134 150 40
134 150 72
134 150 104
134 150 136
134 150 168
134 150 200
134 150 232
134 149 40
134 149 72
134 149 104
134 149 136
134 149 168
134 149 200
134 149 232
134 148 40
134 148 72
134 148 104
134 148 136
134 148 168
134 148 200
134 148 232
134 148 264
134 147 40
134 147 72
134 147 104
134 147 136
134 147 168
134 147 200
134 147 232
134 147 264
134 146 40
134 146 72
134 146 104
134 146 136
134 146 168
134 146 200
134 146 232
134 146 264
134 146 296
134 145 40
134 145 72
134 145 104
134 145 136
134 145 168
134 145 200
134 145 232
134 145 264
134 145 296
134 144 40
134 144 72
134 144 104
134 144 136
134 144 168
134 144 200
134 144 232
134 144 264
134 144 296
134 144 328
134 143 40
134 143 72
134 143 104
134 143 136
134 143 168
134 143 200
134 143 232
134 143 264
134 143 296
134 143 328
134 142 40
134 142 72
134 142 104
134 142 136
134 142 168
134 142 200
134 142 232
134 142 264
134 142 296
134 142 328
134 141 40
134 141 72
134 141 104
134 141 136
134 141 168
134 141 200
134 141 232
134 141 264
134 141 296
134 141 328
134 140 40
134 140 72
134 140 104
134 140 136
134 140 168
134 140 200
134 140 232
134 140 264
134 140 296
134 140 328
134 139 40
134 139 72
134 139 104
134 139 136
134 139 168
134 139 200
134 139 232
134 139 264
134 139 296
134 139 328
134 138 40
134 138 72
134 138 104
134 138 136
134 138 168
134 138 200
134 138 232
134 138 264
134 138 296
134 137 40
134 137 72
134 137 104
134 137 136
134 137 168
134 137 200
134 137 232
134 137 264
134 137 296
134 136 40
134 136 72
134 136 104
134 136 136
134 136 168
134 136 200
134 136 232
134 136 264
134 135 40
134 135 72
134 135 104
134 135 136
134 135 168
134 135 200
134 135 232
134 134 40
134 134 72
134 134 104
134 134 136
134 134 168
134 134 200
134 133 40
134 133 72
134 133 104
134 133 136
134 133 168
134 132 40
134 132 72
134 132 104
134 132 136
134 131 40
134 131 72
134 131 104
134 130 40
134 130 72
134 130 104
134 129 40
134 129 72
134 128 40
134 128 72
134 127 40
134 127 72
134 126 40
134 125 40
134 124 40
134 123 40
58 174 40
59 174 40
59 175 40
60 175 40
60 176 40
61 176 40
61 176 72
62 176 40
62 176 72
63 176 40
63 176 72
64 176 40
64 176 72
65 176 40
65 176 72
65 176 104
66 176 40
66 176 72
66 176 104
67 176 40
67 176 72
67 176 104
67 176 136
68 176 40
68 176 72
68 176 104
68 176 136
68 176 168
69 176 40
69 176 72
69 176 104
69 176 136
69 176 168
69 176 200
70 176 40
70 176 72
70 176 104
70 176 136
70 176 168
70 176 200
70 176 232
71 176 40
71 176 72
71 176 104
71 176 136
71 176 168
71 176 200
71 176 232
72 176 40
72 176 72
72 176 104
72 176 136
72 176 168
72 176 200
72 176 232
72 176 264
73 176 40
73 176 72
73 176 104
73 176 136
73 176 168
73 176 200
73 176 232
73 176 264
74 176 40
74 176 72
74 176 104
74 176 136
74 176 168
74 176 200
74 176 232
75 176 40
75 176 72
75 176 104
75 176 136
75 176 168
75 176 200
75 176 232
76 176 40
76 176 72
76 176 104
76 176 136
76 176 168
76 176 200
77 176 40
77 176 72
77 176 104
77 176 136
77 176 168
78 176 40
78 176 72
78 176 104
78 176 136
79 176 40
79 176 72
79 176 104
80 176 40
80 176 72
80 176 104
81 176 40
81 176 72
82 176 40
82 176 72
83 176 40
83 176 72
84 176 40
84 176 72
85 176 40
86 176 40
87 176 40
88 176 40
89 176 40
90 176 40
91 176 40
92 176 40
93 176 40
94 176 40
95 176 40
96 176 40
97 176 40
97 175 40
98 175 40
98 174 40
98 174 72
99 174 40
99 174 72
99 173 40
99 173 72
100 173 40
100 173 72
100 172 40
100 172 72
101 172 40
101 172 72
102 172 40
102 172 72
102 172 104
103 172 40
103 172 72
103 172 104
104 172 40
104 172 72
104 172 104
104 172 136
105 172 40
105 172 72
105 172 104
105 172 136
105 172 168
106 172 40
106 172 72
106 172 104
106 172 136
106 172 168
106 172 200
107 172 40
107 172 72
107 172 104
107 172 136
107 172 168
107 172 200
107 172 232
108 172 40
108 172 72
108 172 104
108 172 136
108 172 168
108 172 200
108 172 232
109 172 40
109 172 72
109 172 104
109 172 136
109 172 168
109 172 200
109 172 232
110 172 40
110 172 72
110 172 104
110 172 136
110 172 168
110 172 200
110 172 232
111 172 40
111 172 72
111 172 104
111 172 136
111 172 168
111 172 200
111 172 232
112 172 40
112 172 72
112 172 104
112 172 136
112 172 168
112 172 200
113 172 40
113 172 72
113 172 104
113 172 136
113 172 168
113 172 200
114 172 40
114 172 72
114 172 104
114 172 136
114 172 168
115 172 40
115 172 72
115 172 104
115 172 136
115 172 168
116 172 40
116 172 72
116 172 104
116 172 136
117 172 40
117 172 72
117 172 104
117 172 136
118 172 40
118 172 72
118 172 104
118 172 136
119 172 40
119 172 72
119 172 104
120 172 40
120 172 72
120 172 104
121 172 40
121 172 72
122 172 40
122 172 72
123 172 40
124 172 40
125 172 40
126 172 40
127 172 40
128 172 40
129 172 40
130 172 40
130 173 40
130 174 40
35 118 40
35 118 72
35 118 104
35 118 136
36 118 40
36 118 72
36 118 104
37 118 40
37 118 72
37 118 104
38 118 40
38 118 72
38 118 104
39 118 40
39 118 72
39 118 104
40 118 40
40 118 72
40 118 104
40 118 136
40 119 40
40 119 72
40 119 104
40 119 136
40 120 40
40 120 72
40 120 104
40 120 136
40 121 40
40 121 72
40 121 104
40 121 136
40 122 40
40 122 72
40 122 104
40 122 136
40 123 40
40 123 72
40 123 104
40 124 40
40 124 72
40 124 104
40 125 40
40 125 72
40 125 104
40 126 40
40 126 72
40 127 40
40 127 72
40 128 40
40 128 72
40 129 40
40 129 72
40 130 40
40 130 72
40 131 40
40 131 72
40 132 40
40 132 72
40 133 40
40 134 40
40 135 40
40 136 40
41 136 40
41 137 40
42 137 40
42 138 40
42 139 40
43 139 40
43 140 40
44 141 40
45 141 40
45 142 40
46 142 40
46 143 40
46 144 40
46 145 40
46 146 40
46 147 40
46 148 40
46 149 40
46 150 40
46 151 40
46 152 40
46 153 40
46 153 72
46 154 40
46 154 72
46 155 40
46 155 72
46 156 40
46 156 72
46 157 40
46 157 72
46 158 40
46 159 40
46 160 40
46 161 40
46 162 40
47 162 40
47 163 40
48 163 40
48 164 40
49 164 40
49 165 40
50 165 40
50 166 40
51 166 40
51 167 40
52 167 40
52 168 40
53 168 40
53 169 40
54 169 40
54 170 40
55 171 40
56 171 40
56 172 40
57 172 40
57 173 40
40 65 40
40 65 72
40 66 40
40 66 72
40 67 40
40 67 72
40 68 40
40 68 72
40 68 104
40 69 40
40 69 72
40 69 104
40 69 136
40 70 40
40 70 72
40 70 104
40 70 136
40 71 40
40 71 72
40 71 104
40 71 136
40 71 168
40 72 40
40 72 72
40 72 104
40 72 136
40 72 168
40 72 200
40 72 232
40 73 40
40 73 72
40 73 104
40 73 136
40 73 168
40 73 200
40 73 232
40 73 264
40 74 40
40 74 72
40 74 104
40 74 136
40 74 168
40 74 200
40 74 232
40 74 264
40 74 296
40 75 40
40 75 72
40 75 104
40 75 136
40 75 168
40 75 200
40 75 232
40 75 264
40 75 296
40 76 40
40 76 72
40 76 104
40 76 136
40 76 168
40 76 200
40 76 232
40 76 264
40 76 296
40 76 328
40 77 40
40 77 72
40 77 104
40 77 136
40 77 168
40 77 200
40 77 232
40 77 264
40 77 296
40 77 328
40 77 360
40 78 40
40 78 72
40 78 104
40 78 136
40 78 168
40 78 200
40 78 232
40 78 264
40 78 296
40 78 328
40 78 360
40 78 392
40 79 40
40 79 72
40 79 104
40 79 136
40 79 168
40 79 200
40 79 232
40 79 264
40 79 296
40 79 328
40 79 360
40 79 392
40 80 40
40 80 72
40 80 104
40 80 136
40 80 168
40 80 200
40 80 232
40 80 264
40 80 296
40 80 328
40 80 360
40 80 392
40 80 424
40 81 40
40 81 72
40 81 104
40 81 136
40 81 168
40 81 200
40 81 232
40 81 264
40 81 296
40 81 328
40 81 360
40 81 392
40 81 424
40 82 40
40 82 72
40 82 104
40 82 136
40 82 168
40 82 200
40 82 232
40 82 264
40 82 296
40 82 328
40 82 360
40 82 392
40 82 424
40 83 40
40 83 72
40 83 104
40 83 136
40 83 168
40 83 200
40 83 232
40 83 264
40 83 296
40 83 328
40 83 360
40 83 392
40 83 424
40 84 40
40 84 72
40 84 104
40 84 136
40 84 168
40 84 200
40 84 232
40 84 264
40 84 296
40 84 328
40 84 360
40 84 392
40 85 40
40 85 72
40 85 104
40 85 136
40 85 168
40 85 200
40 85 232
40 85 264
40 85 296
40 85 328
40 85 360
40 85 392
40 86 40
40 86 72
40 86 104
40 86 136
40 86 168
40 86 200
40 86 232
40 86 264
40 86 296
40 86 328
40 86 360
40 86 392
40 87 40
40 87 72
40 87 104
40 87 136
40 87 168
40 87 200
40 87 232
40 87 264
40 87 296
40 87 328
40 87 360
40 87 392
40 88 40
40 88 72
40 88 104
40 88 136
40 88 168
40 88 200
40 88 232
40 88 264
40 88 296
40 88 328
40 88 360
40 89 40
40 89 72
40 89 104
40 89 136
40 89 168
40 89 200
40 89 232
40 89 264
40 89 296
40 89 328
40 89 360
40 90 40
40 90 72
40 90 104
40 90 136
40 90 168
40 90 200
40 90 232
40 90 264
40 90 296
40 90 328
40 91 40
40 91 72
40 91 104
40 91 136
40 91 168
40 91 200
40 91 232
40 91 264
40 91 296
40 91 328
40 92 40
40 92 72
40 92 104
40 92 136
40 92 168
40 92 200
40 92 232
40 92 264
40 92 296
40 93 40
40 93 72
40 93 104
40 93 136
40 93 168
40 93 200
40 93 232
40 93 264
40 94 40
40 94 72
40 94 104
40 94 136
40 94 168
40 94 200
40 94 232
40 95 40
40 95 72
40 95 104
40 95 136
40 95 168
40 95 200
40 96 40
40 96 72
40 96 104
40 96 136
40 96 168
40 96 200
40 97 40
40 97 72
40 97 104
40 97 136
40 97 168
40 97 200
40 98 40
40 98 72
40 98 104
40 98 136
40 98 168
40 99 40
40 99 72
40 99 104
40 99 136
40 99 168
40 100 40
40 100 72
40 100 104
40 100 136
40 100 168
40 101 40
40 101 72
40 101 104
40 101 136
40 101 168
40 102 40
40 102 72
40 102 104
40 102 136
40 102 168
40 103 40
40 103 72
40 103 104
40 103 136
40 104 40
40 104 72
40 104 104
40 104 136
40 105 40
40 105 72
40 105 104
40 105 136
40 106 40
40 106 72
40 106 104
40 106 136
40 107 40
40 107 72
40 107 104
39 107 40
39 107 72
39 107 104
39 108 40
39 108 72
39 108 104
38 108 40
38 108 72
38 108 104
38 109 40
38 109 72
38 109 104
37 109 40
37 109 72
37 109 104
37 110 40
37 110 72
37 110 104
36 110 40
36 110 72
36 110 104
36 111 40
36 111 72
36 111 104
36 112 40
36 112 72
36 112 104
36 113 40
36 113 72
36 113 104
36 114 40
36 114 72
36 114 104
36 115 40
36 115 72
36 115 104
36 116 40
36 116 72
36 116 104
36 117 40
36 117 72
36 117 104
54 12 40
54 12 72
54 13 40
54 13 72
54 13 104
54 14 40
54 14 72
54 14 104
54 15 40
54 15 72
54 15 104
53 15 40
53 15 72
53 15 104
53 16 40
53 16 72
53 16 104
52 16 40
52 16 72
52 16 104
52 17 40
52 17 72
52 17 104
52 18 40
52 18 72
52 18 104
52 19 40
52 19 72
52 19 104
52 19 136
52 20 40
52 20 72
52 20 104
52 20 136
52 21 40
52 21 72
52 21 104
52 21 136
52 22 40
52 22 72
52 22 104
52 22 136
52 23 40
52 23 72
52 23 104
52 23 136
52 23 168
52 24 40
52 24 72
52 24 104
52 24 136
52 24 168
52 25 40
52 25 72
52 25 104
52 25 136
52 25 168
52 25 200
52 26 40
52 26 72
52 26 104
52 26 136
52 26 168
52 26 200
52 26 232
52 27 40
52 27 72
52 27 104
52 27 136
52 27 168
52 27 200
52 27 232
52 27 264
52 28 40
52 28 72
52 28 104
52 28 136
52 28 168
52 28 200
52 28 232
52 28 264
52 28 296
52 29 40
52 29 72
52 29 104
52 29 136
52 29 168
52 29 200
52 29 232
52 29 264
52 29 296
52 29 328
52 30 40
52 30 72
52 30 104
52 30 136
52 30 168
52 30 200
52 30 232
52 30 264
52 30 296
52 30 328
52 30 360
52 31 40
52 31 72
52 31 104
52 31 136
52 31 168
52 31 200
52 31 232
52 31 264
52 31 296
52 31 328
52 31 360
52 32 40
52 32 72
52 32 104
52 32 136
52 32 168
52 32 200
52 32 232
52 32 264
52 32 296
52 32 328
52 32 360
52 32 392
52 33 40
52 33 72
52 33 104
52 33 136
52 33 168
52 33 200
52 33 232
52 33 264
52 33 296
52 33 328
52 33 360
52 33 392
52 34 40
52 34 72
52 34 104
52 34 136
52 34 168
52 34 200
52 34 232
52 34 264
52 34 296
52 34 328
52 34 360
52 34 392
52 35 40
52 35 72
52 35 104
52 35 136
52 35 168
52 35 200
52 35 232
52 35 264
52 35 296
52 35 328
52 35 360
52 35 392
52 36 40
52 36 72
52 36 104
52 36 136
52 36 168
52 36 200
52 36 232
52 36 264
52 36 296
52 36 328
52 36 360
52 37 40
52 37 72
52 37 104
52 37 136
52 37 168
52 37 200
52 37 232
52 37 264
52 37 296
52 37 328
52 38 40
52 38 72
52 38 104
52 38 136
52 38 168
52 38 200
52 38 232
52 38 264
52 38 296
52 39 40
52 39 72
52 39 104
52 39 136
52 39 168
52 39 200
52 39 232
52 39 264
52 40 40
52 40 72
52 40 104
52 40 136
52 40 168
52 40 200
52 41 40
52 41 72
52 41 104
52 41 136
52 41 168
52 42 40
52 42 72
52 42 104
52 42 136
52 43 40
52 43 72
52 43 104
52 44 40
52 44 72
52 44 104
52 45 40
52 45 72
52 45 104
52 46 40
52 46 72
52 46 104
52 47 40
52 47 72
52 47 104
52 48 40
52 48 72
52 48 104
52 49 40
52 49 72
52 50 40
52 50 72
52 51 40
52 51 72
52 52 40
52 52 72
52 53 40
52 54 40
51 54 40
50 54 40
49 54 40
48 54 40
47 54 40
46 54 40
45 54 40
44 54 40
43 54 40
42 54 40
41 54 40
40 54 40
40 55 40
40 56 40
40 57 40
40 58 40
40 59 40
40 60 40
40 61 40
40 62 40
40 63 40
113 14 40
113 14 72
113 14 104
113 14 136
113 14 168
113 14 200
113 15 40
113 15 72
113 15 104
113 15 136
113 15 168
113 16 40
113 16 72
113 16 104
113 16 136
113 16 168
113 17 40
113 17 72
113 17 104
113 17 136
113 17 168
113 18 40
113 18 72
113 18 104
113 18 136
113 18 168
113 19 40
113 19 72
113 19 104
113 19 136
113 20 40
113 20 72
113 20 104
113 20 136
113 21 40
113 21 72
113 21 104
113 21 136
113 22 40
113 22 72
113 22 104
113 22 136
113 23 40
113 23 72
113 23 104
113 24 40
113 24 72
113 24 104
113 25 40
113 25 72
113 26 40
113 26 72
113 27 40
113 27 72
113 28 40
113 29 40
113 30 40
113 31 40
113 32 40
113 33 40
113 34 40
113 35 40
113 36 40
113 37 40
112 37 40
111 37 40
110 37 40
109 37 40
108 37 40
107 37 40
106 37 40
105 37 40
105 37 72
104 37 40
104 37 72
103 37 40
103 37 72
103 37 104
102 37 40
102 37 72
102 37 104
101 37 40
101 37 72
101 37 104
101 37 136
100 37 40
100 37 72
100 37 104
100 37 136
99 37 40
99 37 72
99 37 104
99 37 136
99 37 168
98 37 40
98 37 72
98 37 104
98 37 136
98 37 168
98 37 200
97 37 40
97 37 72
97 37 104
97 37 136
97 37 168
97 37 200
97 37 232
97 38 40
97 38 72
97 38 104
97 38 136
97 38 168
97 38 200
97 38 232
96 38 40
96 38 72
96 38 104
96 38 136
96 38 168
96 38 200
96 38 232
96 38 264
96 38 296
95 38 40
95 38 72
95 38 104
95 38 136
95 38 168
95 38 200
95 38 232
95 38 264
95 38 296
95 38 328
95 39 40
95 39 72
95 39 104
95 39 136
95 39 168
95 39 200
95 39 232
95 39 264
95 39 296
95 39 328
95 40 40
95 40 72
95 40 104
95 40 136
95 40 168
95 40 200
95 40 232
95 40 264
95 40 296
95 40 328
95 41 40
95 41 72
95 41 104
95 41 136
95 41 168
95 41 200
95 41 232
95 41 264
95 41 296
95 41 328
95 42 40
95 42 72
95 42 104
95 42 136
95 42 168
95 42 200
95 42 232
95 42 264
95 42 296
95 42 328
95 43 40
95 43 72
95 43 104
95 43 136
95 43 168
95 43 200
95 43 232
95 43 264
95 43 296
95 43 328
95 44 40
95 44 72
95 44 104
95 44 136
95 44 168
95 44 200
95 44 232
95 44 264
95 44 296
95 44 328
95 45 40
95 45 72
95 45 104
95 45 136
95 45 168
95 45 200
95 45 232
95 45 264
95 45 296
95 46 40
95 46 72
95 46 104
95 46 136
95 46 168
95 46 200
95 46 232
95 46 264
95 46 296
95 47 40
95 47 72
95 47 104
95 47 136
95 47 168
95 47 200
95 47 232
95 47 264
95 48 40
95 48 72
95 48 104
95 48 136
95 48 168
95 48 200
95 48 232
95 48 264
95 49 40
95 49 72
95 49 104
95 49 136
95 49 168
95 49 200
95 49 232
95 50 40
95 50 72
95 50 104
95 50 136
95 50 168
95 50 200
95 50 232
95 51 40
95 51 72
95 51 104
95 51 136
95 51 168
95 51 200
95 52 40
95 52 72
95 52 104
95 52 136
95 52 168
95 52 200
95 53 40
95 53 72
95 53 104
95 53 136
95 53 168
95 54 40
95 54 72
95 54 104
95 54 136
95 55 40
95 55 72
95 55 104
95 55 136
95 56 40
95 56 72
95 56 104
94 56 40
94 56 72
94 56 104
94 57 40
94 57 72
94 57 104
93 57 40
93 57 72
93 57 104
93 58 40
93 58 72
93 58 104
92 58 40
92 58 72
92 58 104
91 58 40
91 58 72
91 59 40
91 59 72
90 59 40
90 59 72
90 60 40
90 60 72
89 60 40
87 60 40
86 60 40
85 60 40
84 60 40
83 60 40
82 60 40
81 60 40
80 60 40
79 60 40
78 60 40
77 60 40
76 60 40
75 60 40
74 60 40
73 60 40
72 60 40
71 60 40
71 60 72
70 60 40
70 60 72
69 60 40
69 60 72
68 60 40
68 60 72
67 60 40
67 60 72
65 60 40
65 60 72
64 60 40
64 60 72
63 60 40
63 60 72
62 60 40
62 60 72
61 60 40
60 60 40
59 60 40
58 60 40
57 60 40
56 60 40
55 60 40
54 60 40
53 60 40
52 60 40
52 59 40
52 58 40
52 57 40
52 56 40
52 55 40
