0 0 100
0 20 100
0 40 100
0 60 100
0 80 100
0 100 100
0 120 100
0 140 100
0 160 100
0 180 100
0 199 100
11 10 100
11 30 100
11 50 100
11 70 100
11 90 100
11 110 100
11 130 100
11 150 100
11 170 100
11 190 100
22 0 100
22 20 100
22 40 100
22 60 100
22 80 100
22 100 100
22 120 100
22 140 100
22 160 100
22 180 100
22 199 100
33 10 100
33 30 100
33 50 100
33 70 100
33 90 100
33 110 100
33 130 100
33 150 100
33 170 100
33 190 100
44 0 100
44 20 100
44 40 100
44 60 100
44 80 100
44 100 100
44 120 100
44 140 100
44 160 100
44 180 100
44 199 100
55 10 100
55 30 100
55 50 100
55 70 100
55 90 100
55 110 100
55 130 100
55 150 100
55 170 100
55 190 100
66 0 100
66 20 100
66 40 100
66 60 100
66 80 100
66 100 100
66 120 100
66 140 100
66 160 100
66 180 100
66 199 100
77 10 100
77 30 100
77 50 100
77 70 100
77 90 100
77 110 100
77 130 100
77 150 100
77 170 100
77 190 100
88 0 100
88 20 100
88 40 100
88 60 100
88 80 100
88 100 100
88 120 100
88 140 100
88 160 100
88 180 100
88 199 100
99 10 100
99 30 100
99 50 100
99 70 100
99 90 100
99 110 100
99 130 100
99 150 100
99 170 100
99 190 100
110 0 100
110 20 100
110 40 100
110 60 100
110 80 100
110 100 100
110 120 100
110 140 100
110 160 100
110 180 100
110 199 100
121 10 100
121 30 100
121 50 100
121 70 100
121 90 100
121 110 100
121 130 100
121 150 100
121 170 100
121 190 100
132 0 100
132 20 100
132 40 100
132 60 100
132 80 100
132 100 100
132 120 100
132 140 100
132 160 100
132 180 100
132 199 100
143 10 100
143 30 100
143 50 100
143 70 100
143 90 100
143 110 100
143 130 100
143 150 100
143 170 100
143 190 100
154 0 100
154 20 100
154 40 100
154 60 100
154 80 100
154 100 100
154 120 100
154 140 100
154 160 100
154 180 100
154 199 100
165 10 100
165 30 100
165 50 100
165 70 100
165 90 100
165 110 100
165 130 100
165 150 100
165 170 100
165 190 100
176 0 100
176 20 100
176 40 100
176 60 100
176 80 100
176 100 100
176 120 100
176 140 100
176 160 100
176 180 100
176 199 100
187 10 100
187 30 100
187 50 100
187 70 100
187 90 100
187 110 100
187 130 100
187 150 100
187 170 100
187 190 100
198 0 100
198 20 100
198 40 100
198 60 100
198 80 100
198 100 100
198 120 100
198 140 100
198 160 100
198 180 100
198 199 100
0 0 100
0 80 100
0 100 100
0 180 100
0 199 100
11 10 100
11 30 100
11 50 100
11 70 100
11 90 100
11 130 100
11 150 100
11 170 100
22 0 100
22 40 100
22 60 100
22 80 100
22 140 100
22 160 100
22 180 100
33 30 100
33 70 100
33 90 100
33 130 100
33 170 100
44 0 100
44 100 100
55 10 100
55 110 100
55 130 100
66 0 100
66 100 100
66 160 100
66 199 100
77 30 100
77 70 100
77 150 100
77 190 100
88 0 100
88 20 100
88 40 100
88 60 100
88 80 100
88 180 100
88 199 100
99 10 100
99 30 100
99 70 100
99 150 100
99 190 100
110 0 100
110 20 100
110 40 100
110 60 100
110 100 100
110 140 100
110 180 100
110 199 100
121 30 100
121 50 100
121 110 100
121 170 100
121 190 100
132 0 100
132 20 100
132 40 100
132 60 100
132 100 100
132 120 100
132 160 100
132 180 100
132 199 100
143 30 100
143 70 100
143 110 100
143 150 100
143 170 100
154 0 100
154 60 100
154 80 100
154 140 100
154 160 100
154 199 100
165 10 100
165 70 100
165 90 100
165 130 100
165 150 100
165 170 100
165 190 100
176 0 100
176 60 100
176 80 100
176 120 100
176 140 100
176 160 100
176 180 100
176 199 100
187 50 100
187 90 100
187 110 100
187 130 100
198 0 100
198 80 100
198 100 100
112 168 40
65 135 40
40 155 40
25 0 40
25 0 42
25 0 44
25 0 46
61 199 40
7 178 40
7 178 42
7 178 44
193 24 40
160 46 40
1 57 40
138 56 40
138 56 42
138 56 44
138 56 46
138 56 48
139 140 40
49 77 40
82 116 40
82 117 40
82 118 40
82 119 40
82 120 40
82 121 40
82 122 40
82 123 40
82 124 40
82 125 40
82 126 40
82 127 40
81 127 40
80 127 40
80 128 40
80 129 40
79 129 40
78 129 40
78 130 40
78 131 40
77 131 40
77 132 40
76 132 40
76 133 40
75 133 40
75 134 40
75 135 40
74 135 40
73 135 40
72 135 40
71 135 40
70 135 40
69 135 40
68 135 40
67 135 40
66 135 40
138 140 40
137 140 40
136 140 40
135 140 40
134 140 40
133 140 40
133 141 40
132 141 40
131 141 40
131 142 40
131 143 40
130 143 40
130 144 40
129 144 40
129 145 40
128 145 40
128 146 40
128 147 40
127 147 40
127 148 40
126 148 40
126 149 40
125 149 40
125 150 40
124 150 40
124 151 40
123 151 40
123 152 40
122 152 40
122 153 40
121 153 40
121 154 40
120 154 40
120 155 40
119 155 40
119 156 40
118 156 40
118 157 40
117 157 40
117 158 40
116 158 40
115 158 40
115 159 40
114 159 40
114 160 40
113 160 40
113 161 40
112 161 40
112 162 40
112 163 40
112 164 40
112 165 40
112 166 40
112 167 40
50 77 40
51 77 40
52 77 40
53 77 40
54 77 40
55 77 40
55 78 40
55 79 40
56 79 40
56 80 40
56 81 40
57 81 40
57 82 40
58 82 40
58 83 40
59 83 40
59 84 40
60 84 40
60 85 40
61 85 40
62 85 40
63 85 40
64 85 40
65 85 40
66 85 40
67 85 40
68 85 40
69 85 40
70 85 40
70 86 40
71 86 40
72 86 40
72 87 40
73 87 40
74 87 40
74 87 42
74 88 40
74 88 42
75 88 40
75 88 42
75 89 40
75 89 42
76 89 40
76 89 42
76 90 40
76 90 42
77 91 40
77 91 42
77 91 44
78 91 40
78 91 42
78 91 44
78 92 40
78 92 42
78 92 44
79 92 40
79 92 42
79 92 44
79 92 46
79 93 40
79 93 42
79 93 44
79 93 46
80 93 40
80 93 42
80 93 44
80 93 46
80 94 40
80 94 42
80 94 44
80 94 46
81 94 40
81 94 42
81 94 44
81 94 46
81 95 40
81 95 42
81 95 44
81 95 46
82 95 40
82 95 42
82 95 44
82 95 46
82 96 40
82 96 42
82 96 44
82 96 46
83 96 40
83 96 42
83 96 44
83 96 46
83 97 40
83 97 42
83 97 44
83 97 46
84 97 40
84 97 42
84 97 44
84 98 40
84 98 42
84 98 44
84 99 40
84 99 42
84 99 44
84 100 40
84 100 42
84 100 44
84 101 40
84 101 42
84 101 44
84 102 40
84 102 42
84 102 44
84 103 40
84 103 42
84 104 40
84 104 42
84 105 40
84 105 42
84 106 40
84 107 40
84 108 40
84 109 40
84 110 40
84 111 40
84 112 40
84 113 40
84 114 40
84 115 40
84 116 40
83 116 40
60 199 40
59 199 40
58 199 40
57 199 40
56 199 40
55 199 40
54 199 40
53 199 40
52 199 40
52 198 40
52 197 40
52 196 40
52 195 40
52 194 40
52 193 40
52 192 40
52 191 40
52 190 40
52 189 40
52 188 40
52 187 40
52 186 40
52 185 40
52 184 40
52 183 40
52 182 40
52 181 40
52 180 40
52 179 40
52 178 40
52 177 40
52 176 40
52 175 40
52 174 40
52 173 40
52 172 40
52 171 40
52 170 40
52 169 40
52 168 40
51 168 40
51 167 40
51 166 40
51 165 40
51 164 40
50 164 40
50 163 40
50 162 40
50 161 40
50 160 40
50 159 40
50 158 40
50 157 40
50 156 40
50 155 40
49 155 40
48 155 40
47 155 40
46 155 40
45 155 40
44 155 40
43 155 40
42 155 40
41 155 40
2 57 40
2 56 40
2 55 40
2 54 40
2 53 40
2 52 40
3 52 40
4 52 40
5 52 40
6 52 40
7 52 40
8 52 40
9 52 40
10 52 40
11 52 40
11 52 42
12 52 40
12 52 42
13 52 40
13 52 42
13 52 44
14 52 40
14 52 42
14 52 44
14 52 46
15 52 40
15 52 42
15 52 44
15 52 46
15 52 48
16 52 40
16 52 42
16 52 44
16 52 46
16 52 48
16 52 50
16 52 52
17 52 40
17 52 42
17 52 44
17 52 46
17 52 48
17 52 50
17 52 52
17 52 54
17 52 56
17 52 58
18 52 40
18 52 42
18 52 44
18 52 46
18 52 48
18 52 50
18 52 52
18 52 54
18 52 56
18 52 58
18 52 60
18 52 62
18 52 64
19 52 40
19 52 42
19 52 44
19 52 46
19 52 48
19 52 50
19 52 52
19 52 54
19 52 56
19 52 58
19 52 60
19 52 62
19 52 64
19 52 66
19 52 68
19 52 70
20 52 40
20 52 42
20 52 44
20 52 46
20 52 48
20 52 50
20 52 52
20 52 54
20 52 56
20 52 58
20 52 60
20 52 62
20 52 64
20 52 66
20 52 68
20 52 70
20 52 72
20 52 74
20 52 76
21 52 40
21 52 42
21 52 44
21 52 46
21 52 48
21 52 50
21 52 52
21 52 54
21 52 56
21 52 58
21 52 60
21 52 62
21 52 64
21 52 66
21 52 68
21 52 70
21 52 72
21 52 74
21 52 76
21 52 78
21 52 80
22 52 40
22 52 42
22 52 44
22 52 46
22 52 48
22 52 50
22 52 52
22 52 54
22 52 56
22 52 58
22 52 60
22 52 62
22 52 64
22 52 66
22 52 68
22 52 70
22 52 72
22 52 74
22 52 76
22 52 78
22 52 80
22 52 82
23 52 40
23 52 42
23 52 44
23 52 46
23 52 48
23 52 50
23 52 52
23 52 54
23 52 56
23 52 58
23 52 60
23 52 62
23 52 64
23 52 66
23 52 68
23 52 70
23 52 72
23 52 74
23 52 76
23 52 78
23 52 80
23 52 82
23 52 84
24 52 40
24 52 42
24 52 44
24 52 46
24 52 48
24 52 50
24 52 52
24 52 54
24 52 56
24 52 58
24 52 60
24 52 62
24 52 64
24 52 66
24 52 68
24 52 70
24 52 72
24 52 74
24 52 76
24 52 78
24 52 80
24 52 82
25 52 40
25 52 42
25 52 44
25 52 46
25 52 48
25 52 50
25 52 52
25 52 54
25 52 56
25 52 58
25 52 60
25 52 62
25 52 64
25 52 66
25 52 68
25 52 70
25 52 72
25 52 74
25 52 76
25 52 78
26 52 40
26 52 42
26 52 44
26 52 46
26 52 48
26 52 50
26 52 52
26 52 54
26 52 56
26 52 58
26 52 60
26 52 62
26 52 64
26 52 66
26 52 68
26 52 70
26 52 72
26 52 74
27 52 40
27 52 42
27 52 44
27 52 46
27 52 48
27 52 50
27 52 52
27 52 54
27 52 56
27 52 58
27 52 60
27 52 62
27 52 64
27 52 66
27 52 68
28 52 40
28 52 42
28 52 44
28 52 46
28 52 48
28 52 50
28 52 52
28 52 54
28 52 56
28 52 58
28 52 60
28 52 62
29 52 40
29 52 42
29 52 44
29 52 46
29 52 48
29 52 50
29 52 52
29 52 54
29 52 56
30 52 40
30 52 42
30 52 44
30 52 46
30 52 48
30 52 50
31 52 40
31 52 42
31 52 44
31 52 46
32 52 40
32 52 42
32 52 44
33 52 40
33 52 42
34 52 40
34 52 42
35 52 40
35 52 42
36 52 40
37 52 40
38 52 40
39 52 40
40 52 40
41 52 40
42 52 40
43 52 40
44 52 40
45 52 40
46 52 40
47 52 40
48 52 40
49 52 40
50 52 40
51 52 40
52 52 40
52 53 40
52 54 40
52 55 40
53 55 40
53 56 40
53 57 40
53 58 40
53 59 40
53 60 40
53 61 40
53 62 40
53 63 40
53 64 40
53 65 40
53 66 40
53 67 40
53 68 40
53 69 40
53 70 40
53 71 40
53 72 40
53 73 40
53 74 40
53 75 40
53 76 40
7 179 40
7 179 42
7 179 44
7 180 40
7 180 42
7 180 44
7 181 40
7 181 42
7 182 40
7 182 42
7 183 40
7 183 42
7 184 40
7 184 42
7 185 40
7 185 42
8 185 40
8 186 40
9 186 40
10 186 40
10 187 40
11 187 40
12 187 40
12 188 40
13 188 40
14 188 40
14 189 40
15 189 40
15 190 40
16 190 40
16 191 40
17 191 40
18 191 40
19 191 40
20 191 40
21 191 40
22 191 40
23 191 40
23 191 42
24 191 40
24 191 42
25 191 40
25 191 42
26 191 40
26 191 42
26 191 44
27 191 40
27 191 42
27 191 44
28 191 40
28 191 42
28 191 44
29 191 40
29 191 42
29 191 44
30 191 40
30 191 42
30 191 44
31 191 40
31 191 42
32 191 40
32 191 42
33 191 40
34 191 40
35 191 40
36 191 40
37 191 40
38 191 40
39 191 40
40 191 40
41 191 40
42 191 40
43 191 40
44 191 40
45 191 40
46 191 40
47 191 40
48 191 40
49 191 40
50 191 40
51 191 40
138 57 40
138 57 42
138 57 44
138 57 46
138 57 48
138 58 40
138 58 42
138 58 44
138 58 46
138 58 48
138 59 40
138 59 42
138 59 44
138 59 46
138 59 48
138 60 40
138 60 42
138 60 44
138 60 46
138 60 48
138 61 40
138 61 42
138 61 44
138 61 46
138 61 48
138 62 40
138 62 42
138 62 44
138 62 46
138 62 48
138 63 40
138 63 42
138 63 44
138 63 46
138 63 48
138 64 40
138 64 42
138 64 44
138 64 46
138 64 48
138 65 40
138 65 42
138 65 44
138 65 46
138 65 48
138 66 40
138 66 42
138 66 44
138 66 46
138 66 48
138 67 40
138 67 42
138 67 44
138 67 46
138 67 48
138 68 40
138 68 42
138 68 44
138 68 46
138 68 48
138 69 40
138 69 42
138 69 44
138 69 46
138 70 40
138 70 42
138 70 44
138 70 46
138 71 40
138 71 42
138 71 44
138 72 40
138 72 42
138 72 44
138 73 40
138 73 42
138 73 44
138 74 40
138 74 42
138 75 40
138 75 42
138 76 40
138 76 42
138 77 40
138 77 42
138 78 40
138 79 40
138 80 40
138 81 40
138 82 40
137 82 40
136 82 40
135 82 40
134 82 40
133 82 40
132 82 40
131 82 40
130 82 40
129 82 40
128 82 40
127 82 40
126 82 40
125 82 40
124 82 40
123 82 40
122 82 40
121 82 40
120 82 40
119 82 40
118 82 40
117 82 40
116 82 40
115 82 40
114 82 40
114 83 40
113 83 40
112 83 40
112 84 40
111 84 40
110 84 40
110 85 40
109 85 40
109 86 40
108 86 40
107 86 40
107 87 40
106 87 40
106 88 40
105 88 40
105 89 40
104 89 40
103 89 40
103 89 42
103 90 40
103 90 42
102 90 40
102 90 42
102 91 40
102 91 42
101 91 40
101 91 42
101 92 40
101 92 42
100 92 40
100 92 42
100 92 44
100 93 40
100 93 42
100 93 44
99 93 40
99 93 42
99 93 44
99 94 40
99 94 42
99 94 44
98 94 40
98 94 42
98 94 44
98 94 46
98 95 40
98 95 42
98 95 44
98 95 46
97 95 40
97 95 42
97 95 44
97 95 46
97 96 40
97 96 42
97 96 44
97 96 46
96 96 40
96 96 42
96 96 44
96 96 46
96 97 40
96 97 42
96 97 44
95 97 40
95 97 42
95 97 44
95 98 40
95 98 42
95 98 44
94 98 40
94 98 42
94 99 40
94 99 42
93 99 40
93 99 42
92 99 40
92 99 42
91 99 40
91 99 42
90 99 40
90 99 42
89 99 40
89 99 42
88 99 40
88 99 42
87 99 40
87 99 42
86 99 40
86 99 42
85 99 40
85 99 42
85 99 44
159 46 40
158 46 40
157 46 40
156 46 40
155 46 40
154 46 40
153 46 40
153 47 40
152 47 40
152 48 40
151 48 40
151 49 40
150 49 40
150 50 40
149 50 40
149 51 40
148 51 40
148 52 40
147 52 40
147 53 40
146 53 40
146 54 40
145 54 40
145 54 42
144 54 40
144 54 42
144 55 40
144 55 42
143 55 40
143 55 42
143 55 44
143 56 40
143 56 42
143 56 44
142 56 40
142 56 42
142 56 44
141 56 40
141 56 42
141 56 44
141 56 46
140 56 40
140 56 42
140 56 44
140 56 46
139 56 40
139 56 42
139 56 44
139 56 46
139 56 48
192 24 40
191 24 40
191 25 40
190 25 40
189 25 40
188 25 40
187 25 40
187 26 40
187 27 40
186 27 40
185 27 40
185 28 40
185 29 40
184 29 40
183 29 40
182 29 40
181 29 40
181 30 40
180 30 40
180 31 40
179 31 40
178 31 40
178 32 40
177 32 40
176 32 40
176 33 40
175 33 40
175 34 40
175 35 40
174 35 40
173 35 40
172 35 40
171 35 40
170 35 40
169 35 40
169 36 40
168 36 40
167 36 40
167 37 40
166 37 40
165 37 40
164 37 40
164 38 40
164 39 40
163 39 40
163 40 40
163 41 40
162 41 40
161 41 40
160 41 40
160 42 40
160 43 40
160 44 40
160 45 40
