0 0 100
0 20 100
0 40 100
0 60 100
0 80 100
0 100 100
0 120 100
0 140 100
0 160 100
0 180 100
0 199 100
11 10 100
11 30 100
11 50 100
11 70 100
11 90 100
11 110 100
11 130 100
11 150 100
11 170 100
11 190 100
22 0 100
22 20 100
22 40 100
22 60 100
22 80 100
22 100 100
22 120 100
22 140 100
22 160 100
22 180 100
22 199 100
33 10 100
33 30 100
33 50 100
33 70 100
33 90 100
33 110 100
33 130 100
33 150 100
33 170 100
33 190 100
44 0 100
44 20 100
44 40 100
44 60 100
44 80 100
44 100 100
44 120 100
44 140 100
44 160 100
44 180 100
44 199 100
55 10 100
55 30 100
55 50 100
55 70 100
55 90 100
55 110 100
55 130 100
55 150 100
55 170 100
55 190 100
66 0 100
66 20 100
66 40 100
66 60 100
66 80 100
66 100 100
66 120 100
66 140 100
66 160 100
66 180 100
66 199 100
77 10 100
77 30 100
77 50 100
77 70 100
77 90 100
77 110 100
77 130 100
77 150 100
77 170 100
77 190 100
88 0 100
88 20 100
88 40 100
88 60 100
88 80 100
88 100 100
88 120 100
88 140 100
88 160 100
88 180 100
88 199 100
99 10 100
99 30 100
99 50 100
99 70 100
99 90 100
99 110 100
99 130 100
99 150 100
99 170 100
99 190 100
110 0 100
110 20 100
110 40 100
110 60 100
110 80 100
110 100 100
110 120 100
110 140 100
110 160 100
110 180 100
110 199 100
121 10 100
121 30 100
121 50 100
121 70 100
121 90 100
121 110 100
121 130 100
121 150 100
121 170 100
121 190 100
132 0 100
132 20 100
132 40 100
132 60 100
132 80 100
132 100 100
132 120 100
132 140 100
132 160 100
132 180 100
132 199 100
143 10 100
143 30 100
143 50 100
143 70 100
143 90 100
143 110 100
143 130 100
143 150 100
143 170 100
143 190 100
154 0 100
154 20 100
154 40 100
154 60 100
154 80 100
154 100 100
154 120 100
154 140 100
154 160 100
154 180 100
154 199 100
165 10 100
165 30 100
165 50 100
165 70 100
165 90 100
165 110 100
165 130 100
165 150 100
165 170 100
165 190 100
176 0 100
176 20 100
176 40 100
176 60 100
176 80 100
176 100 100
176 120 100
176 140 100
176 160 100
176 180 100
176 199 100
187 10 100
187 30 100
187 50 100
187 70 100
187 90 100
187 110 100
187 130 100
187 150 100
187 170 100
187 190 100
198 0 100
198 20 100
198 40 100
198 60 100
198 80 100
198 100 100
198 120 100
198 140 100
198 160 100
198 180 100
198 199 100
0 60 100
0 80 100
0 100 100
0 120 100
0 140 100
0 160 100
0 180 100
0 199 100
11 50 100
11 70 100
11 110 100
11 130 100
11 150 100
11 170 100
11 190 100
22 20 100
22 60 100
22 140 100
22 160 100
22 180 100
33 30 100
33 50 100
33 70 100
33 150 100
44 20 100
44 40 100
44 60 100
44 80 100
55 10 100
55 30 100
55 50 100
55 70 100
66 0 100
66 20 100
66 40 100
66 60 100
77 10 100
77 30 100
77 50 100
77 70 100
88 0 100
88 20 100
88 40 100
88 60 100
99 10 100
99 30 100
99 50 100
110 0 100
110 20 100
110 60 100
110 80 100
110 100 100
121 10 100
121 30 100
121 50 100
121 70 100
121 90 100
121 110 100
132 0 100
132 80 100
132 100 100
132 120 100
143 90 100
143 110 100
143 130 100
154 80 100
154 100 100
154 120 100
154 140 100
154 199 100
165 90 100
165 110 100
165 130 100
165 150 100
165 190 100
176 80 100
176 100 100
176 120 100
176 140 100
176 160 100
176 180 100
176 199 100
187 70 100
187 90 100
187 110 100
187 130 100
187 150 100
187 170 100
187 190 100
198 60 100
198 80 100
198 100 100
198 120 100
198 140 100
198 199 100
85 126 40
123 190 40
197 154 40
197 154 168
143 14 40
191 1 40
170 64 40
170 64 168
54 180 40
55 180 40
56 180 40
57 180 40
58 180 40
59 180 40
60 180 40
61 180 40
62 180 40
63 180 40
64 180 40
65 180 40
67 180 40
68 180 40
69 180 40
70 180 40
71 180 40
72 180 40
73 180 40
74 180 40
75 180 40
76 180 40
77 180 40
78 180 40
79 180 40
80 180 40
81 180 40
82 180 40
83 180 40
84 180 40
85 180 40
86 180 40
87 180 40
89 180 40
90 180 40
91 180 40
92 180 40
93 180 40
94 180 40
95 180 40
96 180 40
97 180 40
98 180 40
99 180 40
100 180 40
101 180 40
102 180 40
103 180 40
104 180 40
105 180 40
106 180 40
107 180 40
108 180 40
109 180 40
111 180 40
112 180 40
112 181 40
113 181 40
113 182 40
113 183 40
114 183 40
115 183 40
116 183 40
117 183 40
118 183 40
119 183 40
120 183 40
121 183 40
121 184 40
121 185 40
122 185 40
123 185 40
123 186 40
123 187 40
123 188 40
123 189 40
169 64 40
169 64 168
168 64 40
168 64 168
167 64 40
167 64 168
166 64 40
166 64 168
165 64 40
165 64 168
164 64 40
164 64 168
163 64 40
163 64 168
162 64 40
162 64 168
161 64 40
161 64 168
160 64 40
160 64 168
159 64 40
159 64 168
158 64 40
158 64 168
157 64 40
157 64 168
156 64 40
156 64 168
155 64 40
155 64 168
154 64 40
153 64 40
152 64 40
151 64 40
150 64 40
149 64 40
148 64 40
147 64 40
146 64 40
145 64 40
144 64 40
143 64 40
142 64 40
141 64 40
140 64 40
139 64 40
138 64 40
137 64 40
136 64 40
135 64 40
134 64 40
133 64 40
132 64 40
131 64 40
131 64 168
130 64 40
130 64 168
129 64 40
129 64 168
128 64 40
128 64 168
128 65 40
128 65 168
127 65 40
127 65 168
126 65 40
126 65 168
126 66 40
126 66 168
125 66 40
125 66 168
125 67 40
125 67 168
124 67 40
124 67 168
123 67 40
123 67 168
122 67 40
122 67 168
121 67 40
121 67 168
120 67 40
120 67 168
119 67 40
119 67 168
118 67 40
117 67 40
116 67 40
115 67 40
114 67 40
113 67 40
113 67 168
112 67 40
112 67 168
111 67 40
111 67 168
110 67 40
110 67 168
110 68 40
110 68 168
109 68 40
109 68 168
108 68 40
108 68 168
108 69 40
108 69 168
107 69 40
107 69 168
107 70 40
107 70 168
106 70 40
106 70 168
106 71 40
106 71 168
105 71 40
105 71 168
105 72 40
105 72 168
104 72 40
104 72 168
103 72 40
103 72 168
103 73 40
103 73 168
102 73 40
102 73 168
102 74 40
102 74 168
101 74 40
101 74 168
101 75 40
101 75 168
100 75 40
100 75 168
100 76 40
100 76 168
100 77 40
100 77 168
99 77 40
99 77 168
99 78 40
99 78 168
98 78 40
98 78 168
98 79 40
98 79 168
97 79 40
97 79 168
97 80 40
97 80 168
96 80 40
96 80 168
96 81 40
96 81 168
95 81 40
95 81 168
95 82 40
95 82 168
95 83 40
95 83 168
94 83 40
94 83 168
94 84 40
94 84 168
94 85 40
94 85 168
93 85 40
93 85 168
93 86 40
93 86 168
93 87 40
93 87 168
93 88 40
93 88 168
92 88 40
92 88 168
92 89 40
92 89 168
92 90 40
92 90 168
91 90 40
91 91 40
91 92 40
91 93 40
91 94 40
91 95 40
91 96 40
90 96 40
90 97 40
89 97 40
89 98 40
89 99 40
88 99 40
88 101 40
87 101 40
87 102 40
87 103 40
87 104 40
87 105 40
87 106 40
87 107 40
87 108 40
87 109 40
87 110 40
87 111 40
87 112 40
87 113 40
87 114 40
87 115 40
87 116 40
87 117 40
87 118 40
87 119 40
86 119 40
85 119 40
85 120 40
85 121 40
85 122 40
85 123 40
85 124 40
85 125 40
143 15 40
143 16 40
143 17 40
143 18 40
143 19 40
143 20 40
143 21 40
143 22 40
143 23 40
143 24 40
143 25 40
143 26 40
143 27 40
143 28 40
143 29 40
143 31 40
143 32 40
143 33 40
143 34 40
143 35 40
143 36 40
143 37 40
143 38 40
143 39 40
143 40 40
143 41 40
143 42 40
143 43 40
143 44 40
143 45 40
143 46 40
143 47 40
143 48 40
143 49 40
143 51 40
143 52 40
143 53 40
143 54 40
143 55 40
143 56 40
143 57 40
143 58 40
143 59 40
143 60 40
143 61 40
143 62 40
143 63 40
190 1 40
189 1 40
188 1 40
187 1 40
186 1 40
185 1 40
184 1 40
183 1 40
182 1 40
181 1 40
180 1 40
179 1 40
178 1 40
177 1 40
176 1 40
175 1 40
174 1 40
173 1 40
172 1 40
171 1 40
170 1 40
169 1 40
168 1 40
167 1 40
166 1 40
165 1 40
165 2 40
165 3 40
165 4 40
165 5 40
164 5 40
163 5 40
163 6 40
162 6 40
161 6 40
161 7 40
161 8 40
160 8 40
159 8 40
158 8 40
157 8 40
157 9 40
157 10 40
156 10 40
155 10 40
155 11 40
155 12 40
155 13 40
154 13 40
153 13 40
153 14 40
152 14 40
151 14 40
150 14 40
149 14 40
148 14 40
147 14 40
146 14 40
145 14 40
144 14 40
