0 0 100
0 20 100
0 40 100
0 60 100
0 80 100
0 100 100
0 120 100
0 140 100
0 160 100
0 180 100
0 199 100
11 10 100
11 30 100
11 50 100
11 70 100
11 90 100
11 110 100
11 130 100
11 150 100
11 170 100
11 190 100
22 0 100
22 20 100
22 40 100
22 60 100
22 80 100
22 100 100
22 120 100
22 140 100
22 160 100
22 180 100
22 199 100
33 10 100
33 30 100
33 50 100
33 70 100
33 90 100
33 110 100
33 130 100
33 150 100
33 170 100
33 190 100
44 0 100
44 20 100
44 40 100
44 60 100
44 80 100
44 100 100
44 120 100
44 140 100
44 160 100
44 180 100
44 199 100
55 10 100
55 30 100
55 50 100
55 70 100
55 90 100
55 110 100
55 130 100
55 150 100
55 170 100
55 190 100
66 0 100
66 20 100
66 40 100
66 60 100
66 80 100
66 100 100
66 120 100
66 140 100
66 160 100
66 180 100
66 199 100
77 10 100
77 30 100
77 50 100
77 70 100
77 90 100
77 110 100
77 130 100
77 150 100
77 170 100
77 190 100
88 0 100
88 20 100
88 40 100
88 60 100
88 80 100
88 100 100
88 120 100
88 140 100
88 160 100
88 180 100
88 199 100
99 10 100
99 30 100
99 50 100
99 70 100
99 90 100
99 110 100
99 130 100
99 150 100
99 170 100
99 190 100
110 0 100
110 20 100
110 40 100
110 60 100
110 80 100
110 100 100
110 120 100
110 140 100
110 160 100
110 180 100
110 199 100
121 10 100
121 30 100
121 50 100
121 70 100
121 90 100
121 110 100
121 130 100
121 150 100
121 170 100
121 190 100
132 0 100
132 20 100
132 40 100
132 60 100
132 80 100
132 100 100
132 120 100
132 140 100
132 160 100
132 180 100
132 199 100
143 10 100
143 30 100
143 50 100
143 70 100
143 90 100
143 110 100
143 130 100
143 150 100
143 170 100
143 190 100
154 0 100
154 20 100
154 40 100
154 60 100
154 80 100
154 100 100
154 120 100
154 140 100
154 160 100
154 180 100
154 199 100
165 10 100
165 30 100
165 50 100
165 70 100
165 90 100
165 110 100
165 130 100
165 150 100
165 170 100
165 190 100
176 0 100
176 20 100
176 40 100
176 60 100
176 80 100
176 100 100
176 120 100
176 140 100
176 160 100
176 180 100
176 199 100
187 10 100
187 30 100
187 50 100
187 70 100
187 90 100
187 110 100
187 130 100
187 150 100
187 170 100
187 190 100
198 0 100
198 20 100
198 40 100
198 60 100
198 80 100
198 100 100
198 120 100
198 140 100
198 160 100
198 180 100
198 199 100
0 0 100
0 40 100
0 60 100
0 80 100
0 120 100
0 140 100
0 160 100
11 50 100
11 90 100
11 170 100
11 190 100
22 0 100
22 60 100
22 80 100
22 100 100
22 140 100
22 180 100
22 199 100
33 10 100
33 50 100
33 70 100
33 90 100
33 110 100
33 130 100
33 170 100
33 190 100
44 20 100
44 40 100
44 100 100
44 180 100
44 199 100
55 30 100
55 50 100
55 70 100
55 110 100
55 170 100
55 190 100
66 20 100
66 40 100
66 60 100
66 80 100
66 100 100
66 120 100
66 140 100
77 10 100
77 30 100
77 50 100
77 70 100
77 90 100
77 110 100
88 140 100
88 160 100
88 180 100
88 199 100
99 70 100
99 130 100
99 150 100
99 170 100
110 0 100
110 20 100
110 40 100
110 80 100
110 120 100
110 160 100
110 199 100
121 10 100
121 30 100
121 50 100
121 70 100
121 90 100
121 110 100
121 130 100
121 150 100
121 170 100
132 0 100
132 40 100
132 60 100
132 100 100
132 120 100
132 140 100
132 180 100
143 50 100
143 190 100
154 20 100
154 140 100
154 160 100
154 180 100
154 199 100
165 10 100
165 30 100
165 50 100
165 70 100
165 90 100
165 130 100
165 150 100
165 170 100
176 0 100
176 20 100
176 40 100
176 60 100
176 80 100
176 100 100
176 160 100
187 10 100
187 50 100
187 70 100
187 90 100
187 110 100
187 150 100
187 170 100
198 0 100
198 40 100
198 60 100
198 80 100
198 120 100
198 160 100
198 199 100
13 30 40
54 83 40
173 184 40
143 156 40
194 23 40
33 61 40
103 186 40
182 135 40
80 3 40
113 60 40
33 62 40
33 63 40
33 64 40
33 65 40
33 66 40
33 66 41
34 66 40
35 66 40
36 66 40
37 66 40
38 66 40
39 66 40
40 66 40
41 66 40
42 66 40
43 66 40
44 66 40
45 66 40
46 66 40
46 67 40
46 68 40
46 69 40
46 70 40
46 71 40
46 72 40
46 73 40
46 74 40
46 75 40
46 76 40
46 77 40
47 77 40
47 78 40
47 79 40
48 79 40
48 80 40
49 80 40
49 81 40
50 81 40
50 82 40
50 83 40
51 83 40
52 83 40
53 83 40
79 3 40
78 3 40
77 3 40
76 3 40
75 3 40
74 3 40
73 3 40
72 3 40
71 3 40
70 3 40
69 3 40
68 3 40
67 3 40
67 3 41
66 3 40
66 3 41
65 3 40
65 3 41
64 3 40
64 3 41
64 2 40
63 2 40
62 2 40
62 1 40
61 1 40
60 1 40
60 0 40
59 0 40
58 0 40
57 0 40
56 0 40
55 0 40
54 0 40
53 0 40
52 0 40
51 0 40
50 0 40
49 0 40
48 0 40
47 0 40
46 0 40
45 0 40
43 0 40
42 0 40
41 0 40
40 0 40
39 0 40
38 0 40
37 0 40
36 0 40
35 0 40
35 0 41
34 0 40
34 0 41
34 0 42
33 0 40
33 0 41
33 0 42
33 0 43
32 0 40
32 0 41
32 0 42
32 0 43
32 0 44
31 0 40
31 0 41
31 0 42
31 0 43
31 0 44
31 0 45
30 0 40
30 0 41
30 0 42
30 0 43
30 0 44
30 0 45
30 0 46
30 0 47
29 0 40
29 0 41
29 0 42
29 0 43
29 0 44
29 0 45
29 0 46
29 0 47
29 0 48
28 0 40
28 0 41
28 0 42
28 0 43
28 0 44
28 0 45
28 0 46
28 0 47
28 0 48
28 0 49
27 0 40
27 0 41
27 0 42
27 0 43
27 0 44
27 0 45
27 0 46
27 0 47
27 0 48
27 0 49
26 0 40
26 0 41
26 0 42
26 0 43
26 0 44
26 0 45
26 0 46
26 0 47
26 0 48
26 0 49
25 0 40
25 0 41
25 0 42
25 0 43
25 0 44
25 0 45
25 0 46
25 0 47
25 0 48
24 0 40
24 0 41
24 0 42
24 0 43
24 0 44
24 0 45
24 0 46
24 0 47
23 0 40
23 0 41
23 0 42
23 0 43
23 0 44
23 0 45
21 0 40
21 0 41
21 0 42
21 1 40
21 1 41
21 1 42
21 2 40
21 2 41
21 2 42
20 2 40
20 2 41
20 3 40
20 3 41
20 4 40
20 4 41
20 5 40
20 5 41
19 5 40
19 6 40
19 7 40
18 7 40
18 8 40
17 8 40
17 9 40
17 10 40
16 10 40
16 11 40
16 12 40
15 12 40
15 13 40
15 14 40
14 14 40
14 15 40
14 16 40
14 17 40
13 17 40
13 18 40
13 19 40
13 20 40
13 21 40
13 22 40
13 23 40
13 24 40
13 25 40
13 26 40
13 27 40
13 28 40
13 29 40
112 60 40
111 60 40
109 60 40
109 59 40
108 59 40
108 58 40
107 58 40
107 57 40
106 57 40
105 57 40
105 56 40
104 56 40
103 56 40
103 55 40
102 55 40
101 55 40
100 55 40
99 55 40
98 55 40
98 54 40
97 54 40
97 53 40
97 52 40
96 52 40
96 51 40
96 50 40
96 49 40
96 48 40
95 48 40
95 47 40
95 46 40
95 45 40
95 44 40
95 43 40
95 42 40
95 41 40
95 40 40
95 39 40
95 38 40
95 37 40
96 37 40
96 36 40
96 35 40
96 34 40
96 33 40
96 32 40
96 31 40
96 30 40
96 29 40
96 28 40
96 27 40
96 26 40
96 25 40
96 24 40
96 23 40
96 22 40
96 21 40
96 20 40
96 19 40
96 18 40
96 17 40
96 16 40
96 15 40
96 14 40
96 13 40
96 12 40
96 11 40
96 10 40
96 9 40
96 8 40
95 8 40
95 7 40
95 6 40
95 5 40
95 4 40
94 4 40
94 3 40
93 3 40
92 3 40
91 3 40
90 3 40
89 3 40
88 3 40
87 3 40
86 3 40
85 3 40
84 3 40
83 3 40
82 3 40
81 3 40
194 24 40
194 25 40
194 26 40
194 27 40
194 28 40
193 28 40
192 28 40
192 29 40
191 29 40
191 30 40
190 30 40
190 31 40
189 31 40
189 32 40
188 32 40
188 33 40
187 33 40
187 34 40
186 34 40
186 35 40
185 35 40
185 36 40
184 36 40
184 37 40
183 37 40
183 38 40
182 38 40
181 38 40
181 39 40
181 39 41
180 39 40
180 39 41
180 40 40
180 40 41
179 40 40
179 40 41
179 41 40
179 41 41
178 41 40
178 41 41
178 42 40
178 42 41
178 42 42
177 42 40
177 42 41
177 42 42
177 43 40
177 43 41
177 43 42
176 43 40
176 43 41
176 43 42
176 44 40
176 44 41
176 44 42
176 44 43
175 44 40
175 44 41
175 44 42
175 44 43
175 45 40
175 45 41
175 45 42
175 45 43
175 45 44
174 45 40
174 45 41
174 45 42
174 45 43
174 46 40
174 46 41
174 46 42
174 46 43
174 46 44
173 46 40
173 46 41
173 46 42
173 46 43
173 46 44
172 46 40
172 46 41
172 46 42
172 46 43
172 47 40
172 47 41
172 47 42
172 47 43
172 47 44
171 47 40
171 47 41
171 47 42
171 47 43
171 47 44
171 48 40
171 48 41
171 48 42
171 48 43
171 48 44
171 48 45
170 48 40
170 48 41
170 48 42
170 48 43
170 48 44
169 48 40
169 48 41
169 48 42
169 48 43
169 48 44
168 48 40
168 48 41
168 48 42
168 48 43
167 48 40
167 48 41
167 48 42
167 48 43
166 48 40
166 48 41
166 48 42
165 48 40
165 48 41
165 48 42
164 48 40
164 48 41
164 48 42
163 48 40
163 48 41
163 48 42
162 48 40
162 48 41
161 48 40
161 48 41
160 48 40
160 48 41
159 48 40
158 48 40
157 48 40
156 48 40
156 47 40
155 47 40
155 46 40
155 45 40
154 45 40
154 44 40
153 44 40
153 43 40
152 43 40
152 42 40
152 41 40
151 41 40
151 40 40
151 39 40
151 38 40
150 38 40
150 37 40
150 36 40
150 35 40
149 35 40
149 34 40
149 33 40
149 32 40
149 31 40
148 31 40
148 30 40
147 30 40
147 29 40
146 29 40
146 28 40
146 27 40
145 27 40
145 26 40
144 26 40
144 25 40
143 25 40
143 24 40
142 24 40
142 23 40
142 22 40
141 22 40
140 22 40
139 22 40
138 22 40
137 22 40
136 22 40
135 22 40
134 22 40
133 22 40
132 22 40
132 22 41
131 22 40
131 22 41
130 22 40
130 22 41
130 22 42
129 22 40
129 22 41
129 22 42
129 22 43
128 22 40
128 22 41
128 22 42
128 22 43
128 22 44
127 22 40
127 22 41
127 22 42
127 22 43
127 22 44
127 22 45
127 22 46
126 22 40
126 22 41
126 22 42
126 22 43
126 22 44
126 22 45
126 22 46
126 22 47
126 22 48
126 22 49
125 22 40
125 22 41
125 22 42
125 22 43
125 22 44
125 22 45
125 22 46
125 22 47
125 22 48
125 22 49
125 22 50
125 22 51
125 22 52
124 22 40
124 22 41
124 22 42
124 22 43
124 22 44
124 22 45
124 22 46
124 22 47
124 22 48
124 22 49
124 22 50
124 22 51
124 22 52
124 22 53
124 22 54
124 22 55
124 22 56
123 22 40
123 22 41
123 22 42
123 22 43
123 22 44
123 22 45
123 22 46
123 22 47
123 22 48
123 22 49
123 22 50
123 22 51
123 22 52
123 22 53
123 22 54
123 22 55
123 22 56
123 22 57
123 22 58
123 22 59
122 22 40
122 22 41
122 22 42
122 22 43
122 22 44
122 22 45
122 22 46
122 22 47
122 22 48
122 22 49
122 22 50
122 22 51
122 22 52
122 22 53
122 22 54
122 22 55
122 22 56
122 22 57
122 22 58
122 22 59
122 22 60
122 22 61
122 22 62
122 22 63
121 22 40
121 22 41
121 22 42
121 22 43
121 22 44
121 22 45
121 22 46
121 22 47
121 22 48
121 22 49
121 22 50
121 22 51
121 22 52
121 22 53
121 22 54
121 22 55
121 22 56
121 22 57
121 22 58
121 22 59
121 22 60
121 22 61
121 22 62
121 22 63
121 22 64
121 22 65
120 22 40
120 22 41
120 22 42
120 22 43
120 22 44
120 22 45
120 22 46
120 22 47
120 22 48
120 22 49
120 22 50
120 22 51
120 22 52
120 22 53
120 22 54
120 22 55
120 22 56
120 22 57
120 22 58
120 22 59
120 22 60
120 22 61
120 22 62
120 22 63
120 22 64
120 22 65
120 22 66
119 22 40
119 22 41
119 22 42
119 22 43
119 22 44
119 22 45
119 22 46
119 22 47
119 22 48
119 22 49
119 22 50
119 22 51
119 22 52
119 22 53
119 22 54
119 22 55
119 22 56
119 22 57
119 22 58
119 22 59
119 22 60
119 22 61
119 22 62
119 22 63
119 22 64
119 22 65
119 22 66
119 22 67
118 22 40
118 22 41
118 22 42
118 22 43
118 22 44
118 22 45
118 22 46
118 22 47
118 22 48
118 22 49
118 22 50
118 22 51
118 22 52
118 22 53
118 22 54
118 22 55
118 22 56
118 22 57
118 22 58
118 22 59
118 22 60
118 22 61
118 22 62
118 22 63
118 22 64
118 22 65
118 22 66
117 22 40
117 22 41
117 22 42
117 22 43
117 22 44
117 22 45
117 22 46
117 22 47
117 22 48
117 22 49
117 22 50
117 22 51
117 22 52
117 22 53
117 22 54
117 22 55
117 22 56
117 22 57
117 22 58
117 22 59
117 22 60
117 22 61
117 22 62
117 22 63
117 22 64
116 22 40
116 22 41
116 22 42
116 22 43
116 22 44
116 22 45
116 22 46
116 22 47
116 22 48
116 22 49
116 22 50
116 22 51
116 22 52
116 22 53
116 22 54
116 22 55
116 22 56
116 22 57
116 22 58
116 22 59
116 22 60
116 22 61
115 22 40
115 22 41
115 22 42
115 22 43
115 22 44
115 22 45
115 22 46
115 22 47
115 22 48
115 22 49
115 22 50
115 22 51
115 22 52
115 22 53
115 22 54
115 22 55
115 22 56
115 22 57
114 22 40
114 22 41
114 22 42
114 22 43
114 22 44
114 22 45
114 22 46
114 22 47
114 22 48
114 22 49
114 22 50
114 22 51
114 22 52
114 22 53
113 22 40
113 22 41
113 22 42
113 22 43
113 22 44
113 22 45
113 22 46
113 22 47
113 22 48
113 22 49
113 22 50
112 22 40
112 22 41
112 22 42
112 22 43
112 22 44
112 22 45
112 22 46
111 22 40
111 22 41
111 22 42
111 22 43
111 22 44
110 22 40
110 22 41
110 22 42
110 22 43
109 22 40
109 22 41
109 22 42
108 22 40
108 22 41
107 22 40
107 22 41
106 22 40
105 22 40
104 22 40
103 22 40
102 22 40
101 22 40
100 22 40
99 22 40
98 22 40
97 22 40
182 134 40
182 133 40
182 132 40
182 131 40
182 130 40
182 129 40
182 128 40
182 127 40
182 126 40
181 126 40
181 125 40
180 125 40
180 124 40
179 124 40
179 123 40
178 123 40
178 122 40
177 122 40
177 122 41
177 121 40
177 121 41
176 121 40
176 121 41
176 121 42
175 120 40
175 120 41
175 120 42
175 120 43
175 119 40
175 119 41
175 119 42
175 119 43
174 119 40
174 119 41
174 119 42
174 119 43
174 119 44
174 118 40
174 118 41
174 118 42
174 118 43
174 118 44
173 118 40
173 118 41
173 118 42
173 118 43
173 118 44
173 117 40
173 117 41
173 117 42
173 117 43
173 117 44
172 117 40
172 117 41
172 117 42
172 117 43
172 117 44
171 117 40
171 117 41
171 117 42
171 117 43
171 117 44
171 116 40
171 116 41
171 116 42
171 116 43
170 116 40
170 116 41
170 116 42
170 116 43
169 116 40
169 116 41
169 116 42
169 115 40
169 115 41
169 115 42
168 115 40
168 115 41
167 115 40
167 115 41
166 115 40
166 115 41
165 115 40
165 115 41
164 115 40
164 115 41
163 115 40
162 115 40
161 115 40
160 115 40
159 115 40
158 115 40
157 115 40
156 115 40
155 115 40
154 115 40
154 114 40
154 113 40
154 112 40
153 112 40
153 111 40
152 111 40
152 110 40
152 109 40
152 108 40
152 107 40
152 106 40
152 105 40
152 104 40
152 103 40
152 102 40
151 102 40
151 101 40
151 100 40
151 99 40
151 98 40
150 98 40
150 97 40
150 96 40
150 95 40
150 94 40
149 94 40
149 93 40
149 92 40
149 91 40
149 90 40
149 89 40
149 88 40
149 87 40
149 86 40
149 85 40
149 84 40
149 83 40
149 82 40
149 81 40
149 80 40
149 79 40
149 78 40
149 77 40
149 76 40
149 75 40
149 74 40
149 73 40
149 72 40
149 71 40
149 70 40
149 69 40
149 68 40
150 68 40
150 67 40
151 67 40
151 66 40
151 65 40
152 65 40
152 64 40
152 63 40
153 63 40
153 62 40
154 62 40
154 62 41
154 61 40
154 61 41
155 60 40
155 60 41
155 60 42
155 59 40
155 59 41
155 59 42
155 59 43
156 59 40
156 59 41
156 59 42
156 59 43
156 59 44
156 58 40
156 58 41
156 58 42
156 58 43
156 58 44
156 58 45
156 57 40
156 57 41
156 57 42
156 57 43
156 57 44
156 56 40
156 56 41
156 56 42
156 56 43
156 56 44
156 55 40
156 55 41
156 55 42
156 55 43
156 54 40
156 54 41
156 54 42
156 53 40
156 53 41
156 52 40
156 52 41
156 51 40
156 50 40
156 49 40
143 155 40
143 154 40
143 153 40
144 153 40
144 152 40
145 152 40
145 151 40
145 150 40
145 149 40
145 148 40
145 147 40
145 146 40
145 145 40
145 144 40
145 143 40
145 142 40
145 141 40
145 140 40
145 139 40
145 138 40
145 137 40
145 136 40
145 135 40
145 134 40
145 133 40
145 132 40
145 131 40
145 130 40
145 129 40
145 128 40
146 128 40
146 127 40
147 127 40
147 126 40
148 126 40
148 125 40
149 125 40
149 124 40
150 124 40
150 123 40
150 122 40
151 122 40
151 121 40
152 121 40
152 120 40
152 119 40
153 119 40
153 118 40
153 117 40
154 117 40
154 116 40
173 183 40
173 182 40
173 181 40
173 180 40
172 180 40
172 179 40
172 178 40
171 178 40
171 177 40
171 176 40
170 176 40
170 175 40
169 175 40
169 174 40
169 174 41
168 174 40
168 173 40
168 173 41
167 173 40
167 173 41
167 172 40
167 172 41
167 171 40
167 171 41
167 171 42
167 170 40
167 170 41
167 170 42
167 170 43
167 169 40
167 169 41
167 169 42
167 169 43
167 169 44
167 169 45
167 168 40
167 168 41
167 168 42
167 168 43
167 168 44
167 168 45
167 168 46
167 167 40
167 167 41
167 167 42
167 167 43
167 167 44
167 167 45
167 167 46
167 167 47
167 167 48
167 166 40
167 166 41
167 166 42
167 166 43
167 166 44
167 166 45
167 166 46
167 166 47
167 166 48
167 166 49
167 165 40
167 165 41
167 165 42
167 165 43
167 165 44
167 165 45
167 165 46
167 165 47
167 165 48
167 165 49
167 164 40
167 164 41
167 164 42
167 164 43
167 164 44
167 164 45
167 164 46
167 164 47
167 164 48
167 164 49
167 163 40
167 163 41
167 163 42
167 163 43
167 163 44
167 163 45
167 163 46
167 163 47
167 163 48
167 162 40
167 162 41
167 162 42
167 162 43
167 162 44
167 162 45
167 162 46
167 162 47
167 162 48
167 161 40
167 161 41
167 161 42
167 161 43
167 161 44
167 161 45
167 161 46
167 161 47
167 160 40
167 160 41
167 160 42
167 160 43
167 160 44
167 160 45
167 160 46
167 159 40
167 159 41
167 159 42
167 159 43
167 159 44
167 159 45
167 158 40
167 158 41
167 158 42
167 158 43
167 158 44
167 158 45
167 157 40
167 157 41
167 157 42
167 157 43
167 157 44
167 156 40
167 156 41
167 156 42
167 156 43
167 156 44
167 155 40
167 155 41
167 155 42
167 155 43
167 155 44
167 154 40
167 154 41
167 154 42
167 154 43
167 154 44
167 153 40
167 153 41
167 153 42
167 153 43
167 153 44
167 152 40
167 152 41
167 152 42
167 152 43
167 152 44
167 151 40
167 151 41
167 151 42
167 151 43
167 151 44
168 151 40
168 151 41
168 151 42
168 151 43
168 151 44
168 151 45
168 150 40
168 150 41
168 150 42
168 150 43
168 150 44
168 150 45
168 150 46
169 150 40
169 150 41
169 150 42
169 150 43
169 150 44
169 150 45
169 150 46
169 150 47
169 149 40
169 149 41
169 149 42
169 149 43
169 149 44
169 149 45
169 149 46
169 149 47
170 149 40
170 149 41
170 149 42
170 149 43
170 149 44
170 149 45
170 149 46
170 149 47
170 148 40
170 148 41
170 148 42
170 148 43
170 148 44
170 148 45
170 148 46
170 148 47
171 148 40
171 148 41
171 148 42
171 148 43
171 148 44
171 148 45
171 148 46
171 148 47
172 148 40
172 148 41
172 148 42
172 148 43
172 148 44
172 148 45
172 148 46
172 148 47
172 147 40
172 147 41
172 147 42
172 147 43
172 147 44
172 147 45
172 147 46
172 147 47
173 147 40
173 147 41
173 147 42
173 147 43
173 147 44
173 147 45
173 147 46
173 146 40
173 146 41
173 146 42
173 146 43
173 146 44
173 146 45
174 146 40
174 146 41
174 146 42
174 146 43
174 146 44
174 146 45
174 145 40
174 145 41
174 145 42
174 145 43
174 145 44
175 145 40
175 145 41
175 145 42
175 145 43
175 144 40
175 144 41
175 144 42
175 144 43
176 144 40
176 144 41
176 144 42
176 143 40
176 143 41
177 143 40
177 143 41
177 142 40
177 142 41
178 142 40
178 141 40
179 141 40
179 140 40
180 140 40
180 139 40
181 139 40
181 138 40
182 138 40
182 137 40
182 136 40
103 187 40
103 188 40
103 189 40
103 190 40
102 190 40
102 191 40
101 191 40
101 192 40
100 192 40
99 192 40
98 192 40
97 192 40
96 192 40
96 192 41
95 192 40
95 192 41
94 192 40
94 192 41
94 192 42
93 192 40
93 192 41
93 192 42
93 192 43
92 192 40
92 192 41
92 192 42
92 192 43
92 192 44
92 192 45
91 192 40
91 192 41
91 192 42
91 192 43
91 192 44
91 192 45
91 192 46
91 192 47
90 192 40
90 192 41
90 192 42
90 192 43
90 192 44
90 192 45
90 192 46
90 192 47
90 192 48
89 192 40
89 192 41
89 192 42
89 192 43
89 192 44
89 192 45
89 192 46
89 192 47
89 192 48
88 192 40
88 192 41
88 192 42
88 192 43
88 192 44
88 192 45
88 192 46
88 192 47
88 192 48
87 192 40
87 192 41
87 192 42
87 192 43
87 192 44
87 192 45
87 192 46
87 192 47
86 192 40
86 192 41
86 192 42
86 192 43
86 192 44
86 192 45
86 192 46
85 192 40
85 192 41
85 192 42
85 192 43
85 192 44
84 192 40
84 192 41
84 192 42
84 192 43
83 192 40
83 192 41
83 192 42
82 192 40
82 192 41
81 192 40
80 192 40
79 192 40
78 192 40
77 192 40
76 192 40
75 192 40
74 192 40
74 191 40
74 190 40
74 189 40
74 188 40
73 188 40
73 187 40
73 186 40
73 185 40
73 184 40
73 184 41
73 183 40
73 183 41
73 182 40
73 182 41
73 181 40
73 181 41
73 181 42
73 180 40
73 180 41
73 180 42
73 179 40
73 179 41
73 179 42
73 178 40
73 178 41
73 177 40
73 177 41
73 176 40
73 176 41
73 175 40
73 174 40
73 173 40
73 172 40
73 171 40
73 170 40
73 169 40
73 168 40
73 167 40
73 166 40
73 165 40
73 164 40
73 163 40
73 162 40
73 161 40
73 160 40
73 159 40
73 158 40
73 157 40
74 157 40
74 156 40
75 156 40
75 156 41
75 155 40
75 155 41
76 155 40
76 155 41
76 155 42
76 154 40
76 154 41
76 154 42
77 154 40
77 154 41
77 154 42
77 153 40
77 153 41
77 153 42
78 153 40
78 153 41
78 153 42
78 153 43
78 152 40
78 152 41
78 152 42
78 152 43
79 152 40
79 152 41
79 152 42
79 152 43
79 151 40
79 151 41
79 151 42
79 151 43
80 151 40
80 151 41
80 151 42
80 151 43
80 151 44
80 150 40
80 150 41
80 150 42
80 150 43
81 150 40
81 150 41
81 150 42
81 150 43
81 150 44
81 150 45
81 149 40
81 149 41
81 149 42
81 149 43
81 149 44
82 149 40
82 149 41
82 149 42
82 149 43
82 149 44
82 149 45
82 149 46
82 148 40
82 148 41
82 148 42
82 148 43
82 148 44
82 148 45
83 148 40
83 148 41
83 148 42
83 148 43
83 148 44
83 148 45
83 148 46
83 148 47
83 147 40
83 147 41
83 147 42
83 147 43
83 147 44
83 147 45
83 147 46
84 147 40
84 147 41
84 147 42
84 147 43
84 147 44
84 147 45
84 147 46
84 147 47
84 147 48
84 147 49
84 146 40
84 146 41
84 146 42
84 146 43
84 146 44
84 146 45
84 146 46
84 146 47
84 146 48
84 145 40
84 145 41
84 145 42
84 145 43
84 145 44
84 145 45
84 145 46
84 145 47
84 144 40
84 144 41
84 144 42
84 144 43
84 144 44
84 144 45
84 143 40
84 143 41
84 143 42
84 143 43
84 143 44
84 142 40
84 142 41
84 142 42
84 142 43
84 141 40
84 141 41
84 141 42
84 140 40
84 140 41
84 139 40
84 139 41
84 138 40
84 137 40
84 136 40
84 135 40
84 134 40
84 133 40
84 132 40
84 131 40
84 130 40
84 129 40
84 128 40
85 128 40
85 127 40
86 127 40
86 126 40
86 125 40
87 125 40
87 124 40
88 124 40
88 123 40
89 123 40
89 122 40
90 122 40
90 121 40
91 121 40
91 120 40
91 120 41
92 120 40
92 120 41
92 119 40
92 119 41
93 119 40
93 119 41
93 118 40
93 118 41
94 118 40
94 118 41
94 117 40
94 117 41
95 117 40
95 117 41
95 117 42
95 116 40
95 116 41
95 116 42
96 116 40
96 116 41
96 116 42
96 115 40
96 115 41
96 115 42
96 114 40
96 114 41
96 114 42
96 113 40
96 113 41
96 112 40
96 112 41
96 111 40
96 111 41
96 110 40
96 110 41
96 109 40
96 108 40
96 107 40
96 106 40
96 105 40
96 104 40
96 103 40
96 102 40
96 101 40
96 100 40
96 99 40
96 98 40
96 97 40
96 96 40
96 95 40
96 94 40
96 93 40
96 92 40
96 91 40
96 90 40
95 90 40
95 89 40
95 88 40
94 88 40
94 87 40
94 86 40
93 86 40
93 85 40
92 85 40
92 84 40
91 84 40
91 83 40
90 83 40
90 82 40
90 81 40
90 80 40
90 79 40
90 78 40
90 78 41
90 77 40
90 77 41
90 76 40
90 76 41
90 76 42
90 75 40
90 75 41
90 75 42
90 75 43
90 74 40
90 74 41
90 74 42
90 74 43
90 74 44
90 73 40
90 73 41
90 73 42
90 73 43
90 73 44
90 73 45
90 72 40
90 72 41
90 72 42
90 72 43
90 72 44
90 72 45
90 71 40
90 71 41
90 71 42
90 71 43
90 71 44
90 71 45
90 70 40
90 70 41
90 70 42
90 70 43
90 70 44
90 69 40
90 69 41
90 69 42
90 69 43
90 68 40
90 68 41
90 68 42
90 67 40
90 67 41
90 66 40
90 66 41
90 65 40
90 64 40
90 63 40
90 62 40
90 61 40
91 61 40
91 60 40
92 60 40
92 59 40
93 59 40
93 58 40
94 58 40
94 57 40
95 57 40
95 56 40
96 56 40
96 55 40
97 55 40
