0 0 100
0 20 100
0 40 100
0 60 100
0 80 100
0 100 100
0 120 100
0 140 100
0 160 100
0 180 100
0 199 100
11 10 100
11 30 100
11 50 100
11 70 100
11 90 100
11 110 100
11 130 100
11 150 100
11 170 100
11 190 100
22 0 100
22 20 100
22 40 100
22 60 100
22 80 100
22 100 100
22 120 100
22 140 100
22 160 100
22 180 100
22 199 100
33 10 100
33 30 100
33 50 100
33 70 100
33 90 100
33 110 100
33 130 100
33 150 100
33 170 100
33 190 100
44 0 100
44 20 100
44 40 100
44 60 100
44 80 100
44 100 100
44 120 100
44 140 100
44 160 100
44 180 100
44 199 100
55 10 100
55 30 100
55 50 100
55 70 100
55 90 100
55 110 100
55 130 100
55 150 100
55 170 100
55 190 100
66 0 100
66 20 100
66 40 100
66 60 100
66 80 100
66 100 100
66 120 100
66 140 100
66 160 100
66 180 100
66 199 100
77 10 100
77 30 100
77 50 100
77 70 100
77 90 100
77 110 100
77 130 100
77 150 100
77 170 100
77 190 100
88 0 100
88 20 100
88 40 100
88 60 100
88 80 100
88 100 100
88 120 100
88 140 100
88 160 100
88 180 100
88 199 100
99 10 100
99 30 100
99 50 100
99 70 100
99 90 100
99 110 100
99 130 100
99 150 100
99 170 100
99 190 100
110 0 100
110 20 100
110 40 100
110 60 100
110 80 100
110 100 100
110 120 100
110 140 100
110 160 100
110 180 100
110 199 100
121 10 100
121 30 100
121 50 100
121 70 100
121 90 100
121 110 100
121 130 100
121 150 100
121 170 100
121 190 100
132 0 100
132 20 100
132 40 100
132 60 100
132 80 100
132 100 100
132 120 100
132 140 100
132 160 100
132 180 100
132 199 100
143 10 100
143 30 100
143 50 100
143 70 100
143 90 100
143 110 100
143 130 100
143 150 100
143 170 100
143 190 100
154 0 100
154 20 100
154 40 100
154 60 100
154 80 100
154 100 100
154 120 100
154 140 100
154 160 100
154 180 100
154 199 100
165 10 100
165 30 100
165 50 100
165 70 100
165 90 100
165 110 100
165 130 100
165 150 100
165 170 100
165 190 100
176 0 100
176 20 100
176 40 100
176 60 100
176 80 100
176 100 100
176 120 100
176 140 100
176 160 100
176 180 100
176 199 100
187 10 100
187 30 100
187 50 100
187 70 100
187 90 100
187 110 100
187 130 100
187 150 100
187 170 100
187 190 100
198 0 100
198 20 100
198 40 100
198 60 100
198 80 100
198 100 100
198 120 100
198 140 100
198 160 100
198 180 100
198 199 100
0 0 100
0 40 100
0 60 100
0 80 100
0 120 100
0 180 100
11 10 100
11 30 100
11 110 100
11 130 100
11 150 100
11 170 100
22 20 100
22 120 100
22 160 100
22 180 100
22 199 100
33 30 100
33 70 100
33 110 100
33 150 100
33 170 100
33 190 100
44 0 100
44 20 100
44 40 100
44 60 100
44 80 100
44 120 100
44 140 100
44 160 100
44 199 100
55 10 100
55 30 100
55 50 100
55 70 100
55 130 100
55 150 100
66 0 100
66 20 100
66 40 100
66 80 100
66 100 100
66 140 100
77 10 100
77 30 100
77 90 100
77 110 100
77 130 100
77 190 100
88 0 100
88 40 100
88 80 100
88 100 100
88 120 100
88 180 100
88 199 100
99 10 100
99 30 100
99 90 100
99 110 100
99 130 100
110 0 100
110 40 100
110 80 100
110 120 100
110 140 100
110 180 100
110 199 100
121 70 100
121 90 100
121 130 100
121 170 100
121 190 100
132 80 100
132 100 100
132 140 100
132 180 100
143 10 100
143 30 100
143 50 100
143 90 100
143 110 100
143 130 100
143 150 100
143 170 100
154 0 100
154 20 100
154 40 100
154 100 100
154 120 100
154 140 100
154 160 100
165 10 100
165 30 100
165 90 100
165 110 100
165 130 100
165 150 100
165 170 100
176 20 100
176 40 100
176 80 100
176 100 100
176 140 100
176 160 100
176 180 100
187 30 100
187 50 100
187 90 100
187 130 100
187 170 100
198 20 100
198 120 100
198 140 100
0 21 40
137 125 40
137 125 168
183 189 40
59 113 40
116 66 40
189 7 40
62 59 40
62 60 40
62 61 40
62 62 40
62 63 40
62 64 40
62 65 40
62 66 40
62 67 40
61 67 40
61 68 40
60 68 40
60 69 40
59 69 40
58 69 40
58 69 168
58 70 40
58 70 168
57 70 40
57 70 168
56 70 40
56 70 168
56 71 40
56 71 168
55 71 40
55 71 168
54 71 40
54 71 168
54 71 296
54 72 40
54 72 168
54 72 296
53 72 40
53 72 168
53 72 296
52 72 40
52 72 168
52 72 296
52 72 424
51 72 40
51 72 168
51 72 296
51 72 424
51 73 40
51 73 168
51 73 296
51 73 424
51 73 552
51 74 40
51 74 168
51 74 296
51 74 424
51 74 552
51 75 40
51 75 168
51 75 296
51 75 424
51 75 552
51 76 40
51 76 168
51 76 296
51 76 424
51 77 40
51 77 168
51 77 296
51 77 424
51 78 40
51 78 168
51 78 296
51 78 424
51 79 40
51 79 168
51 79 296
51 80 40
51 80 168
51 80 296
51 81 40
51 81 168
51 81 296
51 82 40
51 82 168
51 82 296
51 83 40
51 83 168
51 84 40
51 84 168
51 85 40
51 85 168
51 86 40
51 86 168
51 87 40
51 87 168
51 88 40
51 88 168
51 89 40
51 90 40
51 91 40
51 92 40
51 93 40
51 94 40
51 95 40
51 96 40
51 97 40
51 98 40
51 99 40
51 100 40
51 101 40
51 102 40
51 103 40
51 104 40
51 105 40
52 105 40
52 106 40
52 107 40
53 107 40
53 108 40
54 108 40
54 109 40
55 109 40
56 110 40
56 111 40
57 111 40
57 112 40
58 112 40
58 113 40
116 65 40
116 64 40
115 64 40
114 64 40
113 64 40
112 64 40
111 64 40
110 64 40
109 64 40
108 64 40
107 64 40
106 64 40
105 64 40
104 64 40
103 64 40
102 64 40
101 64 40
100 64 40
99 64 40
98 64 40
97 64 40
96 64 40
95 64 40
94 64 40
93 64 40
92 64 40
91 64 40
90 64 40
89 64 40
88 64 40
87 64 40
86 64 40
85 64 40
84 64 40
83 64 40
82 64 40
81 64 40
80 64 40
79 64 40
78 64 40
77 64 40
76 64 40
75 64 40
74 64 40
73 64 40
72 64 40
71 64 40
70 64 40
69 64 40
68 64 40
67 64 40
66 64 40
65 64 40
64 64 40
63 64 40
190 7 40
190 7 168
191 7 40
191 7 168
192 7 40
192 7 168
193 7 40
193 7 168
194 7 40
194 7 168
195 7 40
195 7 168
196 7 40
196 7 168
196 8 40
196 8 168
196 8 296
196 9 40
196 9 168
196 9 296
196 10 40
196 10 168
196 10 296
196 11 40
196 11 168
196 11 296
196 11 424
196 12 40
196 12 168
196 12 296
196 12 424
196 13 40
196 13 168
196 13 296
196 13 424
196 13 552
196 14 40
196 14 168
196 14 296
196 14 424
196 14 552
196 15 40
196 15 168
196 15 296
196 15 424
196 15 552
196 15 680
196 16 40
196 16 168
196 16 296
196 16 424
196 16 552
196 16 680
196 17 40
196 17 168
196 17 296
196 17 424
196 17 552
196 17 680
196 18 40
196 18 168
196 18 296
196 18 424
196 18 552
196 18 680
196 19 40
196 19 168
196 19 296
196 19 424
196 19 552
196 19 680
196 20 40
196 20 168
196 20 296
196 20 424
196 20 552
196 20 680
196 21 40
196 21 168
196 21 296
196 21 424
196 21 552
196 22 40
196 22 168
196 22 296
196 22 424
196 22 552
196 23 40
196 23 168
196 23 296
196 23 424
196 24 40
196 24 168
196 24 296
196 24 424
196 25 40
196 25 168
196 25 296
196 26 40
196 26 168
196 26 296
196 27 40
196 27 168
196 28 40
196 28 168
196 29 40
196 29 168
196 30 40
196 30 168
196 31 40
196 31 168
196 32 40
196 32 168
196 33 40
196 33 168
196 34 40
196 34 168
196 35 40
196 35 168
196 36 40
196 36 168
196 37 40
196 37 168
196 38 40
196 38 168
197 38 40
197 38 168
197 39 40
197 39 168
198 39 40
198 39 168
199 40 40
199 40 168
199 41 40
199 41 168
199 42 40
199 42 168
199 43 40
199 43 168
199 44 40
199 44 168
199 45 40
199 45 168
199 46 40
199 46 168
199 47 40
199 47 168
199 48 40
199 48 168
199 49 40
199 49 168
199 50 40
199 50 168
199 51 40
199 51 168
199 52 40
199 52 168
199 53 40
199 53 168
199 54 40
199 54 168
199 55 40
199 55 168
199 56 40
199 56 168
199 57 40
199 57 168
199 58 40
199 58 168
199 59 40
199 59 168
199 60 40
199 60 168
199 61 40
199 61 168
199 62 40
199 62 168
199 63 40
199 64 40
199 65 40
198 65 40
197 65 40
197 66 40
196 66 40
196 67 40
195 67 40
194 67 40
193 67 40
192 67 40
191 67 40
190 67 40
189 67 40
188 67 40
187 67 40
186 67 40
185 67 40
184 67 40
183 67 40
183 66 40
182 66 40
181 66 40
180 66 40
179 66 40
178 66 40
177 66 40
176 66 40
175 66 40
174 66 40
173 66 40
172 66 40
171 66 40
170 66 40
169 66 40
168 66 40
167 66 40
166 66 40
165 66 40
164 66 40
163 66 40
162 66 40
161 66 40
161 67 40
160 67 40
159 67 40
158 67 40
157 67 40
156 67 40
155 67 40
154 67 40
153 67 40
152 67 40
151 67 40
150 67 40
149 67 40
148 67 40
147 67 40
146 67 40
145 67 40
144 67 40
144 67 168
143 67 40
143 67 168
142 67 40
142 67 168
141 67 40
141 67 168
140 67 40
140 67 168
140 66 40
140 66 168
139 66 40
139 66 168
138 66 40
138 66 168
138 65 40
138 65 168
137 65 40
137 65 168
137 64 40
137 64 168
136 64 40
136 64 168
136 63 40
136 63 168
135 63 40
135 63 168
135 62 40
135 62 168
134 62 40
134 62 168
134 61 40
134 61 168
133 61 40
133 61 168
133 60 40
133 60 168
132 59 40
132 59 168
131 59 40
131 59 168
131 58 40
131 58 168
130 58 40
130 58 168
130 57 40
130 57 168
129 57 40
129 57 168
129 56 40
129 56 168
128 56 40
128 56 168
128 55 40
127 55 40
126 55 40
125 55 40
124 55 40
123 55 40
122 55 40
121 55 40
120 55 40
119 55 40
118 55 40
117 55 40
116 55 40
115 55 40
115 56 40
114 56 40
114 57 40
113 57 40
112 57 40
112 58 40
112 59 40
112 60 40
112 61 40
112 62 40
112 63 40
