0 0 100
0 20 100
0 40 100
0 60 100
0 80 100
0 100 100
0 120 100
0 140 100
0 160 100
0 180 100
0 199 100
11 10 100
11 30 100
11 50 100
11 70 100
11 90 100
11 110 100
11 130 100
11 150 100
11 170 100
11 190 100
22 0 100
22 20 100
22 40 100
22 60 100
22 80 100
22 100 100
22 120 100
22 140 100
22 160 100
22 180 100
22 199 100
33 10 100
33 30 100
33 50 100
33 70 100
33 90 100
33 110 100
33 130 100
33 150 100
33 170 100
33 190 100
44 0 100
44 20 100
44 40 100
44 60 100
44 80 100
44 100 100
44 120 100
44 140 100
44 160 100
44 180 100
44 199 100
55 10 100
55 30 100
55 50 100
55 70 100
55 90 100
55 110 100
55 130 100
55 150 100
55 170 100
55 190 100
66 0 100
66 20 100
66 40 100
66 60 100
66 80 100
66 100 100
66 120 100
66 140 100
66 160 100
66 180 100
66 199 100
77 10 100
77 30 100
77 50 100
77 70 100
77 90 100
77 110 100
77 130 100
77 150 100
77 170 100
77 190 100
88 0 100
88 20 100
88 40 100
88 60 100
88 80 100
88 100 100
88 120 100
88 140 100
88 160 100
88 180 100
88 199 100
99 10 100
99 30 100
99 50 100
99 70 100
99 90 100
99 110 100
99 130 100
99 150 100
99 170 100
99 190 100
110 0 100
110 20 100
110 40 100
110 60 100
110 80 100
110 100 100
110 120 100
110 140 100
110 160 100
110 180 100
110 199 100
121 10 100
121 30 100
121 50 100
121 70 100
121 90 100
121 110 100
121 130 100
121 150 100
121 170 100
121 190 100
132 0 100
132 20 100
132 40 100
132 60 100
132 80 100
132 100 100
132 120 100
132 140 100
132 160 100
132 180 100
132 199 100
143 10 100
143 30 100
143 50 100
143 70 100
143 90 100
143 110 100
143 130 100
143 150 100
143 170 100
143 190 100
154 0 100
154 20 100
154 40 100
154 60 100
154 80 100
154 100 100
154 120 100
154 140 100
154 160 100
154 180 100
154 199 100
165 10 100
165 30 100
165 50 100
165 70 100
165 90 100
165 110 100
165 130 100
165 150 100
165 170 100
165 190 100
176 0 100
176 20 100
176 40 100
176 60 100
176 80 100
176 100 100
176 120 100
176 140 100
176 160 100
176 180 100
176 199 100
187 10 100
187 30 100
187 50 100
187 70 100
187 90 100
187 110 100
187 130 100
187 150 100
187 170 100
187 190 100
198 0 100
198 20 100
198 40 100
198 60 100
198 80 100
198 100 100
198 120 100
198 140 100
198 160 100
198 180 100
198 199 100
0 40 100
0 60 100
0 80 100
0 100 100
0 120 100
11 30 100
11 70 100
11 110 100
11 130 100
11 150 100
11 170 100
11 190 100
22 20 100
22 40 100
22 120 100
22 140 100
22 160 100
22 180 100
22 199 100
33 10 100
33 30 100
33 70 100
33 130 100
33 150 100
33 190 100
44 0 100
44 20 100
44 60 100
44 80 100
44 120 100
44 140 100
44 180 100
44 199 100
55 10 100
55 70 100
55 90 100
55 110 100
55 130 100
55 190 100
66 0 100
66 20 100
66 80 100
66 100 100
66 120 100
66 180 100
66 199 100
77 30 100
77 70 100
77 110 100
77 130 100
77 190 100
88 20 100
88 40 100
88 100 100
88 120 100
88 140 100
88 180 100
88 199 100
99 30 100
99 70 100
99 110 100
99 130 100
99 190 100
110 40 100
110 60 100
110 80 100
110 100 100
110 120 100
110 140 100
110 180 100
121 10 100
121 30 100
121 50 100
121 70 100
121 90 100
121 130 100
121 150 100
121 170 100
132 0 100
132 40 100
132 80 100
132 100 100
132 120 100
132 160 100
132 180 100
143 70 100
143 90 100
143 110 100
143 170 100
154 60 100
154 80 100
154 180 100
165 30 100
165 70 100
165 110 100
165 150 100
165 190 100
176 20 100
176 40 100
176 80 100
176 100 100
176 120 100
176 140 100
176 160 100
176 180 100
176 199 100
187 30 100
187 130 100
187 150 100
187 190 100
198 40 100
198 199 100
176 2 40
186 50 40
88 149 40
107 103 40
107 103 72
107 103 104
107 103 136
107 103 168
159 126 40
35 108 40
110 22 40
110 22 72
110 22 104
124 196 40
29 54 40
29 54 72
189 139 40
189 139 72
110 21 40
110 21 72
110 21 104
110 19 40
110 19 72
110 18 40
110 17 40
110 16 40
110 15 40
110 14 40
111 14 40
112 14 40
112 14 72
113 14 40
113 14 72
114 14 40
114 14 72
115 14 40
115 14 72
116 14 40
116 14 72
116 14 104
117 14 40
117 14 72
117 14 104
118 14 40
118 14 72
118 14 104
119 14 40
119 14 72
119 14 104
120 14 40
120 14 72
120 14 104
121 14 40
121 14 72
121 14 104
121 14 136
122 14 40
122 14 72
122 14 104
122 14 136
123 14 40
123 14 72
123 14 104
123 14 136
124 14 40
124 14 72
124 14 104
125 14 40
125 14 72
125 14 104
126 14 40
126 14 72
127 14 40
127 14 72
128 14 40
129 14 40
130 14 40
131 14 40
132 14 40
133 14 40
134 14 40
135 14 40
136 14 40
137 14 40
138 14 40
139 14 40
140 14 40
141 14 40
142 14 40
143 14 40
144 14 40
145 14 40
146 14 40
147 14 40
148 14 40
149 14 40
150 14 40
151 14 40
152 14 40
153 14 40
154 14 40
155 14 40
156 14 40
157 14 40
157 13 40
158 13 40
158 12 40
159 12 40
159 11 40
159 10 40
160 10 40
161 10 40
161 9 40
162 9 40
162 8 40
162 7 40
163 7 40
163 6 40
164 6 40
165 6 40
165 5 40
166 5 40
167 5 40
167 4 40
167 3 40
168 3 40
169 3 40
169 2 40
170 2 40
171 2 40
172 2 40
173 2 40
174 2 40
175 2 40
185 50 40
184 50 40
183 50 40
182 50 40
181 50 40
180 50 40
179 50 40
178 50 40
177 50 40
176 50 40
175 50 40
174 50 40
174 50 72
173 50 40
173 50 72
172 50 40
172 50 72
171 50 40
171 50 72
170 50 40
170 50 72
169 50 40
169 50 72
169 49 40
169 49 72
169 49 104
168 49 40
168 49 72
168 49 104
167 49 40
167 49 72
167 49 104
166 49 40
166 49 72
166 48 40
166 48 72
166 48 104
165 48 40
165 48 72
165 48 104
164 48 40
164 48 72
164 48 104
163 48 40
163 48 72
163 47 40
163 47 72
163 47 104
162 47 40
162 47 72
161 47 40
161 47 72
161 46 40
161 46 72
161 46 104
160 46 40
160 46 72
160 46 104
159 46 40
159 46 72
159 46 104
158 46 40
158 46 72
158 46 104
158 45 40
158 45 72
158 45 104
157 45 40
157 45 72
157 45 104
156 45 40
156 45 72
156 45 104
155 45 40
155 45 72
154 45 40
154 45 72
153 45 40
153 45 72
153 44 40
153 44 72
152 44 40
152 43 40
152 42 40
151 42 40
151 41 40
151 40 40
151 39 40
151 38 40
150 38 40
150 37 40
150 36 40
150 35 40
150 34 40
150 33 40
150 32 40
150 31 40
150 30 40
150 29 40
150 28 40
150 27 40
150 26 40
150 25 40
150 24 40
150 23 40
150 22 40
150 21 40
150 20 40
150 19 40
150 18 40
150 17 40
150 16 40
150 15 40
190 139 40
190 139 72
191 139 40
192 139 40
193 139 40
193 139 72
194 139 40
194 139 72
195 139 40
195 139 72
195 138 40
195 138 72
195 137 40
195 137 72
195 136 40
195 136 72
195 135 40
195 134 40
195 134 72
195 133 40
195 133 72
195 132 40
195 132 72
195 131 40
195 131 72
195 130 40
195 130 72
195 129 40
195 129 72
195 128 40
195 128 72
195 128 104
195 127 40
195 127 72
195 127 104
195 126 40
195 126 72
195 126 104
195 125 40
195 125 72
195 125 104
195 124 40
195 124 72
195 124 104
195 123 40
195 123 72
195 123 104
195 122 40
195 122 72
195 122 104
195 121 40
195 121 72
195 120 40
195 120 72
195 119 40
195 119 72
195 118 40
195 117 40
195 116 40
195 115 40
195 114 40
195 113 40
195 112 40
195 111 40
195 110 40
195 109 40
195 108 40
195 107 40
195 106 40
195 105 40
195 105 72
195 104 40
195 104 72
195 103 40
195 103 72
195 102 40
195 102 72
195 101 40
195 101 72
195 100 40
195 100 72
195 99 40
195 99 72
195 98 40
195 98 72
195 97 40
195 97 72
195 96 40
195 96 72
195 96 104
195 95 40
195 95 72
195 95 104
195 94 40
195 94 72
195 94 104
195 93 40
195 93 72
195 93 104
195 93 136
195 92 40
195 92 72
195 92 104
195 92 136
195 91 40
195 91 72
195 91 104
195 91 136
195 90 40
195 90 72
195 90 104
195 89 40
195 89 72
195 89 104
195 88 40
195 88 72
195 87 40
195 87 72
195 86 40
195 86 72
195 85 40
195 84 40
195 83 40
195 82 40
195 81 40
195 80 40
195 79 40
195 78 40
195 77 40
195 76 40
194 76 40
194 75 40
194 74 40
194 73 40
193 73 40
193 72 40
193 71 40
193 70 40
193 69 40
193 68 40
193 67 40
193 66 40
193 65 40
193 64 40
192 64 40
191 64 40
191 63 40
190 63 40
190 62 40
189 62 40
189 61 40
188 61 40
187 61 40
187 60 40
186 60 40
186 59 40
186 58 40
186 57 40
186 56 40
186 55 40
186 54 40
186 53 40
186 52 40
186 51 40
30 54 40
30 54 72
31 54 40
31 54 72
32 54 40
32 54 72
33 54 40
33 54 72
33 53 40
33 53 72
34 53 40
34 53 72
34 52 40
34 52 72
35 52 40
35 52 72
35 51 40
35 51 72
36 51 40
36 51 72
36 50 40
36 50 72
37 50 40
37 50 72
37 49 40
37 49 72
38 49 40
38 49 72
39 49 40
39 49 72
39 48 40
40 48 40
40 47 40
41 47 40
41 46 40
42 46 40
43 46 40
43 45 40
44 45 40
44 44 40
45 44 40
46 44 40
46 43 40
47 43 40
48 43 40
48 42 40
49 42 40
50 42 40
51 42 40
52 42 40
52 41 40
53 41 40
54 41 40
55 41 40
56 41 40
57 41 40
57 40 40
57 39 40
57 38 40
57 37 40
58 37 40
58 36 40
58 35 40
58 34 40
59 34 40
59 33 40
59 32 40
60 32 40
60 31 40
61 31 40
61 30 40
61 29 40
62 29 40
62 28 40
63 28 40
63 27 40
64 27 40
64 26 40
64 25 40
65 25 40
65 24 40
66 24 40
66 24 72
66 23 40
66 23 72
67 23 40
67 23 72
67 22 40
67 22 72
68 22 40
68 22 72
68 22 104
68 21 40
68 21 72
68 21 104
69 21 40
69 21 72
69 21 104
69 21 136
69 20 40
69 20 72
69 20 104
69 20 136
70 20 40
70 20 72
70 20 104
70 20 136
70 20 168
70 19 40
70 19 72
70 19 104
70 19 136
70 19 168
71 19 40
71 19 72
71 19 104
71 19 136
71 19 168
71 19 200
72 19 40
72 19 72
72 19 104
72 19 136
72 19 168
72 19 200
72 19 232
72 18 40
72 18 72
72 18 104
72 18 136
72 18 168
72 18 200
72 18 232
73 18 40
73 18 72
73 18 104
73 18 136
73 18 168
73 18 200
73 18 232
73 17 40
73 17 72
73 17 104
73 17 136
73 17 168
73 17 200
73 17 232
74 17 40
74 17 72
74 17 104
74 17 136
74 17 168
74 17 200
74 17 232
74 16 40
74 16 72
74 16 104
74 16 136
74 16 168
74 16 200
75 16 40
75 16 72
75 16 104
75 16 136
75 16 168
75 16 200
76 16 40
76 16 72
76 16 104
76 16 136
76 16 168
76 16 200
76 15 40
76 15 72
76 15 104
76 15 136
76 15 168
77 15 40
77 15 72
77 15 104
77 15 136
77 15 168
77 14 40
77 14 72
77 14 104
77 14 136
78 14 40
78 14 72
78 14 104
78 14 136
79 14 40
79 14 72
79 14 104
80 14 40
80 14 72
80 14 104
81 14 40
81 14 72
81 14 104
82 14 40
82 14 72
83 14 40
83 14 72
84 14 40
84 14 72
85 14 40
85 14 72
86 14 40
86 14 72
87 14 40
87 14 72
88 14 40
88 14 72
89 14 40
90 14 40
91 14 40
92 14 40
93 14 40
94 14 40
95 14 40
96 14 40
97 14 40
98 14 40
99 14 40
100 14 40
101 14 40
102 14 40
103 14 40
104 14 40
105 14 40
106 14 40
107 14 40
108 14 40
109 14 40
35 107 40
35 106 40
35 105 40
35 104 40
35 103 40
35 102 40
35 101 40
34 101 40
34 100 40
33 100 40
32 100 40
32 99 40
31 99 40
31 98 40
30 98 40
30 97 40
29 97 40
29 96 40
28 96 40
28 95 40
27 95 40
27 94 40
26 94 40
26 93 40
25 93 40
25 92 40
24 92 40
24 91 40
24 90 40
24 89 40
24 88 40
24 87 40
24 86 40
24 85 40
24 84 40
24 83 40
24 82 40
24 81 40
24 80 40
24 79 40
24 78 40
24 77 40
24 77 72
24 76 40
24 76 72
24 75 40
24 75 72
24 75 104
24 74 40
24 74 72
24 74 104
24 73 40
24 73 72
24 73 104
24 73 136
24 72 40
24 72 72
24 72 104
24 72 136
24 72 168
24 71 40
24 71 72
24 71 104
24 71 136
24 71 168
24 70 40
24 70 72
24 70 104
24 70 136
24 70 168
24 69 40
24 69 72
24 69 104
24 69 136
24 69 168
24 68 40
24 68 72
24 68 104
24 68 136
24 68 168
24 67 40
24 67 72
24 67 104
24 67 136
24 66 40
24 66 72
24 66 104
24 66 136
24 65 40
24 65 72
24 65 104
24 64 40
24 64 72
24 63 40
24 63 72
24 62 40
24 62 72
24 61 40
24 61 72
24 60 40
25 60 40
25 60 72
25 59 40
25 59 72
26 59 40
26 59 72
26 58 40
26 58 72
27 58 40
27 58 72
28 58 40
28 58 72
28 57 40
28 57 72
29 57 40
29 57 72
29 56 40
29 56 72
29 55 40
29 55 72
107 102 40
107 102 72
107 102 104
107 102 136
107 101 40
107 101 72
107 101 104
107 101 136
107 100 40
107 100 72
107 100 104
107 99 40
107 99 72
107 99 104
107 98 40
107 98 72
107 98 104
107 97 40
107 97 72
107 97 104
106 97 40
106 97 72
106 97 104
106 97 136
105 97 40
105 97 72
105 97 104
105 97 136
105 96 40
105 96 72
105 96 104
105 96 136
104 96 40
104 96 72
104 96 104
104 96 136
103 96 40
103 96 72
103 96 104
103 96 136
103 96 168
103 95 40
103 95 72
103 95 104
103 95 136
102 95 40
102 95 72
102 95 104
102 95 136
101 95 40
101 95 72
101 95 104
101 95 136
100 95 40
100 95 72
100 95 104
100 95 136
100 94 40
100 94 72
100 94 104
99 94 40
99 94 72
99 94 104
98 94 40
98 94 72
97 94 40
97 94 72
96 94 40
96 94 72
95 94 40
95 94 72
94 94 40
94 94 72
93 94 40
93 94 72
92 94 40
92 94 72
91 94 40
91 94 72
90 94 40
90 94 72
89 94 40
89 94 72
88 94 40
88 94 72
87 94 40
87 94 72
86 94 40
86 94 72
85 94 40
85 94 72
84 94 40
84 94 72
83 94 40
82 94 40
81 94 40
80 94 40
79 94 40
78 94 40
77 94 40
77 95 40
76 95 40
75 95 40
75 96 40
74 96 40
74 97 40
73 97 40
73 97 72
72 97 40
72 97 72
71 97 40
71 97 72
70 97 40
70 97 72
69 97 40
69 97 72
68 97 40
68 97 72
67 97 40
67 97 72
67 97 104
66 97 40
66 97 72
65 97 40
65 97 72
64 97 40
64 97 72
63 97 40
63 97 72
62 97 40
62 97 72
61 97 40
61 97 72
61 97 104
60 97 40
60 97 72
60 97 104
59 97 40
59 97 72
59 97 104
58 97 40
58 97 72
58 97 104
58 97 136
57 97 40
57 97 72
57 97 104
57 97 136
56 97 40
56 97 72
56 97 104
56 97 136
55 97 40
55 97 72
55 97 104
55 97 136
54 97 40
54 97 72
54 97 104
54 97 136
53 97 40
53 97 72
53 97 104
52 97 40
52 97 72
52 97 104
51 97 40
51 97 72
50 97 40
50 97 72
50 98 40
50 98 72
49 98 40
49 98 72
49 99 40
49 99 72
48 99 40
48 99 72
47 99 40
47 99 72
47 100 40
47 100 72
46 100 40
46 100 72
45 100 40
45 100 72
45 101 40
45 101 72
44 101 40
44 101 72
43 101 40
43 101 72
42 101 40
42 101 72
41 101 40
40 101 40
39 101 40
38 101 40
37 101 40
36 101 40
159 127 40
159 128 40
159 129 40
159 130 40
159 131 40
159 132 40
160 132 40
161 132 40
162 132 40
163 132 40
164 132 40
165 132 40
165 132 72
166 132 40
166 132 72
167 132 40
167 132 72
168 132 40
168 132 72
169 132 40
169 132 72
169 132 104
170 132 40
170 132 72
170 132 104
171 132 40
171 132 72
171 132 104
171 132 136
172 132 40
172 132 72
172 132 104
172 132 136
173 132 40
173 132 72
173 132 104
173 132 136
174 132 40
174 132 72
174 132 104
174 132 136
175 132 40
175 132 72
175 132 104
175 132 136
175 132 168
176 132 40
176 132 72
176 132 104
176 132 136
177 132 40
177 132 72
177 132 104
177 132 136
178 132 40
178 132 72
178 132 104
178 132 136
179 132 40
179 132 72
179 132 104
180 132 40
180 132 72
180 132 104
181 132 40
181 132 72
181 132 104
182 132 40
182 132 72
182 132 104
183 132 40
183 132 72
183 132 104
184 132 40
184 132 72
184 132 104
185 132 40
185 132 72
185 132 104
186 132 40
186 132 72
186 132 104
187 132 40
187 132 72
187 132 104
188 132 40
188 132 72
188 132 104
189 132 40
189 132 72
190 132 40
190 132 72
191 132 40
191 132 72
192 132 40
192 132 72
193 132 40
193 132 72
194 132 40
194 132 72
88 150 40
88 151 40
88 152 40
88 153 40
88 154 40
88 155 40
88 156 40
88 157 40
88 158 40
88 159 40
89 159 40
90 159 40
91 159 40
92 159 40
93 159 40
94 159 40
95 159 40
96 159 40
97 159 40
98 159 40
99 159 40
100 159 40
101 159 40
102 159 40
103 159 40
104 159 40
105 159 40
106 159 40
107 159 40
108 159 40
109 159 40
110 159 40
111 159 40
111 159 72
112 159 40
112 159 72
113 159 40
113 159 72
114 159 40
114 159 72
114 159 104
115 159 40
115 159 72
115 159 104
116 159 40
116 159 72
116 159 104
117 159 40
117 159 72
117 159 104
118 159 40
118 159 72
118 159 104
119 159 40
119 159 72
119 159 104
119 158 40
119 158 72
120 158 40
120 158 72
121 158 40
121 158 72
121 157 40
121 157 72
122 157 40
122 157 72
123 157 40
123 157 72
123 156 40
123 156 72
124 156 40
124 156 72
125 156 40
125 156 72
125 155 40
125 155 72
126 155 40
126 155 72
126 154 40
126 154 72
127 154 40
127 154 72
127 153 40
127 153 72
127 153 104
128 153 40
128 153 72
128 153 104
128 152 40
128 152 72
128 152 104
129 152 40
129 152 72
129 151 40
129 151 72
130 151 40
130 151 72
130 150 40
130 150 72
131 150 40
131 149 40
132 149 40
132 148 40
133 148 40
134 148 40
134 147 40
135 147 40
135 146 40
136 146 40
137 146 40
137 145 40
138 145 40
139 145 40
139 144 40
140 144 40
141 144 40
142 144 40
142 143 40
143 143 40
144 143 40
144 142 40
145 142 40
146 142 40
146 141 40
146 140 40
147 140 40
147 139 40
148 139 40
148 138 40
149 138 40
149 137 40
150 137 40
150 136 40
151 136 40
151 135 40
152 135 40
153 135 40
154 135 40
155 135 40
155 134 40
156 134 40
156 133 40
157 133 40
158 133 40
159 133 40
124 197 40
124 198 40
125 198 40
126 198 40
127 198 40
128 198 40
129 198 40
130 198 40
131 198 40
132 198 40
133 198 40
134 198 40
135 198 40
136 198 40
137 198 40
138 198 40
138 198 72
139 198 40
139 198 72
140 198 40
140 198 72
141 198 40
141 198 72
142 198 40
142 198 72
143 198 40
144 198 40
145 198 40
145 197 40
146 197 40
146 196 40
146 195 40
146 194 40
147 194 40
147 193 40
147 193 72
147 192 40
147 192 72
148 192 40
148 192 72
148 191 40
148 191 72
149 191 40
149 191 72
149 190 40
149 190 72
149 189 40
149 189 72
150 189 40
150 189 72
150 188 40
150 188 72
151 188 40
151 188 72
151 187 40
151 187 72
152 187 40
152 187 72
152 186 40
152 186 72
152 185 40
152 185 72
153 185 40
153 185 72
153 184 40
153 184 72
154 184 40
154 184 72
154 183 40
154 183 72
155 183 40
155 183 72
155 183 104
155 182 40
155 182 72
155 182 104
156 182 40
156 182 72
156 182 104
156 181 40
156 181 72
156 181 104
157 181 40
157 181 72
157 181 104
157 180 40
157 180 72
157 180 104
158 180 40
158 180 72
158 180 104
158 179 40
158 179 72
158 179 104
159 179 40
159 179 72
159 179 104
159 178 40
159 178 72
160 178 40
160 178 72
160 177 40
160 177 72
160 176 40
160 176 72
160 175 40
160 174 40
160 173 40
160 172 40
160 171 40
160 170 40
160 169 40
160 168 40
160 167 40
160 166 40
159 166 40
159 165 40
158 165 40
158 164 40
157 164 40
157 163 40
156 163 40
156 162 40
156 161 40
155 161 40
155 160 40
154 159 40
153 159 40
153 158 40
152 158 40
152 157 40
151 157 40
151 156 40
150 156 40
150 155 40
149 155 40
149 154 40
149 153 40
148 153 40
148 152 40
148 151 40
147 151 40
147 150 40
147 149 40
147 148 40
147 147 40
147 146 40
147 145 40
147 144 40
147 143 40
147 142 40
