0 0 100
0 20 100
0 40 100
0 60 100
0 80 100
0 100 100
0 120 100
0 140 100
0 160 100
0 180 100
0 199 100
11 10 100
11 30 100
11 50 100
11 70 100
11 90 100
11 110 100
11 130 100
11 150 100
11 170 100
11 190 100
22 0 100
22 20 100
22 40 100
22 60 100
22 80 100
22 100 100
22 120 100
22 140 100
22 160 100
22 180 100
22 199 100
33 10 100
33 30 100
33 50 100
33 70 100
33 90 100
33 110 100
33 130 100
33 150 100
33 170 100
33 190 100
44 0 100
44 20 100
44 40 100
44 60 100
44 80 100
44 100 100
44 120 100
44 140 100
44 160 100
44 180 100
44 199 100
55 10 100
55 30 100
55 50 100
55 70 100
55 90 100
55 110 100
55 130 100
55 150 100
55 170 100
55 190 100
66 0 100
66 20 100
66 40 100
66 60 100
66 80 100
66 100 100
66 120 100
66 140 100
66 160 100
66 180 100
66 199 100
77 10 100
77 30 100
77 50 100
77 70 100
77 90 100
77 110 100
77 130 100
77 150 100
77 170 100
77 190 100
88 0 100
88 20 100
88 40 100
88 60 100
88 80 100
88 100 100
88 120 100
88 140 100
88 160 100
88 180 100
88 199 100
99 10 100
99 30 100
99 50 100
99 70 100
99 90 100
99 110 100
99 130 100
99 150 100
99 170 100
99 190 100
110 0 100
110 20 100
110 40 100
110 60 100
110 80 100
110 100 100
110 120 100
110 140 100
110 160 100
110 180 100
110 199 100
121 10 100
121 30 100
121 50 100
121 70 100
121 90 100
121 110 100
121 130 100
121 150 100
121 170 100
121 190 100
132 0 100
132 20 100
132 40 100
132 60 100
132 80 100
132 100 100
132 120 100
132 140 100
132 160 100
132 180 100
132 199 100
143 10 100
143 30 100
143 50 100
143 70 100
143 90 100
143 110 100
143 130 100
143 150 100
143 170 100
143 190 100
154 0 100
154 20 100
154 40 100
154 60 100
154 80 100
154 100 100
154 120 100
154 140 100
154 160 100
154 180 100
154 199 100
165 10 100
165 30 100
165 50 100
165 70 100
165 90 100
165 110 100
165 130 100
165 150 100
165 170 100
165 190 100
176 0 100
176 20 100
176 40 100
176 60 100
176 80 100
176 100 100
176 120 100
176 140 100
176 160 100
176 180 100
176 199 100
187 10 100
187 30 100
187 50 100
187 70 100
187 90 100
187 110 100
187 130 100
187 150 100
187 170 100
187 190 100
198 0 100
198 20 100
198 40 100
198 60 100
198 80 100
198 100 100
198 120 100
198 140 100
198 160 100
198 180 100
198 199 100
0 20 100
0 40 100
0 60 100
0 80 100
0 100 100
0 120 100
0 140 100
0 180 100
11 10 100
11 30 100
11 50 100
11 70 100
11 90 100
11 110 100
11 150 100
11 170 100
11 190 100
22 40 100
22 60 100
22 80 100
22 100 100
22 140 100
22 160 100
22 180 100
22 199 100
33 50 100
33 70 100
33 90 100
33 110 100
33 150 100
33 170 100
33 190 100
44 0 100
44 20 100
44 40 100
44 60 100
44 80 100
44 120 100
44 140 100
44 160 100
44 180 100
44 199 100
55 10 100
55 30 100
55 130 100
55 150 100
55 170 100
55 190 100
66 20 100
66 40 100
66 100 100
66 120 100
66 140 100
66 160 100
66 180 100
66 199 100
77 30 100
77 50 100
77 70 100
77 90 100
77 110 100
77 130 100
77 170 100
77 190 100
88 40 100
88 60 100
88 80 100
88 100 100
88 120 100
88 140 100
88 160 100
88 180 100
99 30 100
99 50 100
99 70 100
99 110 100
99 130 100
99 150 100
99 170 100
99 190 100
110 0 100
110 20 100
110 40 100
110 60 100
110 160 100
110 180 100
110 199 100
121 10 100
121 30 100
121 50 100
121 170 100
121 190 100
132 0 100
132 20 100
132 40 100
132 80 100
132 120 100
132 140 100
132 160 100
132 199 100
143 30 100
143 90 100
143 110 100
143 130 100
143 150 100
154 20 100
154 40 100
154 80 100
154 120 100
154 140 100
154 160 100
154 199 100
165 10 100
165 30 100
165 50 100
165 70 100
165 90 100
165 110 100
165 150 100
165 170 100
176 0 100
176 20 100
176 40 100
176 60 100
176 80 100
176 100 100
176 120 100
176 140 100
176 160 100
187 10 100
187 30 100
187 50 100
187 90 100
187 110 100
187 130 100
187 150 100
187 170 100
198 20 100
198 60 100
198 80 100
198 100 100
198 140 100
198 160 100
198 180 100
198 199 100
91 140 40
91 140 56
91 140 72
91 140 88
91 140 104
91 140 120
91 140 136
91 140 152
91 140 168
91 140 184
91 140 200
91 140 216
91 140 232
91 140 248
91 140 264
91 140 280
91 140 296
91 140 312
91 140 328
91 140 344
91 140 360
183 185 40
88 1 40
10 115 40
55 73 40
56 73 40
57 73 40
58 73 40
59 73 40
60 73 40
61 73 40
61 74 40
62 74 40
62 75 40
62 76 40
62 77 40
62 78 40
62 79 40
62 80 40
62 81 40
62 82 40
62 83 40
62 84 40
62 85 40
62 86 40
62 87 40
61 87 40
61 88 40
60 88 40
60 89 40
59 89 40
59 90 40
58 90 40
58 91 40
57 91 40
57 92 40
56 92 40
56 93 40
55 93 40
55 94 40
54 94 40
54 95 40
53 95 40
53 96 40
53 97 40
52 97 40
52 98 40
51 98 40
51 99 40
50 99 40
50 100 40
49 100 40
49 101 40
49 102 40
48 102 40
47 102 40
46 102 40
45 102 40
44 102 40
44 102 56
43 102 40
43 102 56
42 102 40
42 102 56
42 102 72
41 102 40
41 102 56
41 102 72
41 102 88
41 102 104
40 102 40
40 102 56
40 102 72
40 102 88
40 102 104
40 102 120
39 102 40
39 102 56
39 102 72
39 102 88
39 102 104
39 102 120
39 102 136
38 102 40
38 102 56
38 102 72
38 102 88
38 102 104
38 102 120
38 102 136
38 102 152
37 102 40
37 102 56
37 102 72
37 102 88
37 102 104
37 102 120
37 102 136
37 102 152
37 102 168
36 102 40
36 102 56
36 102 72
36 102 88
36 102 104
36 102 120
36 102 136
36 102 152
36 102 168
35 102 40
35 102 56
35 102 72
35 102 88
35 102 104
35 102 120
35 102 136
35 102 152
35 102 168
34 102 40
34 102 56
34 102 72
34 102 88
34 102 104
34 102 120
34 102 136
34 102 152
34 102 168
33 102 40
33 102 56
33 102 72
33 102 88
33 102 104
33 102 120
33 102 136
33 102 152
33 102 168
32 102 40
32 102 56
32 102 72
32 102 88
32 102 104
32 102 120
32 102 136
32 102 152
31 102 40
31 102 56
31 102 72
31 102 88
31 102 104
31 102 120
31 102 136
31 102 152
30 102 40
30 102 56
30 102 72
30 102 88
30 102 104
30 102 120
30 102 136
29 102 40
29 102 56
29 102 72
29 102 88
29 102 104
29 102 120
29 102 136
28 102 40
28 102 56
28 102 72
28 102 88
28 102 104
28 102 120
27 102 40
27 102 56
27 102 72
27 102 88
27 102 104
27 102 120
26 102 40
26 102 56
26 102 72
26 102 88
26 102 104
25 102 40
25 102 56
25 102 72
25 102 88
24 102 40
24 102 56
24 102 72
24 102 88
23 102 40
23 102 56
23 102 72
23 103 40
23 103 56
23 103 72
22 103 40
22 103 56
22 103 72
22 104 40
22 104 56
22 104 72
21 104 40
21 104 56
21 104 72
21 105 40
21 105 56
21 105 72
20 105 40
20 105 56
20 106 40
20 106 56
20 107 40
20 107 56
19 107 40
19 107 56
19 108 40
19 108 56
18 108 40
18 108 56
18 109 40
18 109 56
17 109 40
17 109 56
17 110 40
17 111 40
16 111 40
16 112 40
16 113 40
16 114 40
16 115 40
15 115 40
14 115 40
13 115 40
12 115 40
11 115 40
