0 0 100
0 20 100
0 40 100
0 60 100
0 80 100
0 100 100
0 120 100
0 140 100
0 160 100
0 180 100
0 199 100
11 10 100
11 30 100
11 50 100
11 70 100
11 90 100
11 110 100
11 130 100
11 150 100
11 170 100
11 190 100
22 0 100
22 20 100
22 40 100
22 60 100
22 80 100
22 100 100
22 120 100
22 140 100
22 160 100
22 180 100
22 199 100
33 10 100
33 30 100
33 50 100
33 70 100
33 90 100
33 110 100
33 130 100
33 150 100
33 170 100
33 190 100
44 0 100
44 20 100
44 40 100
44 60 100
44 80 100
44 100 100
44 120 100
44 140 100
44 160 100
44 180 100
44 199 100
55 10 100
55 30 100
55 50 100
55 70 100
55 90 100
55 110 100
55 130 100
55 150 100
55 170 100
55 190 100
66 0 100
66 20 100
66 40 100
66 60 100
66 80 100
66 100 100
66 120 100
66 140 100
66 160 100
66 180 100
66 199 100
77 10 100
77 30 100
77 50 100
77 70 100
77 90 100
77 110 100
77 130 100
77 150 100
77 170 100
77 190 100
88 0 100
88 20 100
88 40 100
88 60 100
88 80 100
88 100 100
88 120 100
88 140 100
88 160 100
88 180 100
88 199 100
99 10 100
99 30 100
99 50 100
99 70 100
99 90 100
99 110 100
99 130 100
99 150 100
99 170 100
99 190 100
110 0 100
110 20 100
110 40 100
110 60 100
110 80 100
110 100 100
110 120 100
110 140 100
110 160 100
110 180 100
110 199 100
121 10 100
121 30 100
121 50 100
121 70 100
121 90 100
121 110 100
121 130 100
121 150 100
121 170 100
121 190 100
132 0 100
132 20 100
132 40 100
132 60 100
132 80 100
132 100 100
132 120 100
132 140 100
132 160 100
132 180 100
132 199 100
143 10 100
143 30 100
143 50 100
143 70 100
143 90 100
143 110 100
143 130 100
143 150 100
143 170 100
143 190 100
154 0 100
154 20 100
154 40 100
154 60 100
154 80 100
154 100 100
154 120 100
154 140 100
154 160 100
154 180 100
154 199 100
165 10 100
165 30 100
165 50 100
165 70 100
165 90 100
165 110 100
165 130 100
165 150 100
165 170 100
165 190 100
176 0 100
176 20 100
176 40 100
176 60 100
176 80 100
176 100 100
176 120 100
176 140 100
176 160 100
176 180 100
176 199 100
187 10 100
187 30 100
187 50 100
187 70 100
187 90 100
187 110 100
187 130 100
187 150 100
187 170 100
187 190 100
198 0 100
198 20 100
198 40 100
198 60 100
198 80 100
198 100 100
198 120 100
198 140 100
198 160 100
198 180 100
198 199 100
0 20 100
0 40 100
0 140 100
0 160 100
0 180 100
0 199 100
11 150 100
11 170 100
11 190 100
22 140 100
22 160 100
22 180 100
22 199 100
33 150 100
33 170 100
33 190 100
44 0 100
44 80 100
44 120 100
44 180 100
44 199 100
55 10 100
55 50 100
55 70 100
55 90 100
55 110 100
55 130 100
55 190 100
66 0 100
66 20 100
66 40 100
66 60 100
66 80 100
66 100 100
66 120 100
77 10 100
77 30 100
77 50 100
77 70 100
77 90 100
77 110 100
77 130 100
88 0 100
88 60 100
88 80 100
88 100 100
88 120 100
88 140 100
99 130 100
99 150 100
110 120 100
110 140 100
110 160 100
121 130 100
121 150 100
121 170 100
132 0 100
132 20 100
132 40 100
132 120 100
132 140 100
132 160 100
132 180 100
143 10 100
143 30 100
143 130 100
143 170 100
154 20 100
154 40 100
154 120 100
165 30 100
165 50 100
176 40 100
187 90 100
187 110 100
187 190 100
198 40 100
198 100 100
198 180 100
198 199 100
63 147 40
120 189 40
120 189 44
103 9 40
176 19 40
194 74 40
33 22 40
119 189 40
118 189 40
117 189 40
116 189 40
115 189 40
114 189 40
113 189 40
112 189 40
111 189 40
110 189 40
109 189 40
108 189 40
107 189 40
106 189 40
105 189 40
104 189 40
103 189 40
102 189 40
101 189 40
100 189 40
99 189 40
98 189 40
97 189 40
96 189 40
95 189 40
94 189 40
93 189 40
92 189 40
92 188 40
92 187 40
92 186 40
92 185 40
91 185 40
91 184 40
91 183 40
91 182 40
90 182 40
89 182 40
89 181 40
89 180 40
88 179 40
87 179 40
86 179 40
86 178 40
86 177 40
86 176 40
86 175 40
86 174 40
85 174 40
84 174 40
83 174 40
83 173 40
83 172 40
83 171 40
83 170 40
82 170 40
81 170 40
80 170 40
80 169 40
79 169 40
78 169 40
77 169 40
76 169 40
76 168 40
75 168 40
75 167 40
74 167 40
73 167 40
73 166 40
72 166 40
72 165 40
72 164 40
72 163 40
72 162 40
71 162 40
70 162 40
69 162 40
69 161 40
68 161 40
68 160 40
68 159 40
67 159 40
66 159 40
66 158 40
65 158 40
65 157 40
64 157 40
64 156 40
63 156 40
63 155 40
63 154 40
63 153 40
63 152 40
63 151 40
63 150 40
63 149 40
63 148 40
33 23 40
33 24 40
33 25 40
33 26 40
33 27 40
33 28 40
33 29 40
33 31 40
33 32 40
33 33 40
33 34 40
33 35 40
33 36 40
33 37 40
33 38 40
33 39 40
33 40 40
33 41 40
33 42 40
33 43 40
33 44 40
33 45 40
33 46 40
33 47 40
33 48 40
33 49 40
33 51 40
33 52 40
32 52 40
32 53 40
32 54 40
32 55 40
32 56 40
32 57 40
32 58 40
32 59 40
32 60 40
32 61 40
32 62 40
32 63 40
32 64 40
32 65 40
32 66 40
32 67 40
32 68 40
32 69 40
32 70 40
31 70 40
31 71 40
30 71 40
30 72 40
30 73 40
29 73 40
29 74 40
29 75 40
29 76 40
29 77 40
29 78 40
29 79 40
29 80 40
29 81 40
29 82 40
29 83 40
29 84 40
29 85 40
29 86 40
29 87 40
29 88 40
29 89 40
29 90 40
29 91 40
29 92 40
29 93 40
29 94 40
29 95 40
29 96 40
29 97 40
29 98 40
29 99 40
29 100 40
29 101 40
29 102 40
29 103 40
29 104 40
29 105 40
29 106 40
29 107 40
29 108 40
29 109 40
29 110 40
29 111 40
29 112 40
29 113 40
29 114 40
29 115 40
29 116 40
29 117 40
29 118 40
29 119 40
29 120 40
29 121 40
29 121 44
29 122 40
29 122 44
29 123 40
29 123 44
29 123 48
29 124 40
29 124 44
29 124 48
29 125 40
29 125 44
29 125 48
29 126 40
29 126 44
29 126 48
29 127 40
29 127 44
29 128 40
29 128 44
29 129 40
29 129 44
29 130 40
29 130 44
29 131 40
29 131 44
30 131 40
30 131 44
30 132 40
30 132 44
31 132 40
31 132 44
31 133 40
31 133 44
31 133 48
32 133 40
32 133 44
32 133 48
32 134 40
32 134 44
32 134 48
33 134 40
33 134 44
33 134 48
33 135 40
33 135 44
33 135 48
33 135 52
34 135 40
34 135 44
34 135 48
34 135 52
34 136 40
34 136 44
34 136 48
34 136 52
35 136 40
35 136 44
35 136 48
35 137 40
35 137 44
35 137 48
36 137 40
36 137 44
36 137 48
36 138 40
36 138 44
37 138 40
37 138 44
37 139 40
37 139 44
38 139 40
38 139 44
38 140 40
38 140 44
39 140 40
39 140 44
39 141 40
39 141 44
40 141 40
40 141 44
40 142 40
40 142 44
41 142 40
41 142 44
42 142 40
42 142 44
42 143 40
42 143 44
43 143 40
43 143 44
43 144 40
43 144 44
44 144 40
44 144 44
44 145 40
44 145 44
45 145 40
45 146 40
45 147 40
46 147 40
46 148 40
47 148 40
47 149 40
48 149 40
48 150 40
49 150 40
50 150 40
51 150 40
52 150 40
53 150 40
54 150 40
56 150 40
57 150 40
58 150 40
59 150 40
60 150 40
61 150 40
62 150 40
193 74 40
192 74 40
191 74 40
190 74 40
189 74 40
188 74 40
187 74 40
186 74 40
185 74 40
184 74 40
183 74 40
182 74 40
181 74 40
180 74 40
179 74 40
178 74 40
177 74 40
176 74 40
175 74 40
174 74 40
173 74 40
173 75 40
173 76 40
173 77 40
172 77 40
172 78 40
172 79 40
172 80 40
172 81 40
171 81 40
171 82 40
170 82 40
170 83 40
169 83 40
169 84 40
169 85 40
169 86 40
169 87 40
169 88 40
169 89 40
169 90 40
169 91 40
169 92 40
169 93 40
169 94 40
169 95 40
169 96 40
169 97 40
169 98 40
169 99 40
169 100 40
169 101 40
169 102 40
169 103 40
169 104 40
169 105 40
169 106 40
169 107 40
169 108 40
169 109 40
169 110 40
169 111 40
169 112 40
169 113 40
169 114 40
169 115 40
169 116 40
169 117 40
169 118 40
169 119 40
169 120 40
169 121 40
169 122 40
169 123 40
169 124 40
169 125 40
169 126 40
169 127 40
169 128 40
169 129 40
169 130 40
169 131 40
169 132 40
169 133 40
169 134 40
169 135 40
169 136 40
169 137 40
169 138 40
169 139 40
169 140 40
169 141 40
169 142 40
169 143 40
169 144 40
169 145 40
169 146 40
169 147 40
169 148 40
169 149 40
169 150 40
169 151 40
169 152 40
169 153 40
169 154 40
169 155 40
169 156 40
169 157 40
169 158 40
169 159 40
169 160 40
169 161 40
169 162 40
169 163 40
169 164 40
169 165 40
169 166 40
169 167 40
169 168 40
169 169 40
169 170 40
169 171 40
169 172 40
169 173 40
169 174 40
169 175 40
169 176 40
169 177 40
169 178 40
169 179 40
169 180 40
169 181 40
169 182 40
169 183 40
169 184 40
168 184 40
168 185 40
168 186 40
167 186 40
166 186 40
165 186 40
164 186 40
163 186 40
163 187 40
163 188 40
162 188 40
161 188 40
160 188 40
160 189 40
159 189 40
158 189 40
158 190 40
157 190 40
157 191 40
156 191 40
156 192 40
155 192 40
154 192 40
154 193 40
153 193 40
153 194 40
153 195 40
153 196 40
152 196 40
151 196 40
150 196 40
150 197 40
149 197 40
149 198 40
148 198 40
148 199 40
147 199 40
146 199 40
145 199 40
144 199 40
143 199 40
143 199 44
142 199 40
142 199 44
141 199 40
141 199 44
141 199 48
140 199 40
140 199 44
140 199 48
139 199 40
139 199 44
139 199 48
138 199 40
138 199 44
138 199 48
137 199 40
137 199 44
137 199 48
136 199 40
136 199 44
136 199 48
135 199 40
135 199 44
135 199 48
134 199 40
134 199 44
134 199 48
133 199 40
133 199 44
131 199 40
131 199 44
130 199 40
130 199 44
129 199 40
129 199 44
128 199 40
127 199 40
126 199 40
125 199 40
124 199 40
123 199 40
122 199 40
121 199 40
120 199 40
120 198 40
120 197 40
120 196 40
120 195 40
120 194 40
120 193 40
120 192 40
120 191 40
120 190 40
104 9 40
105 9 40
106 9 40
107 9 40
108 9 40
109 9 40
109 10 40
109 11 40
109 12 40
109 13 40
109 14 40
109 15 40
109 16 40
109 17 40
109 18 40
109 19 40
109 20 40
109 21 40
109 22 40
109 23 40
109 24 40
109 25 40
109 26 40
109 27 40
109 28 40
109 29 40
109 30 40
109 31 40
109 32 40
109 33 40
109 34 40
109 35 40
109 36 40
109 37 40
109 38 40
109 39 40
109 40 40
109 41 40
109 42 40
109 43 40
109 44 40
109 45 40
109 46 40
109 47 40
109 48 40
110 48 40
110 49 40
110 50 40
111 50 40
111 51 40
111 52 40
112 52 40
112 53 40
112 54 40
113 54 40
113 55 40
113 56 40
113 57 40
113 58 40
114 58 40
115 58 40
116 58 40
116 59 40
116 60 40
117 60 40
117 61 40
118 61 40
119 61 40
119 62 40
120 62 40
120 63 40
120 64 40
121 64 40
122 64 40
123 64 40
124 64 40
125 64 40
125 65 40
126 65 40
127 65 40
128 65 40
129 65 40
130 65 40
131 65 40
132 65 40
133 65 40
134 65 40
135 65 40
136 65 40
137 65 40
138 65 40
139 65 40
140 65 40
140 66 40
141 66 40
141 67 40
142 67 40
143 67 40
144 67 40
145 67 40
146 67 40
147 67 40
147 68 40
147 69 40
148 69 40
149 69 40
149 70 40
150 70 40
151 70 40
151 71 40
151 72 40
152 72 40
153 72 40
153 73 40
154 73 40
154 74 40
155 74 40
156 74 40
157 74 40
158 74 40
159 74 40
160 74 40
161 74 40
162 74 40
163 74 40
164 74 40
165 74 40
166 74 40
167 74 40
168 74 40
169 74 40
170 74 40
171 74 40
172 74 40
177 19 40
178 19 40
179 19 40
180 19 40
181 19 40
182 19 40
183 19 40
184 19 40
185 19 40
186 19 40
187 19 40
188 19 40
188 20 40
189 20 40
189 21 40
189 22 40
189 23 40
189 24 40
189 25 40
189 26 40
189 27 40
189 28 40
189 29 40
189 30 40
189 31 40
189 32 40
189 33 40
189 34 40
189 35 40
189 36 40
189 37 40
189 38 40
189 38 44
189 39 40
189 39 44
189 40 40
189 40 44
189 41 40
189 41 44
189 42 40
189 42 44
189 43 40
189 43 44
189 44 40
189 44 44
189 45 40
189 45 44
189 46 40
189 46 44
189 47 40
189 47 44
189 48 40
189 48 44
189 49 40
189 50 40
189 51 40
189 52 40
189 53 40
189 54 40
189 55 40
189 56 40
189 57 40
189 57 44
189 58 40
189 59 40
189 60 40
189 61 40
189 62 40
189 63 40
189 64 40
189 65 40
189 66 40
189 67 40
189 68 40
189 69 40
189 70 40
189 71 40
189 72 40
189 73 40
