0 0 100
0 20 100
0 40 100
0 60 100
0 80 100
0 100 100
0 120 100
0 140 100
0 160 100
0 180 100
0 199 100
11 10 100
11 30 100
11 50 100
11 70 100
11 90 100
11 110 100
11 130 100
11 150 100
11 170 100
11 190 100
22 0 100
22 20 100
22 40 100
22 60 100
22 80 100
22 100 100
22 120 100
22 140 100
22 160 100
22 180 100
22 199 100
33 10 100
33 30 100
33 50 100
33 70 100
33 90 100
33 110 100
33 130 100
33 150 100
33 170 100
33 190 100
44 0 100
44 20 100
44 40 100
44 60 100
44 80 100
44 100 100
44 120 100
44 140 100
44 160 100
44 180 100
44 199 100
55 10 100
55 30 100
55 50 100
55 70 100
55 90 100
55 110 100
55 130 100
55 150 100
55 170 100
55 190 100
66 0 100
66 20 100
66 40 100
66 60 100
66 80 100
66 100 100
66 120 100
66 140 100
66 160 100
66 180 100
66 199 100
77 10 100
77 30 100
77 50 100
77 70 100
77 90 100
77 110 100
77 130 100
77 150 100
77 170 100
77 190 100
88 0 100
88 20 100
88 40 100
88 60 100
88 80 100
88 100 100
88 120 100
88 140 100
88 160 100
88 180 100
88 199 100
99 10 100
99 30 100
99 50 100
99 70 100
99 90 100
99 110 100
99 130 100
99 150 100
99 170 100
99 190 100
110 0 100
110 20 100
110 40 100
110 60 100
110 80 100
110 100 100
110 120 100
110 140 100
110 160 100
110 180 100
110 199 100
121 10 100
121 30 100
121 50 100
121 70 100
121 90 100
121 110 100
121 130 100
121 150 100
121 170 100
121 190 100
132 0 100
132 20 100
132 40 100
132 60 100
132 80 100
132 100 100
132 120 100
132 140 100
132 160 100
132 180 100
132 199 100
143 10 100
143 30 100
143 50 100
143 70 100
143 90 100
143 110 100
143 130 100
143 150 100
143 170 100
143 190 100
154 0 100
154 20 100
154 40 100
154 60 100
154 80 100
154 100 100
154 120 100
154 140 100
154 160 100
154 180 100
154 199 100
165 10 100
165 30 100
165 50 100
165 70 100
165 90 100
165 110 100
165 130 100
165 150 100
165 170 100
165 190 100
176 0 100
176 20 100
176 40 100
176 60 100
176 80 100
176 100 100
176 120 100
176 140 100
176 160 100
176 180 100
176 199 100
187 10 100
187 30 100
187 50 100
187 70 100
187 90 100
187 110 100
187 130 100
187 150 100
187 170 100
187 190 100
198 0 100
198 20 100
198 40 100
198 60 100
198 80 100
198 100 100
198 120 100
198 140 100
198 160 100
198 180 100
198 199 100
0 0 100
0 20 100
0 40 100
0 60 100
0 80 100
0 100 100
0 120 100
0 160 100
0 180 100
11 30 100
11 50 100
11 70 100
11 130 100
11 170 100
22 120 100
22 140 100
22 160 100
22 199 100
33 10 100
33 70 100
33 110 100
33 130 100
33 170 100
33 190 100
44 0 100
44 20 100
44 60 100
44 80 100
44 100 100
44 140 100
44 160 100
44 180 100
44 199 100
55 10 100
55 30 100
55 50 100
55 70 100
55 90 100
55 130 100
55 150 100
55 170 100
55 190 100
66 20 100
66 40 100
66 80 100
66 100 100
66 140 100
66 160 100
66 180 100
66 199 100
77 10 100
77 30 100
77 50 100
77 90 100
77 110 100
77 150 100
77 190 100
88 0 100
88 20 100
88 40 100
88 60 100
88 100 100
88 120 100
88 140 100
88 199 100
99 10 100
99 30 100
99 50 100
99 70 100
99 110 100
99 130 100
99 150 100
110 0 100
110 20 100
110 40 100
110 80 100
110 120 100
110 160 100
110 180 100
121 10 100
121 30 100
121 70 100
121 90 100
121 130 100
121 150 100
121 170 100
121 190 100
132 0 100
132 40 100
132 80 100
132 100 100
132 120 100
132 140 100
132 180 100
132 199 100
143 10 100
143 30 100
143 50 100
143 90 100
143 110 100
143 130 100
143 190 100
154 0 100
154 20 100
154 40 100
154 60 100
154 80 100
154 100 100
154 180 100
154 199 100
165 10 100
165 30 100
165 50 100
165 70 100
165 90 100
165 110 100
165 150 100
165 170 100
165 190 100
176 80 100
176 100 100
176 140 100
176 160 100
176 180 100
176 199 100
187 30 100
187 70 100
187 90 100
187 110 100
187 150 100
187 170 100
187 190 100
198 20 100
198 40 100
198 60 100
198 80 100
198 100 100
198 140 100
198 160 100
198 180 100
182 1 40
37 36 40
163 130 40
9 185 40
22 89 40
82 161 40
69 63 40
164 130 40
166 130 40
167 130 40
168 130 40
168 129 40
169 129 40
170 129 40
170 128 40
171 128 40
171 127 40
172 127 40
173 127 40
173 126 40
174 126 40
174 125 40
175 125 40
176 125 40
176 124 40
177 124 40
178 124 40
178 123 40
179 123 40
180 123 40
180 122 40
181 122 40
182 122 40
183 122 40
183 121 40
183 120 40
183 119 40
183 118 40
183 117 40
183 116 40
183 116 48
183 115 40
183 115 48
183 114 40
183 114 48
183 113 40
183 113 48
183 113 56
183 112 40
183 112 48
183 112 56
183 111 40
183 111 48
183 111 56
183 111 64
183 110 40
183 110 48
183 110 56
183 110 64
183 110 72
183 109 40
183 109 48
183 109 56
183 109 64
183 109 72
183 109 80
183 108 40
183 108 48
183 108 56
183 108 64
183 108 72
183 108 80
183 107 40
183 107 48
183 107 56
183 107 64
183 107 72
183 107 80
183 107 88
183 106 40
183 106 48
183 106 56
183 106 64
183 106 72
183 106 80
183 106 88
183 106 96
183 105 40
183 105 48
183 105 56
183 105 64
183 105 72
183 105 80
183 105 88
183 105 96
183 104 40
183 104 48
183 104 56
183 104 64
183 104 72
183 104 80
183 104 88
183 104 96
183 104 104
183 103 40
183 103 48
183 103 56
183 103 64
183 103 72
183 103 80
183 103 88
183 103 96
183 103 104
183 102 40
183 102 48
183 102 56
183 102 64
183 102 72
183 102 80
183 102 88
183 102 96
183 102 104
183 101 40
183 101 48
183 101 56
183 101 64
183 101 72
183 101 80
183 101 88
183 101 96
183 100 40
183 100 48
183 100 56
183 100 64
183 100 72
183 100 80
183 100 88
183 100 96
183 99 40
183 99 48
183 99 56
183 99 64
183 99 72
183 99 80
183 99 88
183 98 40
183 98 48
183 98 56
183 98 64
183 98 72
183 98 80
183 98 88
183 97 40
183 97 48
183 97 56
183 97 64
183 97 72
183 97 80
183 96 40
183 96 48
183 96 56
183 96 64
183 96 72
183 95 40
183 95 48
183 95 56
183 95 64
183 95 72
183 94 40
183 94 48
183 94 56
183 94 64
183 93 40
183 93 48
183 93 56
183 93 64
183 92 40
183 92 48
183 92 56
183 91 40
183 91 48
183 91 56
183 90 40
183 90 48
183 90 56
183 89 40
183 89 48
183 89 56
183 88 40
183 88 48
183 88 56
183 87 40
183 87 48
183 87 56
183 86 40
183 86 48
183 86 56
183 85 40
183 85 48
183 85 56
183 85 64
183 84 40
183 84 48
183 84 56
183 84 64
183 83 40
183 83 48
183 83 56
183 83 64
183 83 72
183 82 40
183 82 48
183 82 56
183 82 64
183 82 72
183 82 80
183 81 40
183 81 48
183 81 56
183 81 64
183 81 72
183 81 80
183 81 88
183 80 40
183 80 48
183 80 56
183 80 64
183 80 72
183 80 80
183 80 88
183 80 96
183 79 40
183 79 48
183 79 56
183 79 64
183 79 72
183 79 80
183 79 88
183 79 96
183 79 104
183 78 40
183 78 48
183 78 56
183 78 64
183 78 72
183 78 80
183 78 88
183 78 96
183 78 104
183 78 112
183 77 40
183 77 48
183 77 56
183 77 64
183 77 72
183 77 80
183 77 88
183 77 96
183 77 104
183 77 112
183 77 120
183 76 40
183 76 48
183 76 56
183 76 64
183 76 72
183 76 80
183 76 88
183 76 96
183 76 104
183 76 112
183 76 120
183 76 128
183 75 40
183 75 48
183 75 56
183 75 64
183 75 72
183 75 80
183 75 88
183 75 96
183 75 104
183 75 112
183 75 120
183 75 128
183 75 136
183 74 40
183 74 48
183 74 56
183 74 64
183 74 72
183 74 80
183 74 88
183 74 96
183 74 104
183 74 112
183 74 120
183 74 128
183 74 136
183 74 144
183 73 40
183 73 48
183 73 56
183 73 64
183 73 72
183 73 80
183 73 88
183 73 96
183 73 104
183 73 112
183 73 120
183 73 128
183 73 136
183 73 144
183 72 40
183 72 48
183 72 56
183 72 64
183 72 72
183 72 80
183 72 88
183 72 96
183 72 104
183 72 112
183 72 120
183 72 128
183 72 136
183 72 144
183 72 152
183 71 40
183 71 48
183 71 56
183 71 64
183 71 72
183 71 80
183 71 88
183 71 96
183 71 104
183 71 112
183 71 120
183 71 128
183 71 136
183 71 144
183 70 40
183 70 48
183 70 56
183 70 64
183 70 72
183 70 80
183 70 88
183 70 96
183 70 104
183 70 112
183 70 120
183 70 128
183 70 136
183 70 144
183 69 40
183 69 48
183 69 56
183 69 64
183 69 72
183 69 80
183 69 88
183 69 96
183 69 104
183 69 112
183 69 120
183 69 128
183 69 136
183 68 40
183 68 48
183 68 56
183 68 64
183 68 72
183 68 80
183 68 88
183 68 96
183 68 104
183 68 112
183 68 120
183 68 128
183 67 40
183 67 48
183 67 56
183 67 64
183 67 72
183 67 80
183 67 88
183 67 96
183 67 104
183 67 112
183 67 120
183 66 40
183 66 48
183 66 56
183 66 64
183 66 72
183 66 80
183 66 88
183 66 96
183 66 104
183 65 40
183 65 48
183 65 56
183 65 64
183 65 72
183 65 80
183 65 88
183 65 96
183 64 40
183 64 48
183 64 56
183 64 64
183 64 72
183 64 80
183 64 88
183 63 40
183 63 48
183 63 56
183 63 64
183 63 72
183 63 80
183 62 40
183 62 48
183 62 56
183 62 64
183 62 72
183 61 40
183 61 48
183 61 56
183 61 64
183 60 40
183 60 48
183 60 56
183 59 40
183 59 48
183 59 56
183 58 40
183 58 48
183 58 56
183 57 40
183 57 48
183 56 40
183 56 48
183 55 40
183 55 48
183 54 40
183 54 48
183 53 40
183 53 48
183 52 40
183 51 40
183 50 40
183 49 40
183 48 40
183 47 40
183 46 40
183 45 40
182 45 40
182 44 40
182 43 40
182 42 40
182 41 40
182 40 40
182 39 40
182 38 40
182 37 40
182 36 40
182 35 40
182 34 40
182 33 40
182 32 40
182 31 40
182 30 40
182 29 40
182 28 40
182 27 40
182 26 40
182 25 40
182 24 40
182 23 40
182 22 40
182 21 40
182 20 40
182 19 40
182 18 40
183 18 40
183 17 40
184 17 40
184 16 40
184 15 40
184 14 40
184 13 40
184 12 40
184 11 40
184 10 40
184 9 40
184 8 40
184 7 40
184 6 40
184 5 40
184 4 40
184 3 40
184 2 40
184 1 40
183 1 40
82 162 40
82 163 40
82 164 40
82 165 40
82 166 40
82 167 40
83 167 40
84 167 40
85 167 40
86 167 40
87 167 40
88 167 40
89 167 40
90 167 40
91 167 40
92 167 40
93 167 40
94 167 40
95 167 40
96 167 40
96 167 48
97 167 40
97 167 48
98 167 40
98 167 48
98 167 56
99 167 40
99 167 48
99 167 56
100 167 40
100 167 48
100 167 56
100 167 64
101 167 40
101 167 48
101 167 56
101 167 64
101 167 72
102 167 40
102 167 48
102 167 56
102 167 64
102 167 72
102 167 80
103 167 40
103 167 48
103 167 56
103 167 64
103 167 72
103 167 80
103 167 88
104 167 40
104 167 48
104 167 56
104 167 64
104 167 72
104 167 80
104 167 88
104 167 96
105 167 40
105 167 48
105 167 56
105 167 64
105 167 72
105 167 80
105 167 88
105 167 96
105 167 104
106 167 40
106 167 48
106 167 56
106 167 64
106 167 72
106 167 80
106 167 88
106 167 96
106 167 104
106 167 112
106 167 120
107 167 40
107 167 48
107 167 56
107 167 64
107 167 72
107 167 80
107 167 88
107 167 96
107 167 104
107 167 112
107 167 120
107 167 128
108 167 40
108 167 48
108 167 56
108 167 64
108 167 72
108 167 80
108 167 88
108 167 96
108 167 104
108 167 112
108 167 120
108 167 128
108 167 136
108 167 144
109 167 40
109 167 48
109 167 56
109 167 64
109 167 72
109 167 80
109 167 88
109 167 96
109 167 104
109 167 112
109 167 120
109 167 128
109 167 136
109 167 144
109 167 152
109 167 160
110 167 40
110 167 48
110 167 56
110 167 64
110 167 72
110 167 80
110 167 88
110 167 96
110 167 104
110 167 112
110 167 120
110 167 128
110 167 136
110 167 144
110 167 152
110 167 160
110 167 168
110 167 176
111 167 40
111 167 48
111 167 56
111 167 64
111 167 72
111 167 80
111 167 88
111 167 96
111 167 104
111 167 112
111 167 120
111 167 128
111 167 136
111 167 144
111 167 152
111 167 160
111 167 168
111 167 176
111 167 184
111 167 192
112 167 40
112 167 48
112 167 56
112 167 64
112 167 72
112 167 80
112 167 88
112 167 96
112 167 104
112 167 112
112 167 120
112 167 128
112 167 136
112 167 144
112 167 152
112 167 160
112 167 168
112 167 176
112 167 184
112 167 192
112 167 200
113 167 40
113 167 48
113 167 56
113 167 64
113 167 72
113 167 80
113 167 88
113 167 96
113 167 104
113 167 112
113 167 120
113 167 128
113 167 136
113 167 144
113 167 152
113 167 160
113 167 168
113 167 176
113 167 184
113 167 192
113 167 200
113 167 208
114 167 40
114 167 48
114 167 56
114 167 64
114 167 72
114 167 80
114 167 88
114 167 96
114 167 104
114 167 112
114 167 120
114 167 128
114 167 136
114 167 144
114 167 152
114 167 160
114 167 168
114 167 176
114 167 184
114 167 192
114 167 200
114 167 208
114 167 216
115 167 40
115 167 48
115 167 56
115 167 64
115 167 72
115 167 80
115 167 88
115 167 96
115 167 104
115 167 112
115 167 120
115 167 128
115 167 136
115 167 144
115 167 152
115 167 160
115 167 168
115 167 176
115 167 184
115 167 192
115 167 200
115 167 208
115 167 216
115 167 224
116 167 40
116 167 48
116 167 56
116 167 64
116 167 72
116 167 80
116 167 88
116 167 96
116 167 104
116 167 112
116 167 120
116 167 128
116 167 136
116 167 144
116 167 152
116 167 160
116 167 168
116 167 176
116 167 184
116 167 192
116 167 200
116 167 208
116 167 216
116 167 224
117 167 40
117 167 48
117 167 56
117 167 64
117 167 72
117 167 80
117 167 88
117 167 96
117 167 104
117 167 112
117 167 120
117 167 128
117 167 136
117 167 144
117 167 152
117 167 160
117 167 168
117 167 176
117 167 184
117 167 192
117 167 200
117 167 208
117 167 216
117 167 224
118 167 40
118 167 48
118 167 56
118 167 64
118 167 72
118 167 80
118 167 88
118 167 96
118 167 104
118 167 112
118 167 120
118 167 128
118 167 136
118 167 144
118 167 152
118 167 160
118 167 168
118 167 176
118 167 184
118 167 192
118 167 200
118 167 208
118 167 216
118 167 224
119 167 40
119 167 48
119 167 56
119 167 64
119 167 72
119 167 80
119 167 88
119 167 96
119 167 104
119 167 112
119 167 120
119 167 128
119 167 136
119 167 144
119 167 152
119 167 160
119 167 168
119 167 176
119 167 184
119 167 192
119 167 200
119 167 208
119 167 216
119 167 224
120 167 40
120 167 48
120 167 56
120 167 64
120 167 72
120 167 80
120 167 88
120 167 96
120 167 104
120 167 112
120 167 120
120 167 128
120 167 136
120 167 144
120 167 152
120 167 160
120 167 168
120 167 176
120 167 184
120 167 192
120 167 200
120 167 208
120 167 216
121 167 40
121 167 48
121 167 56
121 167 64
121 167 72
121 167 80
121 167 88
121 167 96
121 167 104
121 167 112
121 167 120
121 167 128
121 167 136
121 167 144
121 167 152
121 167 160
121 167 168
121 167 176
121 167 184
121 167 192
121 167 200
121 167 208
122 167 40
122 167 48
122 167 56
122 167 64
122 167 72
122 167 80
122 167 88
122 167 96
122 167 104
122 167 112
122 167 120
122 167 128
122 167 136
122 167 144
122 167 152
122 167 160
122 167 168
122 167 176
122 167 184
122 167 192
123 167 40
123 167 48
123 167 56
123 167 64
123 167 72
123 167 80
123 167 88
123 167 96
123 167 104
123 167 112
123 167 120
123 167 128
123 167 136
123 167 144
123 167 152
123 167 160
123 167 168
123 167 176
123 167 184
124 167 40
124 167 48
124 167 56
124 167 64
124 167 72
124 167 80
124 167 88
124 167 96
124 167 104
124 167 112
124 167 120
124 167 128
124 167 136
124 167 144
124 167 152
124 167 160
124 167 168
125 167 40
125 167 48
125 167 56
125 167 64
125 167 72
125 167 80
125 167 88
125 167 96
125 167 104
125 167 112
125 167 120
125 167 128
125 167 136
125 167 144
125 167 152
126 167 40
126 167 48
126 167 56
126 167 64
126 167 72
126 167 80
126 167 88
126 167 96
126 167 104
126 167 112
126 167 120
126 167 128
126 167 136
127 167 40
127 167 48
127 167 56
127 167 64
127 167 72
127 167 80
127 167 88
127 167 96
127 167 104
127 167 112
127 167 120
128 167 40
128 167 48
128 167 56
128 167 64
128 167 72
128 167 80
128 167 88
128 167 96
128 167 104
128 167 112
129 167 40
129 167 48
129 167 56
129 167 64
129 167 72
129 167 80
129 167 88
129 167 96
130 167 40
130 167 48
130 167 56
130 167 64
130 167 72
130 167 80
130 167 88
131 167 40
131 167 48
131 167 56
131 167 64
131 167 72
131 166 40
131 166 48
131 166 56
131 166 64
132 166 40
132 166 48
132 166 56
132 165 40
132 165 48
133 165 40
133 165 48
134 165 40
134 165 48
134 164 40
135 164 40
136 164 40
136 163 40
137 163 40
138 163 40
138 162 40
139 162 40
140 162 40
141 162 40
142 162 40
142 161 40
143 161 40
144 161 40
145 161 40
145 160 40
145 159 40
145 158 40
145 157 40
146 157 40
146 156 40
146 155 40
146 154 40
147 154 40
147 153 40
147 152 40
148 152 40
148 151 40
149 151 40
149 150 40
149 149 40
150 149 40
150 148 40
151 148 40
151 147 40
152 147 40
152 146 40
152 145 40
153 145 40
153 144 40
154 144 40
154 143 40
155 143 40
155 142 40
156 142 40
156 141 40
157 141 40
157 140 40
158 140 40
158 139 40
159 139 40
159 138 40
160 138 40
160 137 40
161 137 40
161 136 40
161 135 40
162 135 40
162 134 40
163 134 40
163 133 40
163 132 40
163 131 40
70 63 40
70 64 40
71 64 40
71 65 40
72 65 40
72 66 40
73 66 40
73 67 40
74 67 40
74 68 40
75 68 40
75 69 40
76 69 40
76 70 40
77 71 40
78 71 40
78 72 40
79 72 40
80 72 40
80 73 40
81 73 40
81 74 40
82 74 40
82 75 40
83 75 40
83 76 40
84 76 40
84 77 40
85 77 40
85 78 40
86 78 40
86 79 40
87 79 40
87 80 40
88 81 40
89 81 40
89 82 40
90 82 40
91 82 40
91 83 40
92 83 40
92 84 40
93 84 40
93 85 40
94 85 40
94 86 40
95 86 40
95 87 40
96 87 40
96 88 40
97 88 40
97 89 40
98 89 40
98 90 40
99 91 40
100 91 40
100 92 40
101 92 40
102 92 40
102 93 40
103 93 40
103 94 40
104 94 40
104 95 40
105 95 40
105 96 40
106 96 40
106 97 40
107 97 40
107 98 40
108 98 40
108 99 40
109 99 40
109 100 40
110 101 40
111 101 40
111 102 40
112 102 40
113 102 40
113 103 40
114 103 40
114 104 40
115 104 40
115 105 40
116 105 40
116 106 40
117 106 40
117 107 40
118 107 40
118 108 40
119 108 40
119 109 40
120 109 40
120 110 40
121 111 40
122 111 40
122 112 40
123 112 40
123 112 48
123 113 40
123 113 48
124 113 40
124 113 48
124 114 40
124 114 48
124 114 56
125 114 40
125 114 48
125 114 56
125 115 40
125 115 48
125 115 56
125 115 64
126 115 40
126 115 48
126 115 56
126 115 64
126 115 72
127 115 40
127 115 48
127 115 56
127 115 64
127 115 72
127 115 80
127 116 40
127 116 48
127 116 56
127 116 64
127 116 72
127 116 80
127 116 88
127 116 96
127 117 40
127 117 48
127 117 56
127 117 64
127 117 72
127 117 80
127 117 88
127 117 96
127 117 104
127 117 112
128 117 40
128 117 48
128 117 56
128 117 64
128 117 72
128 117 80
128 117 88
128 117 96
128 117 104
128 117 112
128 117 120
129 117 40
129 117 48
129 117 56
129 117 64
129 117 72
129 117 80
129 117 88
129 117 96
129 117 104
129 117 112
129 117 120
129 117 128
129 117 136
130 117 40
130 117 48
130 117 56
130 117 64
130 117 72
130 117 80
130 117 88
130 117 96
130 117 104
130 117 112
130 117 120
130 117 128
130 117 136
130 117 144
131 117 40
131 117 48
131 117 56
131 117 64
131 117 72
131 117 80
131 117 88
131 117 96
131 117 104
131 117 112
131 117 120
131 117 128
131 117 136
131 117 144
131 117 152
132 117 40
132 117 48
132 117 56
132 117 64
132 117 72
132 117 80
132 117 88
132 117 96
132 117 104
132 117 112
132 117 120
132 117 128
132 117 136
132 117 144
132 117 152
132 117 160
133 117 40
133 117 48
133 117 56
133 117 64
133 117 72
133 117 80
133 117 88
133 117 96
133 117 104
133 117 112
133 117 120
133 117 128
133 117 136
133 117 144
133 117 152
133 117 160
133 117 168
134 117 40
134 117 48
134 117 56
134 117 64
134 117 72
134 117 80
134 117 88
134 117 96
134 117 104
134 117 112
134 117 120
134 117 128
134 117 136
134 117 144
134 117 152
134 117 160
134 117 168
134 117 176
135 117 40
135 117 48
135 117 56
135 117 64
135 117 72
135 117 80
135 117 88
135 117 96
135 117 104
135 117 112
135 117 120
135 117 128
135 117 136
135 117 144
135 117 152
135 117 160
135 117 168
135 117 176
136 117 40
136 117 48
136 117 56
136 117 64
136 117 72
136 117 80
136 117 88
136 117 96
136 117 104
136 117 112
136 117 120
136 117 128
136 117 136
136 117 144
136 117 152
136 117 160
136 117 168
136 117 176
136 117 184
137 117 40
137 117 48
137 117 56
137 117 64
137 117 72
137 117 80
137 117 88
137 117 96
137 117 104
137 117 112
137 117 120
137 117 128
137 117 136
137 117 144
137 117 152
137 117 160
137 117 168
137 117 176
137 117 184
138 117 40
138 117 48
138 117 56
138 117 64
138 117 72
138 117 80
138 117 88
138 117 96
138 117 104
138 117 112
138 117 120
138 117 128
138 117 136
138 117 144
138 117 152
138 117 160
138 117 168
138 117 176
138 117 184
139 117 40
139 117 48
139 117 56
139 117 64
139 117 72
139 117 80
139 117 88
139 117 96
139 117 104
139 117 112
139 117 120
139 117 128
139 117 136
139 117 144
139 117 152
139 117 160
139 117 168
139 117 176
139 117 184
140 117 40
140 117 48
140 117 56
140 117 64
140 117 72
140 117 80
140 117 88
140 117 96
140 117 104
140 117 112
140 117 120
140 117 128
140 117 136
140 117 144
140 117 152
140 117 160
140 117 168
140 117 176
141 117 40
141 117 48
141 117 56
141 117 64
141 117 72
141 117 80
141 117 88
141 117 96
141 117 104
141 117 112
141 117 120
141 117 128
141 117 136
141 117 144
141 117 152
141 117 160
141 117 168
142 117 40
142 117 48
142 117 56
142 117 64
142 117 72
142 117 80
142 117 88
142 117 96
142 117 104
142 117 112
142 117 120
142 117 128
142 117 136
142 117 144
142 117 152
143 117 40
143 117 48
143 117 56
143 117 64
143 117 72
143 117 80
143 117 88
143 117 96
143 117 104
143 117 112
143 117 120
143 117 128
143 117 136
144 117 40
144 117 48
144 117 56
144 117 64
144 117 72
144 117 80
144 117 88
144 117 96
144 117 104
144 117 112
144 117 120
145 117 40
145 117 48
145 117 56
145 117 64
145 117 72
145 117 80
145 117 88
145 117 96
145 117 104
146 117 40
146 117 48
146 117 56
146 117 64
146 117 72
146 117 80
146 117 88
147 117 40
147 117 48
147 117 56
147 117 64
147 117 72
148 117 40
148 117 48
148 117 56
148 117 64
149 117 40
149 117 48
149 117 56
150 117 40
150 117 48
151 117 40
151 117 48
151 118 40
151 118 48
152 118 40
152 119 40
153 119 40
153 120 40
154 121 40
155 121 40
155 122 40
156 122 40
156 123 40
157 123 40
157 124 40
158 124 40
158 125 40
159 125 40
159 126 40
160 126 40
160 127 40
161 127 40
161 128 40
162 128 40
162 129 40
163 129 40
37 37 40
37 38 40
37 39 40
37 40 40
37 41 40
37 42 40
37 43 40
37 44 40
37 45 40
38 45 40
39 45 40
40 45 40
41 45 40
42 45 40
43 45 40
44 45 40
45 45 40
45 45 48
45 46 40
45 46 48
46 46 40
46 46 48
46 46 56
47 46 40
47 46 48
47 46 56
48 46 40
48 46 48
48 46 56
48 46 64
48 47 40
48 47 48
48 47 56
48 47 64
48 47 72
49 47 40
49 47 48
49 47 56
49 47 64
49 47 72
49 47 80
49 48 40
49 48 48
49 48 56
49 48 64
49 48 72
49 48 80
49 48 88
49 48 96
50 48 40
50 48 48
50 48 56
50 48 64
50 48 72
50 48 80
50 48 88
50 48 96
51 48 40
51 48 48
51 48 56
51 48 64
51 48 72
51 48 80
51 48 88
51 48 96
51 48 104
51 49 40
51 49 48
51 49 56
51 49 64
51 49 72
51 49 80
51 49 88
51 49 96
51 49 104
51 49 112
51 49 120
52 49 40
52 49 48
52 49 56
52 49 64
52 49 72
52 49 80
52 49 88
52 49 96
52 49 104
52 49 112
52 49 120
52 50 40
52 50 48
52 50 56
52 50 64
52 50 72
52 50 80
52 50 88
52 50 96
52 50 104
52 50 112
52 50 120
52 50 128
52 50 136
53 50 40
53 50 48
53 50 56
53 50 64
53 50 72
53 50 80
53 50 88
53 50 96
53 50 104
53 50 112
53 50 120
53 50 128
53 50 136
54 50 40
54 50 48
54 50 56
54 50 64
54 50 72
54 50 80
54 50 88
54 50 96
54 50 104
54 50 112
54 50 120
54 50 128
54 50 136
54 51 40
54 51 48
54 51 56
54 51 64
54 51 72
54 51 80
54 51 88
54 51 96
54 51 104
54 51 112
54 51 120
54 51 128
54 51 136
54 51 144
55 51 40
55 51 48
55 51 56
55 51 64
55 51 72
55 51 80
55 51 88
55 51 96
55 51 104
55 51 112
55 51 120
55 51 128
55 51 136
55 52 40
55 52 48
55 52 56
55 52 64
55 52 72
55 52 80
55 52 88
55 52 96
55 52 104
55 52 112
55 52 120
55 52 128
55 52 136
55 52 144
56 52 40
56 52 48
56 52 56
56 52 64
56 52 72
56 52 80
56 52 88
56 52 96
56 52 104
56 52 112
56 52 120
56 52 128
56 52 136
57 52 40
57 52 48
57 52 56
57 52 64
57 52 72
57 52 80
57 52 88
57 52 96
57 52 104
57 52 112
57 52 120
58 52 40
58 52 48
58 52 56
58 52 64
58 52 72
58 52 80
58 52 88
58 52 96
58 52 104
58 52 112
58 53 40
58 53 48
58 53 56
58 53 64
58 53 72
58 53 80
58 53 88
58 53 96
58 53 104
58 53 112
59 53 40
59 53 48
59 53 56
59 53 64
59 53 72
59 53 80
59 53 88
59 53 96
59 54 40
59 54 48
59 54 56
59 54 64
59 54 72
59 54 80
59 54 88
59 54 96
60 54 40
60 54 48
60 54 56
60 54 64
60 54 72
60 54 80
60 55 40
60 55 48
60 55 56
60 55 64
60 55 72
60 55 80
61 55 40
61 55 48
61 55 56
61 55 64
61 56 40
61 56 48
61 56 56
61 56 64
62 56 40
62 56 48
62 56 56
63 56 40
63 56 48
63 57 40
63 57 48
63 58 40
63 58 48
64 58 40
64 58 48
64 59 40
64 59 48
65 59 40
66 59 40
67 60 40
67 61 40
68 61 40
68 62 40
69 62 40
23 89 40
24 89 40
24 88 40
24 87 40
24 86 40
24 85 40
24 84 40
24 83 40
24 82 40
24 81 40
24 80 40
24 79 40
24 78 40
24 77 40
24 76 40
24 75 40
24 74 40
24 73 40
24 72 40
24 71 40
24 70 40
24 69 40
24 68 40
24 67 40
24 66 40
24 65 40
24 64 40
24 63 40
24 62 40
24 61 40
25 61 40
25 60 40
26 60 40
26 59 40
27 59 40
27 58 40
28 58 40
28 57 40
29 57 40
29 56 40
29 55 40
30 55 40
30 54 40
31 54 40
31 53 40
31 52 40
32 52 40
32 51 40
33 51 40
33 49 40
33 48 40
34 48 40
34 47 40
34 46 40
35 46 40
35 45 40
36 45 40
10 185 40
11 185 40
12 185 40
13 185 40
14 185 40
15 185 40
16 185 40
16 184 40
16 183 40
16 182 40
16 181 40
16 180 40
16 179 40
16 178 40
16 177 40
16 176 40
16 175 40
16 175 48
16 174 40
16 174 48
16 173 40
16 173 48
16 172 40
16 172 48
16 171 40
16 171 48
16 171 56
16 170 40
16 170 48
16 170 56
16 170 64
16 169 40
16 169 48
16 169 56
16 169 64
16 168 40
16 168 48
16 168 56
16 168 64
16 168 72
16 167 40
16 167 48
16 167 56
16 167 64
16 167 72
16 167 80
16 166 40
16 166 48
16 166 56
16 166 64
16 166 72
16 166 80
16 166 88
16 165 40
16 165 48
16 165 56
16 165 64
16 165 72
16 165 80
16 165 88
16 164 40
16 164 48
16 164 56
16 164 64
16 164 72
16 164 80
16 164 88
16 164 96
16 163 40
16 163 48
16 163 56
16 163 64
16 163 72
16 163 80
16 163 88
16 163 96
16 162 40
16 162 48
16 162 56
16 162 64
16 162 72
16 162 80
16 162 88
16 162 96
16 161 40
16 161 48
16 161 56
16 161 64
16 161 72
16 161 80
16 161 88
16 161 96
16 160 40
16 160 48
16 160 56
16 160 64
16 160 72
16 160 80
16 160 88
16 160 96
16 159 40
16 159 48
16 159 56
16 159 64
16 159 72
16 159 80
16 159 88
16 158 40
16 158 48
16 158 56
16 158 64
16 158 72
16 158 80
16 157 40
16 157 48
16 157 56
16 157 64
16 157 72
16 156 40
16 156 48
16 156 56
16 156 64
16 156 72
16 155 40
16 155 48
16 155 56
16 155 64
16 154 40
16 154 48
16 154 56
16 154 64
15 154 40
15 154 48
15 154 56
15 154 64
15 153 40
15 153 48
15 153 56
14 153 40
14 153 48
14 153 56
14 152 40
14 152 48
14 152 56
13 152 40
13 152 48
13 152 56
12 152 40
12 152 48
12 152 56
12 151 40
12 151 48
11 151 40
11 151 48
10 150 40
10 150 48
10 149 40
10 149 48
9 149 40
9 149 48
9 148 40
9 148 48
8 148 40
8 147 40
8 147 48
7 147 40
6 147 40
6 146 40
5 146 40
4 146 40
4 145 40
3 145 40
2 145 40
1 145 40
1 144 40
0 144 40
0 143 40
0 142 40
0 141 40
0 139 40
0 138 40
0 137 40
0 136 40
0 135 40
0 134 40
0 133 40
0 132 40
0 131 40
0 130 40
0 129 40
0 128 40
0 127 40
0 127 48
0 126 40
0 126 48
0 125 40
0 125 48
0 124 40
0 124 48
0 124 56
0 123 40
0 123 48
0 123 56
0 122 40
0 122 48
0 122 56
0 121 40
0 121 48
0 121 56
0 119 40
0 119 48
0 119 56
0 119 64
0 118 40
0 118 48
0 118 56
0 118 64
0 117 40
0 117 48
0 117 56
0 117 64
0 116 40
0 116 48
0 116 56
0 116 64
0 116 72
0 115 40
0 115 48
0 115 56
0 115 64
0 115 72
0 114 40
0 114 48
0 114 56
0 114 64
0 114 72
1 114 40
1 114 48
1 114 56
1 114 64
2 114 40
2 114 48
2 114 56
3 114 40
3 114 48
3 114 56
4 114 40
4 114 48
5 114 40
5 114 48
6 114 40
6 114 48
7 114 40
7 114 48
8 114 40
8 114 48
8 114 56
8 113 40
8 113 48
9 113 40
9 113 48
9 112 40
9 112 48
10 112 40
10 112 48
10 111 40
10 111 48
11 111 40
11 111 48
12 110 40
12 110 48
12 110 56
12 109 40
12 109 48
13 109 40
13 109 48
13 109 56
13 108 40
13 108 48
13 108 56
14 108 40
14 108 48
14 108 56
14 107 40
14 107 48
14 107 56
15 107 40
15 107 48
15 107 56
15 106 40
15 106 48
15 106 56
16 106 40
16 106 48
16 106 56
16 106 64
16 105 40
16 105 48
16 105 56
17 105 40
17 105 48
17 105 56
17 105 64
17 104 40
17 104 48
17 104 56
18 104 40
18 104 48
18 104 56
18 103 40
18 103 48
18 103 56
18 102 40
18 102 48
19 102 40
19 102 48
19 101 40
19 101 48
20 101 40
20 101 48
20 100 40
20 100 48
20 99 40
21 99 40
21 98 40
21 97 40
22 97 40
22 96 40
22 95 40
22 94 40
22 93 40
22 92 40
22 91 40
22 90 40
