0 0 100
0 20 100
0 40 100
0 60 100
0 80 100
0 100 100
0 120 100
0 140 100
0 160 100
0 180 100
0 199 100
11 10 100
11 30 100
11 50 100
11 70 100
11 90 100
11 110 100
11 130 100
11 150 100
11 170 100
11 190 100
22 0 100
22 20 100
22 40 100
22 60 100
22 80 100
22 100 100
22 120 100
22 140 100
22 160 100
22 180 100
22 199 100
33 10 100
33 30 100
33 50 100
33 70 100
33 90 100
33 110 100
33 130 100
33 150 100
33 170 100
33 190 100
44 0 100
44 20 100
44 40 100
44 60 100
44 80 100
44 100 100
44 120 100
44 140 100
44 160 100
44 180 100
44 199 100
55 10 100
55 30 100
55 50 100
55 70 100
55 90 100
55 110 100
55 130 100
55 150 100
55 170 100
55 190 100
66 0 100
66 20 100
66 40 100
66 60 100
66 80 100
66 100 100
66 120 100
66 140 100
66 160 100
66 180 100
66 199 100
77 10 100
77 30 100
77 50 100
77 70 100
77 90 100
77 110 100
77 130 100
77 150 100
77 170 100
77 190 100
88 0 100
88 20 100
88 40 100
88 60 100
88 80 100
88 100 100
88 120 100
88 140 100
88 160 100
88 180 100
88 199 100
99 10 100
99 30 100
99 50 100
99 70 100
99 90 100
99 110 100
99 130 100
99 150 100
99 170 100
99 190 100
110 0 100
110 20 100
110 40 100
110 60 100
110 80 100
110 100 100
110 120 100
110 140 100
110 160 100
110 180 100
110 199 100
121 10 100
121 30 100
121 50 100
121 70 100
121 90 100
121 110 100
121 130 100
121 150 100
121 170 100
121 190 100
132 0 100
132 20 100
132 40 100
132 60 100
132 80 100
132 100 100
132 120 100
132 140 100
132 160 100
132 180 100
132 199 100
143 10 100
143 30 100
143 50 100
143 70 100
143 90 100
143 110 100
143 130 100
143 150 100
143 170 100
143 190 100
154 0 100
154 20 100
154 40 100
154 60 100
154 80 100
154 100 100
154 120 100
154 140 100
154 160 100
154 180 100
154 199 100
165 10 100
165 30 100
165 50 100
165 70 100
165 90 100
165 110 100
165 130 100
165 150 100
165 170 100
165 190 100
176 0 100
176 20 100
176 40 100
176 60 100
176 80 100
176 100 100
176 120 100
176 140 100
176 160 100
176 180 100
176 199 100
187 10 100
187 30 100
187 50 100
187 70 100
187 90 100
187 110 100
187 130 100
187 150 100
187 170 100
187 190 100
198 0 100
198 20 100
198 40 100
198 60 100
198 80 100
198 100 100
198 120 100
198 140 100
198 160 100
198 180 100
198 199 100
0 0 100
0 20 100
0 40 100
0 60 100
0 80 100
0 120 100
0 140 100
0 199 100
11 10 100
11 30 100
11 70 100
11 90 100
11 110 100
11 130 100
11 150 100
22 0 100
22 20 100
22 60 100
22 80 100
22 100 100
22 120 100
22 140 100
33 10 100
33 30 100
33 50 100
33 70 100
33 90 100
33 110 100
33 130 100
33 150 100
44 20 100
44 40 100
44 80 100
44 100 100
44 140 100
44 199 100
55 10 100
55 30 100
55 90 100
55 110 100
55 130 100
55 150 100
55 190 100
66 0 100
66 20 100
66 100 100
66 120 100
66 140 100
66 160 100
66 180 100
66 199 100
77 10 100
77 110 100
77 130 100
77 150 100
77 170 100
77 190 100
88 0 100
88 100 100
88 120 100
88 140 100
88 160 100
88 180 100
88 199 100
99 10 100
99 30 100
99 110 100
99 130 100
99 150 100
99 170 100
99 190 100
110 0 100
110 20 100
110 80 100
110 100 100
110 120 100
110 140 100
110 199 100
121 10 100
121 30 100
121 50 100
121 90 100
121 110 100
121 130 100
132 0 100
132 20 100
132 40 100
132 60 100
132 80 100
132 100 100
132 120 100
143 10 100
143 30 100
143 50 100
143 70 100
143 90 100
143 110 100
154 0 100
154 20 100
154 40 100
154 60 100
154 80 100
154 100 100
154 160 100
154 199 100
165 10 100
165 30 100
165 50 100
165 90 100
165 110 100
165 130 100
165 150 100
165 170 100
165 190 100
176 0 100
176 40 100
176 60 100
176 100 100
176 120 100
176 140 100
176 160 100
176 180 100
176 199 100
187 70 100
187 90 100
187 110 100
187 130 100
187 150 100
187 170 100
187 190 100
198 0 100
198 80 100
198 100 100
198 120 100
198 140 100
198 160 100
198 180 100
198 199 100
75 89 40
65 39 40
65 39 41
106 176 40
106 176 41
39 130 40
39 130 41
39 130 42
169 112 40
169 112 41
169 112 42
169 112 43
169 112 44
169 112 45
169 112 46
13 152 40
13 152 41
126 146 40
98 67 40
177 60 40
177 60 41
177 60 42
177 60 43
197 33 40
97 67 40
96 67 40
95 67 40
94 67 40
93 67 40
92 67 40
91 67 40
90 67 40
89 67 40
88 67 40
87 67 40
86 67 40
85 67 40
84 67 40
83 67 40
82 67 40
81 67 40
80 67 40
79 67 40
78 67 40
77 67 40
77 68 40
77 69 40
76 69 40
76 70 40
76 71 40
76 72 40
76 73 40
76 74 40
76 75 40
76 76 40
76 77 40
75 77 40
75 78 40
75 79 40
75 80 40
75 81 40
75 82 40
75 83 40
75 84 40
75 85 40
75 86 40
75 87 40
75 88 40
126 147 40
126 148 40
126 149 40
126 150 40
126 151 40
126 152 40
126 153 40
126 154 40
126 155 40
126 156 40
126 157 40
126 158 40
126 159 40
126 160 40
126 161 40
126 162 40
126 163 40
126 164 40
126 165 40
126 166 40
126 167 40
126 168 40
126 169 40
125 169 40
125 170 40
125 171 40
125 172 40
125 173 40
125 174 40
124 174 40
123 174 40
123 175 40
123 176 40
122 176 40
121 176 40
120 176 40
119 176 40
118 176 40
117 176 40
116 176 40
115 176 40
114 176 40
113 176 40
112 176 40
111 176 40
110 176 40
109 176 40
108 176 40
108 176 41
107 176 40
107 176 41
168 112 40
168 112 41
168 112 42
168 112 43
168 112 44
168 112 45
168 112 46
167 112 40
167 112 41
167 112 42
167 112 43
167 112 44
167 112 45
167 112 46
166 112 40
166 112 41
166 112 42
166 112 43
166 112 44
166 112 45
166 112 46
165 112 40
165 112 41
165 112 42
165 112 43
165 112 44
165 112 45
165 112 46
165 113 40
165 113 41
165 113 42
165 113 43
165 113 44
165 113 45
165 113 46
164 113 40
164 113 41
164 113 42
164 113 43
164 113 44
164 113 45
164 113 46
164 114 40
164 114 41
164 114 42
164 114 43
164 114 44
164 114 45
164 114 46
163 114 40
163 114 41
163 114 42
163 114 43
163 114 44
163 114 45
163 114 46
163 115 40
163 115 41
163 115 42
163 115 43
163 115 44
163 115 45
163 115 46
162 115 40
162 115 41
162 115 42
162 115 43
162 115 44
162 115 45
162 115 46
162 115 47
162 116 40
162 116 41
162 116 42
162 116 43
162 116 44
162 116 45
162 116 46
162 116 47
161 116 40
161 116 41
161 116 42
161 116 43
161 116 44
161 116 45
161 116 46
161 117 40
161 117 41
161 117 42
161 117 43
161 117 44
161 117 45
161 117 46
160 117 40
160 117 41
160 117 42
160 117 43
160 117 44
160 117 45
160 118 40
160 118 41
160 118 42
160 118 43
160 118 44
160 118 45
159 118 40
159 118 41
159 118 42
159 118 43
159 118 44
159 119 40
159 119 41
159 119 42
159 119 43
158 119 40
158 119 41
158 119 42
158 119 43
158 120 40
158 120 41
158 120 42
157 120 40
157 120 41
157 120 42
157 121 40
157 121 41
156 121 40
156 121 41
156 122 40
155 122 40
155 123 40
154 123 40
154 124 40
153 124 40
153 125 40
152 125 40
152 126 40
152 127 40
151 127 40
151 128 40
150 128 40
150 129 40
149 129 40
149 130 40
149 131 40
148 131 40
148 132 40
147 132 40
147 133 40
147 134 40
146 134 40
146 135 40
146 136 40
146 137 40
145 137 40
145 138 40
145 139 40
145 140 40
145 141 40
144 141 40
144 142 40
143 142 40
143 143 40
142 143 40
142 144 40
141 144 40
140 144 40
139 144 40
139 145 40
138 145 40
137 145 40
137 146 40
136 146 40
135 146 40
134 146 40
133 146 40
132 146 40
131 146 40
130 146 40
129 146 40
128 146 40
127 146 40
177 61 40
177 61 41
177 61 42
177 61 43
177 62 40
177 62 41
177 62 42
177 63 40
177 63 41
177 63 42
177 64 40
177 64 41
177 65 40
177 65 41
177 66 40
177 67 40
177 68 40
177 69 40
177 70 40
177 71 40
177 72 40
177 73 40
177 73 41
176 73 40
176 73 41
175 73 40
175 73 41
174 73 40
174 73 41
173 73 40
173 73 41
172 73 40
172 73 41
171 73 40
171 73 41
170 73 40
170 73 41
169 73 40
169 73 41
169 74 40
169 74 41
169 74 42
169 75 40
169 75 41
169 75 42
169 76 40
169 76 41
169 76 42
169 77 40
169 77 41
169 77 42
169 77 43
169 78 40
169 78 41
169 78 42
169 79 40
169 79 41
169 79 42
169 80 40
169 80 41
169 80 42
169 81 40
169 81 41
169 81 42
169 82 40
169 82 41
169 82 42
169 83 40
169 83 41
169 83 42
169 84 40
169 84 41
169 84 42
169 85 40
169 85 41
169 85 42
169 86 40
169 86 41
169 87 40
169 87 41
169 87 42
169 88 40
169 88 41
169 88 42
169 89 40
169 89 41
169 89 42
169 90 40
169 90 41
169 90 42
169 90 43
169 91 40
169 91 41
169 91 42
169 91 43
169 91 44
169 92 40
169 92 41
169 92 42
169 92 43
169 92 44
169 92 45
169 92 46
169 93 40
169 93 41
169 93 42
169 93 43
169 93 44
169 93 45
169 93 46
169 93 47
169 94 40
169 94 41
169 94 42
169 94 43
169 94 44
169 94 45
169 94 46
169 94 47
169 94 48
169 94 49
169 95 40
169 95 41
169 95 42
169 95 43
169 95 44
169 95 45
169 95 46
169 95 47
169 95 48
169 95 49
169 95 50
169 96 40
169 96 41
169 96 42
169 96 43
169 96 44
169 96 45
169 96 46
169 96 47
169 96 48
169 96 49
169 96 50
169 96 51
169 97 40
169 97 41
169 97 42
169 97 43
169 97 44
169 97 45
169 97 46
169 97 47
169 97 48
169 97 49
169 97 50
169 97 51
169 98 40
169 98 41
169 98 42
169 98 43
169 98 44
169 98 45
169 98 46
169 98 47
169 98 48
169 98 49
169 98 50
169 98 51
169 99 40
169 99 41
169 99 42
169 99 43
169 99 44
169 99 45
169 99 46
169 99 47
169 99 48
169 99 49
169 99 50
169 99 51
169 100 40
169 100 41
169 100 42
169 100 43
169 100 44
169 100 45
169 100 46
169 100 47
169 100 48
169 100 49
169 100 50
169 100 51
169 101 40
169 101 41
169 101 42
169 101 43
169 101 44
169 101 45
169 101 46
169 101 47
169 101 48
169 101 49
169 101 50
169 101 51
169 102 40
169 102 41
169 102 42
169 102 43
169 102 44
169 102 45
169 102 46
169 102 47
169 102 48
169 102 49
169 102 50
169 102 51
169 102 52
169 103 40
169 103 41
169 103 42
169 103 43
169 103 44
169 103 45
169 103 46
169 103 47
169 103 48
169 103 49
169 103 50
169 103 51
169 103 52
169 103 53
169 104 40
169 104 41
169 104 42
169 104 43
169 104 44
169 104 45
169 104 46
169 104 47
169 104 48
169 104 49
169 104 50
169 104 51
169 104 52
169 104 53
169 104 54
169 105 40
169 105 41
169 105 42
169 105 43
169 105 44
169 105 45
169 105 46
169 105 47
169 105 48
169 105 49
169 105 50
169 105 51
169 105 52
169 105 53
169 105 54
169 105 55
169 106 40
169 106 41
169 106 42
169 106 43
169 106 44
169 106 45
169 106 46
169 106 47
169 106 48
169 106 49
169 106 50
169 106 51
169 106 52
169 106 53
169 106 54
169 106 55
169 107 40
169 107 41
169 107 42
169 107 43
169 107 44
169 107 45
169 107 46
169 107 47
169 107 48
169 107 49
169 107 50
169 107 51
169 107 52
169 107 53
169 107 54
169 108 40
169 108 41
169 108 42
169 108 43
169 108 44
169 108 45
169 108 46
169 108 47
169 108 48
169 108 49
169 108 50
169 108 51
169 108 52
169 109 40
169 109 41
169 109 42
169 109 43
169 109 44
169 109 45
169 109 46
169 109 47
169 109 48
169 109 49
169 109 50
169 110 40
169 110 41
169 110 42
169 110 43
169 110 44
169 110 45
169 110 46
169 110 47
169 110 48
169 111 40
169 111 41
169 111 42
169 111 43
169 111 44
169 111 45
169 111 46
169 111 47
196 33 40
195 33 40
194 33 40
193 33 40
192 33 40
192 34 40
192 35 40
192 36 40
192 37 40
192 38 40
192 39 40
192 40 40
192 41 40
192 42 40
192 43 40
192 44 40
192 45 40
192 46 40
192 47 40
192 48 40
191 48 40
191 49 40
191 50 40
190 50 40
190 51 40
190 52 40
189 52 40
189 53 40
189 54 40
189 54 41
188 54 40
188 55 40
188 55 41
188 56 40
188 56 41
187 56 40
187 57 40
186 57 40
186 58 40
186 59 40
185 59 40
185 60 40
184 60 40
183 60 40
183 60 41
182 60 40
182 60 41
181 60 40
181 60 41
180 60 40
180 60 41
179 60 40
179 60 41
179 60 42
178 60 40
178 60 41
178 60 42
13 153 40
13 154 40
13 155 40
13 156 40
13 157 40
13 158 40
13 159 40
13 160 40
13 161 40
13 162 40
13 163 40
13 164 40
13 165 40
13 166 40
13 167 40
13 168 40
13 169 40
13 170 40
13 171 40
13 172 40
14 172 40
15 172 40
16 172 40
17 172 40
18 172 40
19 172 40
20 172 40
21 172 40
22 172 40
23 172 40
24 172 40
25 172 40
26 172 40
27 172 40
28 172 40
29 172 40
30 172 40
31 172 40
32 172 40
33 172 40
34 172 40
35 172 40
36 172 40
37 172 40
38 172 40
39 172 40
40 172 40
41 172 40
42 172 40
43 172 40
44 172 40
45 172 40
46 172 40
47 172 40
48 172 40
49 172 40
50 172 40
51 172 40
52 172 40
53 172 40
53 172 41
54 172 40
54 172 41
55 172 40
55 172 41
55 172 42
56 172 40
56 172 41
56 172 42
56 172 43
57 172 40
57 172 41
57 172 42
57 172 43
57 172 44
58 172 40
58 172 41
58 172 42
58 172 43
58 172 44
58 172 45
59 172 40
59 172 41
59 172 42
59 172 43
59 172 44
59 172 45
59 172 46
60 172 40
60 172 41
60 172 42
60 172 43
60 172 44
60 172 45
60 172 46
60 172 47
60 172 48
60 172 49
61 172 40
61 172 41
61 172 42
61 172 43
61 172 44
61 172 45
61 172 46
61 172 47
61 172 48
61 172 49
61 172 50
61 172 51
62 172 40
62 172 41
62 172 42
62 172 43
62 172 44
62 172 45
62 172 46
62 172 47
62 172 48
62 172 49
62 172 50
62 172 51
62 172 52
62 172 53
62 172 54
63 172 40
63 172 41
63 172 42
63 172 43
63 172 44
63 172 45
63 172 46
63 172 47
63 172 48
63 172 49
63 172 50
63 172 51
63 172 52
63 172 53
63 172 54
63 172 55
63 172 56
64 172 40
64 172 41
64 172 42
64 172 43
64 172 44
64 172 45
64 172 46
64 172 47
64 172 48
64 172 49
64 172 50
64 172 51
64 172 52
64 172 53
64 172 54
64 172 55
64 172 56
64 172 57
65 172 40
65 172 41
65 172 42
65 172 43
65 172 44
65 172 45
65 172 46
65 172 47
65 172 48
65 172 49
65 172 50
65 172 51
65 172 52
65 172 53
65 172 54
65 172 55
65 172 56
65 172 57
65 172 58
66 172 40
66 172 41
66 172 42
66 172 43
66 172 44
66 172 45
66 172 46
66 172 47
66 172 48
66 172 49
66 172 50
66 172 51
66 172 52
66 172 53
66 172 54
66 172 55
66 172 56
66 172 57
67 172 40
67 172 41
67 172 42
67 172 43
67 172 44
67 172 45
67 172 46
67 172 47
67 172 48
67 172 49
67 172 50
67 172 51
67 172 52
67 172 53
67 172 54
67 172 55
67 172 56
67 172 57
68 172 40
68 172 41
68 172 42
68 172 43
68 172 44
68 172 45
68 172 46
68 172 47
68 172 48
68 172 49
68 172 50
68 172 51
68 172 52
68 172 53
68 172 54
68 172 55
68 172 56
68 172 57
69 172 40
69 172 41
69 172 42
69 172 43
69 172 44
69 172 45
69 172 46
69 172 47
69 172 48
69 172 49
69 172 50
69 172 51
69 172 52
69 172 53
69 172 54
69 172 55
69 172 56
69 172 57
70 172 40
70 172 41
70 172 42
70 172 43
70 172 44
70 172 45
70 172 46
70 172 47
70 172 48
70 172 49
70 172 50
70 172 51
70 172 52
70 172 53
70 172 54
70 172 55
70 172 56
70 172 57
71 172 40
71 172 41
71 172 42
71 172 43
71 172 44
71 172 45
71 172 46
71 172 47
71 172 48
71 172 49
71 172 50
71 172 51
71 172 52
71 172 53
71 172 54
71 172 55
71 172 56
71 172 57
72 172 40
72 172 41
72 172 42
72 172 43
72 172 44
72 172 45
72 172 46
72 172 47
72 172 48
72 172 49
72 172 50
72 172 51
72 172 52
72 172 53
72 172 54
72 172 55
72 172 56
73 172 40
73 172 41
73 172 42
73 172 43
73 172 44
73 172 45
73 172 46
73 172 47
73 172 48
73 172 49
73 172 50
73 172 51
73 172 52
73 172 53
73 172 54
73 172 55
73 172 56
74 172 40
74 172 41
74 172 42
74 172 43
74 172 44
74 172 45
74 172 46
74 172 47
74 172 48
74 172 49
74 172 50
74 172 51
74 172 52
74 172 53
74 172 54
74 172 55
74 172 56
75 172 40
75 172 41
75 172 42
75 172 43
75 172 44
75 172 45
75 172 46
75 172 47
75 172 48
75 172 49
75 172 50
75 172 51
75 172 52
75 172 53
75 172 54
75 172 55
75 172 56
75 172 57
76 172 40
76 172 41
76 172 42
76 172 43
76 172 44
76 172 45
76 172 46
76 172 47
76 172 48
76 172 49
76 172 50
76 172 51
76 172 52
76 172 53
76 172 54
76 172 55
76 172 56
76 172 57
76 172 58
76 172 59
77 172 40
77 172 41
77 172 42
77 172 43
77 172 44
77 172 45
77 172 46
77 172 47
77 172 48
77 172 49
77 172 50
77 172 51
77 172 52
77 172 53
77 172 54
77 172 55
77 172 56
77 172 57
77 172 58
77 172 59
77 172 60
77 172 61
78 172 40
78 172 41
78 172 42
78 172 43
78 172 44
78 172 45
78 172 46
78 172 47
78 172 48
78 172 49
78 172 50
78 172 51
78 172 52
78 172 53
78 172 54
78 172 55
78 172 56
78 172 57
78 172 58
78 172 59
78 172 60
78 172 61
78 172 62
78 172 63
79 172 40
79 172 41
79 172 42
79 172 43
79 172 44
79 172 45
79 172 46
79 172 47
79 172 48
79 172 49
79 172 50
79 172 51
79 172 52
79 172 53
79 172 54
79 172 55
79 172 56
79 172 57
79 172 58
79 172 59
79 172 60
79 172 61
79 172 62
79 172 63
79 172 64
79 172 65
80 172 40
80 172 41
80 172 42
80 172 43
80 172 44
80 172 45
80 172 46
80 172 47
80 172 48
80 172 49
80 172 50
80 172 51
80 172 52
80 172 53
80 172 54
80 172 55
80 172 56
80 172 57
80 172 58
80 172 59
80 172 60
80 172 61
80 172 62
80 172 63
80 172 64
80 172 65
80 172 66
80 172 67
81 172 40
81 172 41
81 172 42
81 172 43
81 172 44
81 172 45
81 172 46
81 172 47
81 172 48
81 172 49
81 172 50
81 172 51
81 172 52
81 172 53
81 172 54
81 172 55
81 172 56
81 172 57
81 172 58
81 172 59
81 172 60
81 172 61
81 172 62
81 172 63
81 172 64
81 172 65
81 172 66
81 172 67
81 172 68
82 172 40
82 172 41
82 172 42
82 172 43
82 172 44
82 172 45
82 172 46
82 172 47
82 172 48
82 172 49
82 172 50
82 172 51
82 172 52
82 172 53
82 172 54
82 172 55
82 172 56
82 172 57
82 172 58
82 172 59
82 172 60
82 172 61
82 172 62
82 172 63
82 172 64
82 172 65
82 172 66
82 172 67
82 172 68
83 172 40
83 172 41
83 172 42
83 172 43
83 172 44
83 172 45
83 172 46
83 172 47
83 172 48
83 172 49
83 172 50
83 172 51
83 172 52
83 172 53
83 172 54
83 172 55
83 172 56
83 172 57
83 172 58
83 172 59
83 172 60
83 172 61
83 172 62
83 172 63
83 172 64
83 172 65
83 172 66
83 172 67
83 172 68
84 172 40
84 172 41
84 172 42
84 172 43
84 172 44
84 172 45
84 172 46
84 172 47
84 172 48
84 172 49
84 172 50
84 172 51
84 172 52
84 172 53
84 172 54
84 172 55
84 172 56
84 172 57
84 172 58
84 172 59
84 172 60
84 172 61
84 172 62
84 172 63
84 172 64
84 172 65
84 172 66
85 172 40
85 172 41
85 172 42
85 172 43
85 172 44
85 172 45
85 172 46
85 172 47
85 172 48
85 172 49
85 172 50
85 172 51
85 172 52
85 172 53
85 172 54
85 172 55
85 172 56
85 172 57
85 172 58
85 172 59
85 172 60
85 172 61
85 172 62
85 172 63
86 172 40
86 172 41
86 172 42
86 172 43
86 172 44
86 172 45
86 172 46
86 172 47
86 172 48
86 172 49
86 172 50
86 172 51
86 172 52
86 172 53
86 172 54
86 172 55
86 172 56
86 172 57
86 172 58
86 172 59
86 172 60
87 172 40
87 172 41
87 172 42
87 172 43
87 172 44
87 172 45
87 172 46
87 172 47
87 172 48
87 172 49
87 172 50
87 172 51
87 172 52
87 172 53
87 172 54
87 172 55
87 172 56
87 172 57
88 172 40
88 172 41
88 172 42
88 172 43
88 172 44
88 172 45
88 172 46
88 172 47
88 172 48
88 172 49
88 172 50
88 172 51
88 172 52
88 172 53
88 172 54
89 172 40
89 172 41
89 172 42
89 172 43
89 172 44
89 172 45
89 172 46
89 172 47
89 172 48
89 172 49
89 172 50
89 172 51
89 172 52
90 172 40
90 172 41
90 172 42
90 172 43
90 172 44
90 172 45
90 172 46
90 172 47
90 172 48
90 172 49
90 172 50
90 172 51
91 172 40
91 172 41
91 172 42
91 172 43
91 172 44
91 172 45
91 172 46
91 172 47
91 172 48
91 172 49
91 172 50
92 172 40
92 172 41
92 172 42
92 172 43
92 172 44
92 172 45
92 172 46
92 172 47
92 172 48
92 172 49
92 172 50
93 172 40
93 172 41
93 172 42
93 172 43
93 172 44
93 172 45
93 172 46
93 172 47
93 172 48
93 172 49
94 172 40
94 172 41
94 172 42
94 172 43
94 172 44
94 172 45
94 172 46
94 172 47
94 172 48
94 172 49
95 172 40
95 172 41
95 172 42
95 172 43
95 172 44
95 172 45
95 172 46
95 172 47
95 172 48
96 172 40
96 172 41
96 172 42
96 172 43
96 172 44
96 172 45
96 172 46
96 172 47
97 172 40
97 172 41
97 172 42
97 172 43
97 172 44
97 172 45
97 172 46
98 172 40
98 172 41
98 172 42
98 172 43
98 172 44
98 172 45
99 172 40
99 172 41
99 172 42
99 172 43
100 172 40
100 172 41
100 172 42
101 172 40
101 172 41
102 172 40
102 172 41
103 172 40
104 172 40
105 172 40
106 172 40
106 173 40
106 174 40
106 175 40
106 175 41
40 130 40
40 130 41
40 130 42
40 131 40
40 131 41
40 131 42
40 132 40
40 132 41
40 133 40
40 133 41
40 134 40
40 134 41
40 135 40
40 135 41
40 136 40
40 136 41
40 137 40
40 137 41
40 137 42
40 138 40
40 138 41
40 138 42
40 139 40
40 139 41
40 139 42
40 139 43
40 140 40
40 140 41
40 140 42
40 140 43
40 140 44
40 141 40
40 141 41
40 141 42
40 141 43
40 141 44
40 141 45
40 141 46
40 142 40
40 142 41
40 142 42
40 142 43
40 142 44
40 142 45
40 142 46
40 142 47
40 142 48
40 143 40
40 143 41
40 143 42
40 143 43
40 143 44
40 143 45
40 143 46
40 143 47
40 143 48
40 143 49
40 143 50
40 144 40
40 144 41
40 144 42
40 144 43
40 144 44
40 144 45
40 144 46
40 144 47
40 144 48
40 144 49
40 144 50
40 144 51
40 145 40
40 145 41
40 145 42
40 145 43
40 145 44
40 145 45
40 145 46
40 145 47
40 145 48
40 145 49
40 145 50
40 145 51
40 146 40
40 146 41
40 146 42
40 146 43
40 146 44
40 146 45
40 146 46
40 146 47
40 146 48
40 146 49
40 146 50
40 146 51
40 147 40
40 147 41
40 147 42
40 147 43
40 147 44
40 147 45
40 147 46
40 147 47
40 147 48
40 147 49
40 147 50
40 147 51
40 148 40
40 148 41
40 148 42
40 148 43
40 148 44
40 148 45
40 148 46
40 148 47
40 148 48
40 148 49
40 148 50
40 149 40
40 149 41
40 149 42
40 149 43
40 149 44
40 149 45
40 149 46
40 149 47
40 149 48
40 149 49
40 150 40
40 150 41
40 150 42
40 150 43
40 150 44
40 150 45
40 150 46
40 150 47
40 150 48
40 151 40
40 151 41
40 151 42
40 151 43
40 151 44
40 151 45
40 151 46
40 152 40
40 152 41
40 152 42
40 152 43
40 152 44
40 152 45
40 153 40
40 153 41
40 153 42
40 153 43
40 153 44
40 154 40
40 154 41
40 154 42
40 154 43
40 155 40
40 155 41
40 155 42
40 155 43
40 156 40
40 156 41
40 156 42
40 157 40
40 157 41
40 157 42
40 158 40
40 158 41
40 158 42
40 159 40
40 159 41
40 160 40
40 160 41
40 161 40
40 161 41
40 162 40
40 162 41
40 163 40
40 164 40
40 165 40
40 166 40
40 167 40
40 168 40
40 169 40
40 170 40
40 171 40
