0 0 100
0 20 100
0 40 100
0 60 100
0 80 100
0 100 100
0 120 100
0 140 100
0 160 100
0 180 100
0 199 100
11 10 100
11 30 100
11 50 100
11 70 100
11 90 100
11 110 100
11 130 100
11 150 100
11 170 100
11 190 100
22 0 100
22 20 100
22 40 100
22 60 100
22 80 100
22 100 100
22 120 100
22 140 100
22 160 100
22 180 100
22 199 100
33 10 100
33 30 100
33 50 100
33 70 100
33 90 100
33 110 100
33 130 100
33 150 100
33 170 100
33 190 100
44 0 100
44 20 100
44 40 100
44 60 100
44 80 100
44 100 100
44 120 100
44 140 100
44 160 100
44 180 100
44 199 100
55 10 100
55 30 100
55 50 100
55 70 100
55 90 100
55 110 100
55 130 100
55 150 100
55 170 100
55 190 100
66 0 100
66 20 100
66 40 100
66 60 100
66 80 100
66 100 100
66 120 100
66 140 100
66 160 100
66 180 100
66 199 100
77 10 100
77 30 100
77 50 100
77 70 100
77 90 100
77 110 100
77 130 100
77 150 100
77 170 100
77 190 100
88 0 100
88 20 100
88 40 100
88 60 100
88 80 100
88 100 100
88 120 100
88 140 100
88 160 100
88 180 100
88 199 100
99 10 100
99 30 100
99 50 100
99 70 100
99 90 100
99 110 100
99 130 100
99 150 100
99 170 100
99 190 100
110 0 100
110 20 100
110 40 100
110 60 100
110 80 100
110 100 100
110 120 100
110 140 100
110 160 100
110 180 100
110 199 100
121 10 100
121 30 100
121 50 100
121 70 100
121 90 100
121 110 100
121 130 100
121 150 100
121 170 100
121 190 100
132 0 100
132 20 100
132 40 100
132 60 100
132 80 100
132 100 100
132 120 100
132 140 100
132 160 100
132 180 100
132 199 100
143 10 100
143 30 100
143 50 100
143 70 100
143 90 100
143 110 100
143 130 100
143 150 100
143 170 100
143 190 100
154 0 100
154 20 100
154 40 100
154 60 100
154 80 100
154 100 100
154 120 100
154 140 100
154 160 100
154 180 100
154 199 100
165 10 100
165 30 100
165 50 100
165 70 100
165 90 100
165 110 100
165 130 100
165 150 100
165 170 100
165 190 100
176 0 100
176 20 100
176 40 100
176 60 100
176 80 100
176 100 100
176 120 100
176 140 100
176 160 100
176 180 100
176 199 100
187 10 100
187 30 100
187 50 100
187 70 100
187 90 100
187 110 100
187 130 100
187 150 100
187 170 100
187 190 100
198 0 100
198 20 100
198 40 100
198 60 100
198 80 100
198 100 100
198 120 100
198 140 100
198 160 100
198 180 100
198 199 100
0 40 100
0 80 100
0 120 100
0 140 100
0 180 100
0 199 100
11 30 100
11 50 100
11 170 100
11 190 100
22 0 100
22 40 100
22 60 100
22 100 100
22 160 100
22 180 100
33 50 100
33 90 100
33 130 100
33 170 100
44 60 100
44 140 100
44 160 100
55 130 100
55 150 100
55 170 100
66 0 100
66 60 100
66 140 100
66 160 100
66 180 100
66 199 100
77 10 100
77 30 100
77 50 100
77 70 100
77 110 100
77 150 100
88 60 100
88 80 100
88 100 100
88 120 100
88 140 100
88 199 100
99 10 100
99 50 100
99 70 100
99 110 100
99 130 100
99 190 100
110 0 100
110 20 100
110 40 100
110 60 100
110 120 100
110 180 100
121 10 100
121 50 100
121 70 100
121 110 100
121 150 100
121 170 100
121 190 100
132 80 100
132 100 100
132 120 100
132 140 100
132 180 100
143 10 100
143 30 100
143 50 100
143 110 100
143 150 100
154 0 100
154 20 100
154 40 100
154 160 100
165 10 100
165 30 100
165 90 100
165 110 100
165 130 100
165 170 100
165 190 100
176 20 100
176 60 100
176 100 100
176 160 100
176 199 100
187 70 100
187 190 100
198 0 100
198 80 100
198 140 100
198 160 100
198 180 100
198 199 100
30 16 40
116 85 40
99 176 40
131 4 40
64 87 40
70 134 40
186 47 40
30 189 40
63 87 40
62 87 40
61 87 40
61 86 40
61 85 40
61 84 40
61 83 40
61 82 40
61 81 40
61 80 40
61 79 40
61 78 40
61 77 40
61 76 40
61 75 40
61 74 40
61 73 40
61 72 40
61 71 40
61 70 40
61 69 40
61 68 40
61 67 40
61 67 42
61 66 40
61 66 42
61 65 40
61 65 42
61 65 44
61 64 40
61 64 42
61 64 44
61 63 40
61 63 42
61 63 44
61 63 46
61 62 40
61 62 42
61 62 44
61 62 46
61 62 48
61 61 40
61 61 42
61 61 44
61 61 46
61 61 48
61 60 40
61 60 42
61 60 44
61 60 46
61 60 48
61 59 40
61 59 42
61 59 44
61 59 46
61 58 40
61 58 42
61 58 44
61 57 40
61 57 42
61 57 44
61 56 40
61 56 42
61 55 40
61 55 42
61 54 40
61 53 40
61 52 40
61 51 40
61 50 40
61 49 40
61 48 40
61 47 40
61 46 40
61 45 40
60 45 40
60 44 40
59 44 40
59 43 40
58 43 40
58 42 40
57 42 40
57 41 40
56 41 40
56 40 40
56 39 40
55 39 40
55 38 40
54 38 40
54 37 40
54 36 40
53 36 40
53 35 40
53 34 40
52 34 40
52 33 40
52 32 40
51 32 40
50 32 40
49 32 40
49 31 40
48 31 40
48 30 40
47 30 40
47 29 40
47 28 40
47 27 40
47 26 40
46 26 40
45 26 40
44 26 40
44 25 40
43 25 40
42 25 40
41 25 40
41 24 40
41 23 40
40 23 40
40 22 40
39 22 40
38 22 40
38 21 40
37 21 40
37 20 40
36 20 40
36 19 40
35 19 40
34 19 40
33 19 40
32 19 40
31 19 40
30 19 40
30 18 40
30 17 40
186 46 40
186 45 40
185 45 40
184 45 40
183 45 40
182 45 40
181 45 40
180 45 40
179 45 40
178 45 40
177 45 40
176 45 40
175 45 40
175 46 40
174 46 40
173 46 40
173 47 40
172 47 40
172 48 40
171 48 40
171 49 40
170 49 40
169 49 40
169 50 40
168 50 40
168 51 40
167 51 40
167 52 40
166 52 40
166 53 40
165 53 40
165 53 42
165 54 40
164 54 40
164 54 42
164 55 40
163 55 40
163 55 42
163 56 40
163 57 40
162 57 40
162 58 40
161 58 40
161 59 40
160 59 40
160 60 40
160 61 40
159 61 40
159 62 40
158 62 40
158 63 40
158 64 40
157 64 40
157 65 40
157 66 40
157 67 40
156 67 40
156 68 40
156 69 40
156 70 40
156 71 40
156 72 40
156 73 40
156 74 40
156 75 40
156 76 40
156 77 40
156 78 40
156 79 40
156 80 40
155 80 40
155 81 40
155 82 40
155 83 40
154 83 40
154 84 40
154 85 40
153 85 40
153 86 40
153 87 40
152 87 40
152 88 40
152 89 40
151 89 40
151 90 40
151 91 40
150 91 40
150 92 40
150 93 40
149 93 40
149 94 40
148 94 40
148 95 40
147 95 40
147 96 40
146 96 40
146 97 40
145 97 40
145 98 40
144 98 40
143 98 40
142 98 40
141 98 40
140 98 40
139 98 40
138 98 40
137 98 40
136 98 40
136 98 42
135 98 40
135 98 42
134 98 40
134 98 42
134 98 44
133 98 40
133 98 42
133 98 44
132 98 40
132 98 42
132 98 44
131 98 40
131 98 42
131 98 44
130 98 40
130 98 42
130 98 44
129 98 40
129 98 42
129 98 44
128 98 40
128 98 42
127 98 40
127 98 42
126 98 40
126 98 42
125 98 40
125 98 42
124 98 40
123 98 40
122 98 40
121 98 40
120 98 40
119 98 40
119 97 40
118 97 40
117 97 40
117 96 40
116 96 40
116 95 40
116 94 40
116 93 40
116 92 40
116 91 40
116 90 40
116 89 40
116 88 40
116 87 40
116 86 40
70 133 40
70 132 40
70 131 40
70 130 40
70 129 40
70 128 40
70 127 40
70 126 40
70 125 40
70 124 40
70 124 42
70 123 40
70 123 42
69 123 40
69 123 42
69 122 40
69 122 42
68 122 40
68 122 42
68 121 40
68 121 42
67 121 40
67 121 42
67 120 40
67 120 42
66 119 40
66 119 42
65 119 40
65 119 42
65 118 40
65 118 42
64 118 40
64 118 42
64 117 40
64 117 42
63 117 40
63 116 40
62 116 40
62 115 40
62 114 40
62 113 40
62 112 40
62 111 40
62 110 40
62 109 40
62 108 40
62 107 40
62 106 40
62 105 40
62 104 40
62 103 40
62 102 40
62 101 40
62 100 40
62 99 40
62 98 40
62 97 40
62 96 40
62 95 40
62 94 40
62 93 40
62 92 40
62 91 40
62 90 40
62 89 40
62 88 40
99 175 40
99 174 40
99 173 40
99 172 40
99 171 40
99 169 40
99 168 40
99 167 40
99 166 40
99 165 40
99 164 40
99 163 40
99 162 40
99 161 40
99 160 40
99 159 40
99 158 40
99 157 40
99 156 40
99 155 40
99 154 40
99 153 40
99 152 40
98 152 40
98 151 40
97 151 40
97 150 40
97 149 40
96 149 40
96 148 40
96 148 42
95 148 40
95 148 42
95 147 40
95 147 42
95 147 44
94 147 40
94 147 42
94 147 44
94 146 40
94 146 42
94 146 44
94 146 46
93 146 40
93 146 42
93 146 44
93 146 46
93 145 40
93 145 42
93 145 44
93 145 46
93 145 48
93 145 50
92 145 40
92 145 42
92 145 44
92 145 46
92 145 48
92 145 50
92 144 40
92 144 42
92 144 44
92 144 46
92 144 48
92 144 50
92 144 52
92 144 54
91 144 40
91 144 42
91 144 44
91 144 46
91 144 48
91 144 50
91 144 52
91 143 40
91 143 42
91 143 44
91 143 46
91 143 48
91 143 50
91 143 52
91 143 54
91 143 56
90 143 40
90 143 42
90 143 44
90 143 46
90 143 48
90 143 50
90 143 52
90 142 40
90 142 42
90 142 44
90 142 46
90 142 48
90 142 50
90 142 52
90 142 54
89 142 40
89 142 42
89 142 44
89 142 46
89 142 48
89 142 50
89 141 40
89 141 42
89 141 44
89 141 46
89 141 48
89 141 50
89 141 52
88 141 40
88 141 42
88 141 44
88 141 46
88 141 48
87 140 40
87 140 42
87 140 44
87 139 40
87 139 42
87 139 44
86 139 40
86 139 42
86 138 40
86 138 42
85 138 40
85 138 42
85 137 40
84 137 40
84 136 40
83 136 40
83 135 40
82 135 40
82 134 40
81 134 40
81 133 40
80 133 40
80 132 40
79 132 40
78 132 40
78 131 40
77 131 40
76 130 40
76 129 40
75 129 40
75 128 40
75 128 42
74 128 40
73 128 40
72 128 40
71 128 40
31 189 40
32 189 40
33 189 40
34 189 40
35 189 40
36 189 40
37 189 40
38 189 40
39 189 40
40 189 40
41 189 40
42 189 40
43 189 40
44 189 40
45 189 40
46 189 40
47 189 40
48 189 40
49 189 40
50 189 40
51 189 40
52 189 40
53 189 40
54 189 40
55 189 40
56 189 40
57 189 40
58 189 40
58 189 42
59 189 40
59 189 42
60 189 40
60 189 42
60 188 40
60 188 42
61 188 40
61 188 42
61 188 44
61 187 40
61 187 42
61 187 44
62 187 40
62 187 42
62 187 44
63 187 40
63 187 42
63 187 44
63 187 46
63 186 40
63 186 42
63 186 44
63 186 46
64 186 40
64 186 42
64 186 44
64 186 46
64 185 40
64 185 42
64 185 44
64 185 46
65 185 40
65 185 42
65 185 44
65 185 46
66 185 40
66 185 42
66 185 44
67 185 40
67 185 42
68 185 40
68 185 42
69 185 40
70 185 40
71 185 40
72 185 40
73 185 40
74 185 40
75 185 40
76 185 40
77 185 40
78 185 40
79 185 40
80 185 40
81 185 40
82 185 40
83 185 40
83 184 40
84 184 40
84 183 40
84 182 40
85 182 40
85 181 40
86 181 40
86 180 40
86 179 40
87 179 40
87 178 40
87 177 40
88 177 40
88 176 40
89 176 40
90 176 40
91 176 40
92 176 40
93 176 40
94 176 40
95 176 40
96 176 40
97 176 40
98 176 40
131 3 40
131 2 40
131 1 40
131 0 40
130 0 40
129 0 40
128 0 40
127 0 40
126 0 40
125 0 40
124 0 40
123 0 40
122 0 40
121 0 40
121 0 42
120 0 40
120 0 42
119 0 40
119 0 42
119 0 44
118 0 40
118 0 42
118 0 44
118 0 46
117 0 40
117 0 42
117 0 44
117 0 46
116 0 40
116 0 42
116 0 44
116 0 46
115 0 40
115 0 42
115 0 44
115 0 46
115 0 48
114 0 40
114 0 42
114 0 44
114 0 46
113 0 40
113 0 42
113 0 44
113 0 46
112 0 40
112 0 42
112 0 44
112 0 46
111 0 40
111 0 42
111 0 44
111 0 46
109 0 40
109 0 42
109 0 44
108 0 40
108 0 42
108 0 44
107 0 40
107 0 42
106 0 40
106 0 42
105 0 40
105 0 42
104 0 40
104 0 42
103 0 40
103 0 42
102 0 40
102 0 42
101 0 40
101 0 42
100 0 40
99 0 40
98 0 40
97 0 40
96 0 40
95 0 40
94 0 40
93 0 40
92 0 40
91 0 40
90 0 40
90 0 42
90 1 40
90 1 42
90 2 40
90 2 42
89 2 40
89 2 42
89 2 44
89 3 40
89 3 42
89 3 44
89 3 46
89 4 40
89 4 42
89 4 44
89 4 46
89 5 40
89 5 42
89 5 44
89 5 46
89 6 40
89 6 42
89 6 44
89 6 46
89 7 40
89 7 42
89 7 44
89 7 46
89 8 40
89 8 42
89 8 44
89 8 46
89 9 40
89 9 42
89 9 44
89 10 40
89 10 42
89 10 44
89 11 40
89 11 42
89 11 44
89 12 40
89 12 42
89 12 44
89 13 40
89 13 42
89 14 40
89 14 42
88 14 40
88 14 42
87 14 40
87 14 42
86 14 40
86 14 42
85 14 40
85 14 42
84 14 40
84 14 42
83 14 40
83 14 42
82 14 40
82 14 42
81 14 40
81 14 42
80 14 40
80 14 42
80 14 44
79 14 40
79 14 42
79 14 44
78 14 40
78 14 42
78 14 44
77 14 40
77 14 42
77 14 44
76 14 40
76 14 42
76 14 44
75 14 40
75 14 42
75 14 44
74 14 40
74 14 42
73 14 40
73 14 42
72 14 40
71 14 40
71 15 40
70 15 40
70 16 40
69 16 40
68 16 40
68 17 40
67 17 40
67 18 40
66 18 40
66 19 40
65 19 40
64 19 40
64 20 40
63 20 40
62 20 40
62 21 40
61 21 40
60 21 40
60 22 40
59 22 40
58 22 40
57 22 40
56 22 40
55 22 40
54 22 40
53 22 40
52 22 40
51 22 40
50 22 40
49 22 40
49 23 40
49 24 40
48 24 40
48 25 40
48 26 40
