0 0 100
0 20 100
0 40 100
0 60 100
0 80 100
0 100 100
0 120 100
0 140 100
0 160 100
0 180 100
0 199 100
11 10 100
11 30 100
11 50 100
11 70 100
11 90 100
11 110 100
11 130 100
11 150 100
11 170 100
11 190 100
22 0 100
22 20 100
22 40 100
22 60 100
22 80 100
22 100 100
22 120 100
22 140 100
22 160 100
22 180 100
22 199 100
33 10 100
33 30 100
33 50 100
33 70 100
33 90 100
33 110 100
33 130 100
33 150 100
33 170 100
33 190 100
44 0 100
44 20 100
44 40 100
44 60 100
44 80 100
44 100 100
44 120 100
44 140 100
44 160 100
44 180 100
44 199 100
55 10 100
55 30 100
55 50 100
55 70 100
55 90 100
55 110 100
55 130 100
55 150 100
55 170 100
55 190 100
66 0 100
66 20 100
66 40 100
66 60 100
66 80 100
66 100 100
66 120 100
66 140 100
66 160 100
66 180 100
66 199 100
77 10 100
77 30 100
77 50 100
77 70 100
77 90 100
77 110 100
77 130 100
77 150 100
77 170 100
77 190 100
88 0 100
88 20 100
88 40 100
88 60 100
88 80 100
88 100 100
88 120 100
88 140 100
88 160 100
88 180 100
88 199 100
99 10 100
99 30 100
99 50 100
99 70 100
99 90 100
99 110 100
99 130 100
99 150 100
99 170 100
99 190 100
110 0 100
110 20 100
110 40 100
110 60 100
110 80 100
110 100 100
110 120 100
110 140 100
110 160 100
110 180 100
110 199 100
121 10 100
121 30 100
121 50 100
121 70 100
121 90 100
121 110 100
121 130 100
121 150 100
121 170 100
121 190 100
132 0 100
132 20 100
132 40 100
132 60 100
132 80 100
132 100 100
132 120 100
132 140 100
132 160 100
132 180 100
132 199 100
143 10 100
143 30 100
143 50 100
143 70 100
143 90 100
143 110 100
143 130 100
143 150 100
143 170 100
143 190 100
154 0 100
154 20 100
154 40 100
154 60 100
154 80 100
154 100 100
154 120 100
154 140 100
154 160 100
154 180 100
154 199 100
165 10 100
165 30 100
165 50 100
165 70 100
165 90 100
165 110 100
165 130 100
165 150 100
165 170 100
165 190 100
176 0 100
176 20 100
176 40 100
176 60 100
176 80 100
176 100 100
176 120 100
176 140 100
176 160 100
176 180 100
176 199 100
187 10 100
187 30 100
187 50 100
187 70 100
187 90 100
187 110 100
187 130 100
187 150 100
187 170 100
187 190 100
198 0 100
198 20 100
198 40 100
198 60 100
198 80 100
198 100 100
198 120 100
198 140 100
198 160 100
198 180 100
198 199 100
0 20 100
0 40 100
0 80 100
0 100 100
0 120 100
0 180 100
0 199 100
11 10 100
11 50 100
11 90 100
11 110 100
11 130 100
11 150 100
11 170 100
11 190 100
22 0 100
22 60 100
22 80 100
22 120 100
22 140 100
22 160 100
33 10 100
33 70 100
33 110 100
33 130 100
33 150 100
33 190 100
44 20 100
44 40 100
44 60 100
44 100 100
44 140 100
44 180 100
44 199 100
55 10 100
55 30 100
55 150 100
55 190 100
66 0 100
66 20 100
66 60 100
66 80 100
66 100 100
66 120 100
66 140 100
66 180 100
66 199 100
77 50 100
77 70 100
77 90 100
77 110 100
77 130 100
77 150 100
77 170 100
77 190 100
88 0 100
88 60 100
88 80 100
88 100 100
88 140 100
88 160 100
88 180 100
99 30 100
99 50 100
99 70 100
99 90 100
99 150 100
99 170 100
110 0 100
110 20 100
110 60 100
110 80 100
110 100 100
110 160 100
110 180 100
110 199 100
121 10 100
121 50 100
121 70 100
121 90 100
121 110 100
121 130 100
121 170 100
121 190 100
132 20 100
132 40 100
132 60 100
132 80 100
132 100 100
132 120 100
132 180 100
132 199 100
143 10 100
143 50 100
143 70 100
143 110 100
143 130 100
143 150 100
143 190 100
154 0 100
154 20 100
154 120 100
154 140 100
154 160 100
165 10 100
165 30 100
165 70 100
165 130 100
165 150 100
165 190 100
176 20 100
176 40 100
176 60 100
176 80 100
176 100 100
176 120 100
176 160 100
176 180 100
176 199 100
187 30 100
187 50 100
187 90 100
187 170 100
187 190 100
198 0 100
198 20 100
198 40 100
198 80 100
198 100 100
198 140 100
198 160 100
198 180 100
198 199 100
2 161 40
188 118 40
187 118 40
186 118 40
185 118 40
184 118 40
183 118 40
182 118 40
181 118 40
180 118 40
179 118 40
178 118 40
178 118 42
177 118 40
177 118 42
177 118 44
176 118 40
176 118 42
176 118 44
176 118 46
175 118 40
175 118 42
175 118 44
175 118 46
175 118 48
175 118 50
175 117 40
175 117 42
175 117 44
175 117 46
175 117 48
175 117 50
175 117 52
174 117 40
174 117 42
174 117 44
174 117 46
174 117 48
174 117 50
174 117 52
174 117 54
174 117 56
173 117 40
173 117 42
173 117 44
173 117 46
173 117 48
173 117 50
173 117 52
173 117 54
173 117 56
173 117 58
173 117 60
173 116 40
173 116 42
173 116 44
173 116 46
173 116 48
173 116 50
173 116 52
173 116 54
173 116 56
173 116 58
173 116 60
172 116 40
172 116 42
172 116 44
172 116 46
172 116 48
172 116 50
172 116 52
172 116 54
172 116 56
172 116 58
172 116 60
172 116 62
171 116 40
171 116 42
171 116 44
171 116 46
171 116 48
171 116 50
171 116 52
171 116 54
171 116 56
171 116 58
171 116 60
171 116 62
171 115 40
171 115 42
171 115 44
171 115 46
171 115 48
171 115 50
171 115 52
171 115 54
171 115 56
171 115 58
171 115 60
170 115 40
170 115 42
170 115 44
170 115 46
170 115 48
170 115 50
170 115 52
170 115 54
170 115 56
170 115 58
170 115 60
170 114 40
170 114 42
170 114 44
170 114 46
170 114 48
170 114 50
170 114 52
170 114 54
170 114 56
170 114 58
169 114 40
169 114 42
169 114 44
169 114 46
169 114 48
169 114 50
169 114 52
169 114 54
169 114 56
169 113 40
169 113 42
169 113 44
169 113 46
169 113 48
169 113 50
169 113 52
169 113 54
168 113 40
168 113 42
168 113 44
168 113 46
168 113 48
168 113 50
168 113 52
168 112 40
168 112 42
168 112 44
168 112 46
168 112 48
168 112 50
167 112 40
167 112 42
167 112 44
167 112 46
167 112 48
167 111 40
167 111 42
167 111 44
167 111 46
166 111 40
166 111 42
166 111 44
166 111 46
166 110 40
166 110 42
166 110 44
165 109 40
165 109 42
164 109 40
164 109 42
164 108 40
163 108 40
163 107 40
162 107 40
162 106 40
162 105 40
161 105 40
161 104 40
161 103 40
161 102 40
161 101 40
161 100 40
161 99 40
161 98 40
161 97 40
161 96 40
161 95 40
161 94 40
161 93 40
161 92 40
161 91 40
161 90 40
161 89 40
161 88 40
161 87 40
161 86 40
161 85 40
161 84 40
161 83 40
161 82 40
161 81 40
161 80 40
161 79 40
161 78 40
161 77 40
161 76 40
161 75 40
161 74 40
161 73 40
161 72 40
161 72 42
161 71 40
161 70 40
161 69 40
161 68 40
161 67 40
161 66 40
161 65 40
161 64 40
161 63 40
161 62 40
161 61 40
161 60 40
161 59 40
161 58 40
161 57 40
161 56 40
161 55 40
161 54 40
161 53 40
161 52 40
161 51 40
161 50 40
161 49 40
161 48 40
160 48 40
160 47 40
160 46 40
159 46 40
159 45 40
158 45 40
158 44 40
157 44 40
157 43 40
156 43 40
156 42 40
155 42 40
155 41 40
154 41 40
154 41 42
153 40 40
153 40 42
153 39 40
153 39 42
153 39 44
152 39 40
152 39 42
152 39 44
152 39 46
152 38 40
152 38 42
152 38 44
152 38 46
151 38 40
151 38 42
151 38 44
151 38 46
151 38 48
151 37 40
151 37 42
151 37 44
151 37 46
151 37 48
151 37 50
150 37 40
150 37 42
150 37 44
150 37 46
150 37 48
150 37 50
150 36 40
150 36 42
150 36 44
150 36 46
150 36 48
150 36 50
149 36 40
149 36 42
149 36 44
149 36 46
149 36 48
149 36 50
149 35 40
149 35 42
149 35 44
149 35 46
149 35 48
149 35 50
148 35 40
148 35 42
148 35 44
148 35 46
148 35 48
148 35 50
148 34 40
148 34 42
148 34 44
148 34 46
148 34 48
147 34 40
147 34 42
147 34 44
147 34 46
147 33 40
147 33 42
147 33 44
147 33 46
146 33 40
146 33 42
146 33 44
146 32 40
146 32 42
146 32 44
145 32 40
145 32 42
144 32 40
144 32 42
143 32 40
143 32 42
142 32 40
142 32 42
141 32 40
141 32 42
140 32 40
140 32 42
139 32 40
139 32 42
138 32 40
138 32 42
137 32 40
137 32 42
136 32 40
136 32 42
136 32 44
135 32 40
135 32 42
135 32 44
134 32 40
134 32 42
134 32 44
133 32 40
133 32 42
133 32 44
132 32 40
132 32 42
132 32 44
131 32 40
131 32 42
131 32 44
130 32 40
130 32 42
129 32 40
129 32 42
128 32 40
128 32 42
127 32 40
127 32 42
126 32 40
125 32 40
124 32 40
123 32 40
122 32 40
122 33 40
121 33 40
121 34 40
120 34 40
120 35 40
119 35 40
119 36 40
118 36 40
118 37 40
117 37 40
117 38 40
116 38 40
115 38 40
115 39 40
114 39 40
114 40 40
113 40 40
113 41 40
112 41 40
111 41 40
110 41 40
109 41 40
108 41 40
107 41 40
106 41 40
105 41 40
105 41 42
104 41 40
104 41 42
104 41 44
104 41 46
103 41 40
103 41 42
103 41 44
103 41 46
103 41 48
102 41 40
102 41 42
102 41 44
102 41 46
102 41 48
102 41 50
102 41 52
101 41 40
101 41 42
101 41 44
101 41 46
101 41 48
101 41 50
101 41 52
101 41 54
101 41 56
100 41 40
100 41 42
100 41 44
100 41 46
100 41 48
100 41 50
100 41 52
100 41 54
100 41 56
99 41 40
99 41 42
99 41 44
99 41 46
99 41 48
99 41 50
99 41 52
99 41 54
99 41 56
99 41 58
98 41 40
98 41 42
98 41 44
98 41 46
98 41 48
98 41 50
98 41 52
98 41 54
98 41 56
98 41 58
97 41 40
97 41 42
97 41 44
97 41 46
97 41 48
97 41 50
97 41 52
97 41 54
97 41 56
96 41 40
96 41 42
96 41 44
96 41 46
96 41 48
96 41 50
96 41 52
96 41 54
95 41 40
95 41 42
95 41 44
95 41 46
95 41 48
95 41 50
95 41 52
94 41 40
94 41 42
94 41 44
94 41 46
94 41 48
94 41 50
93 41 40
93 41 42
93 41 44
93 41 46
93 41 48
92 41 40
92 41 42
92 41 44
92 41 46
91 41 40
91 41 42
91 41 44
90 41 40
90 41 42
89 41 40
89 41 42
89 40 40
89 40 42
88 39 40
87 39 40
87 38 40
86 38 40
86 37 40
85 37 40
85 36 40
84 36 40
83 36 40
82 36 40
81 36 40
80 36 40
79 36 40
78 36 40
77 36 40
76 36 40
75 36 40
74 36 40
74 37 40
73 37 40
73 38 40
72 38 40
72 39 40
71 39 40
70 39 40
70 40 40
69 40 40
69 41 40
69 41 42
68 41 40
68 42 40
68 42 42
67 42 40
67 42 42
67 43 40
67 43 42
67 43 44
66 43 40
66 43 42
66 44 40
66 44 42
66 44 44
65 44 40
65 44 42
65 45 40
65 45 42
65 45 44
65 45 46
64 45 40
64 45 42
64 45 44
64 46 40
64 46 42
64 46 44
64 46 46
63 46 40
63 46 42
63 46 44
63 47 40
63 47 42
63 47 44
63 47 46
62 47 40
62 47 42
62 47 44
62 48 40
62 48 42
62 48 44
62 48 46
61 48 40
61 48 42
61 48 44
60 48 40
60 48 42
60 48 44
60 49 40
60 49 42
60 49 44
59 49 40
59 49 42
59 49 44
59 50 40
59 50 42
59 50 44
58 50 40
58 50 42
58 50 44
58 51 40
58 51 42
58 51 44
57 51 40
57 51 42
57 51 44
57 52 40
57 52 42
57 52 44
56 52 40
56 52 42
56 52 44
56 53 40
56 53 42
56 53 44
55 53 40
55 53 42
55 53 44
55 54 40
55 54 42
55 54 44
54 54 40
54 54 42
54 54 44
54 55 40
54 55 42
54 55 44
53 55 40
53 55 42
53 56 40
53 56 42
52 56 40
52 56 42
52 57 40
52 57 42
52 58 40
52 58 42
52 59 40
52 59 42
52 60 40
52 61 40
52 62 40
52 63 40
52 64 40
52 65 40
52 66 40
52 67 40
52 68 40
52 69 40
52 70 40
52 71 40
52 72 40
52 73 40
52 74 40
52 75 40
52 76 40
52 77 40
51 77 40
51 78 40
50 78 40
50 79 40
50 80 40
49 80 40
49 81 40
49 82 40
48 82 40
48 83 40
47 83 40
46 83 40
46 84 40
45 84 40
44 84 40
44 85 40
43 85 40
43 86 40
42 86 40
41 86 40
41 87 40
40 87 40
40 88 40
39 88 40
39 89 40
38 89 40
37 89 40
37 90 40
36 90 40
36 91 40
35 91 40
35 92 40
34 92 40
34 93 40
33 93 40
33 94 40
32 94 40
32 95 40
31 95 40
31 96 40
30 96 40
30 97 40
29 97 40
29 98 40
28 98 40
27 98 40
27 99 40
26 99 40
26 100 40
25 100 40
25 101 40
24 101 40
24 102 40
23 102 40
23 103 40
22 103 40
22 103 42
22 104 40
22 104 42
21 104 40
21 104 42
21 104 44
21 105 40
21 105 42
21 105 44
21 105 46
20 105 40
20 105 42
20 105 44
20 105 46
20 105 48
20 106 40
20 106 42
20 106 44
20 106 46
20 106 48
20 106 50
20 106 52
20 106 54
19 106 40
19 106 42
19 106 44
19 106 46
19 106 48
19 106 50
19 106 52
19 106 54
19 106 56
19 107 40
19 107 42
19 107 44
19 107 46
19 107 48
19 107 50
19 107 52
19 107 54
19 107 56
19 107 58
19 107 60
19 107 62
19 107 64
18 107 40
18 107 42
18 107 44
18 107 46
18 107 48
18 107 50
18 107 52
18 107 54
18 107 56
18 107 58
18 107 60
18 107 62
18 107 64
18 107 66
18 107 68
18 108 40
18 108 42
18 108 44
18 108 46
18 108 48
18 108 50
18 108 52
18 108 54
18 108 56
18 108 58
18 108 60
18 108 62
18 108 64
18 108 66
18 108 68
18 108 70
18 108 72
18 108 74
18 108 76
18 109 40
18 109 42
18 109 44
18 109 46
18 109 48
18 109 50
18 109 52
18 109 54
18 109 56
18 109 58
18 109 60
18 109 62
18 109 64
18 109 66
18 109 68
18 109 70
18 109 72
18 109 74
18 109 76
18 109 78
18 109 80
18 109 82
18 109 84
18 109 86
18 110 40
18 110 42
18 110 44
18 110 46
18 110 48
18 110 50
18 110 52
18 110 54
18 110 56
18 110 58
18 110 60
18 110 62
18 110 64
18 110 66
18 110 68
18 110 70
18 110 72
18 110 74
18 110 76
18 110 78
18 110 80
18 110 82
18 110 84
18 110 86
18 110 88
18 110 90
18 110 92
18 110 94
18 111 40
18 111 42
18 111 44
18 111 46
18 111 48
18 111 50
18 111 52
18 111 54
18 111 56
18 111 58
18 111 60
18 111 62
18 111 64
18 111 66
18 111 68
18 111 70
18 111 72
18 111 74
18 111 76
18 111 78
18 111 80
18 111 82
18 111 84
18 111 86
18 111 88
18 111 90
18 111 92
18 111 94
18 111 96
18 111 98
18 111 100
18 111 102
18 112 40
18 112 42
18 112 44
18 112 46
18 112 48
18 112 50
18 112 52
18 112 54
18 112 56
18 112 58
18 112 60
18 112 62
18 112 64
18 112 66
18 112 68
18 112 70
18 112 72
18 112 74
18 112 76
18 112 78
18 112 80
18 112 82
18 112 84
18 112 86
18 112 88
18 112 90
18 112 92
18 112 94
18 112 96
18 112 98
18 112 100
18 112 102
18 112 104
18 112 106
18 113 40
18 113 42
18 113 44
18 113 46
18 113 48
18 113 50
18 113 52
18 113 54
18 113 56
18 113 58
18 113 60
18 113 62
18 113 64
18 113 66
18 113 68
18 113 70
18 113 72
18 113 74
18 113 76
18 113 78
18 113 80
18 113 82
18 113 84
18 113 86
18 113 88
18 113 90
18 113 92
18 113 94
18 113 96
18 113 98
18 113 100
18 113 102
18 113 104
18 113 106
18 113 108
18 113 110
18 113 112
18 114 40
18 114 42
18 114 44
18 114 46
18 114 48
18 114 50
18 114 52
18 114 54
18 114 56
18 114 58
18 114 60
18 114 62
18 114 64
18 114 66
18 114 68
18 114 70
18 114 72
18 114 74
18 114 76
18 114 78
18 114 80
18 114 82
18 114 84
18 114 86
18 114 88
18 114 90
18 114 92
18 114 94
18 114 96
18 114 98
18 114 100
18 114 102
18 114 104
18 114 106
18 114 108
18 114 110
18 114 112
18 114 114
18 115 40
18 115 42
18 115 44
18 115 46
18 115 48
18 115 50
18 115 52
18 115 54
18 115 56
18 115 58
18 115 60
18 115 62
18 115 64
18 115 66
18 115 68
18 115 70
18 115 72
18 115 74
18 115 76
18 115 78
18 115 80
18 115 82
18 115 84
18 115 86
18 115 88
18 115 90
18 115 92
18 115 94
18 115 96
18 115 98
18 115 100
18 115 102
18 115 104
18 115 106
18 115 108
18 115 110
18 115 112
18 115 114
18 115 116
18 115 118
18 116 40
18 116 42
18 116 44
18 116 46
18 116 48
18 116 50
18 116 52
18 116 54
18 116 56
18 116 58
18 116 60
18 116 62
18 116 64
18 116 66
18 116 68
18 116 70
18 116 72
18 116 74
18 116 76
18 116 78
18 116 80
18 116 82
18 116 84
18 116 86
18 116 88
18 116 90
18 116 92
18 116 94
18 116 96
18 116 98
18 116 100
18 116 102
18 116 104
18 116 106
18 116 108
18 116 110
18 116 112
18 116 114
18 116 116
18 116 118
18 116 120
18 117 40
18 117 42
18 117 44
18 117 46
18 117 48
18 117 50
18 117 52
18 117 54
18 117 56
18 117 58
18 117 60
18 117 62
18 117 64
18 117 66
18 117 68
18 117 70
18 117 72
18 117 74
18 117 76
18 117 78
18 117 80
18 117 82
18 117 84
18 117 86
18 117 88
18 117 90
18 117 92
18 117 94
18 117 96
18 117 98
18 117 100
18 117 102
18 117 104
18 117 106
18 117 108
18 117 110
18 117 112
18 117 114
18 117 116
18 117 118
18 117 120
18 118 40
18 118 42
18 118 44
18 118 46
18 118 48
18 118 50
18 118 52
18 118 54
18 118 56
18 118 58
18 118 60
18 118 62
18 118 64
18 118 66
18 118 68
18 118 70
18 118 72
18 118 74
18 118 76
18 118 78
18 118 80
18 118 82
18 118 84
18 118 86
18 118 88
18 118 90
18 118 92
18 118 94
18 118 96
18 118 98
18 118 100
18 118 102
18 118 104
18 118 106
18 118 108
18 118 110
18 118 112
18 118 114
18 118 116
18 118 118
18 118 120
18 118 122
18 119 40
18 119 42
18 119 44
18 119 46
18 119 48
18 119 50
18 119 52
18 119 54
18 119 56
18 119 58
18 119 60
18 119 62
18 119 64
18 119 66
18 119 68
18 119 70
18 119 72
18 119 74
18 119 76
18 119 78
18 119 80
18 119 82
18 119 84
18 119 86
18 119 88
18 119 90
18 119 92
18 119 94
18 119 96
18 119 98
18 119 100
18 119 102
18 119 104
18 119 106
18 119 108
18 119 110
18 119 112
18 119 114
18 119 116
18 119 118
18 119 120
18 120 40
18 120 42
18 120 44
18 120 46
18 120 48
18 120 50
18 120 52
18 120 54
18 120 56
18 120 58
18 120 60
18 120 62
18 120 64
18 120 66
18 120 68
18 120 70
18 120 72
18 120 74
18 120 76
18 120 78
18 120 80
18 120 82
18 120 84
18 120 86
18 120 88
18 120 90
18 120 92
18 120 94
18 120 96
18 120 98
18 120 100
18 120 102
18 120 104
18 120 106
18 120 108
18 120 110
18 120 112
18 120 114
18 120 116
18 120 118
18 121 40
18 121 42
18 121 44
18 121 46
18 121 48
18 121 50
18 121 52
18 121 54
18 121 56
18 121 58
18 121 60
18 121 62
18 121 64
18 121 66
18 121 68
18 121 70
18 121 72
18 121 74
18 121 76
18 121 78
18 121 80
18 121 82
18 121 84
18 121 86
18 121 88
18 121 90
18 121 92
18 121 94
18 121 96
18 121 98
18 121 100
18 121 102
18 121 104
18 121 106
18 121 108
18 121 110
18 121 112
18 121 114
18 121 116
18 122 40
18 122 42
18 122 44
18 122 46
18 122 48
18 122 50
18 122 52
18 122 54
18 122 56
18 122 58
18 122 60
18 122 62
18 122 64
18 122 66
18 122 68
18 122 70
18 122 72
18 122 74
18 122 76
18 122 78
18 122 80
18 122 82
18 122 84
18 122 86
18 122 88
18 122 90
18 122 92
18 122 94
18 122 96
18 122 98
18 122 100
18 122 102
18 122 104
18 122 106
18 122 108
18 122 110
18 123 40
18 123 42
18 123 44
18 123 46
18 123 48
18 123 50
18 123 52
18 123 54
18 123 56
18 123 58
18 123 60
18 123 62
18 123 64
18 123 66
18 123 68
18 123 70
18 123 72
18 123 74
18 123 76
18 123 78
18 123 80
18 123 82
18 123 84
18 123 86
18 123 88
18 123 90
18 123 92
18 123 94
18 123 96
18 123 98
18 123 100
18 123 102
18 124 40
18 124 42
18 124 44
18 124 46
18 124 48
18 124 50
18 124 52
18 124 54
18 124 56
18 124 58
18 124 60
18 124 62
18 124 64
18 124 66
18 124 68
18 124 70
18 124 72
18 124 74
18 124 76
18 124 78
18 124 80
18 124 82
18 124 84
18 124 86
18 124 88
18 124 90
18 124 92
18 124 94
18 125 40
18 125 42
18 125 44
18 125 46
18 125 48
18 125 50
18 125 52
18 125 54
18 125 56
18 125 58
18 125 60
18 125 62
18 125 64
18 125 66
18 125 68
18 125 70
18 125 72
18 125 74
18 125 76
18 125 78
18 125 80
18 125 82
18 125 84
18 125 86
18 126 40
18 126 42
18 126 44
18 126 46
18 126 48
18 126 50
18 126 52
18 126 54
18 126 56
18 126 58
18 126 60
18 126 62
18 126 64
18 126 66
18 126 68
18 126 70
18 126 72
18 126 74
18 126 76
18 126 78
18 127 40
18 127 42
18 127 44
18 127 46
18 127 48
18 127 50
18 127 52
18 127 54
18 127 56
18 127 58
18 127 60
18 127 62
18 127 64
18 127 66
18 127 68
18 127 70
17 127 40
17 127 42
17 127 44
17 127 46
17 127 48
17 127 50
17 127 52
17 127 54
17 127 56
17 127 58
17 127 60
17 127 62
17 127 64
17 128 40
17 128 42
17 128 44
17 128 46
17 128 48
17 128 50
17 128 52
17 128 54
17 128 56
17 128 58
17 128 60
16 128 40
16 128 42
16 128 44
16 128 46
16 128 48
16 128 50
16 128 52
16 128 54
16 128 56
16 129 40
16 129 42
16 129 44
16 129 46
16 129 48
16 129 50
16 129 52
15 129 40
15 129 42
15 129 44
15 129 46
15 129 48
15 129 50
15 130 40
15 130 42
15 130 44
15 130 46
15 130 48
14 130 40
14 130 42
14 130 44
14 130 46
14 130 48
14 131 40
14 131 42
14 131 44
14 131 46
13 131 40
13 131 42
13 131 44
13 131 46
13 132 40
13 132 42
13 132 44
13 132 46
12 132 40
12 132 42
12 132 44
12 133 40
12 133 42
12 133 44
11 133 40
11 133 42
11 133 44
11 134 40
11 134 42
11 134 44
10 134 40
10 134 42
10 134 44
10 135 40
10 135 42
10 135 44
9 135 40
9 135 42
9 136 40
9 136 42
8 136 40
8 136 42
7 136 40
7 136 42
7 137 40
7 137 42
6 137 40
6 137 42
6 138 40
5 138 40
5 139 40
4 139 40
3 139 40
3 140 40
2 140 40
1 140 40
1 141 40
0 141 40
0 142 40
0 143 40
0 144 40
0 145 40
0 146 40
0 147 40
0 148 40
0 149 40
0 150 40
0 151 40
0 152 40
0 153 40
0 154 40
0 155 40
0 156 40
0 157 40
0 158 40
0 159 40
0 161 40
1 161 40
