0 0 100
0 20 100
0 40 100
0 60 100
0 80 100
0 100 100
0 120 100
0 140 100
0 160 100
0 180 100
0 199 100
11 10 100
11 30 100
11 50 100
11 70 100
11 90 100
11 110 100
11 130 100
11 150 100
11 170 100
11 190 100
22 0 100
22 20 100
22 40 100
22 60 100
22 80 100
22 100 100
22 120 100
22 140 100
22 160 100
22 180 100
22 199 100
33 10 100
33 30 100
33 50 100
33 70 100
33 90 100
33 110 100
33 130 100
33 150 100
33 170 100
33 190 100
44 0 100
44 20 100
44 40 100
44 60 100
44 80 100
44 100 100
44 120 100
44 140 100
44 160 100
44 180 100
44 199 100
55 10 100
55 30 100
55 50 100
55 70 100
55 90 100
55 110 100
55 130 100
55 150 100
55 170 100
55 190 100
66 0 100
66 20 100
66 40 100
66 60 100
66 80 100
66 100 100
66 120 100
66 140 100
66 160 100
66 180 100
66 199 100
77 10 100
77 30 100
77 50 100
77 70 100
77 90 100
77 110 100
77 130 100
77 150 100
77 170 100
77 190 100
88 0 100
88 20 100
88 40 100
88 60 100
88 80 100
88 100 100
88 120 100
88 140 100
88 160 100
88 180 100
88 199 100
99 10 100
99 30 100
99 50 100
99 70 100
99 90 100
99 110 100
99 130 100
99 150 100
99 170 100
99 190 100
110 0 100
110 20 100
110 40 100
110 60 100
110 80 100
110 100 100
110 120 100
110 140 100
110 160 100
110 180 100
110 199 100
121 10 100
121 30 100
121 50 100
121 70 100
121 90 100
121 110 100
121 130 100
121 150 100
121 170 100
121 190 100
132 0 100
132 20 100
132 40 100
132 60 100
132 80 100
132 100 100
132 120 100
132 140 100
132 160 100
132 180 100
132 199 100
143 10 100
143 30 100
143 50 100
143 70 100
143 90 100
143 110 100
143 130 100
143 150 100
143 170 100
143 190 100
154 0 100
154 20 100
154 40 100
154 60 100
154 80 100
154 100 100
154 120 100
154 140 100
154 160 100
154 180 100
154 199 100
165 10 100
165 30 100
165 50 100
165 70 100
165 90 100
165 110 100
165 130 100
165 150 100
165 170 100
165 190 100
176 0 100
176 20 100
176 40 100
176 60 100
176 80 100
176 100 100
176 120 100
176 140 100
176 160 100
176 180 100
176 199 100
187 10 100
187 30 100
187 50 100
187 70 100
187 90 100
187 110 100
187 130 100
187 150 100
187 170 100
187 190 100
198 0 100
198 20 100
198 40 100
198 60 100
198 80 100
198 100 100
198 120 100
198 140 100
198 160 100
198 180 100
198 199 100
0 60 100
0 140 100
0 160 100
11 30 100
11 50 100
11 110 100
11 150 100
11 170 100
11 190 100
22 20 100
22 40 100
22 60 100
22 100 100
22 160 100
22 180 100
33 50 100
33 70 100
33 90 100
33 150 100
33 170 100
33 190 100
44 20 100
44 60 100
44 80 100
44 140 100
44 180 100
44 199 100
55 10 100
55 90 100
55 130 100
55 150 100
55 170 100
55 190 100
66 20 100
66 60 100
66 80 100
66 100 100
66 140 100
66 160 100
66 199 100
77 30 100
77 50 100
77 70 100
77 90 100
77 110 100
77 150 100
88 40 100
88 60 100
88 80 100
88 140 100
99 30 100
99 70 100
99 110 100
99 170 100
110 20 100
110 60 100
110 100 100
110 180 100
110 199 100
121 50 100
121 70 100
121 110 100
121 150 100
121 170 100
121 190 100
132 0 100
132 60 100
132 120 100
132 140 100
143 10 100
143 50 100
143 70 100
143 110 100
143 130 100
143 170 100
154 0 100
154 60 100
154 120 100
165 10 100
165 50 100
165 130 100
165 190 100
176 0 100
176 20 100
176 40 100
176 120 100
176 140 100
176 199 100
187 10 100
187 70 100
187 110 100
187 130 100
187 190 100
198 0 100
198 60 100
198 100 100
198 120 100
198 160 100
156 158 40
33 35 40
34 35 40
35 35 40
36 35 40
37 35 40
38 35 40
39 35 40
39 36 40
40 36 40
41 36 40
41 37 40
42 37 40
43 37 40
43 38 40
44 38 40
45 38 40
46 38 40
46 39 40
47 39 40
48 39 40
49 39 40
50 39 40
51 39 40
52 39 40
53 39 40
54 39 40
54 40 40
55 40 40
55 41 40
56 41 40
57 41 40
57 42 40
58 42 40
58 43 40
59 43 40
59 44 40
60 44 40
60 45 40
61 45 40
61 45 42
61 46 40
61 46 42
61 47 40
61 47 42
61 47 44
61 48 40
61 48 42
61 48 44
61 48 46
61 49 40
61 49 42
61 49 44
61 49 46
61 49 48
61 50 40
61 50 42
61 50 44
61 50 46
61 50 48
61 51 40
61 51 42
61 51 44
61 51 46
61 51 48
61 52 40
61 52 42
61 52 44
61 52 46
61 52 48
61 53 40
61 53 42
61 53 44
61 53 46
61 54 40
61 54 42
61 54 44
61 55 40
61 55 42
61 56 40
61 56 42
61 57 40
61 58 40
61 59 40
61 60 40
61 61 40
61 62 40
61 63 40
61 64 40
61 65 40
61 66 40
61 67 40
61 68 40
60 68 40
60 69 40
59 69 40
59 70 40
58 70 40
58 71 40
57 71 40
57 72 40
56 72 40
56 73 40
55 73 40
55 74 40
54 74 40
54 75 40
53 75 40
53 76 40
52 76 40
52 77 40
51 77 40
51 77 42
51 78 40
51 78 42
50 78 40
50 78 42
50 79 40
50 79 42
50 80 40
50 80 42
50 81 40
50 81 42
50 82 40
50 82 42
50 83 40
50 83 42
50 84 40
50 84 42
50 85 40
50 85 42
50 86 40
50 86 42
50 87 40
50 87 42
50 88 40
50 88 42
50 89 40
50 89 42
50 90 40
50 90 42
50 91 40
50 91 42
50 92 40
50 92 42
50 93 40
50 93 42
50 94 40
50 95 40
50 96 40
50 97 40
50 98 40
50 99 40
50 100 40
50 101 40
50 102 40
50 103 40
50 104 40
50 105 40
50 106 40
50 107 40
50 108 40
50 109 40
50 110 40
50 111 40
50 112 40
50 113 40
50 114 40
50 115 40
51 115 40
52 115 40
53 115 40
54 115 40
55 115 40
56 115 40
57 115 40
58 115 40
59 115 40
59 116 40
60 116 40
61 116 40
62 116 40
62 117 40
63 117 40
64 117 40
64 118 40
65 118 40
66 118 40
67 118 40
67 119 40
68 119 40
69 119 40
70 119 40
70 120 40
71 120 40
71 121 40
72 121 40
73 121 40
73 122 40
74 122 40
74 123 40
75 123 40
75 124 40
76 124 40
77 124 40
77 125 40
78 125 40
79 125 40
80 125 40
81 125 40
82 125 40
83 125 40
84 125 40
85 125 40
86 125 40
87 125 40
87 125 42
88 125 40
88 125 42
89 125 40
89 125 42
90 125 40
90 125 42
91 125 40
91 125 42
92 125 40
92 125 42
92 126 40
92 126 42
93 126 40
93 126 42
94 126 40
94 126 42
95 126 40
95 127 40
96 127 40
97 127 40
98 127 40
98 128 40
99 128 40
100 128 40
101 128 40
101 129 40
102 129 40
103 129 40
104 129 40
105 129 40
106 129 40
107 129 40
107 130 40
107 131 40
107 132 40
107 133 40
107 134 40
107 135 40
107 136 40
107 137 40
107 138 40
107 139 40
107 140 40
107 141 40
107 142 40
107 143 40
107 144 40
107 145 40
107 146 40
107 147 40
106 147 40
106 148 40
106 149 40
106 149 42
106 150 40
106 150 42
106 151 40
106 151 42
106 152 40
106 152 42
106 153 40
106 153 42
106 154 40
106 155 40
106 156 40
106 157 40
106 158 40
106 159 40
106 160 40
106 161 40
107 161 40
107 162 40
108 162 40
108 163 40
108 163 42
109 163 40
109 163 42
109 164 40
109 164 42
110 164 40
110 164 42
110 164 44
111 164 40
111 164 42
111 164 44
111 164 46
111 165 40
111 165 42
111 165 44
111 165 46
112 165 40
112 165 42
112 165 44
112 165 46
112 165 48
112 165 50
113 165 40
113 165 42
113 165 44
113 165 46
113 165 48
113 165 50
113 165 52
113 165 54
114 165 40
114 165 42
114 165 44
114 165 46
114 165 48
114 165 50
114 165 52
114 165 54
114 165 56
114 165 58
114 166 40
114 166 42
114 166 44
114 166 46
114 166 48
114 166 50
114 166 52
114 166 54
114 166 56
114 166 58
115 166 40
115 166 42
115 166 44
115 166 46
115 166 48
115 166 50
115 166 52
115 166 54
115 166 56
115 166 58
115 166 60
115 166 62
116 166 40
116 166 42
116 166 44
116 166 46
116 166 48
116 166 50
116 166 52
116 166 54
116 166 56
116 166 58
116 166 60
116 166 62
116 166 64
116 166 66
117 166 40
117 166 42
117 166 44
117 166 46
117 166 48
117 166 50
117 166 52
117 166 54
117 166 56
117 166 58
117 166 60
117 166 62
117 166 64
117 166 66
117 166 68
117 167 40
117 167 42
117 167 44
117 167 46
117 167 48
117 167 50
117 167 52
117 167 54
117 167 56
117 167 58
117 167 60
117 167 62
117 167 64
118 167 40
118 167 42
118 167 44
118 167 46
118 167 48
118 167 50
118 167 52
118 167 54
118 167 56
118 167 58
118 167 60
118 167 62
118 167 64
118 167 66
119 167 40
119 167 42
119 167 44
119 167 46
119 167 48
119 167 50
119 167 52
119 167 54
119 167 56
119 167 58
119 167 60
119 167 62
119 167 64
120 167 40
120 167 42
120 167 44
120 167 46
120 167 48
120 167 50
120 167 52
120 167 54
120 167 56
120 167 58
120 167 60
120 167 62
121 167 40
121 167 42
121 167 44
121 167 46
121 167 48
121 167 50
121 167 52
121 167 54
121 167 56
121 167 58
122 167 40
122 167 42
122 167 44
122 167 46
122 167 48
122 167 50
122 167 52
122 167 54
123 167 40
123 167 42
123 167 44
123 167 46
123 167 48
123 167 50
124 167 40
124 167 42
124 167 44
124 167 46
125 167 40
125 167 42
125 167 44
126 167 40
126 167 42
127 167 40
128 167 40
129 167 40
129 166 40
130 166 40
130 165 40
131 165 40
131 164 40
132 164 40
132 163 40
133 163 40
133 162 40
134 162 40
134 161 40
134 161 42
135 161 40
135 161 42
135 160 40
135 160 42
136 160 40
136 160 42
136 160 44
136 159 40
136 159 42
136 159 44
137 159 40
137 159 42
137 159 44
138 159 40
138 159 42
138 159 44
138 159 46
138 158 40
138 158 42
138 158 44
138 158 46
139 158 40
139 158 42
139 158 44
139 158 46
139 157 40
139 157 42
139 157 44
139 157 46
140 157 40
140 157 42
140 157 44
140 156 40
140 156 42
140 156 44
141 156 40
141 156 42
141 156 44
142 156 40
142 156 42
142 155 40
142 155 42
143 155 40
143 155 42
144 155 40
145 155 40
146 155 40
147 155 40
148 155 40
149 155 40
150 155 40
151 155 40
152 155 40
153 155 40
154 155 40
155 155 40
156 155 40
156 156 40
156 157 40
