0 0 100
0 20 100
0 40 100
0 60 100
0 80 100
0 100 100
0 120 100
0 140 100
0 160 100
0 180 100
0 199 100
11 10 100
11 30 100
11 50 100
11 70 100
11 90 100
11 110 100
11 130 100
11 150 100
11 170 100
11 190 100
22 0 100
22 20 100
22 40 100
22 60 100
22 80 100
22 100 100
22 120 100
22 140 100
22 160 100
22 180 100
22 199 100
33 10 100
33 30 100
33 50 100
33 70 100
33 90 100
33 110 100
33 130 100
33 150 100
33 170 100
33 190 100
44 0 100
44 20 100
44 40 100
44 60 100
44 80 100
44 100 100
44 120 100
44 140 100
44 160 100
44 180 100
44 199 100
55 10 100
55 30 100
55 50 100
55 70 100
55 90 100
55 110 100
55 130 100
55 150 100
55 170 100
55 190 100
66 0 100
66 20 100
66 40 100
66 60 100
66 80 100
66 100 100
66 120 100
66 140 100
66 160 100
66 180 100
66 199 100
77 10 100
77 30 100
77 50 100
77 70 100
77 90 100
77 110 100
77 130 100
77 150 100
77 170 100
77 190 100
88 0 100
88 20 100
88 40 100
88 60 100
88 80 100
88 100 100
88 120 100
88 140 100
88 160 100
88 180 100
88 199 100
99 10 100
99 30 100
99 50 100
99 70 100
99 90 100
99 110 100
99 130 100
99 150 100
99 170 100
99 190 100
110 0 100
110 20 100
110 40 100
110 60 100
110 80 100
110 100 100
110 120 100
110 140 100
110 160 100
110 180 100
110 199 100
121 10 100
121 30 100
121 50 100
121 70 100
121 90 100
121 110 100
121 130 100
121 150 100
121 170 100
121 190 100
132 0 100
132 20 100
132 40 100
132 60 100
132 80 100
132 100 100
132 120 100
132 140 100
132 160 100
132 180 100
132 199 100
143 10 100
143 30 100
143 50 100
143 70 100
143 90 100
143 110 100
143 130 100
143 150 100
143 170 100
143 190 100
154 0 100
154 20 100
154 40 100
154 60 100
154 80 100
154 100 100
154 120 100
154 140 100
154 160 100
154 180 100
154 199 100
165 10 100
165 30 100
165 50 100
165 70 100
165 90 100
165 110 100
165 130 100
165 150 100
165 170 100
165 190 100
176 0 100
176 20 100
176 40 100
176 60 100
176 80 100
176 100 100
176 120 100
176 140 100
176 160 100
176 180 100
176 199 100
187 10 100
187 30 100
187 50 100
187 70 100
187 90 100
187 110 100
187 130 100
187 150 100
187 170 100
187 190 100
198 0 100
198 20 100
198 40 100
198 60 100
198 80 100
198 100 100
198 120 100
198 140 100
198 160 100
198 180 100
198 199 100
0 20 100
0 140 100
0 160 100
0 180 100
0 199 100
11 10 100
11 30 100
11 130 100
11 150 100
11 170 100
11 190 100
22 0 100
22 20 100
22 40 100
22 120 100
22 140 100
22 160 100
22 180 100
22 199 100
33 10 100
33 30 100
33 110 100
33 130 100
33 150 100
33 170 100
33 190 100
44 0 100
44 20 100
44 100 100
44 120 100
44 140 100
44 199 100
55 10 100
55 110 100
55 130 100
55 190 100
66 0 100
66 100 100
66 120 100
66 140 100
77 110 100
77 130 100
77 150 100
77 170 100
88 120 100
88 140 100
88 160 100
99 50 100
99 70 100
99 110 100
99 130 100
99 150 100
110 40 100
110 60 100
110 80 100
110 100 100
110 120 100
110 140 100
121 30 100
121 50 100
121 70 100
121 90 100
121 110 100
121 130 100
121 150 100
132 20 100
132 40 100
132 60 100
132 80 100
132 120 100
132 140 100
132 160 100
132 199 100
143 30 100
143 50 100
143 70 100
143 90 100
143 130 100
143 150 100
143 170 100
143 190 100
154 0 100
154 60 100
154 80 100
154 100 100
154 140 100
154 160 100
154 199 100
165 10 100
165 50 100
165 70 100
165 90 100
165 130 100
165 190 100
176 0 100
176 60 100
176 80 100
176 100 100
176 120 100
176 199 100
187 10 100
187 50 100
187 70 100
187 130 100
187 190 100
198 0 100
198 20 100
198 40 100
198 60 100
198 120 100
198 140 100
198 199 100
163 32 40
163 135 40
163 135 42
98 174 40
188 182 40
11 76 40
100 20 40
61 61 40
194 88 40
100 19 40
100 18 40
100 17 40
100 16 40
100 15 40
101 15 40
101 14 40
102 14 40
102 13 40
103 13 40
103 12 40
104 12 40
105 12 40
106 12 40
107 12 40
108 12 40
108 11 40
109 11 40
110 11 40
111 11 40
111 10 40
112 10 40
112 9 40
112 8 40
112 7 40
112 6 40
113 6 40
114 6 40
115 6 40
116 6 40
117 6 40
118 6 40
119 6 40
120 6 40
121 6 40
121 5 40
122 5 40
123 5 40
124 5 40
125 5 40
126 5 40
127 5 40
128 5 40
129 5 40
130 5 40
131 5 40
132 5 40
133 5 40
134 5 40
135 5 40
136 5 40
137 5 40
138 5 40
139 5 40
139 6 40
139 6 42
140 6 40
140 6 42
140 7 40
140 7 42
141 7 40
141 7 42
141 8 40
141 8 42
142 8 40
142 8 42
142 9 40
142 9 42
143 9 40
143 9 42
144 10 40
144 10 42
144 10 44
144 11 40
144 11 42
144 11 44
145 11 40
145 11 42
145 11 44
145 12 40
145 12 42
145 12 44
145 12 46
146 12 40
146 12 42
146 12 44
146 12 46
146 13 40
146 13 42
146 13 44
146 13 46
147 13 40
147 13 42
147 13 44
147 13 46
147 13 48
147 14 40
147 14 42
147 14 44
147 14 46
147 14 48
148 14 40
148 14 42
148 14 44
148 14 46
148 14 48
148 15 40
148 15 42
148 15 44
148 15 46
148 15 48
149 15 40
149 15 42
149 15 44
149 15 46
149 15 48
149 16 40
149 16 42
149 16 44
149 16 46
149 16 48
150 16 40
150 16 42
150 16 44
150 16 46
150 17 40
150 17 42
150 17 44
150 17 46
151 17 40
151 17 42
151 17 44
151 18 40
151 18 42
151 18 44
152 18 40
152 18 42
152 19 40
152 19 42
153 19 40
153 19 42
153 20 40
153 20 42
154 21 40
155 21 40
155 22 40
156 22 40
156 23 40
157 23 40
157 24 40
158 24 40
158 25 40
159 25 40
159 26 40
160 26 40
160 27 40
161 27 40
161 28 40
162 28 40
162 29 40
163 29 40
163 30 40
163 31 40
61 60 40
61 59 40
61 58 40
61 57 40
61 56 40
61 55 40
61 54 40
61 53 40
61 52 40
61 51 40
61 50 40
61 49 40
61 48 40
61 47 40
61 46 40
61 45 40
61 44 40
61 43 40
62 43 40
62 42 40
62 41 40
62 40 40
62 39 40
62 38 40
62 37 40
62 36 40
63 36 40
64 36 40
65 36 40
66 36 40
67 36 40
67 35 40
67 34 40
67 33 40
68 33 40
69 33 40
70 33 40
70 32 40
70 31 40
70 30 40
70 29 40
71 29 40
72 29 40
73 29 40
73 28 40
73 27 40
73 26 40
74 26 40
74 25 40
75 25 40
75 24 40
76 24 40
76 23 40
77 23 40
78 23 40
79 23 40
80 23 40
81 23 40
82 23 40
83 23 40
84 23 40
85 23 40
86 23 40
87 23 40
88 23 40
88 22 40
89 22 40
90 22 40
91 22 40
92 22 40
93 22 40
94 22 40
95 22 40
96 22 40
97 22 40
97 21 40
97 20 40
98 20 40
99 20 40
12 76 40
13 76 40
14 76 40
15 76 40
16 76 40
17 76 40
18 76 40
19 76 40
20 76 40
21 76 40
21 75 40
21 74 40
22 74 40
23 74 40
24 74 40
25 74 40
26 74 40
27 74 40
28 74 40
29 74 40
29 73 40
30 73 40
31 73 40
32 73 40
32 72 40
33 72 40
33 71 40
34 70 40
35 70 40
36 70 40
36 69 40
37 69 40
38 69 40
39 69 40
40 69 40
40 68 40
41 68 40
41 67 40
42 67 40
43 67 40
43 66 40
44 66 40
45 66 40
46 66 40
47 66 40
48 66 40
49 66 40
50 66 40
51 66 40
52 66 40
53 66 40
54 66 40
55 66 40
56 66 40
57 66 40
58 66 40
59 66 40
59 65 40
59 64 40
59 63 40
59 62 40
59 61 40
60 61 40
163 134 40
163 134 42
163 133 40
163 133 42
163 132 40
163 132 42
163 131 40
163 131 42
163 131 44
163 130 40
163 130 42
163 130 44
163 129 40
163 129 42
163 129 44
163 128 40
163 128 42
163 128 44
163 127 40
163 127 42
163 127 44
163 127 46
162 127 40
162 127 42
162 127 44
162 126 40
162 126 42
162 126 44
162 126 46
162 125 40
162 125 42
162 125 44
162 125 46
162 125 48
161 125 40
161 125 42
161 125 44
161 125 46
161 124 40
161 124 42
161 124 44
161 124 46
161 124 48
161 123 40
161 123 42
161 123 44
161 123 46
161 123 48
161 123 50
160 123 40
160 123 42
160 123 44
160 123 46
160 123 48
160 122 40
160 122 42
160 122 44
160 122 46
160 122 48
160 122 50
160 121 40
160 121 42
160 121 44
160 121 46
160 121 48
160 121 50
160 121 52
160 120 40
160 120 42
160 120 44
160 120 46
160 120 48
160 120 50
160 120 52
159 120 40
159 120 42
159 120 44
159 120 46
159 120 48
159 120 50
159 119 40
159 119 42
159 119 44
159 119 46
159 119 48
159 119 50
158 119 40
158 119 42
158 119 44
158 119 46
158 119 48
157 119 40
157 119 42
157 119 44
157 119 46
157 119 48
156 119 40
156 119 42
156 119 44
156 119 46
156 118 40
156 118 42
156 118 44
155 118 40
155 118 42
155 118 44
154 118 40
154 118 42
153 118 40
153 118 42
153 117 40
153 117 42
152 117 40
151 117 40
150 117 40
150 116 40
149 116 40
148 116 40
147 116 40
147 115 40
146 115 40
145 115 40
144 115 40
144 114 40
143 114 40
142 114 40
142 113 40
141 113 40
141 112 40
140 112 40
139 112 40
139 111 40
138 111 40
138 110 40
137 110 40
137 109 40
136 109 40
136 108 40
135 108 40
135 107 40
134 107 40
134 106 40
133 106 40
133 106 42
133 105 40
133 105 42
132 105 40
132 105 42
132 104 40
132 104 42
131 104 40
131 104 42
131 104 44
131 103 40
131 103 42
131 103 44
130 103 40
130 103 42
130 103 44
130 102 40
130 102 42
130 102 44
130 101 40
130 101 42
130 101 44
129 101 40
129 101 42
129 101 44
129 100 40
129 100 42
129 100 44
129 99 40
129 99 42
128 99 40
128 99 42
128 98 40
128 98 42
127 98 40
127 98 42
127 97 40
127 97 42
127 96 40
127 96 42
126 96 40
126 96 42
126 95 40
126 95 42
125 95 40
125 95 42
125 94 40
125 94 42
124 94 40
124 94 42
124 93 40
124 93 42
124 93 44
123 93 40
123 93 42
123 93 44
123 92 40
123 92 42
123 92 44
122 92 40
122 92 42
122 92 44
121 92 40
121 92 42
121 92 44
121 92 46
120 92 40
120 92 42
120 92 44
120 92 46
120 92 48
119 92 40
119 92 42
119 92 44
119 92 46
119 92 48
119 92 50
118 92 40
118 92 42
118 92 44
118 92 46
118 92 48
118 92 50
118 92 52
117 92 40
117 92 42
117 92 44
117 92 46
117 92 48
117 92 50
117 92 52
117 92 54
116 92 40
116 92 42
116 92 44
116 92 46
116 92 48
116 92 50
116 92 52
116 92 54
116 92 56
116 92 58
115 92 40
115 92 42
115 92 44
115 92 46
115 92 48
115 92 50
115 92 52
115 92 54
115 92 56
115 92 58
115 92 60
114 92 40
114 92 42
114 92 44
114 92 46
114 92 48
114 92 50
114 92 52
114 92 54
114 92 56
114 92 58
114 92 60
114 92 62
114 92 64
113 92 40
113 92 42
113 92 44
113 92 46
113 92 48
113 92 50
113 92 52
113 92 54
113 92 56
113 92 58
113 92 60
113 92 62
113 92 64
113 92 66
112 92 40
112 92 42
112 92 44
112 92 46
112 92 48
112 92 50
112 92 52
112 92 54
112 92 56
112 92 58
112 92 60
112 92 62
112 92 64
112 92 66
112 92 68
111 92 40
111 92 42
111 92 44
111 92 46
111 92 48
111 92 50
111 92 52
111 92 54
111 92 56
111 92 58
111 92 60
111 92 62
111 92 64
111 92 66
111 92 68
110 92 40
110 92 42
110 92 44
110 92 46
110 92 48
110 92 50
110 92 52
110 92 54
110 92 56
110 92 58
110 92 60
110 92 62
110 92 64
110 92 66
109 92 40
109 92 42
109 92 44
109 92 46
109 92 48
109 92 50
109 92 52
109 92 54
109 92 56
109 92 58
109 92 60
109 92 62
108 92 40
108 92 42
108 92 44
108 92 46
108 92 48
108 92 50
108 92 52
108 92 54
108 92 56
108 92 58
107 92 40
107 92 42
107 92 44
107 92 46
107 92 48
107 92 50
107 92 52
107 92 54
107 92 56
106 92 40
106 92 42
106 92 44
106 92 46
106 92 48
106 92 50
106 92 52
105 92 40
105 92 42
105 92 44
105 92 46
105 92 48
105 92 50
104 92 40
104 92 42
104 92 44
104 92 46
104 92 48
103 92 40
103 92 42
103 92 44
103 92 46
102 92 40
102 92 42
102 92 44
101 92 40
101 92 42
100 92 40
100 92 42
99 92 40
98 92 40
97 92 40
96 92 40
95 92 40
94 92 40
93 92 40
92 92 40
91 92 40
91 92 42
90 92 40
90 92 42
90 91 40
89 91 40
89 90 40
89 89 40
88 89 40
88 88 40
87 88 40
87 87 40
86 87 40
86 86 40
85 86 40
85 85 40
84 85 40
84 84 40
83 84 40
83 83 40
82 83 40
82 82 40
82 81 40
81 81 40
80 81 40
80 80 40
80 79 40
79 79 40
79 78 40
79 77 40
78 77 40
77 77 40
76 77 40
75 77 40
74 77 40
73 77 40
72 77 40
71 77 40
70 77 40
69 77 40
68 77 40
67 77 40
66 77 40
65 77 40
64 77 40
64 76 40
63 76 40
63 75 40
63 74 40
63 73 40
63 72 40
63 71 40
62 71 40
61 71 40
61 70 40
60 70 40
60 69 40
59 69 40
59 68 40
59 67 40
188 181 40
188 180 40
188 179 40
188 178 40
188 177 40
188 176 40
188 175 40
188 174 40
188 173 40
188 172 40
188 171 40
188 170 40
188 169 40
188 168 40
188 167 40
188 166 40
188 165 40
188 164 40
188 163 40
188 162 40
187 162 40
187 161 40
186 161 40
186 160 40
185 160 40
185 159 40
185 158 40
185 157 40
184 157 40
184 156 40
183 156 40
183 155 40
182 155 40
181 155 40
181 154 40
180 154 40
180 153 40
180 152 40
179 152 40
178 152 40
178 151 40
177 151 40
177 150 40
177 149 40
177 148 40
176 148 40
176 147 40
176 146 40
176 145 40
176 144 40
176 143 40
176 142 40
175 142 40
175 141 40
175 141 42
174 141 40
174 141 42
174 140 40
174 140 42
174 139 40
174 139 42
173 139 40
173 139 42
173 138 40
173 138 42
172 138 40
172 138 42
172 137 40
172 137 42
171 137 40
171 137 42
171 136 40
171 136 42
170 136 40
170 136 42
170 135 40
170 135 42
169 135 40
169 135 42
169 134 40
169 134 42
168 134 40
168 134 42
168 133 40
168 133 42
167 133 40
167 133 42
166 133 40
166 133 42
165 133 40
165 133 42
164 133 40
164 133 42
98 175 40
98 176 40
98 177 40
98 178 40
99 178 40
100 178 40
101 178 40
102 178 40
103 178 40
104 178 40
105 178 40
106 178 40
107 178 40
108 178 40
109 178 40
109 179 40
109 180 40
109 181 40
110 181 40
111 181 40
111 182 40
111 183 40
112 183 40
112 184 40
113 184 40
114 184 40
115 184 40
116 184 40
117 184 40
118 184 40
119 184 40
120 184 40
121 184 40
122 184 40
123 184 40
123 185 40
123 186 40
123 187 40
124 187 40
125 187 40
126 187 40
127 187 40
128 187 40
128 188 40
129 188 40
130 188 40
131 188 40
131 188 42
132 188 40
132 188 42
133 188 40
133 188 42
134 188 40
134 188 42
135 188 40
135 188 42
136 188 40
136 188 42
137 188 40
137 188 42
138 188 40
138 188 42
139 188 40
139 188 42
140 188 40
140 188 42
140 188 44
141 188 40
141 188 42
141 188 44
142 188 40
142 188 42
142 188 44
142 188 46
143 188 40
143 188 42
143 188 44
143 188 46
143 188 48
144 188 40
144 188 42
144 188 44
144 188 46
144 188 48
145 188 40
145 188 42
145 188 44
145 188 46
145 188 48
146 188 40
146 188 42
146 188 44
146 188 46
146 188 48
147 188 40
147 188 42
147 188 44
147 188 46
148 188 40
148 188 42
148 188 44
148 188 46
149 188 40
149 188 42
149 188 44
149 188 46
149 187 40
149 187 42
149 187 44
150 187 40
150 187 42
150 187 44
150 186 40
150 186 42
151 186 40
151 186 42
152 186 40
152 186 42
152 186 44
152 185 40
152 185 42
153 185 40
153 185 42
153 184 40
153 184 42
154 184 40
154 184 42
154 183 40
154 183 42
155 183 40
155 183 42
155 182 40
155 182 42
156 182 40
156 182 42
156 181 40
156 181 42
157 181 40
157 181 42
157 180 40
158 180 40
158 179 40
159 179 40
160 179 40
160 178 40
161 178 40
161 177 40
162 177 40
162 176 40
163 176 40
164 176 40
164 175 40
165 175 40
165 174 40
166 174 40
167 174 40
168 174 40
169 174 40
170 174 40
171 174 40
172 174 40
173 174 40
174 174 40
175 174 40
176 174 40
177 174 40
178 174 40
179 174 40
180 174 40
181 174 40
182 174 40
183 174 40
184 174 40
185 174 40
186 174 40
187 174 40
194 89 40
194 90 40
194 91 40
194 92 40
194 93 40
194 94 40
194 95 40
194 96 40
194 97 40
194 98 40
194 99 40
194 99 42
194 100 40
194 100 42
194 101 40
194 101 42
194 101 44
194 102 40
194 102 42
194 102 44
194 102 46
194 103 40
194 103 42
194 103 44
194 103 46
194 104 40
194 104 42
194 104 44
194 104 46
194 104 48
194 105 40
194 105 42
194 105 44
194 105 46
194 105 48
194 105 50
194 106 40
194 106 42
194 106 44
194 106 46
194 106 48
194 106 50
194 107 40
194 107 42
194 107 44
194 107 46
194 107 48
194 107 50
193 107 40
193 107 42
193 107 44
193 107 46
193 107 48
193 107 50
193 108 40
193 108 42
193 108 44
193 108 46
193 108 48
193 108 50
192 108 40
192 108 42
192 108 44
192 108 46
192 108 48
192 109 40
192 109 42
192 109 44
192 109 46
191 109 40
191 109 42
191 109 44
191 109 46
191 110 40
191 110 42
191 110 44
190 110 40
190 110 42
190 110 44
190 111 40
190 111 42
190 111 44
189 111 40
189 111 42
189 112 40
189 112 42
189 112 44
189 113 40
189 113 42
189 113 44
189 114 40
189 114 42
189 114 44
189 114 46
189 115 40
189 115 42
189 115 44
189 115 46
189 115 48
189 116 40
189 116 42
189 116 44
189 116 46
189 116 48
189 116 50
189 117 40
189 117 42
189 117 44
189 117 46
189 117 48
189 117 50
189 117 52
189 118 40
189 118 42
189 118 44
189 118 46
189 118 48
189 118 50
189 118 52
189 118 54
189 119 40
189 119 42
189 119 44
189 119 46
189 119 48
189 119 50
189 119 52
189 119 54
189 119 56
189 120 40
189 120 42
189 120 44
189 120 46
189 120 48
189 120 50
189 120 52
189 120 54
189 120 56
189 120 58
189 121 40
189 121 42
189 121 44
189 121 46
189 121 48
189 121 50
189 121 52
189 121 54
189 121 56
189 121 58
189 122 40
189 122 42
189 122 44
189 122 46
189 122 48
189 122 50
189 122 52
189 122 54
189 122 56
189 123 40
189 123 42
189 123 44
189 123 46
189 123 48
189 123 50
189 123 52
189 123 54
189 124 40
189 124 42
189 124 44
189 124 46
189 124 48
189 124 50
189 124 52
189 124 54
189 125 40
189 125 42
189 125 44
189 125 46
189 125 48
189 125 50
189 125 52
189 126 40
189 126 42
189 126 44
189 126 46
189 126 48
189 126 50
189 127 40
189 127 42
189 127 44
189 127 46
189 127 48
189 127 50
189 128 40
189 128 42
189 128 44
189 128 46
189 128 48
189 128 50
189 129 40
189 129 42
189 129 44
189 129 46
189 129 48
189 129 50
189 129 52
189 130 40
189 130 42
189 130 44
189 130 46
189 130 48
189 130 50
189 130 52
189 131 40
189 131 42
189 131 44
189 131 46
189 131 48
189 131 50
189 131 52
189 131 54
189 132 40
189 132 42
189 132 44
189 132 46
189 132 48
189 132 50
189 132 52
189 132 54
189 133 40
189 133 42
189 133 44
189 133 46
189 133 48
189 133 50
189 133 52
189 133 54
189 133 56
189 134 40
189 134 42
189 134 44
189 134 46
189 134 48
189 134 50
189 134 52
189 134 54
189 134 56
189 135 40
189 135 42
189 135 44
189 135 46
189 135 48
189 135 50
189 135 52
189 135 54
189 136 40
189 136 42
189 136 44
189 136 46
189 136 48
189 136 50
189 136 52
189 137 40
189 137 42
189 137 44
189 137 46
189 137 48
189 138 40
189 138 42
189 138 44
189 138 46
189 139 40
189 139 42
189 139 44
189 140 40
189 140 42
189 141 40
189 141 42
189 142 40
188 142 40
187 142 40
186 142 40
185 142 40
184 142 40
183 142 40
182 142 40
181 142 40
180 142 40
179 142 40
178 142 40
177 142 40
