0 0 100
0 20 100
0 40 100
0 60 100
0 80 100
0 100 100
0 120 100
0 140 100
0 160 100
0 180 100
0 199 100
11 10 100
11 30 100
11 50 100
11 70 100
11 90 100
11 110 100
11 130 100
11 150 100
11 170 100
11 190 100
22 0 100
22 20 100
22 40 100
22 60 100
22 80 100
22 100 100
22 120 100
22 140 100
22 160 100
22 180 100
22 199 100
33 10 100
33 30 100
33 50 100
33 70 100
33 90 100
33 110 100
33 130 100
33 150 100
33 170 100
33 190 100
44 0 100
44 20 100
44 40 100
44 60 100
44 80 100
44 100 100
44 120 100
44 140 100
44 160 100
44 180 100
44 199 100
55 10 100
55 30 100
55 50 100
55 70 100
55 90 100
55 110 100
55 130 100
55 150 100
55 170 100
55 190 100
66 0 100
66 20 100
66 40 100
66 60 100
66 80 100
66 100 100
66 120 100
66 140 100
66 160 100
66 180 100
66 199 100
77 10 100
77 30 100
77 50 100
77 70 100
77 90 100
77 110 100
77 130 100
77 150 100
77 170 100
77 190 100
88 0 100
88 20 100
88 40 100
88 60 100
88 80 100
88 100 100
88 120 100
88 140 100
88 160 100
88 180 100
88 199 100
99 10 100
99 30 100
99 50 100
99 70 100
99 90 100
99 110 100
99 130 100
99 150 100
99 170 100
99 190 100
110 0 100
110 20 100
110 40 100
110 60 100
110 80 100
110 100 100
110 120 100
110 140 100
110 160 100
110 180 100
110 199 100
121 10 100
121 30 100
121 50 100
121 70 100
121 90 100
121 110 100
121 130 100
121 150 100
121 170 100
121 190 100
132 0 100
132 20 100
132 40 100
132 60 100
132 80 100
132 100 100
132 120 100
132 140 100
132 160 100
132 180 100
132 199 100
143 10 100
143 30 100
143 50 100
143 70 100
143 90 100
143 110 100
143 130 100
143 150 100
143 170 100
143 190 100
154 0 100
154 20 100
154 40 100
154 60 100
154 80 100
154 100 100
154 120 100
154 140 100
154 160 100
154 180 100
154 199 100
165 10 100
165 30 100
165 50 100
165 70 100
165 90 100
165 110 100
165 130 100
165 150 100
165 170 100
165 190 100
176 0 100
176 20 100
176 40 100
176 60 100
176 80 100
176 100 100
176 120 100
176 140 100
176 160 100
176 180 100
176 199 100
187 10 100
187 30 100
187 50 100
187 70 100
187 90 100
187 110 100
187 130 100
187 150 100
187 170 100
187 190 100
198 0 100
198 20 100
198 40 100
198 60 100
198 80 100
198 100 100
198 120 100
198 140 100
198 160 100
198 180 100
198 199 100
0 60 100
0 100 100
0 120 100
0 140 100
0 160 100
0 180 100
11 10 100
11 30 100
11 70 100
11 90 100
11 150 100
11 190 100
22 0 100
22 20 100
22 40 100
22 60 100
22 80 100
22 100 100
22 140 100
22 199 100
33 50 100
33 70 100
33 90 100
33 130 100
33 170 100
33 190 100
44 120 100
44 140 100
44 160 100
44 180 100
44 199 100
55 50 100
55 110 100
55 130 100
55 150 100
55 170 100
66 20 100
66 40 100
66 60 100
66 80 100
66 100 100
66 120 100
66 140 100
66 199 100
77 10 100
77 30 100
77 50 100
77 70 100
77 110 100
77 130 100
77 170 100
88 0 100
88 20 100
88 80 100
88 140 100
88 160 100
88 199 100
99 30 100
99 70 100
99 90 100
99 110 100
99 130 100
99 150 100
99 190 100
110 20 100
110 40 100
110 60 100
110 80 100
110 100 100
110 120 100
110 140 100
110 160 100
110 180 100
110 199 100
121 10 100
121 70 100
121 90 100
121 150 100
121 190 100
132 40 100
132 60 100
132 80 100
132 100 100
132 140 100
132 160 100
143 10 100
143 30 100
143 50 100
143 90 100
143 110 100
143 130 100
143 170 100
143 190 100
154 20 100
154 100 100
154 120 100
165 130 100
165 150 100
176 20 100
176 60 100
176 80 100
176 120 100
176 160 100
187 10 100
187 70 100
187 90 100
187 170 100
198 20 100
198 40 100
198 100 100
198 160 100
198 180 100
164 100 40
180 188 40
44 5 40
48 103 40
185 41 40
63 186 40
128 136 40
85 158 40
85 158 44
85 158 48
175 135 40
147 68 40
41 69 40
148 68 40
148 69 40
149 69 40
150 69 40
151 69 40
152 69 40
153 69 40
154 69 40
155 69 40
155 70 40
155 71 40
156 71 40
156 72 40
157 72 40
157 73 40
158 73 40
158 74 40
159 74 40
159 75 40
160 75 40
160 76 40
160 77 40
160 78 40
160 79 40
160 80 40
160 81 40
160 82 40
160 83 40
161 83 40
161 84 40
161 85 40
162 85 40
162 86 40
162 87 40
163 87 40
163 88 40
164 88 40
164 89 40
165 89 40
166 90 40
166 91 40
167 91 40
167 92 40
167 93 40
168 93 40
168 94 40
168 95 40
168 96 40
168 97 40
168 98 40
168 99 40
168 100 40
167 100 40
166 100 40
165 100 40
184 41 40
183 41 40
182 41 40
181 41 40
180 41 40
179 41 40
178 41 40
178 42 40
177 42 40
176 42 40
175 42 40
174 42 40
173 42 40
172 42 40
172 43 40
171 43 40
170 43 40
169 43 40
168 43 40
168 44 40
167 44 40
167 45 40
167 46 40
166 46 40
166 47 40
166 48 40
165 48 40
165 49 40
165 51 40
164 51 40
164 52 40
164 53 40
163 53 40
163 54 40
163 55 40
162 55 40
162 56 40
162 57 40
161 57 40
161 58 40
160 58 40
160 59 40
160 60 40
159 60 40
159 61 40
159 62 40
158 62 40
158 63 40
158 64 40
157 64 40
157 65 40
157 66 40
157 67 40
156 67 40
156 68 40
156 69 40
176 135 40
177 135 40
178 135 40
179 135 40
180 135 40
181 135 40
182 135 40
183 135 40
184 135 40
185 135 40
185 134 40
185 133 40
185 132 40
185 131 40
185 130 40
185 129 40
185 128 40
185 127 40
185 126 40
185 125 40
185 124 40
185 123 40
185 122 40
185 121 40
185 120 40
185 119 40
185 118 40
185 117 40
185 116 40
185 115 40
185 114 40
185 113 40
185 112 40
184 112 40
184 111 40
183 111 40
183 110 40
182 110 40
182 109 40
181 109 40
181 108 40
180 108 40
180 107 40
179 107 40
179 106 40
178 106 40
178 105 40
177 105 40
177 104 40
176 104 40
176 103 40
176 102 40
175 102 40
175 101 40
174 101 40
174 100 40
173 100 40
172 100 40
171 100 40
170 100 40
169 100 40
42 69 40
43 69 40
44 69 40
45 69 40
46 69 40
46 68 40
46 67 40
46 66 40
46 65 40
46 64 40
46 63 40
46 62 40
46 61 40
46 60 40
46 59 40
46 58 40
46 57 40
46 56 40
46 55 40
46 54 40
46 53 40
46 52 40
46 51 40
46 51 44
46 50 40
46 50 44
46 49 40
46 49 44
46 48 40
46 48 44
46 48 48
46 47 40
46 47 44
46 47 48
46 46 40
46 46 44
46 46 48
46 45 40
46 45 44
46 45 48
46 44 40
46 44 44
46 43 40
46 43 44
46 42 40
46 42 44
46 41 40
46 40 40
46 39 40
46 38 40
46 37 40
46 36 40
46 35 40
46 34 40
46 33 40
46 32 40
46 31 40
46 30 40
46 29 40
46 28 40
46 27 40
46 26 40
46 25 40
46 24 40
46 23 40
46 22 40
46 21 40
46 20 40
46 19 40
46 18 40
46 17 40
46 16 40
46 15 40
46 14 40
46 13 40
46 12 40
46 11 40
46 10 40
46 9 40
46 8 40
46 7 40
46 6 40
46 5 40
45 5 40
48 102 40
48 101 40
48 100 40
48 99 40
48 98 40
48 97 40
48 96 40
48 95 40
48 94 40
48 93 40
48 92 40
48 91 40
48 90 40
48 89 40
48 88 40
48 87 40
48 86 40
48 85 40
48 84 40
48 83 40
48 82 40
48 81 40
48 80 40
48 79 40
48 78 40
48 77 40
48 76 40
48 75 40
48 74 40
48 73 40
48 72 40
48 71 40
48 70 40
48 69 40
47 69 40
128 135 40
128 134 40
128 133 40
128 132 40
128 131 40
128 130 40
128 129 40
128 128 40
128 127 40
128 126 40
129 126 40
130 126 40
131 126 40
132 126 40
133 126 40
134 126 40
135 126 40
136 126 40
137 126 40
138 126 40
138 127 40
139 127 40
140 127 40
140 128 40
140 128 44
141 128 40
141 128 44
141 129 40
141 129 44
141 129 48
142 129 40
142 129 44
142 129 48
142 130 40
142 130 44
142 130 48
142 130 52
143 131 40
143 131 44
143 131 48
143 131 52
143 131 56
144 131 40
144 131 44
144 131 48
144 131 52
144 131 56
144 132 40
144 132 44
144 132 48
144 132 52
144 132 56
144 132 60
145 132 40
145 132 44
145 132 48
145 132 52
145 132 56
145 132 60
145 133 40
145 133 44
145 133 48
145 133 52
145 133 56
145 133 60
146 133 40
146 133 44
146 133 48
146 133 52
146 133 56
146 133 60
146 134 40
146 134 44
146 134 48
146 134 52
146 134 56
146 134 60
147 134 40
147 134 44
147 134 48
147 134 52
147 134 56
147 134 60
147 135 40
147 135 44
147 135 48
147 135 52
147 135 56
147 135 60
148 135 40
148 135 44
148 135 48
148 135 52
148 135 56
148 136 40
148 136 44
148 136 48
148 136 52
148 136 56
149 136 40
149 136 44
149 136 48
149 136 52
149 137 40
149 137 44
149 137 48
149 137 52
149 138 40
149 138 44
149 138 48
149 138 52
150 138 40
150 138 44
150 138 48
150 139 40
150 139 44
150 139 48
150 140 40
150 140 44
150 141 40
150 141 44
150 142 40
150 143 40
150 144 40
150 145 40
150 146 40
150 147 40
150 148 40
150 149 40
150 150 40
150 151 40
150 152 40
150 153 40
150 154 40
150 155 40
151 155 40
151 156 40
151 157 40
152 157 40
152 158 40
153 158 40
153 159 40
154 159 40
154 159 44
155 160 40
155 160 44
155 161 40
155 161 44
156 161 40
156 161 44
156 162 40
156 162 44
156 163 40
156 163 44
157 163 40
157 163 44
157 164 40
157 164 44
158 164 40
158 164 44
158 165 40
159 165 40
159 165 44
159 166 40
160 166 40
160 167 40
160 168 40
161 168 40
161 169 40
161 170 40
162 170 40
162 171 40
162 172 40
162 173 40
163 173 40
163 174 40
163 175 40
163 176 40
163 177 40
163 178 40
164 178 40
164 179 40
164 180 40
165 180 40
165 181 40
165 182 40
166 182 40
166 183 40
167 183 40
167 184 40
168 184 40
168 185 40
168 186 40
169 186 40
169 187 40
170 187 40
170 188 40
171 188 40
172 188 40
173 188 40
174 188 40
175 188 40
176 188 40
177 188 40
178 188 40
179 188 40
84 158 40
84 158 44
84 158 48
83 158 40
83 158 44
82 158 40
82 158 44
82 157 40
81 157 40
81 156 40
80 156 40
79 156 40
78 156 40
78 155 40
77 155 40
76 155 40
75 155 40
75 154 40
75 153 40
75 152 40
74 152 40
74 151 40
74 150 40
74 149 40
74 148 40
73 148 40
73 147 40
73 146 40
73 145 40
72 145 40
72 144 40
72 143 40
72 142 40
72 141 40
72 140 40
72 139 40
72 138 40
72 137 40
72 136 40
72 135 40
72 135 44
72 134 40
72 134 44
71 134 40
71 134 44
71 133 40
71 133 44
70 133 40
70 133 44
69 133 40
69 133 44
69 132 40
69 132 44
68 132 40
68 132 44
68 131 40
68 131 44
67 131 40
67 131 44
66 131 40
66 131 44
66 130 40
66 130 44
65 130 40
65 130 44
65 129 40
65 129 44
65 128 40
64 128 40
64 127 40
64 126 40
64 125 40
64 124 40
64 123 40
64 122 40
63 122 40
63 121 40
63 120 40
63 120 44
63 119 40
63 119 44
63 118 40
63 118 44
63 118 48
62 118 40
62 118 44
62 117 40
62 117 44
62 117 48
62 116 40
62 116 44
62 116 48
62 116 52
62 115 40
62 115 44
62 115 48
62 115 52
62 115 56
62 115 60
62 114 40
62 114 44
62 114 48
62 114 52
62 114 56
62 114 60
62 114 64
61 114 40
61 114 44
61 114 48
61 114 52
61 114 56
61 114 60
61 113 40
61 113 44
61 113 48
61 113 52
61 113 56
61 113 60
61 113 64
61 112 40
61 112 44
61 112 48
61 112 52
61 112 56
61 112 60
61 112 64
61 112 68
61 111 40
61 111 44
61 111 48
61 111 52
61 111 56
61 111 60
61 111 64
61 111 68
61 110 40
61 110 44
61 110 48
61 110 52
61 110 56
61 110 60
61 110 64
61 110 68
61 109 40
61 109 44
61 109 48
61 109 52
61 109 56
61 109 60
61 109 64
61 108 40
61 108 44
61 108 48
61 108 52
61 108 56
61 108 60
61 107 40
61 107 44
61 107 48
61 107 52
61 107 56
61 106 40
61 106 44
61 106 48
61 106 52
61 105 40
61 105 44
61 105 48
61 104 40
61 104 44
61 104 48
61 103 40
61 103 44
60 103 40
60 103 44
59 103 40
58 103 40
57 103 40
56 103 40
55 103 40
54 103 40
53 103 40
52 103 40
51 103 40
50 103 40
49 103 40
64 186 40
65 186 40
65 185 40
66 185 40
66 184 40
67 184 40
68 184 40
68 183 40
68 182 40
68 181 40
68 180 40
68 179 40
68 178 40
68 177 40
68 176 40
68 175 40
68 174 40
68 173 40
68 172 40
68 171 40
68 170 40
68 169 40
68 168 40
68 167 40
68 167 44
68 166 40
68 166 44
68 165 40
68 165 44
68 164 40
68 164 44
68 163 40
68 163 44
68 162 40
68 162 44
68 161 40
69 161 40
69 160 40
70 160 40
70 159 40
71 159 40
71 158 40
72 158 40
72 157 40
73 157 40
73 156 40
74 156 40
74 155 40
