0 0 100
0 20 100
0 40 100
0 60 100
0 80 100
0 100 100
0 120 100
0 140 100
0 160 100
0 180 100
0 199 100
11 10 100
11 30 100
11 50 100
11 70 100
11 90 100
11 110 100
11 130 100
11 150 100
11 170 100
11 190 100
22 0 100
22 20 100
22 40 100
22 60 100
22 80 100
22 100 100
22 120 100
22 140 100
22 160 100
22 180 100
22 199 100
33 10 100
33 30 100
33 50 100
33 70 100
33 90 100
33 110 100
33 130 100
33 150 100
33 170 100
33 190 100
44 0 100
44 20 100
44 40 100
44 60 100
44 80 100
44 100 100
44 120 100
44 140 100
44 160 100
44 180 100
44 199 100
55 10 100
55 30 100
55 50 100
55 70 100
55 90 100
55 110 100
55 130 100
55 150 100
55 170 100
55 190 100
66 0 100
66 20 100
66 40 100
66 60 100
66 80 100
66 100 100
66 120 100
66 140 100
66 160 100
66 180 100
66 199 100
77 10 100
77 30 100
77 50 100
77 70 100
77 90 100
77 110 100
77 130 100
77 150 100
77 170 100
77 190 100
88 0 100
88 20 100
88 40 100
88 60 100
88 80 100
88 100 100
88 120 100
88 140 100
88 160 100
88 180 100
88 199 100
99 10 100
99 30 100
99 50 100
99 70 100
99 90 100
99 110 100
99 130 100
99 150 100
99 170 100
99 190 100
110 0 100
110 20 100
110 40 100
110 60 100
110 80 100
110 100 100
110 120 100
110 140 100
110 160 100
110 180 100
110 199 100
121 10 100
121 30 100
121 50 100
121 70 100
121 90 100
121 110 100
121 130 100
121 150 100
121 170 100
121 190 100
132 0 100
132 20 100
132 40 100
132 60 100
132 80 100
132 100 100
132 120 100
132 140 100
132 160 100
132 180 100
132 199 100
143 10 100
143 30 100
143 50 100
143 70 100
143 90 100
143 110 100
143 130 100
143 150 100
143 170 100
143 190 100
154 0 100
154 20 100
154 40 100
154 60 100
154 80 100
154 100 100
154 120 100
154 140 100
154 160 100
154 180 100
154 199 100
165 10 100
165 30 100
165 50 100
165 70 100
165 90 100
165 110 100
165 130 100
165 150 100
165 170 100
165 190 100
176 0 100
176 20 100
176 40 100
176 60 100
176 80 100
176 100 100
176 120 100
176 140 100
176 160 100
176 180 100
176 199 100
187 10 100
187 30 100
187 50 100
187 70 100
187 90 100
187 110 100
187 130 100
187 150 100
187 170 100
187 190 100
198 0 100
198 20 100
198 40 100
198 60 100
198 80 100
198 100 100
198 120 100
198 140 100
198 160 100
198 180 100
198 199 100
0 0 100
0 40 100
0 60 100
0 80 100
0 100 100
0 140 100
0 160 100
0 180 100
0 199 100
11 10 100
11 30 100
11 90 100
11 110 100
11 130 100
11 170 100
11 190 100
22 0 100
22 40 100
22 60 100
22 80 100
22 100 100
22 140 100
22 160 100
22 199 100
33 50 100
33 70 100
33 90 100
33 150 100
33 170 100
33 190 100
44 0 100
44 40 100
44 60 100
44 80 100
44 100 100
44 120 100
44 160 100
44 180 100
55 10 100
55 30 100
55 50 100
55 90 100
55 130 100
55 150 100
66 0 100
66 20 100
66 40 100
66 100 100
66 199 100
77 30 100
77 50 100
77 70 100
77 90 100
77 110 100
77 130 100
77 170 100
77 190 100
88 20 100
88 40 100
88 60 100
88 80 100
88 100 100
88 120 100
88 140 100
88 160 100
88 180 100
88 199 100
99 10 100
99 30 100
99 70 100
99 110 100
99 130 100
99 150 100
99 170 100
99 190 100
110 0 100
110 20 100
110 40 100
110 60 100
110 80 100
110 120 100
110 140 100
110 160 100
110 180 100
121 10 100
121 30 100
121 50 100
121 70 100
121 90 100
121 150 100
121 170 100
121 190 100
132 0 100
132 20 100
132 40 100
132 60 100
132 80 100
132 100 100
132 120 100
132 140 100
132 160 100
132 180 100
143 10 100
143 50 100
143 70 100
143 90 100
143 110 100
143 130 100
143 150 100
143 170 100
143 190 100
154 0 100
154 20 100
154 40 100
154 80 100
154 100 100
154 140 100
154 160 100
154 180 100
154 199 100
165 10 100
165 30 100
165 50 100
165 70 100
165 90 100
165 110 100
165 130 100
165 150 100
165 170 100
165 190 100
176 0 100
176 20 100
176 40 100
176 60 100
176 80 100
176 100 100
176 140 100
176 160 100
176 180 100
176 199 100
187 10 100
187 30 100
187 50 100
187 70 100
187 90 100
187 110 100
187 150 100
187 170 100
187 190 100
198 0 100
198 20 100
198 40 100
198 80 100
198 100 100
198 140 100
198 160 100
198 180 100
198 199 100
69 157 40
142 18 40
142 18 168
186 0 40
186 0 168
18 116 40
18 116 168
123 142 40
123 142 168
64 112 40
191 71 40
191 71 168
136 196 40
136 196 168
185 121 40
117 108 40
25 185 40
25 185 168
25 185 296
64 113 40
64 114 40
64 115 40
64 116 40
64 117 40
64 118 40
64 118 168
64 119 40
64 119 168
65 119 40
65 119 168
65 120 40
65 120 168
66 121 40
66 121 168
67 121 40
67 121 168
67 122 40
67 122 168
68 122 40
68 122 168
68 123 40
68 123 168
68 124 40
68 124 168
68 124 296
68 125 40
68 125 168
68 125 296
68 126 40
68 126 168
68 126 296
68 127 40
68 127 168
68 127 296
68 128 40
68 128 168
68 128 296
68 129 40
68 129 168
68 129 296
68 130 40
68 130 168
68 130 296
68 131 40
68 131 168
68 131 296
68 132 40
68 132 168
68 132 296
68 133 40
68 133 168
68 133 296
68 134 40
68 134 168
68 134 296
68 135 40
68 135 168
68 136 40
68 136 168
68 137 40
68 137 168
68 138 40
68 138 168
68 139 40
68 139 168
68 140 40
68 140 168
68 141 40
68 141 168
68 142 40
68 143 40
69 143 40
69 144 40
70 144 40
70 145 40
71 145 40
71 146 40
72 146 40
72 147 40
72 148 40
72 149 40
72 150 40
72 151 40
72 152 40
72 153 40
72 154 40
72 155 40
72 156 40
72 157 40
71 157 40
70 157 40
19 116 40
19 116 168
20 116 40
20 116 168
21 116 40
21 116 168
21 117 40
21 117 168
22 117 40
22 117 168
23 117 40
23 117 168
23 118 40
23 118 168
24 118 40
25 118 40
26 118 40
27 118 40
28 118 40
29 118 40
30 118 40
31 118 40
32 118 40
33 118 40
34 118 40
35 118 40
36 118 40
37 118 40
38 118 40
39 118 40
39 118 168
40 118 40
40 118 168
41 118 40
41 118 168
42 118 40
42 118 168
43 118 40
43 118 168
44 118 40
44 118 168
45 118 40
45 118 168
46 118 40
46 118 168
46 118 296
47 118 40
47 118 168
47 118 296
48 118 40
48 118 168
48 118 296
49 118 40
49 118 168
49 118 296
50 118 40
50 118 168
50 118 296
50 117 40
50 117 168
51 117 40
51 117 168
52 117 40
52 117 168
52 116 40
52 116 168
53 116 40
53 116 168
54 116 40
54 116 168
55 116 40
55 116 168
56 116 40
56 116 168
57 116 40
57 116 168
58 116 40
58 116 168
59 116 40
59 116 168
60 116 40
61 116 40
62 116 40
63 116 40
26 185 40
26 185 168
26 185 296
27 185 40
27 185 168
27 185 296
27 186 40
27 186 168
27 186 296
27 186 424
28 186 40
28 186 168
28 186 296
28 186 424
29 186 40
29 186 168
29 186 296
29 186 424
29 186 552
29 187 40
29 187 168
29 187 296
29 187 424
29 187 552
29 188 40
29 188 168
29 188 296
29 188 424
29 188 552
30 188 40
30 188 168
30 188 296
30 188 424
30 188 552
30 188 680
30 189 40
30 189 168
30 189 296
30 189 424
30 189 552
30 189 680
31 189 40
31 189 168
31 189 296
31 189 424
31 189 552
31 189 680
31 189 808
32 189 40
32 189 168
32 189 296
32 189 424
32 189 552
32 189 680
32 189 808
32 190 40
32 190 168
32 190 296
32 190 424
32 190 552
32 190 680
32 190 808
33 190 40
33 190 168
33 190 296
33 190 424
33 190 552
33 190 680
33 190 808
33 190 936
33 191 40
33 191 168
33 191 296
33 191 424
33 191 552
33 191 680
33 191 808
33 191 936
34 191 40
34 191 168
34 191 296
34 191 424
34 191 552
34 191 680
34 191 808
34 191 936
34 192 40
34 192 168
34 192 296
34 192 424
34 192 552
34 192 680
34 192 808
34 192 936
35 192 40
35 192 168
35 192 296
35 192 424
35 192 552
35 192 680
35 192 808
35 192 936
36 192 40
36 192 168
36 192 296
36 192 424
36 192 552
36 192 680
36 192 808
36 192 936
36 192 1064
37 192 40
37 192 168
37 192 296
37 192 424
37 192 552
37 192 680
37 192 808
37 192 936
37 192 1064
37 193 40
37 193 168
37 193 296
37 193 424
37 193 552
37 193 680
37 193 808
37 193 936
38 193 40
38 193 168
38 193 296
38 193 424
38 193 552
38 193 680
38 193 808
38 193 936
39 193 40
39 193 168
39 193 296
39 193 424
39 193 552
39 193 680
39 193 808
39 193 936
39 194 40
39 194 168
39 194 296
39 194 424
39 194 552
39 194 680
39 194 808
39 194 936
40 194 40
40 194 168
40 194 296
40 194 424
40 194 552
40 194 680
40 194 808
40 195 40
40 195 168
40 195 296
40 195 424
40 195 552
40 195 680
40 195 808
41 195 40
41 195 168
41 195 296
41 195 424
41 195 552
41 195 680
42 195 40
42 195 168
42 195 296
42 195 424
42 195 552
43 195 40
43 195 168
43 195 296
43 195 424
43 195 552
44 195 40
44 195 168
44 195 296
44 195 424
45 195 40
45 195 168
45 195 296
46 195 40
46 195 168
46 195 296
47 195 40
47 195 168
48 195 40
48 195 168
49 195 40
49 195 168
50 195 40
50 195 168
51 195 40
52 195 40
53 195 40
54 195 40
55 195 40
56 195 40
57 195 40
57 194 40
58 194 40
58 193 40
59 193 40
59 192 40
60 192 40
60 191 40
60 190 40
61 190 40
61 189 40
61 188 40
62 188 40
62 187 40
62 186 40
62 185 40
62 184 40
62 184 168
62 183 40
62 183 168
62 182 40
62 182 168
62 181 40
62 181 168
62 180 40
62 180 168
62 179 40
62 179 168
62 178 40
62 178 168
62 177 40
62 177 168
62 176 40
62 175 40
62 174 40
62 173 40
62 172 40
62 171 40
62 170 40
62 169 40
62 168 40
63 168 40
63 167 40
64 167 40
64 166 40
64 165 40
65 165 40
65 164 40
66 164 40
66 163 40
67 163 40
67 162 40
68 162 40
68 162 168
68 161 40
69 161 40
69 161 168
69 160 40
69 159 40
69 158 40
135 196 40
135 196 168
135 197 40
135 197 168
134 197 40
134 197 168
133 197 40
133 197 168
132 197 40
132 197 168
132 198 40
131 198 40
130 198 40
129 198 40
128 198 40
127 198 40
126 198 40
125 198 40
124 198 40
123 198 40
122 198 40
121 198 40
120 198 40
119 198 40
118 198 40
117 198 40
116 198 40
115 198 40
114 198 40
113 198 40
112 198 40
111 198 40
110 198 40
109 198 40
108 198 40
107 198 40
106 198 40
105 198 40
104 198 40
103 198 40
102 198 40
101 198 40
100 198 40
99 198 40
98 198 40
97 198 40
96 198 40
96 198 168
95 198 40
95 198 168
94 198 40
94 198 168
93 198 40
93 198 168
92 198 40
92 198 168
92 198 296
91 198 40
91 198 168
91 198 296
90 198 40
90 198 168
90 198 296
89 198 40
89 198 168
89 198 296
89 198 424
88 198 40
88 198 168
88 198 296
88 198 424
87 198 40
87 198 168
87 198 296
87 198 424
86 198 40
86 198 168
86 198 296
86 198 424
86 198 552
85 198 40
85 198 168
85 198 296
85 198 424
85 198 552
84 198 40
84 198 168
84 198 296
84 198 424
84 198 552
83 198 40
83 198 168
83 198 296
83 198 424
83 198 552
82 198 40
82 198 168
82 198 296
82 198 424
82 198 552
81 198 40
81 198 168
81 198 296
81 198 424
81 198 552
80 198 40
80 198 168
80 198 296
80 198 424
79 198 40
79 198 168
79 198 296
79 198 424
78 198 40
78 198 168
78 198 296
78 198 424
77 198 40
77 198 168
77 198 296
77 198 424
76 198 40
76 198 168
76 198 296
76 198 424
75 198 40
75 198 168
75 198 296
75 198 424
74 198 40
74 198 168
74 198 296
74 198 424
73 198 40
73 198 168
73 198 296
72 198 40
72 198 168
72 198 296
71 198 40
71 198 168
71 198 296
70 198 40
70 198 168
70 198 296
69 198 40
69 198 168
69 198 296
68 198 40
68 198 168
67 198 40
67 198 168
66 198 40
66 198 168
65 198 40
65 198 168
64 198 40
64 198 168
63 198 40
62 198 40
61 198 40
60 198 40
59 198 40
58 198 40
57 198 40
57 197 40
57 196 40
117 109 40
117 110 40
117 111 40
117 111 168
117 112 40
117 112 168
117 113 40
117 113 168
117 114 40
117 114 168
117 115 40
117 115 168
117 116 40
117 116 168
117 117 40
117 117 168
117 118 40
116 118 40
116 118 168
116 119 40
116 120 40
115 120 40
115 120 168
115 121 40
115 122 40
114 122 40
113 122 40
113 122 168
112 122 40
112 122 168
111 122 40
111 122 168
110 122 40
110 122 168
109 122 40
109 122 168
108 122 40
108 122 168
107 122 40
107 122 168
107 122 296
106 122 40
106 122 168
106 122 296
105 122 40
105 122 168
105 122 296
104 122 40
104 122 168
104 122 296
103 122 40
103 122 168
103 122 296
103 122 424
102 122 40
102 122 168
102 122 296
102 122 424
101 122 40
101 122 168
101 122 296
101 122 424
101 122 552
100 122 40
100 122 168
100 122 296
100 122 424
100 122 552
99 122 40
99 122 168
99 122 296
99 122 424
99 122 552
99 122 680
98 122 40
98 122 168
98 122 296
98 122 424
98 122 552
98 122 680
98 122 808
97 122 40
97 122 168
97 122 296
97 122 424
97 122 552
97 122 680
97 122 808
96 122 40
96 122 168
96 122 296
96 122 424
96 122 552
96 122 680
96 122 808
96 122 936
95 122 40
95 122 168
95 122 296
95 122 424
95 122 552
95 122 680
95 122 808
95 122 936
94 122 40
94 122 168
94 122 296
94 122 424
94 122 552
94 122 680
94 122 808
94 122 936
93 122 40
93 122 168
93 122 296
93 122 424
93 122 552
93 122 680
93 122 808
93 122 936
93 122 1064
92 122 40
92 122 168
92 122 296
92 122 424
92 122 552
92 122 680
92 122 808
92 122 936
92 122 1064
91 122 40
91 122 168
91 122 296
91 122 424
91 122 552
91 122 680
91 122 808
91 122 936
91 122 1064
90 122 40
90 122 168
90 122 296
90 122 424
90 122 552
90 122 680
90 122 808
90 122 936
90 122 1064
89 122 40
89 122 168
89 122 296
89 122 424
89 122 552
89 122 680
89 122 808
89 122 936
88 122 40
88 122 168
88 122 296
88 122 424
88 122 552
88 122 680
88 122 808
88 122 936
87 122 40
87 122 168
87 122 296
87 122 424
87 122 552
87 122 680
87 122 808
87 122 936
86 122 40
86 122 168
86 122 296
86 122 424
86 122 552
86 122 680
86 122 808
85 122 40
85 122 168
85 122 296
85 122 424
85 122 552
85 122 680
85 122 808
84 122 40
84 122 168
84 122 296
84 122 424
84 122 552
84 122 680
83 122 40
83 122 168
83 122 296
83 122 424
83 122 552
83 122 680
82 122 40
82 122 168
82 122 296
82 122 424
82 122 552
81 122 40
81 122 168
81 122 296
81 122 424
81 122 552
80 122 40
80 122 168
80 122 296
80 122 424
79 122 40
79 122 168
79 122 296
79 122 424
78 122 40
78 122 168
78 122 296
77 122 40
77 122 168
77 122 296
76 122 40
76 122 168
76 122 296
75 122 40
75 122 168
75 122 296
74 122 40
74 122 168
73 122 40
73 122 168
72 122 40
72 122 168
71 122 40
71 122 168
70 122 40
70 122 168
69 122 40
69 122 168
123 141 40
123 141 168
123 140 40
123 140 168
123 139 40
123 139 168
123 138 40
123 138 168
123 137 40
123 137 168
123 136 40
123 136 168
123 135 40
123 135 168
123 134 40
123 134 168
123 133 40
123 133 168
123 132 40
123 132 168
123 131 40
123 131 168
122 131 40
122 130 40
121 129 40
120 129 40
120 128 40
119 128 40
119 127 40
118 127 40
118 126 40
118 125 40
117 125 40
117 124 40
117 123 40
117 122 40
116 122 40
185 122 40
184 122 40
183 122 40
182 122 40
181 122 40
180 122 40
180 122 168
179 122 40
179 122 168
178 122 40
178 122 168
177 122 40
177 122 168
176 122 40
176 122 168
175 122 40
175 122 168
174 122 40
174 122 168
173 122 40
173 122 168
172 122 40
171 122 40
170 122 40
169 122 40
168 122 40
167 122 40
166 122 40
165 122 40
164 122 40
163 122 40
162 122 40
161 122 40
160 122 40
159 122 40
158 122 40
157 122 40
156 122 40
155 122 40
155 122 168
154 122 40
154 122 168
153 122 40
153 122 168
152 122 40
152 122 168
151 122 40
151 122 168
150 122 40
150 122 168
150 122 296
149 122 40
149 122 168
149 122 296
148 122 40
148 122 168
148 122 296
147 122 40
147 122 168
147 122 296
147 122 424
146 122 40
146 122 168
146 122 296
146 122 424
145 122 40
145 122 168
145 122 296
145 122 424
145 122 552
144 122 40
144 122 168
144 122 296
144 122 424
144 122 552
143 122 40
143 122 168
143 122 296
143 122 424
143 122 552
143 122 680
142 122 40
142 122 168
142 122 296
142 122 424
142 122 552
142 122 680
141 122 40
141 122 168
141 122 296
141 122 424
141 122 552
141 122 680
140 122 40
140 122 168
140 122 296
140 122 424
140 122 552
140 122 680
139 122 40
139 122 168
139 122 296
139 122 424
139 122 552
139 122 680
138 122 40
138 122 168
138 122 296
138 122 424
138 122 552
138 122 680
137 122 40
137 122 168
137 122 296
137 122 424
137 122 552
137 122 680
136 122 40
136 122 168
136 122 296
136 122 424
136 122 552
135 122 40
135 122 168
135 122 296
135 122 424
135 122 552
134 122 40
134 122 168
134 122 296
134 122 424
134 122 552
133 122 40
133 122 168
133 122 296
133 122 424
132 122 40
132 122 168
132 122 296
132 122 424
131 122 40
131 122 168
131 122 296
131 122 424
130 122 40
130 122 168
130 122 296
129 122 40
129 122 168
129 122 296
128 122 40
128 122 168
128 122 296
127 122 40
127 122 168
126 122 40
126 122 168
125 122 40
125 122 168
124 122 40
124 122 168
123 122 40
122 122 40
121 122 40
120 122 40
119 122 40
118 122 40
191 72 40
191 72 168
191 73 40
191 73 168
191 74 40
191 74 168
191 74 296
191 75 40
191 75 168
191 75 296
191 76 40
191 76 168
191 76 296
191 77 40
191 77 168
191 77 296
191 78 40
191 78 168
191 78 296
191 79 40
191 79 168
191 79 296
191 80 40
191 80 168
191 80 296
191 81 40
191 81 168
191 81 296
191 82 40
191 82 168
191 82 296
191 83 40
191 83 168
191 83 296
191 84 40
191 84 168
191 85 40
191 85 168
191 86 40
191 86 168
191 87 40
191 87 168
191 88 40
191 88 168
191 89 40
191 89 168
191 90 40
191 90 168
190 90 40
190 90 168
190 91 40
190 91 168
189 91 40
189 91 168
189 92 40
189 92 168
189 93 40
189 93 168
189 94 40
189 94 168
189 94 296
189 95 40
189 95 168
189 95 296
189 96 40
189 96 168
189 96 296
189 97 40
189 97 168
189 97 296
189 98 40
189 98 168
189 98 296
189 98 424
189 99 40
189 99 168
189 99 296
189 99 424
189 100 40
189 100 168
189 100 296
189 100 424
189 101 40
189 101 168
189 101 296
189 101 424
189 102 40
189 102 168
189 102 296
189 102 424
189 103 40
189 103 168
189 103 296
189 103 424
189 104 40
189 104 168
189 104 296
189 105 40
189 105 168
189 105 296
189 106 40
189 106 168
189 106 296
189 107 40
189 107 168
189 107 296
189 108 40
189 108 168
189 108 296
189 109 40
189 109 168
189 110 40
189 110 168
189 111 40
189 111 168
189 112 40
189 112 168
189 113 40
189 113 168
189 114 40
189 114 168
189 115 40
189 115 168
189 116 40
189 117 40
189 118 40
189 119 40
189 120 40
189 121 40
188 121 40
187 121 40
186 121 40
185 0 40
185 0 168
184 0 40
184 0 168
183 0 40
183 0 168
183 0 296
182 0 40
182 0 168
182 0 296
181 0 40
181 0 168
181 0 296
180 0 40
180 0 168
180 0 296
179 0 40
179 0 168
179 0 296
179 0 424
178 0 40
178 0 168
178 0 296
178 0 424
177 0 40
177 0 168
177 0 296
177 0 424
176 0 40
176 0 168
176 0 296
175 0 40
175 0 168
175 0 296
175 0 424
174 0 40
174 0 168
174 0 296
174 0 424
173 0 40
173 0 168
173 0 296
173 0 424
172 0 40
172 0 168
172 0 296
172 0 424
171 0 40
171 0 168
171 0 296
171 0 424
170 0 40
170 0 168
170 0 296
170 0 424
169 0 40
169 0 168
169 0 296
169 0 424
168 0 40
168 0 168
168 0 296
168 0 424
168 1 40
168 1 168
168 1 296
168 2 40
168 2 168
168 2 296
168 3 40
168 3 168
168 3 296
168 4 40
168 4 168
168 4 296
168 5 40
168 5 168
168 5 296
168 6 40
168 6 168
168 6 296
168 7 40
168 7 168
168 7 296
168 8 40
168 8 168
168 8 296
168 9 40
168 9 168
168 9 296
168 10 40
168 10 168
168 10 296
168 11 40
168 11 168
168 11 296
167 11 40
167 11 168
167 11 296
167 12 40
167 12 168
167 12 296
166 12 40
166 12 168
166 12 296
166 13 40
166 13 168
166 13 296
165 13 40
165 13 168
165 13 296
165 14 40
165 14 168
165 14 296
164 14 40
164 14 168
164 14 296
164 15 40
164 15 168
164 15 296
164 15 424
163 15 40
163 15 168
163 15 296
163 15 424
163 16 40
163 16 168
163 16 296
163 16 424
162 16 40
162 16 168
162 16 296
162 16 424
162 17 40
162 17 168
162 17 296
162 17 424
162 17 552
161 17 40
161 17 168
161 17 296
161 17 424
161 17 552
161 18 40
161 18 168
161 18 296
161 18 424
161 18 552
160 18 40
160 18 168
160 18 296
160 18 424
160 18 552
159 18 40
159 18 168
159 18 296
159 18 424
159 18 552
158 18 40
158 18 168
158 18 296
158 18 424
158 18 552
157 18 40
157 18 168
157 18 296
157 18 424
157 18 552
156 18 40
156 18 168
156 18 296
156 18 424
156 18 552
155 18 40
155 18 168
155 18 296
155 18 424
155 18 552
154 18 40
154 18 168
154 18 296
154 18 424
154 18 552
153 18 40
153 18 168
153 18 296
153 18 424
152 18 40
152 18 168
152 18 296
152 18 424
151 18 40
151 18 168
151 18 296
151 18 424
150 18 40
150 18 168
150 18 296
149 18 40
149 18 168
149 18 296
148 18 40
148 18 168
147 18 40
147 18 168
146 18 40
146 18 168
145 18 40
145 18 168
144 18 40
144 18 168
143 18 40
143 18 168
