0 0 100
0 20 100
0 40 100
0 60 100
0 80 100
0 100 100
0 120 100
0 140 100
0 160 100
0 180 100
0 199 100
11 10 100
11 30 100
11 50 100
11 70 100
11 90 100
11 110 100
11 130 100
11 150 100
11 170 100
11 190 100
22 0 100
22 20 100
22 40 100
22 60 100
22 80 100
22 100 100
22 120 100
22 140 100
22 160 100
22 180 100
22 199 100
33 10 100
33 30 100
33 50 100
33 70 100
33 90 100
33 110 100
33 130 100
33 150 100
33 170 100
33 190 100
44 0 100
44 20 100
44 40 100
44 60 100
44 80 100
44 100 100
44 120 100
44 140 100
44 160 100
44 180 100
44 199 100
55 10 100
55 30 100
55 50 100
55 70 100
55 90 100
55 110 100
55 130 100
55 150 100
55 170 100
55 190 100
66 0 100
66 20 100
66 40 100
66 60 100
66 80 100
66 100 100
66 120 100
66 140 100
66 160 100
66 180 100
66 199 100
77 10 100
77 30 100
77 50 100
77 70 100
77 90 100
77 110 100
77 130 100
77 150 100
77 170 100
77 190 100
88 0 100
88 20 100
88 40 100
88 60 100
88 80 100
88 100 100
88 120 100
88 140 100
88 160 100
88 180 100
88 199 100
99 10 100
99 30 100
99 50 100
99 70 100
99 90 100
99 110 100
99 130 100
99 150 100
99 170 100
99 190 100
110 0 100
110 20 100
110 40 100
110 60 100
110 80 100
110 100 100
110 120 100
110 140 100
110 160 100
110 180 100
110 199 100
121 10 100
121 30 100
121 50 100
121 70 100
121 90 100
121 110 100
121 130 100
121 150 100
121 170 100
121 190 100
132 0 100
132 20 100
132 40 100
132 60 100
132 80 100
132 100 100
132 120 100
132 140 100
132 160 100
132 180 100
132 199 100
143 10 100
143 30 100
143 50 100
143 70 100
143 90 100
143 110 100
143 130 100
143 150 100
143 170 100
143 190 100
154 0 100
154 20 100
154 40 100
154 60 100
154 80 100
154 100 100
154 120 100
154 140 100
154 160 100
154 180 100
154 199 100
165 10 100
165 30 100
165 50 100
165 70 100
165 90 100
165 110 100
165 130 100
165 150 100
165 170 100
165 190 100
176 0 100
176 20 100
176 40 100
176 60 100
176 80 100
176 100 100
176 120 100
176 140 100
176 160 100
176 180 100
176 199 100
187 10 100
187 30 100
187 50 100
187 70 100
187 90 100
187 110 100
187 130 100
187 150 100
187 170 100
187 190 100
198 0 100
198 20 100
198 40 100
198 60 100
198 80 100
198 100 100
198 120 100
198 140 100
198 160 100
198 180 100
198 199 100
0 0 100
0 80 100
0 140 100
0 160 100
0 180 100
0 199 100
11 130 100
11 150 100
11 170 100
11 190 100
22 0 100
22 120 100
22 140 100
22 160 100
22 180 100
22 199 100
33 10 100
33 110 100
33 130 100
33 150 100
33 170 100
33 190 100
44 0 100
44 20 100
44 40 100
44 100 100
44 120 100
44 140 100
44 160 100
44 180 100
44 199 100
55 10 100
55 30 100
55 50 100
55 90 100
55 110 100
55 130 100
55 150 100
55 170 100
55 190 100
66 0 100
66 20 100
66 40 100
66 60 100
66 80 100
66 100 100
66 120 100
66 140 100
66 160 100
66 180 100
66 199 100
77 10 100
77 30 100
77 50 100
77 70 100
77 90 100
77 110 100
77 130 100
77 190 100
88 0 100
88 20 100
88 40 100
88 60 100
88 80 100
88 100 100
88 120 100
88 199 100
99 10 100
99 30 100
99 50 100
99 70 100
99 190 100
110 0 100
110 20 100
110 40 100
110 60 100
110 180 100
110 199 100
121 10 100
121 30 100
121 50 100
121 70 100
121 170 100
121 190 100
132 20 100
132 40 100
132 140 100
132 160 100
132 180 100
132 199 100
143 10 100
143 30 100
143 50 100
143 70 100
143 150 100
143 170 100
143 190 100
154 0 100
154 20 100
154 40 100
154 60 100
154 120 100
154 140 100
154 160 100
154 180 100
154 199 100
165 10 100
165 30 100
165 50 100
165 70 100
165 90 100
165 110 100
165 130 100
165 150 100
165 170 100
165 190 100
176 0 100
176 20 100
176 40 100
176 60 100
176 80 100
176 100 100
176 120 100
176 140 100
176 160 100
176 180 100
176 199 100
187 10 100
187 30 100
187 50 100
187 70 100
187 90 100
187 110 100
187 130 100
187 150 100
187 170 100
187 190 100
198 0 100
198 20 100
198 40 100
198 60 100
198 80 100
198 100 100
198 120 100
198 140 100
198 160 100
198 180 100
153 113 40
116 131 40
196 87 40
196 87 168
196 87 296
196 87 424
196 87 552
139 4 40
139 4 168
16 33 40
98 99 40
133 87 40
16 81 40
18 129 40
18 129 168
18 129 296
133 88 40
133 89 40
133 90 40
133 91 40
133 92 40
133 93 40
133 94 40
133 95 40
134 95 40
135 95 40
136 95 40
137 95 40
138 95 40
138 96 40
138 97 40
138 98 40
138 99 40
139 99 40
140 99 40
141 99 40
142 99 40
143 99 40
144 99 40
145 99 40
145 100 40
146 100 40
146 101 40
146 102 40
147 102 40
148 102 40
148 103 40
148 104 40
149 104 40
149 105 40
150 105 40
151 105 40
152 105 40
153 105 40
153 106 40
153 107 40
153 108 40
153 109 40
153 110 40
153 111 40
153 112 40
99 99 40
100 99 40
101 99 40
102 99 40
103 99 40
104 99 40
105 99 40
106 99 40
107 99 40
108 99 40
109 99 40
110 99 40
111 99 40
112 99 40
113 99 40
114 99 40
115 99 40
116 99 40
117 99 40
118 99 40
119 99 40
120 99 40
121 99 40
122 99 40
123 99 40
124 99 40
125 99 40
125 98 40
125 97 40
126 97 40
126 96 40
127 96 40
128 96 40
129 96 40
130 96 40
131 96 40
131 95 40
132 95 40
116 130 40
116 129 40
116 128 40
116 127 40
116 126 40
116 125 40
116 124 40
116 123 40
116 122 40
116 121 40
116 120 40
116 119 40
116 118 40
116 117 40
116 116 40
116 115 40
116 114 40
116 113 40
116 112 40
116 111 40
116 110 40
116 109 40
116 108 40
116 107 40
116 106 40
116 105 40
116 104 40
116 103 40
116 102 40
116 101 40
116 100 40
17 81 40
18 81 40
19 81 40
20 81 40
21 81 40
22 81 40
23 81 40
24 81 40
25 81 40
26 81 40
27 81 40
28 81 40
29 81 40
30 81 40
31 81 40
32 81 40
33 81 40
34 81 40
35 81 40
36 81 40
36 80 40
36 79 40
36 78 40
37 78 40
38 78 40
39 78 40
40 78 40
41 78 40
41 77 40
42 77 40
43 77 40
43 76 40
44 76 40
45 76 40
46 76 40
47 76 40
47 76 168
48 76 40
48 76 168
49 76 40
49 76 168
50 76 40
50 76 168
51 76 40
51 76 168
52 76 40
52 76 168
53 76 40
53 76 168
54 76 40
54 76 168
55 76 40
55 76 168
56 76 40
56 76 168
57 76 40
57 76 168
58 76 40
58 76 168
59 76 40
59 76 168
60 76 40
60 76 168
61 76 40
61 76 168
61 77 40
61 77 168
62 77 40
62 77 168
63 77 40
63 77 168
63 78 40
63 78 168
64 78 40
64 78 168
64 79 40
64 79 168
65 79 40
65 79 168
65 80 40
65 80 168
66 81 40
66 81 168
67 81 40
67 81 168
67 82 40
67 82 168
68 82 40
68 82 168
68 82 296
69 82 40
69 82 168
69 82 296
70 82 40
70 82 168
70 82 296
71 82 40
71 82 168
71 82 296
72 82 40
72 82 168
72 82 296
73 82 40
73 82 168
73 82 296
73 82 424
74 82 40
74 82 168
74 82 296
74 82 424
75 82 40
75 82 168
75 82 296
75 82 424
76 82 40
76 82 168
76 82 296
77 82 40
77 82 168
77 82 296
78 82 40
78 82 168
78 82 296
79 82 40
79 82 168
79 82 296
80 82 40
80 82 168
80 82 296
81 82 40
81 82 168
81 82 296
82 82 40
82 82 168
83 82 40
83 82 168
84 82 40
84 82 168
85 82 40
85 82 168
86 82 40
86 82 168
87 82 40
87 82 168
88 82 40
88 82 168
89 82 40
89 82 168
90 82 40
90 82 168
90 83 40
90 83 168
91 83 40
91 83 168
91 84 40
91 84 168
92 84 40
92 84 168
92 85 40
92 85 168
93 85 40
93 85 168
93 86 40
93 86 168
94 86 40
94 86 168
94 87 40
94 87 168
95 87 40
95 87 168
95 88 40
95 88 168
96 88 40
96 88 168
96 89 40
96 89 168
97 89 40
97 89 168
97 90 40
97 90 168
98 90 40
98 90 168
98 91 40
98 91 168
98 92 40
98 92 168
98 93 40
98 93 168
98 94 40
98 94 168
98 95 40
98 95 168
98 96 40
98 96 168
98 97 40
98 97 168
98 98 40
16 34 40
16 35 40
16 36 40
16 37 40
16 38 40
16 39 40
16 40 40
16 41 40
16 42 40
16 43 40
16 44 40
16 45 40
16 46 40
16 47 40
16 48 40
16 49 40
16 50 40
16 51 40
16 52 40
16 53 40
16 54 40
16 55 40
16 56 40
16 57 40
16 58 40
16 59 40
16 60 40
16 61 40
16 62 40
17 62 40
17 63 40
18 63 40
19 63 40
19 64 40
19 65 40
19 66 40
19 67 40
19 68 40
19 69 40
19 70 40
19 71 40
19 72 40
19 73 40
19 74 40
19 75 40
19 76 40
19 77 40
19 78 40
19 79 40
19 80 40
18 128 40
18 128 168
18 128 296
18 127 40
18 127 168
18 127 296
18 126 40
18 126 168
18 126 296
18 125 40
18 125 168
18 124 40
18 124 168
18 123 40
18 123 168
18 122 40
18 122 168
18 121 40
18 121 168
18 120 40
18 120 168
18 119 40
18 119 168
18 118 40
18 118 168
18 117 40
18 117 168
18 116 40
18 116 168
18 115 40
18 115 168
18 114 40
18 114 168
18 113 40
18 113 168
18 112 40
18 112 168
18 111 40
18 111 168
18 110 40
18 110 168
18 109 40
18 109 168
18 108 40
18 108 168
18 107 40
18 107 168
18 106 40
18 106 168
18 105 40
18 105 168
18 104 40
18 104 168
18 103 40
18 103 168
18 102 40
18 102 168
18 101 40
18 101 168
18 100 40
18 100 168
18 99 40
18 99 168
18 98 40
18 98 168
18 97 40
18 97 168
18 96 40
18 96 168
18 95 40
18 95 168
18 94 40
18 94 168
18 93 40
18 93 168
18 92 40
18 91 40
18 90 40
18 89 40
18 88 40
18 87 40
18 86 40
18 85 40
18 84 40
18 83 40
18 82 40
195 87 40
195 87 168
195 87 296
195 87 424
195 87 552
194 87 40
194 87 168
194 87 296
194 87 424
194 87 552
193 87 40
193 87 168
193 87 296
193 87 424
193 87 552
192 87 40
192 87 168
192 87 296
192 87 424
192 87 552
191 87 40
191 87 168
191 87 296
191 87 424
191 87 552
190 87 40
190 87 168
190 87 296
190 87 424
190 87 552
189 87 40
189 87 168
189 87 296
189 87 424
189 87 552
188 87 40
188 87 168
188 87 296
188 87 424
188 87 552
187 87 40
187 87 168
187 87 296
187 87 424
187 87 552
187 87 680
186 87 40
186 87 168
186 87 296
186 87 424
186 87 552
186 87 680
185 87 40
185 87 168
185 87 296
185 87 424
185 87 552
184 87 40
184 87 168
184 87 296
184 87 424
184 87 552
183 87 40
183 87 168
183 87 296
183 87 424
183 87 552
182 87 40
182 87 168
182 87 296
182 87 424
182 87 552
181 87 40
181 87 168
181 87 296
181 87 424
181 87 552
180 87 40
180 87 168
180 87 296
180 87 424
179 87 40
179 87 168
179 87 296
179 87 424
178 87 40
178 87 168
178 87 296
178 87 424
177 87 40
177 87 168
177 87 296
176 87 40
176 87 168
176 87 296
175 87 40
175 87 168
175 87 296
174 87 40
174 87 168
174 87 296
173 87 40
173 87 168
173 87 296
172 87 40
172 87 168
172 87 296
171 87 40
171 87 168
171 87 296
170 87 40
170 87 168
170 87 296
169 87 40
169 87 168
169 87 296
168 87 40
168 87 168
168 87 296
167 87 40
167 87 168
167 87 296
166 87 40
166 87 168
166 87 296
165 87 40
165 87 168
164 87 40
164 87 168
163 87 40
163 87 168
162 87 40
162 87 168
161 87 40
161 87 168
160 87 40
160 87 168
159 87 40
159 87 168
158 87 40
158 87 168
157 87 40
157 87 168
156 87 40
156 87 168
155 87 40
155 87 168
154 87 40
154 87 168
154 88 40
154 88 168
153 88 40
153 88 168
153 89 40
153 89 168
153 90 40
153 90 168
153 91 40
153 91 168
153 92 40
153 92 168
153 93 40
153 93 168
153 94 40
153 94 168
153 95 40
153 96 40
153 97 40
153 98 40
153 99 40
153 100 40
153 101 40
153 102 40
153 103 40
153 104 40
138 4 40
138 4 168
138 5 40
138 5 168
138 6 40
138 6 168
138 7 40
138 7 168
138 8 40
138 8 168
138 9 40
138 9 168
138 10 40
138 10 168
138 11 40
138 11 168
138 12 40
138 12 168
138 13 40
138 13 168
138 14 40
138 14 168
138 15 40
138 15 168
138 16 40
138 16 168
138 16 296
138 17 40
138 17 168
138 17 296
138 18 40
138 18 168
138 18 296
138 19 40
138 19 168
138 19 296
138 20 40
138 20 168
138 20 296
138 20 424
138 21 40
138 21 168
138 21 296
138 21 424
138 22 40
138 22 168
138 22 296
138 22 424
138 23 40
138 23 168
138 23 296
138 23 424
138 24 40
138 24 168
138 24 296
138 24 424
138 25 40
138 25 168
138 25 296
138 25 424
138 26 40
138 26 168
138 26 296
138 27 40
138 27 168
138 27 296
138 28 40
138 28 168
138 28 296
138 29 40
138 29 168
138 29 296
138 30 40
138 30 168
138 30 296
138 31 40
138 31 168
138 31 296
138 32 40
138 32 168
138 32 296
138 33 40
138 33 168
138 33 296
138 34 40
138 34 168
138 34 296
138 34 424
138 35 40
138 35 168
138 35 296
138 35 424
138 36 40
138 36 168
138 36 296
138 36 424
138 37 40
138 37 168
138 37 296
138 37 424
138 38 40
138 38 168
138 38 296
138 38 424
138 39 40
138 39 168
138 39 296
138 39 424
138 39 552
138 40 40
138 40 168
138 40 296
138 40 424
138 40 552
138 41 40
138 41 168
138 41 296
138 41 424
138 41 552
138 42 40
138 42 168
138 42 296
138 42 424
138 42 552
138 43 40
138 43 168
138 43 296
138 43 424
138 43 552
138 44 40
138 44 168
138 44 296
138 44 424
138 44 552
138 45 40
138 45 168
138 45 296
138 45 424
138 46 40
138 46 168
138 46 296
138 46 424
138 47 40
138 47 168
138 47 296
138 47 424
138 48 40
138 48 168
138 48 296
138 48 424
138 49 40
138 49 168
138 49 296
138 50 40
138 50 168
138 50 296
138 51 40
138 51 168
138 51 296
138 52 40
138 52 168
138 52 296
138 53 40
138 53 168
138 53 296
138 54 40
138 54 168
138 54 296
138 55 40
138 55 168
138 55 296
138 56 40
138 56 168
138 56 296
138 57 40
138 57 168
138 57 296
138 58 40
138 58 168
138 58 296
137 58 40
137 58 168
137 58 296
137 59 40
137 59 168
137 59 296
136 59 40
136 59 168
136 59 296
136 60 40
136 60 168
136 60 296
135 60 40
135 60 168
135 61 40
135 61 168
134 61 40
134 61 168
134 62 40
134 62 168
133 62 40
133 62 168
133 63 40
133 63 168
132 63 40
132 63 168
132 64 40
132 64 168
131 64 40
131 64 168
131 65 40
131 65 168
130 65 40
130 65 168
130 66 40
130 66 168
130 67 40
130 67 168
129 67 40
129 67 168
129 68 40
129 69 40
129 70 40
129 71 40
129 72 40
129 73 40
129 74 40
129 75 40
129 76 40
129 77 40
129 78 40
129 79 40
129 80 40
129 81 40
129 82 40
129 83 40
129 84 40
129 85 40
129 86 40
129 87 40
130 87 40
131 87 40
132 87 40
