0 0 100
0 20 100
0 40 100
0 60 100
0 80 100
0 100 100
0 120 100
0 140 100
0 160 100
0 180 100
0 199 100
11 10 100
11 30 100
11 50 100
11 70 100
11 90 100
11 110 100
11 130 100
11 150 100
11 170 100
11 190 100
22 0 100
22 20 100
22 40 100
22 60 100
22 80 100
22 100 100
22 120 100
22 140 100
22 160 100
22 180 100
22 199 100
33 10 100
33 30 100
33 50 100
33 70 100
33 90 100
33 110 100
33 130 100
33 150 100
33 170 100
33 190 100
44 0 100
44 20 100
44 40 100
44 60 100
44 80 100
44 100 100
44 120 100
44 140 100
44 160 100
44 180 100
44 199 100
55 10 100
55 30 100
55 50 100
55 70 100
55 90 100
55 110 100
55 130 100
55 150 100
55 170 100
55 190 100
66 0 100
66 20 100
66 40 100
66 60 100
66 80 100
66 100 100
66 120 100
66 140 100
66 160 100
66 180 100
66 199 100
77 10 100
77 30 100
77 50 100
77 70 100
77 90 100
77 110 100
77 130 100
77 150 100
77 170 100
77 190 100
88 0 100
88 20 100
88 40 100
88 60 100
88 80 100
88 100 100
88 120 100
88 140 100
88 160 100
88 180 100
88 199 100
99 10 100
99 30 100
99 50 100
99 70 100
99 90 100
99 110 100
99 130 100
99 150 100
99 170 100
99 190 100
110 0 100
110 20 100
110 40 100
110 60 100
110 80 100
110 100 100
110 120 100
110 140 100
110 160 100
110 180 100
110 199 100
121 10 100
121 30 100
121 50 100
121 70 100
121 90 100
121 110 100
121 130 100
121 150 100
121 170 100
121 190 100
132 0 100
132 20 100
132 40 100
132 60 100
132 80 100
132 100 100
132 120 100
132 140 100
132 160 100
132 180 100
132 199 100
143 10 100
143 30 100
143 50 100
143 70 100
143 90 100
143 110 100
143 130 100
143 150 100
143 170 100
143 190 100
154 0 100
154 20 100
154 40 100
154 60 100
154 80 100
154 100 100
154 120 100
154 140 100
154 160 100
154 180 100
154 199 100
165 10 100
165 30 100
165 50 100
165 70 100
165 90 100
165 110 100
165 130 100
165 150 100
165 170 100
165 190 100
176 0 100
176 20 100
176 40 100
176 60 100
176 80 100
176 100 100
176 120 100
176 140 100
176 160 100
176 180 100
176 199 100
187 10 100
187 30 100
187 50 100
187 70 100
187 90 100
187 110 100
187 130 100
187 150 100
187 170 100
187 190 100
198 0 100
198 20 100
198 40 100
198 60 100
198 80 100
198 100 100
198 120 100
198 140 100
198 160 100
198 180 100
198 199 100
0 0 100
0 20 100
0 80 100
0 100 100
0 120 100
0 140 100
0 160 100
0 199 100
11 10 100
11 70 100
11 90 100
11 110 100
11 190 100
22 0 100
22 60 100
22 80 100
22 100 100
22 199 100
33 50 100
33 70 100
33 90 100
33 110 100
44 0 100
44 20 100
44 40 100
44 80 100
44 100 100
44 160 100
44 180 100
44 199 100
55 10 100
55 30 100
55 90 100
55 150 100
55 170 100
55 190 100
66 0 100
66 20 100
66 40 100
66 160 100
66 180 100
66 199 100
77 10 100
77 30 100
77 70 100
77 110 100
77 130 100
77 170 100
77 190 100
88 0 100
88 20 100
88 60 100
88 80 100
88 100 100
88 120 100
88 140 100
88 160 100
88 180 100
99 10 100
99 50 100
99 70 100
99 90 100
99 110 100
99 130 100
99 150 100
99 170 100
99 190 100
110 0 100
110 20 100
110 40 100
110 60 100
110 80 100
110 120 100
110 140 100
110 160 100
110 180 100
121 10 100
121 30 100
121 50 100
121 70 100
121 110 100
121 130 100
121 150 100
121 170 100
121 190 100
132 0 100
132 20 100
132 60 100
132 100 100
132 120 100
132 140 100
132 160 100
132 180 100
132 199 100
143 10 100
143 50 100
143 70 100
143 110 100
143 130 100
143 150 100
143 170 100
143 190 100
154 0 100
154 20 100
154 60 100
154 80 100
154 100 100
154 120 100
154 140 100
154 160 100
154 180 100
154 199 100
165 10 100
165 30 100
165 70 100
165 90 100
165 110 100
165 130 100
165 150 100
165 190 100
176 0 100
176 20 100
176 80 100
176 100 100
176 140 100
176 199 100
187 10 100
187 90 100
187 110 100
187 190 100
198 0 100
198 20 100
198 40 100
198 100 100
198 120 100
198 180 100
198 199 100
24 21 40
102 197 40
133 73 40
133 73 48
176 32 40
71 88 40
71 88 48
32 181 40
16 133 40
184 178 40
71 87 40
71 87 48
71 86 40
71 86 48
71 85 40
71 85 48
71 84 40
71 84 48
71 84 56
71 83 40
71 83 48
71 83 56
71 82 40
71 82 48
71 82 56
71 81 40
71 81 48
71 80 40
71 80 48
70 80 40
70 80 48
70 79 40
70 79 48
69 79 40
69 79 48
69 78 40
69 78 48
69 77 40
69 77 48
68 77 40
68 76 40
67 76 40
67 75 40
66 75 40
66 74 40
65 74 40
65 73 40
65 72 40
64 72 40
64 71 40
64 70 40
64 69 40
63 69 40
63 68 40
63 67 40
63 66 40
63 65 40
62 65 40
62 64 40
61 64 40
60 64 40
60 63 40
59 63 40
58 63 40
58 62 40
57 62 40
57 61 40
56 61 40
55 61 40
55 60 40
54 60 40
54 59 40
53 59 40
52 59 40
51 59 40
50 59 40
50 59 48
49 59 40
49 59 48
48 59 40
48 59 48
47 59 40
47 59 48
46 59 40
46 59 48
46 58 40
46 58 48
46 58 56
45 58 40
45 58 48
45 58 56
44 58 40
44 58 48
44 58 56
43 58 40
43 58 48
43 58 56
43 57 40
43 57 48
43 57 56
42 57 40
42 57 48
42 57 56
41 57 40
41 57 48
41 57 56
41 56 40
41 56 48
41 56 56
40 56 40
40 56 48
40 56 56
39 56 40
39 56 48
39 56 56
39 55 40
39 55 48
39 55 56
39 55 64
38 55 40
38 55 48
38 55 56
38 55 64
38 54 40
38 54 48
38 54 56
38 54 64
37 54 40
37 54 48
37 54 56
37 54 64
37 53 40
37 53 48
37 53 56
37 53 64
36 53 40
36 53 48
36 53 56
36 53 64
36 52 40
36 52 48
36 52 56
36 52 64
35 52 40
35 52 48
35 52 56
35 52 64
35 51 40
35 51 48
35 51 56
35 51 64
34 51 40
34 51 48
34 51 56
34 51 64
34 50 40
34 50 48
34 50 56
34 50 64
33 49 40
33 49 48
33 49 56
33 49 64
32 49 40
32 49 48
32 49 56
32 49 64
32 48 40
32 48 48
32 48 56
32 48 64
31 48 40
31 48 48
31 48 56
31 48 64
31 47 40
31 47 48
31 47 56
31 47 64
30 47 40
30 47 48
30 47 56
30 47 64
30 46 40
30 46 48
30 46 56
30 46 64
29 46 40
29 46 48
29 46 56
29 46 64
29 45 40
29 45 48
29 45 56
29 45 64
28 45 40
28 45 48
28 45 56
28 44 40
28 44 48
28 44 56
28 43 40
28 43 48
28 43 56
27 43 40
27 43 48
27 43 56
27 42 40
27 42 48
27 42 56
26 42 40
26 42 48
26 41 40
26 41 48
26 40 40
26 40 48
25 40 40
25 40 48
25 39 40
25 39 48
24 39 40
24 38 40
24 37 40
24 36 40
24 35 40
24 34 40
24 33 40
24 32 40
24 31 40
24 30 40
24 29 40
24 28 40
24 27 40
24 26 40
24 25 40
24 24 40
24 23 40
24 22 40
17 133 40
18 133 40
19 133 40
20 133 40
21 133 40
22 133 40
23 133 40
24 133 40
25 133 40
26 133 40
27 133 40
28 133 40
29 133 40
30 133 40
31 133 40
32 133 40
33 133 40
34 133 40
35 133 40
36 133 40
37 133 40
38 133 40
39 133 40
40 133 40
41 133 40
42 133 40
43 133 40
44 133 40
45 133 40
46 133 40
47 133 40
47 132 40
47 131 40
48 131 40
48 130 40
48 129 40
49 129 40
50 129 40
51 129 40
52 129 40
53 129 40
53 128 40
53 127 40
54 127 40
54 126 40
54 125 40
55 125 40
56 125 40
56 124 40
56 123 40
56 122 40
57 122 40
57 121 40
58 121 40
58 120 40
59 120 40
59 119 40
59 118 40
59 117 40
60 117 40
60 116 40
60 115 40
61 115 40
61 114 40
61 113 40
62 113 40
62 112 40
62 111 40
63 111 40
63 110 40
64 110 40
64 109 40
65 109 40
65 108 40
66 108 40
66 107 40
67 107 40
67 106 40
67 105 40
68 105 40
68 104 40
69 104 40
69 103 40
70 103 40
70 102 40
71 102 40
71 101 40
72 101 40
72 100 40
73 100 40
73 99 40
73 98 40
73 97 40
73 96 40
73 95 40
73 94 40
73 93 40
73 92 40
73 91 40
73 90 40
73 89 40
73 89 48
73 88 40
73 88 48
72 88 40
72 88 48
31 181 40
31 180 40
31 179 40
30 179 40
30 178 40
30 177 40
29 177 40
29 176 40
28 176 40
28 175 40
28 174 40
28 173 40
28 172 40
28 171 40
28 170 40
28 169 40
28 168 40
28 167 40
28 166 40
28 165 40
28 164 40
28 163 40
28 162 40
28 161 40
28 160 40
28 159 40
28 158 40
28 157 40
28 156 40
28 155 40
28 154 40
28 153 40
28 152 40
28 151 40
28 150 40
28 149 40
28 148 40
28 147 40
28 146 40
28 145 40
28 144 40
28 143 40
28 142 40
28 141 40
28 140 40
28 139 40
28 138 40
28 137 40
28 136 40
28 135 40
28 134 40
133 74 40
133 74 48
133 75 40
133 75 48
133 76 40
133 76 48
133 77 40
133 77 48
133 78 40
133 78 48
133 79 40
133 80 40
133 81 40
133 82 40
133 83 40
133 84 40
133 85 40
133 86 40
133 87 40
132 87 40
132 88 40
131 88 40
130 88 40
130 89 40
129 89 40
129 90 40
128 90 40
128 91 40
127 91 40
126 91 40
126 92 40
125 92 40
125 93 40
124 93 40
123 93 40
123 94 40
122 94 40
121 94 40
121 95 40
120 95 40
120 96 40
119 96 40
118 96 40
118 97 40
117 97 40
117 98 40
116 98 40
115 98 40
115 99 40
114 99 40
114 100 40
113 100 40
113 101 40
112 101 40
112 102 40
111 102 40
110 102 40
109 102 40
108 102 40
107 102 40
107 102 48
106 102 40
106 102 48
105 102 40
105 102 48
104 102 40
104 102 48
103 102 40
103 102 48
103 102 56
102 102 40
102 102 48
102 102 56
102 102 64
101 102 40
101 102 48
101 102 56
101 102 64
101 102 72
100 102 40
100 102 48
100 102 56
100 102 64
100 102 72
99 102 40
99 102 48
99 102 56
99 102 64
99 102 72
99 102 80
98 102 40
98 102 48
98 102 56
98 102 64
98 102 72
98 102 80
98 102 88
97 102 40
97 102 48
97 102 56
97 102 64
97 102 72
97 102 80
97 102 88
97 102 96
96 102 40
96 102 48
96 102 56
96 102 64
96 102 72
96 102 80
96 102 88
96 102 96
95 102 40
95 102 48
95 102 56
95 102 64
95 102 72
95 102 80
95 102 88
95 102 96
94 102 40
94 102 48
94 102 56
94 102 64
94 102 72
94 102 80
94 102 88
94 102 96
93 102 40
93 102 48
93 102 56
93 102 64
93 102 72
93 102 80
93 102 88
92 102 40
92 102 48
92 102 56
92 102 64
92 102 72
92 102 80
91 102 40
91 102 48
91 102 56
91 102 64
91 102 72
90 102 40
90 102 48
90 102 56
90 102 64
89 102 40
89 102 48
89 102 56
88 102 40
88 102 48
88 102 56
87 102 40
87 102 48
86 102 40
86 102 48
85 102 40
85 102 48
84 102 40
84 102 48
83 102 40
83 102 48
82 102 40
81 102 40
81 101 40
80 101 40
80 100 40
79 100 40
78 100 40
77 100 40
76 100 40
75 100 40
74 100 40
176 33 40
176 34 40
176 35 40
176 36 40
176 37 40
176 38 40
176 39 40
176 41 40
176 42 40
176 43 40
176 44 40
176 45 40
176 46 40
176 47 40
176 48 40
175 48 40
174 48 40
173 48 40
172 48 40
171 48 40
170 48 40
169 48 40
168 48 40
167 48 40
166 48 40
166 48 48
165 48 40
165 48 48
164 48 40
164 48 48
163 48 40
163 48 48
162 48 40
162 48 48
161 48 40
161 48 48
160 48 40
160 48 48
159 48 40
159 48 48
158 48 40
158 48 48
157 48 40
157 48 48
156 48 40
156 48 48
155 48 40
155 48 48
154 48 40
154 48 48
153 48 40
153 48 48
153 49 40
153 49 48
153 49 56
153 50 40
153 50 48
153 50 56
153 51 40
153 51 48
153 51 56
153 52 40
153 52 48
153 52 56
153 53 40
153 53 48
153 53 56
153 54 40
153 54 48
153 54 56
153 55 40
153 55 48
153 55 56
153 56 40
153 56 48
153 56 56
153 57 40
153 57 48
153 57 56
153 58 40
153 58 48
153 58 56
153 58 64
153 59 40
153 59 48
153 59 56
153 59 64
153 60 40
153 60 48
153 60 56
153 60 64
153 61 40
153 61 48
153 61 56
153 61 64
153 61 72
153 62 40
153 62 48
153 62 56
153 62 64
153 62 72
152 62 40
152 62 48
152 62 56
152 62 64
152 62 72
152 62 80
152 63 40
152 63 48
152 63 56
152 63 64
152 63 72
152 63 80
152 63 88
152 64 40
152 64 48
152 64 56
152 64 64
152 64 72
152 64 80
152 64 88
151 64 40
151 64 48
151 64 56
151 64 64
151 64 72
151 64 80
151 64 88
151 64 96
151 65 40
151 65 48
151 65 56
151 65 64
151 65 72
151 65 80
151 65 88
151 65 96
150 65 40
150 65 48
150 65 56
150 65 64
150 65 72
150 65 80
150 65 88
150 65 96
150 65 104
150 66 40
150 66 48
150 66 56
150 66 64
150 66 72
150 66 80
150 66 88
150 66 96
150 66 104
150 67 40
150 67 48
150 67 56
150 67 64
150 67 72
150 67 80
150 67 88
150 67 96
150 67 104
149 67 40
149 67 48
149 67 56
149 67 64
149 67 72
149 67 80
149 67 88
149 67 96
149 67 104
149 68 40
149 68 48
149 68 56
149 68 64
149 68 72
149 68 80
149 68 88
149 68 96
149 68 104
148 68 40
148 68 48
148 68 56
148 68 64
148 68 72
148 68 80
148 68 88
148 68 96
148 69 40
148 69 48
148 69 56
148 69 64
148 69 72
148 69 80
148 69 88
148 69 96
147 69 40
147 69 48
147 69 56
147 69 64
147 69 72
147 69 80
147 69 88
147 70 40
147 70 48
147 70 56
147 70 64
147 70 72
147 70 80
147 70 88
146 70 40
146 70 48
146 70 56
146 70 64
146 70 72
146 70 80
146 71 40
146 71 48
146 71 56
146 71 64
146 71 72
145 71 40
145 71 48
145 71 56
145 71 64
145 72 40
145 72 48
145 72 56
145 72 64
144 72 40
144 72 48
144 72 56
144 73 40
144 73 48
144 73 56
143 73 40
143 73 48
143 74 40
143 74 48
142 74 40
142 74 48
142 75 40
142 75 48
141 75 40
141 75 48
141 76 40
141 76 48
141 77 40
141 77 48
140 77 40
140 77 48
140 78 40
139 78 40
139 79 40
138 79 40
138 80 40
137 80 40
136 80 40
135 80 40
134 80 40
183 178 40
182 178 40
181 178 40
180 178 40
179 178 40
178 178 40
177 178 40
176 178 40
175 178 40
174 178 40
173 178 40
172 178 40
171 178 40
170 178 40
169 178 40
168 178 40
167 178 40
166 178 40
165 178 40
165 179 40
164 179 40
164 180 40
163 180 40
163 181 40
162 181 40
162 182 40
161 182 40
160 182 40
160 183 40
159 183 40
158 183 40
158 184 40
157 184 40
156 184 40
156 184 48
156 185 40
155 185 40
155 185 48
154 185 40
154 185 48
154 186 40
154 186 48
153 186 40
153 186 48
153 186 56
153 187 40
153 187 48
152 187 40
152 187 48
152 187 56
151 187 40
151 187 48
151 187 56
151 187 64
150 187 40
150 187 48
150 187 56
150 187 64
149 187 40
149 187 48
149 187 56
149 187 64
149 187 72
148 187 40
148 187 48
148 187 56
148 187 64
148 187 72
148 187 80
147 187 40
147 187 48
147 187 56
147 187 64
147 187 72
147 187 80
147 187 88
146 187 40
146 187 48
146 187 56
146 187 64
146 187 72
146 187 80
146 187 88
146 187 96
145 187 40
145 187 48
145 187 56
145 187 64
145 187 72
145 187 80
145 187 88
145 187 96
145 187 104
145 187 112
144 187 40
144 187 48
144 187 56
144 187 64
144 187 72
144 187 80
144 187 88
144 187 96
144 187 104
144 187 112
144 187 120
143 187 40
143 187 48
143 187 56
143 187 64
143 187 72
143 187 80
143 187 88
143 187 96
143 187 104
143 187 112
143 187 120
143 187 128
142 187 40
142 187 48
142 187 56
142 187 64
142 187 72
142 187 80
142 187 88
142 187 96
142 187 104
142 187 112
142 187 120
142 187 128
142 187 136
142 187 144
141 187 40
141 187 48
141 187 56
141 187 64
141 187 72
141 187 80
141 187 88
141 187 96
141 187 104
141 187 112
141 187 120
141 187 128
141 187 136
141 187 144
141 187 152
140 187 40
140 187 48
140 187 56
140 187 64
140 187 72
140 187 80
140 187 88
140 187 96
140 187 104
140 187 112
140 187 120
140 187 128
140 187 136
140 187 144
140 187 152
140 187 160
139 187 40
139 187 48
139 187 56
139 187 64
139 187 72
139 187 80
139 187 88
139 187 96
139 187 104
139 187 112
139 187 120
139 187 128
139 187 136
139 187 144
139 187 152
139 187 160
139 187 168
138 187 40
138 187 48
138 187 56
138 187 64
138 187 72
138 187 80
138 187 88
138 187 96
138 187 104
138 187 112
138 187 120
138 187 128
138 187 136
138 187 144
138 187 152
138 187 160
138 187 168
138 187 176
137 187 40
137 187 48
137 187 56
137 187 64
137 187 72
137 187 80
137 187 88
137 187 96
137 187 104
137 187 112
137 187 120
137 187 128
137 187 136
137 187 144
137 187 152
137 187 160
137 187 168
137 187 176
136 187 40
136 187 48
136 187 56
136 187 64
136 187 72
136 187 80
136 187 88
136 187 96
136 187 104
136 187 112
136 187 120
136 187 128
136 187 136
136 187 144
136 187 152
136 187 160
136 187 168
136 187 176
135 187 40
135 187 48
135 187 56
135 187 64
135 187 72
135 187 80
135 187 88
135 187 96
135 187 104
135 187 112
135 187 120
135 187 128
135 187 136
135 187 144
135 187 152
135 187 160
135 187 168
135 187 176
134 187 40
134 187 48
134 187 56
134 187 64
134 187 72
134 187 80
134 187 88
134 187 96
134 187 104
134 187 112
134 187 120
134 187 128
134 187 136
134 187 144
134 187 152
134 187 160
134 187 168
133 187 40
133 187 48
133 187 56
133 187 64
133 187 72
133 187 80
133 187 88
133 187 96
133 187 104
133 187 112
133 187 120
133 187 128
133 187 136
133 187 144
133 187 152
133 187 160
132 187 40
132 187 48
132 187 56
132 187 64
132 187 72
132 187 80
132 187 88
132 187 96
132 187 104
132 187 112
132 187 120
132 187 128
132 187 136
132 187 144
132 187 152
131 187 40
131 187 48
131 187 56
131 187 64
131 187 72
131 187 80
131 187 88
131 187 96
131 187 104
131 187 112
131 187 120
131 187 128
131 187 136
131 187 144
130 187 40
130 187 48
130 187 56
130 187 64
130 187 72
130 187 80
130 187 88
130 187 96
130 187 104
130 187 112
130 187 120
130 187 128
129 187 40
129 187 48
129 187 56
129 187 64
129 187 72
129 187 80
129 187 88
129 187 96
129 187 104
129 187 112
129 187 120
128 187 40
128 187 48
128 187 56
128 187 64
128 187 72
128 187 80
128 187 88
128 187 96
128 187 104
128 187 112
127 187 40
127 187 48
127 187 56
127 187 64
127 187 72
127 187 80
127 187 88
127 187 96
127 187 104
126 187 40
126 187 48
126 187 56
126 187 64
126 187 72
126 187 80
126 187 88
126 187 96
126 187 104
125 187 40
125 187 48
125 187 56
125 187 64
125 187 72
125 187 80
125 187 88
125 187 96
125 188 40
125 188 48
125 188 56
125 188 64
125 188 72
125 188 80
125 188 88
125 188 96
124 188 40
124 188 48
124 188 56
124 188 64
124 188 72
124 188 80
124 188 88
124 189 40
124 189 48
124 189 56
124 189 64
124 189 72
124 189 80
124 189 88
123 189 40
123 189 48
123 189 56
123 189 64
123 189 72
123 189 80
122 189 40
122 189 48
122 189 56
122 189 64
122 189 72
122 190 40
122 190 48
122 190 56
122 190 64
122 190 72
121 191 40
121 191 48
121 191 56
121 191 64
120 191 40
120 191 48
120 191 56
119 191 40
119 191 48
119 191 56
119 192 40
119 192 48
118 192 40
118 192 48
118 193 40
118 193 48
117 193 40
117 193 48
117 194 40
117 194 48
116 194 40
116 195 40
116 196 40
115 196 40
115 197 40
114 197 40
113 197 40
112 197 40
111 197 40
110 197 40
109 197 40
108 197 40
107 197 40
106 197 40
105 197 40
104 197 40
103 197 40
