0 0 100
0 20 100
0 40 100
0 60 100
0 80 100
0 100 100
0 120 100
0 140 100
0 160 100
0 180 100
0 199 100
11 10 100
11 30 100
11 50 100
11 70 100
11 90 100
11 110 100
11 130 100
11 150 100
11 170 100
11 190 100
22 0 100
22 20 100
22 40 100
22 60 100
22 80 100
22 100 100
22 120 100
22 140 100
22 160 100
22 180 100
22 199 100
33 10 100
33 30 100
33 50 100
33 70 100
33 90 100
33 110 100
33 130 100
33 150 100
33 170 100
33 190 100
44 0 100
44 20 100
44 40 100
44 60 100
44 80 100
44 100 100
44 120 100
44 140 100
44 160 100
44 180 100
44 199 100
55 10 100
55 30 100
55 50 100
55 70 100
55 90 100
55 110 100
55 130 100
55 150 100
55 170 100
55 190 100
66 0 100
66 20 100
66 40 100
66 60 100
66 80 100
66 100 100
66 120 100
66 140 100
66 160 100
66 180 100
66 199 100
77 10 100
77 30 100
77 50 100
77 70 100
77 90 100
77 110 100
77 130 100
77 150 100
77 170 100
77 190 100
88 0 100
88 20 100
88 40 100
88 60 100
88 80 100
88 100 100
88 120 100
88 140 100
88 160 100
88 180 100
88 199 100
99 10 100
99 30 100
99 50 100
99 70 100
99 90 100
99 110 100
99 130 100
99 150 100
99 170 100
99 190 100
110 0 100
110 20 100
110 40 100
110 60 100
110 80 100
110 100 100
110 120 100
110 140 100
110 160 100
110 180 100
110 199 100
121 10 100
121 30 100
121 50 100
121 70 100
121 90 100
121 110 100
121 130 100
121 150 100
121 170 100
121 190 100
132 0 100
132 20 100
132 40 100
132 60 100
132 80 100
132 100 100
132 120 100
132 140 100
132 160 100
132 180 100
132 199 100
143 10 100
143 30 100
143 50 100
143 70 100
143 90 100
143 110 100
143 130 100
143 150 100
143 170 100
143 190 100
154 0 100
154 20 100
154 40 100
154 60 100
154 80 100
154 100 100
154 120 100
154 140 100
154 160 100
154 180 100
154 199 100
165 10 100
165 30 100
165 50 100
165 70 100
165 90 100
165 110 100
165 130 100
165 150 100
165 170 100
165 190 100
176 0 100
176 20 100
176 40 100
176 60 100
176 80 100
176 100 100
176 120 100
176 140 100
176 160 100
176 180 100
176 199 100
187 10 100
187 30 100
187 50 100
187 70 100
187 90 100
187 110 100
187 130 100
187 150 100
187 170 100
187 190 100
198 0 100
198 20 100
198 40 100
198 60 100
198 80 100
198 100 100
198 120 100
198 140 100
198 160 100
198 180 100
198 199 100
0 0 100
0 40 100
0 60 100
0 80 100
0 120 100
0 140 100
0 160 100
0 199 100
11 10 100
11 50 100
11 70 100
11 90 100
11 110 100
11 150 100
11 170 100
11 190 100
22 40 100
22 60 100
22 80 100
22 100 100
22 140 100
22 180 100
22 199 100
33 10 100
33 30 100
33 50 100
33 70 100
33 150 100
33 170 100
44 20 100
44 40 100
44 60 100
44 80 100
44 140 100
44 160 100
44 199 100
55 10 100
55 50 100
55 90 100
55 110 100
55 130 100
55 150 100
55 190 100
66 0 100
66 20 100
66 40 100
66 80 100
66 100 100
66 120 100
66 140 100
66 160 100
77 10 100
77 30 100
77 70 100
77 90 100
77 110 100
77 130 100
77 150 100
77 170 100
77 190 100
88 0 100
88 60 100
88 80 100
88 140 100
88 160 100
88 180 100
88 199 100
99 10 100
99 70 100
99 150 100
99 170 100
99 190 100
110 0 100
110 40 100
110 60 100
110 80 100
110 120 100
110 140 100
110 180 100
110 199 100
121 10 100
121 30 100
121 50 100
121 90 100
121 130 100
121 170 100
132 20 100
132 60 100
132 100 100
132 120 100
132 180 100
132 199 100
143 50 100
143 110 100
143 170 100
143 190 100
154 0 100
154 40 100
154 60 100
154 80 100
154 120 100
154 140 100
154 199 100
165 10 100
165 30 100
165 50 100
165 70 100
165 90 100
165 110 100
165 130 100
165 190 100
176 20 100
176 40 100
176 60 100
176 80 100
176 100 100
176 140 100
176 160 100
176 199 100
187 30 100
187 110 100
187 170 100
187 190 100
198 20 100
198 40 100
198 60 100
198 100 100
198 160 100
198 180 100
192 2 40
192 2 168
62 58 40
19 118 40
19 118 168
19 118 296
198 115 40
198 116 40
198 117 40
198 118 40
198 119 40
198 119 168
198 121 40
198 121 168
198 122 40
198 122 168
198 123 40
198 123 168
198 124 40
198 124 168
198 125 40
198 125 168
197 125 40
197 125 168
197 126 40
197 126 168
196 126 40
196 127 40
195 127 40
195 128 40
195 129 40
195 130 40
195 131 40
195 132 40
195 133 40
195 134 40
195 135 40
195 136 40
195 137 40
195 138 40
195 139 40
195 140 40
195 141 40
195 142 40
195 143 40
195 144 40
195 145 40
195 146 40
195 147 40
194 147 40
194 148 40
194 149 40
193 149 40
193 150 40
192 150 40
192 151 40
192 151 168
192 152 40
192 152 168
191 152 40
191 152 168
190 152 40
190 152 168
189 152 40
189 152 168
188 152 40
188 152 168
187 152 40
187 152 168
186 152 40
186 152 168
185 152 40
185 152 168
184 152 40
184 152 168
183 152 40
183 152 168
182 152 40
182 152 168
182 152 296
181 152 40
181 152 168
181 152 296
180 152 40
180 152 168
180 152 296
179 152 40
179 152 168
179 152 296
178 152 40
178 152 168
178 152 296
177 152 40
177 152 168
177 152 296
176 152 40
176 152 168
176 152 296
175 152 40
175 152 168
175 152 296
174 152 40
174 152 168
173 152 40
173 152 168
172 152 40
172 152 168
171 152 40
171 152 168
170 152 40
170 152 168
169 152 40
168 152 40
167 152 40
166 152 40
165 152 40
164 152 40
163 152 40
162 152 40
161 152 40
160 152 40
159 152 40
158 152 40
157 152 40
156 152 40
155 152 40
154 152 40
153 152 40
152 152 40
151 152 40
150 152 40
149 152 40
148 152 40
147 152 40
146 152 40
145 152 40
145 151 40
145 150 40
145 149 40
145 148 40
145 147 40
145 146 40
145 145 40
145 144 40
145 143 40
145 142 40
145 141 40
145 140 40
145 139 40
145 138 40
145 137 40
145 136 40
145 135 40
145 134 40
145 133 40
145 133 168
145 132 40
145 132 168
145 131 40
145 131 168
145 130 40
145 130 168
145 129 40
145 129 168
145 128 40
145 128 168
145 128 296
145 127 40
145 127 168
145 127 296
145 126 40
145 126 168
145 126 296
145 125 40
145 125 168
145 125 296
145 125 424
145 124 40
145 124 168
145 124 296
145 124 424
145 123 40
145 123 168
145 123 296
145 123 424
145 122 40
145 122 168
145 122 296
145 122 424
145 122 552
145 121 40
145 121 168
145 121 296
145 121 424
145 121 552
145 120 40
145 120 168
145 120 296
145 120 424
145 120 552
145 119 40
145 119 168
145 119 296
145 119 424
145 119 552
145 118 40
145 118 168
145 118 296
145 118 424
145 118 552
145 117 40
145 117 168
145 117 296
145 117 424
145 116 40
145 116 168
145 116 296
145 116 424
145 115 40
145 115 168
145 115 296
145 115 424
145 114 40
145 114 168
145 114 296
145 113 40
145 113 168
145 113 296
145 112 40
145 112 168
145 112 296
145 111 40
145 111 168
145 110 40
145 110 168
145 109 40
145 109 168
145 108 40
145 108 168
145 107 40
145 106 40
145 105 40
145 104 40
145 103 40
145 102 40
145 101 40
145 100 40
145 99 40
145 98 40
145 97 40
145 96 40
144 96 40
144 95 40
143 95 40
143 94 40
142 94 40
142 93 40
141 93 40
141 92 40
141 91 40
140 91 40
140 90 40
140 89 40
140 88 40
139 88 40
139 87 40
139 86 40
139 85 40
139 84 40
138 84 40
138 83 40
138 82 40
138 81 40
138 80 40
137 80 40
137 79 40
136 79 40
135 79 40
134 79 40
134 78 40
133 78 40
132 78 40
131 78 40
131 77 40
130 77 40
129 77 40
128 77 40
128 76 40
127 76 40
126 76 40
125 76 40
124 76 40
123 76 40
122 76 40
121 76 40
120 76 40
119 76 40
118 76 40
117 76 40
117 76 168
116 76 40
116 76 168
115 76 40
115 76 168
114 76 40
114 76 168
113 76 40
113 76 168
112 76 40
112 76 168
112 76 296
111 76 40
111 76 168
111 76 296
110 76 40
110 76 168
110 76 296
109 76 40
109 76 168
109 76 296
109 76 424
108 76 40
108 76 168
108 76 296
108 76 424
108 76 552
107 76 40
107 76 168
107 76 296
107 76 424
107 76 552
107 75 40
107 75 168
107 75 296
107 75 424
107 75 552
107 75 680
107 74 40
107 74 168
107 74 296
107 74 424
107 74 552
107 74 680
107 73 40
107 73 168
107 73 296
107 73 424
107 73 552
107 73 680
107 72 40
107 72 168
107 72 296
107 72 424
107 72 552
107 72 680
107 72 808
107 71 40
107 71 168
107 71 296
107 71 424
107 71 552
107 71 680
107 71 808
107 70 40
107 70 168
107 70 296
107 70 424
107 70 552
107 70 680
107 70 808
107 69 40
107 69 168
107 69 296
107 69 424
107 69 552
107 69 680
107 68 40
107 68 168
107 68 296
107 68 424
107 68 552
107 68 680
107 67 40
107 67 168
107 67 296
107 67 424
107 67 552
107 67 680
107 66 40
107 66 168
107 66 296
107 66 424
107 66 552
107 66 680
107 65 40
107 65 168
107 65 296
107 65 424
107 65 552
107 64 40
107 64 168
107 64 296
107 64 424
107 64 552
107 63 40
107 63 168
107 63 296
107 63 424
107 63 552
107 62 40
107 62 168
107 62 296
107 62 424
107 61 40
107 61 168
107 61 296
107 61 424
107 60 40
107 60 168
107 60 296
107 60 424
107 59 40
107 59 168
107 59 296
107 58 40
107 58 168
107 58 296
106 58 40
106 58 168
106 58 296
106 57 40
106 57 168
106 57 296
106 56 40
106 56 168
106 56 296
105 56 40
105 56 168
105 56 296
105 55 40
105 55 168
104 55 40
104 55 168
104 54 40
104 54 168
103 54 40
103 54 168
103 53 40
103 53 168
102 53 40
102 53 168
102 52 40
102 52 168
101 52 40
101 52 168
101 51 40
101 51 168
100 51 40
100 51 168
100 50 40
100 50 168
99 49 40
99 49 168
98 49 40
98 49 168
98 48 40
98 48 168
97 48 40
97 48 168
97 47 40
97 47 168
96 47 40
96 47 168
96 46 40
96 46 168
95 46 40
95 46 168
94 46 40
94 46 168
93 46 40
92 46 40
91 46 40
90 46 40
89 46 40
88 46 40
87 46 40
86 46 40
85 46 40
85 47 40
84 47 40
84 48 40
83 48 40
83 49 40
82 49 40
81 49 40
81 50 40
80 50 40
80 51 40
79 51 40
79 52 40
78 52 40
78 53 40
77 53 40
77 54 40
76 54 40
76 55 40
75 55 40
75 56 40
74 56 40
74 57 40
73 57 40
73 58 40
73 58 168
72 58 40
71 58 40
70 58 40
69 58 40
68 58 40
67 58 40
66 58 40
65 58 40
64 58 40
63 58 40
