0 0 100
0 20 100
0 40 100
0 60 100
0 80 100
0 100 100
0 120 100
0 140 100
0 160 100
0 180 100
0 199 100
11 10 100
11 30 100
11 50 100
11 70 100
11 90 100
11 110 100
11 130 100
11 150 100
11 170 100
11 190 100
22 0 100
22 20 100
22 40 100
22 60 100
22 80 100
22 100 100
22 120 100
22 140 100
22 160 100
22 180 100
22 199 100
33 10 100
33 30 100
33 50 100
33 70 100
33 90 100
33 110 100
33 130 100
33 150 100
33 170 100
33 190 100
44 0 100
44 20 100
44 40 100
44 60 100
44 80 100
44 100 100
44 120 100
44 140 100
44 160 100
44 180 100
44 199 100
55 10 100
55 30 100
55 50 100
55 70 100
55 90 100
55 110 100
55 130 100
55 150 100
55 170 100
55 190 100
66 0 100
66 20 100
66 40 100
66 60 100
66 80 100
66 100 100
66 120 100
66 140 100
66 160 100
66 180 100
66 199 100
77 10 100
77 30 100
77 50 100
77 70 100
77 90 100
77 110 100
77 130 100
77 150 100
77 170 100
77 190 100
88 0 100
88 20 100
88 40 100
88 60 100
88 80 100
88 100 100
88 120 100
88 140 100
88 160 100
88 180 100
88 199 100
99 10 100
99 30 100
99 50 100
99 70 100
99 90 100
99 110 100
99 130 100
99 150 100
99 170 100
99 190 100
110 0 100
110 20 100
110 40 100
110 60 100
110 80 100
110 100 100
110 120 100
110 140 100
110 160 100
110 180 100
110 199 100
121 10 100
121 30 100
121 50 100
121 70 100
121 90 100
121 110 100
121 130 100
121 150 100
121 170 100
121 190 100
132 0 100
132 20 100
132 40 100
132 60 100
132 80 100
132 100 100
132 120 100
132 140 100
132 160 100
132 180 100
132 199 100
143 10 100
143 30 100
143 50 100
143 70 100
143 90 100
143 110 100
143 130 100
143 150 100
143 170 100
143 190 100
154 0 100
154 20 100
154 40 100
154 60 100
154 80 100
154 100 100
154 120 100
154 140 100
154 160 100
154 180 100
154 199 100
165 10 100
165 30 100
165 50 100
165 70 100
165 90 100
165 110 100
165 130 100
165 150 100
165 170 100
165 190 100
176 0 100
176 20 100
176 40 100
176 60 100
176 80 100
176 100 100
176 120 100
176 140 100
176 160 100
176 180 100
176 199 100
187 10 100
187 30 100
187 50 100
187 70 100
187 90 100
187 110 100
187 130 100
187 150 100
187 170 100
187 190 100
198 0 100
198 20 100
198 40 100
198 60 100
198 80 100
198 100 100
198 120 100
198 140 100
198 160 100
198 180 100
198 199 100
0 60 100
0 80 100
0 160 100
0 180 100
11 10 100
11 70 100
11 90 100
11 110 100
11 170 100
11 190 100
22 20 100
22 120 100
22 180 100
33 30 100
33 170 100
44 20 100
44 100 100
44 160 100
44 180 100
55 30 100
55 50 100
55 70 100
55 90 100
55 110 100
55 130 100
55 170 100
66 20 100
66 40 100
66 60 100
66 80 100
66 120 100
77 30 100
77 70 100
77 110 100
77 170 100
88 0 100
88 80 100
88 100 100
88 160 100
88 180 100
99 90 100
99 110 100
99 170 100
99 190 100
110 40 100
110 100 100
110 120 100
110 140 100
110 180 100
121 30 100
121 50 100
121 110 100
121 150 100
121 170 100
121 190 100
132 0 100
132 40 100
132 60 100
132 140 100
132 160 100
132 180 100
143 10 100
143 50 100
143 90 100
143 130 100
143 150 100
154 0 100
154 20 100
154 100 100
154 120 100
154 140 100
154 180 100
154 199 100
165 10 100
165 30 100
165 90 100
165 110 100
165 130 100
165 150 100
165 170 100
165 190 100
176 20 100
176 40 100
176 80 100
176 100 100
176 120 100
176 160 100
176 180 100
187 30 100
187 50 100
187 170 100
198 0 100
198 20 100
198 40 100
198 60 100
198 160 100
198 180 100
198 199 100
172 2 40
189 199 40
40 2 40
82 41 40
159 66 40
87 135 40
104 199 40
19 35 40
103 66 40
189 130 40
103 65 40
103 64 40
103 63 40
102 63 40
102 62 40
101 62 40
101 61 40
100 61 40
99 61 40
99 60 40
98 60 40
98 59 40
97 59 40
97 58 40
96 58 40
96 57 40
95 57 40
95 56 40
95 55 40
95 54 40
95 53 40
95 52 40
95 51 40
95 50 40
95 49 40
95 48 40
95 47 40
95 46 40
95 45 40
95 44 40
95 43 40
95 42 40
95 41 40
95 40 40
95 39 40
95 38 40
95 37 40
96 37 40
96 36 40
96 35 40
96 34 40
96 33 40
96 32 40
96 31 40
96 30 40
96 29 40
96 28 40
96 27 40
96 26 40
96 25 40
96 24 40
96 23 40
96 22 40
96 21 40
96 20 40
96 19 40
95 19 40
94 19 40
93 19 40
92 19 40
91 19 40
90 19 40
90 18 40
89 18 40
88 18 40
87 18 40
87 17 40
86 17 40
85 17 40
84 17 40
84 16 40
83 16 40
82 16 40
81 16 40
81 15 40
80 15 40
79 15 40
78 15 40
78 15 104
78 14 40
78 14 104
77 14 40
77 14 104
76 14 40
76 14 104
76 13 40
76 13 104
75 13 40
75 13 104
75 12 40
75 12 104
74 12 40
74 11 40
73 11 40
73 10 40
72 10 40
72 9 40
71 9 40
71 8 40
70 8 40
70 7 40
70 7 104
69 7 40
69 7 104
69 6 40
69 6 104
69 5 40
69 5 104
68 5 40
68 4 40
67 4 40
67 3 40
66 3 40
66 2 40
65 2 40
64 2 40
63 2 40
62 2 40
61 2 40
60 2 40
59 2 40
58 2 40
57 2 40
56 2 40
55 2 40
54 2 40
53 2 40
52 2 40
51 2 40
50 2 40
49 2 40
48 2 40
47 2 40
46 2 40
45 2 40
44 2 40
43 2 40
42 2 40
41 2 40
83 41 40
84 41 40
85 41 40
86 41 40
87 41 40
88 41 40
89 41 40
90 41 40
91 41 40
92 41 40
93 41 40
94 41 40
159 67 40
159 68 40
159 69 40
159 70 40
158 70 40
158 71 40
157 71 40
156 71 40
156 72 40
155 72 40
155 73 40
154 73 40
153 73 40
152 73 40
152 74 40
151 74 40
150 74 40
149 74 40
148 74 40
148 75 40
147 75 40
146 75 40
146 76 40
145 76 40
144 76 40
144 77 40
143 77 40
143 78 40
142 78 40
141 78 40
141 79 40
140 79 40
139 79 40
138 79 40
137 79 40
136 79 40
135 79 40
134 79 40
133 79 40
132 79 40
131 79 40
130 79 40
129 79 40
128 79 40
127 79 40
126 79 40
125 79 40
124 79 40
123 79 40
122 79 40
121 79 40
120 79 40
119 79 40
119 78 40
118 78 40
118 77 40
117 77 40
117 76 40
116 76 40
116 75 40
115 75 40
115 74 40
114 74 40
114 73 40
113 73 40
113 72 40
112 72 40
112 71 40
111 71 40
110 71 40
110 70 40
109 70 40
109 69 40
108 69 40
108 68 40
107 68 40
107 67 40
106 67 40
106 66 40
105 66 40
104 66 40
190 130 40
191 130 40
192 130 40
193 130 40
193 129 40
194 129 40
194 128 40
194 127 40
194 126 40
194 125 40
194 124 40
194 123 40
194 122 40
194 121 40
194 120 40
194 119 40
194 118 40
194 117 40
194 116 40
194 115 40
194 114 40
194 113 40
194 112 40
194 111 40
194 110 40
194 109 40
194 108 40
194 107 40
194 106 40
194 105 40
194 104 40
194 103 40
194 102 40
194 101 40
194 100 40
194 99 40
194 98 40
194 97 40
194 96 40
194 95 40
194 94 40
194 93 40
194 92 40
194 91 40
194 90 40
194 89 40
194 88 40
194 87 40
194 86 40
194 85 40
194 84 40
194 83 40
194 82 40
194 81 40
194 81 104
194 80 40
194 80 104
194 79 40
194 79 104
194 79 168
194 78 40
194 78 104
194 78 168
194 77 40
194 77 104
194 77 168
194 77 232
193 77 40
193 77 104
193 77 168
193 76 40
193 76 104
193 76 168
193 76 232
192 76 40
192 76 104
192 76 168
192 75 40
192 75 104
192 75 168
191 75 40
191 75 104
191 75 168
191 74 40
191 74 104
191 74 168
190 74 40
190 74 104
190 74 168
190 73 40
190 73 104
190 73 168
189 73 40
189 73 104
189 72 40
189 72 104
188 72 40
188 72 104
188 71 40
188 71 104
187 71 40
187 71 104
186 70 40
186 70 104
186 69 40
186 69 104
185 69 40
185 69 104
185 68 40
185 68 104
184 68 40
184 68 104
184 67 40
184 67 104
183 67 40
183 67 104
182 67 40
182 67 104
182 66 40
182 66 104
181 66 40
181 66 104
180 66 40
180 66 104
179 66 40
179 66 104
178 66 40
178 66 104
177 66 40
176 66 40
175 66 40
174 66 40
173 66 40
172 66 40
171 66 40
170 66 40
169 66 40
168 66 40
167 66 40
166 66 40
165 66 40
164 66 40
163 66 40
162 66 40
161 66 40
160 66 40
88 135 40
89 135 40
90 135 40
90 136 40
91 136 40
91 137 40
92 137 40
92 138 40
93 138 40
94 138 40
95 138 40
96 138 40
97 138 40
98 138 40
99 138 40
99 138 104
100 138 40
100 138 104
101 138 40
101 138 104
102 138 40
102 138 104
103 138 40
103 138 104
103 138 168
104 138 40
104 138 104
104 138 168
105 138 40
105 138 104
105 138 168
106 138 40
106 138 104
106 138 168
107 138 40
107 138 104
107 138 168
108 138 40
108 138 104
108 138 168
109 138 40
109 138 104
109 138 168
110 138 40
110 138 104
110 138 168
111 138 40
111 138 104
112 138 40
112 138 104
113 138 40
113 138 104
114 138 40
114 138 104
115 138 40
116 138 40
116 137 40
117 137 40
117 136 40
118 136 40
119 136 40
119 135 40
120 135 40
120 134 40
121 134 40
121 133 40
122 133 40
122 132 40
123 132 40
123 131 40
124 131 40
124 130 40
125 130 40
125 129 40
126 129 40
126 128 40
127 128 40
128 128 40
128 127 40
129 127 40
129 126 40
130 126 40
130 125 40
131 125 40
131 124 40
132 124 40
132 123 40
133 123 40
133 122 40
134 122 40
134 121 40
135 121 40
135 120 40
136 120 40
136 119 40
137 119 40
137 118 40
138 118 40
138 117 40
139 117 40
139 116 40
139 115 40
139 114 40
139 113 40
139 112 40
139 111 40
139 110 40
139 109 40
139 108 40
139 107 40
139 106 40
139 105 40
138 105 40
138 104 40
138 103 40
138 102 40
138 101 40
137 101 40
137 100 40
136 100 40
136 99 40
136 98 40
136 97 40
136 96 40
136 95 40
136 94 40
136 93 40
136 92 40
136 91 40
136 90 40
136 89 40
136 88 40
136 87 40
136 86 40
136 85 40
136 84 40
136 83 40
136 82 40
136 81 40
136 80 40
103 199 40
102 199 40
101 199 40
100 199 40
99 199 40
98 199 40
97 199 40
96 199 40
95 199 40
94 199 40
93 199 40
92 199 40
91 199 40
90 199 40
89 199 40
87 199 40
86 199 40
85 199 40
84 199 40
83 199 40
82 199 40
81 199 40
80 199 40
79 199 40
78 199 40
77 199 40
76 199 40
75 199 40
74 199 40
73 199 40
72 199 40
72 198 40
71 198 40
70 198 40
70 197 40
70 196 40
69 196 40
68 196 40
68 195 40
67 195 40
66 195 40
66 194 40
66 193 40
65 193 40
65 192 40
64 192 40
64 191 40
64 190 40
64 189 40
64 188 40
64 187 40
64 186 40
64 185 40
64 184 40
64 183 40
64 182 40
63 182 40
63 181 40
63 180 40
63 179 40
63 178 40
63 178 104
63 177 40
63 177 104
63 176 40
63 176 104
63 175 40
63 175 104
63 175 168
63 174 40
63 174 104
63 174 168
63 173 40
63 173 104
63 173 168
63 172 40
63 172 104
63 172 168
63 171 40
63 171 104
63 171 168
63 170 40
63 170 104
63 170 168
63 169 40
63 169 104
63 169 168
63 168 40
63 168 104
63 168 168
63 167 40
63 167 104
63 166 40
63 166 104
63 165 40
63 165 104
64 165 40
64 165 104
64 164 40
64 163 40
65 163 40
65 162 40
65 161 40
66 161 40
66 159 40
66 158 40
67 158 40
67 157 40
67 156 40
68 156 40
68 155 40
68 154 40
68 153 40
69 153 40
70 153 40
70 152 40
70 151 40
70 150 40
71 150 40
72 150 40
73 150 40
73 149 40
73 148 40
73 147 40
74 147 40
75 147 40
75 146 40
75 145 40
76 145 40
77 145 40
78 145 40
79 145 40
79 144 40
79 143 40
79 142 40
79 141 40
80 141 40
80 140 40
81 140 40
81 139 40
82 139 40
82 138 40
83 138 40
84 138 40
85 138 40
86 138 40
86 137 40
86 136 40
86 135 40
19 36 40
19 37 40
19 38 40
19 39 40
19 40 40
19 41 40
19 42 40
19 43 40
19 44 40
19 45 40
19 46 40
19 47 40
19 48 40
20 48 40
20 49 40
21 49 40
21 50 40
22 50 40
23 50 40
23 51 40
24 51 40
24 52 40
25 52 40
25 53 40
26 53 40
27 53 40
27 54 40
28 54 40
29 54 40
29 55 40
30 55 40
30 56 40
30 57 40
30 58 40
30 59 40
30 60 40
30 61 40
30 62 40
30 63 40
30 64 40
30 65 40
30 66 40
30 67 40
30 68 40
30 69 40
30 70 40
30 71 40
30 72 40
30 73 40
30 74 40
30 75 40
30 76 40
30 77 40
30 78 40
30 79 40
30 80 40
30 81 40
30 82 40
30 83 40
30 84 40
30 85 40
30 86 40
30 87 40
30 88 40
30 89 40
30 90 40
30 91 40
30 92 40
30 93 40
30 94 40
30 95 40
30 96 40
30 97 40
30 98 40
30 99 40
30 100 40
30 101 40
30 102 40
30 103 40
30 104 40
30 105 40
30 106 40
30 107 40
30 107 104
31 107 40
31 108 40
32 108 40
32 109 40
33 109 40
34 110 40
34 111 40
35 111 40
35 112 40
35 113 40
36 113 40
36 114 40
37 114 40
37 115 40
38 115 40
38 116 40
39 116 40
39 117 40
39 118 40
40 118 40
40 119 40
40 120 40
40 121 40
40 122 40
40 122 104
40 123 40
40 123 104
40 124 40
40 124 104
40 125 40
40 125 104
40 126 40
40 127 40
40 128 40
40 128 104
40 129 40
40 129 104
40 130 40
40 130 104
40 131 40
40 131 104
40 132 40
40 132 104
40 133 40
40 133 104
40 134 40
40 134 104
40 134 168
40 135 40
40 135 104
40 135 168
40 136 40
40 136 104
40 136 168
40 137 40
40 137 104
40 137 168
40 138 40
40 138 104
40 138 168
40 139 40
40 139 104
40 139 168
40 140 40
40 140 104
40 140 168
40 141 40
40 141 104
40 142 40
40 142 104
40 143 40
40 143 104
40 144 40
40 144 104
40 145 40
40 145 104
41 145 40
41 145 104
42 145 40
42 145 104
43 145 40
43 145 104
44 145 40
44 145 104
45 145 40
45 145 104
46 145 40
46 145 104
47 145 40
47 145 104
48 145 40
48 146 40
49 146 40
50 146 40
51 146 40
51 147 40
52 147 40
53 147 40
54 147 40
54 148 40
55 148 40
56 148 40
57 148 40
57 149 40
58 149 40
59 149 40
60 149 40
61 149 40
62 149 40
63 149 40
64 149 40
65 149 40
65 150 40
66 150 40
67 150 40
68 150 40
69 150 40
