0 0 100
0 20 100
0 40 100
0 60 100
0 80 100
0 100 100
0 120 100
0 140 100
0 160 100
0 180 100
0 199 100
11 10 100
11 30 100
11 50 100
11 70 100
11 90 100
11 110 100
11 130 100
11 150 100
11 170 100
11 190 100
22 0 100
22 20 100
22 40 100
22 60 100
22 80 100
22 100 100
22 120 100
22 140 100
22 160 100
22 180 100
22 199 100
33 10 100
33 30 100
33 50 100
33 70 100
33 90 100
33 110 100
33 130 100
33 150 100
33 170 100
33 190 100
44 0 100
44 20 100
44 40 100
44 60 100
44 80 100
44 100 100
44 120 100
44 140 100
44 160 100
44 180 100
44 199 100
55 10 100
55 30 100
55 50 100
55 70 100
55 90 100
55 110 100
55 130 100
55 150 100
55 170 100
55 190 100
66 0 100
66 20 100
66 40 100
66 60 100
66 80 100
66 100 100
66 120 100
66 140 100
66 160 100
66 180 100
66 199 100
77 10 100
77 30 100
77 50 100
77 70 100
77 90 100
77 110 100
77 130 100
77 150 100
77 170 100
77 190 100
88 0 100
88 20 100
88 40 100
88 60 100
88 80 100
88 100 100
88 120 100
88 140 100
88 160 100
88 180 100
88 199 100
99 10 100
99 30 100
99 50 100
99 70 100
99 90 100
99 110 100
99 130 100
99 150 100
99 170 100
99 190 100
110 0 100
110 20 100
110 40 100
110 60 100
110 80 100
110 100 100
110 120 100
110 140 100
110 160 100
110 180 100
110 199 100
121 10 100
121 30 100
121 50 100
121 70 100
121 90 100
121 110 100
121 130 100
121 150 100
121 170 100
121 190 100
132 0 100
132 20 100
132 40 100
132 60 100
132 80 100
132 100 100
132 120 100
132 140 100
132 160 100
132 180 100
132 199 100
143 10 100
143 30 100
143 50 100
143 70 100
143 90 100
143 110 100
143 130 100
143 150 100
143 170 100
143 190 100
154 0 100
154 20 100
154 40 100
154 60 100
154 80 100
154 100 100
154 120 100
154 140 100
154 160 100
154 180 100
154 199 100
165 10 100
165 30 100
165 50 100
165 70 100
165 90 100
165 110 100
165 130 100
165 150 100
165 170 100
165 190 100
176 0 100
176 20 100
176 40 100
176 60 100
176 80 100
176 100 100
176 120 100
176 140 100
176 160 100
176 180 100
176 199 100
187 10 100
187 30 100
187 50 100
187 70 100
187 90 100
187 110 100
187 130 100
187 150 100
187 170 100
187 190 100
198 0 100
198 20 100
198 40 100
198 60 100
198 80 100
198 100 100
198 120 100
198 140 100
198 160 100
198 180 100
198 199 100
0 0 100
0 20 100
0 40 100
0 80 100
0 100 100
0 140 100
0 160 100
0 180 100
0 199 100
11 10 100
11 30 100
11 90 100
11 150 100
22 0 100
22 20 100
22 40 100
22 80 100
22 100 100
22 120 100
22 140 100
22 160 100
22 180 100
22 199 100
33 30 100
33 70 100
33 90 100
33 110 100
33 150 100
33 170 100
33 190 100
44 0 100
44 20 100
44 80 100
44 120 100
44 140 100
44 160 100
55 30 100
55 50 100
55 70 100
55 90 100
55 110 100
55 130 100
55 150 100
55 170 100
66 0 100
66 40 100
66 60 100
66 80 100
66 100 100
66 120 100
66 140 100
66 160 100
66 180 100
77 90 100
77 170 100
88 0 100
88 100 100
88 120 100
88 199 100
99 10 100
99 30 100
99 110 100
99 190 100
110 0 100
110 20 100
110 40 100
110 60 100
110 120 100
110 140 100
110 160 100
110 180 100
110 199 100
121 10 100
121 30 100
121 50 100
121 70 100
121 90 100
121 110 100
121 130 100
121 150 100
121 170 100
121 190 100
132 0 100
132 20 100
132 40 100
132 80 100
132 100 100
132 120 100
132 140 100
132 180 100
132 199 100
143 10 100
143 30 100
143 70 100
143 90 100
143 130 100
143 190 100
154 0 100
154 20 100
154 60 100
154 80 100
154 100 100
154 120 100
154 140 100
154 160 100
154 180 100
165 10 100
165 30 100
165 110 100
165 130 100
165 150 100
165 170 100
165 190 100
176 0 100
176 20 100
176 40 100
176 60 100
176 120 100
176 160 100
176 199 100
187 10 100
187 70 100
187 130 100
187 150 100
187 170 100
187 190 100
198 0 100
198 20 100
198 60 100
198 120 100
198 140 100
198 160 100
198 180 100
198 199 100
13 132 40
191 100 40
196 42 40
86 135 40
44 153 40
44 153 72
44 153 104
44 153 136
44 153 168
44 153 200
44 153 232
44 153 264
44 153 296
44 153 328
44 153 360
54 197 40
48 62 40
72 31 40
44 152 40
44 152 72
44 152 104
44 152 136
44 152 168
44 152 200
44 152 232
44 152 264
44 152 296
44 152 328
44 151 40
44 151 72
44 151 104
44 151 136
44 151 168
44 151 200
44 151 232
44 151 264
44 151 296
44 151 328
44 150 40
44 150 72
44 150 104
44 150 136
44 150 168
44 150 200
44 150 232
44 150 264
44 150 296
44 149 40
44 149 72
44 149 104
44 149 136
44 149 168
44 149 200
44 149 232
44 149 264
44 149 296
44 148 40
44 148 72
44 148 104
44 148 136
44 148 168
44 148 200
44 148 232
44 148 264
44 147 40
44 147 72
44 147 104
44 147 136
44 147 168
44 147 200
44 147 232
44 146 40
44 146 72
44 146 104
44 146 136
44 146 168
44 146 200
44 146 232
44 145 40
44 145 72
44 145 104
44 145 136
44 145 168
44 145 200
44 144 40
44 144 72
44 144 104
44 144 136
44 144 168
44 143 40
44 143 72
44 143 104
44 143 136
44 142 40
44 142 72
44 142 104
44 142 136
44 141 40
44 141 72
44 141 104
44 139 40
44 139 72
43 139 40
43 139 72
43 138 40
43 138 72
42 138 40
42 138 72
42 137 40
42 137 72
41 137 40
41 137 72
41 136 40
41 135 40
40 135 40
40 134 40
40 133 40
39 133 40
39 132 40
38 132 40
37 132 40
36 132 40
35 132 40
34 132 40
33 132 40
33 132 72
32 132 40
32 132 72
31 132 40
31 132 72
30 132 40
30 132 72
29 132 40
29 132 72
29 132 104
28 132 40
28 132 72
28 132 104
27 132 40
27 132 72
27 132 104
26 132 40
26 132 72
26 132 104
26 132 136
25 132 40
25 132 72
25 132 104
25 132 136
24 132 40
24 132 72
24 132 104
24 132 136
23 132 40
23 132 72
23 132 104
23 132 136
22 132 40
22 132 72
22 132 104
21 132 40
21 132 72
21 132 104
20 132 40
20 132 72
20 132 104
19 132 40
19 132 72
19 132 104
18 132 40
18 132 72
17 132 40
17 132 72
16 132 40
16 132 72
15 132 40
15 132 72
14 132 40
85 135 40
84 135 40
83 135 40
82 135 40
81 135 40
81 134 40
80 134 40
80 133 40
79 133 40
79 132 40
79 131 40
78 131 40
78 130 40
77 129 40
77 129 72
76 129 40
76 129 72
76 128 40
76 128 72
75 128 40
75 128 72
75 127 40
75 127 72
74 127 40
74 127 72
74 126 40
74 126 72
74 125 40
74 125 72
73 125 40
73 125 72
73 124 40
73 124 72
73 123 40
73 123 72
73 122 40
73 122 72
72 122 40
72 122 72
71 122 40
71 122 72
70 122 40
70 122 72
69 122 40
69 122 72
68 122 40
68 122 72
68 122 104
67 122 40
67 122 72
67 122 104
66 122 40
66 122 72
66 122 104
66 122 136
65 122 40
65 122 72
65 122 104
65 122 136
64 122 40
64 122 72
64 122 104
64 122 136
64 122 168
63 122 40
63 122 72
63 122 104
63 122 136
63 122 168
62 122 40
62 122 72
62 122 104
62 122 136
62 122 168
61 122 40
61 122 72
61 122 104
61 122 136
61 122 168
61 122 200
60 122 40
60 122 72
60 122 104
60 122 136
60 122 168
60 122 200
59 122 40
59 122 72
59 122 104
59 122 136
59 122 168
59 122 200
58 122 40
58 122 72
58 122 104
58 122 136
58 122 168
58 122 200
57 122 40
57 122 72
57 122 104
57 122 136
57 122 168
57 122 200
56 122 40
56 122 72
56 122 104
56 122 136
56 122 168
56 122 200
55 122 40
55 122 72
55 122 104
55 122 136
55 122 168
55 122 200
54 122 40
54 122 72
54 122 104
54 122 136
54 122 168
54 122 200
53 122 40
53 122 72
53 122 104
53 122 136
53 122 168
53 122 200
52 122 40
52 122 72
52 122 104
52 122 136
52 122 168
51 122 40
51 122 72
51 122 104
51 122 136
51 122 168
50 122 40
50 122 72
50 122 104
50 122 136
50 122 168
49 122 40
49 122 72
49 122 104
49 122 136
48 122 40
48 122 72
48 122 104
48 122 136
47 122 40
47 122 72
47 122 104
46 122 40
46 122 72
46 122 104
45 122 40
45 122 72
45 122 104
45 123 40
45 123 72
44 123 40
44 123 72
44 124 40
44 124 72
43 124 40
43 124 72
43 125 40
43 125 72
42 125 40
42 126 40
42 127 40
41 127 40
41 128 40
40 128 40
40 129 40
39 129 40
39 130 40
39 131 40
55 197 40
56 197 40
57 197 40
58 197 40
59 197 40
60 197 40
61 197 40
62 197 40
63 197 40
64 197 40
65 197 40
66 197 40
67 197 40
68 197 40
69 197 40
70 197 40
71 197 40
71 196 40
72 196 40
72 195 40
73 195 40
73 194 40
74 194 40
74 193 40
75 193 40
75 192 40
76 192 40
76 191 40
77 191 40
78 190 40
78 189 40
79 189 40
79 188 40
80 188 40
80 187 40
81 187 40
81 186 40
82 186 40
83 186 40
83 185 40
84 185 40
84 184 40
85 184 40
85 183 40
86 183 40
86 182 40
87 182 40
87 181 40
87 180 40
87 179 40
87 178 40
87 177 40
87 176 40
87 175 40
87 174 40
87 173 40
87 172 40
87 171 40
87 170 40
87 169 40
87 168 40
87 167 40
87 166 40
87 165 40
87 164 40
87 163 40
87 162 40
87 161 40
87 160 40
87 159 40
87 158 40
87 157 40
87 156 40
87 155 40
87 154 40
87 153 40
87 152 40
87 151 40
87 150 40
87 149 40
87 148 40
87 147 40
87 146 40
87 145 40
87 144 40
87 143 40
87 142 40
87 141 40
86 141 40
86 140 40
86 139 40
86 138 40
86 137 40
86 136 40
73 31 40
74 31 40
75 31 40
76 31 40
77 31 40
78 31 40
79 31 40
80 31 40
81 31 40
82 31 40
83 31 40
83 32 40
83 33 40
83 34 40
84 34 40
84 35 40
84 36 40
84 37 40
84 38 40
84 39 40
84 40 40
84 41 40
84 42 40
84 43 40
84 44 40
84 45 40
84 46 40
84 47 40
84 48 40
84 49 40
84 50 40
84 51 40
84 52 40
84 53 40
84 54 40
84 55 40
84 56 40
84 57 40
84 58 40
84 59 40
84 60 40
84 61 40
84 62 40
84 63 40
84 64 40
84 65 40
84 66 40
84 67 40
84 68 40
84 69 40
84 70 40
84 71 40
84 72 40
84 73 40
84 74 40
84 75 40
84 76 40
84 77 40
84 78 40
84 79 40
84 80 40
84 81 40
84 82 40
84 83 40
84 84 40
84 85 40
84 86 40
84 86 72
84 87 40
84 87 72
84 88 40
84 88 72
84 89 40
84 89 72
84 89 104
84 90 40
84 90 72
84 90 104
84 90 136
84 91 40
84 91 72
84 91 104
84 91 136
84 92 40
84 92 72
84 92 104
84 92 136
84 92 168
84 93 40
84 93 72
84 93 104
84 93 136
84 93 168
84 94 40
84 94 72
84 94 104
84 94 136
84 94 168
84 94 200
84 95 40
84 95 72
84 95 104
84 95 136
84 95 168
84 95 200
84 96 40
84 96 72
84 96 104
84 96 136
84 96 168
84 96 200
84 97 40
84 97 72
84 97 104
84 97 136
84 97 168
84 97 200
84 98 40
84 98 72
84 98 104
84 98 136
84 98 168
84 98 200
84 99 40
84 99 72
84 99 104
84 99 136
84 99 168
84 99 200
84 100 40
84 100 72
84 100 104
84 100 136
84 100 168
84 101 40
84 101 72
84 101 104
84 101 136
84 101 168
84 102 40
84 102 72
84 102 104
84 102 136
84 102 168
84 103 40
84 103 72
84 103 104
84 103 136
84 104 40
84 104 72
84 104 104
84 104 136
84 105 40
84 105 72
84 105 104
84 105 136
84 106 40
84 106 72
84 106 104
84 106 136
84 107 40
84 107 72
84 107 104
84 107 136
83 107 40
83 107 72
83 107 104
83 108 40
83 108 72
83 108 104
82 108 40
82 108 72
82 108 104
82 109 40
82 109 72
82 109 104
81 109 40
81 109 72
81 110 40
81 110 72
80 110 40
80 110 72
80 111 40
80 111 72
79 111 40
79 111 72
79 112 40
79 112 72
78 112 40
78 113 40
77 113 40
77 114 40
76 114 40
76 115 40
75 115 40
75 116 40
75 117 40
74 117 40
74 118 40
73 118 40
73 118 72
73 119 40
73 119 72
73 120 40
73 120 72
73 121 40
73 121 72
49 62 40
50 62 40
51 62 40
52 62 40
53 62 40
53 62 72
54 62 40
54 62 72
55 62 40
55 62 72
56 62 40
56 62 72
56 62 104
57 62 40
57 62 72
57 62 104
58 62 40
58 62 72
58 62 104
59 62 40
59 62 72
59 62 104
60 62 40
60 62 72
60 62 104
61 62 40
61 62 72
61 62 104
62 62 40
62 62 72
62 62 104
63 62 40
63 62 72
63 62 104
64 62 40
64 62 72
64 62 104
65 62 40
65 62 72
65 62 104
66 62 40
66 62 72
66 62 104
67 62 40
67 62 72
68 62 40
68 62 72
69 62 40
69 62 72
70 62 40
70 62 72
71 62 40
71 62 72
72 62 40
72 62 72
73 62 40
74 62 40
75 62 40
76 62 40
77 62 40
78 62 40
79 62 40
80 62 40
81 62 40
82 62 40
83 62 40
190 100 40
189 100 40
188 100 40
188 99 40
187 99 40
187 98 40
186 98 40
186 97 40
186 96 40
185 96 40
185 95 40
184 95 40
183 95 40
183 94 40
182 94 40
181 94 40
181 93 40
180 93 40
179 93 40
179 92 40
178 92 40
178 91 40
177 91 40
177 90 40
176 90 40
175 90 40
175 89 40
175 88 40
174 88 40
174 87 40
174 86 40
174 85 40
174 84 40
174 83 40
173 83 40
173 82 40
173 81 40
173 80 40
172 80 40
172 79 40
172 78 40
171 78 40
171 77 40
171 76 40
170 76 40
170 75 40
169 75 40
169 74 40
168 74 40
168 73 40
167 73 40
167 72 40
167 72 72
167 71 40
167 71 72
166 71 40
166 71 72
166 70 40
166 70 72
165 69 40
165 69 72
165 69 104
164 69 40
164 69 72
164 69 104
164 68 40
164 68 72
164 68 104
163 68 40
163 68 72
163 68 104
163 68 136
163 67 40
163 67 72
163 67 104
163 67 136
162 67 40
162 67 72
162 67 104
162 67 136
162 66 40
162 66 72
162 66 104
162 66 136
162 66 168
162 65 40
162 65 72
162 65 104
162 65 136
162 65 168
161 65 40
161 65 72
161 65 104
161 65 136
161 65 168
161 64 40
161 64 72
161 64 104
161 64 136
161 64 168
161 63 40
161 63 72
161 63 104
161 63 136
161 63 168
161 62 40
161 62 72
161 62 104
161 62 136
161 62 168
161 61 40
161 61 72
161 61 104
161 61 136
161 61 168
161 60 40
161 60 72
161 60 104
161 60 136
161 60 168
161 59 40
161 59 72
161 59 104
161 59 136
161 59 168
161 58 40
161 58 72
161 58 104
161 58 136
161 57 40
161 57 72
161 57 104
161 57 136
161 56 40
161 56 72
161 56 104
161 55 40
161 55 72
161 55 104
161 54 40
161 54 72
160 54 40
160 54 72
159 54 40
159 54 72
158 54 40
158 54 72
157 54 40
157 54 72
156 54 40
156 54 72
155 54 40
155 54 72
154 54 40
154 54 72
153 54 40
153 54 72
152 54 40
151 54 40
150 54 40
149 54 40
148 54 40
147 54 40
146 54 40
145 54 40
144 54 40
143 54 40
143 55 40
142 55 40
142 56 40
141 56 40
140 56 40
140 57 40
139 57 40
139 58 40
138 58 40
137 58 40
137 59 40
136 59 40
136 60 40
135 60 40
135 61 40
134 61 40
134 62 40
133 62 40
133 63 40
132 63 40
132 64 40
131 64 40
131 65 40
130 65 40
130 66 40
129 66 40
129 67 40
128 67 40
128 68 40
128 68 72
127 68 40
127 68 72
127 69 40
127 69 72
127 70 40
127 70 72
127 71 40
127 71 72
127 72 40
127 72 72
127 73 40
127 73 72
127 74 40
127 74 72
127 74 104
127 75 40
127 75 72
127 75 104
127 76 40
127 76 72
127 76 104
127 76 136
127 77 40
127 77 72
127 77 104
127 77 136
127 78 40
127 78 72
127 78 104
127 78 136
127 78 168
127 79 40
127 79 72
127 79 104
127 79 136
127 79 168
127 80 40
127 80 72
127 80 104
127 80 136
127 80 168
127 80 200
127 81 40
127 81 72
127 81 104
127 81 136
127 81 168
127 81 200
127 82 40
127 82 72
127 82 104
127 82 136
127 82 168
127 82 200
127 82 232
127 83 40
127 83 72
127 83 104
127 83 136
127 83 168
127 83 200
127 83 232
127 84 40
127 84 72
127 84 104
127 84 136
127 84 168
127 84 200
127 84 232
127 85 40
127 85 72
127 85 104
127 85 136
127 85 168
127 85 200
127 85 232
127 85 264
126 85 40
126 85 72
126 85 104
126 85 136
126 85 168
126 85 200
126 85 232
125 85 40
125 85 72
125 85 104
125 85 136
125 85 168
125 85 200
124 85 40
124 85 72
124 85 104
124 85 136
124 85 168
124 85 200
123 85 40
123 85 72
123 85 104
123 85 136
123 85 168
122 85 40
122 85 72
122 85 104
122 85 136
121 85 40
121 85 72
121 85 104
121 85 136
120 85 40
120 85 72
120 85 104
119 85 40
119 85 72
119 85 104
118 85 40
118 85 72
117 85 40
117 85 72
116 85 40
116 85 72
115 85 40
114 85 40
113 85 40
112 85 40
111 85 40
110 85 40
109 85 40
108 85 40
107 85 40
106 85 40
105 85 40
104 85 40
104 84 40
103 84 40
103 83 40
102 83 40
102 82 40
101 82 40
101 81 40
100 81 40
99 81 40
99 80 40
98 80 40
98 79 40
97 79 40
97 78 40
96 78 40
96 77 40
95 77 40
94 77 40
93 77 40
92 77 40
91 77 40
90 77 40
89 77 40
88 77 40
87 77 40
86 77 40
85 77 40
196 43 40
196 44 40
195 44 40
195 45 40
195 46 40
194 46 40
194 47 40
193 47 40
193 48 40
192 48 40
192 49 40
191 49 40
191 50 40
190 50 40
190 51 40
189 51 40
189 52 40
188 52 40
187 52 40
186 52 40
185 52 40
185 52 72
184 52 40
184 52 72
183 52 40
183 52 72
182 52 40
182 52 72
181 52 40
181 52 72
181 52 104
180 52 40
180 52 72
180 52 104
179 52 40
179 52 72
179 52 104
178 52 40
178 52 72
178 52 104
178 52 136
177 52 40
177 52 72
177 52 104
177 52 136
176 52 40
176 52 72
176 52 104
176 52 136
175 52 40
175 52 72
175 52 104
175 52 136
174 52 40
174 52 72
174 52 104
174 52 136
173 52 40
173 52 72
173 52 104
173 52 136
172 52 40
172 52 72
172 52 104
172 52 136
171 52 40
171 52 72
171 52 104
170 52 40
170 52 72
170 52 104
169 52 40
169 52 72
169 52 104
168 52 40
168 52 72
168 52 104
167 52 40
167 52 72
167 52 104
166 52 40
166 52 72
166 52 104
165 52 40
165 52 72
165 52 104
164 52 40
164 52 72
163 52 40
163 52 72
162 52 40
162 52 72
161 52 40
161 52 72
161 53 40
161 53 72
