0 0 100
0 20 100
0 40 100
0 60 100
0 80 100
0 100 100
0 120 100
0 140 100
0 160 100
0 180 100
0 199 100
11 10 100
11 30 100
11 50 100
11 70 100
11 90 100
11 110 100
11 130 100
11 150 100
11 170 100
11 190 100
22 0 100
22 20 100
22 40 100
22 60 100
22 80 100
22 100 100
22 120 100
22 140 100
22 160 100
22 180 100
22 199 100
33 10 100
33 30 100
33 50 100
33 70 100
33 90 100
33 110 100
33 130 100
33 150 100
33 170 100
33 190 100
44 0 100
44 20 100
44 40 100
44 60 100
44 80 100
44 100 100
44 120 100
44 140 100
44 160 100
44 180 100
44 199 100
55 10 100
55 30 100
55 50 100
55 70 100
55 90 100
55 110 100
55 130 100
55 150 100
55 170 100
55 190 100
66 0 100
66 20 100
66 40 100
66 60 100
66 80 100
66 100 100
66 120 100
66 140 100
66 160 100
66 180 100
66 199 100
77 10 100
77 30 100
77 50 100
77 70 100
77 90 100
77 110 100
77 130 100
77 150 100
77 170 100
77 190 100
88 0 100
88 20 100
88 40 100
88 60 100
88 80 100
88 100 100
88 120 100
88 140 100
88 160 100
88 180 100
88 199 100
99 10 100
99 30 100
99 50 100
99 70 100
99 90 100
99 110 100
99 130 100
99 150 100
99 170 100
99 190 100
110 0 100
110 20 100
110 40 100
110 60 100
110 80 100
110 100 100
110 120 100
110 140 100
110 160 100
110 180 100
110 199 100
121 10 100
121 30 100
121 50 100
121 70 100
121 90 100
121 110 100
121 130 100
121 150 100
121 170 100
121 190 100
132 0 100
132 20 100
132 40 100
132 60 100
132 80 100
132 100 100
132 120 100
132 140 100
132 160 100
132 180 100
132 199 100
143 10 100
143 30 100
143 50 100
143 70 100
143 90 100
143 110 100
143 130 100
143 150 100
143 170 100
143 190 100
154 0 100
154 20 100
154 40 100
154 60 100
154 80 100
154 100 100
154 120 100
154 140 100
154 160 100
154 180 100
154 199 100
165 10 100
165 30 100
165 50 100
165 70 100
165 90 100
165 110 100
165 130 100
165 150 100
165 170 100
165 190 100
176 0 100
176 20 100
176 40 100
176 60 100
176 80 100
176 100 100
176 120 100
176 140 100
176 160 100
176 180 100
176 199 100
187 10 100
187 30 100
187 50 100
187 70 100
187 90 100
187 110 100
187 130 100
187 150 100
187 170 100
187 190 100
198 0 100
198 20 100
198 40 100
198 60 100
198 80 100
198 100 100
198 120 100
198 140 100
198 160 100
198 180 100
198 199 100
0 0 100
0 20 100
0 40 100
0 60 100
0 80 100
0 100 100
0 120 100
0 140 100
0 160 100
11 10 100
11 30 100
11 50 100
11 110 100
11 130 100
11 150 100
11 170 100
11 190 100
22 0 100
22 40 100
22 100 100
22 120 100
22 160 100
22 180 100
22 199 100
33 10 100
33 50 100
33 170 100
33 190 100
44 0 100
44 20 100
44 40 100
44 60 100
44 180 100
44 199 100
55 10 100
55 50 100
55 90 100
55 110 100
55 130 100
55 150 100
55 170 100
55 190 100
66 80 100
66 100 100
66 120 100
66 140 100
66 160 100
66 180 100
77 30 100
77 90 100
77 110 100
77 130 100
77 150 100
77 170 100
77 190 100
88 0 100
88 20 100
88 40 100
88 60 100
88 100 100
88 140 100
88 160 100
88 180 100
88 199 100
99 10 100
99 30 100
99 50 100
99 190 100
110 0 100
110 20 100
110 40 100
110 60 100
110 199 100
121 10 100
121 30 100
121 70 100
121 110 100
121 190 100
132 20 100
132 40 100
132 60 100
132 80 100
132 100 100
132 120 100
132 140 100
132 160 100
132 180 100
132 199 100
143 30 100
143 50 100
143 70 100
143 90 100
143 110 100
143 130 100
143 150 100
143 170 100
143 190 100
154 0 100
154 20 100
154 40 100
154 80 100
154 140 100
154 160 100
154 180 100
154 199 100
165 10 100
165 30 100
165 50 100
165 70 100
165 90 100
165 130 100
165 150 100
165 170 100
165 190 100
176 20 100
176 40 100
176 60 100
176 80 100
176 100 100
176 120 100
176 140 100
187 30 100
187 50 100
187 70 100
187 90 100
187 110 100
187 130 100
187 150 100
198 20 100
198 40 100
198 60 100
198 100 100
198 120 100
198 140 100
198 160 100
173 10 40
70 40 40
182 180 40
182 179 40
182 178 40
182 177 40
182 176 40
182 175 40
182 174 40
182 173 40
182 172 40
181 172 40
180 172 40
179 172 40
178 172 40
177 172 40
176 172 40
175 172 40
174 172 40
174 172 44
173 172 40
173 172 44
172 172 40
172 172 44
171 172 40
171 172 44
171 172 48
170 172 40
170 172 44
170 172 48
169 172 40
169 172 44
169 172 48
168 172 40
168 172 44
168 172 48
167 172 40
167 172 44
167 172 48
166 172 40
166 172 44
166 172 48
166 172 52
165 172 40
165 172 44
165 172 48
165 172 52
164 172 40
164 172 44
164 172 48
164 172 52
164 172 56
163 172 40
163 172 44
163 172 48
163 172 52
163 172 56
163 172 60
163 172 64
162 172 40
162 172 44
162 172 48
162 172 52
162 172 56
162 172 60
162 172 64
162 172 68
162 172 72
161 172 40
161 172 44
161 172 48
161 172 52
161 172 56
161 172 60
161 172 64
161 172 68
161 172 72
161 172 76
161 172 80
160 172 40
160 172 44
160 172 48
160 172 52
160 172 56
160 172 60
160 172 64
160 172 68
160 172 72
160 172 76
160 172 80
160 172 84
160 172 88
159 172 40
159 172 44
159 172 48
159 172 52
159 172 56
159 172 60
159 172 64
159 172 68
159 172 72
159 172 76
159 172 80
159 172 84
159 172 88
159 172 92
159 172 96
159 172 100
158 172 40
158 172 44
158 172 48
158 172 52
158 172 56
158 172 60
158 172 64
158 172 68
158 172 72
158 172 76
158 172 80
158 172 84
158 172 88
158 172 92
158 172 96
158 172 100
158 172 104
158 172 108
158 172 112
157 172 40
157 172 44
157 172 48
157 172 52
157 172 56
157 172 60
157 172 64
157 172 68
157 172 72
157 172 76
157 172 80
157 172 84
157 172 88
157 172 92
157 172 96
157 172 100
157 172 104
157 172 108
157 172 112
157 172 116
157 172 120
157 172 124
156 172 40
156 172 44
156 172 48
156 172 52
156 172 56
156 172 60
156 172 64
156 172 68
156 172 72
156 172 76
156 172 80
156 172 84
156 172 88
156 172 92
156 172 96
156 172 100
156 172 104
156 172 108
156 172 112
156 172 116
156 172 120
156 172 124
156 172 128
156 172 132
155 172 40
155 172 44
155 172 48
155 172 52
155 172 56
155 172 60
155 172 64
155 172 68
155 172 72
155 172 76
155 172 80
155 172 84
155 172 88
155 172 92
155 172 96
155 172 100
155 172 104
155 172 108
155 172 112
155 172 116
155 172 120
155 172 124
155 172 128
155 172 132
155 172 136
155 172 140
154 172 40
154 172 44
154 172 48
154 172 52
154 172 56
154 172 60
154 172 64
154 172 68
154 172 72
154 172 76
154 172 80
154 172 84
154 172 88
154 172 92
154 172 96
154 172 100
154 172 104
154 172 108
154 172 112
154 172 116
154 172 120
154 172 124
154 172 128
154 172 132
154 172 136
154 172 140
154 172 144
154 172 148
153 172 40
153 172 44
153 172 48
153 172 52
153 172 56
153 172 60
153 172 64
153 172 68
153 172 72
153 172 76
153 172 80
153 172 84
153 172 88
153 172 92
153 172 96
153 172 100
153 172 104
153 172 108
153 172 112
153 172 116
153 172 120
153 172 124
153 172 128
153 172 132
153 172 136
153 172 140
153 172 144
153 172 148
153 172 152
152 172 40
152 172 44
152 172 48
152 172 52
152 172 56
152 172 60
152 172 64
152 172 68
152 172 72
152 172 76
152 172 80
152 172 84
152 172 88
152 172 92
152 172 96
152 172 100
152 172 104
152 172 108
152 172 112
152 172 116
152 172 120
152 172 124
152 172 128
152 172 132
152 172 136
152 172 140
152 172 144
152 172 148
152 172 152
152 172 156
151 172 40
151 172 44
151 172 48
151 172 52
151 172 56
151 172 60
151 172 64
151 172 68
151 172 72
151 172 76
151 172 80
151 172 84
151 172 88
151 172 92
151 172 96
151 172 100
151 172 104
151 172 108
151 172 112
151 172 116
151 172 120
151 172 124
151 172 128
151 172 132
151 172 136
151 172 140
151 172 144
151 172 148
151 172 152
151 172 156
151 172 160
150 172 40
150 172 44
150 172 48
150 172 52
150 172 56
150 172 60
150 172 64
150 172 68
150 172 72
150 172 76
150 172 80
150 172 84
150 172 88
150 172 92
150 172 96
150 172 100
150 172 104
150 172 108
150 172 112
150 172 116
150 172 120
150 172 124
150 172 128
150 172 132
150 172 136
150 172 140
150 172 144
150 172 148
150 172 152
150 172 156
150 172 160
150 172 164
149 172 40
149 172 44
149 172 48
149 172 52
149 172 56
149 172 60
149 172 64
149 172 68
149 172 72
149 172 76
149 172 80
149 172 84
149 172 88
149 172 92
149 172 96
149 172 100
149 172 104
149 172 108
149 172 112
149 172 116
149 172 120
149 172 124
149 172 128
149 172 132
149 172 136
149 172 140
149 172 144
149 172 148
149 172 152
149 172 156
149 172 160
149 172 164
149 172 168
148 172 40
148 172 44
148 172 48
148 172 52
148 172 56
148 172 60
148 172 64
148 172 68
148 172 72
148 172 76
148 172 80
148 172 84
148 172 88
148 172 92
148 172 96
148 172 100
148 172 104
148 172 108
148 172 112
148 172 116
148 172 120
148 172 124
148 172 128
148 172 132
148 172 136
148 172 140
148 172 144
148 172 148
148 172 152
148 172 156
148 172 160
148 172 164
148 172 168
147 172 40
147 172 44
147 172 48
147 172 52
147 172 56
147 172 60
147 172 64
147 172 68
147 172 72
147 172 76
147 172 80
147 172 84
147 172 88
147 172 92
147 172 96
147 172 100
147 172 104
147 172 108
147 172 112
147 172 116
147 172 120
147 172 124
147 172 128
147 172 132
147 172 136
147 172 140
147 172 144
147 172 148
147 172 152
147 172 156
147 172 160
147 172 164
147 172 168
147 172 172
146 172 40
146 172 44
146 172 48
146 172 52
146 172 56
146 172 60
146 172 64
146 172 68
146 172 72
146 172 76
146 172 80
146 172 84
146 172 88
146 172 92
146 172 96
146 172 100
146 172 104
146 172 108
146 172 112
146 172 116
146 172 120
146 172 124
146 172 128
146 172 132
146 172 136
146 172 140
146 172 144
146 172 148
146 172 152
146 172 156
146 172 160
146 172 164
146 172 168
146 172 172
145 172 40
145 172 44
145 172 48
145 172 52
145 172 56
145 172 60
145 172 64
145 172 68
145 172 72
145 172 76
145 172 80
145 172 84
145 172 88
145 172 92
145 172 96
145 172 100
145 172 104
145 172 108
145 172 112
145 172 116
145 172 120
145 172 124
145 172 128
145 172 132
145 172 136
145 172 140
145 172 144
145 172 148
145 172 152
145 172 156
145 172 160
145 172 164
145 172 168
145 172 172
144 172 40
144 172 44
144 172 48
144 172 52
144 172 56
144 172 60
144 172 64
144 172 68
144 172 72
144 172 76
144 172 80
144 172 84
144 172 88
144 172 92
144 172 96
144 172 100
144 172 104
144 172 108
144 172 112
144 172 116
144 172 120
144 172 124
144 172 128
144 172 132
144 172 136
144 172 140
144 172 144
144 172 148
144 172 152
144 172 156
144 172 160
144 172 164
144 172 168
144 172 172
143 172 40
143 172 44
143 172 48
143 172 52
143 172 56
143 172 60
143 172 64
143 172 68
143 172 72
143 172 76
143 172 80
143 172 84
143 172 88
143 172 92
143 172 96
143 172 100
143 172 104
143 172 108
143 172 112
143 172 116
143 172 120
143 172 124
143 172 128
143 172 132
143 172 136
143 172 140
143 172 144
143 172 148
143 172 152
143 172 156
143 172 160
143 172 164
143 172 168
142 172 40
142 172 44
142 172 48
142 172 52
142 172 56
142 172 60
142 172 64
142 172 68
142 172 72
142 172 76
142 172 80
142 172 84
142 172 88
142 172 92
142 172 96
142 172 100
142 172 104
142 172 108
142 172 112
142 172 116
142 172 120
142 172 124
142 172 128
142 172 132
142 172 136
142 172 140
142 172 144
142 172 148
142 172 152
142 172 156
142 172 160
141 172 40
141 172 44
141 172 48
141 172 52
141 172 56
141 172 60
141 172 64
141 172 68
141 172 72
141 172 76
141 172 80
141 172 84
141 172 88
141 172 92
141 172 96
141 172 100
141 172 104
141 172 108
141 172 112
141 172 116
141 172 120
141 172 124
141 172 128
141 172 132
141 172 136
141 172 140
141 172 144
141 172 148
140 172 40
140 172 44
140 172 48
140 172 52
140 172 56
140 172 60
140 172 64
140 172 68
140 172 72
140 172 76
140 172 80
140 172 84
140 172 88
140 172 92
140 172 96
140 172 100
140 172 104
140 172 108
140 172 112
140 172 116
140 172 120
140 172 124
140 172 128
140 172 132
140 172 136
139 172 40
139 172 44
139 172 48
139 172 52
139 172 56
139 172 60
139 172 64
139 172 68
139 172 72
139 172 76
139 172 80
139 172 84
139 172 88
139 172 92
139 172 96
139 172 100
139 172 104
139 172 108
139 172 112
139 172 116
139 172 120
139 172 124
138 172 40
138 172 44
138 172 48
138 172 52
138 172 56
138 172 60
138 172 64
138 172 68
138 172 72
138 172 76
138 172 80
138 172 84
138 172 88
138 172 92
138 172 96
138 172 100
138 172 104
138 172 108
137 172 40
137 172 44
137 172 48
137 172 52
137 172 56
137 172 60
137 172 64
137 172 68
137 172 72
137 172 76
137 172 80
137 172 84
137 172 88
137 172 92
137 172 96
136 172 40
136 172 44
136 172 48
136 172 52
136 172 56
136 172 60
136 172 64
136 172 68
136 172 72
136 172 76
136 172 80
136 172 84
136 172 88
135 172 40
135 172 44
135 172 48
135 172 52
135 172 56
135 172 60
135 172 64
135 172 68
135 172 72
135 172 76
135 172 80
135 172 84
134 172 40
134 172 44
134 172 48
134 172 52
134 172 56
134 172 60
134 172 64
134 172 68
134 172 72
134 172 76
134 172 80
133 172 40
133 172 44
133 172 48
133 172 52
133 172 56
133 172 60
133 172 64
133 172 68
133 172 72
133 172 76
132 172 40
132 172 44
132 172 48
132 172 52
132 172 56
132 172 60
132 172 64
132 172 68
132 172 72
131 172 40
131 172 44
131 172 48
131 172 52
131 172 56
131 172 60
131 172 64
131 172 68
131 172 72
130 172 40
130 172 44
130 172 48
130 172 52
130 172 56
130 172 60
130 172 64
130 172 68
129 172 40
129 172 44
129 172 48
129 172 52
129 172 56
129 172 60
129 172 64
128 172 40
128 172 44
128 172 48
128 172 52
128 172 56
128 172 60
127 172 40
127 172 44
127 172 48
127 172 52
127 172 56
126 172 40
126 172 44
126 172 48
126 172 52
125 172 40
125 172 44
125 172 48
124 172 40
124 172 44
123 172 40
123 172 44
122 172 40
121 172 40
120 172 40
119 172 40
118 172 40
117 172 40
116 172 40
115 172 40
114 172 40
113 172 40
112 172 40
112 171 40
111 171 40
111 170 40
111 169 40
111 168 40
111 167 40
111 166 40
111 165 40
111 164 40
111 163 40
111 162 40
111 161 40
111 160 40
111 159 40
111 158 40
111 157 40
111 156 40
111 155 40
111 154 40
111 153 40
111 152 40
111 151 40
111 150 40
111 149 40
111 148 40
111 147 40
111 146 40
111 145 40
111 144 40
111 143 40
111 142 40
111 141 40
111 140 40
111 139 40
111 138 40
111 137 40
111 136 40
111 135 40
111 134 40
111 133 40
111 132 40
110 132 40
110 131 40
110 130 40
109 130 40
109 129 40
108 129 40
108 128 40
107 128 40
107 127 40
106 127 40
106 126 40
106 125 40
106 124 40
106 123 40
106 122 40
106 121 40
106 120 40
106 119 40
106 118 40
106 117 40
106 116 40
106 115 40
106 114 40
106 113 40
106 112 40
106 111 40
106 110 40
106 109 40
106 108 40
106 108 44
106 107 40
106 107 44
107 107 40
107 107 44
107 106 40
107 106 44
107 105 40
107 105 44
107 104 40
107 104 44
107 103 40
107 103 44
107 102 40
107 101 40
107 100 40
107 99 40
107 98 40
107 97 40
107 96 40
107 95 40
107 94 40
107 93 40
107 92 40
107 91 40
107 90 40
107 89 40
107 88 40
107 87 40
107 86 40
107 85 40
106 85 40
106 84 40
105 84 40
105 83 40
104 83 40
104 82 40
103 82 40
103 81 40
102 81 40
102 80 40
101 80 40
101 79 40
100 79 40
99 79 40
99 78 40
98 78 40
98 77 40
97 77 40
96 77 40
95 77 40
94 77 40
94 76 40
93 76 40
92 76 40
91 76 40
90 76 40
90 75 40
89 75 40
88 75 40
88 74 40
87 74 40
86 74 40
86 73 40
85 73 40
85 72 40
84 72 40
84 71 40
83 71 40
82 71 40
82 70 40
81 70 40
81 69 40
80 69 40
80 68 40
80 67 40
79 67 40
79 66 40
78 66 40
78 65 40
77 65 40
77 64 40
76 64 40
76 63 40
75 63 40
75 62 40
75 61 40
75 60 40
75 59 40
75 58 40
75 57 40
75 56 40
75 55 40
75 54 40
75 53 40
74 53 40
74 52 40
74 51 40
74 50 40
73 50 40
73 49 40
73 48 40
72 48 40
72 47 40
72 46 40
71 46 40
71 45 40
70 45 40
70 44 40
70 43 40
70 42 40
70 41 40
