0 0 100
0 20 100
0 40 100
0 60 100
0 80 100
0 100 100
0 120 100
0 140 100
0 160 100
0 180 100
0 199 100
11 10 100
11 30 100
11 50 100
11 70 100
11 90 100
11 110 100
11 130 100
11 150 100
11 170 100
11 190 100
22 0 100
22 20 100
22 40 100
22 60 100
22 80 100
22 100 100
22 120 100
22 140 100
22 160 100
22 180 100
22 199 100
33 10 100
33 30 100
33 50 100
33 70 100
33 90 100
33 110 100
33 130 100
33 150 100
33 170 100
33 190 100
44 0 100
44 20 100
44 40 100
44 60 100
44 80 100
44 100 100
44 120 100
44 140 100
44 160 100
44 180 100
44 199 100
55 10 100
55 30 100
55 50 100
55 70 100
55 90 100
55 110 100
55 130 100
55 150 100
55 170 100
55 190 100
66 0 100
66 20 100
66 40 100
66 60 100
66 80 100
66 100 100
66 120 100
66 140 100
66 160 100
66 180 100
66 199 100
77 10 100
77 30 100
77 50 100
77 70 100
77 90 100
77 110 100
77 130 100
77 150 100
77 170 100
77 190 100
88 0 100
88 20 100
88 40 100
88 60 100
88 80 100
88 100 100
88 120 100
88 140 100
88 160 100
88 180 100
88 199 100
99 10 100
99 30 100
99 50 100
99 70 100
99 90 100
99 110 100
99 130 100
99 150 100
99 170 100
99 190 100
110 0 100
110 20 100
110 40 100
110 60 100
110 80 100
110 100 100
110 120 100
110 140 100
110 160 100
110 180 100
110 199 100
121 10 100
121 30 100
121 50 100
121 70 100
121 90 100
121 110 100
121 130 100
121 150 100
121 170 100
121 190 100
132 0 100
132 20 100
132 40 100
132 60 100
132 80 100
132 100 100
132 120 100
132 140 100
132 160 100
132 180 100
132 199 100
143 10 100
143 30 100
143 50 100
143 70 100
143 90 100
143 110 100
143 130 100
143 150 100
143 170 100
143 190 100
154 0 100
154 20 100
154 40 100
154 60 100
154 80 100
154 100 100
154 120 100
154 140 100
154 160 100
154 180 100
154 199 100
165 10 100
165 30 100
165 50 100
165 70 100
165 90 100
165 110 100
165 130 100
165 150 100
165 170 100
165 190 100
176 0 100
176 20 100
176 40 100
176 60 100
176 80 100
176 100 100
176 120 100
176 140 100
176 160 100
176 180 100
176 199 100
187 10 100
187 30 100
187 50 100
187 70 100
187 90 100
187 110 100
187 130 100
187 150 100
187 170 100
187 190 100
198 0 100
198 20 100
198 40 100
198 60 100
198 80 100
198 100 100
198 120 100
198 140 100
198 160 100
198 180 100
198 199 100
0 0 100
0 80 100
0 100 100
0 140 100
0 160 100
11 30 100
11 70 100
11 110 100
11 130 100
11 150 100
11 170 100
22 0 100
22 40 100
22 60 100
22 80 100
22 160 100
22 199 100
33 10 100
33 30 100
33 50 100
33 70 100
33 90 100
33 150 100
33 170 100
33 190 100
44 0 100
44 40 100
44 60 100
44 120 100
44 140 100
44 160 100
44 199 100
55 10 100
55 30 100
55 110 100
55 130 100
66 0 100
66 40 100
66 60 100
66 80 100
66 120 100
66 180 100
66 199 100
77 50 100
77 70 100
77 90 100
77 110 100
77 130 100
77 150 100
77 170 100
88 0 100
88 20 100
88 60 100
88 100 100
88 140 100
88 160 100
88 199 100
99 10 100
99 30 100
99 70 100
99 90 100
99 110 100
99 150 100
99 170 100
99 190 100
110 0 100
110 20 100
110 60 100
110 80 100
110 100 100
110 120 100
110 140 100
110 160 100
110 199 100
121 10 100
121 30 100
121 70 100
121 90 100
121 110 100
121 130 100
121 150 100
121 170 100
121 190 100
132 0 100
132 20 100
132 60 100
132 120 100
132 140 100
132 160 100
132 199 100
143 10 100
143 30 100
143 130 100
143 150 100
143 170 100
143 190 100
154 20 100
154 60 100
154 80 100
154 100 100
154 120 100
154 160 100
154 180 100
165 30 100
165 70 100
165 90 100
165 110 100
165 170 100
176 20 100
176 60 100
176 80 100
176 100 100
176 140 100
176 180 100
176 199 100
187 10 100
187 30 100
187 70 100
187 110 100
187 130 100
187 170 100
187 190 100
198 20 100
198 40 100
198 60 100
198 80 100
198 120 100
198 140 100
198 160 100
198 180 100
198 199 100
104 126 40
134 79 40
112 185 40
57 95 40
199 106 40
199 106 44
199 106 48
160 150 40
160 149 40
160 148 40
160 147 40
160 146 40
160 145 40
160 144 40
160 143 40
160 142 40
159 142 40
158 142 40
157 142 40
156 142 40
155 142 40
154 142 40
153 142 40
152 142 40
151 142 40
150 142 40
149 142 40
149 142 44
148 142 40
148 142 44
147 142 40
147 142 44
147 142 48
146 142 40
146 142 44
146 142 48
146 142 52
145 142 40
145 142 44
145 142 48
145 142 52
145 142 56
144 142 40
144 142 44
144 142 48
144 142 52
144 142 56
144 142 60
143 142 40
143 142 44
143 142 48
143 142 52
143 142 56
143 142 60
143 142 64
142 142 40
142 142 44
142 142 48
142 142 52
142 142 56
142 142 60
142 142 64
142 142 68
141 142 40
141 142 44
141 142 48
141 142 52
141 142 56
141 142 60
141 142 64
141 142 68
141 142 72
140 142 40
140 142 44
140 142 48
140 142 52
140 142 56
140 142 60
140 142 64
140 142 68
140 142 72
140 142 76
139 142 40
139 142 44
139 142 48
139 142 52
139 142 56
139 142 60
139 142 64
139 142 68
139 142 72
139 142 76
139 142 80
138 142 40
138 142 44
138 142 48
138 142 52
138 142 56
138 142 60
138 142 64
138 142 68
138 142 72
138 142 76
138 142 80
138 142 84
137 142 40
137 142 44
137 142 48
137 142 52
137 142 56
137 142 60
137 142 64
137 142 68
137 142 72
137 142 76
137 142 80
136 142 40
136 142 44
136 142 48
136 142 52
136 142 56
136 142 60
136 142 64
136 142 68
136 142 72
136 142 76
136 142 80
135 142 40
135 142 44
135 142 48
135 142 52
135 142 56
135 142 60
135 142 64
135 142 68
135 142 72
135 142 76
134 142 40
134 142 44
134 142 48
134 142 52
134 142 56
134 142 60
134 142 64
134 142 68
133 142 40
133 142 44
133 142 48
133 142 52
133 142 56
133 142 60
133 142 64
133 141 40
133 141 44
133 141 48
133 141 52
133 141 56
133 141 60
132 141 40
132 141 44
132 141 48
132 141 52
132 141 56
131 140 40
131 140 44
131 140 48
131 139 40
131 139 44
131 139 48
130 139 40
130 139 44
130 138 40
130 138 44
129 138 40
129 138 44
129 137 40
128 137 40
128 136 40
127 136 40
127 135 40
126 135 40
126 135 44
126 134 40
126 134 44
125 134 40
125 134 44
125 133 40
125 133 44
125 133 48
124 133 40
124 133 44
124 133 48
124 133 52
124 132 40
124 132 44
124 132 48
124 132 52
123 132 40
123 132 44
123 132 48
123 132 52
123 131 40
123 131 44
123 131 48
123 131 52
122 131 40
122 131 44
122 131 48
122 131 52
122 131 56
122 130 40
122 130 44
122 130 48
122 130 52
121 129 40
121 129 44
121 129 48
121 129 52
120 129 40
120 129 44
120 129 48
120 129 52
120 128 40
120 128 44
120 128 48
120 128 52
119 128 40
119 128 44
119 128 48
119 128 52
119 127 40
119 127 44
119 127 48
119 127 52
118 127 40
118 127 44
118 127 48
118 127 52
118 126 40
118 126 44
118 126 48
118 126 52
117 126 40
117 126 44
117 126 48
117 126 52
116 126 40
116 126 44
116 126 48
116 126 52
115 126 40
115 126 44
115 126 48
115 126 52
114 126 40
114 126 44
114 126 48
114 126 52
114 126 56
113 126 40
113 126 44
113 126 48
113 126 52
112 126 40
112 126 44
112 126 48
112 126 52
111 126 40
111 126 44
111 126 48
110 126 40
110 126 44
109 126 40
109 126 44
108 126 40
107 126 40
106 126 40
105 126 40
198 106 40
198 106 44
198 106 48
198 106 52
198 106 56
197 106 40
197 106 44
197 106 48
197 106 52
197 106 56
197 106 60
197 106 64
197 106 68
196 106 40
196 106 44
196 106 48
196 106 52
196 106 56
196 106 60
196 106 64
196 106 68
196 106 72
196 106 76
196 106 80
196 106 84
195 106 40
195 106 44
195 106 48
195 106 52
195 106 56
195 106 60
195 106 64
195 106 68
195 106 72
195 106 76
195 106 80
195 106 84
195 106 88
195 106 92
195 106 96
195 106 100
195 106 104
194 106 40
194 106 44
194 106 48
194 106 52
194 106 56
194 106 60
194 106 64
194 106 68
194 106 72
194 106 76
194 106 80
194 106 84
194 106 88
194 106 92
194 106 96
194 106 100
194 106 104
194 106 108
194 106 112
194 106 116
194 106 120
194 106 124
193 106 40
193 106 44
193 106 48
193 106 52
193 106 56
193 106 60
193 106 64
193 106 68
193 106 72
193 106 76
193 106 80
193 106 84
193 106 88
193 106 92
193 106 96
193 106 100
193 106 104
193 106 108
193 106 112
193 106 116
193 106 120
193 106 124
193 106 128
193 106 132
193 106 136
193 106 140
192 106 40
192 106 44
192 106 48
192 106 52
192 106 56
192 106 60
192 106 64
192 106 68
192 106 72
192 106 76
192 106 80
192 106 84
192 106 88
192 106 92
192 106 96
192 106 100
192 106 104
192 106 108
192 106 112
192 106 116
192 106 120
192 106 124
192 106 128
192 106 132
192 106 136
192 106 140
192 106 144
192 106 148
192 106 152
191 106 40
191 106 44
191 106 48
191 106 52
191 106 56
191 106 60
191 106 64
191 106 68
191 106 72
191 106 76
191 106 80
191 106 84
191 106 88
191 106 92
191 106 96
191 106 100
191 106 104
191 106 108
191 106 112
191 106 116
191 106 120
191 106 124
191 106 128
191 106 132
191 106 136
191 106 140
191 106 144
191 106 148
191 106 152
191 106 156
191 106 160
190 106 40
190 106 44
190 106 48
190 106 52
190 106 56
190 106 60
190 106 64
190 106 68
190 106 72
190 106 76
190 106 80
190 106 84
190 106 88
190 106 92
190 106 96
190 106 100
190 106 104
190 106 108
190 106 112
190 106 116
190 106 120
190 106 124
190 106 128
190 106 132
190 106 136
190 106 140
190 106 144
190 106 148
190 106 152
190 106 156
190 106 160
190 106 164
190 106 168
189 106 40
189 106 44
189 106 48
189 106 52
189 106 56
189 106 60
189 106 64
189 106 68
189 106 72
189 106 76
189 106 80
189 106 84
189 106 88
189 106 92
189 106 96
189 106 100
189 106 104
189 106 108
189 106 112
189 106 116
189 106 120
189 106 124
189 106 128
189 106 132
189 106 136
189 106 140
189 106 144
189 106 148
189 106 152
189 106 156
189 106 160
189 106 164
189 106 168
188 106 40
188 106 44
188 106 48
188 106 52
188 106 56
188 106 60
188 106 64
188 106 68
188 106 72
188 106 76
188 106 80
188 106 84
188 106 88
188 106 92
188 106 96
188 106 100
188 106 104
188 106 108
188 106 112
188 106 116
188 106 120
188 106 124
188 106 128
188 106 132
188 106 136
188 106 140
188 106 144
188 106 148
188 106 152
188 106 156
188 106 160
188 106 164
188 106 168
187 106 40
187 106 44
187 106 48
187 106 52
187 106 56
187 106 60
187 106 64
187 106 68
187 106 72
187 106 76
187 106 80
187 106 84
187 106 88
187 106 92
187 106 96
187 106 100
187 106 104
187 106 108
187 106 112
187 106 116
187 106 120
187 106 124
187 106 128
187 106 132
187 106 136
187 106 140
187 106 144
187 106 148
187 106 152
187 106 156
187 106 160
187 106 164
187 106 168
186 106 40
186 106 44
186 106 48
186 106 52
186 106 56
186 106 60
186 106 64
186 106 68
186 106 72
186 106 76
186 106 80
186 106 84
186 106 88
186 106 92
186 106 96
186 106 100
186 106 104
186 106 108
186 106 112
186 106 116
186 106 120
186 106 124
186 106 128
186 106 132
186 106 136
186 106 140
186 106 144
186 106 148
186 106 152
186 106 156
186 106 160
186 106 164
186 107 40
186 107 44
186 107 48
186 107 52
186 107 56
186 107 60
186 107 64
186 107 68
186 107 72
186 107 76
186 107 80
186 107 84
186 107 88
186 107 92
186 107 96
186 107 100
186 107 104
186 107 108
186 107 112
186 107 116
186 107 120
186 107 124
186 107 128
186 107 132
186 107 136
186 107 140
186 107 144
186 107 148
186 107 152
186 107 156
186 107 160
186 108 40
186 108 44
186 108 48
186 108 52
186 108 56
186 108 60
186 108 64
186 108 68
186 108 72
186 108 76
186 108 80
186 108 84
186 108 88
186 108 92
186 108 96
186 108 100
186 108 104
186 108 108
186 108 112
186 108 116
186 108 120
186 108 124
186 108 128
186 108 132
186 108 136
186 108 140
186 108 144
186 108 148
186 108 152
186 108 156
186 109 40
186 109 44
186 109 48
186 109 52
186 109 56
186 109 60
186 109 64
186 109 68
186 109 72
186 109 76
186 109 80
186 109 84
186 109 88
186 109 92
186 109 96
186 109 100
186 109 104
186 109 108
186 109 112
186 109 116
186 109 120
186 109 124
186 109 128
186 109 132
186 109 136
186 109 140
186 109 144
186 109 148
186 109 152
186 110 40
186 110 44
186 110 48
186 110 52
186 110 56
186 110 60
186 110 64
186 110 68
186 110 72
186 110 76
186 110 80
186 110 84
186 110 88
186 110 92
186 110 96
186 110 100
186 110 104
186 110 108
186 110 112
186 110 116
186 110 120
186 110 124
186 110 128
186 110 132
186 110 136
186 110 140
186 110 144
186 110 148
186 111 40
186 111 44
186 111 48
186 111 52
186 111 56
186 111 60
186 111 64
186 111 68
186 111 72
186 111 76
186 111 80
186 111 84
186 111 88
186 111 92
186 111 96
186 111 100
186 111 104
186 111 108
186 111 112
186 111 116
186 111 120
186 111 124
186 111 128
186 111 132
186 111 136
186 111 140
186 111 144
186 111 148
186 112 40
186 112 44
186 112 48
186 112 52
186 112 56
186 112 60
186 112 64
186 112 68
186 112 72
186 112 76
186 112 80
186 112 84
186 112 88
186 112 92
186 112 96
186 112 100
186 112 104
186 112 108
186 112 112
186 112 116
186 112 120
186 112 124
186 112 128
186 112 132
186 112 136
186 112 140
186 112 144
186 112 148
186 113 40
186 113 44
186 113 48
186 113 52
186 113 56
186 113 60
186 113 64
186 113 68
186 113 72
186 113 76
186 113 80
186 113 84
186 113 88
186 113 92
186 113 96
186 113 100
186 113 104
186 113 108
186 113 112
186 113 116
186 113 120
186 113 124
186 113 128
186 113 132
186 113 136
186 113 140
186 113 144
186 113 148
186 114 40
186 114 44
186 114 48
186 114 52
186 114 56
186 114 60
186 114 64
186 114 68
186 114 72
186 114 76
186 114 80
186 114 84
186 114 88
186 114 92
186 114 96
186 114 100
186 114 104
186 114 108
186 114 112
186 114 116
186 114 120
186 114 124
186 114 128
186 114 132
186 114 136
186 114 140
186 114 144
185 114 40
185 114 44
185 114 48
185 114 52
185 114 56
185 114 60
185 114 64
185 114 68
185 114 72
185 114 76
185 114 80
185 114 84
185 114 88
185 114 92
185 114 96
185 114 100
185 114 104
185 114 108
185 114 112
185 114 116
185 114 120
185 114 124
185 114 128
185 114 132
185 115 40
185 115 44
185 115 48
185 115 52
185 115 56
185 115 60
185 115 64
185 115 68
185 115 72
185 115 76
185 115 80
185 115 84
185 115 88
185 115 92
185 115 96
185 115 100
185 115 104
185 115 108
185 115 112
185 115 116
185 115 120
185 115 124
185 115 128
184 115 40
184 115 44
184 115 48
184 115 52
184 115 56
184 115 60
184 115 64
184 115 68
184 115 72
184 115 76
184 115 80
184 115 84
184 115 88
184 115 92
184 115 96
184 115 100
184 115 104
184 115 108
184 115 112
184 115 116
184 116 40
184 116 44
184 116 48
184 116 52
184 116 56
184 116 60
184 116 64
184 116 68
184 116 72
184 116 76
184 116 80
184 116 84
184 116 88
184 116 92
184 116 96
184 116 100
184 116 104
184 116 108
183 116 40
183 116 44
183 116 48
183 116 52
183 116 56
183 116 60
183 116 64
183 116 68
183 116 72
183 116 76
183 116 80
183 116 84
183 116 88
183 116 92
183 116 96
183 117 40
183 117 44
183 117 48
183 117 52
183 117 56
183 117 60
183 117 64
183 117 68
183 117 72
183 117 76
183 117 80
183 117 84
183 117 88
183 117 92
182 117 40
182 117 44
182 117 48
182 117 52
182 117 56
182 117 60
182 117 64
182 117 68
182 117 72
182 117 76
182 117 80
182 117 84
182 118 40
182 118 44
182 118 48
182 118 52
182 118 56
182 118 60
182 118 64
182 118 68
182 118 72
182 118 76
181 118 40
181 118 44
181 118 48
181 118 52
181 118 56
181 118 60
181 118 64
181 118 68
181 118 72
181 119 40
181 119 44
181 119 48
181 119 52
181 119 56
181 119 60
181 119 64
181 119 68
180 119 40
180 119 44
180 119 48
180 119 52
180 119 56
180 119 60
180 120 40
180 120 44
180 120 48
180 120 52
180 120 56
180 120 60
179 120 40
179 120 44
179 120 48
179 120 52
179 120 56
179 121 40
179 121 44
179 121 48
179 121 52
178 121 40
178 121 44
178 121 48
178 122 40
178 122 44
178 122 48
177 122 40
177 122 44
177 122 48
177 123 40
177 123 44
177 123 48
176 123 40
176 123 44
176 124 40
176 124 44
176 124 48
175 124 40
175 124 44
175 125 40
175 125 44
175 125 48
174 125 40
174 125 44
174 125 48
174 126 40
174 126 44
174 126 48
174 126 52
174 127 40
174 127 44
174 127 48
174 127 52
174 127 56
173 127 40
173 127 44
173 127 48
173 127 52
173 127 56
173 128 40
173 128 44
173 128 48
173 128 52
173 128 56
173 128 60
172 128 40
172 128 44
172 128 48
172 128 52
172 128 56
172 129 40
172 129 44
172 129 48
172 129 52
172 129 56
172 129 60
171 129 40
171 129 44
171 129 48
171 129 52
171 130 40
171 130 44
171 130 48
171 130 52
171 130 56
170 130 40
170 130 44
170 130 48
170 131 40
170 131 44
170 131 48
170 132 40
170 132 44
170 132 48
169 132 40
169 132 44
169 133 40
169 133 44
168 133 40
168 134 40
167 134 40
167 135 40
166 135 40
166 136 40
166 137 40
165 137 40
165 138 40
164 138 40
164 139 40
163 139 40
163 140 40
162 140 40
162 141 40
161 141 40
161 142 40
