0 0 100
0 20 100
0 40 100
0 60 100
0 80 100
0 100 100
0 120 100
0 140 100
0 160 100
0 180 100
0 199 100
11 10 100
11 30 100
11 50 100
11 70 100
11 90 100
11 110 100
11 130 100
11 150 100
11 170 100
11 190 100
22 0 100
22 20 100
22 40 100
22 60 100
22 80 100
22 100 100
22 120 100
22 140 100
22 160 100
22 180 100
22 199 100
33 10 100
33 30 100
33 50 100
33 70 100
33 90 100
33 110 100
33 130 100
33 150 100
33 170 100
33 190 100
44 0 100
44 20 100
44 40 100
44 60 100
44 80 100
44 100 100
44 120 100
44 140 100
44 160 100
44 180 100
44 199 100
55 10 100
55 30 100
55 50 100
55 70 100
55 90 100
55 110 100
55 130 100
55 150 100
55 170 100
55 190 100
66 0 100
66 20 100
66 40 100
66 60 100
66 80 100
66 100 100
66 120 100
66 140 100
66 160 100
66 180 100
66 199 100
77 10 100
77 30 100
77 50 100
77 70 100
77 90 100
77 110 100
77 130 100
77 150 100
77 170 100
77 190 100
88 0 100
88 20 100
88 40 100
88 60 100
88 80 100
88 100 100
88 120 100
88 140 100
88 160 100
88 180 100
88 199 100
99 10 100
99 30 100
99 50 100
99 70 100
99 90 100
99 110 100
99 130 100
99 150 100
99 170 100
99 190 100
110 0 100
110 20 100
110 40 100
110 60 100
110 80 100
110 100 100
110 120 100
110 140 100
110 160 100
110 180 100
110 199 100
121 10 100
121 30 100
121 50 100
121 70 100
121 90 100
121 110 100
121 130 100
121 150 100
121 170 100
121 190 100
132 0 100
132 20 100
132 40 100
132 60 100
132 80 100
132 100 100
132 120 100
132 140 100
132 160 100
132 180 100
132 199 100
143 10 100
143 30 100
143 50 100
143 70 100
143 90 100
143 110 100
143 130 100
143 150 100
143 170 100
143 190 100
154 0 100
154 20 100
154 40 100
154 60 100
154 80 100
154 100 100
154 120 100
154 140 100
154 160 100
154 180 100
154 199 100
165 10 100
165 30 100
165 50 100
165 70 100
165 90 100
165 110 100
165 130 100
165 150 100
165 170 100
165 190 100
176 0 100
176 20 100
176 40 100
176 60 100
176 80 100
176 100 100
176 120 100
176 140 100
176 160 100
176 180 100
176 199 100
187 10 100
187 30 100
187 50 100
187 70 100
187 90 100
187 110 100
187 130 100
187 150 100
187 170 100
187 190 100
198 0 100
198 20 100
198 40 100
198 60 100
198 80 100
198 100 100
198 120 100
198 140 100
198 160 100
198 180 100
198 199 100
0 0 100
0 20 100
0 40 100
0 60 100
0 80 100
0 120 100
0 140 100
0 160 100
0 199 100
11 10 100
11 30 100
11 70 100
11 90 100
11 110 100
11 130 100
22 0 100
22 20 100
22 40 100
22 80 100
22 100 100
22 140 100
22 160 100
22 180 100
22 199 100
33 10 100
33 30 100
33 70 100
33 90 100
33 130 100
33 150 100
33 190 100
44 0 100
44 80 100
44 120 100
44 160 100
55 10 100
55 50 100
55 70 100
55 90 100
55 110 100
55 150 100
55 190 100
66 0 100
66 40 100
66 60 100
66 80 100
66 100 100
66 120 100
66 140 100
66 160 100
66 180 100
77 10 100
77 50 100
77 90 100
77 110 100
77 130 100
77 150 100
77 170 100
77 190 100
88 0 100
88 60 100
88 80 100
88 140 100
88 160 100
99 30 100
99 50 100
99 70 100
99 90 100
99 110 100
99 130 100
99 190 100
110 20 100
110 100 100
110 120 100
110 140 100
110 160 100
110 199 100
121 10 100
121 70 100
121 110 100
121 130 100
121 170 100
121 190 100
132 0 100
132 40 100
132 60 100
132 80 100
132 120 100
132 140 100
132 160 100
132 199 100
143 10 100
143 30 100
143 50 100
143 90 100
143 110 100
143 130 100
143 150 100
154 0 100
154 20 100
154 40 100
154 80 100
154 120 100
154 140 100
154 160 100
165 30 100
165 70 100
165 90 100
165 130 100
165 170 100
165 190 100
176 40 100
176 60 100
176 80 100
176 100 100
176 120 100
176 140 100
176 160 100
176 180 100
187 10 100
187 50 100
187 70 100
187 90 100
187 110 100
187 150 100
187 170 100
187 190 100
198 0 100
198 180 100
198 199 100
7 182 40
181 30 40
192 78 40
192 78 42
192 78 44
192 78 46
192 78 48
192 78 50
8 47 40
196 133 40
68 28 40
47 137 40
119 32 40
47 138 40
47 139 40
47 140 40
47 141 40
46 141 40
46 142 40
46 143 40
46 144 40
46 145 40
46 146 40
46 147 40
46 148 40
46 149 40
46 149 42
46 150 40
46 150 42
46 150 44
46 151 40
46 151 42
46 151 44
46 151 46
46 151 48
46 152 40
46 152 42
46 152 44
46 152 46
46 152 48
46 152 50
46 152 52
46 153 40
46 153 42
46 153 44
46 153 46
46 153 48
46 153 50
46 153 52
46 153 54
46 153 56
46 153 58
46 154 40
46 154 42
46 154 44
46 154 46
46 154 48
46 154 50
46 154 52
46 154 54
46 154 56
46 154 58
46 154 60
46 154 62
46 155 40
46 155 42
46 155 44
46 155 46
46 155 48
46 155 50
46 155 52
46 155 54
46 155 56
46 155 58
46 155 60
46 155 62
46 155 64
46 156 40
46 156 42
46 156 44
46 156 46
46 156 48
46 156 50
46 156 52
46 156 54
46 156 56
46 156 58
46 156 60
46 156 62
46 157 40
46 157 42
46 157 44
46 157 46
46 157 48
46 157 50
46 157 52
46 157 54
46 157 56
46 157 58
46 158 40
46 158 42
46 158 44
46 158 46
46 158 48
46 158 50
46 158 52
46 158 54
46 159 40
46 159 42
46 159 44
46 159 46
46 159 48
46 160 40
46 160 42
46 160 44
46 161 40
46 161 42
46 162 40
46 163 40
46 164 40
46 165 40
46 166 40
46 167 40
46 168 40
46 169 40
46 170 40
46 171 40
46 172 40
45 172 40
44 172 40
43 172 40
42 172 40
41 172 40
40 172 40
39 172 40
38 172 40
37 172 40
36 172 40
35 172 40
34 172 40
33 172 40
33 172 42
32 172 40
32 172 42
31 172 40
31 172 42
30 172 40
30 172 42
29 172 40
29 172 42
29 172 44
28 172 40
28 172 42
28 172 44
28 172 46
27 172 40
27 172 42
27 172 44
27 172 46
27 172 48
26 172 40
26 172 42
26 172 44
26 172 46
26 172 48
26 172 50
25 172 40
25 172 42
25 172 44
25 172 46
25 172 48
25 172 50
25 172 52
25 172 54
24 172 40
24 172 42
24 172 44
24 172 46
24 172 48
24 172 50
24 172 52
24 172 54
23 172 40
23 172 42
23 172 44
23 172 46
23 172 48
23 172 50
23 172 52
23 172 54
23 172 56
22 172 40
22 172 42
22 172 44
22 172 46
22 172 48
22 172 50
22 172 52
22 172 54
22 172 56
21 172 40
21 172 42
21 172 44
21 172 46
21 172 48
21 172 50
21 172 52
21 172 54
21 172 56
20 172 40
20 172 42
20 172 44
20 172 46
20 172 48
20 172 50
20 172 52
20 172 54
19 172 40
19 172 42
19 172 44
19 172 46
19 172 48
19 172 50
18 172 40
18 172 42
18 172 44
18 172 46
17 172 40
17 172 42
17 172 44
16 172 40
16 172 42
15 172 40
14 172 40
13 172 40
12 172 40
12 173 40
11 173 40
11 174 40
10 174 40
10 175 40
9 175 40
9 176 40
8 176 40
8 177 40
7 177 40
7 178 40
7 179 40
7 180 40
7 181 40
119 33 40
119 34 40
119 35 40
119 36 40
119 37 40
118 37 40
118 38 40
117 38 40
117 39 40
117 40 40
117 41 40
117 42 40
117 43 40
117 44 40
117 45 40
117 46 40
117 47 40
117 48 40
117 49 40
117 50 40
117 51 40
117 52 40
117 53 40
117 54 40
117 55 40
117 56 40
117 57 40
116 57 40
116 58 40
115 58 40
115 59 40
114 59 40
114 60 40
113 60 40
113 61 40
112 61 40
112 61 42
112 62 40
112 62 42
112 63 40
112 63 42
112 63 44
112 64 40
112 64 42
112 64 44
112 64 46
112 65 40
112 65 42
112 65 44
112 65 46
112 65 48
112 66 40
112 66 42
112 66 44
112 66 46
112 66 48
112 67 40
112 67 42
112 67 44
112 67 46
112 67 48
112 68 40
112 68 42
112 68 44
112 68 46
112 68 48
112 69 40
112 69 42
112 69 44
112 69 46
112 69 48
112 69 50
112 70 40
112 70 42
112 70 44
112 70 46
112 70 48
112 70 50
112 71 40
112 71 42
112 71 44
112 71 46
112 71 48
112 71 50
112 72 40
112 72 42
112 72 44
112 72 46
112 72 48
112 73 40
112 73 42
112 73 44
112 73 46
112 74 40
112 74 42
112 74 44
112 75 40
112 75 42
112 76 40
112 76 42
112 77 40
112 78 40
112 79 40
112 80 40
112 81 40
112 82 40
112 83 40
113 83 40
113 84 40
114 84 40
114 85 40
115 85 40
115 86 40
116 86 40
116 87 40
117 87 40
117 88 40
117 89 40
117 90 40
117 91 40
117 92 40
117 93 40
117 94 40
117 95 40
117 95 42
117 96 40
117 96 42
117 97 40
117 97 42
117 98 40
117 99 40
117 100 40
117 101 40
116 101 40
116 102 40
115 102 40
114 102 40
114 103 40
113 103 40
112 103 40
112 104 40
111 104 40
111 104 42
110 104 40
110 104 42
110 105 40
110 105 42
109 105 40
109 105 42
109 105 44
108 105 40
108 105 42
108 105 44
108 105 46
108 106 40
108 106 42
108 106 44
108 106 46
107 106 40
107 106 42
107 106 44
107 106 46
107 106 48
107 106 50
107 107 40
107 107 42
107 107 44
107 107 46
107 107 48
106 107 40
106 107 42
106 107 44
106 107 46
106 107 48
106 107 50
105 107 40
105 107 42
105 107 44
105 107 46
105 107 48
105 107 50
105 107 52
105 108 40
105 108 42
105 108 44
105 108 46
105 108 48
105 108 50
104 108 40
104 108 42
104 108 44
104 108 46
104 108 48
104 108 50
104 108 52
104 109 40
104 109 42
104 109 44
104 109 46
104 109 48
104 109 50
103 109 40
103 109 42
103 109 44
103 109 46
103 109 48
102 109 40
102 109 42
102 109 44
102 109 46
102 109 48
102 110 40
102 110 42
102 110 44
102 110 46
101 110 40
101 110 42
101 110 44
101 110 46
100 110 40
100 110 42
100 110 44
100 110 46
99 111 40
99 111 42
99 111 44
99 111 46
98 111 40
98 111 42
98 111 44
98 111 46
98 111 48
98 112 40
98 112 42
98 112 44
98 112 46
98 112 48
97 112 40
97 112 42
97 112 44
97 112 46
97 112 48
97 113 40
97 113 42
97 113 44
97 113 46
97 113 48
97 114 40
97 114 42
97 114 44
97 114 46
97 114 48
97 114 50
96 114 40
96 114 42
96 114 44
96 114 46
96 114 48
96 114 50
96 115 40
96 115 42
96 115 44
96 115 46
96 115 48
96 115 50
96 115 52
95 115 40
95 115 42
95 115 44
95 115 46
95 115 48
95 115 50
95 116 40
95 116 42
95 116 44
95 116 46
95 116 48
95 116 50
95 117 40
95 117 42
95 117 44
95 117 46
95 117 48
95 117 50
95 117 52
94 117 40
94 117 42
94 117 44
94 117 46
94 117 48
94 118 40
94 118 42
94 118 44
94 118 46
94 118 48
93 118 40
93 118 42
93 118 44
93 118 46
93 119 40
93 119 42
93 119 44
92 119 40
92 119 42
92 120 40
92 120 42
91 120 40
91 120 42
91 121 40
91 121 42
90 121 40
90 121 42
90 122 40
90 122 42
89 122 40
89 122 42
89 123 40
89 123 42
88 123 40
88 123 42
88 124 40
88 124 42
88 125 40
88 125 42
88 125 44
87 125 40
87 125 42
87 125 44
87 126 40
87 126 42
87 126 44
87 127 40
87 127 42
87 127 44
87 127 46
86 127 40
86 127 42
86 127 44
85 127 40
85 127 42
85 127 44
84 127 40
84 127 42
84 127 44
84 127 46
83 127 40
83 127 42
83 127 44
83 127 46
82 127 40
82 127 42
82 127 44
82 127 46
82 127 48
81 127 40
81 127 42
81 127 44
81 127 46
81 127 48
81 127 50
80 127 40
80 127 42
80 127 44
80 127 46
80 127 48
80 127 50
80 127 52
79 127 40
79 127 42
79 127 44
79 127 46
79 127 48
79 127 50
79 127 52
79 127 54
78 127 40
78 127 42
78 127 44
78 127 46
78 127 48
78 127 50
78 127 52
78 127 54
78 127 56
77 127 40
77 127 42
77 127 44
77 127 46
77 127 48
77 127 50
77 127 52
77 127 54
77 127 56
77 127 58
77 127 60
76 127 40
76 127 42
76 127 44
76 127 46
76 127 48
76 127 50
76 127 52
76 127 54
76 127 56
76 127 58
76 127 60
76 127 62
75 127 40
75 127 42
75 127 44
75 127 46
75 127 48
75 127 50
75 127 52
75 127 54
75 127 56
75 127 58
75 127 60
75 127 62
75 127 64
74 127 40
74 127 42
74 127 44
74 127 46
74 127 48
74 127 50
74 127 52
74 127 54
74 127 56
74 127 58
74 127 60
74 127 62
74 127 64
73 127 40
73 127 42
73 127 44
73 127 46
73 127 48
73 127 50
73 127 52
73 127 54
73 127 56
73 127 58
73 127 60
73 127 62
73 127 64
73 127 66
72 127 40
72 127 42
72 127 44
72 127 46
72 127 48
72 127 50
72 127 52
72 127 54
72 127 56
72 127 58
72 127 60
72 127 62
72 127 64
72 127 66
72 127 68
71 127 40
71 127 42
71 127 44
71 127 46
71 127 48
71 127 50
71 127 52
71 127 54
71 127 56
71 127 58
71 127 60
71 127 62
71 127 64
71 127 66
71 127 68
71 127 70
70 127 40
70 127 42
70 127 44
70 127 46
70 127 48
70 127 50
70 127 52
70 127 54
70 127 56
70 127 58
70 127 60
70 127 62
70 127 64
70 127 66
70 127 68
70 127 70
70 127 72
70 127 74
69 127 40
69 127 42
69 127 44
69 127 46
69 127 48
69 127 50
69 127 52
69 127 54
69 127 56
69 127 58
69 127 60
69 127 62
69 127 64
69 127 66
69 127 68
69 127 70
69 127 72
69 127 74
68 127 40
68 127 42
68 127 44
68 127 46
68 127 48
68 127 50
68 127 52
68 127 54
68 127 56
68 127 58
68 127 60
68 127 62
68 127 64
68 127 66
68 127 68
68 127 70
68 127 72
67 127 40
67 127 42
67 127 44
67 127 46
67 127 48
67 127 50
67 127 52
67 127 54
67 127 56
67 127 58
67 127 60
67 127 62
67 127 64
67 127 66
67 127 68
66 127 40
66 127 42
66 127 44
66 127 46
66 127 48
66 127 50
66 127 52
66 127 54
66 127 56
66 127 58
66 127 60
65 127 40
65 127 42
65 127 44
65 127 46
65 127 48
65 127 50
65 127 52
64 127 40
64 127 42
64 127 44
64 127 46
64 127 48
63 127 40
63 127 42
63 127 44
62 127 40
62 127 42
61 127 40
61 128 40
60 128 40
60 129 40
59 129 40
59 130 40
58 130 40
58 131 40
57 131 40
57 132 40
56 132 40
56 133 40
55 133 40
55 134 40
54 134 40
54 135 40
53 135 40
53 136 40
52 136 40
52 137 40
51 137 40
50 137 40
49 137 40
48 137 40
68 27 40
68 26 40
69 26 40
70 26 40
71 26 40
72 26 40
73 26 40
74 26 40
75 26 40
76 26 40
77 26 40
78 26 40
79 26 40
80 26 40
81 26 40
82 26 40
82 27 40
83 27 40
83 28 40
83 29 40
83 30 40
83 31 40
83 32 40
83 33 40
84 33 40
84 34 40
84 35 40
85 35 40
85 36 40
85 37 40
86 37 40
86 38 40
86 38 42
87 38 40
87 39 40
87 39 42
88 39 40
88 39 42
89 40 40
89 40 42
89 41 40
89 41 42
89 41 44
90 41 40
90 41 42
90 41 44
90 41 46
90 42 40
90 42 42
90 42 44
90 42 46
90 42 48
91 42 40
91 42 42
91 42 44
91 42 46
91 42 48
91 42 50
92 42 40
92 42 42
92 42 44
92 42 46
92 42 48
92 42 50
93 42 40
93 42 42
93 42 44
93 42 46
93 42 48
93 42 50
93 42 52
94 42 40
94 42 42
94 42 44
94 42 46
94 42 48
94 42 50
94 42 52
94 42 54
95 42 40
95 42 42
95 42 44
95 42 46
95 42 48
95 42 50
95 42 52
95 42 54
96 42 40
96 42 42
96 42 44
96 42 46
96 42 48
96 42 50
96 42 52
96 42 54
97 42 40
97 42 42
97 42 44
97 42 46
97 42 48
97 42 50
97 42 52
97 42 54
98 42 40
98 42 42
98 42 44
98 42 46
98 42 48
98 42 50
98 42 52
98 42 54
98 42 56
99 42 40
99 42 42
99 42 44
99 42 46
99 42 48
99 42 50
99 42 52
99 42 54
99 42 56
100 42 40
100 42 42
100 42 44
100 42 46
100 42 48
100 42 50
100 42 52
100 42 54
100 42 56
101 42 40
101 42 42
101 42 44
101 42 46
101 42 48
101 42 50
101 42 52
101 42 54
101 42 56
102 42 40
102 42 42
102 42 44
102 42 46
102 42 48
102 42 50
102 42 52
102 42 54
102 42 56
103 42 40
103 42 42
103 42 44
103 42 46
103 42 48
103 42 50
103 42 52
103 42 54
104 42 40
104 42 42
104 42 44
104 42 46
104 42 48
104 42 50
105 42 40
105 42 42
105 42 44
105 42 46
105 42 48
106 42 40
106 42 42
106 42 44
107 42 40
107 42 42
108 42 40
108 42 42
109 42 40
109 42 42
110 42 40
111 42 40
112 42 40
113 42 40
114 42 40
115 42 40
116 42 40
8 48 40
8 49 40
8 50 40
8 51 40
8 52 40
8 53 40
8 54 40
9 54 40
10 54 40
11 54 40
12 54 40
12 55 40
13 55 40
14 55 40
15 55 40
15 56 40
16 56 40
17 56 40
18 56 40
18 57 40
19 57 40
20 57 40
21 57 40
22 57 40
23 57 40
24 57 40
24 57 42
25 57 40
25 57 42
26 57 40
26 57 42
27 57 40
27 57 42
28 57 40
28 57 42
29 57 40
30 57 40
30 56 40
31 56 40
31 55 40
32 55 40
33 55 40
33 54 40
34 54 40
35 54 40
35 53 40
36 53 40
37 53 40
37 52 40
38 52 40
38 51 40
38 50 40
39 50 40
39 49 40
40 49 40
40 48 40
41 48 40
41 47 40
42 47 40
42 46 40
42 45 40
43 45 40
43 44 40
44 44 40
44 43 40
45 43 40
45 42 40
46 42 40
46 41 40
47 41 40
47 40 40
48 40 40
48 39 40
49 39 40
49 38 40
50 38 40
50 37 40
51 37 40
51 36 40
51 35 40
52 35 40
52 34 40
53 34 40
53 33 40
54 33 40
54 32 40
54 31 40
55 31 40
56 31 40
56 30 40
57 30 40
58 30 40
58 29 40
59 29 40
60 29 40
60 28 40
61 28 40
61 27 40
62 27 40
63 27 40
63 26 40
64 26 40
65 26 40
66 26 40
67 26 40
180 30 40
179 30 40
178 30 40
177 30 40
176 30 40
175 30 40
174 30 40
173 30 40
173 31 40
173 31 42
173 32 40
173 32 42
173 32 44
173 33 40
173 33 42
173 33 44
173 33 46
173 34 40
173 34 42
173 34 44
173 34 46
173 34 48
173 35 40
173 35 42
173 35 44
173 35 46
173 35 48
173 35 50
173 35 52
173 36 40
173 36 42
173 36 44
173 36 46
173 36 48
173 36 50
173 36 52
173 36 54
173 37 40
173 37 42
173 37 44
173 37 46
173 37 48
173 37 50
173 37 52
173 37 54
173 37 56
173 38 40
173 38 42
173 38 44
173 38 46
173 38 48
173 38 50
173 38 52
173 38 54
173 38 56
173 39 40
173 39 42
173 39 44
173 39 46
173 39 48
173 39 50
173 39 52
173 39 54
173 39 56
173 40 40
173 40 42
173 40 44
173 40 46
173 40 48
173 40 50
173 40 52
173 40 54
173 41 40
173 41 42
173 41 44
173 41 46
173 41 48
173 41 50
173 41 52
173 41 54
173 42 40
173 42 42
173 42 44
173 42 46
173 42 48
173 42 50
173 42 52
173 42 54
173 42 56
173 43 40
173 43 42
173 43 44
173 43 46
173 43 48
173 43 50
173 43 52
173 43 54
173 43 56
173 44 40
173 44 42
173 44 44
173 44 46
173 44 48
173 44 50
173 44 52
173 44 54
173 44 56
173 44 58
173 45 40
173 45 42
173 45 44
173 45 46
173 45 48
173 45 50
173 45 52
173 45 54
173 45 56
173 45 58
173 45 60
173 46 40
173 46 42
173 46 44
173 46 46
173 46 48
173 46 50
173 46 52
173 46 54
173 46 56
173 46 58
173 46 60
173 46 62
172 46 40
172 46 42
172 46 44
172 46 46
172 46 48
172 46 50
172 46 52
172 46 54
172 46 56
172 47 40
172 47 42
172 47 44
172 47 46
172 47 48
172 47 50
172 47 52
172 47 54
172 47 56
171 47 40
171 47 42
171 47 44
171 47 46
171 47 48
171 47 50
171 48 40
171 48 42
171 48 44
171 48 46
171 48 48
171 48 50
170 48 40
170 48 42
170 48 44
170 49 40
170 49 42
170 49 44
169 49 40
169 49 42
169 50 40
169 50 42
168 50 40
168 51 40
168 51 42
167 51 40
167 52 40
166 52 40
166 53 40
165 53 40
165 54 40
164 54 40
164 55 40
163 55 40
163 56 40
162 56 40
162 57 40
161 57 40
161 58 40
160 58 40
159 58 40
159 59 40
158 59 40
158 60 40
157 60 40
157 61 40
156 61 40
156 62 40
155 62 40
155 63 40
154 63 40
154 64 40
153 64 40
153 65 40
152 65 40
152 66 40
151 66 40
150 66 40
150 67 40
149 67 40
148 67 40
147 67 40
146 67 40
145 67 40
144 67 40
143 67 40
142 67 40
141 67 40
140 67 40
140 67 42
140 66 40
139 66 40
139 66 42
138 66 40
138 66 42
138 65 40
138 65 42
137 65 40
137 65 42
137 64 40
137 64 42
136 64 40
136 64 42
136 63 40
136 63 42
135 63 40
135 63 42
135 62 40
135 62 42
134 62 40
134 62 42
134 62 44
133 62 40
133 62 42
133 62 44
133 61 40
133 61 42
133 61 44
132 61 40
132 61 42
132 61 44
132 61 46
131 60 40
131 60 42
131 60 44
131 60 46
131 59 40
131 59 42
131 59 44
131 59 46
130 59 40
130 59 42
130 59 44
130 59 46
130 58 40
130 58 42
130 58 44
130 58 46
129 58 40
129 58 42
129 58 44
129 58 46
129 57 40
129 57 42
129 57 44
129 57 46
129 57 48
128 57 40
128 57 42
128 57 44
128 57 46
127 57 40
127 57 42
127 57 44
127 57 46
127 56 40
127 56 42
127 56 44
127 56 46
127 56 48
126 56 40
126 56 42
126 56 44
126 56 46
125 56 40
125 56 42
125 56 44
125 56 46
124 56 40
124 56 42
124 56 44
123 56 40
123 56 42
122 56 40
121 56 40
120 56 40
119 56 40
118 56 40
193 78 40
193 78 42
193 78 44
193 78 46
194 78 40
194 78 42
195 78 40
195 78 42
196 78 40
196 78 42
197 78 40
198 78 40
199 78 40
199 77 40
199 76 40
199 75 40
199 74 40
199 73 40
199 72 40
199 71 40
199 70 40
199 69 40
199 68 40
199 67 40
199 66 40
199 65 40
199 64 40
199 63 40
199 62 40
199 61 40
199 60 40
199 59 40
199 58 40
199 57 40
199 57 42
199 56 40
199 56 42
199 55 40
199 55 42
199 54 40
199 54 42
199 54 44
199 53 40
199 53 42
199 52 40
199 52 42
199 51 40
199 51 42
199 50 40
199 50 42
199 49 40
199 49 42
199 48 40
199 47 40
199 46 40
199 45 40
199 44 40
199 43 40
199 42 40
199 41 40
199 40 40
199 39 40
199 38 40
199 37 40
198 37 40
197 37 40
197 36 40
196 36 40
196 35 40
195 35 40
195 34 40
194 34 40
194 33 40
194 32 40
194 31 40
193 31 40
193 30 40
192 30 40
191 30 40
190 30 40
189 30 40
188 30 40
186 30 40
185 30 40
184 30 40
183 30 40
182 30 40
196 132 40
196 131 40
196 130 40
196 129 40
196 128 40
196 127 40
196 126 40
197 126 40
197 125 40
198 125 40
199 125 40
199 124 40
199 123 40
199 122 40
199 121 40
199 121 42
199 120 40
199 120 42
199 120 44
199 119 40
199 119 42
199 119 44
199 119 46
199 118 40
199 118 42
199 118 44
199 118 46
199 118 48
199 118 50
199 118 52
199 117 40
199 117 42
199 117 44
199 117 46
199 117 48
199 117 50
199 117 52
199 117 54
199 117 56
199 117 58
199 117 60
199 116 40
199 116 42
199 116 44
199 116 46
199 116 48
199 116 50
199 116 52
199 116 54
199 116 56
199 116 58
199 116 60
199 116 62
199 116 64
199 116 66
199 116 68
199 115 40
199 115 42
199 115 44
199 115 46
199 115 48
199 115 50
199 115 52
199 115 54
199 115 56
199 115 58
199 115 60
199 115 62
199 115 64
199 115 66
199 115 68
199 115 70
199 115 72
199 115 74
199 115 76
199 114 40
199 114 42
199 114 44
199 114 46
199 114 48
199 114 50
199 114 52
199 114 54
199 114 56
199 114 58
199 114 60
199 114 62
199 114 64
199 114 66
199 114 68
199 114 70
199 114 72
199 114 74
199 114 76
199 114 78
199 114 80
199 114 82
199 113 40
199 113 42
199 113 44
199 113 46
199 113 48
199 113 50
199 113 52
199 113 54
199 113 56
199 113 58
199 113 60
199 113 62
199 113 64
199 113 66
199 113 68
199 113 70
199 113 72
199 113 74
199 113 76
199 113 78
199 113 80
199 113 82
199 112 40
199 112 42
199 112 44
199 112 46
199 112 48
199 112 50
199 112 52
199 112 54
199 112 56
199 112 58
199 112 60
199 112 62
199 112 64
199 112 66
199 112 68
199 112 70
199 112 72
199 112 74
199 112 76
199 112 78
199 112 80
199 111 40
199 111 42
199 111 44
199 111 46
199 111 48
199 111 50
199 111 52
199 111 54
199 111 56
199 111 58
199 111 60
199 111 62
199 111 64
199 111 66
199 111 68
199 111 70
199 111 72
199 111 74
199 111 76
199 110 40
199 110 42
199 110 44
199 110 46
199 110 48
199 110 50
199 110 52
199 110 54
199 110 56
199 110 58
199 110 60
199 110 62
199 110 64
199 110 66
199 110 68
199 110 70
199 109 40
199 109 42
199 109 44
199 109 46
199 109 48
199 109 50
199 109 52
199 109 54
199 109 56
199 109 58
199 109 60
199 109 62
199 109 64
199 108 40
199 108 42
199 108 44
199 108 46
199 108 48
199 108 50
199 108 52
199 108 54
199 108 56
199 107 40
199 107 42
199 107 44
199 107 46
199 107 48
199 107 50
199 106 40
199 106 42
199 106 44
199 106 46
199 105 40
199 105 42
199 105 44
199 104 40
199 104 42
199 103 40
199 102 40
199 101 40
199 100 40
199 99 40
199 98 40
199 97 40
199 96 40
199 95 40
199 94 40
199 93 40
199 92 40
199 91 40
199 90 40
199 89 40
199 88 40
199 87 40
199 86 40
199 85 40
199 84 40
199 83 40
199 83 42
199 82 40
199 82 42
199 81 40
199 81 42
199 80 40
199 80 42
199 79 40
