0 0 100
0 20 100
0 40 100
0 60 100
0 80 100
0 100 100
0 120 100
0 140 100
0 160 100
0 180 100
0 199 100
11 10 100
11 30 100
11 50 100
11 70 100
11 90 100
11 110 100
11 130 100
11 150 100
11 170 100
11 190 100
22 0 100
22 20 100
22 40 100
22 60 100
22 80 100
22 100 100
22 120 100
22 140 100
22 160 100
22 180 100
22 199 100
33 10 100
33 30 100
33 50 100
33 70 100
33 90 100
33 110 100
33 130 100
33 150 100
33 170 100
33 190 100
44 0 100
44 20 100
44 40 100
44 60 100
44 80 100
44 100 100
44 120 100
44 140 100
44 160 100
44 180 100
44 199 100
55 10 100
55 30 100
55 50 100
55 70 100
55 90 100
55 110 100
55 130 100
55 150 100
55 170 100
55 190 100
66 0 100
66 20 100
66 40 100
66 60 100
66 80 100
66 100 100
66 120 100
66 140 100
66 160 100
66 180 100
66 199 100
77 10 100
77 30 100
77 50 100
77 70 100
77 90 100
77 110 100
77 130 100
77 150 100
77 170 100
77 190 100
88 0 100
88 20 100
88 40 100
88 60 100
88 80 100
88 100 100
88 120 100
88 140 100
88 160 100
88 180 100
88 199 100
99 10 100
99 30 100
99 50 100
99 70 100
99 90 100
99 110 100
99 130 100
99 150 100
99 170 100
99 190 100
110 0 100
110 20 100
110 40 100
110 60 100
110 80 100
110 100 100
110 120 100
110 140 100
110 160 100
110 180 100
110 199 100
121 10 100
121 30 100
121 50 100
121 70 100
121 90 100
121 110 100
121 130 100
121 150 100
121 170 100
121 190 100
132 0 100
132 20 100
132 40 100
132 60 100
132 80 100
132 100 100
132 120 100
132 140 100
132 160 100
132 180 100
132 199 100
143 10 100
143 30 100
143 50 100
143 70 100
143 90 100
143 110 100
143 130 100
143 150 100
143 170 100
143 190 100
154 0 100
154 20 100
154 40 100
154 60 100
154 80 100
154 100 100
154 120 100
154 140 100
154 160 100
154 180 100
154 199 100
165 10 100
165 30 100
165 50 100
165 70 100
165 90 100
165 110 100
165 130 100
165 150 100
165 170 100
165 190 100
176 0 100
176 20 100
176 40 100
176 60 100
176 80 100
176 100 100
176 120 100
176 140 100
176 160 100
176 180 100
176 199 100
187 10 100
187 30 100
187 50 100
187 70 100
187 90 100
187 110 100
187 130 100
187 150 100
187 170 100
187 190 100
198 0 100
198 20 100
198 40 100
198 60 100
198 80 100
198 100 100
198 120 100
198 140 100
198 160 100
198 180 100
198 199 100
0 0 100
0 60 100
0 100 100
0 120 100
0 160 100
11 10 100
11 90 100
11 110 100
11 130 100
11 150 100
22 0 100
22 120 100
22 140 100
22 160 100
33 130 100
33 150 100
33 170 100
44 0 100
44 40 100
44 80 100
44 160 100
44 180 100
55 10 100
55 30 100
55 50 100
55 70 100
55 90 100
55 170 100
66 0 100
66 20 100
66 60 100
66 80 100
66 199 100
77 10 100
77 70 100
88 0 100
88 60 100
88 80 100
88 100 100
88 120 100
88 140 100
88 180 100
88 199 100
99 50 100
99 70 100
99 90 100
99 130 100
99 150 100
99 170 100
99 190 100
110 40 100
110 60 100
110 100 100
110 120 100
110 140 100
110 160 100
110 180 100
110 199 100
121 30 100
121 50 100
121 110 100
121 130 100
121 150 100
121 170 100
132 0 100
132 20 100
132 40 100
132 100 100
132 160 100
132 180 100
143 10 100
143 30 100
143 90 100
143 110 100
143 170 100
154 0 100
154 20 100
154 40 100
154 160 100
154 180 100
165 10 100
165 30 100
165 50 100
165 110 100
165 150 100
165 170 100
176 20 100
176 40 100
176 100 100
176 120 100
176 140 100
176 160 100
187 30 100
187 110 100
187 130 100
187 150 100
198 40 100
198 120 100
198 140 100
198 160 100
156 199 40
20 192 40
19 59 40
113 17 40
160 80 40
118 71 40
66 53 40
66 53 44
66 53 48
87 157 40
198 14 40
87 158 40
87 159 40
87 160 40
87 161 40
86 161 40
86 162 40
85 162 40
84 162 40
83 162 40
83 163 40
83 164 40
83 165 40
83 166 40
83 167 40
83 168 40
83 169 40
83 170 40
83 171 40
83 172 40
83 173 40
83 174 40
83 175 40
83 176 40
83 177 40
83 178 40
83 178 44
83 179 40
83 179 44
83 180 40
83 180 44
83 181 40
83 181 44
83 181 48
83 182 40
83 182 44
83 182 48
83 183 40
83 183 44
83 183 48
83 184 40
83 184 44
83 184 48
83 185 40
83 185 44
83 185 48
83 186 40
83 186 44
83 186 48
83 187 40
83 187 44
83 187 48
84 187 40
84 187 44
84 187 48
85 187 40
85 187 44
85 187 48
86 187 40
86 187 44
86 187 48
87 187 40
87 187 44
87 187 48
88 187 40
88 187 44
88 187 48
88 187 52
89 187 40
89 187 44
89 187 48
89 187 52
89 187 56
90 187 40
90 187 44
90 187 48
90 187 52
90 187 56
90 187 60
90 187 64
91 187 40
91 187 44
91 187 48
91 187 52
91 187 56
91 187 60
91 187 64
91 187 68
91 187 72
92 187 40
92 187 44
92 187 48
92 187 52
92 187 56
92 187 60
92 187 64
92 187 68
92 187 72
92 187 76
92 187 80
92 187 84
93 187 40
93 187 44
93 187 48
93 187 52
93 187 56
93 187 60
93 187 64
93 187 68
93 187 72
93 187 76
93 187 80
93 187 84
93 187 88
93 187 92
94 187 40
94 187 44
94 187 48
94 187 52
94 187 56
94 187 60
94 187 64
94 187 68
94 187 72
94 187 76
94 187 80
94 187 84
94 187 88
94 187 92
94 187 96
94 187 100
94 187 104
95 187 40
95 187 44
95 187 48
95 187 52
95 187 56
95 187 60
95 187 64
95 187 68
95 187 72
95 187 76
95 187 80
95 187 84
95 187 88
95 187 92
95 187 96
95 187 100
95 187 104
95 187 108
95 187 112
95 187 116
96 187 40
96 187 44
96 187 48
96 187 52
96 187 56
96 187 60
96 187 64
96 187 68
96 187 72
96 187 76
96 187 80
96 187 84
96 187 88
96 187 92
96 187 96
96 187 100
96 187 104
96 187 108
96 187 112
96 187 116
96 187 120
96 187 124
97 187 40
97 187 44
97 187 48
97 187 52
97 187 56
97 187 60
97 187 64
97 187 68
97 187 72
97 187 76
97 187 80
97 187 84
97 187 88
97 187 92
97 187 96
97 187 100
97 187 104
97 187 108
97 187 112
97 187 116
97 187 120
97 187 124
97 187 128
97 187 132
98 187 40
98 187 44
98 187 48
98 187 52
98 187 56
98 187 60
98 187 64
98 187 68
98 187 72
98 187 76
98 187 80
98 187 84
98 187 88
98 187 92
98 187 96
98 187 100
98 187 104
98 187 108
98 187 112
98 187 116
98 187 120
98 187 124
98 187 128
98 187 132
98 187 136
99 187 40
99 187 44
99 187 48
99 187 52
99 187 56
99 187 60
99 187 64
99 187 68
99 187 72
99 187 76
99 187 80
99 187 84
99 187 88
99 187 92
99 187 96
99 187 100
99 187 104
99 187 108
99 187 112
99 187 116
99 187 120
99 187 124
99 187 128
99 187 132
99 187 136
99 187 140
100 187 40
100 187 44
100 187 48
100 187 52
100 187 56
100 187 60
100 187 64
100 187 68
100 187 72
100 187 76
100 187 80
100 187 84
100 187 88
100 187 92
100 187 96
100 187 100
100 187 104
100 187 108
100 187 112
100 187 116
100 187 120
100 187 124
100 187 128
100 187 132
100 187 136
100 187 140
101 187 40
101 187 44
101 187 48
101 187 52
101 187 56
101 187 60
101 187 64
101 187 68
101 187 72
101 187 76
101 187 80
101 187 84
101 187 88
101 187 92
101 187 96
101 187 100
101 187 104
101 187 108
101 187 112
101 187 116
101 187 120
101 187 124
101 187 128
101 187 132
101 187 136
101 187 140
101 187 144
102 187 40
102 187 44
102 187 48
102 187 52
102 187 56
102 187 60
102 187 64
102 187 68
102 187 72
102 187 76
102 187 80
102 187 84
102 187 88
102 187 92
102 187 96
102 187 100
102 187 104
102 187 108
102 187 112
102 187 116
102 187 120
102 187 124
102 187 128
102 187 132
102 187 136
102 187 140
102 187 144
103 187 40
103 187 44
103 187 48
103 187 52
103 187 56
103 187 60
103 187 64
103 187 68
103 187 72
103 187 76
103 187 80
103 187 84
103 187 88
103 187 92
103 187 96
103 187 100
103 187 104
103 187 108
103 187 112
103 187 116
103 187 120
103 187 124
103 187 128
103 187 132
103 187 136
103 187 140
103 187 144
103 187 148
104 187 40
104 187 44
104 187 48
104 187 52
104 187 56
104 187 60
104 187 64
104 187 68
104 187 72
104 187 76
104 187 80
104 187 84
104 187 88
104 187 92
104 187 96
104 187 100
104 187 104
104 187 108
104 187 112
104 187 116
104 187 120
104 187 124
104 187 128
104 187 132
104 187 136
104 187 140
104 187 144
104 187 148
104 187 152
105 187 40
105 187 44
105 187 48
105 187 52
105 187 56
105 187 60
105 187 64
105 187 68
105 187 72
105 187 76
105 187 80
105 187 84
105 187 88
105 187 92
105 187 96
105 187 100
105 187 104
105 187 108
105 187 112
105 187 116
105 187 120
105 187 124
105 187 128
105 187 132
105 187 136
105 187 140
105 187 144
105 187 148
105 187 152
105 187 156
106 187 40
106 187 44
106 187 48
106 187 52
106 187 56
106 187 60
106 187 64
106 187 68
106 187 72
106 187 76
106 187 80
106 187 84
106 187 88
106 187 92
106 187 96
106 187 100
106 187 104
106 187 108
106 187 112
106 187 116
106 187 120
106 187 124
106 187 128
106 187 132
106 187 136
106 187 140
106 187 144
106 187 148
106 187 152
106 187 156
107 187 40
107 187 44
107 187 48
107 187 52
107 187 56
107 187 60
107 187 64
107 187 68
107 187 72
107 187 76
107 187 80
107 187 84
107 187 88
107 187 92
107 187 96
107 187 100
107 187 104
107 187 108
107 187 112
107 187 116
107 187 120
107 187 124
107 187 128
107 187 132
107 187 136
107 187 140
107 187 144
107 187 148
107 187 152
107 187 156
108 187 40
108 187 44
108 187 48
108 187 52
108 187 56
108 187 60
108 187 64
108 187 68
108 187 72
108 187 76
108 187 80
108 187 84
108 187 88
108 187 92
108 187 96
108 187 100
108 187 104
108 187 108
108 187 112
108 187 116
108 187 120
108 187 124
108 187 128
108 187 132
108 187 136
108 187 140
108 187 144
108 187 148
108 187 152
108 187 156
109 187 40
109 187 44
109 187 48
109 187 52
109 187 56
109 187 60
109 187 64
109 187 68
109 187 72
109 187 76
109 187 80
109 187 84
109 187 88
109 187 92
109 187 96
109 187 100
109 187 104
109 187 108
109 187 112
109 187 116
109 187 120
109 187 124
109 187 128
109 187 132
109 187 136
109 187 140
109 187 144
109 187 148
110 187 40
110 187 44
110 187 48
110 187 52
110 187 56
110 187 60
110 187 64
110 187 68
110 187 72
110 187 76
110 187 80
110 187 84
110 187 88
110 187 92
110 187 96
110 187 100
110 187 104
110 187 108
110 187 112
110 187 116
110 187 120
110 187 124
110 187 128
110 187 132
110 187 136
110 187 140
111 187 40
111 187 44
111 187 48
111 187 52
111 187 56
111 187 60
111 187 64
111 187 68
111 187 72
111 187 76
111 187 80
111 187 84
111 187 88
111 187 92
111 187 96
111 187 100
111 187 104
111 187 108
111 187 112
111 187 116
111 187 120
111 187 124
111 187 128
112 187 40
112 187 44
112 187 48
112 187 52
112 187 56
112 187 60
112 187 64
112 187 68
112 187 72
112 187 76
112 187 80
112 187 84
112 187 88
112 187 92
112 187 96
112 187 100
112 187 104
112 187 108
112 187 112
112 187 116
113 187 40
113 187 44
113 187 48
113 187 52
113 187 56
113 187 60
113 187 64
113 187 68
113 187 72
113 187 76
113 187 80
113 187 84
113 187 88
113 187 92
113 187 96
113 187 100
113 187 104
114 187 40
114 187 44
114 187 48
114 187 52
114 187 56
114 187 60
114 187 64
114 187 68
114 187 72
114 187 76
114 187 80
114 187 84
114 187 88
114 187 92
115 187 40
115 187 44
115 187 48
115 187 52
115 187 56
115 187 60
115 187 64
115 187 68
115 187 72
115 187 76
115 187 80
115 187 84
116 187 40
116 187 44
116 187 48
116 187 52
116 187 56
116 187 60
116 187 64
116 187 68
116 187 72
116 187 76
116 187 80
117 187 40
117 187 44
117 187 48
117 187 52
117 187 56
117 187 60
117 187 64
117 187 68
117 187 72
117 187 76
118 187 40
118 187 44
118 187 48
118 187 52
118 187 56
118 187 60
118 187 64
118 187 68
118 187 72
118 188 40
118 188 44
118 188 48
118 188 52
118 188 56
118 188 60
118 188 64
119 188 40
119 188 44
119 188 48
119 188 52
119 188 56
119 188 60
119 189 40
119 189 44
119 189 48
119 189 52
119 189 56
120 189 40
120 189 44
120 189 48
120 189 52
120 190 40
120 190 44
120 190 48
121 191 40
121 191 44
122 191 40
122 191 44
122 192 40
122 192 44
123 192 40
123 193 40
124 193 40
124 194 40
125 194 40
125 195 40
126 195 40
126 196 40
127 196 40
127 197 40
127 198 40
128 198 40
128 199 40
128 199 44
129 199 40
130 199 40
131 199 40
133 199 40
134 199 40
135 199 40
136 199 40
137 199 40
138 199 40
139 199 40
140 199 40
141 199 40
142 199 40
143 199 40
144 199 40
145 199 40
146 199 40
147 199 40
148 199 40
149 199 40
150 199 40
151 199 40
152 199 40
153 199 40
155 199 40
20 193 40
20 194 40
21 194 40
21 195 40
22 195 40
23 195 40
24 195 40
24 196 40
24 197 40
24 198 40
25 198 40
26 198 40
27 198 40
28 198 40
29 198 40
30 198 40
31 198 40
32 198 40
33 198 40
34 198 40
35 198 40
36 198 40
37 198 40
38 198 40
39 198 40
40 198 40
41 198 40
42 198 40
43 198 40
44 198 40
45 198 40
45 198 44
46 198 40
46 198 44
47 198 40
47 198 44
48 198 40
48 198 44
48 198 48
49 198 40
49 198 44
49 198 48
50 198 40
50 198 44
50 198 48
51 198 40
51 198 44
51 198 48
51 197 40
51 197 44
52 197 40
52 197 44
52 196 40
52 196 44
53 196 40
53 196 44
53 195 40
53 195 44
54 195 40
54 195 44
54 194 40
54 194 44
55 194 40
55 194 44
55 193 40
56 193 40
56 192 40
57 192 40
57 191 40
57 191 44
58 191 40
58 190 40
58 190 44
59 190 40
59 189 40
59 189 44
60 189 40
60 189 44
61 189 40
61 188 40
61 188 44
62 188 40
62 188 44
62 187 40
62 187 44
63 187 40
63 187 44
63 186 40
63 186 44
64 186 40
64 186 44
65 186 40
65 186 44
65 185 40
65 185 44
66 185 40
66 185 44
66 184 40
66 184 44
67 184 40
67 184 44
68 184 40
68 184 44
69 184 40
69 184 44
70 184 40
71 184 40
72 184 40
73 184 40
74 184 40
75 184 40
76 184 40
77 184 40
77 184 44
78 184 40
78 184 44
79 184 40
79 184 44
80 184 40
80 184 44
81 184 40
81 184 44
81 184 48
82 184 40
82 184 44
82 184 48
20 59 40
21 59 40
22 59 40
23 59 40
24 59 40
25 59 40
25 60 40
25 61 40
25 62 40
25 63 40
25 64 40
25 65 40
25 66 40
25 67 40
25 68 40
25 69 40
25 70 40
25 71 40
25 72 40
25 73 40
25 74 40
26 74 40
26 75 40
26 76 40
26 77 40
26 78 40
26 79 40
26 80 40
26 81 40
26 81 44
26 82 40
26 82 44
26 83 40
26 83 44
26 83 48
26 84 40
26 84 44
26 84 48
26 85 40
26 85 44
26 85 48
26 86 40
26 86 44
26 86 48
26 87 40
26 87 44
26 88 40
26 88 44
27 88 40
27 88 44
27 89 40
27 89 44
27 90 40
27 91 40
27 92 40
28 92 40
28 93 40
28 94 40
28 95 40
29 95 40
29 96 40
29 97 40
30 97 40
30 98 40
31 98 40
31 99 40
32 99 40
32 100 40
33 100 40
33 101 40
34 101 40
35 101 40
35 102 40
36 102 40
36 103 40
37 103 40
37 104 40
38 104 40
38 105 40
39 105 40
39 106 40
40 106 40
40 107 40
41 107 40
41 108 40
42 108 40
42 109 40
43 109 40
43 110 40
44 110 40
44 111 40
45 111 40
45 112 40
46 112 40
46 113 40
47 113 40
47 114 40
48 114 40
48 115 40
49 115 40
50 115 40
50 116 40
50 117 40
51 117 40
51 118 40
52 118 40
52 119 40
52 120 40
53 120 40
54 120 40
54 121 40
54 122 40
55 122 40
55 123 40
55 124 40
55 125 40
55 126 40
56 126 40
56 127 40
56 128 40
56 129 40
56 130 40
56 131 40
56 132 40
56 133 40
56 134 40
57 134 40
58 134 40
59 134 40
60 134 40
60 135 40
60 136 40
61 136 40
61 137 40
61 138 40
61 139 40
61 140 40
62 140 40
63 140 40
63 141 40
64 141 40
64 142 40
64 143 40
64 144 40
64 145 40
64 146 40
65 146 40
65 147 40
66 147 40
66 148 40
66 149 40
67 149 40
67 150 40
67 151 40
68 151 40
68 152 40
69 152 40
69 153 40
70 153 40
70 154 40
71 154 40
71 155 40
72 155 40
72 156 40
73 156 40
73 157 40
74 157 40
74 158 40
75 158 40
75 159 40
76 159 40
76 160 40
77 160 40
77 161 40
77 162 40
78 162 40
79 162 40
80 162 40
81 162 40
82 162 40
67 53 40
67 53 44
67 53 48
68 53 40
68 53 44
68 53 48
69 53 40
69 53 44
69 54 40
69 54 44
69 55 40
69 55 44
69 56 40
69 56 44
69 57 40
69 57 44
69 58 40
69 58 44
69 59 40
69 59 44
69 59 48
69 60 40
69 60 44
69 60 48
69 61 40
69 61 44
69 61 48
69 61 52
68 61 40
68 61 44
68 61 48
68 61 52
68 62 40
68 62 44
68 62 48
68 62 52
68 62 56
67 62 40
67 62 44
67 62 48
67 62 52
67 62 56
67 62 60
66 62 40
66 62 44
66 62 48
66 62 52
66 62 56
65 62 40
65 62 44
65 62 48
65 62 52
65 62 56
64 62 40
64 62 44
64 62 48
64 62 52
63 62 40
63 62 44
63 62 48
63 62 52
62 62 40
62 62 44
62 62 48
62 62 52
61 62 40
61 62 44
61 62 48
61 62 52
60 62 40
60 62 44
60 62 48
60 62 52
59 62 40
59 62 44
59 62 48
59 62 52
58 62 40
58 62 44
58 62 48
58 62 52
58 62 56
57 62 40
57 62 44
57 62 48
57 62 52
57 62 56
56 62 40
56 62 44
56 62 48
56 62 52
56 62 56
56 62 60
55 62 40
55 62 44
55 62 48
55 62 52
55 62 56
55 62 60
54 62 40
54 62 44
54 62 48
54 62 52
54 62 56
54 62 60
53 62 40
53 62 44
53 62 48
53 62 52
53 62 56
53 62 60
52 62 40
52 62 44
52 62 48
52 62 52
52 62 56
51 62 40
51 62 44
51 62 48
51 62 52
50 62 40
50 62 44
50 62 48
50 62 52
49 62 40
49 62 44
49 62 48
48 62 40
48 62 44
48 62 48
47 62 40
47 62 44
46 62 40
46 62 44
45 62 40
45 62 44
44 62 40
43 62 40
42 62 40
41 62 40
40 62 40
39 62 40
38 62 40
37 62 40
36 62 40
35 62 40
34 62 40
33 62 40
32 62 40
31 62 40
30 62 40
29 62 40
28 62 40
27 62 40
26 62 40
112 17 40
111 17 40
110 17 40
109 17 40
108 17 40
107 17 40
106 17 40
106 18 40
105 18 40
105 19 40
105 20 40
105 21 40
104 21 40
103 21 40
103 22 40
102 22 40
102 23 40
102 24 40
101 24 40
100 24 40
99 24 40
98 24 40
97 24 40
97 25 40
97 26 40
97 27 40
97 28 40
96 28 40
95 28 40
95 29 40
95 30 40
94 30 40
93 30 40
92 30 40
91 30 40
91 31 40
90 31 40
90 32 40
90 33 40
90 34 40
90 35 40
89 35 40
88 35 40
87 35 40
86 35 40
86 36 40
86 37 40
86 38 40
85 38 40
84 38 40
83 38 40
83 39 40
82 39 40
82 40 40
82 41 40
81 41 40
81 42 40
80 42 40
80 43 40
79 43 40
79 44 40
79 45 40
79 46 40
78 46 40
78 47 40
78 48 40
78 48 44
77 48 40
77 48 44
77 49 40
77 49 44
77 51 40
77 51 44
76 51 40
76 51 44
76 52 40
75 52 40
75 53 40
74 53 40
73 53 40
72 53 40
72 53 44
71 53 40
71 53 44
70 53 40
70 53 44
118 72 40
118 73 40
118 74 40
118 75 40
118 76 40
118 77 40
118 78 40
118 79 40
118 80 40
118 81 40
118 82 40
118 83 40
118 84 40
118 85 40
118 86 40
118 87 40
118 88 40
118 89 40
118 90 40
118 91 40
118 92 40
118 93 40
118 94 40
118 95 40
118 96 40
118 96 44
118 97 40
118 97 44
117 97 40
117 97 44
117 98 40
117 98 44
117 98 48
116 98 40
116 98 44
116 98 48
116 99 40
116 99 44
116 99 48
116 100 40
116 100 44
115 100 40
115 100 44
115 101 40
115 101 44
115 102 40
115 102 44
114 102 40
114 102 44
114 103 40
114 103 44
113 103 40
113 103 44
112 103 40
112 103 44
112 104 40
112 104 44
111 104 40
111 104 44
110 104 40
110 104 44
110 104 48
110 105 40
110 105 44
110 105 48
109 105 40
109 105 44
109 105 48
109 106 40
109 106 44
109 106 48
108 106 40
108 106 44
108 106 48
107 106 40
107 106 44
107 106 48
107 107 40
107 107 44
107 107 48
106 107 40
106 107 44
106 107 48
106 108 40
106 108 44
106 108 48
105 108 40
105 108 44
104 108 40
104 108 44
104 109 40
104 109 44
103 109 40
103 109 44
103 110 40
103 110 44
102 110 40
102 110 44
102 111 40
102 111 44
102 111 48
101 111 40
101 111 44
101 111 48
101 112 40
101 112 44
101 112 48
100 112 40
100 112 44
100 112 48
99 112 40
99 112 44
99 112 48
98 112 40
98 112 44
98 112 48
97 112 40
97 112 44
97 112 48
96 112 40
96 112 44
96 112 48
95 112 40
95 112 44
95 112 48
94 112 40
94 112 44
94 112 48
93 112 40
93 112 44
93 112 48
92 112 40
92 112 44
92 112 48
91 112 40
91 112 44
91 112 48
90 112 40
90 112 44
90 112 48
89 112 40
89 112 44
88 112 40
88 112 44
87 112 40
86 112 40
85 112 40
84 112 40
83 112 40
82 112 40
81 112 40
80 112 40
79 112 40
78 112 40
77 112 40
76 112 40
75 112 40
74 112 40
73 112 40
72 112 40
71 112 40
70 112 40
69 112 40
68 112 40
67 112 40
66 112 40
66 113 40
65 113 40
64 113 40
64 114 40
64 115 40
63 115 40
62 115 40
61 115 40
60 115 40
59 115 40
58 115 40
57 115 40
56 115 40
55 115 40
54 115 40
53 115 40
52 115 40
51 115 40
159 80 40
158 80 40
157 80 40
156 80 40
155 80 40
153 80 40
152 80 40
151 80 40
150 80 40
149 80 40
148 80 40
147 80 40
146 80 40
145 80 40
144 80 40
143 80 40
142 80 40
141 80 40
140 80 40
139 80 40
138 80 40
137 80 40
136 80 40
135 80 40
134 80 40
133 80 40
131 80 40
130 80 40
129 80 40
128 80 40
127 80 40
126 80 40
125 80 40
124 80 40
123 80 40
122 80 40
121 80 40
120 80 40
119 80 40
197 14 40
196 14 40
195 14 40
194 14 40
194 15 40
194 16 40
194 17 40
194 18 40
194 19 40
194 20 40
194 20 44
194 21 40
194 21 44
194 22 40
194 22 44
194 23 40
194 23 44
194 23 48
194 24 40
194 24 44
194 24 48
194 25 40
194 25 44
194 25 48
194 25 52
194 26 40
194 26 44
194 26 48
194 26 52
194 26 56
194 27 40
194 27 44
194 27 48
194 27 52
194 27 56
194 27 60
194 27 64
194 28 40
194 28 44
194 28 48
194 28 52
194 28 56
194 28 60
194 28 64
194 28 68
194 28 72
194 29 40
194 29 44
194 29 48
194 29 52
194 29 56
194 29 60
194 29 64
194 29 68
194 29 72
194 29 76
194 29 80
194 30 40
194 30 44
194 30 48
194 30 52
194 30 56
194 30 60
194 30 64
194 30 68
194 30 72
194 30 76
194 30 80
194 30 84
194 30 88
194 31 40
194 31 44
194 31 48
194 31 52
194 31 56
194 31 60
194 31 64
194 31 68
194 31 72
194 31 76
194 31 80
194 31 84
194 31 88
194 31 92
194 31 96
194 32 40
194 32 44
194 32 48
194 32 52
194 32 56
194 32 60
194 32 64
194 32 68
194 32 72
194 32 76
194 32 80
194 32 84
194 32 88
194 32 92
194 32 96
194 32 100
194 33 40
194 33 44
194 33 48
194 33 52
194 33 56
194 33 60
194 33 64
194 33 68
194 33 72
194 33 76
194 33 80
194 33 84
194 33 88
194 33 92
194 33 96
194 33 100
194 33 104
194 34 40
194 34 44
194 34 48
194 34 52
194 34 56
194 34 60
194 34 64
194 34 68
194 34 72
194 34 76
194 34 80
194 34 84
194 34 88
194 34 92
194 34 96
194 34 100
194 34 104
194 35 40
194 35 44
194 35 48
194 35 52
194 35 56
194 35 60
194 35 64
194 35 68
194 35 72
194 35 76
194 35 80
194 35 84
194 35 88
194 35 92
194 35 96
194 35 100
194 35 104
194 35 108
194 36 40
194 36 44
194 36 48
194 36 52
194 36 56
194 36 60
194 36 64
194 36 68
194 36 72
194 36 76
194 36 80
194 36 84
194 36 88
194 36 92
194 36 96
194 36 100
194 36 104
194 36 108
194 37 40
194 37 44
194 37 48
194 37 52
194 37 56
194 37 60
194 37 64
194 37 68
194 37 72
194 37 76
194 37 80
194 37 84
194 37 88
194 37 92
194 37 96
194 37 100
194 37 104
194 37 108
194 38 40
194 38 44
194 38 48
194 38 52
194 38 56
194 38 60
194 38 64
194 38 68
194 38 72
194 38 76
194 38 80
194 38 84
194 38 88
194 38 92
194 38 96
194 38 100
194 38 104
194 38 108
194 39 40
194 39 44
194 39 48
194 39 52
194 39 56
194 39 60
194 39 64
194 39 68
194 39 72
194 39 76
194 39 80
194 39 84
194 39 88
194 39 92
194 39 96
194 39 100
194 39 104
194 40 40
194 40 44
194 40 48
194 40 52
194 40 56
194 40 60
194 40 64
194 40 68
194 40 72
194 40 76
194 40 80
194 40 84
194 40 88
194 40 92
194 40 96
194 40 100
194 40 104
194 41 40
194 41 44
194 41 48
194 41 52
194 41 56
194 41 60
194 41 64
194 41 68
194 41 72
194 41 76
194 41 80
194 41 84
194 41 88
194 41 92
194 41 96
194 41 100
194 42 40
194 42 44
194 42 48
194 42 52
194 42 56
194 42 60
194 42 64
194 42 68
194 42 72
194 42 76
194 42 80
194 42 84
194 42 88
194 42 92
194 42 96
194 43 40
194 43 44
194 43 48
194 43 52
194 43 56
194 43 60
194 43 64
194 43 68
194 43 72
194 43 76
194 43 80
194 43 84
194 43 88
194 43 92
194 44 40
194 44 44
194 44 48
194 44 52
194 44 56
194 44 60
194 44 64
194 44 68
194 44 72
194 44 76
194 44 80
194 44 84
194 44 88
194 45 40
194 45 44
194 45 48
194 45 52
194 45 56
194 45 60
194 45 64
194 45 68
194 45 72
194 45 76
194 45 80
194 45 84
194 46 40
194 46 44
194 46 48
194 46 52
194 46 56
194 46 60
194 46 64
194 46 68
194 46 72
194 46 76
194 47 40
194 47 44
194 47 48
194 47 52
194 47 56
194 47 60
194 47 64
194 47 68
194 47 72
194 48 40
194 48 44
194 48 48
194 48 52
194 48 56
194 48 60
194 48 64
194 49 40
194 49 44
194 49 48
194 49 52
194 49 56
194 50 40
194 50 44
194 50 48
194 51 40
194 51 44
194 52 40
194 52 44
194 53 40
194 54 40
194 55 40
194 56 40
194 57 40
194 58 40
194 59 40
194 60 40
194 61 40
194 62 40
194 63 40
193 63 40
193 64 40
192 64 40
191 64 40
190 64 40
189 64 40
188 64 40
187 64 40
187 65 40
187 66 40
187 67 40
187 68 40
186 68 40
185 68 40
185 69 40
184 69 40
183 69 40
183 70 40
182 70 40
182 71 40
182 72 40
181 72 40
180 72 40
179 72 40
178 72 40
177 72 40
176 72 40
176 73 40
175 73 40
174 73 40
174 74 40
173 74 40
172 74 40
172 75 40
171 75 40
170 75 40
169 75 40
168 75 40
168 76 40
168 77 40
167 77 40
167 78 40
167 79 40
166 79 40
165 79 40
164 79 40
163 79 40
163 80 40
162 80 40
161 80 40
