0 0 100
0 20 100
0 40 100
0 60 100
0 80 100
0 100 100
0 120 100
0 140 100
0 160 100
0 180 100
0 199 100
11 10 100
11 30 100
11 50 100
11 70 100
11 90 100
11 110 100
11 130 100
11 150 100
11 170 100
11 190 100
22 0 100
22 20 100
22 40 100
22 60 100
22 80 100
22 100 100
22 120 100
22 140 100
22 160 100
22 180 100
22 199 100
33 10 100
33 30 100
33 50 100
33 70 100
33 90 100
33 110 100
33 130 100
33 150 100
33 170 100
33 190 100
44 0 100
44 20 100
44 40 100
44 60 100
44 80 100
44 100 100
44 120 100
44 140 100
44 160 100
44 180 100
44 199 100
55 10 100
55 30 100
55 50 100
55 70 100
55 90 100
55 110 100
55 130 100
55 150 100
55 170 100
55 190 100
66 0 100
66 20 100
66 40 100
66 60 100
66 80 100
66 100 100
66 120 100
66 140 100
66 160 100
66 180 100
66 199 100
77 10 100
77 30 100
77 50 100
77 70 100
77 90 100
77 110 100
77 130 100
77 150 100
77 170 100
77 190 100
88 0 100
88 20 100
88 40 100
88 60 100
88 80 100
88 100 100
88 120 100
88 140 100
88 160 100
88 180 100
88 199 100
99 10 100
99 30 100
99 50 100
99 70 100
99 90 100
99 110 100
99 130 100
99 150 100
99 170 100
99 190 100
110 0 100
110 20 100
110 40 100
110 60 100
110 80 100
110 100 100
110 120 100
110 140 100
110 160 100
110 180 100
110 199 100
121 10 100
121 30 100
121 50 100
121 70 100
121 90 100
121 110 100
121 130 100
121 150 100
121 170 100
121 190 100
132 0 100
132 20 100
132 40 100
132 60 100
132 80 100
132 100 100
132 120 100
132 140 100
132 160 100
132 180 100
132 199 100
143 10 100
143 30 100
143 50 100
143 70 100
143 90 100
143 110 100
143 130 100
143 150 100
143 170 100
143 190 100
154 0 100
154 20 100
154 40 100
154 60 100
154 80 100
154 100 100
154 120 100
154 140 100
154 160 100
154 180 100
154 199 100
165 10 100
165 30 100
165 50 100
165 70 100
165 90 100
165 110 100
165 130 100
165 150 100
165 170 100
165 190 100
176 0 100
176 20 100
176 40 100
176 60 100
176 80 100
176 100 100
176 120 100
176 140 100
176 160 100
176 180 100
176 199 100
187 10 100
187 30 100
187 50 100
187 70 100
187 90 100
187 110 100
187 130 100
187 150 100
187 170 100
187 190 100
198 0 100
198 20 100
198 40 100
198 60 100
198 80 100
198 100 100
198 120 100
198 140 100
198 160 100
198 180 100
198 199 100
0 60 100
0 80 100
0 100 100
0 120 100
0 140 100
0 160 100
0 180 100
0 199 100
11 10 100
11 70 100
11 90 100
11 110 100
11 130 100
11 150 100
11 170 100
11 190 100
22 0 100
22 20 100
22 80 100
22 100 100
22 140 100
22 160 100
22 180 100
22 199 100
33 10 100
33 30 100
33 70 100
33 90 100
33 150 100
33 170 100
44 0 100
44 20 100
44 40 100
44 80 100
44 160 100
55 10 100
55 30 100
55 50 100
55 70 100
55 90 100
66 0 100
66 20 100
66 40 100
66 60 100
66 80 100
66 100 100
66 140 100
66 160 100
66 199 100
77 10 100
77 30 100
77 50 100
77 70 100
77 90 100
77 110 100
77 130 100
77 150 100
77 170 100
77 190 100
88 20 100
88 40 100
88 80 100
88 100 100
88 120 100
88 140 100
88 160 100
88 180 100
88 199 100
99 10 100
99 30 100
99 130 100
99 150 100
99 170 100
99 190 100
110 0 100
110 20 100
110 40 100
110 140 100
110 160 100
110 180 100
110 199 100
121 10 100
121 30 100
121 50 100
121 150 100
121 170 100
121 190 100
132 0 100
132 20 100
132 40 100
132 60 100
132 80 100
132 140 100
132 160 100
132 180 100
132 199 100
143 10 100
143 50 100
143 70 100
143 90 100
143 130 100
143 150 100
143 170 100
143 190 100
154 40 100
154 60 100
154 80 100
154 120 100
154 140 100
154 160 100
154 180 100
165 50 100
165 70 100
165 90 100
165 110 100
165 130 100
165 150 100
165 170 100
165 190 100
176 60 100
176 80 100
176 100 100
176 120 100
176 140 100
176 180 100
176 199 100
187 30 100
187 90 100
187 110 100
187 130 100
187 190 100
198 20 100
198 40 100
198 60 100
198 80 100
198 100 100
198 120 100
198 199 100
1 31 40
188 155 40
115 116 40
61 65 40
61 65 104
61 65 168
61 65 232
55 167 40
55 166 40
55 165 40
55 164 40
55 163 40
55 162 40
55 161 40
55 160 40
55 159 40
55 158 40
55 157 40
55 157 104
55 156 40
55 156 104
55 155 40
55 155 104
55 154 40
55 154 104
55 153 40
55 153 104
55 152 40
55 152 104
55 151 40
55 151 104
55 149 40
55 149 104
55 148 40
55 148 104
55 147 40
55 147 104
55 146 40
55 146 104
55 145 40
55 145 104
55 144 40
55 144 104
55 143 40
55 143 104
55 142 40
55 142 104
55 141 40
55 141 104
55 140 40
55 140 104
55 139 40
55 139 104
55 138 40
55 138 104
55 137 40
55 137 104
55 136 40
55 136 104
55 135 40
55 134 40
55 133 40
55 132 40
55 131 40
55 129 40
55 128 40
55 127 40
55 126 40
56 126 40
56 125 40
56 124 40
57 124 40
58 124 40
59 124 40
59 123 40
60 123 40
61 123 40
61 122 40
62 122 40
63 122 40
64 122 40
64 121 40
65 121 40
66 121 40
67 120 40
67 119 40
68 119 40
68 119 104
69 119 40
69 119 104
69 118 40
69 118 104
70 118 40
70 118 104
70 117 40
70 117 104
71 117 40
71 117 104
72 117 40
72 117 104
72 116 40
72 116 104
73 116 40
73 116 104
73 115 40
73 115 104
73 115 168
74 115 40
74 115 104
74 115 168
74 114 40
74 114 104
74 114 168
75 114 40
75 114 104
75 114 168
75 113 40
75 113 104
75 113 168
76 113 40
76 113 104
76 113 168
76 112 40
76 112 104
76 112 168
77 112 40
77 112 104
77 112 168
78 112 40
78 112 104
78 112 168
79 112 40
79 112 104
79 112 168
79 111 40
79 111 104
79 111 168
80 111 40
80 111 104
80 111 168
81 111 40
81 111 104
81 111 168
82 111 40
82 111 104
82 111 168
82 110 40
82 110 104
82 110 168
83 110 40
83 110 104
83 110 168
83 109 40
83 109 104
83 109 168
84 109 40
84 109 104
84 109 168
85 109 40
85 109 104
85 109 168
85 109 232
86 109 40
86 109 104
86 109 168
86 109 232
87 109 40
87 109 104
87 109 168
87 109 232
88 109 40
88 109 104
88 109 168
88 109 232
89 109 40
89 109 104
89 109 168
89 109 232
90 109 40
90 109 104
90 109 168
91 109 40
91 109 104
91 109 168
92 109 40
92 109 104
92 109 168
93 109 40
93 109 104
93 109 168
94 109 40
94 109 104
94 109 168
95 109 40
95 109 104
95 109 168
96 109 40
96 109 104
97 109 40
97 109 104
98 109 40
98 109 104
99 109 40
99 109 104
100 109 40
100 109 104
101 109 40
101 109 104
102 109 40
102 109 104
103 109 40
103 109 104
104 109 40
104 109 104
105 109 40
106 109 40
107 109 40
108 109 40
109 109 40
110 109 40
111 109 40
112 109 40
113 109 40
113 110 40
114 110 40
115 110 40
115 111 40
115 112 40
115 113 40
115 114 40
115 115 40
