0 0 100
0 20 100
0 40 100
0 60 100
0 80 100
0 100 100
0 120 100
0 140 100
0 160 100
0 180 100
0 199 100
11 10 100
11 30 100
11 50 100
11 70 100
11 90 100
11 110 100
11 130 100
11 150 100
11 170 100
11 190 100
22 0 100
22 20 100
22 40 100
22 60 100
22 80 100
22 100 100
22 120 100
22 140 100
22 160 100
22 180 100
22 199 100
33 10 100
33 30 100
33 50 100
33 70 100
33 90 100
33 110 100
33 130 100
33 150 100
33 170 100
33 190 100
44 0 100
44 20 100
44 40 100
44 60 100
44 80 100
44 100 100
44 120 100
44 140 100
44 160 100
44 180 100
44 199 100
55 10 100
55 30 100
55 50 100
55 70 100
55 90 100
55 110 100
55 130 100
55 150 100
55 170 100
55 190 100
66 0 100
66 20 100
66 40 100
66 60 100
66 80 100
66 100 100
66 120 100
66 140 100
66 160 100
66 180 100
66 199 100
77 10 100
77 30 100
77 50 100
77 70 100
77 90 100
77 110 100
77 130 100
77 150 100
77 170 100
77 190 100
88 0 100
88 20 100
88 40 100
88 60 100
88 80 100
88 100 100
88 120 100
88 140 100
88 160 100
88 180 100
88 199 100
99 10 100
99 30 100
99 50 100
99 70 100
99 90 100
99 110 100
99 130 100
99 150 100
99 170 100
99 190 100
110 0 100
110 20 100
110 40 100
110 60 100
110 80 100
110 100 100
110 120 100
110 140 100
110 160 100
110 180 100
110 199 100
121 10 100
121 30 100
121 50 100
121 70 100
121 90 100
121 110 100
121 130 100
121 150 100
121 170 100
121 190 100
132 0 100
132 20 100
132 40 100
132 60 100
132 80 100
132 100 100
132 120 100
132 140 100
132 160 100
132 180 100
132 199 100
143 10 100
143 30 100
143 50 100
143 70 100
143 90 100
143 110 100
143 130 100
143 150 100
143 170 100
143 190 100
154 0 100
154 20 100
154 40 100
154 60 100
154 80 100
154 100 100
154 120 100
154 140 100
154 160 100
154 180 100
154 199 100
165 10 100
165 30 100
165 50 100
165 70 100
165 90 100
165 110 100
165 130 100
165 150 100
165 170 100
165 190 100
176 0 100
176 20 100
176 40 100
176 60 100
176 80 100
176 100 100
176 120 100
176 140 100
176 160 100
176 180 100
176 199 100
187 10 100
187 30 100
187 50 100
187 70 100
187 90 100
187 110 100
187 130 100
187 150 100
187 170 100
187 190 100
198 0 100
198 20 100
198 40 100
198 60 100
198 80 100
198 100 100
198 120 100
198 140 100
198 160 100
198 180 100
198 199 100
0 40 100
0 60 100
0 80 100
0 140 100
11 30 100
11 50 100
11 70 100
11 90 100
11 130 100
11 150 100
22 20 100
22 40 100
22 80 100
22 140 100
22 160 100
22 199 100
33 10 100
33 30 100
33 50 100
33 70 100
33 90 100
33 150 100
33 170 100
33 190 100
44 20 100
44 40 100
44 60 100
44 80 100
44 140 100
44 160 100
44 199 100
55 10 100
55 30 100
55 50 100
55 70 100
55 90 100
55 130 100
55 150 100
66 60 100
66 80 100
66 140 100
66 160 100
77 50 100
77 70 100
77 90 100
77 130 100
77 150 100
77 190 100
88 0 100
88 60 100
88 80 100
88 100 100
88 120 100
88 160 100
88 180 100
88 199 100
99 10 100
99 70 100
99 110 100
99 130 100
99 150 100
99 190 100
110 0 100
110 20 100
110 60 100
110 120 100
110 199 100
121 50 100
121 70 100
121 110 100
121 190 100
132 20 100
132 60 100
132 100 100
132 120 100
132 180 100
132 199 100
143 10 100
143 70 100
143 90 100
143 110 100
143 130 100
143 170 100
143 190 100
154 0 100
154 80 100
154 100 100
154 120 100
154 160 100
154 180 100
165 90 100
165 110 100
165 170 100
176 0 100
176 20 100
176 40 100
176 100 100
176 120 100
176 180 100
176 199 100
187 10 100
187 30 100
187 50 100
187 90 100
187 110 100
187 130 100
198 20 100
198 60 100
198 80 100
198 100 100
198 140 100
174 71 40
182 147 40
60 39 40
60 39 168
2 7 40
122 87 40
8 173 40
148 53 40
142 152 40
56 4 40
109 148 40
30 125 40
149 53 40
150 53 40
151 53 40
152 53 40
153 53 40
154 53 40
155 53 40
156 53 40
157 53 40
158 53 40
158 54 40
159 54 40
159 55 40
160 55 40
160 56 40
161 56 40
161 57 40
162 57 40
162 58 40
163 58 40
163 59 40
164 59 40
164 60 40
165 60 40
165 61 40
166 61 40
167 61 40
167 62 40
168 62 40
168 63 40
169 63 40
169 64 40
170 64 40
170 65 40
171 65 40
171 66 40
172 66 40
172 67 40
173 67 40
173 68 40
174 68 40
174 69 40
174 70 40
57 4 40
58 4 40
59 4 40
60 4 40
61 4 40
62 4 40
63 4 40
64 4 40
65 4 40
66 4 40
67 4 40
68 4 40
69 4 40
70 4 40
70 5 40
70 6 40
70 7 40
70 8 40
71 8 40
71 9 40
71 10 40
71 11 40
71 12 40
72 12 40
72 13 40
72 14 40
72 15 40
73 15 40
73 16 40
73 17 40
74 17 40
74 18 40
75 18 40
75 19 40
76 19 40
76 20 40
77 20 40
77 21 40
77 22 40
78 22 40
78 23 40
79 23 40
79 24 40
80 24 40
80 25 40
80 26 40
80 27 40
80 28 40
80 29 40
81 29 40
82 29 40
82 30 40
83 30 40
84 30 40
85 30 40
85 31 40
86 31 40
87 31 40
87 32 40
88 32 40
88 33 40
89 33 40
90 33 40
90 34 40
91 34 40
92 34 40
92 35 40
93 35 40
94 35 40
94 36 40
95 36 40
96 36 40
96 37 40
97 37 40
98 37 40
98 38 40
99 38 40
100 38 40
101 38 40
102 38 40
103 38 40
104 38 40
105 38 40
106 38 40
107 38 40
108 38 40
109 38 40
110 38 40
111 38 40
112 38 40
112 38 168
113 38 40
113 38 168
114 38 40
114 38 168
115 38 40
115 38 168
116 38 40
116 38 168
117 38 40
117 38 168
118 38 40
118 38 168
119 38 40
119 38 168
120 38 40
120 38 168
121 38 40
121 38 168
122 38 40
122 38 168
123 38 40
123 38 168
123 38 296
124 38 40
124 38 168
124 38 296
124 39 40
124 39 168
124 39 296
125 39 40
125 39 168
125 39 296
126 39 40
126 39 168
126 39 296
127 39 40
127 39 168
127 39 296
127 40 40
127 40 168
127 40 296
128 40 40
128 40 168
128 40 296
129 40 40
129 40 168
129 40 296
130 40 40
130 40 168
130 41 40
130 41 168
131 41 40
131 41 168
132 41 40
132 41 168
133 41 40
133 41 168
134 41 40
135 41 40
136 41 40
137 41 40
138 41 40
139 41 40
140 41 40
141 41 40
142 41 40
143 41 40
144 41 40
145 41 40
146 41 40
147 41 40
148 41 40
148 42 40
148 43 40
148 44 40
148 45 40
148 46 40
148 47 40
148 48 40
148 49 40
148 50 40
148 51 40
148 52 40
61 39 40
61 39 168
62 39 40
63 39 40
64 39 40
65 39 40
66 39 40
67 39 40
68 39 40
69 39 40
70 39 40
71 39 40
72 39 40
73 39 40
74 39 40
74 38 40
75 38 40
75 37 40
76 37 40
76 36 40
77 36 40
77 35 40
77 34 40
78 34 40
78 33 40
79 33 40
79 32 40
79 31 40
80 31 40
80 30 40
2 6 40
3 6 40
4 6 40
4 5 40
5 5 40
6 5 40
7 5 40
8 5 40
9 5 40
10 5 40
11 5 40
12 5 40
12 4 40
13 4 40
14 4 40
14 3 40
14 2 40
14 1 40
15 1 40
15 0 40
16 0 40
17 0 40
18 0 40
19 0 40
20 0 40
21 0 40
23 0 40
24 0 40
25 0 40
26 0 40
27 0 40
28 0 40
29 0 40
30 0 40
31 0 40
31 0 168
32 0 40
32 0 168
33 0 40
33 0 168
34 0 40
34 0 168
35 0 40
35 0 168
36 0 40
36 0 168
37 0 40
37 0 168
38 0 40
38 0 168
39 0 40
39 0 168
40 0 40
40 0 168
41 0 40
41 0 168
42 0 40
42 0 168
43 0 40
43 0 168
45 0 40
46 0 40
47 0 40
48 0 40
49 0 40
50 0 40
51 0 40
51 1 40
52 1 40
52 2 40
53 2 40
53 3 40
54 3 40
55 3 40
56 3 40
122 86 40
122 85 40
122 84 40
122 83 40
122 82 40
122 81 40
122 80 40
122 79 40
122 78 40
122 77 40
122 77 168
122 76 40
122 76 168
122 75 40
122 75 168
122 74 40
122 74 168
122 73 40
122 73 168
122 72 40
122 72 168
122 72 296
122 71 40
122 71 168
122 71 296
122 70 40
122 70 168
122 70 296
122 69 40
122 69 168
122 69 296
122 68 40
122 68 168
122 68 296
122 68 424
122 67 40
122 67 168
122 67 296
122 67 424
122 66 40
122 66 168
122 66 296
122 66 424
122 65 40
122 65 168
122 65 296
122 65 424
122 64 40
122 64 168
122 64 296
122 64 424
122 64 552
122 63 40
122 63 168
122 63 296
122 63 424
122 63 552
122 62 40
122 62 168
122 62 296
122 62 424
122 62 552
122 61 40
122 61 168
122 61 296
122 61 424
122 61 552
122 60 40
122 60 168
122 60 296
122 60 424
122 60 552
122 59 40
122 59 168
122 59 296
122 59 424
122 59 552
122 58 40
122 58 168
122 58 296
122 58 424
122 58 552
122 57 40
122 57 168
122 57 296
122 57 424
122 56 40
122 56 168
122 56 296
122 56 424
122 55 40
122 55 168
122 55 296
122 55 424
122 54 40
122 54 168
122 54 296
122 53 40
122 53 168
122 53 296
122 52 40
122 52 168
122 52 296
122 51 40
122 51 168
122 50 40
122 50 168
122 49 40
122 49 168
122 48 40
122 48 168
122 47 40
122 47 168
122 46 40
122 46 168
122 45 40
122 45 168
122 44 40
122 44 168
122 43 40
122 43 168
122 42 40
122 42 168
122 41 40
122 41 168
122 40 40
122 40 168
122 39 40
122 39 168
30 124 40
30 123 40
30 122 40
30 121 40
30 120 40
30 119 40
30 118 40
30 117 40
31 117 40
32 117 40
33 117 40
34 117 40
35 117 40
36 117 40
37 117 40
38 117 40
39 117 40
40 117 40
41 117 40
42 117 40
43 117 40
43 116 40
44 116 40
44 115 40
45 115 40
46 115 40
46 114 40
46 113 40
47 113 40
48 113 40
49 113 40
50 113 40
51 113 40
51 112 40
52 112 40
53 112 40
54 112 40
55 112 40
56 112 40
57 112 40
57 111 40
58 111 40
59 111 40
60 111 40
61 111 40
62 111 40
63 111 40
64 111 40
65 111 40
66 111 40
67 111 40
67 110 40
68 110 40
68 109 40
68 108 40
68 107 40
69 107 40
69 106 40
69 105 40
69 104 40
70 104 40
70 103 40
70 102 40
71 102 40
71 101 40
72 101 40
72 100 40
72 99 40
73 99 40
73 98 40
74 98 40
74 98 168
74 97 40
74 97 168
75 97 40
75 97 168
75 96 40
75 96 168
75 95 40
75 95 168
76 95 40
76 95 168
76 94 40
76 94 168
77 94 40
77 94 168
77 93 40
77 93 168
78 93 40
78 93 168
78 92 40
78 92 168
79 92 40
79 92 168
80 92 40
80 92 168
81 92 40
81 92 168
81 92 296
82 92 40
82 92 168
82 92 296
83 92 40
83 92 168
83 92 296
84 92 40
84 92 168
84 92 296
85 92 40
85 92 168
85 92 296
86 92 40
86 92 168
86 92 296
87 92 40
87 92 168
87 92 296
88 92 40
88 92 168
89 92 40
89 92 168
90 92 40
90 92 168
91 92 40
91 92 168
92 92 40
92 92 168
93 92 40
93 92 168
94 92 40
94 92 168
95 92 40
95 92 168
96 92 40
96 92 168
97 92 40
97 92 168
98 92 40
99 92 40
100 92 40
101 92 40
102 92 40
103 92 40
104 92 40
105 92 40
106 92 40
107 92 40
108 92 40
109 92 40
110 92 40
111 92 40
112 92 40
113 92 40
114 92 40
115 92 40
116 92 40
117 92 40
118 92 40
119 92 40
119 91 40
120 91 40
121 91 40
122 91 40
122 90 40
122 89 40
122 88 40
141 152 40
140 152 40
139 152 40
138 152 40
137 152 40
136 152 40
135 152 40
134 152 40
133 152 40
132 152 40
131 152 40
130 152 40
129 152 40
129 151 40
129 150 40
128 150 40
128 149 40
127 149 40
127 148 40
126 148 40
126 147 40
125 147 40
124 147 40
124 146 40
124 145 40
124 144 40
123 144 40
123 143 40
122 143 40
122 142 40
121 142 40
121 141 40
121 140 40
120 140 40
119 140 40
119 139 40
118 139 40
117 139 40
116 139 40
116 138 40
116 137 40
116 136 40
116 135 40
116 134 40
116 133 40
116 132 40
116 131 40
116 131 168
116 130 40
116 130 168
116 129 40
116 129 168
116 128 40
116 128 168
116 127 40
116 127 168
116 126 40
116 126 168
116 126 296
116 125 40
116 125 168
116 125 296
116 124 40
116 124 168
116 124 296
116 123 40
116 123 168
116 123 296
116 122 40
116 122 168
116 122 296
116 121 40
116 121 168
116 121 296
116 120 40
116 120 168
116 120 296
116 119 40
116 119 168
116 119 296
116 118 40
116 118 168
116 118 296
116 117 40
116 117 168
116 117 296
116 116 40
116 116 168
116 116 296
116 115 40
116 115 168
116 115 296
116 114 40
116 114 168
116 114 296
116 113 40
116 113 168
116 113 296
116 112 40
116 112 168
116 112 296
116 111 40
116 111 168
116 111 296
116 110 40
116 110 168
116 110 296
116 109 40
116 109 168
116 109 296
116 108 40
116 108 168
116 108 296
116 107 40
116 107 168
116 106 40
116 106 168
116 105 40
116 105 168
116 104 40
116 104 168
116 103 40
116 103 168
116 102 40
116 102 168
116 101 40
116 101 168
116 100 40
116 99 40
116 98 40
116 97 40
116 96 40
116 95 40
116 94 40
116 93 40
110 148 40
111 148 40
112 148 40
113 148 40
114 148 40
115 148 40
116 148 40
117 148 40
118 148 40
119 148 40
120 148 40
121 148 40
122 148 40
123 148 40
124 148 40
181 147 40
180 147 40
179 147 40
178 147 40
177 147 40
176 147 40
175 147 40
174 147 40
173 147 40
172 147 40
172 146 40
171 146 40
171 145 40
170 145 40
169 145 40
168 145 40
167 145 40
166 145 40
165 145 40
164 145 40
163 145 40
162 145 40
161 145 40
160 145 40
159 145 40
158 145 40
157 145 40
156 145 40
155 145 40
154 145 40
153 145 40
152 145 40
152 146 40
151 146 40
151 147 40
150 147 40
149 147 40
149 148 40
148 148 40
148 149 40
147 149 40
146 149 40
146 150 40
145 150 40
144 150 40
144 151 40
143 151 40
142 151 40
8 174 40
8 175 40
8 176 40
8 177 40
8 178 40
8 179 40
8 180 40
8 181 40
8 182 40
8 183 40
9 183 40
10 183 40
11 183 40
11 184 40
12 184 40
13 184 40
13 185 40
14 185 40
15 185 40
16 185 40
17 185 40
18 185 40
19 185 40
20 185 40
21 185 40
22 185 40
23 185 40
24 185 40
25 185 40
26 185 40
26 186 40
27 186 40
28 186 40
28 186 168
29 186 40
29 186 168
29 187 40
29 187 168
30 187 40
30 187 168
31 187 40
31 187 168
32 187 40
32 187 168
33 187 40
33 187 168
34 187 40
34 187 168
35 187 40
35 187 168
36 187 40
36 187 168
37 187 40
37 187 168
38 187 40
38 187 168
39 187 40
39 187 168
40 187 40
40 187 168
41 187 40
41 187 168
41 186 40
41 186 168
42 186 40
42 186 168
42 185 40
42 185 168
43 185 40
44 185 40
44 184 40
45 184 40
46 184 40
46 183 40
47 183 40
48 183 40
48 182 40
49 182 40
50 182 40
51 182 40
52 182 40
53 182 40
54 182 40
55 182 40
56 182 40
57 182 40
58 182 40
59 182 40
60 182 40
61 182 40
62 182 40
63 182 40
64 182 40
65 182 40
66 182 40
67 182 40
68 182 40
69 182 40
69 181 40
70 181 40
70 180 40
71 180 40
71 179 40
72 179 40
72 178 40
73 178 40
73 177 40
74 177 40
74 176 40
75 176 40
75 176 168
75 175 40
75 175 168
76 175 40
76 175 168
76 174 40
76 174 168
77 174 40
77 174 168
77 173 40
77 173 168
78 173 40
78 173 168
78 172 40
78 172 168
79 172 40
79 172 168
80 172 40
80 172 168
81 172 40
81 172 168
82 172 40
82 172 168
83 172 40
83 172 168
84 172 40
84 172 168
85 172 40
85 172 168
86 172 40
86 172 168
87 172 40
87 172 168
88 172 40
88 172 168
88 172 296
89 172 40
89 172 168
89 172 296
90 172 40
90 172 168
90 172 296
91 172 40
91 172 168
91 172 296
92 172 40
92 172 168
92 172 296
93 172 40
93 172 168
94 172 40
94 172 168
95 172 40
95 172 168
96 172 40
96 172 168
97 172 40
97 172 168
98 172 40
98 172 168
99 172 40
100 172 40
101 172 40
102 172 40
103 172 40
104 172 40
105 172 40
106 172 40
107 172 40
108 172 40
109 172 40
110 172 40
111 172 40
112 172 40
112 171 40
113 171 40
113 170 40
114 170 40
115 170 40
115 169 40
115 168 40
116 168 40
116 167 40
117 167 40
117 166 40
118 166 40
118 165 40
118 164 40
118 163 40
118 162 40
118 161 40
118 160 40
118 159 40
118 158 40
118 157 40
118 156 40
118 155 40
118 154 40
118 153 40
118 152 40
118 151 40
118 150 40
118 149 40
