0 0 100
0 20 100
0 40 100
0 60 100
0 80 100
0 100 100
0 120 100
0 140 100
0 160 100
0 180 100
0 199 100
11 10 100
11 30 100
11 50 100
11 70 100
11 90 100
11 110 100
11 130 100
11 150 100
11 170 100
11 190 100
22 0 100
22 20 100
22 40 100
22 60 100
22 80 100
22 100 100
22 120 100
22 140 100
22 160 100
22 180 100
22 199 100
33 10 100
33 30 100
33 50 100
33 70 100
33 90 100
33 110 100
33 130 100
33 150 100
33 170 100
33 190 100
44 0 100
44 20 100
44 40 100
44 60 100
44 80 100
44 100 100
44 120 100
44 140 100
44 160 100
44 180 100
44 199 100
55 10 100
55 30 100
55 50 100
55 70 100
55 90 100
55 110 100
55 130 100
55 150 100
55 170 100
55 190 100
66 0 100
66 20 100
66 40 100
66 60 100
66 80 100
66 100 100
66 120 100
66 140 100
66 160 100
66 180 100
66 199 100
77 10 100
77 30 100
77 50 100
77 70 100
77 90 100
77 110 100
77 130 100
77 150 100
77 170 100
77 190 100
88 0 100
88 20 100
88 40 100
88 60 100
88 80 100
88 100 100
88 120 100
88 140 100
88 160 100
88 180 100
88 199 100
99 10 100
99 30 100
99 50 100
99 70 100
99 90 100
99 110 100
99 130 100
99 150 100
99 170 100
99 190 100
110 0 100
110 20 100
110 40 100
110 60 100
110 80 100
110 100 100
110 120 100
110 140 100
110 160 100
110 180 100
110 199 100
121 10 100
121 30 100
121 50 100
121 70 100
121 90 100
121 110 100
121 130 100
121 150 100
121 170 100
121 190 100
132 0 100
132 20 100
132 40 100
132 60 100
132 80 100
132 100 100
132 120 100
132 140 100
132 160 100
132 180 100
132 199 100
143 10 100
143 30 100
143 50 100
143 70 100
143 90 100
143 110 100
143 130 100
143 150 100
143 170 100
143 190 100
154 0 100
154 20 100
154 40 100
154 60 100
154 80 100
154 100 100
154 120 100
154 140 100
154 160 100
154 180 100
154 199 100
165 10 100
165 30 100
165 50 100
165 70 100
165 90 100
165 110 100
165 130 100
165 150 100
165 170 100
165 190 100
176 0 100
176 20 100
176 40 100
176 60 100
176 80 100
176 100 100
176 120 100
176 140 100
176 160 100
176 180 100
176 199 100
187 10 100
187 30 100
187 50 100
187 70 100
187 90 100
187 110 100
187 130 100
187 150 100
187 170 100
187 190 100
198 0 100
198 20 100
198 40 100
198 60 100
198 80 100
198 100 100
198 120 100
198 140 100
198 160 100
198 180 100
198 199 100
0 0 100
0 20 100
0 40 100
0 60 100
0 160 100
0 180 100
11 30 100
11 50 100
11 90 100
11 150 100
11 170 100
11 190 100
22 100 100
22 140 100
22 160 100
22 180 100
22 199 100
33 70 100
33 90 100
33 150 100
33 170 100
44 60 100
44 80 100
44 100 100
44 160 100
44 199 100
55 10 100
55 70 100
55 90 100
55 190 100
66 0 100
66 20 100
66 40 100
66 80 100
66 100 100
66 120 100
66 160 100
66 180 100
66 199 100
77 10 100
77 30 100
77 70 100
77 90 100
77 110 100
77 130 100
77 150 100
77 170 100
77 190 100
88 0 100
88 40 100
88 80 100
88 100 100
88 120 100
88 140 100
88 160 100
88 180 100
99 150 100
99 170 100
110 40 100
110 160 100
121 30 100
121 50 100
121 70 100
121 150 100
121 170 100
132 0 100
132 20 100
132 40 100
132 60 100
132 100 100
132 160 100
132 199 100
143 50 100
143 90 100
143 110 100
143 190 100
154 40 100
154 60 100
154 80 100
154 160 100
154 199 100
165 50 100
165 70 100
165 110 100
165 130 100
165 150 100
165 170 100
176 0 100
176 40 100
176 80 100
176 120 100
176 140 100
176 180 100
187 10 100
187 30 100
187 110 100
187 130 100
187 170 100
187 190 100
198 0 100
198 20 100
198 40 100
198 120 100
198 160 100
198 180 100
64 144 40
188 90 40
87 11 40
87 11 56
135 72 40
62 66 40
62 66 56
105 102 40
133 136 40
41 4 40
133 135 40
133 134 40
132 134 40
131 134 40
130 134 40
129 134 40
128 134 40
127 134 40
126 134 40
125 134 40
124 134 40
123 134 40
122 134 40
121 134 40
120 134 40
119 134 40
118 134 40
117 134 40
116 134 40
115 134 40
114 134 40
113 134 40
112 134 40
111 134 40
110 134 40
109 134 40
108 134 40
107 134 40
106 134 40
106 135 40
105 135 40
104 135 40
104 136 40
103 136 40
102 136 40
102 137 40
101 137 40
101 138 40
100 138 40
99 138 40
99 139 40
98 139 40
98 140 40
97 140 40
96 140 40
95 140 40
94 140 40
93 140 40
92 140 40
92 140 56
91 140 40
91 140 56
90 140 40
90 140 56
89 140 40
89 140 56
89 140 72
87 140 40
87 140 56
87 140 72
86 140 40
86 140 56
86 140 72
85 140 40
85 140 56
85 140 72
84 140 40
84 140 56
84 140 72
83 140 40
83 140 56
83 140 72
82 140 40
82 140 56
81 140 40
81 140 56
80 140 40
80 140 56
79 140 40
79 140 56
78 140 40
78 140 56
77 140 40
77 140 56
76 140 40
76 140 56
75 140 40
75 140 56
74 140 40
74 140 56
73 140 40
73 140 56
72 140 40
72 140 56
71 140 40
71 140 56
70 140 40
70 140 56
69 140 40
68 140 40
67 140 40
65 140 40
64 140 40
64 141 40
64 142 40
64 143 40
106 102 40
107 102 40
108 102 40
108 103 40
108 104 40
108 105 40
108 106 40
108 107 40
108 108 40
108 109 40
108 110 40
108 111 40
108 112 40
108 113 40
108 114 40
108 115 40
108 116 40
108 117 40
108 118 40
108 119 40
108 120 40
108 121 40
108 122 40
108 123 40
108 124 40
108 125 40
108 126 40
108 127 40
108 128 40
108 129 40
108 130 40
108 131 40
108 132 40
108 133 40
135 73 40
135 74 40
135 75 40
135 76 40
135 77 40
135 78 40
135 79 40
135 80 40
134 80 40
134 80 56
133 80 40
133 80 56
133 81 40
133 81 56
132 81 40
132 81 56
131 81 40
131 81 56
131 82 40
131 82 56
130 82 40
130 82 56
130 83 40
130 83 56
129 83 40
129 83 56
129 84 40
129 84 56
128 84 40
128 84 56
128 85 40
128 85 56
127 85 40
127 85 56
126 85 40
126 85 56
126 86 40
126 86 56
125 86 40
125 86 56
125 87 40
125 87 56
124 87 40
124 87 56
123 87 40
123 88 40
122 88 40
122 89 40
121 89 40
120 89 40
120 90 40
119 90 40
118 90 40
118 91 40
117 91 40
116 91 40
115 91 40
114 91 40
113 91 40
113 92 40
113 93 40
113 94 40
113 95 40
112 95 40
112 96 40
112 97 40
111 97 40
111 98 40
111 99 40
110 99 40
110 101 40
110 102 40
109 102 40
188 91 40
188 92 40
187 92 40
186 92 40
186 93 40
185 93 40
185 94 40
185 94 56
184 94 40
184 94 56
183 94 40
183 94 56
183 95 40
183 95 56
182 95 40
182 95 56
181 95 40
181 95 56
181 96 40
181 96 56
180 96 40
180 96 56
180 97 40
180 97 56
179 97 40
179 97 56
178 97 40
177 97 40
176 97 40
175 97 40
174 97 40
173 97 40
172 97 40
171 97 40
170 97 40
169 97 40
168 97 40
167 97 40
166 97 40
165 97 40
164 97 40
163 97 40
163 98 40
162 98 40
162 99 40
161 99 40
161 100 40
160 100 40
160 101 40
159 101 40
159 102 40
158 102 40
158 103 40
157 103 40
157 103 56
157 104 40
157 104 56
156 104 40
156 104 56
156 105 40
156 105 56
156 105 72
156 106 40
156 106 56
156 106 72
156 107 40
156 107 56
156 107 72
156 108 40
156 108 56
156 108 72
156 108 88
156 109 40
156 109 56
156 109 72
156 109 88
156 110 40
156 110 56
156 110 72
156 110 88
156 110 104
156 111 40
156 111 56
156 111 72
156 111 88
156 111 104
156 112 40
156 112 56
156 112 72
156 112 88
156 112 104
156 113 40
156 113 56
156 113 72
156 113 88
156 114 40
156 114 56
156 114 72
156 114 88
156 115 40
156 115 56
156 115 72
156 115 88
156 116 40
156 116 56
156 116 72
156 116 88
156 117 40
156 117 56
156 117 72
156 118 40
156 118 56
156 118 72
156 119 40
156 119 56
156 119 72
155 119 40
155 119 56
155 119 72
155 120 40
155 120 56
155 120 72
154 121 40
154 121 56
153 121 40
153 121 56
153 122 40
153 122 56
152 122 40
152 123 40
151 123 40
151 124 40
150 124 40
150 125 40
149 125 40
149 126 40
149 127 40
148 127 40
148 128 40
147 128 40
147 129 40
146 129 40
146 130 40
145 130 40
145 131 40
144 131 40
144 132 40
143 132 40
142 132 40
141 132 40
140 132 40
139 132 40
138 132 40
137 132 40
136 132 40
135 132 40
134 132 40
133 132 40
133 133 40
40 4 40
39 4 40
39 5 40
39 6 40
39 7 40
39 8 40
39 9 40
39 10 40
39 11 40
39 12 40
39 13 40
39 14 40
39 15 40
39 16 40
39 17 40
39 18 40
39 19 40
39 20 40
39 21 40
39 22 40
39 23 40
39 24 40
39 25 40
39 26 40
39 27 40
39 28 40
39 29 40
39 30 40
39 31 40
39 32 40
39 33 40
39 34 40
39 35 40
39 36 40
39 37 40
39 38 40
40 38 40
41 38 40
42 38 40
43 38 40
44 38 40
45 38 40
46 38 40
47 38 40
47 39 40
48 39 40
48 40 40
48 41 40
48 42 40
49 42 40
49 43 40
50 43 40
50 44 40
50 45 40
51 45 40
51 46 40
52 46 40
52 47 40
53 47 40
53 48 40
54 48 40
54 49 40
55 49 40
56 50 40
56 51 40
57 51 40
57 52 40
58 52 40
59 52 40
60 52 40
61 52 40
61 53 40
62 53 40
63 53 40
64 53 40
64 54 40
65 54 40
66 54 40
66 55 40
67 55 40
68 55 40
69 55 40
70 55 40
71 55 40
72 55 40
73 55 40
73 55 56
74 55 40
74 55 56
75 55 40
75 55 56
76 55 40
76 55 56
77 55 40
77 55 56
77 55 72
78 55 40
78 55 56
78 55 72
79 55 40
79 55 56
79 55 72
80 55 40
80 55 56
80 55 72
81 55 40
81 55 56
81 55 72
81 56 40
81 56 56
82 56 40
82 56 56
83 56 40
83 56 56
84 56 40
84 56 56
84 57 40
84 57 56
85 57 40
85 57 56
86 57 40
86 57 56
87 57 40
87 57 56
87 58 40
87 58 56
88 58 40
88 58 56
89 58 40
89 58 56
90 58 40
90 58 56
90 59 40
90 59 56
91 59 40
91 59 56
92 59 40
92 59 56
93 59 40
94 59 40
95 59 40
96 59 40
97 59 40
98 59 40
98 60 40
99 60 40
99 61 40
100 61 40
101 61 40
101 62 40
102 62 40
102 63 40
103 63 40
103 64 40
104 64 40
104 65 40
105 65 40
105 66 40
106 66 40
106 67 40
107 67 40
107 68 40
107 69 40
107 69 56
107 70 40
107 70 56
107 71 40
107 71 56
108 71 40
108 71 56
108 72 40
108 72 56
108 73 40
108 73 56
108 74 40
108 74 56
108 75 40
108 75 56
109 75 40
109 75 56
109 76 40
109 76 56
109 77 40
109 77 56
109 78 40
109 79 40
110 79 40
110 81 40
110 82 40
110 83 40
110 84 40
110 85 40
110 86 40
110 87 40
110 88 40
110 89 40
111 89 40
111 90 40
112 90 40
112 91 40
62 65 40
62 64 40
62 63 40
62 62 40
62 61 40
62 60 40
62 59 40
62 58 40
62 57 40
62 56 40
62 55 40
62 54 40
88 11 40
88 11 56
89 11 40
90 11 40
91 11 40
92 11 40
93 11 40
94 11 40
95 11 40
96 11 40
97 11 40
98 11 40
99 11 40
100 11 40
101 11 40
102 11 40
103 11 40
104 11 40
105 11 40
106 11 40
107 11 40
108 11 40
109 11 40
110 11 40
111 11 40
112 11 40
113 11 40
114 11 40
115 11 40
116 11 40
117 11 40
118 11 40
119 11 40
120 11 40
121 11 40
122 11 40
123 11 40
124 11 40
125 11 40
125 11 56
126 11 40
126 11 56
127 11 40
127 11 56
128 11 40
128 11 56
129 11 40
129 11 56
130 11 40
130 11 56
131 11 40
132 11 40
133 11 40
134 11 40
135 11 40
136 11 40
137 11 40
138 11 40
139 11 40
140 11 40
141 11 40
142 11 40
143 11 40
144 11 40
145 11 40
146 11 40
147 11 40
148 11 40
149 11 40
150 11 40
151 11 40
152 11 40
153 11 40
153 12 40
153 13 40
154 13 40
154 14 40
155 14 40
155 15 40
155 16 40
156 16 40
157 16 40
158 16 40
159 16 40
160 16 40
160 17 40
160 18 40
161 18 40
161 19 40
162 19 40
162 20 40
163 20 40
163 21 40
164 21 40
165 21 40
165 22 40
166 22 40
166 23 40
167 23 40
167 24 40
168 24 40
168 25 40
169 25 40
169 26 40
169 27 40
169 28 40
169 28 56
169 29 40
169 29 56
169 30 40
169 30 56
169 31 40
169 31 56
169 32 40
169 32 56
169 33 40
169 33 56
169 34 40
169 34 56
169 35 40
169 35 56
169 36 40
169 36 56
169 37 40
169 37 56
169 38 40
169 38 56
170 38 40
170 38 56
170 39 40
170 39 56
170 40 40
170 40 56
170 41 40
170 41 56
171 41 40
171 41 56
171 42 40
171 42 56
171 43 40
171 43 56
171 44 40
171 44 56
172 44 40
172 44 56
172 45 40
172 45 56
172 46 40
172 46 56
172 47 40
172 47 56
172 48 40
172 49 40
172 50 40
173 50 40
173 51 40
174 51 40
175 51 40
175 52 40
176 52 40
176 53 40
177 53 40
177 54 40
178 54 40
179 54 40
179 55 40
180 55 40
181 55 40
181 56 40
182 56 40
183 56 40
184 56 40
184 57 40
185 57 40
186 57 40
186 58 40
187 58 40
187 59 40
187 60 40
188 60 40
188 61 40
188 62 40
188 63 40
188 64 40
188 65 40
188 66 40
188 67 40
188 68 40
188 69 40
188 70 40
188 71 40
188 72 40
188 73 40
188 74 40
188 75 40
188 76 40
188 77 40
188 78 40
188 79 40
188 80 40
188 81 40
188 82 40
188 83 40
188 84 40
188 85 40
188 86 40
188 87 40
188 88 40
188 89 40
