0 0 100
0 20 100
0 40 100
0 60 100
0 80 100
0 100 100
0 120 100
0 140 100
0 160 100
0 180 100
0 199 100
11 10 100
11 30 100
11 50 100
11 70 100
11 90 100
11 110 100
11 130 100
11 150 100
11 170 100
11 190 100
22 0 100
22 20 100
22 40 100
22 60 100
22 80 100
22 100 100
22 120 100
22 140 100
22 160 100
22 180 100
22 199 100
33 10 100
33 30 100
33 50 100
33 70 100
33 90 100
33 110 100
33 130 100
33 150 100
33 170 100
33 190 100
44 0 100
44 20 100
44 40 100
44 60 100
44 80 100
44 100 100
44 120 100
44 140 100
44 160 100
44 180 100
44 199 100
55 10 100
55 30 100
55 50 100
55 70 100
55 90 100
55 110 100
55 130 100
55 150 100
55 170 100
55 190 100
66 0 100
66 20 100
66 40 100
66 60 100
66 80 100
66 100 100
66 120 100
66 140 100
66 160 100
66 180 100
66 199 100
77 10 100
77 30 100
77 50 100
77 70 100
77 90 100
77 110 100
77 130 100
77 150 100
77 170 100
77 190 100
88 0 100
88 20 100
88 40 100
88 60 100
88 80 100
88 100 100
88 120 100
88 140 100
88 160 100
88 180 100
88 199 100
99 10 100
99 30 100
99 50 100
99 70 100
99 90 100
99 110 100
99 130 100
99 150 100
99 170 100
99 190 100
110 0 100
110 20 100
110 40 100
110 60 100
110 80 100
110 100 100
110 120 100
110 140 100
110 160 100
110 180 100
110 199 100
121 10 100
121 30 100
121 50 100
121 70 100
121 90 100
121 110 100
121 130 100
121 150 100
121 170 100
121 190 100
132 0 100
132 20 100
132 40 100
132 60 100
132 80 100
132 100 100
132 120 100
132 140 100
132 160 100
132 180 100
132 199 100
143 10 100
143 30 100
143 50 100
143 70 100
143 90 100
143 110 100
143 130 100
143 150 100
143 170 100
143 190 100
154 0 100
154 20 100
154 40 100
154 60 100
154 80 100
154 100 100
154 120 100
154 140 100
154 160 100
154 180 100
154 199 100
165 10 100
165 30 100
165 50 100
165 70 100
165 90 100
165 110 100
165 130 100
165 150 100
165 170 100
165 190 100
176 0 100
176 20 100
176 40 100
176 60 100
176 80 100
176 100 100
176 120 100
176 140 100
176 160 100
176 180 100
176 199 100
187 10 100
187 30 100
187 50 100
187 70 100
187 90 100
187 110 100
187 130 100
187 150 100
187 170 100
187 190 100
198 0 100
198 20 100
198 40 100
198 60 100
198 80 100
198 100 100
198 120 100
198 140 100
198 160 100
198 180 100
198 199 100
0 20 100
0 60 100
0 80 100
0 100 100
0 180 100
0 199 100
11 30 100
11 50 100
11 70 100
11 90 100
11 110 100
11 130 100
11 150 100
11 190 100
22 20 100
22 100 100
22 120 100
22 199 100
33 10 100
33 110 100
44 0 100
44 20 100
44 100 100
44 160 100
44 180 100
55 10 100
55 30 100
55 50 100
55 110 100
55 170 100
66 20 100
66 60 100
66 100 100
66 120 100
66 160 100
66 180 100
66 199 100
77 10 100
77 30 100
77 90 100
77 110 100
77 170 100
77 190 100
88 20 100
88 40 100
88 60 100
88 80 100
88 120 100
88 160 100
88 199 100
99 70 100
99 90 100
99 130 100
99 170 100
110 0 100
110 40 100
110 80 100
110 140 100
110 160 100
110 180 100
121 30 100
121 50 100
121 70 100
121 130 100
121 170 100
132 40 100
132 160 100
132 180 100
143 30 100
143 50 100
143 70 100
143 110 100
143 150 100
143 170 100
154 20 100
154 60 100
154 80 100
154 100 100
154 120 100
154 140 100
154 160 100
154 180 100
165 30 100
165 50 100
165 70 100
165 90 100
165 130 100
165 170 100
165 190 100
176 0 100
176 20 100
176 60 100
176 160 100
187 10 100
187 50 100
187 90 100
187 110 100
187 130 100
187 150 100
198 20 100
198 40 100
198 60 100
198 100 100
198 140 100
198 199 100
53 73 40
148 115 40
101 56 40
174 186 40
22 35 40
181 94 40
130 194 40
109 152 40
109 152 41
181 95 40
181 96 40
181 97 40
181 98 40
181 99 40
181 100 40
181 101 40
181 102 40
180 102 40
180 103 40
179 103 40
179 104 40
178 104 40
178 105 40
177 105 40
177 106 40
177 107 40
176 107 40
176 108 40
175 108 40
175 109 40
174 109 40
174 110 40
173 110 40
173 111 40
172 111 40
172 112 40
171 112 40
170 112 40
169 112 40
169 113 40
168 113 40
167 113 40
167 114 40
166 114 40
165 114 40
165 115 40
164 115 40
163 115 40
163 116 40
162 116 40
162 117 40
161 117 40
161 117 41
160 117 40
160 117 41
159 117 40
159 117 41
158 117 40
158 117 41
158 117 42
157 117 40
157 117 41
157 117 42
156 117 40
156 117 41
156 117 42
155 117 40
155 117 41
154 117 40
154 117 41
153 117 40
153 117 41
152 117 40
151 117 40
150 117 40
149 117 40
148 117 40
148 116 40
22 36 40
22 37 40
23 37 40
23 38 40
24 38 40
25 38 40
26 38 40
27 38 40
27 39 40
28 39 40
29 39 40
30 39 40
31 39 40
31 40 40
32 40 40
33 40 40
33 41 40
33 42 40
34 42 40
34 43 40
34 44 40
34 45 40
34 46 40
34 47 40
34 48 40
34 49 40
34 50 40
34 51 40
34 52 40
34 53 40
34 54 40
34 55 40
34 56 40
34 57 40
34 58 40
34 59 40
34 60 40
34 61 40
34 62 40
35 62 40
35 63 40
35 64 40
36 64 40
36 65 40
36 66 40
36 67 40
37 67 40
38 67 40
38 68 40
38 69 40
39 69 40
40 69 40
40 70 40
41 70 40
41 71 40
42 71 40
42 72 40
43 72 40
43 73 40
44 73 40
45 73 40
46 73 40
47 73 40
48 73 40
49 73 40
50 73 40
51 73 40
52 73 40
109 151 40
109 151 41
109 150 40
109 149 40
109 148 40
109 147 40
110 147 40
111 147 40
112 147 40
113 147 40
114 147 40
115 147 40
116 147 40
117 147 40
118 147 40
119 147 40
120 147 40
121 147 40
122 147 40
123 147 40
124 147 40
125 147 40
126 147 40
127 147 40
128 147 40
129 147 40
130 147 40
131 147 40
132 147 40
132 146 40
133 146 40
133 145 40
134 145 40
134 144 40
135 144 40
135 143 40
136 143 40
136 142 40
136 142 41
137 142 40
137 142 41
137 141 40
137 141 41
137 140 40
137 140 41
137 140 42
138 140 40
138 140 41
138 140 42
138 139 40
138 139 41
138 139 42
138 139 43
138 138 40
138 138 41
138 138 42
138 138 43
138 138 44
139 138 40
139 138 41
139 138 42
139 138 43
139 138 44
139 137 40
139 137 41
139 137 42
139 137 43
139 137 44
139 137 45
140 137 40
140 137 41
140 137 42
140 137 43
140 137 44
140 136 40
140 136 41
140 136 42
140 136 43
140 136 44
140 136 45
140 135 40
140 135 41
140 135 42
140 135 43
140 135 44
140 135 45
140 135 46
141 135 40
141 135 41
141 135 42
141 135 43
141 135 44
141 135 45
141 134 40
141 134 41
141 134 42
141 134 43
141 134 44
141 134 45
141 133 40
141 133 41
141 133 42
141 133 43
141 133 44
142 133 40
142 133 41
142 133 42
142 133 43
142 132 40
142 132 41
142 132 42
142 132 43
142 131 40
142 131 41
142 131 42
143 131 40
143 131 41
143 131 42
143 129 40
143 129 41
143 129 42
144 129 40
144 129 41
144 129 42
144 128 40
144 128 41
144 127 40
144 127 41
145 127 40
145 127 41
145 126 40
145 126 41
146 126 40
146 126 41
147 126 40
147 126 41
147 125 40
147 125 41
148 125 40
148 125 41
148 124 40
148 124 41
148 123 40
148 123 41
148 122 40
148 122 41
148 121 40
148 120 40
148 119 40
148 118 40
130 195 40
130 196 40
130 197 40
130 198 40
129 198 40
128 198 40
127 198 40
126 198 40
125 198 40
124 198 40
123 198 40
122 198 40
121 198 40
120 198 40
119 198 40
118 198 40
117 198 40
116 198 40
115 198 40
114 198 40
113 198 40
112 198 40
111 198 40
110 198 40
109 198 40
108 198 40
107 198 40
106 198 40
105 198 40
105 197 40
105 196 40
104 196 40
104 195 40
103 195 40
103 194 40
102 194 40
102 193 40
101 193 40
101 192 40
100 192 40
100 191 40
99 191 40
98 190 40
98 190 41
98 189 40
98 189 41
97 189 40
97 189 41
97 189 42
97 188 40
97 188 41
97 188 42
97 188 43
96 188 40
96 188 41
96 188 42
96 188 43
96 187 40
96 187 41
96 187 42
96 187 43
96 187 44
95 187 40
95 187 41
95 187 42
95 187 43
95 187 44
95 186 40
95 186 41
95 186 42
95 186 43
95 186 44
94 186 40
94 186 41
94 186 42
94 186 43
94 186 44
94 185 40
94 185 41
94 185 42
94 185 43
94 185 44
93 185 40
93 185 41
93 185 42
93 185 43
93 184 40
93 184 41
93 184 42
93 184 43
92 184 40
92 184 41
92 184 42
92 183 40
92 183 41
92 183 42
91 183 40
91 183 41
91 182 40
91 182 41
90 182 40
90 181 40
90 180 40
90 179 40
90 178 40
90 177 40
90 176 40
90 175 40
90 174 40
90 174 41
90 173 40
90 173 41
90 172 40
90 172 41
90 172 42
90 171 40
90 171 41
90 171 42
90 170 40
90 170 41
90 170 42
90 170 43
90 169 40
90 169 41
90 169 42
90 169 43
90 168 40
90 168 41
90 168 42
90 168 43
90 167 40
90 167 41
90 167 42
90 167 43
90 166 40
90 166 41
90 166 42
90 166 43
90 166 44
90 165 40
90 165 41
90 165 42
90 165 43
90 165 44
90 164 40
90 164 41
90 164 42
90 164 43
90 164 44
90 164 45
90 163 40
90 163 41
90 163 42
90 163 43
90 163 44
90 163 45
90 163 46
90 162 40
90 162 41
90 162 42
90 162 43
90 162 44
90 162 45
90 162 46
90 161 40
90 161 41
90 161 42
90 161 43
90 161 44
90 161 45
90 161 46
90 161 47
90 160 40
90 160 41
90 160 42
90 160 43
90 160 44
90 160 45
90 160 46
90 160 47
90 159 40
90 159 41
90 159 42
90 159 43
90 159 44
90 159 45
90 159 46
90 159 47
90 158 40
90 158 41
90 158 42
90 158 43
90 158 44
90 158 45
90 158 46
90 158 47
90 157 40
90 157 41
90 157 42
90 157 43
90 157 44
90 157 45
90 157 46
90 156 40
90 156 41
90 156 42
90 156 43
90 156 44
90 155 40
90 155 41
90 155 42
90 155 43
90 154 40
90 154 41
90 154 42
90 153 40
90 153 41
90 152 40
90 151 40
90 150 40
91 150 40
92 150 40
93 150 40
94 150 40
95 150 40
96 150 40
97 150 40
98 150 40
100 150 40
100 150 41
101 150 40
101 150 41
101 150 42
102 150 40
102 150 41
102 150 42
102 149 40
102 149 41
102 149 42
103 149 40
103 149 41
103 149 42
104 149 40
104 149 41
104 149 42
104 148 40
104 148 41
105 148 40
105 148 41
106 148 40
106 148 41
107 148 40
107 148 41
108 148 40
174 187 40
174 188 40
174 189 40
174 190 40
174 191 40
174 192 40
174 193 40
174 194 40
174 195 40
174 196 40
174 197 40
174 198 40
174 199 40
173 199 40
172 199 40
171 199 40
170 199 40
169 199 40
169 199 41
168 199 40
168 199 41
167 199 40
167 199 41
167 199 42
166 199 40
166 199 41
166 199 42
166 199 43
165 199 40
165 199 41
165 199 42
165 199 43
165 199 44
164 199 40
164 199 41
164 199 42
164 199 43
164 199 44
164 199 45
164 199 46
163 199 40
163 199 41
163 199 42
163 199 43
163 199 44
163 199 45
163 199 46
163 199 47
162 199 40
162 199 41
162 199 42
162 199 43
162 199 44
162 199 45
162 199 46
162 199 47
162 199 48
161 199 40
161 199 41
161 199 42
161 199 43
161 199 44
161 199 45
161 199 46
161 199 47
161 199 48
160 199 40
160 199 41
160 199 42
160 199 43
160 199 44
160 199 45
160 199 46
160 199 47
159 199 40
159 199 41
159 199 42
159 199 43
159 199 44
159 199 45
158 199 40
158 199 41
158 199 42
158 199 43
157 199 40
157 199 41
157 199 42
156 199 40
156 199 41
155 199 40
153 199 40
152 199 40
151 199 40
150 199 40
149 199 40
148 199 40
147 199 40
146 199 40
145 199 40
144 199 40
143 199 40
142 199 40
141 199 40
140 199 40
139 199 40
138 199 40
137 199 40
136 199 40
135 199 40
134 199 40
133 199 40
131 199 40
130 199 40
