0 0 100
0 20 100
0 40 100
0 60 100
0 80 100
0 100 100
0 120 100
0 140 100
0 160 100
0 180 100
0 199 100
11 10 100
11 30 100
11 50 100
11 70 100
11 90 100
11 110 100
11 130 100
11 150 100
11 170 100
11 190 100
22 0 100
22 20 100
22 40 100
22 60 100
22 80 100
22 100 100
22 120 100
22 140 100
22 160 100
22 180 100
22 199 100
33 10 100
33 30 100
33 50 100
33 70 100
33 90 100
33 110 100
33 130 100
33 150 100
33 170 100
33 190 100
44 0 100
44 20 100
44 40 100
44 60 100
44 80 100
44 100 100
44 120 100
44 140 100
44 160 100
44 180 100
44 199 100
55 10 100
55 30 100
55 50 100
55 70 100
55 90 100
55 110 100
55 130 100
55 150 100
55 170 100
55 190 100
66 0 100
66 20 100
66 40 100
66 60 100
66 80 100
66 100 100
66 120 100
66 140 100
66 160 100
66 180 100
66 199 100
77 10 100
77 30 100
77 50 100
77 70 100
77 90 100
77 110 100
77 130 100
77 150 100
77 170 100
77 190 100
88 0 100
88 20 100
88 40 100
88 60 100
88 80 100
88 100 100
88 120 100
88 140 100
88 160 100
88 180 100
88 199 100
99 10 100
99 30 100
99 50 100
99 70 100
99 90 100
99 110 100
99 130 100
99 150 100
99 170 100
99 190 100
110 0 100
110 20 100
110 40 100
110 60 100
110 80 100
110 100 100
110 120 100
110 140 100
110 160 100
110 180 100
110 199 100
121 10 100
121 30 100
121 50 100
121 70 100
121 90 100
121 110 100
121 130 100
121 150 100
121 170 100
121 190 100
132 0 100
132 20 100
132 40 100
132 60 100
132 80 100
132 100 100
132 120 100
132 140 100
132 160 100
132 180 100
132 199 100
143 10 100
143 30 100
143 50 100
143 70 100
143 90 100
143 110 100
143 130 100
143 150 100
143 170 100
143 190 100
154 0 100
154 20 100
154 40 100
154 60 100
154 80 100
154 100 100
154 120 100
154 140 100
154 160 100
154 180 100
154 199 100
165 10 100
165 30 100
165 50 100
165 70 100
165 90 100
165 110 100
165 130 100
165 150 100
165 170 100
165 190 100
176 0 100
176 20 100
176 40 100
176 60 100
176 80 100
176 100 100
176 120 100
176 140 100
176 160 100
176 180 100
176 199 100
187 10 100
187 30 100
187 50 100
187 70 100
187 90 100
187 110 100
187 130 100
187 150 100
187 170 100
187 190 100
198 0 100
198 20 100
198 40 100
198 60 100
198 80 100
198 100 100
198 120 100
198 140 100
198 160 100
198 180 100
198 199 100
0 0 100
0 60 100
0 80 100
0 100 100
0 120 100
0 140 100
0 160 100
11 50 100
11 70 100
11 90 100
11 110 100
11 130 100
11 150 100
11 170 100
22 40 100
22 60 100
22 100 100
22 120 100
22 160 100
22 180 100
22 199 100
33 30 100
33 50 100
33 70 100
33 90 100
33 170 100
44 40 100
44 60 100
44 80 100
55 90 100
66 20 100
66 80 100
66 100 100
66 180 100
77 10 100
77 30 100
77 70 100
77 90 100
77 110 100
77 170 100
77 190 100
88 0 100
88 20 100
88 40 100
88 60 100
88 80 100
88 100 100
88 140 100
88 160 100
88 180 100
88 199 100
99 10 100
99 30 100
99 50 100
99 70 100
99 130 100
99 150 100
99 170 100
110 40 100
110 60 100
110 120 100
110 140 100
110 160 100
121 50 100
121 110 100
121 130 100
132 120 100
132 199 100
143 110 100
143 130 100
154 60 100
154 120 100
154 140 100
165 10 100
165 30 100
165 50 100
165 70 100
165 130 100
165 150 100
176 0 100
176 20 100
176 40 100
176 60 100
176 80 100
176 140 100
176 160 100
176 199 100
187 50 100
187 70 100
187 90 100
187 110 100
187 130 100
187 150 100
187 170 100
198 40 100
198 80 100
198 100 100
198 160 100
198 180 100
12 199 40
12 199 56
123 9 40
143 176 40
123 147 40
25 69 40
25 69 56
10 33 40
60 199 40
159 85 40
25 177 40
25 177 56
25 177 72
25 177 88
73 150 40
52 10 40
53 166 40
123 148 40
123 149 40
124 149 40
125 149 40
126 149 40
127 149 40
128 149 40
129 149 40
130 149 40
130 150 40
131 150 40
132 150 40
132 151 40
132 152 40
133 152 40
133 153 40
134 153 40
134 154 40
135 154 40
135 155 40
135 156 40
135 157 40
135 158 40
135 159 40
135 160 40
135 161 40
135 162 40
135 163 40
135 164 40
135 165 40
135 166 40
135 167 40
135 168 40
135 169 40
135 170 40
135 171 40
135 172 40
135 173 40
136 173 40
137 173 40
138 173 40
139 173 40
140 173 40
141 173 40
142 173 40
142 174 40
142 175 40
143 175 40
59 199 40
58 199 40
57 199 40
56 199 40
55 199 40
54 199 40
53 199 40
52 199 40
51 199 40
50 199 40
49 199 40
48 199 40
47 199 40
46 199 40
45 199 40
43 199 40
42 199 40
41 199 40
40 199 40
39 199 40
38 199 40
37 199 40
36 199 40
35 199 40
34 199 40
33 199 40
32 199 40
31 199 40
31 199 56
30 199 40
30 199 56
29 199 40
29 199 56
28 199 40
28 199 56
27 199 40
27 199 56
27 199 72
26 199 40
26 199 56
26 199 72
25 199 40
25 199 56
25 199 72
24 199 40
24 199 56
24 199 72
23 199 40
23 199 56
23 199 72
21 199 40
21 199 56
21 199 72
20 199 40
20 199 56
20 199 72
19 199 40
19 199 56
19 199 72
18 199 40
18 199 56
18 199 72
17 199 40
17 199 56
17 199 72
16 199 40
16 199 56
16 199 72
15 199 40
15 199 56
15 199 72
14 199 40
14 199 56
14 199 72
13 199 40
13 199 56
53 167 40
53 168 40
53 169 40
53 170 40
53 171 40
52 171 40
52 172 40
52 173 40
51 173 40
51 174 40
51 175 40
51 175 56
50 175 40
50 176 40
50 177 40
50 178 40
50 178 56
50 179 40
50 179 56
50 180 40
50 180 56
50 181 40
50 182 40
50 183 40
50 184 40
50 185 40
50 186 40
50 187 40
50 188 40
50 189 40
50 190 40
50 191 40
50 192 40
50 193 40
50 194 40
50 195 40
50 196 40
50 197 40
50 198 40
72 150 40
71 150 40
70 150 40
69 150 40
68 150 40
67 150 40
66 150 40
65 150 40
64 150 40
63 150 40
62 150 40
61 150 40
60 150 40
59 150 40
58 150 40
58 151 40
57 151 40
56 151 40
56 152 40
56 153 40
56 154 40
56 155 40
56 156 40
56 157 40
56 158 40
55 158 40
55 159 40
55 160 40
55 161 40
55 162 40
55 163 40
55 164 40
55 165 40
55 166 40
54 166 40
158 85 40
157 85 40
156 85 40
155 85 40
154 85 40
153 85 40
152 85 40
151 85 40
150 85 40
149 85 40
148 85 40
147 85 40
146 85 40
145 85 40
144 85 40
144 84 40
143 84 40
143 83 40
142 83 40
141 83 40
140 83 40
140 82 40
140 81 40
140 80 40
139 80 40
139 79 40
139 78 40
139 77 40
139 76 40
139 75 40
139 74 40
139 73 40
139 72 40
139 71 40
139 70 40
139 69 40
139 68 40
139 67 40
139 66 40
139 65 40
139 64 40
139 63 40
139 62 40
139 61 40
139 60 40
139 59 40
139 58 40
139 57 40
140 57 40
140 56 40
140 55 40
140 54 40
140 53 40
140 52 40
140 51 40
140 50 40
140 49 40
140 48 40
140 47 40
140 46 40
140 45 40
140 44 40
140 43 40
140 42 40
140 41 40
140 40 40
140 39 40
140 38 40
140 37 40
140 36 40
140 35 40
140 34 40
140 33 40
140 32 40
140 31 40
140 30 40
140 29 40
140 28 40
140 27 40
140 26 40
139 26 40
138 26 40
137 26 40
136 26 40
136 25 40
136 24 40
136 23 40
136 22 40
136 21 40
136 20 40
135 20 40
134 20 40
134 19 40
133 19 40
133 18 40
132 18 40
131 18 40
130 18 40
129 18 40
129 17 40
129 16 40
128 16 40
127 16 40
126 16 40
126 15 40
126 14 40
126 13 40
126 12 40
125 12 40
125 11 40
124 11 40
124 10 40
124 9 40
26 177 40
26 177 56
26 177 72
27 177 40
27 177 56
27 177 72
28 177 40
28 177 56
28 177 72
29 177 40
29 177 56
30 177 40
30 177 56
31 177 40
31 177 56
32 177 40
33 177 40
34 177 40
35 177 40
36 177 40
37 177 40
38 177 40
39 177 40
40 177 40
41 177 40
42 177 40
43 177 40
44 177 40
45 177 40
46 177 40
47 177 40
48 177 40
49 177 40
52 11 40
52 12 40
52 13 40
52 14 40
52 15 40
52 16 40
52 16 56
52 17 40
52 17 56
52 18 40
52 18 56
52 19 40
52 19 56
53 19 40
53 19 56
53 20 40
53 20 56
53 21 40
53 21 56
53 22 40
53 22 56
54 22 40
54 22 56
54 23 40
54 23 56
54 24 40
54 24 56
55 24 40
55 24 56
55 25 40
55 25 56
56 25 40
56 25 56
56 26 40
56 26 56
57 26 40
57 26 56
57 27 40
57 27 56
58 27 40
58 27 56
58 28 40
58 28 56
58 29 40
58 29 56
59 29 40
59 29 56
59 30 40
59 30 56
60 30 40
60 30 56
60 31 40
60 31 56
61 31 40
61 32 40
61 33 40
61 34 40
61 35 40
62 35 40
62 36 40
62 37 40
62 38 40
63 38 40
63 39 40
63 40 40
63 41 40
63 42 40
63 43 40
63 44 40
63 45 40
63 46 40
63 47 40
63 48 40
63 49 40
63 50 40
63 51 40
63 52 40
63 53 40
63 54 40
63 55 40
63 56 40
63 57 40
63 58 40
63 59 40
63 60 40
63 61 40
63 62 40
63 63 40
63 64 40
63 65 40
62 65 40
62 66 40
62 67 40
61 67 40
61 68 40
60 68 40
60 69 40
60 69 56
59 69 40
59 70 40
59 70 56
58 70 40
58 70 56
58 71 40
58 71 56
57 71 40
57 71 56
57 72 40
57 72 56
56 72 40
56 72 56
56 73 40
56 73 56
55 73 40
55 73 56
55 74 40
55 74 56
55 74 72
54 74 40
54 74 56
54 75 40
54 75 56
54 75 72
53 75 40
53 75 56
53 75 72
53 76 40
53 76 56
53 76 72
52 76 40
52 76 56
52 76 72
52 77 40
52 77 56
52 77 72
51 77 40
51 77 56
51 77 72
51 78 40
51 78 56
51 78 72
50 78 40
50 78 56
50 78 72
49 78 40
49 78 56
49 78 72
49 79 40
49 79 56
49 79 72
48 79 40
48 79 56
48 79 72
48 80 40
48 80 56
48 80 72
47 80 40
47 80 56
47 80 72
47 81 40
47 81 56
47 81 72
46 81 40
46 81 56
46 81 72
46 82 40
46 82 56
45 82 40
45 82 56
45 83 40
45 83 56
44 83 40
44 83 56
44 84 40
44 84 56
43 84 40
43 84 56
43 85 40
43 85 56
42 85 40
42 85 56
42 86 40
42 86 56
41 86 40
41 86 56
41 87 40
41 87 56
41 88 40
41 88 56
41 89 40
41 89 56
41 90 40
41 90 56
41 91 40
41 91 56
41 92 40
41 92 56
41 93 40
41 93 56
41 94 40
41 94 56
41 95 40
41 95 56
41 96 40
41 96 56
41 97 40
41 97 56
41 98 40
41 98 56
41 99 40
41 99 56
41 100 40
41 100 56
41 101 40
41 101 56
41 102 40
42 102 40
42 103 40
42 104 40
42 105 40
42 106 40
42 107 40
42 108 40
42 109 40
42 110 40
42 111 40
43 111 40
43 112 40
44 112 40
44 113 40
44 114 40
44 115 40
44 116 40
45 116 40
45 117 40
45 118 40
45 119 40
45 120 40
45 121 40
45 122 40
45 123 40
45 124 40
45 125 40
45 126 40
45 127 40
45 128 40
45 129 40
45 130 40
45 131 40
45 132 40
45 133 40
45 134 40
45 135 40
45 136 40
45 137 40
45 138 40
45 139 40
46 139 40
46 140 40
46 141 40
46 142 40
47 142 40
48 142 40
48 143 40
48 144 40
49 144 40
50 144 40
50 145 40
51 145 40
51 146 40
52 146 40
52 147 40
53 147 40
53 148 40
54 148 40
54 149 40
54 150 40
54 151 40
55 151 40
10 32 40
10 31 40
10 30 40
10 29 40
10 28 40
10 27 40
10 26 40
10 25 40
10 24 40
11 24 40
12 24 40
13 24 40
14 24 40
14 23 40
14 22 40
14 21 40
15 21 40
16 21 40
16 20 40
16 19 40
17 19 40
18 19 40
18 18 40
19 18 40
20 18 40
20 17 40
20 16 40
21 16 40
22 16 40
22 15 40
23 15 40
23 14 40
24 14 40
25 14 40
26 14 40
27 14 40
28 14 40
29 14 40
30 14 40
31 14 40
32 14 40
33 14 40
34 14 40
35 14 40
36 14 40
37 14 40
38 14 40
39 14 40
40 14 40
41 14 40
42 14 40
43 14 40
44 14 40
45 14 40
46 14 40
47 14 40
48 14 40
49 14 40
50 14 40
51 14 40
25 70 40
25 70 56
25 71 40
25 72 40
25 73 40
25 74 40
25 75 40
25 76 40
25 77 40
25 78 40
25 79 40
25 80 40
25 81 40
25 81 56
25 82 40
25 82 56
25 83 40
25 83 56
26 83 40
26 83 56
26 84 40
26 84 56
27 84 40
27 84 56
27 85 40
27 85 56
27 85 72
28 85 40
28 85 56
28 85 72
28 86 40
28 86 56
28 86 72
29 86 40
29 86 56
29 86 72
30 86 40
30 86 56
30 86 72
30 87 40
30 87 56
30 87 72
31 87 40
31 87 56
31 87 72
32 87 40
32 87 56
32 87 72
33 87 40
33 87 56
33 87 72
34 87 40
34 87 56
35 87 40
35 87 56
36 87 40
36 87 56
37 87 40
37 87 56
38 87 40
38 87 56
39 87 40
39 87 56
40 87 40
40 87 56
