0 0 100
0 20 100
0 40 100
0 60 100
0 80 100
0 100 100
0 120 100
0 140 100
0 160 100
0 180 100
0 199 100
11 10 100
11 30 100
11 50 100
11 70 100
11 90 100
11 110 100
11 130 100
11 150 100
11 170 100
11 190 100
22 0 100
22 20 100
22 40 100
22 60 100
22 80 100
22 100 100
22 120 100
22 140 100
22 160 100
22 180 100
22 199 100
33 10 100
33 30 100
33 50 100
33 70 100
33 90 100
33 110 100
33 130 100
33 150 100
33 170 100
33 190 100
44 0 100
44 20 100
44 40 100
44 60 100
44 80 100
44 100 100
44 120 100
44 140 100
44 160 100
44 180 100
44 199 100
55 10 100
55 30 100
55 50 100
55 70 100
55 90 100
55 110 100
55 130 100
55 150 100
55 170 100
55 190 100
66 0 100
66 20 100
66 40 100
66 60 100
66 80 100
66 100 100
66 120 100
66 140 100
66 160 100
66 180 100
66 199 100
77 10 100
77 30 100
77 50 100
77 70 100
77 90 100
77 110 100
77 130 100
77 150 100
77 170 100
77 190 100
88 0 100
88 20 100
88 40 100
88 60 100
88 80 100
88 100 100
88 120 100
88 140 100
88 160 100
88 180 100
88 199 100
99 10 100
99 30 100
99 50 100
99 70 100
99 90 100
99 110 100
99 130 100
99 150 100
99 170 100
99 190 100
110 0 100
110 20 100
110 40 100
110 60 100
110 80 100
110 100 100
110 120 100
110 140 100
110 160 100
110 180 100
110 199 100
121 10 100
121 30 100
121 50 100
121 70 100
121 90 100
121 110 100
121 130 100
121 150 100
121 170 100
121 190 100
132 0 100
132 20 100
132 40 100
132 60 100
132 80 100
132 100 100
132 120 100
132 140 100
132 160 100
132 180 100
132 199 100
143 10 100
143 30 100
143 50 100
143 70 100
143 90 100
143 110 100
143 130 100
143 150 100
143 170 100
143 190 100
154 0 100
154 20 100
154 40 100
154 60 100
154 80 100
154 100 100
154 120 100
154 140 100
154 160 100
154 180 100
154 199 100
165 10 100
165 30 100
165 50 100
165 70 100
165 90 100
165 110 100
165 130 100
165 150 100
165 170 100
165 190 100
176 0 100
176 20 100
176 40 100
176 60 100
176 80 100
176 100 100
176 120 100
176 140 100
176 160 100
176 180 100
176 199 100
187 10 100
187 30 100
187 50 100
187 70 100
187 90 100
187 110 100
187 130 100
187 150 100
187 170 100
187 190 100
198 0 100
198 20 100
198 40 100
198 60 100
198 80 100
198 100 100
198 120 100
198 140 100
198 160 100
198 180 100
198 199 100
0 0 100
0 20 100
0 60 100
0 80 100
0 120 100
0 140 100
0 180 100
11 10 100
11 30 100
11 50 100
11 70 100
11 110 100
11 130 100
11 170 100
11 190 100
22 0 100
22 20 100
22 60 100
22 80 100
22 100 100
22 140 100
22 160 100
22 180 100
22 199 100
33 10 100
33 30 100
33 70 100
33 110 100
33 150 100
33 170 100
33 190 100
44 0 100
44 20 100
44 60 100
44 100 100
44 140 100
44 180 100
44 199 100
55 10 100
55 30 100
55 50 100
55 70 100
55 90 100
55 110 100
55 130 100
55 150 100
55 170 100
66 0 100
66 20 100
66 60 100
66 80 100
66 100 100
66 120 100
66 140 100
66 180 100
66 199 100
77 10 100
77 50 100
77 70 100
77 90 100
77 110 100
77 130 100
77 150 100
77 170 100
77 190 100
88 0 100
88 20 100
88 40 100
88 60 100
88 80 100
88 120 100
88 140 100
88 160 100
88 180 100
88 199 100
99 10 100
99 30 100
99 70 100
99 90 100
99 110 100
99 130 100
99 150 100
99 170 100
99 190 100
110 0 100
110 60 100
110 80 100
110 140 100
110 180 100
121 30 100
121 50 100
121 70 100
121 90 100
121 110 100
121 130 100
121 190 100
132 20 100
132 40 100
132 60 100
132 80 100
132 100 100
132 120 100
132 180 100
132 199 100
143 10 100
143 30 100
143 50 100
143 70 100
143 110 100
143 170 100
154 0 100
154 20 100
154 60 100
154 80 100
154 100 100
154 120 100
154 140 100
154 199 100
165 10 100
165 30 100
165 50 100
165 70 100
165 90 100
165 110 100
165 130 100
165 150 100
165 190 100
176 0 100
176 40 100
176 60 100
176 80 100
176 100 100
176 140 100
176 180 100
176 199 100
187 10 100
187 90 100
187 110 100
187 170 100
187 190 100
198 0 100
198 20 100
198 80 100
198 100 100
198 140 100
198 160 100
198 180 100
140 84 40
140 84 44
140 84 48
140 84 52
140 84 56
67 163 40
84 88 40
84 88 44
84 88 48
184 18 40
147 33 40
147 33 44
5 95 40
17 35 40
189 73 40
174 158 40
6 193 40
6 193 44
6 193 48
6 193 52
6 193 56
6 193 60
6 193 64
6 193 68
174 159 40
174 160 40
174 161 40
174 162 40
174 163 40
174 164 40
174 165 40
174 166 40
173 166 40
172 166 40
172 167 40
171 167 40
171 168 40
170 168 40
169 168 40
168 168 40
167 168 40
166 168 40
165 168 40
164 168 40
163 168 40
162 168 40
161 168 40
161 167 40
160 167 40
160 166 40
159 166 40
159 165 40
158 165 40
158 164 40
157 164 40
157 163 40
156 163 40
156 162 40
155 162 40
155 161 40
155 161 44
154 161 40
154 161 44
153 160 40
153 160 44
153 160 48
153 159 40
153 159 44
153 159 48
152 159 40
152 159 44
152 159 48
152 159 52
152 158 40
152 158 44
152 158 48
152 158 52
151 158 40
151 158 44
151 158 48
151 158 52
151 158 56
151 157 40
151 157 44
151 157 48
151 157 52
151 157 56
151 157 60
150 157 40
150 157 44
150 157 48
150 157 52
150 157 56
150 157 60
150 157 64
149 157 40
149 157 44
149 157 48
149 157 52
149 157 56
149 157 60
149 157 64
149 156 40
149 156 44
149 156 48
149 156 52
149 156 56
149 156 60
149 156 64
148 156 40
148 156 44
148 156 48
148 156 52
148 156 56
148 156 60
148 156 64
148 156 68
147 156 40
147 156 44
147 156 48
147 156 52
147 156 56
147 156 60
147 156 64
147 156 68
147 155 40
147 155 44
147 155 48
147 155 52
147 155 56
147 155 60
147 155 64
147 155 68
146 155 40
146 155 44
146 155 48
146 155 52
146 155 56
146 155 60
146 155 64
145 155 40
145 155 44
145 155 48
145 155 52
145 155 56
145 155 60
145 155 64
144 155 40
144 155 44
144 155 48
144 155 52
144 155 56
144 155 60
143 155 40
143 155 44
143 155 48
143 155 52
142 155 40
142 155 44
142 155 48
141 155 40
141 155 44
140 155 40
140 155 44
139 155 40
139 154 40
139 153 40
139 152 40
139 151 40
139 150 40
139 149 40
139 148 40
139 147 40
139 146 40
139 145 40
139 144 40
139 143 40
139 142 40
139 141 40
139 140 40
139 139 40
139 139 44
139 138 40
139 138 44
139 137 40
139 137 44
139 136 40
139 136 44
139 135 40
139 135 44
139 134 40
139 134 44
139 133 40
139 133 44
139 132 40
139 132 44
139 131 40
139 131 44
139 130 40
139 129 40
139 128 40
138 128 40
138 127 40
138 126 40
137 126 40
137 125 40
136 125 40
136 124 40
135 124 40
135 124 44
135 123 40
135 123 44
134 123 40
134 123 44
134 122 40
134 122 44
133 122 40
133 122 44
133 122 48
132 122 40
132 122 44
132 122 48
131 122 40
131 122 44
131 122 48
131 122 52
130 122 40
130 122 44
130 122 48
130 122 52
130 122 56
129 122 40
129 122 44
129 122 48
129 122 52
129 122 56
129 122 60
128 122 40
128 122 44
128 122 48
128 122 52
128 122 56
128 122 60
128 122 64
127 122 40
127 122 44
127 122 48
127 122 52
127 122 56
127 122 60
127 122 64
126 122 40
126 122 44
126 122 48
126 122 52
126 122 56
126 122 60
126 122 64
125 122 40
125 122 44
125 122 48
125 122 52
125 122 56
125 122 60
124 122 40
124 122 44
124 122 48
124 122 52
124 122 56
124 122 60
123 122 40
123 122 44
123 122 48
123 122 52
123 122 56
123 122 60
122 122 40
122 122 44
122 122 48
122 122 52
122 122 56
121 122 40
121 122 44
121 122 48
121 122 52
120 122 40
120 122 44
120 122 48
120 122 52
119 122 40
119 122 44
119 122 48
119 122 52
118 122 40
118 122 44
118 122 48
117 122 40
117 122 44
117 122 48
116 122 40
116 122 44
116 122 48
115 122 40
115 122 44
115 122 48
114 122 40
114 122 44
114 122 48
113 122 40
113 122 44
113 122 48
112 122 40
112 122 44
112 122 48
112 121 40
112 121 44
112 120 40
112 120 44
112 119 40
112 119 44
112 118 40
112 118 44
112 117 40
112 117 44
112 116 40
112 116 44
112 115 40
112 115 44
112 114 40
112 114 44
112 114 48
112 113 40
112 113 44
112 113 48
112 112 40
112 112 44
112 112 48
112 112 52
112 111 40
112 111 44
112 111 48
112 111 52
112 111 56
112 110 40
112 110 44
112 110 48
112 110 52
112 110 56
112 109 40
112 109 44
112 109 48
112 109 52
112 109 56
112 109 60
112 108 40
112 108 44
112 108 48
112 108 52
112 108 56
112 108 60
112 107 40
112 107 44
112 107 48
112 107 52
112 107 56
112 106 40
112 106 44
112 106 48
112 106 52
112 106 56
112 105 40
112 105 44
112 105 48
112 105 52
112 104 40
112 104 44
112 104 48
112 104 52
112 103 40
112 103 44
112 103 48
112 102 40
112 102 44
111 102 40
111 102 44
111 101 40
111 101 44
110 101 40
110 101 44
109 100 40
109 99 40
108 99 40
108 98 40
107 98 40
107 97 40
106 97 40
105 97 40
104 97 40
103 97 40
102 97 40
102 97 44
101 97 40
101 97 44
100 97 40
100 97 44
99 97 40
99 97 44
98 97 40
98 97 44
97 97 40
97 97 44
96 97 40
96 97 44
95 97 40
95 97 44
94 97 40
94 97 44
94 98 40
94 98 44
93 98 40
92 98 40
91 98 40
90 98 40
89 98 40
88 98 40
87 98 40
86 98 40
85 98 40
84 98 40
84 97 40
84 96 40
84 95 40
84 94 40
84 93 40
84 92 40
84 91 40
84 90 40
84 89 40
84 89 44
147 34 40
147 35 40
147 36 40
147 37 40
147 38 40
147 39 40
147 40 40
147 41 40
147 42 40
147 43 40
147 44 40
147 45 40
147 46 40
147 47 40
147 48 40
147 49 40
147 50 40
147 50 44
146 50 40
146 50 44
146 51 40
146 51 44
146 51 48
145 51 40
145 51 44
145 51 48
145 52 40
145 52 44
145 52 48
145 52 52
144 52 40
144 52 44
144 52 48
144 52 52
144 52 56
143 52 40
143 52 44
143 52 48
143 52 52
143 52 56
143 52 60
142 52 40
142 52 44
142 52 48
142 52 52
142 52 56
142 52 60
142 52 64
141 52 40
141 52 44
141 52 48
141 52 52
141 52 56
141 52 60
141 52 64
141 52 68
140 52 40
140 52 44
140 52 48
140 52 52
140 52 56
140 52 60
140 52 64
140 52 68
140 52 72
139 52 40
139 52 44
139 52 48
139 52 52
139 52 56
139 52 60
139 52 64
139 52 68
139 52 72
139 52 76
139 52 80
138 52 40
138 52 44
138 52 48
138 52 52
138 52 56
138 52 60
138 52 64
138 52 68
138 52 72
138 52 76
138 52 80
138 52 84
138 52 88
138 52 92
137 52 40
137 52 44
137 52 48
137 52 52
137 52 56
137 52 60
137 52 64
137 52 68
137 52 72
137 52 76
137 52 80
137 52 84
137 52 88
137 52 92
137 52 96
137 52 100
137 52 104
136 52 40
136 52 44
136 52 48
136 52 52
136 52 56
136 52 60
136 52 64
136 52 68
136 52 72
136 52 76
136 52 80
136 52 84
136 52 88
136 52 92
136 52 96
136 52 100
136 52 104
136 52 108
136 52 112
136 52 116
135 52 40
135 52 44
135 52 48
135 52 52
135 52 56
135 52 60
135 52 64
135 52 68
135 52 72
135 52 76
135 52 80
135 52 84
135 52 88
135 52 92
135 52 96
135 52 100
135 52 104
135 52 108
135 52 112
135 52 116
135 52 120
135 52 124
134 52 40
134 52 44
134 52 48
134 52 52
134 52 56
134 52 60
134 52 64
134 52 68
134 52 72
134 52 76
134 52 80
134 52 84
134 52 88
134 52 92
134 52 96
134 52 100
134 52 104
134 52 108
134 52 112
134 52 116
134 52 120
134 52 124
134 52 128
134 52 132
134 52 136
133 52 40
133 52 44
133 52 48
133 52 52
133 52 56
133 52 60
133 52 64
133 52 68
133 52 72
133 52 76
133 52 80
133 52 84
133 52 88
133 52 92
133 52 96
133 52 100
133 52 104
133 52 108
133 52 112
133 52 116
133 52 120
133 52 124
133 52 128
133 52 132
133 52 136
133 52 140
132 52 40
132 52 44
132 52 48
132 52 52
132 52 56
132 52 60
132 52 64
132 52 68
132 52 72
132 52 76
132 52 80
132 52 84
132 52 88
132 52 92
132 52 96
132 52 100
132 52 104
132 52 108
132 52 112
132 52 116
132 52 120
132 52 124
132 52 128
132 52 132
132 52 136
132 52 140
132 52 144
132 52 148
131 52 40
131 52 44
131 52 48
131 52 52
131 52 56
131 52 60
131 52 64
131 52 68
131 52 72
131 52 76
131 52 80
131 52 84
131 52 88
131 52 92
131 52 96
131 52 100
131 52 104
131 52 108
131 52 112
131 52 116
131 52 120
131 52 124
131 52 128
131 52 132
131 52 136
131 52 140
131 52 144
131 52 148
130 52 40
130 52 44
130 52 48
130 52 52
130 52 56
130 52 60
130 52 64
130 52 68
130 52 72
130 52 76
130 52 80
130 52 84
130 52 88
130 52 92
130 52 96
130 52 100
130 52 104
130 52 108
130 52 112
130 52 116
130 52 120
130 52 124
130 52 128
130 52 132
130 52 136
130 52 140
130 52 144
130 52 148
129 52 40
129 52 44
129 52 48
129 52 52
129 52 56
129 52 60
129 52 64
129 52 68
129 52 72
129 52 76
129 52 80
129 52 84
129 52 88
129 52 92
129 52 96
129 52 100
129 52 104
129 52 108
129 52 112
129 52 116
129 52 120
129 52 124
129 52 128
129 52 132
129 52 136
129 52 140
129 52 144
128 52 40
128 52 44
128 52 48
128 52 52
128 52 56
128 52 60
128 52 64
128 52 68
128 52 72
128 52 76
128 52 80
128 52 84
128 52 88
128 52 92
128 52 96
128 52 100
128 52 104
128 52 108
128 52 112
128 52 116
128 52 120
128 52 124
128 52 128
128 52 132
128 52 136
127 52 40
127 52 44
127 52 48
127 52 52
127 52 56
127 52 60
127 52 64
127 52 68
127 52 72
127 52 76
127 52 80
127 52 84
127 52 88
127 52 92
127 52 96
127 52 100
127 52 104
127 52 108
127 52 112
127 52 116
127 52 120
127 52 124
126 52 40
126 52 44
126 52 48
126 52 52
126 52 56
126 52 60
126 52 64
126 52 68
126 52 72
126 52 76
126 52 80
126 52 84
126 52 88
126 52 92
126 52 96
126 52 100
126 52 104
126 52 108
126 52 112
125 52 40
125 52 44
125 52 48
125 52 52
125 52 56
125 52 60
125 52 64
125 52 68
125 52 72
125 52 76
125 52 80
125 52 84
125 52 88
125 52 92
125 52 96
124 52 40
124 52 44
124 52 48
124 52 52
124 52 56
124 52 60
124 52 64
124 52 68
124 52 72
124 52 76
124 52 80
124 52 84
123 52 40
123 52 44
123 52 48
123 52 52
123 52 56
123 52 60
123 52 64
123 52 68
123 52 72
122 52 40
122 52 44
122 52 48
122 52 52
122 52 56
122 52 60
122 52 64
121 52 40
121 52 44
121 52 48
121 52 52
121 52 56
120 52 40
120 52 44
120 52 48
119 52 40
119 52 44
118 52 40
118 52 44
117 52 40
116 52 40
115 52 40
114 52 40
113 52 40
112 52 40
111 52 40
110 52 40
109 52 40
108 52 40
107 52 40
106 52 40
105 52 40
104 52 40
103 52 40
103 53 40
102 53 40
102 54 40
101 54 40
101 55 40
101 56 40
101 57 40
101 58 40
101 59 40
101 60 40
101 61 40
101 62 40
101 63 40
101 64 40
101 65 40
101 66 40
101 66 44
101 67 40
101 67 44
101 68 40
101 68 44
101 68 48
101 69 40
101 69 44
101 69 48
101 70 40
101 70 44
101 70 48
101 70 52
101 71 40
101 71 44
101 71 48
101 71 52
101 71 56
101 71 60
101 72 40
101 72 44
101 72 48
101 72 52
101 72 56
101 72 60
101 72 64
101 73 40
101 73 44
101 73 48
101 73 52
101 73 56
101 73 60
101 73 64
101 73 68
101 73 72
101 74 40
101 74 44
101 74 48
101 74 52
101 74 56
101 74 60
101 74 64
101 74 68
101 74 72
101 74 76
101 74 80
101 75 40
101 75 44
101 75 48
101 75 52
101 75 56
101 75 60
101 75 64
101 75 68
101 75 72
101 75 76
101 75 80
101 75 84
101 75 88
101 76 40
101 76 44
101 76 48
101 76 52
101 76 56
101 76 60
101 76 64
101 76 68
101 76 72
101 76 76
101 76 80
101 76 84
101 76 88
101 76 92
101 76 96
101 77 40
101 77 44
101 77 48
101 77 52
101 77 56
101 77 60
101 77 64
101 77 68
101 77 72
101 77 76
101 77 80
101 77 84
101 77 88
101 77 92
101 77 96
101 77 100
101 77 104
101 78 40
101 78 44
101 78 48
101 78 52
101 78 56
101 78 60
101 78 64
101 78 68
101 78 72
101 78 76
101 78 80
101 78 84
101 78 88
101 78 92
101 78 96
101 78 100
101 78 104
101 78 108
101 79 40
101 79 44
101 79 48
101 79 52
101 79 56
101 79 60
101 79 64
101 79 68
101 79 72
101 79 76
101 79 80
101 79 84
101 79 88
101 79 92
101 79 96
101 79 100
101 79 104
101 79 108
101 79 112
101 80 40
101 80 44
101 80 48
101 80 52
101 80 56
101 80 60
101 80 64
101 80 68
101 80 72
101 80 76
101 80 80
101 80 84
101 80 88
101 80 92
101 80 96
101 80 100
101 80 104
101 80 108
101 80 112
101 81 40
101 81 44
101 81 48
101 81 52
101 81 56
101 81 60
101 81 64
101 81 68
101 81 72
101 81 76
101 81 80
101 81 84
101 81 88
101 81 92
101 81 96
101 81 100
101 81 104
101 81 108
101 82 40
101 82 44
101 82 48
101 82 52
101 82 56
101 82 60
101 82 64
101 82 68
101 82 72
101 82 76
101 82 80
101 82 84
101 82 88
101 82 92
101 82 96
101 82 100
101 82 104
101 83 40
101 83 44
101 83 48
101 83 52
101 83 56
101 83 60
101 83 64
101 83 68
101 83 72
101 83 76
101 83 80
101 83 84
101 83 88
101 83 92
101 83 96
101 83 100
101 84 40
101 84 44
101 84 48
101 84 52
101 84 56
101 84 60
101 84 64
101 84 68
101 84 72
101 84 76
101 84 80
101 84 84
101 84 88
101 84 92
101 85 40
101 85 44
101 85 48
101 85 52
101 85 56
101 85 60
101 85 64
101 85 68
101 85 72
101 85 76
101 85 80
101 86 40
101 86 44
101 86 48
101 86 52
101 86 56
101 86 60
101 86 64
101 86 68
101 86 72
101 87 40
101 87 44
101 87 48
101 87 52
101 87 56
101 87 60
101 88 40
101 88 44
101 88 48
101 88 52
101 88 56
101 89 40
101 89 44
101 89 48
101 90 40
101 90 44
101 91 40
101 91 44
101 92 40
101 92 44
101 93 40
101 93 44
101 94 40
101 95 40
101 96 40
189 72 40
189 71 40
190 71 40
190 70 40
191 70 40
191 69 40
192 69 40
192 68 40
193 68 40
193 67 40
194 67 40
194 66 40
194 65 40
194 64 40
194 63 40
194 62 40
194 61 40
194 60 40
194 59 40
194 58 40
194 57 40
194 56 40
194 55 40
194 54 40
194 53 40
194 52 40
193 52 40
192 52 40
191 52 40
190 52 40
189 52 40
188 52 40
187 52 40
186 52 40
185 52 40
184 52 40
183 52 40
182 52 40
181 52 40
180 52 40
180 52 44
179 52 40
179 52 44
178 52 40
178 52 44
177 52 40
177 52 44
177 52 48
176 52 40
176 52 44
176 52 48
176 52 52
175 52 40
175 52 44
175 52 48
175 52 52
175 52 56
174 52 40
174 52 44
174 52 48
174 52 52
174 52 56
174 52 60
174 52 64
173 52 40
173 52 44
173 52 48
173 52 52
173 52 56
173 52 60
173 52 64
173 52 68
173 52 72
172 52 40
172 52 44
172 52 48
172 52 52
172 52 56
172 52 60
172 52 64
172 52 68
172 52 72
172 52 76
172 52 80
171 52 40
171 52 44
171 52 48
171 52 52
171 52 56
171 52 60
171 52 64
171 52 68
171 52 72
171 52 76
171 52 80
171 52 84
170 52 40
170 52 44
170 52 48
170 52 52
170 52 56
170 52 60
170 52 64
170 52 68
170 52 72
170 52 76
170 52 80
170 52 84
170 52 88
169 52 40
169 52 44
169 52 48
169 52 52
169 52 56
169 52 60
169 52 64
169 52 68
169 52 72
169 52 76
169 52 80
169 52 84
169 52 88
168 52 40
168 52 44
168 52 48
168 52 52
168 52 56
168 52 60
168 52 64
168 52 68
168 52 72
168 52 76
168 52 80
168 52 84
167 52 40
167 52 44
167 52 48
167 52 52
167 52 56
167 52 60
167 52 64
167 52 68
167 52 72
167 52 76
167 52 80
166 52 40
166 52 44
166 52 48
166 52 52
166 52 56
166 52 60
166 52 64
166 52 68
166 52 72
166 51 40
166 51 44
166 51 48
166 51 52
166 51 56
166 51 60
166 51 64
165 51 40
165 51 44
165 51 48
165 51 52
165 51 56
164 50 40
164 50 44
164 50 48
164 49 40
164 49 44
163 49 40
163 49 44
163 48 40
163 48 44
162 48 40
162 47 40
161 47 40
160 47 40
160 46 40
159 46 40
158 46 40
157 46 40
156 46 40
155 46 40
154 46 40
153 46 40
152 46 40
151 46 40
150 46 40
149 46 40
148 46 40
184 19 40
184 20 40
184 21 40
184 22 40
184 23 40
184 24 40
184 25 40
184 26 40
184 26 44
184 27 40
184 27 44
185 27 40
186 27 40
186 28 40
187 28 40
188 28 40
188 29 40
189 29 40
190 29 40
191 29 40
191 30 40
192 30 40
192 31 40
193 31 40
193 32 40
193 33 40
193 34 40
194 34 40
194 35 40
194 36 40
194 37 40
194 38 40
194 39 40
194 40 40
194 41 40
194 42 40
194 43 40
194 44 40
194 45 40
194 46 40
194 47 40
194 48 40
194 49 40
194 50 40
194 51 40
6 192 40
6 192 44
6 192 48
6 192 52
6 192 56
6 192 60
6 192 64
6 192 68
6 191 40
6 191 44
6 191 48
6 191 52
6 191 56
6 191 60
6 191 64
6 191 68
6 191 72
6 190 40
6 190 44
6 190 48
6 190 52
6 190 56
6 190 60
6 190 64
6 190 68
6 190 72
6 189 40
6 189 44
6 189 48
6 189 52
6 189 56
6 189 60
6 189 64
6 189 68
6 189 72
6 188 40
6 188 44
6 188 48
6 188 52
6 188 56
6 188 60
6 188 64
6 188 68
6 187 40
6 187 44
6 187 48
6 187 52
6 187 56
6 187 60
6 187 64
6 187 68
6 186 40
6 186 44
6 186 48
6 186 52
6 186 56
6 186 60
6 186 64
6 186 68
6 185 40
6 185 44
6 185 48
6 185 52
6 185 56
6 185 60
6 185 64
6 185 68
6 184 40
6 184 44
6 184 48
6 184 52
6 184 56
6 184 60
6 184 64
6 183 40
6 183 44
6 183 48
6 183 52
6 183 56
6 183 60
6 183 64
6 182 40
6 182 44
6 182 48
6 182 52
6 182 56
6 182 60
6 182 64
6 181 40
6 181 44
6 181 48
6 181 52
6 181 56
6 181 60
6 181 64
6 180 40
6 180 44
6 180 48
6 180 52
6 180 56
6 180 60
6 180 64
6 179 40
6 179 44
6 179 48
6 179 52
6 179 56
6 179 60
6 179 64
6 179 68
6 178 40
6 178 44
6 178 48
6 178 52
6 178 56
6 178 60
6 178 64
6 178 68
6 177 40
6 177 44
6 177 48
6 177 52
6 177 56
6 177 60
6 177 64
6 177 68
6 176 40
6 176 44
6 176 48
6 176 52
6 176 56
6 176 60
6 176 64
6 175 40
6 175 44
6 175 48
6 175 52
6 175 56
6 175 60
6 175 64
6 174 40
6 174 44
6 174 48
6 174 52
6 174 56
6 174 60
6 173 40
6 173 44
6 173 48
6 173 52
6 173 56
6 172 40
6 172 44
6 172 48
6 172 52
7 172 40
7 172 44
7 172 48
7 172 52
8 172 40
8 172 44
8 172 48
8 172 52
9 172 40
9 172 44
9 172 48
9 172 52
10 172 40
10 172 44
10 172 48
10 172 52
10 172 56
11 172 40
11 172 44
11 172 48
11 172 52
11 172 56
11 172 60
12 172 40
12 172 44
12 172 48
12 172 52
12 172 56
12 172 60
12 172 64
13 172 40
13 172 44
13 172 48
13 172 52
13 172 56
13 172 60
13 172 64
13 172 68
14 172 40
14 172 44
14 172 48
14 172 52
14 172 56
14 172 60
14 172 64
14 172 68
14 172 72
15 172 40
15 172 44
15 172 48
15 172 52
15 172 56
15 172 60
15 172 64
15 172 68
15 172 72
16 172 40
16 172 44
16 172 48
16 172 52
16 172 56
16 172 60
16 172 64
16 172 68
16 172 72
16 172 76
17 172 40
17 172 44
17 172 48
17 172 52
17 172 56
17 172 60
17 172 64
17 172 68
17 172 72
17 172 76
18 172 40
18 172 44
18 172 48
18 172 52
18 172 56
18 172 60
18 172 64
18 172 68
18 172 72
18 172 76
18 172 80
19 172 40
19 172 44
19 172 48
19 172 52
19 172 56
19 172 60
19 172 64
19 172 68
19 172 72
19 172 76
19 172 80
20 172 40
20 172 44
20 172 48
20 172 52
20 172 56
20 172 60
20 172 64
20 172 68
20 172 72
20 172 76
20 172 80
21 172 40
21 172 44
21 172 48
21 172 52
21 172 56
21 172 60
21 172 64
21 172 68
21 172 72
21 172 76
21 172 80
22 172 40
22 172 44
22 172 48
22 172 52
22 172 56
22 172 60
22 172 64
22 172 68
22 172 72
22 172 76
22 172 80
23 172 40
23 172 44
23 172 48
23 172 52
23 172 56
23 172 60
23 172 64
23 172 68
23 172 72
23 172 76
24 172 40
24 172 44
24 172 48
24 172 52
24 172 56
24 172 60
24 172 64
24 172 68
24 172 72
24 172 76
25 172 40
25 172 44
25 172 48
25 172 52
25 172 56
25 172 60
25 172 64
25 172 68
25 172 72
26 172 40
26 172 44
26 172 48
26 172 52
26 172 56
26 172 60
26 172 64
26 172 68
27 172 40
27 172 44
27 172 48
27 172 52
27 172 56
27 172 60
27 172 64
28 172 40
28 172 44
28 172 48
28 172 52
28 172 56
28 172 60
28 172 64
29 172 40
29 172 44
29 172 48
29 172 52
29 172 56
29 172 60
30 172 40
30 172 44
30 172 48
30 172 52
30 172 56
30 172 60
31 172 40
31 172 44
31 172 48
31 172 52
31 172 56
32 172 40
32 172 44
32 172 48
32 172 52
32 172 56
33 172 40
33 172 44
33 172 48
33 172 52
33 172 56
34 172 40
34 172 44
34 172 48
34 172 52
35 172 40
35 172 44
35 172 48
35 172 52
35 171 40
35 171 44
35 171 48
35 171 52
36 171 40
36 171 44
36 171 48
36 171 52
36 170 40
36 170 44
36 170 48
37 170 40
37 170 44
37 170 48
37 170 52
37 169 40
37 169 44
37 169 48
38 169 40
38 169 44
38 169 48
38 168 40
38 168 44
39 168 40
39 168 44
40 168 40
40 168 44
40 167 40
40 167 44
41 167 40
41 167 44
41 166 40
42 166 40
42 165 40
43 165 40
43 164 40
44 164 40
44 163 40
45 163 40
45 162 40
46 162 40
46 161 40
47 161 40
47 160 40
48 160 40
48 160 44
48 159 40
48 159 44
49 159 40
49 159 44
49 158 40
49 158 44
50 158 40
50 158 44
51 158 40
51 158 44
51 157 40
51 157 44
52 157 40
52 157 44
52 156 40
52 156 44
52 156 48
53 156 40
53 156 44
54 156 40
54 156 44
55 156 40
55 156 44
56 156 40
57 156 40
58 156 40
59 156 40
60 156 40
61 156 40
62 156 40
63 156 40
63 157 40
64 157 40
64 158 40
65 158 40
65 159 40
66 159 40
67 160 40
67 161 40
67 162 40
17 36 40
18 36 40
19 36 40
20 36 40
21 36 40
21 37 40
22 37 40
23 37 40
23 38 40
24 38 40
25 38 40
25 39 40
26 39 40
26 40 40
27 40 40
27 41 40
28 41 40
29 41 40
29 42 40
30 42 40
30 43 40
31 43 40
31 44 40
32 44 40
33 44 40
33 45 40
34 45 40
35 45 40
36 45 40
37 45 40
38 45 40
39 45 40
40 45 40
41 45 40
42 45 40
43 45 40
44 45 40
45 45 40
46 45 40
47 45 40
48 45 40
48 45 44
48 46 40
49 46 40
49 46 44
50 46 40
50 46 44
51 46 40
51 46 44
51 47 40
51 47 44
51 47 48
52 47 40
52 47 44
52 47 48
53 47 40
53 47 44
53 47 48
54 47 40
54 47 44
54 47 48
55 47 40
55 47 44
56 47 40
56 47 44
57 47 40
57 47 44
58 47 40
59 47 40
60 47 40
61 47 40
62 47 40
62 46 40
63 46 40
64 46 40
64 45 40
65 45 40
65 44 40
66 44 40
66 43 40
67 43 40
67 42 40
68 42 40
68 41 40
69 41 40
69 40 40
70 40 40
70 39 40
71 39 40
72 39 40
73 39 40
74 39 40
75 39 40
76 39 40
77 39 40
78 39 40
79 39 40
80 39 40
81 39 40
82 39 40
83 39 40
83 39 44
84 39 40
84 39 44
84 39 48
84 40 40
84 40 44
84 40 48
84 41 40
84 41 44
84 41 48
84 41 52
84 41 56
84 42 40
84 42 44
84 42 48
84 42 52
84 42 56
84 42 60
84 42 64
84 43 40
84 43 44
84 43 48
84 43 52
84 43 56
84 43 60
84 43 64
84 43 68
84 43 72
84 43 76
84 44 40
84 44 44
84 44 48
84 44 52
84 44 56
84 44 60
84 44 64
84 44 68
84 44 72
84 44 76
84 44 80
84 44 84
84 44 88
84 45 40
84 45 44
84 45 48
84 45 52
84 45 56
84 45 60
84 45 64
84 45 68
84 45 72
84 45 76
84 45 80
84 45 84
84 45 88
84 45 92
84 45 96
84 45 100
84 46 40
84 46 44
84 46 48
84 46 52
84 46 56
84 46 60
84 46 64
84 46 68
84 46 72
84 46 76
84 46 80
84 46 84
84 46 88
84 46 92
84 46 96
84 46 100
84 46 104
84 46 108
84 46 112
84 47 40
84 47 44
84 47 48
84 47 52
84 47 56
84 47 60
84 47 64
84 47 68
84 47 72
84 47 76
84 47 80
84 47 84
84 47 88
84 47 92
84 47 96
84 47 100
84 47 104
84 47 108
84 47 112
84 47 116
84 47 120
84 47 124
84 48 40
84 48 44
84 48 48
84 48 52
84 48 56
84 48 60
84 48 64
84 48 68
84 48 72
84 48 76
84 48 80
84 48 84
84 48 88
84 48 92
84 48 96
84 48 100
84 48 104
84 48 108
84 48 112
84 48 116
84 48 120
84 48 124
84 48 128
84 49 40
84 49 44
84 49 48
84 49 52
84 49 56
84 49 60
84 49 64
84 49 68
84 49 72
84 49 76
84 49 80
84 49 84
84 49 88
84 49 92
84 49 96
84 49 100
84 49 104
84 49 108
84 49 112
84 49 116
84 49 120
84 49 124
84 49 128
84 49 132
84 50 40
84 50 44
84 50 48
84 50 52
84 50 56
84 50 60
84 50 64
84 50 68
84 50 72
84 50 76
84 50 80
84 50 84
84 50 88
84 50 92
84 50 96
84 50 100
84 50 104
84 50 108
84 50 112
84 50 116
84 50 120
84 50 124
84 50 128
84 50 132
84 51 40
84 51 44
84 51 48
84 51 52
84 51 56
84 51 60
84 51 64
84 51 68
84 51 72
84 51 76
84 51 80
84 51 84
84 51 88
84 51 92
84 51 96
84 51 100
84 51 104
84 51 108
84 51 112
84 51 116
84 51 120
84 51 124
84 52 40
84 52 44
84 52 48
84 52 52
84 52 56
84 52 60
84 52 64
84 52 68
84 52 72
84 52 76
84 52 80
84 52 84
84 52 88
84 52 92
84 52 96
84 52 100
84 52 104
84 52 108
84 52 112
84 52 116
84 53 40
84 53 44
84 53 48
84 53 52
84 53 56
84 53 60
84 53 64
84 53 68
84 53 72
84 53 76
84 53 80
84 53 84
84 53 88
84 53 92
84 53 96
84 53 100
84 53 104
84 53 108
84 54 40
84 54 44
84 54 48
84 54 52
84 54 56
84 54 60
84 54 64
84 54 68
84 54 72
84 54 76
84 54 80
84 54 84
84 54 88
84 54 92
84 54 96
84 55 40
84 55 44
84 55 48
84 55 52
84 55 56
84 55 60
84 55 64
84 55 68
84 55 72
84 55 76
84 55 80
84 55 84
84 55 88
85 55 40
85 55 44
85 55 48
85 55 52
85 55 56
85 55 60
85 55 64
85 55 68
85 55 72
85 55 76
85 55 80
86 55 40
86 55 44
86 55 48
86 55 52
86 55 56
86 55 60
86 55 64
86 55 68
86 55 72
87 55 40
87 55 44
87 55 48
87 55 52
87 55 56
87 55 60
87 55 64
87 55 68
88 55 40
88 55 44
88 55 48
88 55 52
88 55 56
88 55 60
88 55 64
89 55 40
89 55 44
89 55 48
89 55 52
89 55 56
89 55 60
90 55 40
90 55 44
90 55 48
90 55 52
90 55 56
91 55 40
91 55 44
91 55 48
91 55 52
92 55 40
92 55 44
92 55 48
92 55 52
93 55 40
93 55 44
93 55 48
94 55 40
94 55 44
95 55 40
95 55 44
96 55 40
97 55 40
98 55 40
99 55 40
100 55 40
6 95 40
7 95 40
8 95 40
9 95 40
10 95 40
10 94 40
11 94 40
11 93 40
12 93 40
12 92 40
13 92 40
14 92 40
15 92 40
16 92 40
17 92 40
18 92 40
18 92 44
19 92 40
19 92 44
20 92 40
20 92 44
20 92 48
21 92 40
21 92 44
21 92 48
21 92 52
22 92 40
22 92 44
22 92 48
22 92 52
22 92 56
23 92 40
23 92 44
23 92 48
23 92 52
23 92 56
23 92 60
24 92 40
24 92 44
24 92 48
24 92 52
24 92 56
24 92 60
24 92 64
25 92 40
25 92 44
25 92 48
25 92 52
25 92 56
25 92 60
25 92 64
26 92 40
26 92 44
26 92 48
26 92 52
26 92 56
26 92 60
26 92 64
27 92 40
27 92 44
27 92 48
27 92 52
27 92 56
27 92 60
27 92 64
28 92 40
28 92 44
28 92 48
28 92 52
28 92 56
28 92 60
29 92 40
29 92 44
29 92 48
29 92 52
29 92 56
30 92 40
30 92 44
30 92 48
31 92 40
31 92 44
31 92 48
32 92 40
32 92 44
33 92 40
33 92 44
34 92 40
35 92 40
36 92 40
37 92 40
38 92 40
38 91 40
38 90 40
39 90 40
39 89 40
40 89 40
40 88 40
41 88 40
41 87 40
41 86 40
41 85 40
41 84 40
41 83 40
41 82 40
41 81 40
41 80 40
41 80 44
41 79 40
41 79 44
41 78 40
41 78 44
41 78 48
41 77 40
41 77 44
41 77 48
41 76 40
41 76 44
41 76 48
41 76 52
41 75 40
41 75 44
41 75 48
41 75 52
41 74 40
41 74 44
41 74 48
41 74 52
41 73 40
41 73 44
41 73 48
41 73 52
41 73 56
41 72 40
41 72 44
41 72 48
41 72 52
41 72 56
41 71 40
41 71 44
41 71 48
41 71 52
41 71 56
41 71 60
41 70 40
41 70 44
41 70 48
41 70 52
41 70 56
41 70 60
41 70 64
41 69 40
41 69 44
41 69 48
41 69 52
41 69 56
41 69 60
41 69 64
41 69 68
41 68 40
41 68 44
41 68 48
41 68 52
41 68 56
41 68 60
41 68 64
41 68 68
41 68 72
41 67 40
41 67 44
41 67 48
41 67 52
41 67 56
41 67 60
41 67 64
41 67 68
41 67 72
41 67 76
41 66 40
41 66 44
41 66 48
41 66 52
41 66 56
41 66 60
41 66 64
41 66 68
41 66 72
41 66 76
41 65 40
41 65 44
41 65 48
41 65 52
41 65 56
41 65 60
41 65 64
41 65 68
41 65 72
41 65 76
41 65 80
41 64 40
41 64 44
41 64 48
41 64 52
41 64 56
41 64 60
41 64 64
41 64 68
41 64 72
41 64 76
41 64 80
41 63 40
41 63 44
41 63 48
41 63 52
41 63 56
41 63 60
41 63 64
41 63 68
41 63 72
41 63 76
41 63 80
41 62 40
41 62 44
41 62 48
41 62 52
41 62 56
41 62 60
41 62 64
41 62 68
41 62 72
41 62 76
41 62 80
41 61 40
41 61 44
41 61 48
41 61 52
41 61 56
41 61 60
41 61 64
41 61 68
41 61 72
41 61 76
41 60 40
41 60 44
41 60 48
41 60 52
41 60 56
41 60 60
41 60 64
41 60 68
41 60 72
41 59 40
41 59 44
41 59 48
41 59 52
41 59 56
41 59 60
41 59 64
41 58 40
41 58 44
41 58 48
41 58 52
41 58 56
41 58 60
41 57 40
41 57 44
41 57 48
41 57 52
41 57 56
41 56 40
41 56 44
41 56 48
41 56 52
41 55 40
41 55 44
41 55 48
41 54 40
41 54 44
41 53 40
41 53 44
41 52 40
41 51 40
41 50 40
41 49 40
41 48 40
41 47 40
41 46 40
