0 0 100
0 20 100
0 40 100
0 60 100
0 80 100
0 100 100
0 120 100
0 140 100
0 160 100
0 180 100
0 199 100
11 10 100
11 30 100
11 50 100
11 70 100
11 90 100
11 110 100
11 130 100
11 150 100
11 170 100
11 190 100
22 0 100
22 20 100
22 40 100
22 60 100
22 80 100
22 100 100
22 120 100
22 140 100
22 160 100
22 180 100
22 199 100
33 10 100
33 30 100
33 50 100
33 70 100
33 90 100
33 110 100
33 130 100
33 150 100
33 170 100
33 190 100
44 0 100
44 20 100
44 40 100
44 60 100
44 80 100
44 100 100
44 120 100
44 140 100
44 160 100
44 180 100
44 199 100
55 10 100
55 30 100
55 50 100
55 70 100
55 90 100
55 110 100
55 130 100
55 150 100
55 170 100
55 190 100
66 0 100
66 20 100
66 40 100
66 60 100
66 80 100
66 100 100
66 120 100
66 140 100
66 160 100
66 180 100
66 199 100
77 10 100
77 30 100
77 50 100
77 70 100
77 90 100
77 110 100
77 130 100
77 150 100
77 170 100
77 190 100
88 0 100
88 20 100
88 40 100
88 60 100
88 80 100
88 100 100
88 120 100
88 140 100
88 160 100
88 180 100
88 199 100
99 10 100
99 30 100
99 50 100
99 70 100
99 90 100
99 110 100
99 130 100
99 150 100
99 170 100
99 190 100
110 0 100
110 20 100
110 40 100
110 60 100
110 80 100
110 100 100
110 120 100
110 140 100
110 160 100
110 180 100
110 199 100
121 10 100
121 30 100
121 50 100
121 70 100
121 90 100
121 110 100
121 130 100
121 150 100
121 170 100
121 190 100
132 0 100
132 20 100
132 40 100
132 60 100
132 80 100
132 100 100
132 120 100
132 140 100
132 160 100
132 180 100
132 199 100
143 10 100
143 30 100
143 50 100
143 70 100
143 90 100
143 110 100
143 130 100
143 150 100
143 170 100
143 190 100
154 0 100
154 20 100
154 40 100
154 60 100
154 80 100
154 100 100
154 120 100
154 140 100
154 160 100
154 180 100
154 199 100
165 10 100
165 30 100
165 50 100
165 70 100
165 90 100
165 110 100
165 130 100
165 150 100
165 170 100
165 190 100
176 0 100
176 20 100
176 40 100
176 60 100
176 80 100
176 100 100
176 120 100
176 140 100
176 160 100
176 180 100
176 199 100
187 10 100
187 30 100
187 50 100
187 70 100
187 90 100
187 110 100
187 130 100
187 150 100
187 170 100
187 190 100
198 0 100
198 20 100
198 40 100
198 60 100
198 80 100
198 100 100
198 120 100
198 140 100
198 160 100
198 180 100
198 199 100
0 0 100
0 80 100
0 100 100
0 120 100
0 160 100
0 180 100
0 199 100
11 10 100
11 30 100
11 110 100
11 130 100
11 170 100
11 190 100
22 0 100
22 20 100
22 40 100
22 60 100
22 80 100
22 100 100
22 120 100
22 140 100
22 160 100
22 180 100
33 10 100
33 30 100
33 70 100
33 90 100
33 110 100
33 130 100
33 150 100
33 170 100
33 190 100
44 20 100
44 40 100
44 60 100
44 80 100
44 120 100
44 140 100
44 160 100
44 180 100
55 30 100
55 50 100
55 70 100
55 110 100
55 150 100
55 170 100
55 190 100
66 60 100
66 80 100
66 100 100
66 140 100
66 180 100
66 199 100
77 10 100
77 50 100
77 70 100
77 90 100
77 150 100
77 170 100
77 190 100
88 0 100
88 20 100
88 40 100
88 60 100
88 100 100
88 140 100
88 160 100
88 180 100
99 50 100
99 70 100
99 110 100
99 130 100
99 150 100
99 170 100
110 20 100
110 40 100
110 60 100
110 80 100
110 140 100
110 199 100
121 30 100
121 50 100
121 70 100
121 90 100
121 110 100
121 150 100
121 190 100
132 20 100
132 40 100
132 60 100
132 80 100
132 100 100
132 140 100
143 10 100
143 30 100
143 50 100
143 130 100
143 150 100
143 170 100
143 190 100
154 20 100
154 40 100
154 60 100
154 120 100
154 160 100
154 180 100
165 30 100
165 50 100
165 70 100
165 110 100
165 130 100
165 170 100
165 190 100
176 20 100
176 60 100
176 80 100
176 100 100
176 120 100
176 180 100
176 199 100
187 10 100
187 30 100
187 50 100
187 70 100
187 90 100
187 110 100
187 130 100
187 150 100
187 170 100
187 190 100
198 80 100
198 120 100
198 140 100
198 160 100
198 199 100
113 171 40
198 95 40
64 22 40
119 1 40
157 199 40
20 83 40
15 148 40
92 82 40
156 199 40
155 199 40
153 199 40
152 199 40
152 199 104
151 199 40
151 199 104
150 199 40
150 199 104
149 199 40
149 199 104
148 199 40
148 199 104
147 199 40
147 199 104
146 199 40
146 199 104
145 199 40
145 199 104
144 199 40
144 199 104
143 199 40
143 199 104
142 199 40
142 199 104
141 199 40
141 199 104
140 199 40
140 199 104
139 199 40
139 199 104
138 199 40
138 199 104
137 199 40
137 199 104
136 199 40
135 199 40
134 199 40
134 198 40
134 197 40
134 196 40
134 196 104
134 195 40
134 195 104
134 194 40
134 194 104
134 193 40
134 193 104
134 192 40
134 192 104
134 191 40
134 191 104
134 190 40
134 190 104
134 190 168
134 189 40
134 189 104
134 189 168
134 188 40
134 188 104
134 188 168
134 187 40
134 187 104
134 187 168
134 186 40
134 186 104
134 186 168
134 186 232
134 185 40
134 185 104
134 185 168
134 185 232
134 184 40
134 184 104
134 184 168
134 184 232
134 183 40
134 183 104
134 183 168
134 182 40
134 182 104
134 182 168
134 181 40
134 181 104
134 181 168
133 181 40
133 181 104
133 180 40
133 180 104
132 179 40
132 179 104
131 179 40
131 179 104
131 178 40
131 178 104
130 178 40
130 177 40
129 177 40
129 176 40
128 176 40
128 175 40
127 175 40
127 174 40
127 173 40
126 173 40
126 172 40
125 172 40
124 172 40
123 172 40
122 172 40
121 172 40
120 172 40
119 172 40
118 172 40
117 172 40
116 172 40
116 171 40
115 171 40
114 171 40
93 82 40
94 82 40
94 83 40
95 83 40
96 83 40
96 84 40
97 84 40
98 84 40
98 85 40
99 85 40
99 86 40
100 86 40
100 87 40
101 87 40
101 88 40
102 88 40
102 89 40
103 89 40
103 90 40
104 90 40
104 91 40
105 91 40
105 92 40
105 93 40
106 93 40
106 94 40
106 95 40
107 95 40
107 96 40
107 97 40
108 97 40
108 98 40
109 98 40
109 99 40
109 99 104
110 99 40
110 99 104
111 100 40
111 100 104
111 101 40
111 101 104
112 101 40
112 102 40
112 103 40
113 103 40
113 104 40
114 104 40
114 105 40
114 105 104
115 105 40
115 105 104
115 106 40
115 106 104
116 106 40
116 106 104
116 107 40
116 107 104
116 108 40
116 108 104
116 108 168
116 109 40
116 109 104
116 109 168
116 110 40
116 110 104
116 110 168
116 111 40
116 111 104
116 111 168
116 112 40
116 112 104
116 112 168
116 113 40
116 113 104
116 114 40
116 114 104
116 115 40
116 115 104
116 116 40
116 117 40
116 118 40
116 119 40
116 120 40
116 121 40
116 122 40
116 123 40
116 124 40
116 125 40
116 126 40
116 127 40
116 128 40
116 129 40
116 130 40
116 131 40
116 132 40
116 133 40
116 134 40
116 135 40
116 136 40
116 137 40
116 138 40
116 139 40
116 140 40
116 140 104
116 141 40
116 141 104
116 142 40
116 142 104
116 143 40
116 143 104
116 144 40
116 144 104
116 145 40
116 145 104
116 145 168
116 146 40
116 146 104
116 146 168
116 147 40
116 147 104
116 147 168
116 148 40
116 148 104
116 148 168
116 148 232
116 149 40
116 149 104
116 149 168
116 149 232
116 150 40
116 150 104
116 150 168
116 150 232
116 151 40
116 151 104
116 151 168
116 151 232
116 152 40
116 152 104
116 152 168
116 152 232
116 153 40
116 153 104
116 153 168
116 154 40
116 154 104
116 154 168
116 155 40
116 155 104
116 156 40
116 156 104
116 157 40
116 158 40
116 159 40
116 160 40
116 161 40
116 162 40
116 163 40
116 164 40
116 165 40
116 166 40
116 167 40
116 168 40
116 169 40
116 170 40
65 22 40
66 22 40
67 22 40
68 22 40
68 23 40
69 23 40
69 24 40
70 24 40
70 25 40
71 25 40
71 26 40
72 26 40
72 27 40
72 28 40
72 29 40
72 30 40
72 31 40
72 32 40
72 33 40
72 34 40
72 35 40
72 36 40
72 37 40
72 38 40
71 38 40
71 39 40
70 39 40
70 40 40
69 40 40
69 41 40
68 41 40
68 42 40
68 42 104
67 42 40
67 42 104
67 43 40
67 43 104
66 43 40
66 43 104
66 44 40
66 44 104
65 44 40
65 44 104
65 45 40
65 45 104
64 45 40
64 45 104
64 46 40
64 46 104
63 46 40
63 46 104
63 46 168
63 47 40
63 47 104
62 47 40
62 47 104
62 47 168
62 48 40
62 48 104
62 48 168
61 48 40
61 48 104
61 48 168
60 48 40
60 48 104
60 48 168
60 49 40
60 49 104
60 49 168
59 49 40
59 49 104
59 49 168
59 50 40
59 50 104
59 50 168
58 50 40
58 50 104
58 50 168
58 51 40
58 51 104
58 51 168
57 51 40
57 51 104
57 51 168
57 52 40
57 52 104
57 52 168
56 52 40
56 52 104
56 52 168
56 53 40
56 53 104
56 53 168
55 53 40
55 53 104
55 53 168
55 54 40
55 54 104
55 54 168
54 54 40
54 54 104
54 54 168
54 55 40
54 55 104
54 55 168
53 55 40
53 55 104
53 55 168
53 56 40
53 56 104
53 56 168
52 56 40
52 56 104
51 56 40
51 56 104
51 57 40
51 57 104
50 57 40
50 57 104
50 58 40
50 58 104
49 58 40
49 58 104
48 58 40
48 58 104
48 59 40
48 59 104
47 59 40
47 59 104
47 60 40
47 60 104
46 60 40
46 60 104
46 61 40
46 61 104
46 61 168
46 62 40
46 62 104
46 62 168
46 63 40
46 63 104
46 63 168
46 63 232
46 64 40
46 64 104
46 64 168
46 64 232
46 65 40
46 65 104
46 65 168
46 65 232
46 65 296
46 66 40
46 66 104
46 66 168
46 66 232
46 66 296
46 67 40
46 67 104
46 67 168
46 67 232
46 67 296
46 68 40
46 68 104
46 68 168
46 68 232
46 68 296
46 69 40
46 69 104
46 69 168
46 69 232
46 69 296
46 70 40
46 70 104
46 70 168
46 70 232
46 71 40
46 71 104
46 71 168
46 71 232
46 72 40
46 72 104
46 72 168
46 72 232
46 73 40
46 73 104
46 73 168
46 74 40
46 74 104
46 74 168
46 75 40
46 75 104
46 75 168
46 76 40
46 76 104
46 76 168
46 77 40
46 77 104
46 77 168
46 78 40
46 78 104
46 79 40
46 79 104
46 80 40
46 80 104
46 81 40
46 81 104
46 82 40
46 83 40
47 83 40
47 84 40
48 84 40
48 85 40
49 85 40
49 86 40
50 86 40
50 87 40
50 88 40
51 88 40
51 89 40
51 90 40
51 91 40
51 92 40
51 93 40
51 94 40
51 95 40
51 96 40
51 97 40
51 98 40
51 99 40
51 100 40
51 101 40
51 102 40
51 103 40
51 103 104
51 104 40
51 104 104
51 105 40
51 105 104
52 105 40
52 105 104
52 106 40
52 106 104
52 107 40
52 107 104
53 107 40
53 107 104
53 108 40
53 108 104
54 108 40
54 108 104
54 109 40
54 109 104
55 109 40
55 109 104
56 110 40
56 110 104
56 111 40
56 111 104
57 111 40
57 111 104
57 111 168
57 112 40
57 112 104
57 112 168
57 113 40
57 113 104
57 113 168
58 113 40
58 113 104
58 113 168
58 114 40
58 114 104
59 114 40
59 114 104
59 114 168
59 115 40
59 115 104
60 115 40
60 115 104
60 116 40
60 116 104
61 116 40
61 116 104
61 117 40
61 117 104
62 117 40
62 117 104
62 118 40
62 118 104
63 118 40
63 118 104
63 119 40
63 119 104
64 119 40
64 119 104
64 120 40
64 121 40
65 121 40
66 121 40
67 121 40
68 121 40
69 121 40
70 121 40
71 121 40
72 121 40
73 121 40
74 121 40
75 121 40
76 121 40
77 121 40
78 121 40
79 121 40
79 122 40
80 122 40
80 123 40
81 123 40
81 124 40
82 124 40
82 125 40
83 125 40
84 125 40
85 125 40
86 125 40
87 125 40
88 125 40
89 125 40
90 125 40
91 125 40
92 125 40
92 126 40
93 126 40
93 126 104
94 126 40
94 126 104
95 126 40
95 126 104
95 127 40
95 127 104
96 127 40
96 127 104
97 127 40
97 127 104
97 127 168
98 127 40
98 127 104
98 127 168
99 127 40
99 127 104
99 127 168
100 127 40
100 127 104
100 127 168
101 127 40
101 127 104
101 127 168
102 127 40
102 127 104
103 127 40
103 127 104
104 127 40
104 127 104
105 127 40
105 127 104
106 127 40
107 127 40
107 126 40
108 126 40
108 125 40
108 125 104
109 125 40
110 125 40
111 125 40
112 125 40
113 125 40
114 125 40
115 125 40
118 1 40
117 1 40
116 1 40
115 1 40
114 1 40
113 1 40
112 1 40
111 1 40
110 1 40
110 2 40
109 2 40
109 3 40
108 3 40
108 4 40
108 5 40
107 5 40
107 6 40
106 6 40
106 7 40
105 7 40
105 8 40
104 8 40
104 9 40
103 9 40
103 10 40
102 10 40
102 11 40
101 11 40
101 12 40
101 13 40
101 13 104
101 14 40
101 14 104
101 15 40
101 15 104
101 16 40
101 16 104
101 16 168
101 17 40
101 17 104
101 17 168
101 18 40
101 18 104
101 18 168
101 18 232
101 19 40
101 19 104
101 19 168
101 19 232
101 20 40
101 20 104
101 20 168
101 20 232
101 20 296
101 21 40
101 21 104
101 21 168
101 21 232
101 21 296
101 22 40
101 22 104
101 22 168
101 22 232
101 22 296
101 23 40
101 23 104
101 23 168
101 23 232
101 24 40
101 24 104
101 24 168
101 24 232
101 25 40
101 25 104
101 25 168
101 25 232
101 26 40
101 26 104
101 26 168
101 26 232
101 27 40
101 27 104
101 27 168
101 28 40
101 28 104
101 28 168
101 29 40
101 29 104
101 29 168
101 30 40
101 30 104
101 31 40
101 31 104
101 32 40
101 32 104
100 32 40
100 32 104
99 32 40
98 32 40
97 32 40
96 32 40
95 32 40
94 32 40
93 32 40
92 32 40
91 32 40
90 32 40
89 32 40
88 32 40
87 32 40
86 32 40
85 32 40
84 32 40
83 32 40
82 32 40
81 32 40
80 32 40
79 32 40
78 32 40
77 32 40
76 32 40
75 32 40
74 32 40
73 32 40
19 83 40
18 83 40
17 83 40
16 83 40
15 83 40
14 83 40
14 82 40
14 81 40
14 80 40
14 79 40
14 78 40
14 78 104
14 77 40
14 77 104
14 76 40
14 76 104
14 75 40
14 75 104
14 74 40
14 74 104
14 73 40
14 73 104
13 73 40
13 73 104
13 72 40
13 72 104
12 72 40
12 72 104
12 71 40
12 71 104
12 70 40
12 70 104
11 69 40
11 69 104
10 69 40
10 69 104
10 68 40
10 68 104
9 68 40
9 68 104
9 67 40
9 67 104
9 67 168
8 67 40
8 67 104
8 67 168
8 66 40
8 66 104
8 66 168
8 65 40
8 65 104
8 65 168
8 64 40
8 64 104
8 64 168
8 63 40
8 63 104
8 63 168
8 62 40
8 62 104
8 61 40
8 61 104
8 60 40
8 60 104
8 59 40
8 59 104
8 58 40
8 57 40
8 56 40
8 55 40
8 54 40
8 53 40
8 52 40
9 52 40
10 52 40
11 52 40
12 52 40
13 52 40
14 52 40
15 52 40
16 52 40
17 52 40
18 52 40
19 52 40
19 52 104
20 52 40
20 52 104
21 52 40
21 52 104
22 52 40
22 52 104
23 52 40
23 52 104
24 52 40
24 52 104
24 52 168
25 52 40
25 52 104
25 52 168
26 52 40
26 52 104
26 52 168
27 52 40
27 52 104
27 52 168
28 52 40
28 52 104
28 52 168
29 52 40
29 52 104
29 52 168
30 52 40
30 52 104
31 52 40
31 52 104
32 52 40
32 52 104
33 52 40
33 52 104
34 52 40
34 52 104
35 52 40
35 52 104
36 52 40
36 52 104
36 53 40
36 53 104
37 53 40
37 53 104
37 54 40
37 54 104
38 54 40
38 54 104
38 55 40
38 55 104
39 55 40
39 55 104
39 56 40
39 56 104
40 56 40
40 56 104
41 56 40
41 56 104
41 57 40
41 57 104
42 57 40
42 57 104
43 57 40
43 57 104
43 58 40
43 58 104
44 58 40
44 58 104
45 58 40
45 58 104
46 58 40
46 58 104
46 59 40
46 59 104
197 95 40
196 95 40
195 95 40
195 95 104
194 95 40
194 95 104
193 95 40
193 95 104
192 95 40
192 95 104
192 95 168
191 95 40
191 95 104
191 95 168
190 95 40
190 95 104
190 95 168
189 95 40
189 95 104
189 95 168
189 95 232
188 95 40
188 95 104
188 95 168
188 95 232
187 95 40
187 95 104
187 95 168
187 95 232
186 95 40
186 95 104
186 95 168
186 95 232
186 95 296
185 95 40
185 95 104
185 95 168
185 95 232
185 95 296
185 95 360
184 95 40
184 95 104
184 95 168
184 95 232
184 95 296
184 95 360
183 95 40
183 95 104
183 95 168
183 95 232
183 95 296
183 95 360
183 95 424
182 95 40
182 95 104
182 95 168
182 95 232
182 95 296
182 95 360
182 95 424
181 95 40
181 95 104
181 95 168
181 95 232
181 95 296
181 95 360
181 95 424
180 95 40
180 95 104
180 95 168
180 95 232
180 95 296
180 95 360
180 95 424
179 95 40
179 95 104
179 95 168
179 95 232
179 95 296
179 95 360
178 95 40
178 95 104
178 95 168
178 95 232
178 95 296
177 95 40
177 95 104
177 95 168
177 95 232
177 95 296
176 95 40
176 95 104
176 95 168
176 95 232
175 95 40
175 95 104
175 95 168
174 95 40
174 95 104
174 95 168
173 95 40
173 95 104
172 95 40
172 95 104
171 95 40
171 95 104
170 95 40
170 95 104
169 95 40
169 95 104
168 95 40
168 95 104
167 95 40
166 95 40
165 95 40
164 95 40
163 95 40
162 95 40
161 95 40
160 95 40
159 95 40
158 95 40
157 95 40
156 95 40
156 96 40
155 96 40
155 97 40
155 98 40
154 98 40
154 99 40
154 101 40
153 101 40
153 102 40
152 102 40
152 103 40
152 104 40
151 104 40
151 105 40
150 105 40
150 106 40
150 107 40
149 107 40
149 108 40
148 108 40
148 109 40
147 109 40
147 110 40
146 110 40
146 111 40
145 111 40
145 112 40
144 112 40
144 113 40
143 113 40
143 114 40
142 114 40
142 115 40
141 115 40
141 116 40
140 116 40
139 116 40
139 117 40
138 117 40
138 118 40
137 118 40
137 119 40
136 119 40
135 119 40
135 120 40
134 120 40
133 120 40
133 121 40
132 121 40
131 121 40
130 121 40
129 121 40
128 121 40
127 121 40
126 121 40
125 121 40
124 121 40
123 121 40
122 121 40
121 121 40
120 121 40
119 121 40
118 121 40
117 121 40
14 148 40
13 148 40
12 148 40
11 148 40
10 148 40
9 148 40
8 148 40
8 147 40
7 147 40
6 147 40
6 146 40
5 146 40
4 146 40
4 145 40
3 145 40
2 145 40
1 145 40
1 144 40
0 144 40
0 143 40
0 142 40
0 141 40
0 139 40
0 139 104
0 138 40
0 138 104
0 137 40
0 137 104
0 137 168
0 136 40
0 136 104
0 136 168
0 136 232
0 135 40
0 135 104
0 135 168
0 135 232
0 134 40
0 134 104
0 134 168
0 134 232
0 133 40
0 133 104
0 133 168
0 133 232
0 133 296
0 132 40
0 132 104
0 132 168
0 132 232
0 132 296
0 131 40
0 131 104
0 131 168
0 131 232
0 131 296
0 130 40
0 130 104
0 130 168
0 130 232
0 130 296
0 129 40
0 129 104
0 129 168
0 129 232
0 129 296
0 128 40
0 128 104
0 128 168
0 128 232
0 128 296
0 127 40
0 127 104
0 127 168
0 127 232
0 127 296
0 127 360
0 126 40
0 126 104
0 126 168
0 126 232
0 126 296
0 126 360
0 125 40
0 125 104
0 125 168
0 125 232
0 125 296
0 125 360
0 125 424
0 124 40
0 124 104
0 124 168
0 124 232
0 124 296
0 124 360
0 124 424
0 123 40
0 123 104
0 123 168
0 123 232
0 123 296
0 123 360
0 123 424
0 123 488
0 122 40
0 122 104
0 122 168
0 122 232
0 122 296
0 122 360
0 122 424
0 122 488
0 121 40
0 121 104
0 121 168
0 121 232
0 121 296
0 121 360
0 121 424
0 121 488
0 120 40
0 120 104
0 120 168
0 120 232
0 120 296
0 120 360
0 120 424
0 120 488
0 119 40
0 119 104
0 119 168
0 119 232
0 119 296
0 119 360
0 119 424
0 119 488
0 119 552
0 118 40
0 118 104
0 118 168
0 118 232
0 118 296
0 118 360
0 118 424
0 118 488
0 118 552
0 117 40
0 117 104
0 117 168
0 117 232
0 117 296
0 117 360
0 117 424
0 117 488
0 117 552
0 116 40
0 116 104
0 116 168
0 116 232
0 116 296
0 116 360
0 116 424
0 116 488
0 116 552
0 115 40
0 115 104
0 115 168
0 115 232
0 115 296
0 115 360
0 115 424
0 115 488
0 115 552
0 114 40
0 114 104
0 114 168
0 114 232
0 114 296
0 114 360
0 114 424
0 114 488
0 114 552
0 113 40
0 113 104
0 113 168
0 113 232
0 113 296
0 113 360
0 113 424
0 113 488
0 113 552
0 112 40
0 112 104
0 112 168
0 112 232
0 112 296
0 112 360
0 112 424
0 112 488
0 112 552
0 111 40
0 111 104
0 111 168
0 111 232
0 111 296
0 111 360
0 111 424
0 111 488
0 111 552
0 110 40
0 110 104
0 110 168
0 110 232
0 110 296
0 110 360
0 110 424
0 110 488
0 109 40
0 109 104
0 109 168
0 109 232
0 109 296
0 109 360
0 109 424
0 108 40
0 108 104
0 108 168
0 108 232
0 108 296
0 108 360
0 108 424
0 107 40
0 107 104
0 107 168
0 107 232
0 107 296
0 107 360
0 106 40
0 106 104
0 106 168
0 106 232
0 106 296
0 105 40
0 105 104
0 105 168
0 105 232
0 104 40
0 104 104
0 104 168
0 103 40
0 103 104
0 103 168
0 102 40
0 102 104
0 102 168
0 101 40
0 101 104
0 101 168
1 100 40
1 100 104
2 100 40
2 100 104
3 100 40
3 100 104
3 99 40
3 99 104
4 99 40
4 98 40
5 98 40
6 98 40
6 97 40
7 97 40
7 96 40
8 96 40
9 96 40
9 95 40
10 95 40
10 94 40
11 94 40
11 93 40
12 93 40
12 92 40
13 92 40
13 91 40
14 91 40
14 90 40
14 89 40
14 88 40
14 87 40
14 86 40
14 85 40
14 84 40
