0 0 100
0 20 100
0 40 100
0 60 100
0 80 100
0 100 100
0 120 100
0 140 100
0 160 100
0 180 100
0 199 100
11 10 100
11 30 100
11 50 100
11 70 100
11 90 100
11 110 100
11 130 100
11 150 100
11 170 100
11 190 100
22 0 100
22 20 100
22 40 100
22 60 100
22 80 100
22 100 100
22 120 100
22 140 100
22 160 100
22 180 100
22 199 100
33 10 100
33 30 100
33 50 100
33 70 100
33 90 100
33 110 100
33 130 100
33 150 100
33 170 100
33 190 100
44 0 100
44 20 100
44 40 100
44 60 100
44 80 100
44 100 100
44 120 100
44 140 100
44 160 100
44 180 100
44 199 100
55 10 100
55 30 100
55 50 100
55 70 100
55 90 100
55 110 100
55 130 100
55 150 100
55 170 100
55 190 100
66 0 100
66 20 100
66 40 100
66 60 100
66 80 100
66 100 100
66 120 100
66 140 100
66 160 100
66 180 100
66 199 100
77 10 100
77 30 100
77 50 100
77 70 100
77 90 100
77 110 100
77 130 100
77 150 100
77 170 100
77 190 100
88 0 100
88 20 100
88 40 100
88 60 100
88 80 100
88 100 100
88 120 100
88 140 100
88 160 100
88 180 100
88 199 100
99 10 100
99 30 100
99 50 100
99 70 100
99 90 100
99 110 100
99 130 100
99 150 100
99 170 100
99 190 100
110 0 100
110 20 100
110 40 100
110 60 100
110 80 100
110 100 100
110 120 100
110 140 100
110 160 100
110 180 100
110 199 100
121 10 100
121 30 100
121 50 100
121 70 100
121 90 100
121 110 100
121 130 100
121 150 100
121 170 100
121 190 100
132 0 100
132 20 100
132 40 100
132 60 100
132 80 100
132 100 100
132 120 100
132 140 100
132 160 100
132 180 100
132 199 100
143 10 100
143 30 100
143 50 100
143 70 100
143 90 100
143 110 100
143 130 100
143 150 100
143 170 100
143 190 100
154 0 100
154 20 100
154 40 100
154 60 100
154 80 100
154 100 100
154 120 100
154 140 100
154 160 100
154 180 100
154 199 100
165 10 100
165 30 100
165 50 100
165 70 100
165 90 100
165 110 100
165 130 100
165 150 100
165 170 100
165 190 100
176 0 100
176 20 100
176 40 100
176 60 100
176 80 100
176 100 100
176 120 100
176 140 100
176 160 100
176 180 100
176 199 100
187 10 100
187 30 100
187 50 100
187 70 100
187 90 100
187 110 100
187 130 100
187 150 100
187 170 100
187 190 100
198 0 100
198 20 100
198 40 100
198 60 100
198 80 100
198 100 100
198 120 100
198 140 100
198 160 100
198 180 100
198 199 100
0 0 100
0 40 100
0 60 100
0 80 100
0 140 100
0 160 100
11 30 100
11 70 100
11 90 100
11 150 100
22 40 100
22 80 100
22 100 100
22 140 100
22 160 100
22 180 100
22 199 100
33 30 100
33 50 100
33 70 100
33 90 100
33 110 100
33 130 100
33 190 100
44 0 100
44 40 100
44 60 100
44 80 100
44 100 100
44 180 100
44 199 100
55 50 100
55 170 100
55 190 100
66 0 100
66 20 100
66 40 100
66 160 100
66 180 100
66 199 100
77 30 100
77 70 100
77 110 100
77 150 100
77 170 100
88 80 100
88 100 100
88 120 100
88 140 100
88 160 100
99 70 100
99 110 100
99 130 100
99 150 100
99 170 100
99 190 100
110 0 100
110 20 100
110 80 100
110 100 100
110 120 100
110 180 100
121 30 100
121 70 100
121 90 100
121 110 100
121 130 100
132 60 100
132 80 100
132 100 100
132 120 100
132 140 100
132 160 100
132 180 100
143 10 100
143 50 100
143 70 100
143 110 100
143 150 100
143 170 100
143 190 100
154 0 100
154 40 100
154 140 100
154 160 100
154 199 100
165 10 100
165 50 100
165 130 100
165 170 100
165 190 100
176 0 100
176 40 100
176 60 100
176 100 100
176 120 100
176 140 100
176 180 100
176 199 100
187 10 100
187 30 100
187 50 100
187 70 100
187 90 100
187 190 100
198 0 100
198 20 100
198 40 100
198 60 100
198 100 100
9 192 40
84 189 40
57 76 40
126 149 40
54 116 40
4 21 40
47 21 40
42 157 40
16 59 40
98 67 40
98 67 104
42 158 40
42 159 40
42 160 40
42 161 40
42 162 40
42 163 40
42 164 40
42 164 104
41 164 40
41 165 40
41 165 104
40 165 40
40 165 104
40 166 40
40 166 104
40 167 40
40 167 104
39 167 40
39 167 104
39 168 40
39 168 104
38 168 40
38 168 104
38 169 40
38 169 104
37 169 40
37 169 104
37 170 40
37 170 104
36 170 40
36 170 104
36 171 40
36 171 104
35 171 40
35 171 104
35 172 40
35 172 104
34 172 40
34 172 104
33 172 40
33 172 104
32 172 40
32 172 104
31 172 40
31 172 104
30 172 40
30 172 104
29 172 40
29 172 104
28 172 40
28 172 104
28 172 168
27 172 40
27 172 104
27 172 168
26 172 40
26 172 104
26 172 168
25 172 40
25 172 104
25 172 168
24 172 40
24 172 104
24 172 168
23 172 40
23 172 104
23 172 168
22 172 40
22 172 104
22 172 168
21 172 40
21 172 104
21 172 168
20 172 40
20 172 104
20 172 168
19 172 40
19 172 104
19 172 168
18 172 40
18 172 104
18 172 168
17 172 40
17 172 104
16 172 40
16 172 104
15 172 40
15 172 104
14 172 40
14 172 104
13 172 40
13 172 104
12 172 40
12 172 104
12 173 40
11 173 40
11 174 40
10 174 40
10 175 40
9 175 40
9 176 40
8 176 40
8 177 40
7 177 40
7 178 40
7 179 40
7 180 40
7 181 40
7 182 40
7 183 40
7 184 40
7 185 40
7 186 40
7 187 40
7 188 40
7 189 40
7 190 40
7 191 40
7 192 40
8 192 40
54 117 40
54 118 40
54 119 40
54 120 40
54 121 40
54 122 40
54 123 40
54 124 40
54 125 40
54 126 40
54 127 40
54 128 40
54 129 40
54 130 40
54 131 40
54 132 40
54 133 40
54 134 40
54 135 40
54 136 40
54 137 40
54 138 40
54 139 40
54 140 40
54 141 40
54 142 40
54 143 40
54 144 40
54 145 40
54 146 40
53 146 40
53 147 40
53 148 40
52 148 40
51 148 40
51 149 40
51 150 40
50 150 40
49 150 40
49 151 40
49 152 40
48 152 40
47 152 40
47 153 40
47 154 40
46 154 40
46 155 40
46 156 40
45 156 40
45 157 40
44 157 40
43 157 40
58 76 40
59 76 40
59 77 40
59 78 40
60 78 40
60 79 40
60 80 40
60 81 40
60 82 40
61 82 40
61 83 40
61 84 40
61 85 40
62 85 40
62 86 40
62 87 40
63 87 40
63 88 40
63 89 40
63 90 40
63 91 40
63 92 40
63 93 40
63 94 40
63 95 40
63 96 40
63 97 40
63 98 40
63 99 40
63 100 40
63 101 40
63 102 40
63 103 40
63 104 40
63 105 40
63 106 40
63 107 40
62 107 40
62 108 40
61 108 40
61 109 40
61 110 40
60 110 40
60 111 40
60 112 40
59 112 40
59 113 40
59 114 40
58 114 40
58 115 40
58 116 40
57 116 40
56 116 40
55 116 40
98 66 40
98 66 104
98 65 40
98 65 104
98 64 40
98 63 40
98 62 40
98 61 40
98 60 40
98 59 40
98 58 40
98 57 40
98 56 40
98 55 40
97 55 40
96 55 40
95 55 40
94 55 40
93 55 40
92 55 40
91 55 40
90 55 40
89 55 40
88 55 40
87 55 40
86 55 40
85 55 40
84 55 40
83 55 40
82 55 40
81 55 40
80 55 40
79 55 40
78 55 40
77 55 40
76 55 40
75 55 40
74 55 40
73 55 40
72 55 40
72 56 40
71 56 40
71 57 40
70 57 40
69 57 40
69 58 40
68 58 40
68 59 40
67 59 40
67 60 40
66 61 40
66 62 40
65 62 40
65 63 40
64 63 40
64 64 40
64 65 40
63 65 40
63 66 40
63 67 40
62 67 40
62 68 40
61 68 40
61 69 40
61 70 40
60 70 40
60 71 40
60 72 40
59 72 40
59 73 40
59 74 40
59 75 40
48 21 40
49 21 40
49 22 40
49 23 40
50 23 40
50 24 40
50 25 40
51 25 40
51 26 40
52 26 40
52 27 40
53 27 40
53 28 40
54 28 40
54 29 40
55 29 40
55 29 104
56 30 40
56 30 104
56 31 40
56 31 104
57 31 40
57 31 104
57 32 40
57 32 104
57 33 40
57 33 104
58 33 40
58 33 104
58 34 40
58 34 104
59 34 40
59 34 104
59 35 40
59 35 104
60 35 40
60 35 104
60 36 40
60 36 104
61 36 40
61 36 104
61 37 40
61 37 104
61 38 40
61 38 104
62 38 40
62 38 104
62 39 40
62 39 104
63 39 40
63 39 104
63 40 40
63 40 104
63 41 40
63 41 104
63 42 40
63 42 104
64 42 40
64 42 104
64 43 40
64 43 104
64 44 40
64 45 40
64 46 40
64 47 40
64 48 40
64 49 40
64 50 40
64 51 40
64 52 40
65 52 40
65 53 40
65 54 40
65 55 40
66 55 40
66 56 40
66 57 40
67 57 40
67 58 40
5 21 40
6 21 40
7 21 40
8 21 40
9 21 40
10 21 40
11 21 40
12 21 40
13 21 40
14 21 40
15 21 40
16 21 40
17 21 40
18 21 40
19 21 40
20 21 40
21 21 40
22 21 40
23 21 40
24 21 40
25 21 40
26 21 40
27 21 40
28 21 40
29 21 40
30 21 40
31 21 40
32 21 40
33 21 40
34 21 40
35 21 40
36 21 40
37 21 40
38 21 40
39 21 40
40 21 40
41 21 40
42 21 40
43 21 40
44 21 40
45 21 40
46 21 40
17 59 40
18 59 40
19 59 40
20 59 40
21 59 40
21 59 104
21 60 40
21 60 104
22 61 40
22 61 104
23 61 40
23 61 104
23 62 40
23 62 104
24 62 40
24 62 104
25 62 40
25 62 104
25 62 168
25 63 40
25 63 104
25 63 168
26 63 40
26 63 104
26 63 168
26 64 40
26 64 104
26 64 168
27 64 40
27 64 104
27 64 168
27 64 232
27 65 40
27 65 104
27 65 168
28 65 40
28 65 104
28 65 168
28 65 232
28 66 40
28 66 104
28 66 168
28 66 232
29 66 40
29 66 104
29 66 168
29 66 232
29 67 40
29 67 104
29 67 168
30 67 40
30 67 104
30 67 168
30 67 232
30 68 40
30 68 104
30 68 168
31 68 40
31 68 104
31 68 168
31 69 40
31 69 104
31 69 168
32 69 40
32 69 104
32 69 168
32 70 40
32 70 104
32 70 168
33 71 40
33 71 104
34 71 40
34 71 104
34 72 40
34 72 104
35 72 40
35 72 104
36 72 40
36 72 104
36 73 40
36 73 104
37 73 40
37 73 104
37 74 40
37 74 104
38 74 40
38 74 104
38 75 40
38 75 104
39 75 40
39 75 104
39 76 40
39 76 104
39 76 168
40 76 40
40 76 104
41 76 40
41 76 104
41 77 40
41 77 104
42 77 40
42 77 104
43 77 40
43 77 104
44 77 40
44 77 104
45 77 40
46 77 40
47 77 40
48 77 40
49 77 40
50 77 40
51 77 40
52 77 40
53 77 40
54 77 40
55 77 40
56 77 40
57 77 40
83 189 40
82 189 40
81 189 40
80 189 40
79 189 40
79 188 40
78 188 40
77 188 40
76 188 40
76 187 40
75 187 40
74 187 40
74 186 40
73 186 40
72 186 40
72 185 40
71 185 40
71 184 40
70 184 40
70 183 40
69 183 40
69 182 40
68 182 40
68 182 104
68 181 40
68 181 104
67 181 40
67 181 104
67 180 40
67 180 104
66 179 40
66 179 104
66 179 168
65 179 40
65 179 104
65 179 168
65 179 232
65 178 40
65 178 104
65 178 168
65 178 232
64 178 40
64 178 104
64 178 168
64 178 232
64 178 296
63 178 40
63 178 104
63 178 168
63 178 232
63 178 296
63 178 360
63 177 40
63 177 104
63 177 168
63 177 232
63 177 296
63 177 360
62 177 40
62 177 104
62 177 168
62 177 232
62 177 296
62 177 360
62 177 424
62 176 40
62 176 104
62 176 168
62 176 232
62 176 296
62 176 360
62 176 424
62 175 40
62 175 104
62 175 168
62 175 232
62 175 296
62 175 360
62 175 424
62 175 488
62 174 40
62 174 104
62 174 168
62 174 232
62 174 296
62 174 360
62 174 424
62 174 488
62 173 40
62 173 104
62 173 168
62 173 232
62 173 296
62 173 360
62 173 424
62 173 488
62 172 40
62 172 104
62 172 168
62 172 232
62 172 296
62 172 360
62 172 424
62 172 488
62 171 40
62 171 104
62 171 168
62 171 232
62 171 296
62 171 360
62 171 424
62 171 488
62 170 40
62 170 104
62 170 168
62 170 232
62 170 296
62 170 360
62 170 424
62 170 488
62 170 552
62 169 40
62 169 104
62 169 168
62 169 232
62 169 296
62 169 360
62 169 424
62 169 488
62 169 552
62 168 40
62 168 104
62 168 168
62 168 232
62 168 296
62 168 360
62 168 424
62 168 488
62 168 552
62 167 40
62 167 104
62 167 168
62 167 232
62 167 296
62 167 360
62 167 424
62 167 488
62 167 552
62 167 616
62 166 40
62 166 104
62 166 168
62 166 232
62 166 296
62 166 360
62 166 424
62 166 488
62 166 552
62 166 616
62 165 40
62 165 104
62 165 168
62 165 232
62 165 296
62 165 360
62 165 424
62 165 488
62 165 552
62 165 616
62 164 40
62 164 104
62 164 168
62 164 232
62 164 296
62 164 360
62 164 424
62 164 488
62 164 552
62 164 616
62 163 40
62 163 104
62 163 168
62 163 232
62 163 296
62 163 360
62 163 424
62 163 488
62 163 552
62 163 616
62 163 680
62 162 40
62 162 104
62 162 168
62 162 232
62 162 296
62 162 360
62 162 424
62 162 488
62 162 552
62 162 616
62 162 680
62 161 40
62 161 104
62 161 168
62 161 232
62 161 296
62 161 360
62 161 424
62 161 488
62 161 552
62 161 616
62 160 40
62 160 104
62 160 168
62 160 232
62 160 296
62 160 360
62 160 424
62 160 488
62 160 552
62 160 616
62 159 40
62 159 104
62 159 168
62 159 232
62 159 296
62 159 360
62 159 424
62 159 488
62 159 552
62 159 616
62 158 40
62 158 104
62 158 168
62 158 232
62 158 296
62 158 360
62 158 424
62 158 488
62 158 552
62 157 40
62 157 104
62 157 168
62 157 232
62 157 296
62 157 360
62 157 424
62 157 488
62 157 552
62 156 40
62 156 104
62 156 168
62 156 232
62 156 296
62 156 360
62 156 424
62 156 488
62 155 40
62 155 104
62 155 168
62 155 232
62 155 296
62 155 360
62 155 424
62 154 40
62 154 104
62 154 168
62 154 232
62 154 296
62 154 360
62 153 40
62 153 104
62 153 168
62 153 232
62 153 296
62 152 40
62 152 104
62 152 168
62 152 232
62 152 296
62 151 40
62 151 104
62 151 168
62 151 232
62 150 40
62 150 104
62 150 168
62 149 40
62 149 104
62 149 168
62 148 40
62 148 104
61 148 40
61 148 104
60 148 40
60 148 104
59 148 40
58 148 40
57 148 40
56 148 40
55 148 40
54 148 40
125 149 40
124 149 40
123 149 40
122 149 40
121 149 40
120 149 40
120 150 40
120 151 40
120 152 40
120 153 40
119 153 40
119 154 40
119 155 40
118 155 40
118 156 40
118 157 40
118 158 40
118 159 40
118 160 40
118 161 40
118 162 40
118 163 40
118 164 40
118 165 40
118 166 40
118 167 40
119 167 40
119 168 40
120 168 40
120 169 40
120 169 104
121 169 40
121 169 104
122 170 40
122 170 104
122 171 40
122 171 104
123 171 40
123 171 104
123 171 168
123 172 40
123 172 104
123 172 168
123 173 40
123 173 104
123 173 168
124 173 40
124 173 104
124 173 168
124 174 40
124 174 104
124 174 168
125 174 40
125 174 104
125 174 168
125 174 232
125 175 40
125 175 104
125 175 168
125 175 232
126 175 40
126 175 104
126 175 168
126 175 232
126 176 40
126 176 104
126 176 168
126 176 232
127 176 40
127 176 104
127 176 168
127 176 232
127 177 40
127 177 104
127 177 168
127 178 40
127 178 104
127 178 168
127 179 40
127 179 104
127 179 168
127 180 40
127 180 104
127 180 168
127 181 40
127 181 104
127 182 40
127 182 104
127 183 40
127 183 104
127 184 40
127 185 40
127 186 40
127 187 40
127 188 40
127 189 40
127 190 40
126 190 40
126 191 40
126 192 40
125 192 40
125 193 40
125 194 40
124 194 40
124 195 40
124 196 40
124 197 40
123 197 40
123 198 40
123 199 40
122 199 40
121 199 40
120 199 40
119 199 40
118 199 40
117 199 40
116 199 40
115 199 40
114 199 40
113 199 40
112 199 40
111 199 40
109 199 40
109 199 104
108 199 40
108 199 104
107 199 40
107 199 104
106 199 40
106 199 104
105 199 40
105 199 104
105 199 168
104 199 40
104 199 104
104 199 168
103 199 40
103 199 104
103 199 168
102 199 40
102 199 104
102 199 168
101 199 40
101 199 104
101 199 168
100 199 40
100 199 104
100 199 168
99 199 40
99 199 104
99 199 168
98 199 40
98 199 104
98 199 168
97 199 40
97 199 104
97 199 168
96 199 40
96 199 104
96 199 168
95 199 40
95 199 104
94 199 40
94 199 104
93 199 40
93 199 104
92 199 40
92 199 104
91 199 40
90 199 40
89 199 40
87 199 40
87 198 40
87 197 40
86 197 40
86 196 40
86 195 40
86 194 40
86 193 40
86 192 40
86 191 40
85 191 40
85 190 40
84 190 40
