0 0 100
0 20 100
0 40 100
0 60 100
0 80 100
0 100 100
0 120 100
0 140 100
0 160 100
0 180 100
0 199 100
11 10 100
11 30 100
11 50 100
11 70 100
11 90 100
11 110 100
11 130 100
11 150 100
11 170 100
11 190 100
22 0 100
22 20 100
22 40 100
22 60 100
22 80 100
22 100 100
22 120 100
22 140 100
22 160 100
22 180 100
22 199 100
33 10 100
33 30 100
33 50 100
33 70 100
33 90 100
33 110 100
33 130 100
33 150 100
33 170 100
33 190 100
44 0 100
44 20 100
44 40 100
44 60 100
44 80 100
44 100 100
44 120 100
44 140 100
44 160 100
44 180 100
44 199 100
55 10 100
55 30 100
55 50 100
55 70 100
55 90 100
55 110 100
55 130 100
55 150 100
55 170 100
55 190 100
66 0 100
66 20 100
66 40 100
66 60 100
66 80 100
66 100 100
66 120 100
66 140 100
66 160 100
66 180 100
66 199 100
77 10 100
77 30 100
77 50 100
77 70 100
77 90 100
77 110 100
77 130 100
77 150 100
77 170 100
77 190 100
88 0 100
88 20 100
88 40 100
88 60 100
88 80 100
88 100 100
88 120 100
88 140 100
88 160 100
88 180 100
88 199 100
99 10 100
99 30 100
99 50 100
99 70 100
99 90 100
99 110 100
99 130 100
99 150 100
99 170 100
99 190 100
110 0 100
110 20 100
110 40 100
110 60 100
110 80 100
110 100 100
110 120 100
110 140 100
110 160 100
110 180 100
110 199 100
121 10 100
121 30 100
121 50 100
121 70 100
121 90 100
121 110 100
121 130 100
121 150 100
121 170 100
121 190 100
132 0 100
132 20 100
132 40 100
132 60 100
132 80 100
132 100 100
132 120 100
132 140 100
132 160 100
132 180 100
132 199 100
143 10 100
143 30 100
143 50 100
143 70 100
143 90 100
143 110 100
143 130 100
143 150 100
143 170 100
143 190 100
154 0 100
154 20 100
154 40 100
154 60 100
154 80 100
154 100 100
154 120 100
154 140 100
154 160 100
154 180 100
154 199 100
165 10 100
165 30 100
165 50 100
165 70 100
165 90 100
165 110 100
165 130 100
165 150 100
165 170 100
165 190 100
176 0 100
176 20 100
176 40 100
176 60 100
176 80 100
176 100 100
176 120 100
176 140 100
176 160 100
176 180 100
176 199 100
187 10 100
187 30 100
187 50 100
187 70 100
187 90 100
187 110 100
187 130 100
187 150 100
187 170 100
187 190 100
198 0 100
198 20 100
198 40 100
198 60 100
198 80 100
198 100 100
198 120 100
198 140 100
198 160 100
198 180 100
198 199 100
0 0 100
0 20 100
0 40 100
0 60 100
0 140 100
0 160 100
0 180 100
0 199 100
11 10 100
11 30 100
11 50 100
11 150 100
11 170 100
11 190 100
22 0 100
22 20 100
22 40 100
22 60 100
22 120 100
22 140 100
22 160 100
22 180 100
22 199 100
33 10 100
33 30 100
33 50 100
33 70 100
33 130 100
33 150 100
33 170 100
33 190 100
44 0 100
44 20 100
44 40 100
44 60 100
44 120 100
44 140 100
44 160 100
44 180 100
44 199 100
55 10 100
55 30 100
55 50 100
55 130 100
55 150 100
55 170 100
55 190 100
66 0 100
66 20 100
66 40 100
66 140 100
66 160 100
66 180 100
66 199 100
77 10 100
77 30 100
77 130 100
77 150 100
77 170 100
77 190 100
88 0 100
88 20 100
88 140 100
88 160 100
88 180 100
99 10 100
99 30 100
110 0 100
110 20 100
121 10 100
121 30 100
121 50 100
121 70 100
132 0 100
132 20 100
132 40 100
132 60 100
132 80 100
132 100 100
143 10 100
143 30 100
143 50 100
143 70 100
143 90 100
143 110 100
154 40 100
154 60 100
154 80 100
154 100 100
154 120 100
165 50 100
165 70 100
165 90 100
165 110 100
165 130 100
176 60 100
176 80 100
176 100 100
176 120 100
176 140 100
187 90 100
187 110 100
187 130 100
198 100 100
198 120 100
198 140 100
198 199 100
199 15 40
86 67 40
102 123 40
42 89 40
158 28 40
158 28 168
137 118 40
153 187 40
118 198 40
59 115 40
5 95 40
43 89 40
44 89 40
45 89 40
46 89 40
46 89 168
47 89 40
48 89 40
49 89 40
50 89 40
51 89 40
52 89 40
53 89 40
54 89 40
55 89 40
56 89 40
57 89 40
58 89 40
59 89 40
60 89 40
61 89 40
62 89 40
63 89 40
64 89 40
65 89 40
66 89 40
67 89 40
68 89 40
69 89 40
70 89 40
71 89 40
71 88 40
71 87 40
71 86 40
71 85 40
71 84 40
71 83 40
72 83 40
73 83 40
73 82 40
73 81 40
74 81 40
74 80 40
74 79 40
74 78 40
74 77 40
74 76 40
74 75 40
75 75 40
76 75 40
76 74 40
76 73 40
77 73 40
77 72 40
77 71 40
78 71 40
78 70 40
78 69 40
78 68 40
79 68 40
80 68 40
81 68 40
82 68 40
83 68 40
84 68 40
84 67 40
85 67 40
59 114 40
59 113 40
59 112 40
59 111 40
59 110 40
59 109 40
59 108 40
59 107 40
59 106 40
59 105 40
59 104 40
59 103 40
59 102 40
59 101 40
59 100 40
59 99 40
59 98 40
59 97 40
59 96 40
59 95 40
59 94 40
59 93 40
59 92 40
59 91 40
59 90 40
6 95 40
7 95 40
8 95 40
9 95 40
10 95 40
11 95 40
12 95 40
13 95 40
14 95 40
15 95 40
16 95 40
17 95 40
18 95 40
19 95 40
20 95 40
21 95 40
22 95 40
23 95 40
24 95 40
25 95 40
26 95 40
27 95 40
28 95 40
29 95 40
30 95 40
31 95 40
32 95 40
33 95 40
34 95 40
35 95 40
36 95 40
37 95 40
38 95 40
39 95 40
40 95 40
41 95 40
41 94 40
42 94 40
42 93 40
42 92 40
42 91 40
42 90 40
102 122 40
102 121 40
102 120 40
102 119 40
102 118 40
102 117 40
101 117 40
100 117 40
99 117 40
98 117 40
97 117 40
96 117 40
95 117 40
94 117 40
94 116 40
94 115 40
93 115 40
92 115 40
91 115 40
90 115 40
89 115 40
88 115 40
87 115 40
86 115 40
85 115 40
84 115 40
83 115 40
82 115 40
81 115 40
80 115 40
79 115 40
78 115 40
77 115 40
76 115 40
75 115 40
74 115 40
73 115 40
72 115 40
71 115 40
70 115 40
69 115 40
69 115 168
68 115 40
68 115 168
67 115 40
67 115 168
66 115 40
66 115 168
65 115 40
65 115 168
64 115 40
64 115 168
63 115 40
62 115 40
61 115 40
60 115 40
158 27 40
158 27 168
158 26 40
158 26 168
158 25 40
158 25 168
158 24 40
158 23 40
159 23 40
160 23 40
160 22 40
161 22 40
162 22 40
163 22 40
164 22 40
165 22 40
166 22 40
167 22 40
168 22 40
169 22 40
170 22 40
171 22 40
172 22 40
173 22 40
174 22 40
175 22 40
176 22 40
177 22 40
178 22 40
179 22 40
180 22 40
181 22 40
182 22 40
183 22 40
184 22 40
185 22 40
186 22 40
187 22 40
188 22 40
189 22 40
190 22 40
191 22 40
192 22 40
193 22 40
194 22 40
195 22 40
196 22 40
197 22 40
198 22 40
199 22 40
199 21 40
199 20 40
199 19 40
199 18 40
199 17 40
199 16 40
136 118 40
135 118 40
134 118 40
133 118 40
132 118 40
131 118 40
130 118 40
129 118 40
128 118 40
127 118 40
126 118 40
125 118 40
124 118 40
123 118 40
122 118 40
121 118 40
120 118 40
119 118 40
118 118 40
117 118 40
116 118 40
115 118 40
114 118 40
113 118 40
112 118 40
111 118 40
110 118 40
109 118 40
108 118 40
107 118 40
106 118 40
105 118 40
104 118 40
103 118 40
118 197 40
118 196 40
118 195 40
118 194 40
118 193 40
118 192 40
118 191 40
118 190 40
118 189 40
118 188 40
118 187 40
118 186 40
118 185 40
118 184 40
118 183 40
118 182 40
118 181 40
118 180 40
118 179 40
118 178 40
118 177 40
118 176 40
118 175 40
118 174 40
118 173 40
118 172 40
118 171 40
118 170 40
118 169 40
118 168 40
118 167 40
118 166 40
118 165 40
118 164 40
118 163 40
118 162 40
118 161 40
118 160 40
118 159 40
118 158 40
118 157 40
118 156 40
118 155 40
118 154 40
118 153 40
118 152 40
118 151 40
118 150 40
118 149 40
118 148 40
118 147 40
118 146 40
118 145 40
118 144 40
118 143 40
118 142 40
118 141 40
118 140 40
118 139 40
118 138 40
118 137 40
118 136 40
118 135 40
118 134 40
118 133 40
118 132 40
118 131 40
118 130 40
118 129 40
118 128 40
118 127 40
118 126 40
118 125 40
118 124 40
118 123 40
118 122 40
118 121 40
118 120 40
118 119 40
152 187 40
151 187 40
150 187 40
149 187 40
148 187 40
147 187 40
146 187 40
145 187 40
144 187 40
143 187 40
142 187 40
141 187 40
140 187 40
139 187 40
138 187 40
137 187 40
136 187 40
135 187 40
134 187 40
133 187 40
132 187 40
131 187 40
130 187 40
129 187 40
128 187 40
127 187 40
126 187 40
125 187 40
124 187 40
123 187 40
122 187 40
121 187 40
120 187 40
119 187 40
