0 0 100
0 20 100
0 40 100
0 60 100
0 80 100
0 100 100
0 120 100
0 140 100
0 160 100
0 180 100
0 199 100
11 10 100
11 30 100
11 50 100
11 70 100
11 90 100
11 110 100
11 130 100
11 150 100
11 170 100
11 190 100
22 0 100
22 20 100
22 40 100
22 60 100
22 80 100
22 100 100
22 120 100
22 140 100
22 160 100
22 180 100
22 199 100
33 10 100
33 30 100
33 50 100
33 70 100
33 90 100
33 110 100
33 130 100
33 150 100
33 170 100
33 190 100
44 0 100
44 20 100
44 40 100
44 60 100
44 80 100
44 100 100
44 120 100
44 140 100
44 160 100
44 180 100
44 199 100
55 10 100
55 30 100
55 50 100
55 70 100
55 90 100
55 110 100
55 130 100
55 150 100
55 170 100
55 190 100
66 0 100
66 20 100
66 40 100
66 60 100
66 80 100
66 100 100
66 120 100
66 140 100
66 160 100
66 180 100
66 199 100
77 10 100
77 30 100
77 50 100
77 70 100
77 90 100
77 110 100
77 130 100
77 150 100
77 170 100
77 190 100
88 0 100
88 20 100
88 40 100
88 60 100
88 80 100
88 100 100
88 120 100
88 140 100
88 160 100
88 180 100
88 199 100
99 10 100
99 30 100
99 50 100
99 70 100
99 90 100
99 110 100
99 130 100
99 150 100
99 170 100
99 190 100
110 0 100
110 20 100
110 40 100
110 60 100
110 80 100
110 100 100
110 120 100
110 140 100
110 160 100
110 180 100
110 199 100
121 10 100
121 30 100
121 50 100
121 70 100
121 90 100
121 110 100
121 130 100
121 150 100
121 170 100
121 190 100
132 0 100
132 20 100
132 40 100
132 60 100
132 80 100
132 100 100
132 120 100
132 140 100
132 160 100
132 180 100
132 199 100
143 10 100
143 30 100
143 50 100
143 70 100
143 90 100
143 110 100
143 130 100
143 150 100
143 170 100
143 190 100
154 0 100
154 20 100
154 40 100
154 60 100
154 80 100
154 100 100
154 120 100
154 140 100
154 160 100
154 180 100
154 199 100
165 10 100
165 30 100
165 50 100
165 70 100
165 90 100
165 110 100
165 130 100
165 150 100
165 170 100
165 190 100
176 0 100
176 20 100
176 40 100
176 60 100
176 80 100
176 100 100
176 120 100
176 140 100
176 160 100
176 180 100
176 199 100
187 10 100
187 30 100
187 50 100
187 70 100
187 90 100
187 110 100
187 130 100
187 150 100
187 170 100
187 190 100
198 0 100
198 20 100
198 40 100
198 60 100
198 80 100
198 100 100
198 120 100
198 140 100
198 160 100
198 180 100
198 199 100
0 20 100
0 40 100
0 60 100
0 80 100
0 100 100
0 140 100
0 160 100
0 180 100
0 199 100
11 10 100
11 50 100
11 90 100
11 110 100
11 150 100
11 170 100
11 190 100
22 0 100
22 20 100
22 40 100
22 140 100
22 160 100
22 180 100
22 199 100
33 10 100
33 50 100
33 130 100
33 170 100
33 190 100
44 0 100
44 20 100
44 40 100
44 80 100
44 100 100
44 120 100
44 160 100
44 199 100
55 10 100
55 30 100
55 70 100
55 90 100
55 110 100
55 130 100
55 170 100
55 190 100
66 0 100
66 20 100
66 60 100
66 80 100
66 100 100
66 120 100
66 160 100
66 180 100
66 199 100
77 30 100
77 50 100
77 70 100
77 110 100
77 170 100
77 190 100
88 0 100
88 20 100
88 60 100
88 80 100
88 120 100
88 160 100
88 180 100
99 10 100
99 70 100
99 130 100
99 170 100
110 0 100
110 20 100
110 40 100
110 60 100
110 140 100
110 160 100
121 10 100
121 50 100
121 90 100
121 110 100
121 130 100
121 150 100
121 190 100
132 0 100
132 20 100
132 40 100
132 60 100
132 80 100
132 100 100
132 120 100
132 140 100
132 180 100
143 30 100
143 70 100
143 110 100
143 130 100
143 150 100
143 190 100
154 60 100
154 120 100
154 160 100
154 180 100
154 199 100
165 10 100
165 50 100
165 70 100
165 110 100
165 170 100
165 190 100
176 0 100
176 20 100
176 40 100
176 120 100
176 180 100
176 199 100
187 10 100
187 30 100
187 50 100
187 110 100
187 130 100
187 170 100
187 190 100
198 0 100
198 40 100
198 60 100
198 80 100
198 100 100
198 120 100
198 199 100
68 50 40
68 50 41
68 50 42
68 50 43
182 93 40
136 22 40
136 22 41
136 22 42
136 22 43
136 22 44
136 22 45
110 186 40
24 118 40
25 118 40
25 117 40
26 117 40
26 116 40
27 116 40
27 115 40
27 114 40
27 113 40
27 112 40
27 111 40
27 110 40
27 109 40
27 108 40
27 107 40
27 106 40
27 105 40
27 104 40
27 103 40
27 102 40
27 101 40
27 100 40
27 100 41
28 100 40
28 100 41
28 99 40
28 99 41
28 98 40
28 98 41
28 98 42
29 98 40
29 98 41
29 98 42
29 97 40
29 97 41
29 97 42
29 96 40
29 96 41
29 95 40
29 95 41
29 94 40
29 93 40
29 92 40
29 91 40
29 90 40
29 89 40
29 88 40
29 87 40
29 86 40
29 85 40
29 84 40
29 83 40
29 82 40
29 81 40
29 80 40
29 79 40
29 78 40
29 77 40
29 76 40
29 75 40
29 74 40
29 73 40
29 72 40
30 72 40
31 72 40
32 72 40
32 72 41
32 71 40
32 71 41
33 71 40
33 71 41
34 71 40
34 71 41
34 71 42
34 71 43
34 70 40
34 70 41
34 70 42
34 70 43
35 70 40
35 70 41
35 70 42
35 70 43
35 70 44
36 70 40
36 70 41
36 70 42
36 70 43
36 70 44
36 70 45
36 70 46
36 69 40
36 69 41
36 69 42
36 69 43
36 69 44
36 69 45
37 69 40
37 69 41
37 69 42
37 69 43
37 69 44
37 69 45
37 69 46
37 68 40
37 68 41
37 68 42
37 68 43
37 68 44
38 68 40
38 68 41
38 68 42
38 68 43
38 68 44
38 68 45
39 68 40
39 68 41
39 68 42
39 68 43
39 68 44
39 68 45
39 68 46
39 67 40
39 67 41
39 67 42
39 67 43
39 67 44
40 67 40
40 67 41
40 67 42
40 67 43
40 67 44
40 66 40
40 66 41
40 66 42
41 66 40
41 66 41
41 66 42
42 66 40
42 66 41
42 66 42
42 65 40
42 65 41
43 65 40
43 65 41
43 64 40
43 64 41
44 64 40
44 64 41
44 63 40
45 63 40
45 62 40
46 62 40
46 61 40
47 61 40
47 60 40
48 60 40
48 59 40
49 59 40
49 58 40
50 58 40
51 58 40
51 57 40
52 57 40
52 56 40
53 56 40
53 55 40
54 55 40
54 54 40
55 54 40
55 53 40
56 53 40
56 52 40
57 52 40
57 51 40
58 51 40
58 50 40
59 50 40
60 50 40
61 50 40
62 50 40
63 50 40
64 50 40
64 50 41
65 50 40
65 50 41
66 50 40
66 50 41
67 50 40
67 50 41
67 50 42
135 22 40
135 22 41
135 22 42
135 22 43
135 22 44
135 22 45
134 22 40
134 22 41
134 22 42
134 22 43
134 22 44
133 22 40
133 22 41
133 22 42
133 22 43
133 23 40
133 23 41
133 23 42
133 23 43
133 23 44
132 23 40
132 23 41
132 23 42
132 23 43
132 24 40
132 24 41
132 24 42
132 24 43
131 24 40
131 24 41
131 24 42
131 25 40
131 25 41
131 25 42
130 25 40
130 25 41
130 26 40
130 26 41
130 26 42
129 26 40
129 26 41
129 27 40
129 27 41
128 27 40
128 27 41
128 28 40
128 28 41
127 28 40
127 28 41
126 28 40
126 28 41
126 29 40
126 29 41
125 29 40
125 29 41
125 30 40
125 30 41
124 30 40
124 30 41
124 31 40
124 31 41
124 31 42
123 31 40
123 31 41
123 31 42
123 32 40
123 32 41
123 32 42
123 32 43
122 32 40
122 32 41
122 32 42
122 32 43
121 32 40
121 32 41
121 32 42
121 32 43
121 32 44
120 32 40
120 32 41
120 32 42
120 32 43
120 32 44
120 32 45
120 32 46
119 32 40
119 32 41
119 32 42
119 32 43
119 32 44
119 32 45
119 32 46
119 32 47
118 32 40
118 32 41
118 32 42
118 32 43
118 32 44
118 32 45
118 32 46
118 32 47
118 32 48
118 32 49
118 32 50
117 32 40
117 32 41
117 32 42
117 32 43
117 32 44
117 32 45
117 32 46
117 32 47
117 32 48
117 32 49
117 32 50
117 32 51
117 32 52
116 32 40
116 32 41
116 32 42
116 32 43
116 32 44
116 32 45
116 32 46
116 32 47
116 32 48
116 32 49
116 32 50
116 32 51
116 32 52
116 32 53
116 32 54
116 32 55
115 32 40
115 32 41
115 32 42
115 32 43
115 32 44
115 32 45
115 32 46
115 32 47
115 32 48
115 32 49
115 32 50
115 32 51
115 32 52
115 32 53
115 32 54
115 32 55
115 32 56
115 32 57
114 32 40
114 32 41
114 32 42
114 32 43
114 32 44
114 32 45
114 32 46
114 32 47
114 32 48
114 32 49
114 32 50
114 32 51
114 32 52
114 32 53
114 32 54
114 32 55
114 32 56
114 32 57
114 32 58
113 32 40
113 32 41
113 32 42
113 32 43
113 32 44
113 32 45
113 32 46
113 32 47
113 32 48
113 32 49
113 32 50
113 32 51
113 32 52
113 32 53
113 32 54
113 32 55
113 32 56
113 32 57
113 32 58
113 32 59
112 32 40
112 32 41
112 32 42
112 32 43
112 32 44
112 32 45
112 32 46
112 32 47
112 32 48
112 32 49
112 32 50
112 32 51
112 32 52
112 32 53
112 32 54
112 32 55
112 32 56
112 32 57
112 32 58
112 32 59
112 32 60
111 32 40
111 32 41
111 32 42
111 32 43
111 32 44
111 32 45
111 32 46
111 32 47
111 32 48
111 32 49
111 32 50
111 32 51
111 32 52
111 32 53
111 32 54
111 32 55
111 32 56
111 32 57
111 32 58
111 32 59
111 32 60
110 32 40
110 32 41
110 32 42
110 32 43
110 32 44
110 32 45
110 32 46
110 32 47
110 32 48
110 32 49
110 32 50
110 32 51
110 32 52
110 32 53
110 32 54
110 32 55
110 32 56
110 32 57
110 32 58
110 32 59
110 32 60
109 32 40
109 32 41
109 32 42
109 32 43
109 32 44
109 32 45
109 32 46
109 32 47
109 32 48
109 32 49
109 32 50
109 32 51
109 32 52
109 32 53
109 32 54
109 32 55
109 32 56
109 32 57
109 32 58
109 32 59
109 32 60
108 32 40
108 32 41
108 32 42
108 32 43
108 32 44
108 32 45
108 32 46
108 32 47
108 32 48
108 32 49
108 32 50
108 32 51
108 32 52
108 32 53
108 32 54
108 32 55
108 32 56
108 32 57
108 32 58
108 32 59
107 32 40
107 32 41
107 32 42
107 32 43
107 32 44
107 32 45
107 32 46
107 32 47
107 32 48
107 32 49
107 32 50
107 32 51
107 32 52
107 32 53
107 32 54
107 32 55
107 32 56
107 32 57
107 32 58
106 32 40
106 32 41
106 32 42
106 32 43
106 32 44
106 32 45
106 32 46
106 32 47
106 32 48
106 32 49
106 32 50
106 32 51
106 32 52
106 32 53
106 32 54
106 32 55
106 32 56
105 32 40
105 32 41
105 32 42
105 32 43
105 32 44
105 32 45
105 32 46
105 32 47
105 32 48
105 32 49
105 32 50
105 32 51
105 32 52
105 32 53
104 32 40
104 32 41
104 32 42
104 32 43
104 32 44
104 32 45
104 32 46
104 32 47
104 32 48
104 32 49
103 32 40
103 32 41
103 32 42
103 32 43
103 32 44
103 32 45
103 32 46
102 32 40
102 32 41
102 32 42
102 32 43
102 32 44
101 32 40
101 32 41
101 32 42
101 32 43
100 32 40
100 32 41
100 33 40
100 33 41
99 33 40
99 33 41
99 34 40
98 34 40
98 35 40
97 35 40
97 36 40
96 36 40
96 37 40
95 37 40
94 37 40
93 37 40
92 37 40
91 37 40
90 37 40
89 37 40
88 37 40
87 37 40
86 37 40
85 37 40
84 37 40
83 37 40
82 37 40
81 37 40
80 37 40
79 37 40
78 37 40
77 37 40
76 37 40
75 37 40
74 37 40
73 37 40
73 38 40
72 38 40
71 38 40
71 39 40
70 39 40
70 40 40
69 40 40
69 41 40
68 41 40
68 42 40
67 42 40
67 43 40
66 43 40
66 44 40
65 44 40
65 45 40
64 45 40
64 46 40
63 46 40
63 47 40
63 48 40
63 49 40
109 186 40
108 186 40
107 186 40
106 186 40
106 185 40
106 184 40
106 183 40
106 182 40
106 181 40
106 180 40
106 180 41
106 179 40
106 179 41
106 178 40
106 178 41
106 177 40
106 177 41
106 177 42
106 176 40
106 176 41
106 176 42
106 176 43
106 175 40
106 175 41
106 175 42
106 175 43
106 175 44
106 174 40
106 174 41
106 174 42
106 174 43
106 174 44
106 174 45
106 173 40
106 173 41
106 173 42
106 173 43
106 173 44
106 173 45
106 173 46
106 173 47
106 172 40
106 172 41
106 172 42
106 172 43
106 172 44
106 172 45
106 172 46
106 172 47
106 172 48
106 171 40
106 171 41
106 171 42
106 171 43
106 171 44
106 171 45
106 171 46
106 171 47
106 171 48
106 170 40
106 170 41
106 170 42
106 170 43
106 170 44
106 170 45
106 170 46
106 170 47
106 170 48
106 169 40
106 169 41
106 169 42
106 169 43
106 169 44
106 169 45
106 169 46
106 169 47
106 169 48
106 168 40
106 168 41
106 168 42
106 168 43
106 168 44
106 168 45
106 168 46
106 168 47
106 167 40
106 167 41
106 167 42
106 167 43
106 167 44
106 167 45
106 167 46
106 167 47
106 166 40
106 166 41
106 166 42
106 166 43
106 166 44
106 166 45
106 166 46
106 166 47
106 165 40
106 165 41
106 165 42
106 165 43
106 165 44
106 165 45
106 165 46
106 165 47
106 164 40
106 164 41
106 164 42
106 164 43
106 164 44
106 164 45
106 164 46
106 164 47
106 164 48
106 163 40
106 163 41
106 163 42
106 163 43
106 163 44
106 163 45
106 163 46
106 163 47
106 163 48
106 163 49
106 163 50
106 162 40
106 162 41
106 162 42
106 162 43
106 162 44
106 162 45
106 162 46
106 162 47
106 162 48
106 162 49
106 162 50
106 162 51
106 161 40
106 161 41
106 161 42
106 161 43
106 161 44
106 161 45
106 161 46
106 161 47
106 161 48
106 161 49
106 161 50
106 161 51
106 161 52
106 161 53
106 160 40
106 160 41
106 160 42
106 160 43
106 160 44
106 160 45
106 160 46
106 160 47
106 160 48
106 160 49
106 160 50
106 160 51
106 160 52
106 160 53
106 159 40
106 159 41
106 159 42
106 159 43
106 159 44
106 159 45
106 159 46
106 159 47
106 159 48
106 159 49
106 159 50
106 159 51
106 159 52
106 159 53
106 158 40
106 158 41
106 158 42
106 158 43
106 158 44
106 158 45
106 158 46
106 158 47
106 158 48
106 158 49
106 158 50
106 158 51
106 158 52
106 158 53
106 157 40
106 157 41
106 157 42
106 157 43
106 157 44
106 157 45
106 157 46
106 157 47
106 157 48
106 157 49
106 157 50
106 157 51
106 157 52
106 156 40
106 156 41
106 156 42
106 156 43
106 156 44
106 156 45
106 156 46
106 156 47
106 156 48
106 156 49
106 156 50
106 156 51
105 156 40
105 156 41
105 156 42
105 156 43
105 156 44
105 156 45
105 156 46
104 156 40
104 156 41
104 156 42
104 156 43
104 155 40
104 155 41
104 155 42
104 155 43
103 155 40
103 155 41
103 154 40
103 154 41
102 154 40
102 153 40
101 153 40
101 152 40
100 152 40
100 151 40
99 151 40
98 150 40
98 149 40
97 149 40
97 148 40
96 148 40
96 147 40
95 147 40
94 147 40
94 146 40
93 146 40
92 146 40
92 145 40
91 145 40
90 145 40
89 145 40
88 145 40
87 145 40
86 145 40
85 145 40
84 145 40
83 145 40
82 145 40
81 145 40
80 145 40
80 144 40
79 144 40
78 144 40
78 143 40
77 143 40
77 142 40
76 142 40
76 141 40
75 141 40
75 140 40
75 139 40
75 138 40
75 137 40
75 136 40
75 135 40
75 134 40
75 133 40
75 132 40
74 132 40
74 131 40
74 130 40
74 129 40
74 128 40
74 128 41
74 127 40
74 127 41
74 126 40
74 126 41
74 126 42
74 125 40
74 125 41
74 125 42
74 124 40
74 124 41
74 124 42
74 124 43
74 123 40
74 123 41
74 123 42
74 123 43
74 122 40
74 122 41
74 122 42
74 122 43
74 121 40
74 121 41
74 121 42
74 120 40
74 120 41
74 119 40
74 119 41
74 118 40
74 118 41
74 117 40
75 117 40
75 116 40
75 115 40
76 115 40
76 115 41
76 114 40
76 114 41
77 114 40
77 114 41
77 114 42
77 113 40
77 113 41
77 113 42
78 113 40
78 113 41
78 113 42
78 113 43
78 113 44
78 112 40
78 112 41
78 112 42
78 112 43
78 112 44
79 112 40
79 112 41
79 112 42
79 112 43
79 112 44
79 112 45
79 112 46
79 112 47
79 112 48
79 111 40
79 111 41
79 111 42
79 111 43
79 111 44
79 111 45
79 111 46
79 111 47
79 111 48
80 111 40
80 111 41
80 111 42
80 111 43
80 111 44
80 111 45
80 111 46
80 111 47
80 111 48
80 111 49
80 111 50
80 111 51
80 111 52
80 111 53
80 110 40
80 110 41
80 110 42
80 110 43
80 110 44
80 110 45
80 110 46
80 110 47
80 110 48
80 110 49
80 110 50
80 110 51
80 110 52
81 110 40
81 110 41
81 110 42
81 110 43
81 110 44
81 110 45
81 110 46
81 110 47
81 110 48
81 110 49
81 110 50
81 110 51
81 110 52
81 110 53
81 110 54
81 110 55
81 110 56
81 109 40
81 109 41
81 109 42
81 109 43
81 109 44
81 109 45
81 109 46
81 109 47
81 109 48
81 109 49
81 109 50
81 109 51
81 109 52
81 109 53
81 109 54
82 109 40
82 109 41
82 109 42
82 109 43
82 109 44
82 109 45
82 109 46
82 109 47
82 109 48
82 109 49
82 109 50
82 109 51
82 109 52
82 109 53
82 109 54
82 109 55
82 109 56
82 109 57
82 108 40
82 108 41
82 108 42
82 108 43
82 108 44
82 108 45
82 108 46
82 108 47
82 108 48
82 108 49
82 108 50
82 108 51
82 108 52
82 108 53
83 108 40
83 108 41
83 108 42
83 108 43
83 108 44
83 108 45
83 108 46
83 108 47
83 108 48
83 108 49
83 108 50
83 108 51
83 108 52
83 108 53
83 108 54
83 108 55
83 107 40
83 107 41
83 107 42
83 107 43
83 107 44
83 107 45
83 107 46
83 107 47
83 107 48
83 107 49
83 107 50
83 107 51
84 107 40
84 107 41
84 107 42
84 107 43
84 107 44
84 107 45
84 107 46
84 107 47
84 107 48
84 107 49
84 107 50
84 107 51
84 107 52
84 106 40
84 106 41
84 106 42
84 106 43
84 106 44
84 106 45
84 106 46
84 106 47
84 106 48
85 106 40
85 106 41
85 106 42
85 106 43
85 106 44
85 106 45
85 106 46
85 106 47
85 106 48
85 105 40
85 105 41
85 105 42
85 105 43
85 105 44
85 105 45
86 105 40
86 105 41
86 105 42
86 105 43
86 105 44
86 105 45
86 104 40
86 104 41
86 104 42
86 104 43
86 103 40
86 103 41
86 103 42
87 103 40
87 103 41
87 102 40
87 102 41
88 102 40
88 102 41
89 102 40
90 102 40
90 101 40
91 101 40
92 101 40
93 101 40
94 101 40
95 101 40
96 101 40
97 101 40
98 101 40
99 101 40
100 101 40
100 100 40
101 100 40
101 99 40
101 98 40
101 97 40
102 97 40
102 96 40
102 95 40
102 94 40
103 94 40
103 93 40
103 92 40
104 92 40
104 91 40
105 91 40
105 90 40
105 89 40
106 89 40
106 89 41
106 88 40
106 88 41
107 88 40
107 88 41
107 87 40
107 87 41
107 87 42
108 87 40
108 87 41
108 87 42
108 87 43
108 86 40
108 86 41
108 86 42
108 86 43
108 85 40
108 85 41
108 85 42
109 85 40
109 85 41
109 85 42
109 85 43
109 85 44
109 84 40
109 84 41
109 84 42
109 84 43
110 84 40
110 84 41
110 84 42
110 84 43
110 84 44
110 83 40
110 83 41
110 83 42
110 83 43
111 83 40
111 83 41
111 83 42
111 83 43
111 83 44
111 82 40
111 82 41
111 82 42
111 82 43
112 82 40
112 82 41
112 82 42
112 82 43
112 82 44
112 81 40
112 81 41
112 81 42
113 81 40
113 81 41
113 81 42
113 81 43
113 80 40
113 80 41
114 80 40
114 80 41
114 80 42
114 79 40
114 79 41
115 79 40
115 79 41
115 78 40
115 78 41
116 78 40
116 78 41
117 78 40
117 78 41
117 77 40
118 77 40
118 76 40
119 76 40
119 75 40
120 75 40
120 74 40
121 74 40
121 73 40
122 73 40
122 72 40
123 72 40
123 71 40
123 70 40
123 69 40
123 68 40
123 67 40
123 66 40
123 65 40
123 64 40
123 63 40
123 62 40
123 61 40
123 60 40
123 59 40
123 58 40
123 57 40
123 56 40
123 55 40
123 54 40
123 53 40
123 52 40
123 52 41
123 51 40
123 51 41
123 50 40
123 50 41
123 50 42
123 49 40
123 49 41
123 49 42
123 49 43
123 49 44
123 48 40
123 48 41
123 48 42
123 48 43
123 48 44
123 48 45
123 48 46
123 48 47
123 47 40
123 47 41
123 47 42
123 47 43
123 47 44
123 47 45
123 47 46
123 47 47
123 47 48
123 47 49
123 47 50
123 47 51
123 46 40
123 46 41
123 46 42
123 46 43
123 46 44
123 46 45
123 46 46
123 46 47
123 46 48
123 46 49
123 46 50
123 46 51
123 46 52
123 46 53
123 46 54
123 46 55
123 46 56
123 45 40
123 45 41
123 45 42
123 45 43
123 45 44
123 45 45
123 45 46
123 45 47
123 45 48
123 45 49
123 45 50
123 45 51
123 45 52
123 45 53
123 45 54
123 45 55
123 45 56
123 45 57
123 45 58
123 45 59
123 45 60
123 45 61
123 45 62
123 45 63
123 44 40
123 44 41
123 44 42
123 44 43
123 44 44
123 44 45
123 44 46
123 44 47
123 44 48
123 44 49
123 44 50
123 44 51
123 44 52
123 44 53
123 44 54
123 44 55
123 44 56
123 44 57
123 44 58
123 44 59
123 44 60
123 44 61
123 44 62
123 44 63
123 44 64
123 44 65
123 44 66
123 44 67
123 44 68
123 43 40
123 43 41
123 43 42
123 43 43
123 43 44
123 43 45
123 43 46
123 43 47
123 43 48
123 43 49
123 43 50
123 43 51
123 43 52
123 43 53
123 43 54
123 43 55
123 43 56
123 43 57
123 43 58
123 43 59
123 43 60
123 43 61
123 43 62
123 43 63
123 43 64
123 43 65
123 43 66
123 43 67
123 43 68
123 43 69
123 43 70
123 43 71
123 43 72
123 43 73
123 42 40
123 42 41
123 42 42
123 42 43
123 42 44
123 42 45
123 42 46
123 42 47
123 42 48
123 42 49
123 42 50
123 42 51
123 42 52
123 42 53
123 42 54
123 42 55
123 42 56
123 42 57
123 42 58
123 42 59
123 42 60
123 42 61
123 42 62
123 42 63
123 42 64
123 42 65
123 42 66
123 42 67
123 42 68
123 42 69
123 42 70
123 42 71
123 42 72
123 42 73
123 42 74
123 42 75
123 42 76
123 41 40
123 41 41
123 41 42
123 41 43
123 41 44
123 41 45
123 41 46
123 41 47
123 41 48
123 41 49
123 41 50
123 41 51
123 41 52
123 41 53
123 41 54
123 41 55
123 41 56
123 41 57
123 41 58
123 41 59
123 41 60
123 41 61
123 41 62
123 41 63
123 41 64
123 41 65
123 41 66
123 41 67
123 41 68
123 41 69
123 41 70
123 41 71
123 41 72
123 41 73
123 41 74
123 41 75
123 41 76
123 41 77
123 40 40
123 40 41
123 40 42
123 40 43
123 40 44
123 40 45
123 40 46
123 40 47
123 40 48
123 40 49
123 40 50
123 40 51
123 40 52
123 40 53
123 40 54
123 40 55
123 40 56
123 40 57
123 40 58
123 40 59
123 40 60
123 40 61
123 40 62
123 40 63
123 40 64
123 40 65
123 40 66
123 40 67
123 40 68
123 40 69
123 40 70
123 40 71
123 40 72
123 40 73
123 40 74
123 40 75
123 40 76
123 39 40
123 39 41
123 39 42
123 39 43
123 39 44
123 39 45
123 39 46
123 39 47
123 39 48
123 39 49
123 39 50
123 39 51
123 39 52
123 39 53
123 39 54
123 39 55
123 39 56
123 39 57
123 39 58
123 39 59
123 39 60
123 39 61
123 39 62
123 39 63
123 39 64
123 39 65
123 39 66
123 39 67
123 39 68
123 39 69
123 39 70
123 39 71
123 39 72
123 38 40
123 38 41
123 38 42
123 38 43
123 38 44
123 38 45
123 38 46
123 38 47
123 38 48
123 38 49
123 38 50
123 38 51
123 38 52
123 38 53
123 38 54
123 38 55
123 38 56
123 38 57
123 38 58
123 38 59
123 38 60
123 38 61
123 38 62
123 38 63
123 38 64
123 38 65
123 38 66
123 38 67
123 38 68
123 37 40
123 37 41
123 37 42
123 37 43
123 37 44
123 37 45
123 37 46
123 37 47
123 37 48
123 37 49
123 37 50
123 37 51
123 37 52
123 37 53
123 37 54
123 37 55
123 37 56
123 37 57
123 37 58
123 37 59
123 37 60
123 37 61
123 37 62
123 37 63
123 36 40
123 36 41
123 36 42
123 36 43
123 36 44
123 36 45
123 36 46
123 36 47
123 36 48
123 36 49
123 36 50
123 36 51
123 36 52
123 36 53
123 36 54
123 36 55
123 36 56
123 36 57
123 36 58
123 35 40
123 35 41
123 35 42
123 35 43
123 35 44
123 35 45
123 35 46
123 35 47
123 35 48
123 35 49
123 35 50
123 35 51
123 35 52
123 34 40
123 34 41
123 34 42
123 34 43
123 34 44
123 34 45
123 34 46
123 34 47
123 34 48
123 33 40
123 33 41
123 33 42
123 33 43
123 33 44
123 33 45
