0 0 100
0 20 100
0 40 100
0 60 100
0 80 100
0 100 100
0 120 100
0 140 100
0 160 100
0 180 100
0 199 100
11 10 100
11 30 100
11 50 100
11 70 100
11 90 100
11 110 100
11 130 100
11 150 100
11 170 100
11 190 100
22 0 100
22 20 100
22 40 100
22 60 100
22 80 100
22 100 100
22 120 100
22 140 100
22 160 100
22 180 100
22 199 100
33 10 100
33 30 100
33 50 100
33 70 100
33 90 100
33 110 100
33 130 100
33 150 100
33 170 100
33 190 100
44 0 100
44 20 100
44 40 100
44 60 100
44 80 100
44 100 100
44 120 100
44 140 100
44 160 100
44 180 100
44 199 100
55 10 100
55 30 100
55 50 100
55 70 100
55 90 100
55 110 100
55 130 100
55 150 100
55 170 100
55 190 100
66 0 100
66 20 100
66 40 100
66 60 100
66 80 100
66 100 100
66 120 100
66 140 100
66 160 100
66 180 100
66 199 100
77 10 100
77 30 100
77 50 100
77 70 100
77 90 100
77 110 100
77 130 100
77 150 100
77 170 100
77 190 100
88 0 100
88 20 100
88 40 100
88 60 100
88 80 100
88 100 100
88 120 100
88 140 100
88 160 100
88 180 100
88 199 100
99 10 100
99 30 100
99 50 100
99 70 100
99 90 100
99 110 100
99 130 100
99 150 100
99 170 100
99 190 100
110 0 100
110 20 100
110 40 100
110 60 100
110 80 100
110 100 100
110 120 100
110 140 100
110 160 100
110 180 100
110 199 100
121 10 100
121 30 100
121 50 100
121 70 100
121 90 100
121 110 100
121 130 100
121 150 100
121 170 100
121 190 100
132 0 100
132 20 100
132 40 100
132 60 100
132 80 100
132 100 100
132 120 100
132 140 100
132 160 100
132 180 100
132 199 100
143 10 100
143 30 100
143 50 100
143 70 100
143 90 100
143 110 100
143 130 100
143 150 100
143 170 100
143 190 100
154 0 100
154 20 100
154 40 100
154 60 100
154 80 100
154 100 100
154 120 100
154 140 100
154 160 100
154 180 100
154 199 100
165 10 100
165 30 100
165 50 100
165 70 100
165 90 100
165 110 100
165 130 100
165 150 100
165 170 100
165 190 100
176 0 100
176 20 100
176 40 100
176 60 100
176 80 100
176 100 100
176 120 100
176 140 100
176 160 100
176 180 100
176 199 100
187 10 100
187 30 100
187 50 100
187 70 100
187 90 100
187 110 100
187 130 100
187 150 100
187 170 100
187 190 100
198 0 100
198 20 100
198 40 100
198 60 100
198 80 100
198 100 100
198 120 100
198 140 100
198 160 100
198 180 100
198 199 100
0 0 100
0 100 100
0 120 100
0 140 100
0 160 100
0 180 100
11 10 100
11 30 100
11 130 100
11 170 100
11 190 100
22 0 100
22 40 100
22 100 100
33 70 100
33 90 100
33 110 100
33 130 100
33 150 100
33 170 100
44 0 100
44 40 100
44 80 100
44 100 100
44 140 100
44 180 100
55 70 100
55 110 100
66 0 100
66 40 100
66 120 100
66 199 100
77 50 100
77 70 100
77 130 100
77 190 100
88 0 100
88 60 100
88 80 100
88 100 100
88 140 100
88 160 100
99 50 100
99 70 100
99 90 100
99 110 100
99 150 100
110 0 100
110 40 100
110 140 100
110 160 100
110 199 100
121 30 100
121 110 100
121 130 100
121 150 100
121 170 100
132 0 100
132 100 100
132 140 100
132 180 100
132 199 100
143 10 100
143 70 100
143 90 100
143 110 100
143 130 100
143 190 100
154 0 100
154 20 100
154 60 100
154 100 100
154 140 100
154 199 100
165 50 100
165 70 100
165 90 100
165 170 100
176 0 100
176 60 100
176 80 100
176 100 100
176 180 100
187 50 100
187 110 100
187 150 100
187 190 100
198 40 100
198 199 100
198 106 40
94 138 40
119 70 40
192 7 40
47 197 40
14 54 40
158 181 40
48 197 40
49 197 40
50 197 40
50 197 72
51 197 40
51 197 72
52 197 40
52 197 72
52 197 104
52 196 40
52 196 72
53 196 40
53 196 72
53 196 104
53 195 40
53 195 72
54 195 40
54 195 72
54 195 104
54 194 40
54 194 72
55 194 40
55 194 72
55 194 104
55 193 40
55 193 72
55 193 104
56 193 40
56 193 72
56 193 104
56 193 136
56 192 40
56 192 72
56 192 104
57 192 40
57 192 72
57 192 104
57 192 136
57 191 40
57 191 72
57 191 104
57 191 136
58 191 40
58 191 72
58 191 104
58 191 136
58 191 168
58 190 40
58 190 72
58 190 104
58 190 136
58 190 168
59 190 40
59 190 72
59 190 104
59 190 136
59 190 168
59 190 200
59 189 40
59 189 72
59 189 104
59 189 136
59 189 168
59 189 200
60 189 40
60 189 72
60 189 104
60 189 136
60 189 168
60 189 200
60 189 232
60 188 40
60 188 72
60 188 104
60 188 136
60 188 168
60 188 200
61 188 40
61 188 72
61 188 104
61 188 136
61 188 168
61 188 200
61 188 232
61 187 40
61 187 72
61 187 104
61 187 136
61 187 168
61 187 200
62 187 40
62 187 72
62 187 104
62 187 136
62 187 168
62 187 200
62 186 40
62 186 72
62 186 104
62 186 136
62 186 168
63 186 40
63 186 72
63 186 104
63 186 136
63 186 168
63 185 40
63 185 72
63 185 104
64 185 40
64 185 72
64 185 104
64 184 40
64 184 72
64 183 40
64 183 72
65 183 40
65 183 72
65 182 40
66 182 40
66 181 40
67 181 40
67 180 40
67 179 40
67 178 40
67 177 40
67 176 40
67 175 40
67 174 40
67 173 40
67 172 40
67 171 40
67 170 40
67 169 40
67 168 40
67 167 40
67 166 40
67 165 40
67 164 40
67 163 40
67 162 40
67 161 40
67 160 40
67 159 40
67 158 40
67 157 40
68 157 40
68 156 40
69 156 40
69 155 40
69 154 40
70 154 40
71 154 40
71 153 40
72 153 40
73 153 40
73 152 40
74 152 40
75 152 40
76 152 40
76 151 40
77 151 40
78 151 40
78 150 40
79 150 40
80 150 40
80 149 40
81 149 40
81 149 72
81 148 40
81 148 72
82 148 40
82 148 72
83 148 40
83 148 72
83 148 104
83 147 40
83 147 72
83 147 104
84 147 40
84 147 72
84 147 104
84 146 40
84 146 72
84 146 104
85 146 40
85 146 72
85 146 104
85 146 136
86 146 40
86 146 72
86 146 104
86 146 136
86 145 40
86 145 72
86 145 104
86 145 136
87 145 40
87 145 72
87 145 104
87 144 40
87 144 72
87 144 104
88 144 40
88 144 72
88 144 104
88 143 40
88 143 72
88 143 104
89 143 40
89 143 72
89 143 104
89 142 40
89 142 72
89 142 104
90 142 40
90 142 72
90 141 40
90 141 72
91 141 40
91 141 72
91 140 40
91 140 72
92 140 40
92 139 40
93 139 40
93 138 40
157 181 40
156 181 40
155 181 40
155 180 40
154 179 40
153 179 40
153 178 40
152 178 40
152 177 40
151 177 40
151 176 40
150 176 40
150 175 40
149 175 40
148 175 40
147 175 40
146 175 40
145 175 40
144 175 40
143 175 40
142 175 40
141 175 40
140 175 40
140 176 40
139 176 40
139 177 40
138 177 40
138 178 40
137 178 40
137 179 40
136 179 40
136 179 72
136 180 40
136 180 72
135 180 40
135 180 72
135 181 40
135 181 72
134 181 40
134 181 72
134 182 40
134 182 72
133 182 40
133 182 72
133 182 104
133 183 40
133 183 72
132 183 40
132 183 72
132 183 104
132 184 40
132 184 72
131 184 40
131 184 72
131 185 40
131 185 72
130 185 40
130 185 72
130 186 40
130 186 72
129 186 40
128 186 40
128 187 40
127 187 40
126 187 40
125 187 40
124 187 40
123 187 40
122 187 40
121 187 40
120 187 40
119 187 40
118 187 40
118 187 72
117 187 40
117 187 72
117 186 40
117 186 72
116 186 40
116 186 72
115 186 40
115 186 72
114 186 40
114 185 40
113 185 40
112 185 40
111 185 40
110 185 40
109 185 40
108 185 40
107 185 40
106 185 40
105 185 40
104 185 40
103 185 40
102 185 40
101 185 40
101 184 40
100 184 40
99 184 40
99 183 40
98 183 40
98 182 40
97 182 40
96 182 40
95 182 40
94 182 40
93 182 40
92 182 40
91 182 40
91 181 40
90 181 40
89 181 40
88 181 40
87 181 40
86 181 40
85 181 40
84 181 40
84 181 72
83 181 40
83 181 72
82 181 40
82 181 72
81 181 40
81 181 72
80 181 40
80 181 72
79 181 40
79 181 72
78 181 40
78 181 72
77 181 40
76 181 40
75 181 40
74 181 40
73 181 40
72 181 40
71 181 40
70 181 40
69 181 40
68 181 40
15 54 40
16 54 40
17 54 40
18 54 40
19 54 40
20 54 40
21 54 40
22 54 40
23 54 40
24 54 40
25 54 40
26 54 40
27 54 40
28 54 40
28 53 40
28 52 40
28 51 40
28 50 40
28 49 40
28 48 40
28 47 40
28 46 40
28 45 40
28 44 40
28 43 40
28 42 40
28 41 40
28 40 40
28 39 40
28 38 40
29 38 40
29 37 40
30 37 40
30 36 40
30 35 40
31 35 40
31 34 40
31 34 72
31 33 40
31 33 72
32 33 40
32 33 72
32 32 40
32 32 72
32 31 40
32 31 72
33 31 40
33 31 72
33 29 40
33 29 72
33 28 40
33 28 72
34 28 40
34 28 72
34 27 40
34 26 40
35 26 40
35 25 40
35 24 40
36 24 40
37 24 40
38 24 40
39 24 40
40 24 40
41 24 40
42 24 40
43 24 40
44 24 40
45 24 40
46 24 40
47 24 40
48 24 40
49 24 40
50 24 40
51 24 40
52 24 40
53 24 40
54 24 40
55 24 40
56 24 40
57 24 40
58 24 40
59 24 40
60 24 40
61 24 40
62 24 40
63 24 40
64 24 40
65 24 40
66 24 40
67 24 40
68 24 40
69 24 40
70 24 40
71 24 40
72 24 40
73 24 40
74 24 40
75 24 40
76 24 40
77 24 40
78 24 40
79 24 40
80 24 40
81 24 40
82 24 40
83 24 40
84 24 40
84 25 40
85 25 40
86 25 40
87 25 40
88 25 40
89 25 40
89 26 40
89 27 40
90 27 40
91 27 40
91 28 40
92 28 40
92 29 40
92 30 40
92 31 40
92 32 40
92 33 40
92 34 40
92 35 40
92 36 40
92 37 40
92 38 40
92 39 40
92 40 40
92 41 40
93 41 40
93 42 40
93 43 40
94 43 40
94 44 40
94 45 40
95 45 40
95 46 40
96 46 40
96 47 40
97 47 40
97 48 40
98 48 40
98 49 40
98 49 72
99 49 40
99 49 72
100 50 40
100 50 72
100 50 104
100 51 40
100 51 72
100 51 104
100 51 136
101 51 40
101 51 72
101 51 104
101 52 40
101 52 72
101 52 104
101 52 136
102 52 40
102 52 72
102 52 104
102 52 136
102 53 40
102 53 72
102 53 104
102 53 136
103 53 40
103 53 72
103 53 104
103 54 40
103 54 72
103 54 104
104 54 40
104 54 72
104 54 104
104 55 40
104 55 72
104 55 104
105 55 40
105 55 72
105 56 40
105 56 72
106 56 40
106 56 72
107 56 40
107 56 72
107 57 40
107 57 72
108 57 40
108 57 72
109 57 40
109 58 40
110 58 40
111 58 40
112 58 40
112 59 40
113 59 40
114 59 40
115 59 40
116 59 40
117 59 40
118 59 40
119 59 40
119 60 40
119 61 40
119 62 40
119 63 40
119 64 40
119 65 40
119 66 40
119 67 40
119 68 40
119 69 40
