0 0 100
0 20 100
0 40 100
0 60 100
0 80 100
0 100 100
0 120 100
0 140 100
0 160 100
0 180 100
0 199 100
11 10 100
11 30 100
11 50 100
11 70 100
11 90 100
11 110 100
11 130 100
11 150 100
11 170 100
11 190 100
22 0 100
22 20 100
22 40 100
22 60 100
22 80 100
22 100 100
22 120 100
22 140 100
22 160 100
22 180 100
22 199 100
33 10 100
33 30 100
33 50 100
33 70 100
33 90 100
33 110 100
33 130 100
33 150 100
33 170 100
33 190 100
44 0 100
44 20 100
44 40 100
44 60 100
44 80 100
44 100 100
44 120 100
44 140 100
44 160 100
44 180 100
44 199 100
55 10 100
55 30 100
55 50 100
55 70 100
55 90 100
55 110 100
55 130 100
55 150 100
55 170 100
55 190 100
66 0 100
66 20 100
66 40 100
66 60 100
66 80 100
66 100 100
66 120 100
66 140 100
66 160 100
66 180 100
66 199 100
77 10 100
77 30 100
77 50 100
77 70 100
77 90 100
77 110 100
77 130 100
77 150 100
77 170 100
77 190 100
88 0 100
88 20 100
88 40 100
88 60 100
88 80 100
88 100 100
88 120 100
88 140 100
88 160 100
88 180 100
88 199 100
99 10 100
99 30 100
99 50 100
99 70 100
99 90 100
99 110 100
99 130 100
99 150 100
99 170 100
99 190 100
110 0 100
110 20 100
110 40 100
110 60 100
110 80 100
110 100 100
110 120 100
110 140 100
110 160 100
110 180 100
110 199 100
121 10 100
121 30 100
121 50 100
121 70 100
121 90 100
121 110 100
121 130 100
121 150 100
121 170 100
121 190 100
132 0 100
132 20 100
132 40 100
132 60 100
132 80 100
132 100 100
132 120 100
132 140 100
132 160 100
132 180 100
132 199 100
143 10 100
143 30 100
143 50 100
143 70 100
143 90 100
143 110 100
143 130 100
143 150 100
143 170 100
143 190 100
154 0 100
154 20 100
154 40 100
154 60 100
154 80 100
154 100 100
154 120 100
154 140 100
154 160 100
154 180 100
154 199 100
165 10 100
165 30 100
165 50 100
165 70 100
165 90 100
165 110 100
165 130 100
165 150 100
165 170 100
165 190 100
176 0 100
176 20 100
176 40 100
176 60 100
176 80 100
176 100 100
176 120 100
176 140 100
176 160 100
176 180 100
176 199 100
187 10 100
187 30 100
187 50 100
187 70 100
187 90 100
187 110 100
187 130 100
187 150 100
187 170 100
187 190 100
198 0 100
198 20 100
198 40 100
198 60 100
198 80 100
198 100 100
198 120 100
198 140 100
198 160 100
198 180 100
198 199 100
0 20 100
0 40 100
0 60 100
0 120 100
0 160 100
0 199 100
11 30 100
11 110 100
22 20 100
22 80 100
22 120 100
22 180 100
22 199 100
33 10 100
33 70 100
33 90 100
33 110 100
33 130 100
33 170 100
44 0 100
44 20 100
44 40 100
44 100 100
44 120 100
44 160 100
44 199 100
55 10 100
55 30 100
55 90 100
55 110 100
55 130 100
55 150 100
55 190 100
66 0 100
66 20 100
66 40 100
66 80 100
66 100 100
66 120 100
66 140 100
66 199 100
77 10 100
77 70 100
77 90 100
77 130 100
77 150 100
88 80 100
88 140 100
99 70 100
99 130 100
110 40 100
110 60 100
110 120 100
110 140 100
110 199 100
121 30 100
121 50 100
121 70 100
121 110 100
121 130 100
121 150 100
121 190 100
132 0 100
132 20 100
132 40 100
132 60 100
132 80 100
132 120 100
132 140 100
132 160 100
132 180 100
132 199 100
143 10 100
143 30 100
143 50 100
143 70 100
143 130 100
143 150 100
143 170 100
143 190 100
154 20 100
154 60 100
154 120 100
154 140 100
154 180 100
165 110 100
165 130 100
176 60 100
176 120 100
176 140 100
187 10 100
187 30 100
187 70 100
187 130 100
198 20 100
198 40 100
198 60 100
198 120 100
198 140 100
198 199 100
98 97 40
149 92 40
9 158 40
185 163 40
13 5 40
9 56 40
9 56 168
89 64 40
89 64 168
87 29 40
101 164 40
119 21 40
59 120 40
59 120 168
59 120 296
59 120 424
9 96 40
10 96 40
11 96 40
12 96 40
13 96 40
14 96 40
14 96 168
15 96 40
15 96 168
16 96 40
16 96 168
17 96 40
17 96 168
17 97 40
17 97 168
18 97 40
19 97 40
19 98 40
20 98 40
20 99 40
21 99 40
21 100 40
22 101 40
23 101 40
23 102 40
24 102 40
24 103 40
25 103 40
25 104 40
26 104 40
26 105 40
27 105 40
27 106 40
28 106 40
28 107 40
28 108 40
28 109 40
28 110 40
28 111 40
28 112 40
28 113 40
28 113 168
28 114 40
28 114 168
28 115 40
28 115 168
28 116 40
28 116 168
28 117 40
28 117 168
28 118 40
28 118 168
27 118 40
27 118 168
27 119 40
27 119 168
26 119 40
26 119 168
26 120 40
26 120 168
25 120 40
25 120 168
25 121 40
25 121 168
24 121 40
24 121 168
24 122 40
24 122 168
23 122 40
23 122 168
23 123 40
23 123 168
22 123 40
22 123 168
22 124 40
22 124 168
21 124 40
21 124 168
21 125 40
21 125 168
20 125 40
20 125 168
20 126 40
20 126 168
20 127 40
20 127 168
19 127 40
19 127 168
19 128 40
19 128 168
18 128 40
18 128 168
18 129 40
18 129 168
17 129 40
17 129 168
17 130 40
17 130 168
17 131 40
17 131 168
16 131 40
16 131 168
16 132 40
15 132 40
15 132 168
15 133 40
15 134 40
15 135 40
15 136 40
15 137 40
15 138 40
15 139 40
15 140 40
15 141 40
15 142 40
15 143 40
15 144 40
15 145 40
15 146 40
15 147 40
15 148 40
15 149 40
15 150 40
15 151 40
15 152 40
15 153 40
15 154 40
15 155 40
15 156 40
15 157 40
15 158 40
14 158 40
13 158 40
12 158 40
11 158 40
10 158 40
10 56 40
10 56 168
11 56 40
11 56 168
12 56 40
12 56 168
13 56 40
14 56 40
15 56 40
16 56 40
17 56 40
18 56 40
18 57 40
18 57 168
18 58 40
18 58 168
18 59 40
18 59 168
18 60 40
18 60 168
18 61 40
18 61 168
18 62 40
18 62 168
18 63 40
18 63 168
18 64 40
18 64 168
18 65 40
18 65 168
18 66 40
18 66 168
18 67 40
18 67 168
17 67 40
17 67 168
17 68 40
17 68 168
16 68 40
16 68 168
16 69 40
16 69 168
15 69 40
15 69 168
15 70 40
15 70 168
14 70 40
14 70 168
14 71 40
14 71 168
13 71 40
13 71 168
13 72 40
13 72 168
12 72 40
12 72 168
12 73 40
12 73 168
11 73 40
11 73 168
11 74 40
11 74 168
10 74 40
10 74 168
10 75 40
10 75 168
9 75 40
9 75 168
9 76 40
9 76 168
8 76 40
8 76 168
8 77 40
8 77 168
7 77 40
7 77 168
7 78 40
7 78 168
7 79 40
7 79 168
7 80 40
7 80 168
7 81 40
7 82 40
7 83 40
7 84 40
7 85 40
7 86 40
7 87 40
7 88 40
7 89 40
7 90 40
7 91 40
7 92 40
7 93 40
7 94 40
7 95 40
8 95 40
9 95 40
89 63 40
89 63 168
89 62 40
89 62 168
89 61 40
89 61 168
89 60 40
89 60 168
89 59 40
89 59 168
89 58 40
89 57 40
89 56 40
89 55 40
88 55 40
87 55 40
86 55 40
85 55 40
84 55 40
83 55 40
82 55 40
81 55 40
80 55 40
79 55 40
78 55 40
77 55 40
76 55 40
75 55 40
74 55 40
73 55 40
72 55 40
71 55 40
71 56 40
70 56 40
70 57 40
69 57 40
68 57 40
67 57 40
66 57 40
65 57 40
64 57 40
63 57 40
62 57 40
61 57 40
60 57 40
59 57 40
58 57 40
57 57 40
56 57 40
55 57 40
54 57 40
53 57 40
52 57 40
51 57 40
50 57 40
49 57 40
48 57 40
47 57 40
46 57 40
45 57 40
44 57 40
43 57 40
42 57 40
41 57 40
40 57 40
40 56 40
39 56 40
38 56 40
37 56 40
36 56 40
35 56 40
34 56 40
33 56 40
32 56 40
31 56 40
30 56 40
29 56 40
28 56 40
27 56 40
26 56 40
25 56 40
24 56 40
23 56 40
22 56 40
21 56 40
20 56 40
19 56 40
87 30 40
87 31 40
87 32 40
87 33 40
87 34 40
87 35 40
87 36 40
87 37 40
87 38 40
87 39 40
87 40 40
87 41 40
87 42 40
87 43 40
87 44 40
87 45 40
87 46 40
87 47 40
87 48 40
87 49 40
87 50 40
87 51 40
87 52 40
87 53 40
87 54 40
118 21 40
117 21 40
116 21 40
115 21 40
114 21 40
113 21 40
112 21 40
111 21 40
110 21 40
109 21 40
108 21 40
107 21 40
106 21 40
105 21 40
104 21 40
103 21 40
102 21 40
101 21 40
100 21 40
100 22 40
100 23 40
100 24 40
99 24 40
98 24 40
98 25 40
98 26 40
98 27 40
97 27 40
96 27 40
95 27 40
94 27 40
93 27 40
93 28 40
92 28 40
92 29 40
91 29 40
90 29 40
89 29 40
88 29 40
100 164 40
99 164 40
98 164 40
97 164 40
97 165 40
97 166 40
96 166 40
96 167 40
96 168 40
95 168 40
95 169 40
94 169 40
93 169 40
92 169 40
91 169 40
90 169 40
89 169 40
88 169 40
87 169 40
86 169 40
85 169 40
84 169 40
83 169 40
82 169 40
81 169 40
80 169 40
79 169 40
78 169 40
77 169 40
76 169 40
75 169 40
74 169 40
73 169 40
72 169 40
71 169 40
70 169 40
69 169 40
68 169 40
68 168 40
68 167 40
68 166 40
68 165 40
68 164 40
68 163 40
68 162 40
68 161 40
68 160 40
68 159 40
68 158 40
68 157 40
68 156 40
68 155 40
68 154 40
68 153 40
68 152 40
68 151 40
68 150 40
68 149 40
68 148 40
68 148 168
68 147 40
68 147 168
68 146 40
68 146 168
68 145 40
68 145 168
68 144 40
68 144 168
68 143 40
68 143 168
68 142 40
68 142 168
68 141 40
68 141 168
69 141 40
69 141 168
69 141 296
69 140 40
69 140 168
69 140 296
70 140 40
70 140 168
70 140 296
70 139 40
70 139 168
70 139 296
71 139 40
71 139 168
71 139 296
71 138 40
71 138 168
71 138 296
72 138 40
72 138 168
72 138 296
73 138 40
73 138 168
73 138 296
73 138 424
73 137 40
73 137 168
73 137 296
74 137 40
74 137 168
74 137 296
74 137 424
74 136 40
74 136 168
74 136 296
74 136 424
75 136 40
75 136 168
75 136 296
75 135 40
75 135 168
75 135 296
76 135 40
76 135 168
76 135 296
76 134 40
76 134 168
76 134 296
77 134 40
77 134 168
77 134 296
77 133 40
77 133 168
77 133 296
78 133 40
78 133 168
78 132 40
78 132 168
79 132 40
79 132 168
79 131 40
79 131 168
80 131 40
80 131 168
80 130 40
80 130 168
81 130 40
81 130 168
81 129 40
81 129 168
82 129 40
82 129 168
82 128 40
82 128 168
83 128 40
83 128 168
83 127 40
83 127 168
84 127 40
84 127 168
84 126 40
84 125 40
85 125 40
85 124 40
86 124 40
86 123 40
86 122 40
87 122 40
87 121 40
88 121 40
88 119 40
88 118 40
89 118 40
89 117 40
89 116 40
90 116 40
90 115 40
90 114 40
90 113 40
90 112 40
91 112 40
91 111 40
91 110 40
92 110 40
92 109 40
93 109 40
93 108 40
94 108 40
94 107 40
95 107 40
95 106 40
96 106 40
96 105 40
97 105 40
97 104 40
98 104 40
98 103 40
98 102 40
98 101 40
98 100 40
98 99 40
98 98 40
60 120 40
60 120 168
60 120 296
60 120 424
61 120 40
61 120 168
61 120 296
61 120 424
62 120 40
62 120 168
62 120 296
62 120 424
63 120 40
63 120 168
63 120 296
63 120 424
64 120 40
64 120 168
64 120 296
64 120 424
65 120 40
65 120 168
65 120 296
65 120 424
66 120 40
66 120 168
66 120 296
67 120 40
67 120 168
67 120 296
68 120 40
68 120 168
68 120 296
69 120 40
69 120 168
69 120 296
70 120 40
70 120 168
70 120 296
71 120 40
71 120 168
72 120 40
72 120 168
73 120 40
73 120 168
74 120 40
74 120 168
75 120 40
76 120 40
77 120 40
78 120 40
79 120 40
80 120 40
81 120 40
82 120 40
83 120 40
84 120 40
85 120 40
86 120 40
87 120 40
14 5 40
15 5 40
16 5 40
16 5 168
17 5 40
17 5 168
17 6 40
17 6 168
17 7 40
17 7 168
17 8 40
17 8 168
17 9 40
17 9 168
17 10 40
17 10 168
17 11 40
17 11 168
17 12 40
17 12 168
17 12 296
17 13 40
17 13 168
17 13 296
17 14 40
17 14 168
17 14 296
17 15 40
17 15 168
17 15 296
17 15 424
17 16 40
17 16 168
17 16 296
17 16 424
17 17 40
17 17 168
17 17 296
17 17 424
17 17 552
17 18 40
17 18 168
17 18 296
17 18 424
17 18 552
17 19 40
17 19 168
17 19 296
17 19 424
17 19 552
17 20 40
17 20 168
17 20 296
17 20 424
17 20 552
17 21 40
17 21 168
17 21 296
17 21 424
17 22 40
17 22 168
17 22 296
17 22 424
17 23 40
17 23 168
17 23 296
17 23 424
17 24 40
17 24 168
17 24 296
17 25 40
17 25 168
17 25 296
17 26 40
17 26 168
17 26 296
17 27 40
17 27 168
17 28 40
17 28 168
17 29 40
17 29 168
17 30 40
17 30 168
17 31 40
17 31 168
17 32 40
17 32 168
17 33 40
17 33 168
17 34 40
17 34 168
17 35 40
17 36 40
17 37 40
17 38 40
17 39 40
17 40 40
17 41 40
17 42 40
17 43 40
17 44 40
17 45 40
17 46 40
17 47 40
17 48 40
17 49 40
17 50 40
17 51 40
17 52 40
17 53 40
17 54 40
17 55 40
184 163 40
183 163 40
182 163 40
182 162 40
182 161 40
182 160 40
182 159 40
182 158 40
182 157 40
182 156 40
182 155 40
182 154 40
182 153 40
182 152 40
182 151 40
182 150 40
182 149 40
182 148 40
182 147 40
182 146 40
182 146 168
182 145 40
182 145 168
182 144 40
182 144 168
182 143 40
182 143 168
182 142 40
182 142 168
182 141 40
182 141 168
182 141 296
182 140 40
182 140 168
182 140 296
182 139 40
182 139 168
182 139 296
182 138 40
182 138 168
182 138 296
182 137 40
182 137 168
182 137 296
182 137 424
182 136 40
182 136 168
182 136 296
182 136 424
182 135 40
182 135 168
182 135 296
182 135 424
182 135 552
182 134 40
182 134 168
182 134 296
182 134 424
182 134 552
182 133 40
182 133 168
182 133 296
182 133 424
182 133 552
182 133 680
182 132 40
182 132 168
182 132 296
182 132 424
182 132 552
182 132 680
182 131 40
182 131 168
182 131 296
182 131 424
182 131 552
182 131 680
182 130 40
182 130 168
182 130 296
182 130 424
182 130 552
182 130 680
182 129 40
182 129 168
182 129 296
182 129 424
182 129 552
182 129 680
182 128 40
182 128 168
182 128 296
182 128 424
182 128 552
182 128 680
182 127 40
182 127 168
182 127 296
182 127 424
182 127 552
182 126 40
182 126 168
182 126 296
182 126 424
182 126 552
182 125 40
182 125 168
182 125 296
182 125 424
182 125 552
182 124 40
182 124 168
182 124 296
182 124 424
182 123 40
182 123 168
182 123 296
182 123 424
182 122 40
182 122 168
182 122 296
182 122 424
182 121 40
182 121 168
182 121 296
182 121 424
182 120 40
182 120 168
182 120 296
182 119 40
182 119 168
182 119 296
182 118 40
182 118 168
182 118 296
182 117 40
182 117 168
182 117 296
182 116 40
182 116 168
182 115 40
182 115 168
182 114 40
182 114 168
182 113 40
182 113 168
182 112 40
182 112 168
182 111 40
182 111 168
182 110 40
182 110 168
182 109 40
182 108 40
182 107 40
182 106 40
182 105 40
182 104 40
182 103 40
182 102 40
182 101 40
182 100 40
182 99 40
182 98 40
182 97 40
182 96 40
181 96 40
181 95 40
180 95 40
180 94 40
179 94 40
178 94 40
178 93 40
177 93 40
176 93 40
176 92 40
175 92 40
174 92 40
173 92 40
172 92 40
171 92 40
170 92 40
169 92 40
168 92 40
167 92 40
166 92 40
165 92 40
164 92 40
163 92 40
162 92 40
161 92 40
160 92 40
159 92 40
158 92 40
157 92 40
156 92 40
155 92 40
154 92 40
153 92 40
152 92 40
151 92 40
150 92 40
