0 0 100
0 20 100
0 40 100
0 60 100
0 80 100
0 100 100
0 120 100
0 140 100
0 160 100
0 180 100
0 199 100
11 10 100
11 30 100
11 50 100
11 70 100
11 90 100
11 110 100
11 130 100
11 150 100
11 170 100
11 190 100
22 0 100
22 20 100
22 40 100
22 60 100
22 80 100
22 100 100
22 120 100
22 140 100
22 160 100
22 180 100
22 199 100
33 10 100
33 30 100
33 50 100
33 70 100
33 90 100
33 110 100
33 130 100
33 150 100
33 170 100
33 190 100
44 0 100
44 20 100
44 40 100
44 60 100
44 80 100
44 100 100
44 120 100
44 140 100
44 160 100
44 180 100
44 199 100
55 10 100
55 30 100
55 50 100
55 70 100
55 90 100
55 110 100
55 130 100
55 150 100
55 170 100
55 190 100
66 0 100
66 20 100
66 40 100
66 60 100
66 80 100
66 100 100
66 120 100
66 140 100
66 160 100
66 180 100
66 199 100
77 10 100
77 30 100
77 50 100
77 70 100
77 90 100
77 110 100
77 130 100
77 150 100
77 170 100
77 190 100
88 0 100
88 20 100
88 40 100
88 60 100
88 80 100
88 100 100
88 120 100
88 140 100
88 160 100
88 180 100
88 199 100
99 10 100
99 30 100
99 50 100
99 70 100
99 90 100
99 110 100
99 130 100
99 150 100
99 170 100
99 190 100
110 0 100
110 20 100
110 40 100
110 60 100
110 80 100
110 100 100
110 120 100
110 140 100
110 160 100
110 180 100
110 199 100
121 10 100
121 30 100
121 50 100
121 70 100
121 90 100
121 110 100
121 130 100
121 150 100
121 170 100
121 190 100
132 0 100
132 20 100
132 40 100
132 60 100
132 80 100
132 100 100
132 120 100
132 140 100
132 160 100
132 180 100
132 199 100
143 10 100
143 30 100
143 50 100
143 70 100
143 90 100
143 110 100
143 130 100
143 150 100
143 170 100
143 190 100
154 0 100
154 20 100
154 40 100
154 60 100
154 80 100
154 100 100
154 120 100
154 140 100
154 160 100
154 180 100
154 199 100
165 10 100
165 30 100
165 50 100
165 70 100
165 90 100
165 110 100
165 130 100
165 150 100
165 170 100
165 190 100
176 0 100
176 20 100
176 40 100
176 60 100
176 80 100
176 100 100
176 120 100
176 140 100
176 160 100
176 180 100
176 199 100
187 10 100
187 30 100
187 50 100
187 70 100
187 90 100
187 110 100
187 130 100
187 150 100
187 170 100
187 190 100
198 0 100
198 20 100
198 40 100
198 60 100
198 80 100
198 100 100
198 120 100
198 140 100
198 160 100
198 180 100
198 199 100
0 0 100
0 20 100
0 40 100
0 100 100
0 120 100
0 140 100
0 160 100
11 10 100
11 30 100
11 50 100
11 90 100
11 110 100
11 130 100
11 150 100
11 170 100
11 190 100
22 0 100
22 40 100
22 60 100
22 100 100
22 180 100
22 199 100
33 50 100
33 70 100
33 170 100
33 190 100
44 40 100
44 60 100
44 199 100
55 30 100
55 50 100
55 90 100
55 150 100
55 170 100
66 40 100
66 80 100
66 100 100
66 120 100
66 140 100
66 160 100
66 180 100
77 90 100
77 110 100
77 130 100
77 150 100
77 170 100
77 190 100
88 40 100
88 80 100
88 100 100
88 120 100
88 160 100
88 199 100
99 30 100
99 50 100
110 20 100
110 40 100
110 100 100
110 120 100
121 10 100
121 50 100
121 110 100
121 130 100
132 60 100
132 120 100
132 160 100
132 180 100
132 199 100
143 50 100
143 70 100
143 150 100
143 170 100
143 190 100
154 0 100
154 60 100
154 160 100
154 180 100
154 199 100
165 10 100
165 30 100
165 90 100
165 130 100
165 150 100
165 170 100
165 190 100
176 0 100
176 20 100
176 80 100
176 120 100
176 140 100
187 10 100
187 90 100
187 130 100
187 150 100
198 20 100
198 80 100
198 120 100
198 160 100
51 14 40
137 34 40
86 169 40
86 169 44
28 78 40
144 94 40
185 57 40
185 56 40
185 55 40
185 54 40
185 53 40
185 52 40
184 52 40
184 51 40
184 50 40
183 50 40
182 50 40
181 50 40
180 50 40
179 50 40
178 50 40
178 49 40
178 48 40
177 48 40
176 48 40
176 47 40
175 47 40
174 47 40
173 47 40
172 47 40
171 47 40
171 46 40
170 46 40
169 46 40
168 46 40
168 46 44
167 46 40
167 46 44
167 45 40
167 45 44
166 45 40
166 45 44
165 45 40
165 45 44
165 44 40
165 44 44
164 44 40
164 44 44
163 44 40
163 44 44
163 43 40
163 43 44
162 43 40
162 43 44
162 43 48
162 42 40
162 42 44
162 42 48
161 42 40
161 42 44
161 42 48
161 41 40
161 41 44
161 41 48
161 41 52
160 41 40
160 41 44
160 41 48
160 41 52
159 41 40
159 41 44
159 41 48
159 41 52
159 40 40
159 40 44
159 40 48
159 40 52
158 40 40
158 40 44
158 40 48
158 39 40
158 39 44
158 39 48
157 39 40
157 39 44
157 38 40
157 38 44
157 37 40
156 37 40
156 36 40
155 36 40
155 35 40
154 35 40
154 34 40
153 34 40
152 34 40
151 34 40
150 34 40
149 34 40
148 34 40
147 34 40
146 34 40
145 34 40
144 34 40
143 34 40
142 34 40
141 34 40
140 34 40
139 34 40
138 34 40
144 93 40
145 93 40
145 92 40
146 92 40
146 91 40
147 91 40
147 90 40
148 90 40
148 89 40
149 89 40
149 88 40
150 88 40
150 87 40
151 87 40
151 86 40
152 86 40
152 86 44
152 85 40
152 85 44
153 85 40
153 85 44
153 84 40
153 84 44
154 84 40
154 84 44
154 83 40
154 83 44
155 83 40
155 83 44
155 83 48
155 82 40
155 82 44
156 82 40
156 82 44
156 82 48
156 81 40
156 81 44
156 81 48
157 81 40
157 81 44
157 81 48
157 81 52
157 80 40
157 80 44
157 80 48
158 80 40
158 80 44
158 80 48
158 80 52
158 79 40
158 79 44
158 79 48
159 79 40
159 79 44
159 79 48
159 79 52
159 78 40
159 78 44
159 78 48
160 78 40
160 78 44
160 78 48
161 78 40
161 78 44
161 78 48
161 78 52
161 77 40
161 77 44
161 77 48
162 77 40
162 77 44
162 77 48
162 77 52
162 76 40
162 76 44
162 76 48
163 76 40
163 76 44
163 76 48
163 76 52
164 76 40
164 76 44
164 76 48
164 76 52
164 75 40
164 75 44
164 75 48
165 75 40
165 75 44
165 75 48
165 74 40
165 74 44
166 74 40
166 74 44
167 74 40
167 74 44
167 73 40
168 73 40
168 72 40
169 72 40
170 72 40
170 71 40
171 71 40
171 70 40
172 70 40
172 69 40
173 69 40
173 68 40
174 68 40
174 67 40
174 66 40
174 65 40
174 64 40
174 63 40
174 62 40
174 61 40
174 60 40
174 59 40
174 58 40
174 57 40
174 56 40
174 55 40
174 54 40
174 53 40
174 52 40
174 51 40
174 50 40
174 49 40
174 48 40
28 79 40
29 79 40
30 79 40
31 79 40
32 79 40
33 79 40
34 79 40
35 79 40
36 79 40
37 79 40
38 79 40
39 79 40
40 79 40
41 79 40
42 79 40
43 79 40
43 79 44
44 79 40
44 79 44
45 79 40
45 79 44
45 79 48
46 79 40
46 79 44
46 79 48
47 79 40
47 79 44
47 79 48
48 79 40
48 79 44
49 79 40
49 79 44
49 78 40
49 78 44
50 78 40
50 78 44
50 77 40
50 77 44
51 77 40
51 77 44
51 76 40
51 76 44
52 76 40
52 76 44
53 76 40
53 76 44
53 75 40
53 75 44
54 75 40
54 75 44
54 74 40
54 74 44
55 74 40
55 74 44
55 73 40
55 73 44
56 73 40
56 73 44
56 72 40
56 72 44
57 72 40
57 72 44
57 71 40
58 71 40
58 70 40
59 70 40
59 69 40
60 69 40
61 69 40
61 68 40
62 68 40
62 67 40
63 67 40
63 66 40
64 66 40
65 66 40
65 65 40
66 65 40
66 64 40
67 64 40
68 64 40
68 63 40
69 63 40
70 63 40
70 62 40
71 62 40
72 62 40
73 62 40
73 61 40
74 61 40
74 60 40
74 59 40
74 58 40
74 57 40
74 56 40
74 55 40
74 54 40
74 53 40
74 52 40
74 51 40
74 50 40
74 49 40
74 48 40
74 47 40
74 46 40
74 45 40
74 44 40
74 43 40
74 43 44
74 42 40
74 42 44
74 41 40
74 41 44
74 40 40
74 40 44
74 39 40
74 39 44
74 39 48
74 38 40
74 38 44
74 38 48
74 37 40
74 37 44
74 36 40
74 36 44
74 35 40
74 34 40
74 33 40
74 32 40
74 31 40
74 30 40
74 29 40
74 28 40
74 27 40
74 26 40
74 25 40
74 24 40
74 23 40
74 22 40
74 21 40
74 20 40
74 19 40
74 18 40
74 17 40
74 16 40
74 15 40
74 14 40
73 14 40
72 14 40
71 14 40
70 14 40
69 14 40
68 14 40
67 14 40
66 14 40
65 14 40
64 14 40
63 14 40
62 14 40
61 14 40
60 14 40
59 14 40
58 14 40
57 14 40
56 14 40
55 14 40
54 14 40
53 14 40
52 14 40
86 170 40
86 170 44
86 171 40
86 171 44
86 172 40
86 172 44
86 173 40
86 173 44
86 174 40
86 174 44
86 174 48
86 175 40
86 175 44
86 175 48
86 175 52
86 176 40
86 176 44
86 176 48
86 176 52
86 176 56
87 176 40
87 176 44
87 176 48
88 176 40
88 176 44
88 176 48
89 176 40
89 176 44
90 176 40
91 176 40
92 176 40
93 176 40
94 176 40
95 176 40
96 176 40
97 176 40
98 176 40
99 176 40
100 176 40
101 176 40
102 176 40
103 176 40
104 176 40
105 176 40
106 176 40
107 176 40
107 175 40
108 175 40
109 175 40
110 175 40
110 174 40
110 173 40
111 173 40
111 172 40
111 171 40
111 170 40
111 169 40
111 168 40
111 167 40
111 166 40
111 165 40
111 164 40
111 163 40
111 162 40
112 162 40
112 161 40
112 160 40
112 159 40
112 158 40
112 157 40
112 156 40
113 156 40
113 155 40
113 154 40
114 154 40
115 154 40
115 154 44
115 153 40
115 153 44
116 153 40
116 153 44
117 153 40
117 153 44
117 153 48
117 152 40
117 152 44
118 152 40
118 152 44
118 152 48
119 152 40
119 152 44
119 152 48
120 152 40
120 152 44
120 152 48
120 151 40
120 151 44
120 151 48
121 151 40
121 151 44
121 151 48
122 151 40
122 151 44
122 151 48
122 150 40
122 150 44
122 150 48
123 150 40
123 150 44
123 150 48
124 150 40
124 150 44
124 150 48
124 149 40
124 149 44
125 149 40
125 149 44
125 148 40
125 148 44
126 148 40
126 148 44
127 148 40
127 147 40
128 147 40
128 146 40
129 146 40
130 146 40
130 145 40
131 145 40
131 144 40
132 144 40
132 143 40
133 143 40
133 142 40
134 142 40
134 141 40
135 141 40
135 140 40
136 140 40
136 139 40
137 139 40
138 139 40
138 138 40
139 138 40
139 137 40
140 137 40
140 136 40
141 136 40
142 136 40
142 135 40
143 135 40
143 134 40
144 134 40
145 134 40
145 133 40
146 133 40
147 133 40
147 132 40
148 132 40
149 132 40
149 131 40
150 131 40
150 130 40
151 130 40
151 129 40
151 128 40
151 127 40
151 126 40
151 125 40
151 124 40
151 123 40
151 122 40
151 121 40
151 120 40
151 119 40
151 118 40
151 117 40
151 116 40
151 115 40
151 114 40
151 113 40
151 112 40
151 111 40
151 110 40
151 109 40
151 108 40
151 107 40
150 107 40
150 106 40
149 106 40
149 105 40
148 105 40
148 104 40
147 104 40
147 103 40
146 103 40
146 102 40
145 102 40
145 101 40
144 101 40
144 100 40
144 99 40
144 98 40
144 97 40
144 96 40
144 95 40
