0 0 100
0 20 100
0 40 100
0 60 100
0 80 100
0 100 100
0 120 100
0 140 100
0 160 100
0 180 100
0 199 100
11 10 100
11 30 100
11 50 100
11 70 100
11 90 100
11 110 100
11 130 100
11 150 100
11 170 100
11 190 100
22 0 100
22 20 100
22 40 100
22 60 100
22 80 100
22 100 100
22 120 100
22 140 100
22 160 100
22 180 100
22 199 100
33 10 100
33 30 100
33 50 100
33 70 100
33 90 100
33 110 100
33 130 100
33 150 100
33 170 100
33 190 100
44 0 100
44 20 100
44 40 100
44 60 100
44 80 100
44 100 100
44 120 100
44 140 100
44 160 100
44 180 100
44 199 100
55 10 100
55 30 100
55 50 100
55 70 100
55 90 100
55 110 100
55 130 100
55 150 100
55 170 100
55 190 100
66 0 100
66 20 100
66 40 100
66 60 100
66 80 100
66 100 100
66 120 100
66 140 100
66 160 100
66 180 100
66 199 100
77 10 100
77 30 100
77 50 100
77 70 100
77 90 100
77 110 100
77 130 100
77 150 100
77 170 100
77 190 100
88 0 100
88 20 100
88 40 100
88 60 100
88 80 100
88 100 100
88 120 100
88 140 100
88 160 100
88 180 100
88 199 100
99 10 100
99 30 100
99 50 100
99 70 100
99 90 100
99 110 100
99 130 100
99 150 100
99 170 100
99 190 100
110 0 100
110 20 100
110 40 100
110 60 100
110 80 100
110 100 100
110 120 100
110 140 100
110 160 100
110 180 100
110 199 100
121 10 100
121 30 100
121 50 100
121 70 100
121 90 100
121 110 100
121 130 100
121 150 100
121 170 100
121 190 100
132 0 100
132 20 100
132 40 100
132 60 100
132 80 100
132 100 100
132 120 100
132 140 100
132 160 100
132 180 100
132 199 100
143 10 100
143 30 100
143 50 100
143 70 100
143 90 100
143 110 100
143 130 100
143 150 100
143 170 100
143 190 100
154 0 100
154 20 100
154 40 100
154 60 100
154 80 100
154 100 100
154 120 100
154 140 100
154 160 100
154 180 100
154 199 100
165 10 100
165 30 100
165 50 100
165 70 100
165 90 100
165 110 100
165 130 100
165 150 100
165 170 100
165 190 100
176 0 100
176 20 100
176 40 100
176 60 100
176 80 100
176 100 100
176 120 100
176 140 100
176 160 100
176 180 100
176 199 100
187 10 100
187 30 100
187 50 100
187 70 100
187 90 100
187 110 100
187 130 100
187 150 100
187 170 100
187 190 100
198 0 100
198 20 100
198 40 100
198 60 100
198 80 100
198 100 100
198 120 100
198 140 100
198 160 100
198 180 100
198 199 100
0 0 100
0 20 100
11 10 100
11 30 100
11 50 100
11 130 100
11 150 100
11 170 100
22 0 100
22 40 100
22 60 100
22 80 100
22 140 100
22 160 100
22 199 100
33 50 100
33 70 100
33 90 100
33 110 100
33 130 100
33 150 100
33 170 100
33 190 100
44 40 100
44 60 100
44 80 100
44 100 100
44 120 100
44 140 100
44 160 100
44 199 100
55 50 100
55 70 100
55 90 100
55 110 100
55 130 100
55 150 100
66 20 100
66 60 100
66 80 100
66 100 100
66 120 100
66 140 100
77 10 100
77 30 100
77 90 100
77 110 100
77 130 100
77 190 100
88 0 100
88 20 100
88 80 100
88 100 100
88 120 100
88 199 100
99 10 100
99 110 100
99 190 100
110 0 100
110 100 100
110 180 100
110 199 100
121 90 100
121 110 100
121 170 100
121 190 100
132 0 100
132 80 100
132 100 100
132 120 100
132 180 100
132 199 100
143 10 100
143 70 100
143 90 100
143 110 100
143 130 100
143 170 100
143 190 100
154 0 100
154 20 100
154 60 100
154 80 100
154 100 100
154 120 100
154 140 100
154 160 100
165 10 100
165 70 100
165 90 100
165 110 100
165 130 100
165 150 100
165 170 100
176 0 100
176 100 100
176 120 100
176 140 100
176 160 100
187 70 100
187 130 100
187 150 100
198 0 100
198 60 100
198 140 100
198 160 100
198 199 100
99 2 40
99 2 56
99 2 72
99 2 88
99 2 104
149 53 40
116 73 40
122 155 40
0 103 40
96 170 40
2 37 40
2 37 56
184 56 40
184 56 56
197 164 40
197 164 56
197 164 72
197 164 88
130 28 40
57 43 40
57 43 56
57 43 72
57 43 88
130 29 40
130 30 40
130 31 40
130 32 40
130 33 40
130 34 40
130 35 40
130 36 40
130 37 40
130 38 40
130 39 40
130 40 40
130 41 40
131 41 40
132 41 40
133 41 40
134 41 40
135 41 40
136 41 40
137 41 40
138 41 40
139 41 40
140 41 40
141 41 40
141 42 40
142 42 40
142 43 40
143 43 40
144 43 40
144 44 40
145 44 40
146 44 40
147 44 40
148 44 40
149 44 40
149 45 40
149 46 40
149 47 40
149 48 40
149 49 40
149 50 40
149 51 40
149 52 40
116 72 40
116 71 40
116 70 40
116 69 40
116 68 40
116 67 40
116 66 40
116 65 40
116 64 40
116 63 40
116 62 40
116 61 40
116 60 40
116 59 40
116 58 40
116 57 40
116 56 40
116 55 40
116 54 40
116 53 40
116 52 40
116 51 40
116 50 40
116 49 40
117 49 40
118 49 40
118 48 40
118 47 40
118 46 40
119 46 40
120 46 40
121 46 40
122 46 40
122 45 40
122 44 40
123 44 40
123 43 40
124 43 40
124 42 40
124 41 40
125 41 40
126 41 40
127 41 40
128 41 40
129 41 40
183 56 40
183 56 56
182 56 40
182 56 56
181 56 40
181 56 56
180 56 40
180 56 56
180 55 40
180 55 56
180 54 40
180 54 56
180 53 40
180 53 56
180 52 40
180 52 56
180 51 40
180 51 56
180 50 40
180 50 56
180 49 40
180 49 56
179 49 40
179 49 56
178 49 40
178 49 56
178 48 40
178 48 56
177 48 40
177 48 56
176 48 40
176 48 56
176 47 40
176 47 56
176 46 40
176 46 56
175 46 40
175 46 56
174 46 40
174 46 56
174 45 40
174 45 56
173 45 40
173 45 56
173 44 40
172 44 40
171 44 40
170 44 40
169 44 40
168 44 40
167 44 40
166 44 40
165 44 40
164 44 40
163 44 40
162 44 40
161 44 40
160 44 40
159 44 40
158 44 40
157 44 40
156 44 40
155 44 40
154 44 40
153 44 40
152 44 40
151 44 40
150 44 40
122 154 40
122 153 40
122 152 40
122 151 40
122 150 40
122 149 40
122 148 40
122 147 40
122 146 40
121 146 40
121 145 40
120 145 40
120 144 40
120 143 40
119 143 40
118 143 40
117 143 40
116 143 40
115 143 40
114 143 40
114 142 40
113 142 40
113 141 40
113 140 40
112 140 40
111 140 40
111 139 40
111 138 40
111 137 40
111 136 40
111 135 40
111 134 40
110 134 40
110 133 40
109 133 40
109 132 40
108 132 40
108 131 40
108 130 40
108 129 40
108 128 40
108 127 40
108 126 40
108 125 40
108 124 40
108 123 40
108 123 56
108 122 40
108 122 56
107 122 40
107 122 56
107 121 40
107 121 56
107 120 40
107 120 56
107 119 40
107 119 56
107 118 40
107 118 56
106 118 40
106 118 56
106 117 40
106 117 56
106 116 40
106 116 56
106 115 40
106 115 56
106 114 40
106 114 56
106 113 40
106 113 56
106 112 40
106 112 56
106 111 40
106 111 56
106 110 40
106 110 56
106 109 40
106 109 56
106 108 40
106 108 56
106 108 72
106 107 40
106 107 56
106 107 72
106 106 40
106 106 56
106 106 72
106 105 40
106 105 56
106 105 72
106 104 40
106 104 56
106 104 72
106 103 40
106 103 56
106 103 72
106 102 40
106 102 56
106 102 72
106 102 88
106 101 40
106 101 56
106 101 72
106 101 88
106 100 40
106 100 56
106 100 72
106 100 88
106 99 40
106 99 56
106 99 72
106 98 40
106 98 56
106 98 72
106 97 40
106 97 56
106 97 72
106 96 40
106 96 56
106 96 72
106 95 40
106 95 56
106 95 72
106 94 40
106 94 56
106 93 40
106 93 56
106 92 40
106 92 56
106 91 40
106 91 56
106 90 40
106 89 40
106 88 40
106 87 40
107 87 40
107 86 40
107 85 40
108 85 40
108 84 40
108 83 40
109 83 40
109 82 40
109 81 40
110 81 40
110 79 40
110 78 40
111 78 40
111 77 40
111 76 40
112 76 40
112 75 40
112 74 40
113 74 40
113 73 40
114 73 40
115 73 40
96 169 40
96 168 40
96 167 40
96 166 40
96 165 40
96 164 40
96 163 40
96 162 40
97 162 40
98 162 40
99 162 40
100 162 40
100 161 40
101 161 40
102 161 40
103 161 40
104 161 40
105 161 40
105 160 40
106 160 40
106 159 40
106 158 40
106 157 40
106 156 40
107 156 40
108 156 40
108 155 40
109 155 40
110 155 40
111 155 40
112 155 40
113 155 40
114 155 40
115 155 40
116 155 40
117 155 40
118 155 40
119 155 40
120 155 40
121 155 40
58 43 40
58 43 56
58 43 72
59 43 40
59 43 56
59 43 72
60 43 40
60 43 56
60 43 72
61 43 40
61 43 56
61 43 72
62 43 40
62 43 56
62 43 72
63 43 40
63 43 56
63 43 72
64 43 40
64 43 56
65 43 40
65 43 56
66 43 40
66 43 56
67 43 40
67 43 56
68 43 40
68 43 56
69 43 40
69 43 56
70 43 40
70 43 56
70 44 40
70 44 56
71 44 40
71 44 56
71 45 40
71 45 56
72 45 40
72 45 56
72 46 40
72 46 56
73 46 40
73 46 56
74 46 40
74 46 56
74 47 40
74 47 56
75 47 40
75 47 56
76 47 40
76 47 56
76 48 40
76 48 56
77 48 40
77 48 56
78 48 40
78 48 56
79 48 40
79 48 56
79 49 40
79 49 56
80 49 40
80 49 56
81 49 40
81 49 56
82 49 40
83 49 40
84 49 40
85 49 40
86 49 40
87 49 40
88 49 40
89 49 40
90 49 40
91 49 40
92 49 40
93 49 40
94 49 40
95 49 40
96 49 40
97 49 40
98 49 40
99 49 40
100 49 40
101 49 40
102 49 40
103 49 40
104 49 40
105 49 40
106 49 40
107 49 40
108 49 40
109 49 40
110 49 40
111 49 40
112 49 40
113 49 40
114 49 40
115 49 40
3 37 40
3 37 56
4 37 40
4 37 56
5 37 40
5 37 56
6 37 40
6 37 56
7 37 40
7 37 56
7 37 72
8 37 40
8 37 56
8 37 72
8 36 40
8 36 56
8 36 72
9 36 40
9 36 56
9 36 72
9 35 40
9 35 56
9 35 72
10 35 40
10 35 56
10 35 72
11 35 40
11 35 56
11 35 72
11 34 40
11 34 56
11 34 72
12 34 40
12 34 56
12 34 72
13 34 40
13 34 56
13 34 72
13 33 40
13 33 56
13 33 72
14 33 40
14 33 56
14 33 72
15 33 40
15 33 56
15 32 40
15 32 56
16 32 40
16 32 56
17 32 40
17 32 56
17 31 40
17 31 56
18 31 40
18 31 56
19 31 40
19 31 56
19 30 40
19 30 56
20 30 40
20 29 40
21 29 40
21 28 40
21 27 40
22 27 40
22 26 40
23 26 40
23 25 40
24 25 40
25 25 40
26 25 40
27 25 40
28 25 40
29 25 40
30 25 40
31 25 40
32 25 40
33 25 40
34 25 40
35 25 40
36 25 40
37 25 40
38 25 40
39 25 40
40 25 40
41 25 40
42 25 40
43 25 40
44 25 40
45 25 40
46 25 40
47 25 40
48 25 40
49 25 40
50 25 40
51 25 40
52 25 40
53 25 40
54 25 40
55 25 40
56 25 40
56 26 40
57 26 40
57 26 56
57 27 40
57 27 56
58 27 40
58 27 56
58 28 40
58 28 56
58 29 40
58 29 56
59 29 40
59 29 56
59 29 72
59 30 40
59 30 56
59 30 72
60 30 40
60 30 56
60 30 72
60 31 40
60 31 56
60 31 72
61 31 40
61 31 56
61 31 72
61 31 88
61 32 40
61 32 56
61 32 72
61 32 88
61 33 40
61 33 56
61 33 72
62 33 40
62 33 56
62 33 72
62 33 88
62 34 40
62 34 56
62 34 72
62 35 40
62 35 56
62 35 72
63 35 40
63 35 56
63 35 72
63 36 40
63 36 56
63 36 72
63 37 40
63 37 56
63 37 72
64 37 40
64 37 56
64 37 72
64 38 40
64 38 56
64 38 72
65 38 40
65 38 56
65 39 40
65 39 56
65 40 40
65 40 56
65 41 40
65 41 56
65 42 40
65 42 56
0 102 40
0 101 40
0 99 40
0 98 40
0 97 40
0 96 40
0 95 40
0 94 40
0 93 40
0 92 40
0 91 40
0 90 40
0 89 40
0 88 40
0 87 40
0 86 40
0 85 40
0 84 40
0 83 40
0 82 40
0 81 40
0 79 40
0 78 40
0 77 40
0 76 40
0 75 40
0 74 40
0 73 40
0 72 40
0 71 40
0 70 40
0 69 40
0 68 40
0 67 40
0 66 40
0 65 40
0 65 56
0 64 40
0 64 56
0 63 40
0 63 56
0 62 40
0 62 56
0 61 40
0 61 56
0 59 40
0 59 56
0 58 40
0 58 56
0 57 40
0 57 56
0 56 40
0 56 56
0 55 40
0 55 56
0 54 40
0 54 56
0 53 40
0 53 56
0 52 40
0 52 56
0 51 40
0 51 56
0 50 40
0 50 56
0 49 40
0 49 56
0 48 40
0 48 56
0 47 40
0 47 56
0 47 72
0 46 40
0 46 56
0 46 72
0 45 40
0 45 56
0 45 72
0 44 40
0 44 56
0 43 40
0 43 56
0 42 40
0 42 56
0 41 40
0 41 56
1 41 40
1 41 56
1 40 40
1 40 56
2 40 40
2 40 56
2 39 40
2 39 56
2 38 40
2 38 56
197 165 40
197 165 56
197 165 72
197 166 40
197 166 56
197 166 72
197 167 40
197 167 56
197 168 40
197 168 56
197 169 40
197 169 56
197 170 40
197 170 56
197 171 40
197 171 56
197 172 40
197 172 56
197 173 40
197 173 56
197 174 40
197 174 56
197 175 40
197 175 56
197 176 40
197 176 56
197 177 40
197 177 56
197 178 40
197 178 56
197 179 40
197 179 56
197 180 40
196 180 40
195 180 40
194 180 40
193 180 40
192 180 40
191 180 40
190 180 40
189 180 40
188 180 40
187 180 40
186 180 40
185 180 40
184 180 40
183 180 40
182 180 40
181 180 40
180 180 40
179 180 40
178 180 40
177 180 40
175 180 40
174 180 40
173 180 40
172 180 40
171 180 40
170 180 40
169 180 40
168 180 40
167 180 40
166 180 40
165 180 40
164 180 40
163 180 40
162 180 40
161 180 40
161 179 40
161 178 40
161 177 40
161 177 56
161 176 40
161 176 56
161 175 40
161 175 56
161 174 40
161 174 56
161 174 72
161 173 40
161 173 56
161 173 72
161 172 40
161 172 56
161 172 72
161 172 88
161 171 40
161 171 56
161 171 72
161 171 88
161 170 40
161 170 56
161 170 72
161 170 88
161 169 40
161 169 56
161 169 72
161 169 88
161 168 40
161 168 56
161 168 72
161 168 88
160 168 40
160 168 56
160 168 72
160 168 88
160 168 104
160 167 40
160 167 56
160 167 72
160 167 88
160 167 104
160 166 40
160 166 56
160 166 72
160 166 88
160 166 104
159 166 40
159 166 56
159 166 72
159 166 88
159 166 104
159 165 40
159 165 56
159 165 72
159 165 88
159 165 104
158 165 40
158 165 56
158 165 72
158 165 88
158 165 104
158 164 40
158 164 56
158 164 72
158 164 88
158 164 104
157 164 40
157 164 56
157 164 72
157 164 88
157 164 104
157 163 40
157 163 56
157 163 72
157 163 88
156 163 40
156 163 56
156 163 72
156 163 88
156 162 40
156 162 56
156 162 72
156 162 88
155 162 40
155 162 56
155 162 72
155 162 88
155 161 40
155 161 56
155 161 72
155 161 88
154 161 40
154 161 56
154 161 72
153 160 40
153 160 56
153 160 72
153 159 40
153 159 56
153 159 72
152 159 40
152 159 56
152 158 40
152 158 56
151 158 40
151 158 56
151 157 40
151 157 56
150 157 40
150 157 56
149 157 40
149 157 56
149 156 40
149 156 56
148 156 40
148 156 56
147 156 40
147 156 56
147 155 40
147 155 56
146 155 40
146 155 56
145 155 40
145 155 56
144 155 40
144 155 56
143 155 40
143 155 56
142 155 40
142 155 56
141 155 40
141 155 56
140 155 40
140 155 56
139 155 40
139 155 56
138 155 40
138 155 56
137 155 40
137 155 56
137 154 40
137 154 56
136 154 40
136 154 56
135 154 40
134 154 40
133 154 40
132 154 40
131 154 40
130 154 40
129 154 40
128 154 40
127 154 40
126 154 40
125 154 40
124 154 40
123 154 40
