0 0 100
0 20 100
0 40 100
0 60 100
0 80 100
0 100 100
0 120 100
0 140 100
0 160 100
0 180 100
0 199 100
11 10 100
11 30 100
11 50 100
11 70 100
11 90 100
11 110 100
11 130 100
11 150 100
11 170 100
11 190 100
22 0 100
22 20 100
22 40 100
22 60 100
22 80 100
22 100 100
22 120 100
22 140 100
22 160 100
22 180 100
22 199 100
33 10 100
33 30 100
33 50 100
33 70 100
33 90 100
33 110 100
33 130 100
33 150 100
33 170 100
33 190 100
44 0 100
44 20 100
44 40 100
44 60 100
44 80 100
44 100 100
44 120 100
44 140 100
44 160 100
44 180 100
44 199 100
55 10 100
55 30 100
55 50 100
55 70 100
55 90 100
55 110 100
55 130 100
55 150 100
55 170 100
55 190 100
66 0 100
66 20 100
66 40 100
66 60 100
66 80 100
66 100 100
66 120 100
66 140 100
66 160 100
66 180 100
66 199 100
77 10 100
77 30 100
77 50 100
77 70 100
77 90 100
77 110 100
77 130 100
77 150 100
77 170 100
77 190 100
88 0 100
88 20 100
88 40 100
88 60 100
88 80 100
88 100 100
88 120 100
88 140 100
88 160 100
88 180 100
88 199 100
99 10 100
99 30 100
99 50 100
99 70 100
99 90 100
99 110 100
99 130 100
99 150 100
99 170 100
99 190 100
110 0 100
110 20 100
110 40 100
110 60 100
110 80 100
110 100 100
110 120 100
110 140 100
110 160 100
110 180 100
110 199 100
121 10 100
121 30 100
121 50 100
121 70 100
121 90 100
121 110 100
121 130 100
121 150 100
121 170 100
121 190 100
132 0 100
132 20 100
132 40 100
132 60 100
132 80 100
132 100 100
132 120 100
132 140 100
132 160 100
132 180 100
132 199 100
143 10 100
143 30 100
143 50 100
143 70 100
143 90 100
143 110 100
143 130 100
143 150 100
143 170 100
143 190 100
154 0 100
154 20 100
154 40 100
154 60 100
154 80 100
154 100 100
154 120 100
154 140 100
154 160 100
154 180 100
154 199 100
165 10 100
165 30 100
165 50 100
165 70 100
165 90 100
165 110 100
165 130 100
165 150 100
165 170 100
165 190 100
176 0 100
176 20 100
176 40 100
176 60 100
176 80 100
176 100 100
176 120 100
176 140 100
176 160 100
176 180 100
176 199 100
187 10 100
187 30 100
187 50 100
187 70 100
187 90 100
187 110 100
187 130 100
187 150 100
187 170 100
187 190 100
198 0 100
198 20 100
198 40 100
198 60 100
198 80 100
198 100 100
198 120 100
198 140 100
198 160 100
198 180 100
198 199 100
0 0 100
0 60 100
0 80 100
0 140 100
0 160 100
0 180 100
0 199 100
11 30 100
11 70 100
11 90 100
11 130 100
11 150 100
11 170 100
11 190 100
22 40 100
22 60 100
22 100 100
22 120 100
22 140 100
22 160 100
22 180 100
33 50 100
33 70 100
33 90 100
33 110 100
33 130 100
44 0 100
44 20 100
44 80 100
44 100 100
44 120 100
44 160 100
44 180 100
44 199 100
55 10 100
55 90 100
55 110 100
55 130 100
55 170 100
66 0 100
66 20 100
66 60 100
66 80 100
66 140 100
66 160 100
66 199 100
77 30 100
77 50 100
77 130 100
77 150 100
88 0 100
88 20 100
88 60 100
88 80 100
88 100 100
88 140 100
88 180 100
88 199 100
99 10 100
99 30 100
99 70 100
99 90 100
99 110 100
99 130 100
99 150 100
99 190 100
110 20 100
110 40 100
110 80 100
110 100 100
110 120 100
110 160 100
110 180 100
110 199 100
121 10 100
121 50 100
121 90 100
132 0 100
132 20 100
132 60 100
132 80 100
132 100 100
132 120 100
132 140 100
132 160 100
132 199 100
143 10 100
143 30 100
143 90 100
143 110 100
143 170 100
154 0 100
154 20 100
154 40 100
154 80 100
154 120 100
154 160 100
154 180 100
154 199 100
165 50 100
165 70 100
165 110 100
165 130 100
165 150 100
165 170 100
176 20 100
176 60 100
176 80 100
176 120 100
176 140 100
176 160 100
187 50 100
187 90 100
187 110 100
187 190 100
198 0 100
198 20 100
198 40 100
198 60 100
198 80 100
198 100 100
198 120 100
198 180 100
198 199 100
20 84 40
79 6 40
50 31 40
136 48 40
179 99 40
75 80 40
75 80 168
75 80 296
75 80 424
159 148 40
128 107 40
187 138 40
0 37 40
95 157 40
136 47 40
136 46 40
136 45 40
136 44 40
136 43 40
135 43 40
135 42 40
134 42 40
133 42 40
133 41 40
132 41 40
131 40 40
131 39 40
130 39 40
130 38 40
129 38 40
129 37 40
128 37 40
128 36 40
127 36 40
127 35 40
126 35 40
126 34 40
125 34 40
125 33 40
124 33 40
124 32 40
123 32 40
122 32 40
122 31 40
121 31 40
120 30 40
120 29 40
119 29 40
119 28 40
118 28 40
118 27 40
117 27 40
117 26 40
116 26 40
116 25 40
115 25 40
115 24 40
114 24 40
114 23 40
113 23 40
113 23 168
113 22 40
113 22 168
112 22 40
112 22 168
112 21 40
112 21 168
111 21 40
111 21 168
111 20 40
111 20 168
110 19 40
110 19 168
109 19 40
109 19 168
109 18 40
109 18 168
108 18 40
108 18 168
108 17 40
108 17 168
107 17 40
107 17 168
107 16 40
107 16 168
107 15 40
107 15 168
106 15 40
106 15 168
106 14 40
106 14 168
106 13 40
106 13 168
106 12 40
106 12 168
105 12 40
105 12 168
104 12 40
104 12 168
103 12 40
103 12 168
102 12 40
102 12 168
101 12 40
101 12 168
100 12 40
100 12 168
99 12 40
99 12 168
98 12 40
98 12 168
97 12 40
97 12 168
96 12 40
96 12 168
96 12 296
95 12 40
95 12 168
95 12 296
94 12 40
94 12 168
94 12 296
93 12 40
93 12 168
93 12 296
92 12 40
92 12 168
92 12 296
91 12 40
91 12 168
91 12 296
90 12 40
90 12 168
90 12 296
89 12 40
89 12 168
89 12 296
88 12 40
88 12 168
88 12 296
87 12 40
87 12 168
86 12 40
86 12 168
85 12 40
85 12 168
84 12 40
84 12 168
83 12 40
82 12 40
81 12 40
80 12 40
80 12 168
79 12 40
79 12 168
79 11 40
79 11 168
79 10 40
79 9 40
79 8 40
79 7 40
180 99 40
180 98 40
181 98 40
182 98 40
182 98 168
182 97 40
182 97 168
183 97 40
183 97 168
183 96 40
183 96 168
184 96 40
184 96 168
185 96 40
185 96 168
185 95 40
185 95 168
186 95 40
186 95 168
186 94 40
186 94 168
187 94 40
187 94 168
187 93 40
187 93 168
188 93 40
188 93 168
188 93 296
188 92 40
188 92 168
188 92 296
189 92 40
189 92 168
189 92 296
189 91 40
189 91 168
189 91 296
189 90 40
189 90 168
189 90 296
189 89 40
189 89 168
189 89 296
189 88 40
189 88 168
189 88 296
189 87 40
189 87 168
189 87 296
189 86 40
189 86 168
189 86 296
189 85 40
189 85 168
189 85 296
189 84 40
189 84 168
189 84 296
189 83 40
189 83 168
189 83 296
189 82 40
189 82 168
189 82 296
189 81 40
189 81 168
189 81 296
189 80 40
189 80 168
189 79 40
189 79 168
189 78 40
189 78 168
189 77 40
189 77 168
189 76 40
189 75 40
189 74 40
189 73 40
189 72 40
189 71 40
189 70 40
189 69 40
189 68 40
189 67 40
189 67 168
189 66 40
189 66 168
189 65 40
189 65 168
189 64 40
189 64 168
189 64 296
189 63 40
189 63 168
189 63 296
189 63 424
189 62 40
189 62 168
189 62 296
189 62 424
189 61 40
189 61 168
189 61 296
189 61 424
189 61 552
189 60 40
189 60 168
189 60 296
189 60 424
189 60 552
189 59 40
189 59 168
189 59 296
189 59 424
189 59 552
189 58 40
189 58 168
189 58 296
189 58 424
189 58 552
189 57 40
189 57 168
189 57 296
189 57 424
189 57 552
189 56 40
189 56 168
189 56 296
189 56 424
189 56 552
189 55 40
189 55 168
189 55 296
189 55 424
189 55 552
189 54 40
189 54 168
189 54 296
189 54 424
189 53 40
189 53 168
189 53 296
189 53 424
189 52 40
189 52 168
189 52 296
189 52 424
189 51 40
189 51 168
189 51 296
189 51 424
188 51 40
188 51 168
188 51 296
188 50 40
188 50 168
188 50 296
187 49 40
187 49 168
186 49 40
186 49 168
186 48 40
185 48 40
185 47 40
184 47 40
184 46 40
184 45 40
183 45 40
183 44 40
183 43 40
182 43 40
182 42 40
182 41 40
182 40 40
181 40 40
181 39 40
180 39 40
179 39 40
178 39 40
178 38 40
177 38 40
176 38 40
175 38 40
175 37 40
174 37 40
173 37 40
172 37 40
172 36 40
171 36 40
170 36 40
169 36 40
168 36 40
167 36 40
166 36 40
165 36 40
164 36 40
163 36 40
162 36 40
162 37 40
161 37 40
161 38 40
161 38 168
160 38 40
160 38 168
160 39 40
160 39 168
159 39 40
159 39 168
158 39 40
158 39 168
158 40 40
158 40 168
157 40 40
157 40 168
157 41 40
157 41 168
157 41 296
156 41 40
156 41 168
156 41 296
156 42 40
156 42 168
156 42 296
155 42 40
155 42 168
155 43 40
155 43 168
155 43 296
154 43 40
154 43 168
154 44 40
154 44 168
153 44 40
153 44 168
153 45 40
153 45 168
152 45 40
152 45 168
152 46 40
151 46 40
151 47 40
150 47 40
149 47 40
148 47 40
147 47 40
146 47 40
145 47 40
144 47 40
143 47 40
142 47 40
141 47 40
140 47 40
139 47 40
138 47 40
137 47 40
159 147 40
159 146 40
159 145 40
159 144 40
159 143 40
158 143 40
157 143 40
156 143 40
155 143 40
154 143 40
154 142 40
153 142 40
153 141 40
152 141 40
152 140 40
152 139 40
151 139 40
151 138 40
150 138 40
150 137 40
149 137 40
149 136 40
148 136 40
148 135 40
147 135 40
147 134 40
146 134 40
146 133 40
145 133 40
145 132 40
145 131 40
145 130 40
145 129 40
145 128 40
145 127 40
145 126 40
145 125 40
145 124 40
145 123 40
145 123 168
145 122 40
145 122 168
145 121 40
145 121 168
145 120 40
145 120 168
145 119 40
145 119 168
145 118 40
145 118 168
145 117 40
145 117 168
145 116 40
145 116 168
145 115 40
145 115 168
145 114 40
145 114 168
145 113 40
145 113 168
145 112 40
145 112 168
145 111 40
145 111 168
146 111 40
146 111 168
146 111 296
146 110 40
146 110 168
146 110 296
147 110 40
147 110 168
147 110 296
147 109 40
147 109 168
147 109 296
148 109 40
148 109 168
148 109 296
148 108 40
148 108 168
148 108 296
149 108 40
149 108 168
149 108 296
150 108 40
150 108 168
150 108 296
150 108 424
150 107 40
150 107 168
150 107 296
151 107 40
151 107 168
151 107 296
151 106 40
151 106 168
151 106 296
152 106 40
152 106 168
152 106 296
152 105 40
152 105 168
152 105 296
153 105 40
153 105 168
153 105 296
153 104 40
153 104 168
154 104 40
154 104 168
154 103 40
154 103 168
155 103 40
155 103 168
155 102 40
156 102 40
156 101 40
157 101 40
157 100 40
158 100 40
158 99 40
159 99 40
160 99 40
160 98 40
161 98 40
161 97 40
162 97 40
162 96 40
163 96 40
164 96 40
165 96 40
166 96 40
167 96 40
168 96 40
169 96 40
170 96 40
171 96 40
172 96 40
172 97 40
173 97 40
174 97 40
174 98 40
175 98 40
176 98 40
177 98 40
177 99 40
178 99 40
128 108 40
128 109 40
128 110 40
128 111 40
129 111 40
130 111 40
131 111 40
131 111 168
132 111 40
132 111 168
133 111 40
133 111 168
134 111 40
134 111 168
135 111 40
135 111 168
136 111 40
136 111 168
137 111 40
137 111 168
138 111 40
138 111 168
139 111 40
139 111 168
140 111 40
140 111 168
141 111 40
141 111 168
142 111 40
142 111 168
143 111 40
143 111 168
144 111 40
144 111 168
187 137 40
187 136 40
187 135 40
187 134 40
187 133 40
187 132 40
186 132 40
185 132 40
184 132 40
183 132 40
182 132 40
181 132 40
181 132 168
180 132 40
180 132 168
179 132 40
179 132 168
178 132 40
178 132 168
178 132 296
177 132 40
177 132 168
177 132 296
176 132 40
176 132 168
176 132 296
176 132 424
175 132 40
175 132 168
175 132 296
175 132 424
174 132 40
174 132 168
174 132 296
174 132 424
173 132 40
173 132 168
173 132 296
173 132 424
172 132 40
172 132 168
172 132 296
172 132 424
171 132 40
171 132 168
171 132 296
171 132 424
170 132 40
170 132 168
170 132 296
170 132 424
169 132 40
169 132 168
169 132 296
168 132 40
168 132 168
168 132 296
167 132 40
167 132 168
166 132 40
166 132 168
166 133 40
166 133 168
165 133 40
165 133 168
165 134 40
164 134 40
164 135 40
163 135 40
163 136 40
162 136 40
161 136 40
161 137 40
160 137 40
160 138 40
159 138 40
158 138 40
158 139 40
158 140 40
158 141 40
158 142 40
76 80 40
76 80 168
76 80 296
76 80 424
77 80 40
77 80 168
77 80 296
77 81 40
77 81 168
77 81 296
77 81 424
77 82 40
77 82 168
77 82 296
77 82 424
77 83 40
77 83 168
77 83 296
77 83 424
77 84 40
77 84 168
77 84 296
77 84 424
77 85 40
77 85 168
77 85 296
77 86 40
77 86 168
77 86 296
77 87 40
77 87 168
77 87 296
77 88 40
77 88 168
77 89 40
77 89 168
77 91 40
77 92 40
77 93 40
77 94 40
76 94 40
76 95 40
75 95 40
75 96 40
75 97 40
74 97 40
74 98 40
74 99 40
74 100 40
74 101 40
74 102 40
74 103 40
74 104 40
74 105 40
74 106 40
74 107 40
74 108 40
74 109 40
74 110 40
74 111 40
74 112 40
75 112 40
75 113 40
75 114 40
76 114 40
76 114 168
76 115 40
76 115 168
77 115 40
77 115 168
78 115 40
78 115 168
79 115 40
79 115 168
80 115 40
80 115 168
81 115 40
81 115 168
81 116 40
81 116 168
82 116 40
82 116 168
83 116 40
83 116 168
83 117 40
83 117 168
84 117 40
84 117 168
85 117 40
85 117 168
85 118 40
85 118 168
86 118 40
86 119 40
87 119 40
87 120 40
88 121 40
89 121 40
89 122 40
90 122 40
91 122 40
91 123 40
92 123 40
92 124 40
93 124 40
93 125 40
94 125 40
94 126 40
94 126 168
95 126 40
95 126 168
95 127 40
95 127 168
96 127 40
96 127 168
96 128 40
96 128 168
97 128 40
97 128 168
97 129 40
97 129 168
98 129 40
98 129 168
98 130 40
98 130 168
99 131 40
99 131 168
100 131 40
100 131 168
100 132 40
100 132 168
101 132 40
101 132 168
102 132 40
102 132 168
102 133 40
102 133 168
103 133 40
103 133 168
103 134 40
103 134 168
104 134 40
104 134 168
104 135 40
104 135 168
105 135 40
105 135 168
105 136 40
106 136 40
107 136 40
107 137 40
108 137 40
109 137 40
110 137 40
111 137 40
112 137 40
113 137 40
114 137 40
115 137 40
116 137 40
117 137 40
118 137 40
118 136 40
119 136 40
119 135 40
120 135 40
120 134 40
121 134 40
121 133 40
122 133 40
122 132 40
123 132 40
123 132 168
123 131 40
123 131 168
123 130 40
123 130 168
123 129 40
123 129 168
123 128 40
123 128 168
123 127 40
123 127 168
123 127 296
123 126 40
123 126 168
123 126 296
123 125 40
123 125 168
123 125 296
123 124 40
123 124 168
123 124 296
123 123 40
123 123 168
123 123 296
123 122 40
123 122 168
123 122 296
123 121 40
123 121 168
123 121 296
123 120 40
123 120 168
123 120 296
123 119 40
123 119 168
123 118 40
123 118 168
123 117 40
123 117 168
123 116 40
123 115 40
123 114 40
123 113 40
123 112 40
123 111 40
124 111 40
125 111 40
126 111 40
127 111 40
95 158 40
95 159 40
95 160 40
95 161 40
95 162 40
95 163 40
95 164 40
95 165 40
95 166 40
95 167 40
94 167 40
93 167 40
92 167 40
91 167 40
90 167 40
89 167 40
88 167 40
88 168 40
87 168 40
86 168 40
85 168 40
84 168 40
83 168 40
82 168 40
81 168 40
80 168 40
79 168 40
78 168 40
78 168 168
77 168 40
77 168 168
76 168 40
76 168 168
75 168 40
75 168 168
74 168 40
74 168 168
73 168 40
73 168 168
73 168 296
73 167 40
73 167 168
73 167 296
72 167 40
72 167 168
72 167 296
72 166 40
72 166 168
72 166 296
71 166 40
71 166 168
71 166 296
71 166 424
71 165 40
71 165 168
71 165 296
71 165 424
70 165 40
70 165 168
70 165 296
70 165 424
70 164 40
70 164 168
70 164 296
70 164 424
69 164 40
69 164 168
69 164 296
69 164 424
69 163 40
69 163 168
69 163 296
69 163 424
68 163 40
68 163 168
68 163 296
68 162 40
68 162 168
68 162 296
67 162 40
67 162 168
67 162 296
67 161 40
67 161 168
67 161 296
66 161 40
66 161 168
65 160 40
65 160 168
65 159 40
65 159 168
64 159 40
64 159 168
64 158 40
64 158 168
63 158 40
63 158 168
63 157 40
63 157 168
62 157 40
62 157 168
62 156 40
62 156 168
61 156 40
61 156 168
61 155 40
61 155 168
60 155 40
60 155 168
60 154 40
60 154 168
59 154 40
59 154 168
59 153 40
59 153 168
58 153 40
58 153 168
58 152 40
58 152 168
57 152 40
57 152 168
57 151 40
57 151 168
56 151 40
56 151 168
56 150 40
56 150 168
55 149 40
55 149 168
54 149 40
54 149 168
54 148 40
54 148 168
53 148 40
53 148 168
53 147 40
53 147 168
53 147 296
52 147 40
52 147 168
52 147 296
52 146 40
52 146 168
52 146 296
52 145 40
52 145 168
52 145 296
52 144 40
52 144 168
52 144 296
52 143 40
52 143 168
52 143 296
52 142 40
52 142 168
52 142 296
52 141 40
52 141 168
52 141 296
52 140 40
52 140 168
52 139 40
52 139 168
52 138 40
52 138 168
52 137 40
52 137 168
52 136 40
52 136 168
53 136 40
53 136 168
53 135 40
53 135 168
54 135 40
54 135 168
54 134 40
54 134 168
55 134 40
55 134 168
55 133 40
55 133 168
56 133 40
56 133 168
56 132 40
56 132 168
57 132 40
57 132 168
57 131 40
57 131 168
58 131 40
58 131 168
58 130 40
58 130 168
59 130 40
59 130 168
59 129 40
59 129 168
60 129 40
60 129 168
60 128 40
60 128 168
61 128 40
61 128 168
62 128 40
62 128 168
62 127 40
62 127 168
63 127 40
63 127 168
63 126 40
63 126 168
64 126 40
64 126 168
64 125 40
64 125 168
65 125 40
65 125 168
65 124 40
65 124 168
66 124 40
66 124 168
66 123 40
66 123 168
67 123 40
67 123 168
67 122 40
67 122 168
68 122 40
68 122 168
68 121 40
68 121 168
69 121 40
69 121 168
69 120 40
70 120 40
70 119 40
71 119 40
71 118 40
72 118 40
72 117 40
73 117 40
73 116 40
74 116 40
74 116 168
74 115 40
75 115 40
75 115 168
50 32 40
50 33 40
50 34 40
50 35 40
50 36 40
50 37 40
50 38 40
50 39 40
51 39 40
52 39 40
52 40 40
52 41 40
52 42 40
52 43 40
52 44 40
52 45 40
52 46 40
52 47 40
52 48 40
52 49 40
52 50 40
52 51 40
52 52 40
52 53 40
52 54 40
52 55 40
52 56 40
52 57 40
52 58 40
52 59 40
52 60 40
52 61 40
52 62 40
52 63 40
52 64 40
52 65 40
52 66 40
52 67 40
53 67 40
53 68 40
54 68 40
54 69 40
55 69 40
56 70 40
56 71 40
57 71 40
57 72 40
58 72 40
58 72 168
59 72 40
59 72 168
60 72 40
60 72 168
61 72 40
61 72 168
62 72 40
62 72 168
63 72 40
63 72 168
63 72 296
64 72 40
64 72 168
64 72 296
65 72 40
65 72 168
65 72 296
66 72 40
66 72 168
66 72 296
67 72 40
67 72 168
67 72 296
68 72 40
68 72 168
68 72 296
69 72 40
69 72 168
69 72 296
70 72 40
70 72 168
70 72 296
71 72 40
71 72 168
71 72 296
72 72 40
72 72 168
72 72 296
73 72 40
73 72 168
74 72 40
74 72 168
75 72 40
75 72 168
76 72 40
77 72 40
77 73 40
77 74 40
77 75 40
77 75 168
77 76 40
77 76 168
77 77 40
77 77 168
77 78 40
77 78 168
77 79 40
77 79 168
77 79 296
0 36 40
0 35 40
0 34 40
0 33 40
0 32 40
0 31 40
0 30 40
0 29 40
0 28 40
0 27 40
0 26 40
0 25 40
0 24 40
0 23 40
0 22 40
0 21 40
1 20 40
2 20 40
3 20 40
3 19 40
4 19 40
5 19 40
5 18 40
6 18 40
6 17 40
7 17 40
8 17 40
8 16 40
9 16 40
9 15 40
10 15 40
11 15 40
12 15 40
13 15 40
14 15 40
15 15 40
16 15 40
17 15 40
18 15 40
19 15 40
20 15 40
21 15 40
22 15 40
23 15 40
24 15 40
25 15 40
26 15 40
27 15 40
28 15 40
28 16 40
28 17 40
28 17 168
28 18 40
28 18 168
28 19 40
28 19 168
28 20 40
28 20 168
28 21 40
28 21 168
28 22 40
28 22 168
28 23 40
28 23 168
29 23 40
29 23 168
29 24 40
29 24 168
29 25 40
29 25 168
30 25 40
30 25 168
30 26 40
30 26 168
30 27 40
30 27 168
31 27 40
31 27 168
31 28 40
31 28 168
32 28 40
32 28 168
32 29 40
33 29 40
34 30 40
34 31 40
35 31 40
35 32 40
36 32 40
36 32 168
36 33 40
36 33 168
37 33 40
37 33 168
37 34 40
37 34 168
38 34 40
38 34 168
38 35 40
38 35 168
38 35 296
39 35 40
39 35 168
39 35 296
39 36 40
39 36 168
39 36 296
40 36 40
40 36 168
40 36 296
41 36 40
41 36 168
41 36 296
41 37 40
41 37 168
42 37 40
42 37 168
43 37 40
43 37 168
43 38 40
43 38 168
44 38 40
45 38 40
46 38 40
47 38 40
48 38 40
49 38 40
