0 0 100
0 20 100
0 40 100
0 60 100
0 80 100
0 100 100
0 120 100
0 140 100
0 160 100
0 180 100
0 199 100
11 10 100
11 30 100
11 50 100
11 70 100
11 90 100
11 110 100
11 130 100
11 150 100
11 170 100
11 190 100
22 0 100
22 20 100
22 40 100
22 60 100
22 80 100
22 100 100
22 120 100
22 140 100
22 160 100
22 180 100
22 199 100
33 10 100
33 30 100
33 50 100
33 70 100
33 90 100
33 110 100
33 130 100
33 150 100
33 170 100
33 190 100
44 0 100
44 20 100
44 40 100
44 60 100
44 80 100
44 100 100
44 120 100
44 140 100
44 160 100
44 180 100
44 199 100
55 10 100
55 30 100
55 50 100
55 70 100
55 90 100
55 110 100
55 130 100
55 150 100
55 170 100
55 190 100
66 0 100
66 20 100
66 40 100
66 60 100
66 80 100
66 100 100
66 120 100
66 140 100
66 160 100
66 180 100
66 199 100
77 10 100
77 30 100
77 50 100
77 70 100
77 90 100
77 110 100
77 130 100
77 150 100
77 170 100
77 190 100
88 0 100
88 20 100
88 40 100
88 60 100
88 80 100
88 100 100
88 120 100
88 140 100
88 160 100
88 180 100
88 199 100
99 10 100
99 30 100
99 50 100
99 70 100
99 90 100
99 110 100
99 130 100
99 150 100
99 170 100
99 190 100
110 0 100
110 20 100
110 40 100
110 60 100
110 80 100
110 100 100
110 120 100
110 140 100
110 160 100
110 180 100
110 199 100
121 10 100
121 30 100
121 50 100
121 70 100
121 90 100
121 110 100
121 130 100
121 150 100
121 170 100
121 190 100
132 0 100
132 20 100
132 40 100
132 60 100
132 80 100
132 100 100
132 120 100
132 140 100
132 160 100
132 180 100
132 199 100
143 10 100
143 30 100
143 50 100
143 70 100
143 90 100
143 110 100
143 130 100
143 150 100
143 170 100
143 190 100
154 0 100
154 20 100
154 40 100
154 60 100
154 80 100
154 100 100
154 120 100
154 140 100
154 160 100
154 180 100
154 199 100
165 10 100
165 30 100
165 50 100
165 70 100
165 90 100
165 110 100
165 130 100
165 150 100
165 170 100
165 190 100
176 0 100
176 20 100
176 40 100
176 60 100
176 80 100
176 100 100
176 120 100
176 140 100
176 160 100
176 180 100
176 199 100
187 10 100
187 30 100
187 50 100
187 70 100
187 90 100
187 110 100
187 130 100
187 150 100
187 170 100
187 190 100
198 0 100
198 20 100
198 40 100
198 60 100
198 80 100
198 100 100
198 120 100
198 140 100
198 160 100
198 180 100
198 199 100
0 80 100
0 100 100
0 120 100
0 140 100
0 160 100
0 180 100
0 199 100
11 70 100
11 90 100
11 110 100
11 130 100
11 150 100
11 170 100
11 190 100
22 80 100
22 100 100
22 120 100
22 140 100
22 160 100
22 180 100
22 199 100
33 10 100
33 70 100
33 90 100
33 110 100
33 130 100
33 150 100
33 170 100
33 190 100
44 0 100
44 20 100
44 80 100
44 100 100
44 120 100
44 140 100
44 160 100
44 180 100
55 10 100
55 90 100
55 110 100
55 130 100
55 150 100
55 170 100
66 0 100
66 20 100
66 100 100
66 120 100
66 140 100
66 160 100
77 10 100
77 70 100
77 90 100
77 110 100
77 130 100
88 0 100
88 20 100
88 60 100
88 80 100
88 100 100
88 120 100
99 10 100
99 50 100
99 70 100
99 90 100
99 110 100
110 0 100
110 20 100
110 40 100
110 60 100
110 80 100
110 100 100
110 120 100
110 199 100
121 10 100
121 30 100
121 50 100
121 70 100
121 90 100
121 170 100
121 190 100
132 0 100
132 20 100
132 40 100
132 60 100
132 80 100
132 100 100
132 160 100
132 180 100
132 199 100
143 10 100
143 30 100
143 50 100
143 70 100
143 90 100
143 150 100
143 170 100
143 190 100
154 0 100
154 20 100
154 40 100
154 60 100
154 160 100
154 180 100
154 199 100
165 10 100
165 30 100
165 50 100
165 150 100
165 170 100
165 190 100
176 0 100
176 20 100
176 40 100
176 140 100
176 160 100
176 180 100
176 199 100
187 10 100
187 30 100
187 150 100
187 170 100
187 190 100
198 0 100
198 20 100
198 100 100
198 120 100
198 140 100
198 160 100
198 180 100
198 199 100
83 10 40
83 10 44
83 10 48
83 10 52
83 10 56
83 10 60
83 10 64
83 10 68
83 10 72
83 10 76
112 154 40
162 110 40
144 145 40
144 145 44
15 18 40
46 38 40
69 199 40
172 75 40
120 118 40
120 118 44
81 164 40
82 164 40
83 164 40
84 164 40
85 164 40
86 164 40
87 164 40
88 164 40
89 164 40
90 164 40
91 164 40
92 164 40
93 164 40
94 164 40
95 164 40
96 164 40
97 164 40
98 164 40
98 163 40
98 162 40
98 161 40
99 161 40
100 161 40
101 161 40
102 161 40
103 161 40
103 160 40
103 159 40
104 159 40
105 159 40
106 159 40
107 159 40
107 158 40
108 158 40
109 158 40
109 157 40
109 156 40
109 155 40
109 154 40
110 154 40
111 154 40
143 145 40
143 145 44
142 145 40
142 145 44
141 145 40
141 145 44
140 145 40
140 145 44
139 145 40
139 145 44
138 145 40
138 145 44
137 145 40
137 145 44
136 145 40
136 145 44
135 145 40
135 145 44
134 145 40
133 145 40
132 145 40
131 145 40
130 145 40
129 145 40
128 145 40
127 145 40
126 145 40
125 145 40
124 145 40
123 145 40
123 146 40
123 147 40
122 147 40
121 147 40
121 148 40
121 149 40
120 149 40
119 149 40
119 150 40
119 151 40
118 151 40
117 151 40
116 151 40
115 151 40
114 151 40
113 151 40
112 151 40
112 152 40
112 153 40
121 118 40
121 118 44
122 118 40
122 118 44
123 118 40
123 118 44
123 119 40
123 119 44
123 120 40
123 120 44
123 121 40
123 121 44
123 122 40
123 122 44
123 123 40
123 123 44
123 124 40
123 124 44
123 125 40
123 126 40
123 127 40
123 128 40
123 129 40
123 130 40
123 131 40
123 132 40
123 133 40
123 134 40
123 135 40
123 136 40
123 137 40
123 138 40
123 139 40
123 140 40
123 141 40
123 142 40
123 143 40
123 144 40
172 76 40
172 77 40
172 78 40
172 79 40
172 80 40
172 81 40
172 82 40
172 83 40
172 84 40
172 85 40
172 86 40
172 87 40
172 88 40
172 89 40
172 90 40
172 91 40
172 92 40
172 93 40
172 94 40
172 95 40
172 96 40
172 97 40
172 98 40
171 98 40
171 99 40
170 99 40
170 100 40
170 101 40
170 102 40
170 103 40
170 104 40
170 105 40
170 106 40
170 107 40
169 107 40
168 107 40
167 107 40
166 107 40
165 107 40
165 108 40
164 108 40
164 109 40
164 110 40
163 110 40
69 198 40
69 197 40
69 196 40
69 195 40
69 194 40
69 193 40
69 192 40
69 191 40
69 190 40
70 190 40
71 190 40
72 190 40
73 190 40
73 189 40
74 189 40
74 188 40
74 187 40
74 186 40
74 185 40
75 185 40
76 185 40
77 185 40
77 184 40
78 184 40
78 183 40
79 183 40
79 182 40
79 181 40
79 180 40
79 179 40
79 178 40
80 178 40
80 177 40
80 176 40
81 176 40
81 175 40
81 174 40
81 173 40
81 172 40
81 171 40
81 170 40
81 169 40
81 168 40
81 167 40
81 166 40
81 165 40
46 39 40
47 39 40
48 39 40
49 39 40
50 39 40
51 39 40
51 39 44
52 39 40
52 39 44
53 39 40
54 39 40
55 39 40
56 39 40
57 39 40
58 39 40
59 39 40
60 39 40
61 39 40
62 39 40
63 39 40
64 39 40
65 39 40
66 39 40
67 39 40
68 39 40
69 39 40
70 39 40
71 39 40
72 39 40
73 39 40
74 39 40
75 39 40
76 39 40
77 39 40
78 39 40
79 39 40
80 39 40
81 39 40
82 39 40
83 39 40
83 39 44
83 38 40
83 38 44
83 37 40
83 37 44
83 36 40
83 36 44
83 35 40
83 35 44
83 34 40
83 34 44
83 33 40
83 33 44
83 32 40
83 32 44
83 31 40
83 31 44
83 31 48
83 30 40
83 30 44
83 30 48
83 29 40
83 29 44
83 29 48
83 28 40
83 28 44
83 28 48
83 27 40
83 27 44
83 26 40
83 26 44
83 25 40
83 25 44
83 25 48
83 24 40
83 24 44
83 24 48
83 23 40
83 23 44
83 23 48
83 22 40
83 22 44
83 22 48
83 21 40
83 21 44
83 21 48
83 20 40
83 20 44
83 20 48
83 20 52
83 19 40
83 19 44
83 19 48
83 19 52
83 19 56
83 18 40
83 18 44
83 18 48
83 18 52
83 18 56
83 17 40
83 17 44
83 17 48
83 17 52
83 17 56
83 17 60
83 16 40
83 16 44
83 16 48
83 16 52
83 16 56
83 16 60
83 16 64
83 15 40
83 15 44
83 15 48
83 15 52
83 15 56
83 15 60
83 15 64
83 15 68
83 14 40
83 14 44
83 14 48
83 14 52
83 14 56
83 14 60
83 14 64
83 14 68
83 14 72
83 13 40
83 13 44
83 13 48
83 13 52
83 13 56
83 13 60
83 13 64
83 13 68
83 13 72
83 12 40
83 12 44
83 12 48
83 12 52
83 12 56
83 12 60
83 12 64
83 12 68
83 12 72
83 12 76
83 11 40
83 11 44
83 11 48
83 11 52
83 11 56
83 11 60
83 11 64
83 11 68
83 11 72
83 11 76
15 19 40
15 20 40
15 21 40
15 22 40
15 23 40
15 24 40
15 25 40
15 26 40
15 27 40
15 28 40
15 29 40
15 30 40
15 31 40
15 32 40
15 33 40
15 34 40
15 35 40
15 36 40
15 37 40
16 37 40
17 37 40
18 37 40
18 38 40
19 38 40
20 38 40
21 38 40
22 38 40
23 38 40
24 38 40
25 38 40
26 38 40
27 38 40
28 38 40
28 39 40
29 39 40
30 39 40
31 39 40
32 39 40
33 39 40
34 39 40
35 39 40
36 39 40
37 39 40
38 39 40
39 39 40
40 39 40
41 39 40
42 39 40
43 39 40
44 39 40
45 39 40
