0 0 100
0 20 100
0 40 100
0 60 100
0 80 100
0 100 100
0 120 100
0 140 100
0 160 100
0 180 100
0 199 100
11 10 100
11 30 100
11 50 100
11 70 100
11 90 100
11 110 100
11 130 100
11 150 100
11 170 100
11 190 100
22 0 100
22 20 100
22 40 100
22 60 100
22 80 100
22 100 100
22 120 100
22 140 100
22 160 100
22 180 100
22 199 100
33 10 100
33 30 100
33 50 100
33 70 100
33 90 100
33 110 100
33 130 100
33 150 100
33 170 100
33 190 100
44 0 100
44 20 100
44 40 100
44 60 100
44 80 100
44 100 100
44 120 100
44 140 100
44 160 100
44 180 100
44 199 100
55 10 100
55 30 100
55 50 100
55 70 100
55 90 100
55 110 100
55 130 100
55 150 100
55 170 100
55 190 100
66 0 100
66 20 100
66 40 100
66 60 100
66 80 100
66 100 100
66 120 100
66 140 100
66 160 100
66 180 100
66 199 100
77 10 100
77 30 100
77 50 100
77 70 100
77 90 100
77 110 100
77 130 100
77 150 100
77 170 100
77 190 100
88 0 100
88 20 100
88 40 100
88 60 100
88 80 100
88 100 100
88 120 100
88 140 100
88 160 100
88 180 100
88 199 100
99 10 100
99 30 100
99 50 100
99 70 100
99 90 100
99 110 100
99 130 100
99 150 100
99 170 100
99 190 100
110 0 100
110 20 100
110 40 100
110 60 100
110 80 100
110 100 100
110 120 100
110 140 100
110 160 100
110 180 100
110 199 100
121 10 100
121 30 100
121 50 100
121 70 100
121 90 100
121 110 100
121 130 100
121 150 100
121 170 100
121 190 100
132 0 100
132 20 100
132 40 100
132 60 100
132 80 100
132 100 100
132 120 100
132 140 100
132 160 100
132 180 100
132 199 100
143 10 100
143 30 100
143 50 100
143 70 100
143 90 100
143 110 100
143 130 100
143 150 100
143 170 100
143 190 100
154 0 100
154 20 100
154 40 100
154 60 100
154 80 100
154 100 100
154 120 100
154 140 100
154 160 100
154 180 100
154 199 100
165 10 100
165 30 100
165 50 100
165 70 100
165 90 100
165 110 100
165 130 100
165 150 100
165 170 100
165 190 100
176 0 100
176 20 100
176 40 100
176 60 100
176 80 100
176 100 100
176 120 100
176 140 100
176 160 100
176 180 100
176 199 100
187 10 100
187 30 100
187 50 100
187 70 100
187 90 100
187 110 100
187 130 100
187 150 100
187 170 100
187 190 100
198 0 100
198 20 100
198 40 100
198 60 100
198 80 100
198 100 100
198 120 100
198 140 100
198 160 100
198 180 100
198 199 100
0 0 100
0 20 100
0 40 100
0 60 100
0 80 100
0 100 100
0 120 100
0 140 100
0 160 100
0 180 100
11 10 100
11 50 100
11 70 100
11 90 100
11 110 100
11 130 100
11 150 100
11 170 100
11 190 100
22 0 100
22 20 100
22 40 100
22 60 100
22 80 100
22 100 100
22 120 100
22 140 100
22 160 100
22 180 100
22 199 100
33 10 100
33 30 100
33 50 100
33 70 100
33 90 100
33 130 100
33 150 100
33 190 100
44 0 100
44 20 100
44 40 100
44 60 100
44 80 100
44 140 100
44 160 100
44 199 100
55 10 100
55 30 100
55 50 100
55 70 100
55 110 100
55 130 100
55 150 100
55 170 100
55 190 100
66 0 100
66 20 100
66 40 100
66 60 100
66 80 100
66 100 100
66 120 100
66 140 100
66 160 100
66 180 100
66 199 100
77 30 100
77 50 100
77 70 100
77 90 100
77 110 100
77 130 100
77 150 100
77 170 100
77 190 100
88 20 100
88 40 100
88 60 100
88 80 100
88 100 100
88 120 100
88 140 100
88 160 100
99 10 100
99 30 100
99 50 100
99 70 100
99 90 100
99 110 100
99 130 100
99 150 100
99 170 100
110 20 100
110 40 100
110 60 100
110 100 100
110 120 100
110 140 100
121 10 100
121 30 100
121 50 100
132 0 100
132 20 100
132 40 100
132 60 100
143 10 100
143 30 100
143 50 100
143 70 100
154 0 100
154 20 100
154 40 100
154 60 100
154 80 100
154 180 100
154 199 100
165 10 100
165 30 100
165 50 100
165 70 100
165 90 100
165 170 100
165 190 100
176 40 100
176 60 100
176 80 100
176 100 100
176 160 100
176 180 100
176 199 100
187 50 100
187 70 100
187 90 100
187 110 100
187 130 100
187 150 100
187 170 100
187 190 100
198 60 100
198 80 100
198 100 100
198 120 100
198 140 100
198 160 100
198 180 100
198 199 100
5 196 40
5 196 42
5 196 44
36 113 40
136 166 40
92 16 40
92 16 42
92 16 44
92 16 46
92 16 48
92 16 50
93 16 40
93 16 42
93 16 44
93 16 46
93 16 48
93 16 50
94 16 40
94 16 42
94 16 44
94 16 46
94 16 48
95 16 40
95 16 42
95 16 44
95 16 46
95 16 48
96 16 40
96 16 42
96 16 44
96 16 46
96 16 48
97 16 40
97 16 42
97 16 44
97 16 46
97 16 48
98 16 40
98 16 42
98 16 44
98 16 46
98 16 48
98 16 50
99 16 40
99 16 42
99 16 44
99 16 46
99 16 48
99 16 50
100 16 40
100 16 42
100 16 44
100 16 46
100 16 48
100 16 50
100 17 40
100 17 42
100 17 44
100 17 46
100 17 48
100 17 50
100 18 40
100 18 42
100 18 44
100 18 46
100 18 48
100 18 50
100 19 40
100 19 42
100 19 44
100 19 46
100 19 48
100 19 50
100 20 40
100 20 42
100 20 44
100 20 46
100 20 48
100 20 50
100 21 40
100 21 42
100 21 44
100 21 46
100 21 48
100 21 50
100 22 40
100 22 42
100 22 44
100 22 46
100 22 48
100 22 50
100 23 40
100 23 42
100 23 44
100 23 46
100 23 48
100 23 50
100 24 40
100 24 42
100 24 44
100 24 46
100 24 48
100 24 50
100 25 40
100 25 42
100 25 44
100 25 46
100 25 48
100 25 50
100 26 40
100 26 42
100 26 44
100 26 46
100 26 48
100 26 50
100 26 52
100 27 40
100 27 42
100 27 44
100 27 46
100 27 48
100 27 50
100 27 52
100 28 40
100 28 42
100 28 44
100 28 46
100 28 48
100 28 50
100 28 52
100 28 54
100 29 40
100 29 42
100 29 44
100 29 46
100 29 48
100 29 50
100 29 52
100 29 54
100 29 56
100 30 40
100 30 42
100 30 44
100 30 46
100 30 48
100 30 50
100 30 52
100 30 54
100 30 56
100 30 58
100 31 40
100 31 42
100 31 44
100 31 46
100 31 48
100 31 50
100 31 52
100 31 54
100 31 56
100 31 58
100 31 60
100 32 40
100 32 42
100 32 44
100 32 46
100 32 48
100 32 50
100 32 52
100 32 54
100 32 56
100 32 58
100 32 60
100 32 62
100 32 64
100 33 40
100 33 42
100 33 44
100 33 46
100 33 48
100 33 50
100 33 52
100 33 54
100 33 56
100 33 58
100 33 60
100 33 62
100 33 64
100 33 66
100 34 40
100 34 42
100 34 44
100 34 46
100 34 48
100 34 50
100 34 52
100 34 54
100 34 56
100 34 58
100 34 60
100 34 62
100 34 64
100 34 66
100 34 68
100 34 70
100 35 40
100 35 42
100 35 44
100 35 46
100 35 48
100 35 50
100 35 52
100 35 54
100 35 56
100 35 58
100 35 60
100 35 62
100 35 64
100 35 66
100 35 68
100 35 70
100 35 72
100 36 40
100 36 42
100 36 44
100 36 46
100 36 48
100 36 50
100 36 52
100 36 54
100 36 56
100 36 58
100 36 60
100 36 62
100 36 64
100 36 66
100 36 68
100 36 70
100 36 72
100 36 74
100 37 40
100 37 42
100 37 44
100 37 46
100 37 48
100 37 50
100 37 52
100 37 54
100 37 56
100 37 58
100 37 60
100 37 62
100 37 64
100 37 66
100 37 68
100 37 70
100 37 72
100 37 74
100 37 76
100 37 78
100 38 40
100 38 42
100 38 44
100 38 46
100 38 48
100 38 50
100 38 52
100 38 54
100 38 56
100 38 58
100 38 60
100 38 62
100 38 64
100 38 66
100 38 68
100 38 70
100 38 72
100 38 74
100 38 76
100 38 78
100 38 80
100 39 40
100 39 42
100 39 44
100 39 46
100 39 48
100 39 50
100 39 52
100 39 54
100 39 56
100 39 58
100 39 60
100 39 62
100 39 64
100 39 66
100 39 68
100 39 70
100 39 72
100 39 74
100 39 76
100 39 78
100 39 80
100 39 82
100 40 40
100 40 42
100 40 44
100 40 46
100 40 48
100 40 50
100 40 52
100 40 54
100 40 56
100 40 58
100 40 60
100 40 62
100 40 64
100 40 66
100 40 68
100 40 70
100 40 72
100 40 74
100 40 76
100 40 78
100 40 80
100 40 82
100 40 84
100 41 40
100 41 42
100 41 44
100 41 46
100 41 48
100 41 50
100 41 52
100 41 54
100 41 56
100 41 58
100 41 60
100 41 62
100 41 64
100 41 66
100 41 68
100 41 70
100 41 72
100 41 74
100 41 76
100 41 78
100 41 80
100 41 82
100 41 84
100 41 86
100 42 40
100 42 42
100 42 44
100 42 46
100 42 48
100 42 50
100 42 52
100 42 54
100 42 56
100 42 58
100 42 60
100 42 62
100 42 64
100 42 66
100 42 68
100 42 70
100 42 72
100 42 74
100 42 76
100 42 78
100 42 80
100 42 82
100 42 84
100 42 86
100 43 40
100 43 42
100 43 44
100 43 46
100 43 48
100 43 50
100 43 52
100 43 54
100 43 56
100 43 58
100 43 60
100 43 62
100 43 64
100 43 66
100 43 68
100 43 70
100 43 72
100 43 74
100 43 76
100 43 78
100 43 80
100 43 82
100 43 84
100 43 86
100 43 88
100 44 40
100 44 42
100 44 44
100 44 46
100 44 48
100 44 50
100 44 52
100 44 54
100 44 56
100 44 58
100 44 60
100 44 62
100 44 64
100 44 66
100 44 68
100 44 70
100 44 72
100 44 74
100 44 76
100 44 78
100 44 80
100 44 82
100 44 84
100 44 86
100 45 40
100 45 42
100 45 44
100 45 46
100 45 48
100 45 50
100 45 52
100 45 54
100 45 56
100 45 58
100 45 60
100 45 62
100 45 64
100 45 66
100 45 68
100 45 70
100 45 72
100 45 74
100 45 76
100 45 78
100 45 80
100 45 82
100 45 84
100 46 40
100 46 42
100 46 44
100 46 46
100 46 48
100 46 50
100 46 52
100 46 54
100 46 56
100 46 58
100 46 60
100 46 62
100 46 64
100 46 66
100 46 68
100 46 70
100 46 72
100 46 74
100 46 76
100 46 78
100 46 80
100 46 82
100 47 40
100 47 42
100 47 44
100 47 46
100 47 48
100 47 50
100 47 52
100 47 54
100 47 56
100 47 58
100 47 60
100 47 62
100 47 64
100 47 66
100 47 68
100 47 70
100 47 72
100 47 74
100 47 76
100 47 78
100 48 40
100 48 42
100 48 44
100 48 46
100 48 48
100 48 50
100 48 52
100 48 54
100 48 56
100 48 58
100 48 60
100 48 62
100 48 64
100 48 66
100 48 68
100 48 70
100 48 72
100 48 74
100 49 40
100 49 42
100 49 44
100 49 46
100 49 48
100 49 50
100 49 52
100 49 54
100 49 56
100 49 58
100 49 60
100 49 62
100 49 64
100 49 66
100 49 68
100 49 70
100 50 40
100 50 42
100 50 44
100 50 46
100 50 48
100 50 50
100 50 52
100 50 54
100 50 56
100 50 58
100 50 60
100 50 62
100 50 64
100 50 66
100 51 40
100 51 42
100 51 44
100 51 46
100 51 48
100 51 50
100 51 52
100 51 54
100 51 56
100 51 58
100 51 60
100 51 62
100 51 64
100 52 40
100 52 42
100 52 44
100 52 46
100 52 48
100 52 50
100 52 52
100 52 54
100 52 56
100 52 58
100 52 60
100 53 40
100 53 42
100 53 44
100 53 46
100 53 48
100 53 50
100 53 52
100 53 54
100 53 56
100 53 58
100 54 40
100 54 42
100 54 44
100 54 46
100 54 48
100 54 50
100 54 52
100 54 54
100 55 40
100 55 42
100 55 44
100 55 46
100 55 48
100 55 50
100 55 52
100 56 40
100 56 42
100 56 44
100 56 46
100 56 48
100 56 50
100 57 40
100 57 42
100 57 44
100 57 46
100 57 48
100 58 40
100 58 42
100 58 44
100 58 46
100 59 40
100 59 42
100 59 44
100 59 46
100 60 40
100 60 42
100 60 44
100 60 46
100 61 40
100 61 42
100 61 44
100 61 46
100 62 40
100 62 42
100 62 44
100 63 40
100 63 42
100 63 44
100 63 46
100 64 40
100 64 42
100 64 44
100 64 46
100 65 40
100 65 42
100 65 44
100 65 46
100 66 40
100 66 42
100 66 44
100 66 46
100 67 40
100 67 42
100 67 44
100 67 46
100 68 40
100 68 42
100 68 44
100 68 46
100 69 40
100 69 42
100 69 44
100 69 46
100 70 40
100 70 42
100 70 44
100 70 46
100 71 40
100 71 42
100 71 44
100 71 46
100 72 40
100 72 42
100 72 44
100 72 46
100 72 48
100 73 40
100 73 42
100 73 44
100 73 46
100 73 48
100 74 40
100 74 42
100 74 44
100 74 46
100 74 48
100 75 40
100 75 42
100 75 44
100 75 46
100 75 48
100 76 40
100 76 42
100 76 44
100 76 46
100 76 48
100 77 40
100 77 42
100 77 44
100 77 46
100 77 48
100 78 40
100 78 42
100 78 44
100 78 46
100 78 48
101 78 40
101 78 42
101 78 44
101 78 46
101 78 48
101 79 40
101 79 42
101 79 44
101 79 46
102 79 40
102 79 42
102 79 44
102 79 46
103 79 40
103 79 42
103 79 44
103 79 46
104 79 40
104 79 42
104 79 44
104 80 40
104 80 42
104 80 44
105 80 40
105 80 42
105 80 44
106 80 40
106 80 42
106 80 44
107 80 40
107 80 42
108 80 40
108 80 42
108 81 40
108 81 42
109 81 40
109 81 42
110 81 40
110 81 42
111 81 40
111 81 42
112 81 40
113 81 40
113 82 40
114 82 40
115 82 40
116 82 40
117 82 40
118 82 40
119 82 40
120 82 40
121 82 40
121 83 40
122 83 40
122 84 40
123 84 40
124 84 40
124 85 40
125 85 40
125 86 40
126 86 40
126 87 40
127 87 40
127 88 40
128 88 40
128 89 40
129 89 40
129 90 40
130 90 40
130 91 40
131 91 40
131 92 40
131 93 40
132 93 40
132 94 40
133 94 40
133 95 40
133 96 40
133 97 40
133 98 40
133 99 40
133 100 40
133 101 40
133 102 40
133 103 40
133 104 40
133 105 40
133 106 40
133 107 40
133 108 40
133 109 40
134 109 40
134 110 40
134 111 40
134 112 40
134 113 40
135 113 40
135 114 40
135 115 40
135 116 40
135 117 40
135 118 40
135 119 40
135 120 40
135 121 40
135 122 40
135 123 40
135 124 40
135 125 40
135 126 40
135 127 40
135 128 40
135 129 40
135 130 40
135 131 40
135 132 40
135 133 40
135 134 40
135 135 40
135 136 40
135 137 40
135 138 40
135 139 40
135 140 40
135 141 40
135 142 40
135 143 40
135 144 40
135 145 40
135 146 40
135 147 40
135 148 40
135 149 40
135 150 40
135 151 40
135 152 40
135 153 40
135 154 40
135 155 40
135 156 40
135 157 40
135 158 40
135 159 40
135 160 40
135 161 40
135 162 40
135 163 40
135 164 40
135 165 40
135 166 40
