0 0 100
0 20 100
0 40 100
0 60 100
0 80 100
0 100 100
0 120 100
0 140 100
0 160 100
0 180 100
0 199 100
11 10 100
11 30 100
11 50 100
11 70 100
11 90 100
11 110 100
11 130 100
11 150 100
11 170 100
11 190 100
22 0 100
22 20 100
22 40 100
22 60 100
22 80 100
22 100 100
22 120 100
22 140 100
22 160 100
22 180 100
22 199 100
33 10 100
33 30 100
33 50 100
33 70 100
33 90 100
33 110 100
33 130 100
33 150 100
33 170 100
33 190 100
44 0 100
44 20 100
44 40 100
44 60 100
44 80 100
44 100 100
44 120 100
44 140 100
44 160 100
44 180 100
44 199 100
55 10 100
55 30 100
55 50 100
55 70 100
55 90 100
55 110 100
55 130 100
55 150 100
55 170 100
55 190 100
66 0 100
66 20 100
66 40 100
66 60 100
66 80 100
66 100 100
66 120 100
66 140 100
66 160 100
66 180 100
66 199 100
77 10 100
77 30 100
77 50 100
77 70 100
77 90 100
77 110 100
77 130 100
77 150 100
77 170 100
77 190 100
88 0 100
88 20 100
88 40 100
88 60 100
88 80 100
88 100 100
88 120 100
88 140 100
88 160 100
88 180 100
88 199 100
99 10 100
99 30 100
99 50 100
99 70 100
99 90 100
99 110 100
99 130 100
99 150 100
99 170 100
99 190 100
110 0 100
110 20 100
110 40 100
110 60 100
110 80 100
110 100 100
110 120 100
110 140 100
110 160 100
110 180 100
110 199 100
121 10 100
121 30 100
121 50 100
121 70 100
121 90 100
121 110 100
121 130 100
121 150 100
121 170 100
121 190 100
132 0 100
132 20 100
132 40 100
132 60 100
132 80 100
132 100 100
132 120 100
132 140 100
132 160 100
132 180 100
132 199 100
143 10 100
143 30 100
143 50 100
143 70 100
143 90 100
143 110 100
143 130 100
143 150 100
143 170 100
143 190 100
154 0 100
154 20 100
154 40 100
154 60 100
154 80 100
154 100 100
154 120 100
154 140 100
154 160 100
154 180 100
154 199 100
165 10 100
165 30 100
165 50 100
165 70 100
165 90 100
165 110 100
165 130 100
165 150 100
165 170 100
165 190 100
176 0 100
176 20 100
176 40 100
176 60 100
176 80 100
176 100 100
176 120 100
176 140 100
176 160 100
176 180 100
176 199 100
187 10 100
187 30 100
187 50 100
187 70 100
187 90 100
187 110 100
187 130 100
187 150 100
187 170 100
187 190 100
198 0 100
198 20 100
198 40 100
198 60 100
198 80 100
198 100 100
198 120 100
198 140 100
198 160 100
198 180 100
198 199 100
0 40 100
0 60 100
0 100 100
0 120 100
0 140 100
0 160 100
0 180 100
0 199 100
11 10 100
11 30 100
11 50 100
11 110 100
11 130 100
11 150 100
11 170 100
11 190 100
22 0 100
22 20 100
22 40 100
22 60 100
22 80 100
22 100 100
22 120 100
22 140 100
22 160 100
22 180 100
22 199 100
33 10 100
33 30 100
33 70 100
33 90 100
33 130 100
33 150 100
33 170 100
33 190 100
44 0 100
44 20 100
44 60 100
44 80 100
44 140 100
44 160 100
44 180 100
55 10 100
55 30 100
55 50 100
55 70 100
55 150 100
55 170 100
66 0 100
66 20 100
66 40 100
77 10 100
77 30 100
88 0 100
88 20 100
88 100 100
88 160 100
88 199 100
99 10 100
99 30 100
99 90 100
99 110 100
99 130 100
99 150 100
99 170 100
99 190 100
110 0 100
110 20 100
110 40 100
110 60 100
110 80 100
110 100 100
110 120 100
110 140 100
110 160 100
110 180 100
110 199 100
121 10 100
121 30 100
121 70 100
121 90 100
121 110 100
121 130 100
121 150 100
121 170 100
121 190 100
132 0 100
132 20 100
132 80 100
132 100 100
132 120 100
132 199 100
143 10 100
143 30 100
143 90 100
143 110 100
143 130 100
143 190 100
154 20 100
154 40 100
154 100 100
154 120 100
154 140 100
154 180 100
154 199 100
165 10 100
165 30 100
165 50 100
165 110 100
165 130 100
165 150 100
165 170 100
165 190 100
176 0 100
176 20 100
176 40 100
176 120 100
176 140 100
176 160 100
176 180 100
176 199 100
187 10 100
187 30 100
187 50 100
187 70 100
187 130 100
187 150 100
187 170 100
187 190 100
198 0 100
198 20 100
198 40 100
198 60 100
198 80 100
198 140 100
198 160 100
198 180 100
196 193 40
196 193 72
196 193 104
65 99 40
191 127 40
191 127 72
191 127 104
156 2 40
156 2 72
16 69 40
16 69 72
135 179 40
81 189 40
30 116 40
30 116 72
30 116 104
30 116 136
30 116 168
71 67 40
127 52 40
30 49 40
30 49 72
199 2 40
199 2 72
199 2 104
72 67 40
73 67 40
73 68 40
73 69 40
73 70 40
73 71 40
73 72 40
73 73 40
73 74 40
73 75 40
73 76 40
73 77 40
73 78 40
73 79 40
73 80 40
73 81 40
73 82 40
73 83 40
73 84 40
73 85 40
73 86 40
73 87 40
72 87 40
72 88 40
72 89 40
71 89 40
70 89 40
70 90 40
70 91 40
70 92 40
70 93 40
70 94 40
69 94 40
69 95 40
69 96 40
68 96 40
67 96 40
67 97 40
66 97 40
65 97 40
65 98 40
126 52 40
125 52 40
125 53 40
124 53 40
123 53 40
123 54 40
122 54 40
121 54 40
121 55 40
120 55 40
119 55 40
119 55 72
119 56 40
119 56 72
118 56 40
118 56 72
118 57 40
118 57 72
117 57 40
117 57 72
116 57 40
116 57 72
116 58 40
116 58 72
115 58 40
115 58 72
115 59 40
115 59 72
114 59 40
114 59 72
114 59 104
113 59 40
113 59 72
113 59 104
112 59 40
112 59 72
112 59 104
111 59 40
111 59 72
111 59 104
110 59 40
110 59 72
110 59 104
109 59 40
109 59 72
109 59 104
108 59 40
108 59 72
107 59 40
107 59 72
106 59 40
106 59 72
105 59 40
105 59 72
104 59 40
104 59 72
103 59 40
102 59 40
101 59 40
100 59 40
99 59 40
98 59 40
97 59 40
96 59 40
95 59 40
94 59 40
93 59 40
92 59 40
91 59 40
90 59 40
89 59 40
88 59 40
87 59 40
86 59 40
85 59 40
84 59 40
83 59 40
83 60 40
83 61 40
82 61 40
82 62 40
82 63 40
82 64 40
81 64 40
81 65 40
80 65 40
80 66 40
80 67 40
79 67 40
78 67 40
77 67 40
76 67 40
75 67 40
74 67 40
81 188 40
81 187 40
81 186 40
80 186 40
80 185 40
79 185 40
78 185 40
78 184 40
78 183 40
77 183 40
77 182 40
77 181 40
77 180 40
77 179 40
77 178 40
77 177 40
77 176 40
77 175 40
77 174 40
77 173 40
77 172 40
77 171 40
77 169 40
76 169 40
76 168 40
76 167 40
76 166 40
76 165 40
76 164 40
76 163 40
76 162 40
76 161 40
76 160 40
76 159 40
76 158 40
76 157 40
76 156 40
76 156 72
76 155 40
76 155 72
76 154 40
76 154 72
76 153 40
76 153 72
76 152 40
76 152 72
76 151 40
76 151 72
76 150 40
76 150 72
76 149 40
76 149 72
76 148 40
76 148 72
76 147 40
76 147 72
76 146 40
76 146 72
76 145 40
76 145 72
76 144 40
76 144 72
76 143 40
76 143 72
76 142 40
76 142 72
76 141 40
76 140 40
76 139 40
76 138 40
76 137 40
76 136 40
76 135 40
76 134 40
76 133 40
76 132 40
76 131 40
76 130 40
76 129 40
76 128 40
76 127 40
76 126 40
76 125 40
76 124 40
76 123 40
75 123 40
75 122 40
74 122 40
73 122 40
73 121 40
73 120 40
72 120 40
72 119 40
71 119 40
71 118 40
71 117 40
70 117 40
69 117 40
69 116 40
69 115 40
69 114 40
69 113 40
69 112 40
69 111 40
69 110 40
69 109 40
69 108 40
69 107 40
69 106 40
69 105 40
69 104 40
69 103 40
69 102 40
69 101 40
69 100 40
69 99 40
69 98 40
69 97 40
31 116 40
31 116 72
31 116 104
31 116 136
32 116 40
32 116 72
32 116 104
32 116 136
33 116 40
33 116 72
33 116 104
34 116 40
34 116 72
35 116 40
35 116 72
36 116 40
36 116 72
37 116 40
38 116 40
39 116 40
40 116 40
41 116 40
42 116 40
43 116 40
44 116 40
45 116 40
46 116 40
47 116 40
48 116 40
49 116 40
50 116 40
51 116 40
52 116 40
53 116 40
54 116 40
55 116 40
56 116 40
57 116 40
58 116 40
59 116 40
60 116 40
61 116 40
62 116 40
63 116 40
64 116 40
65 116 40
66 116 40
67 116 40
68 116 40
31 49 40
31 49 72
32 49 40
32 49 72
33 49 40
33 49 72
34 49 40
34 49 72
35 49 40
35 49 72
36 49 40
37 49 40
38 49 40
39 49 40
39 50 40
39 51 40
39 52 40
39 53 40
39 53 72
40 53 40
40 53 72
40 54 40
40 54 72
40 55 40
40 55 72
41 55 40
41 55 72
41 56 40
41 56 72
41 57 40
41 57 72
42 57 40
42 57 72
42 58 40
42 58 72
43 58 40
43 58 72
43 59 40
43 59 72
43 59 104
44 59 40
44 59 72
44 59 104
45 60 40
45 60 72
45 60 104
45 61 40
45 61 72
45 61 104
46 61 40
46 61 72
46 61 104
46 62 40
46 62 72
46 62 104
46 62 136
47 62 40
47 62 72
47 62 104
47 62 136
48 62 40
48 62 72
48 62 104
48 62 136
49 62 40
49 62 72
49 62 104
49 62 136
50 62 40
50 62 72
50 62 104
50 62 136
51 62 40
51 62 72
51 62 104
51 62 136
52 62 40
52 62 72
52 62 104
52 62 136
53 62 40
53 62 72
53 62 104
53 62 136
54 62 40
54 62 72
54 62 104
54 62 136
55 62 40
55 62 72
55 62 104
55 62 136
56 62 40
56 62 72
56 62 104
57 62 40
57 62 72
57 62 104
58 62 40
58 62 72
58 62 104
59 62 40
59 62 72
60 62 40
60 62 72
61 62 40
61 62 72
62 62 40
63 62 40
64 62 40
65 62 40
66 62 40
67 62 40
68 62 40
69 62 40
70 62 40
71 62 40
72 62 40
72 63 40
72 64 40
72 65 40
72 66 40
135 178 40
135 177 40
135 176 40
134 176 40
133 176 40
132 176 40
131 176 40
130 176 40
129 176 40
128 176 40
128 176 72
127 176 40
127 176 72
126 176 40
126 176 72
125 176 40
125 176 72
124 176 40
124 176 72
123 176 40
123 176 72
123 176 104
122 176 40
122 176 72
122 176 104
121 176 40
121 176 72
121 176 104
120 176 40
120 176 72
120 176 104
119 176 40
119 176 72
119 176 104
118 176 40
118 176 72
118 176 104
118 177 40
118 177 72
118 177 104
117 177 40
117 177 72
117 177 104
117 178 40
117 178 72
117 178 104
116 178 40
116 178 72
116 178 104
116 179 40
116 179 72
116 179 104
115 179 40
115 179 72
115 179 104
114 179 40
114 179 72
114 179 104
114 180 40
114 180 72
114 180 104
113 180 40
113 180 72
113 180 104
113 181 40
113 181 72
113 181 104
112 181 40
112 181 72
112 181 104
112 182 40
112 182 72
112 182 104
111 182 40
111 182 72
111 182 104
110 182 40
110 182 72
110 182 104
110 182 136
109 182 40
109 182 72
109 182 104
109 182 136
108 182 40
108 182 72
108 182 104
108 182 136
107 182 40
107 182 72
107 182 104
107 182 136
106 182 40
106 182 72
106 182 104
106 182 136
106 182 168
105 182 40
105 182 72
105 182 104
105 182 136
105 182 168
104 182 40
104 182 72
104 182 104
104 182 136
104 182 168
103 182 40
103 182 72
103 182 104
103 182 136
103 182 168
102 182 40
102 182 72
102 182 104
102 182 136
102 182 168
101 182 40
101 182 72
101 182 104
101 182 136
101 182 168
100 182 40
100 182 72
100 182 104
100 182 136
100 182 168
99 182 40
99 182 72
99 182 104
99 182 136
99 182 168
98 182 40
98 182 72
98 182 104
98 182 136
98 182 168
97 182 40
97 182 72
97 182 104
97 182 136
97 182 168
96 182 40
96 182 72
96 182 104
96 182 136
95 182 40
95 182 72
95 182 104
95 182 136
94 182 40
94 182 72
94 182 104
94 182 136
93 182 40
93 182 72
93 182 104
92 182 40
92 182 72
92 182 104
91 182 40
91 182 72
91 182 104
90 182 40
90 182 72
89 182 40
89 182 72
88 182 40
88 182 72
87 182 40
86 182 40
85 182 40
84 182 40
83 182 40
82 182 40
81 182 40
80 182 40
79 182 40
78 182 40
16 68 40
16 68 72
17 68 40
17 68 72
17 68 104
17 67 40
17 67 72
17 67 104
18 67 40
18 67 72
18 67 104
18 66 40
18 66 72
18 66 104
19 66 40
19 66 72
19 66 104
19 66 136
19 65 40
19 65 72
19 65 104
19 65 136
19 64 40
19 64 72
19 64 104
19 64 136
19 63 40
19 63 72
19 63 104
19 63 136
19 62 40
19 62 72
19 62 104
19 62 136
19 62 168
19 61 40
19 61 72
19 61 104
19 61 136
19 61 168
19 60 40
19 60 72
19 60 104
19 60 136
19 60 168
19 59 40
19 59 72
19 59 104
19 59 136
19 59 168
19 58 40
19 58 72
19 58 104
19 58 136
19 58 168
19 58 200
19 57 40
19 57 72
19 57 104
19 57 136
19 57 168
19 57 200
19 56 40
19 56 72
19 56 104
19 56 136
19 56 168
19 56 200
19 55 40
19 55 72
19 55 104
19 55 136
19 55 168
19 55 200
19 54 40
19 54 72
19 54 104
19 54 136
19 54 168
19 54 200
19 53 40
19 53 72
19 53 104
19 53 136
19 53 168
19 53 200
19 52 40
19 52 72
19 52 104
19 52 136
19 52 168
19 52 200
19 51 40
19 51 72
19 51 104
19 51 136
19 51 168
19 51 200
19 50 40
19 50 72
19 50 104
19 50 136
19 50 168
19 49 40
19 49 72
19 49 104
19 49 136
19 49 168
20 49 40
20 49 72
20 49 104
20 49 136
20 49 168
21 49 40
21 49 72
21 49 104
21 49 136
22 49 40
22 49 72
22 49 104
22 49 136
23 49 40
23 49 72
23 49 104
24 49 40
24 49 72
24 49 104
25 49 40
25 49 72
25 49 104
26 49 40
26 49 72
26 49 104
27 49 40
27 49 72
28 49 40
28 49 72
29 49 40
29 49 72
156 3 40
156 3 72
156 3 104
156 4 40
156 4 72
156 4 104
156 5 40
156 5 72
156 5 104
156 6 40
156 6 72
156 6 104
156 6 136
156 7 40
156 7 72
156 7 104
156 7 136
156 8 40
156 8 72
156 8 104
156 8 136
156 8 168
156 9 40
156 9 72
156 9 104
156 9 136
156 9 168
156 10 40
156 10 72
156 10 104
156 10 136
156 10 168
156 10 200
156 11 40
156 11 72
156 11 104
156 11 136
156 11 168
156 11 200
156 12 40
156 12 72
156 12 104
156 12 136
156 12 168
156 12 200
156 13 40
156 13 72
156 13 104
156 13 136
156 13 168
156 13 200
156 13 232
156 14 40
156 14 72
156 14 104
156 14 136
156 14 168
156 14 200
156 14 232
156 15 40
156 15 72
156 15 104
156 15 136
156 15 168
156 15 200
156 15 232
156 15 264
156 16 40
156 16 72
156 16 104
156 16 136
156 16 168
156 16 200
156 16 232
156 16 264
156 17 40
156 17 72
156 17 104
156 17 136
156 17 168
156 17 200
156 17 232
156 17 264
156 18 40
156 18 72
156 18 104
156 18 136
156 18 168
156 18 200
156 18 232
156 18 264
156 18 296
156 19 40
156 19 72
156 19 104
156 19 136
156 19 168
156 19 200
156 19 232
156 19 264
156 19 296
156 20 40
156 20 72
156 20 104
156 20 136
156 20 168
156 20 200
156 20 232
156 20 264
156 20 296
156 20 328
156 21 40
156 21 72
156 21 104
156 21 136
156 21 168
156 21 200
156 21 232
156 21 264
156 21 296
156 21 328
156 22 40
156 22 72
156 22 104
156 22 136
156 22 168
156 22 200
156 22 232
156 22 264
156 22 296
156 22 328
156 23 40
156 23 72
156 23 104
156 23 136
156 23 168
156 23 200
156 23 232
156 23 264
156 23 296
156 23 328
156 24 40
156 24 72
156 24 104
156 24 136
156 24 168
156 24 200
156 24 232
156 24 264
156 24 296
156 24 328
156 25 40
156 25 72
156 25 104
156 25 136
156 25 168
156 25 200
156 25 232
156 25 264
156 25 296
156 25 328
156 26 40
156 26 72
156 26 104
156 26 136
156 26 168
156 26 200
156 26 232
156 26 264
156 26 296
156 26 328
156 27 40
156 27 72
156 27 104
156 27 136
156 27 168
156 27 200
156 27 232
156 27 264
156 27 296
156 28 40
156 28 72
156 28 104
156 28 136
156 28 168
156 28 200
156 28 232
156 28 264
156 28 296
156 29 40
156 29 72
156 29 104
156 29 136
156 29 168
156 29 200
156 29 232
156 29 264
156 30 40
156 30 72
156 30 104
156 30 136
156 30 168
156 30 200
156 30 232
156 30 264
156 31 40
156 31 72
156 31 104
156 31 136
156 31 168
156 31 200
156 31 232
156 32 40
156 32 72
156 32 104
156 32 136
156 32 168
156 32 200
156 33 40
156 33 72
156 33 104
156 33 136
156 33 168
156 33 200
156 34 40
156 34 72
156 34 104
156 34 136
156 34 168
156 35 40
156 35 72
156 35 104
156 35 136
156 35 168
156 36 40
156 36 72
156 36 104
156 36 136
156 37 40
156 37 72
156 37 104
156 37 136
156 38 40
156 38 72
156 38 104
156 38 136
156 39 40
156 39 72
156 39 104
156 40 40
156 40 72
156 40 104
156 41 40
156 41 72
156 41 104
156 42 40
156 42 72
156 42 104
156 43 40
156 43 72
156 43 104
156 44 40
156 44 72
156 44 104
156 45 40
156 45 72
156 46 40
156 46 72
156 47 40
156 47 72
156 48 40
156 48 72
156 49 40
156 49 72
156 50 40
156 50 72
156 51 40
156 51 72
156 52 40
155 52 40
154 52 40
153 52 40
152 52 40
151 52 40
150 52 40
149 52 40
148 52 40
147 52 40
146 52 40
145 52 40
144 52 40
143 52 40
142 52 40
141 52 40
140 52 40
139 52 40
138 52 40
137 52 40
136 52 40
135 52 40
134 52 40
133 52 40
132 52 40
131 52 40
130 52 40
129 52 40
128 52 40
199 1 40
199 1 72
199 1 104
199 0 40
199 0 72
199 0 104
197 0 40
197 0 72
197 0 104
196 0 40
196 0 72
196 0 104
195 0 40
195 0 72
195 0 104
194 0 40
194 0 72
194 0 104
193 0 40
193 0 72
193 0 104
193 0 136
192 0 40
192 0 72
192 0 104
192 0 136
191 0 40
191 0 72
191 0 104
191 0 136
190 0 40
190 0 72
190 0 104
190 0 136
190 0 168
189 0 40
189 0 72
189 0 104
189 0 136
189 0 168
188 0 40
188 0 72
188 0 104
188 0 136
188 0 168
187 0 40
187 0 72
187 0 104
187 0 136
187 0 168
187 0 200
186 0 40
186 0 72
186 0 104
186 0 136
186 0 168
186 0 200
185 0 40
185 0 72
185 0 104
185 0 136
185 0 168
185 0 200
184 0 40
184 0 72
184 0 104
184 0 136
184 0 168
184 0 200
183 0 40
183 0 72
183 0 104
183 0 136
183 0 168
183 0 200
182 0 40
182 0 72
182 0 104
182 0 136
182 0 168
182 0 200
181 0 40
181 0 72
181 0 104
181 0 136
181 0 168
181 0 200
180 0 40
180 0 72
180 0 104
180 0 136
180 0 168
180 0 200
179 0 40
179 0 72
179 0 104
179 0 136
179 0 168
179 0 200
178 0 40
178 0 72
178 0 104
178 0 136
178 0 168
177 0 40
177 0 72
177 0 104
177 0 136
177 0 168
176 0 40
176 0 72
175 0 40
175 0 72
175 0 104
175 0 136
174 0 40
174 0 72
174 0 104
173 0 40
173 0 72
173 0 104
172 0 40
172 0 72
172 0 104
171 0 40
171 0 72
171 0 104
170 0 40
170 0 72
170 0 104
169 0 40
169 0 72
169 0 104
168 0 40
168 0 72
168 0 104
167 0 40
167 0 72
167 0 104
166 0 40
166 0 72
165 0 40
165 0 72
164 0 40
164 0 72
163 0 40
163 0 72
162 0 40
162 0 72
161 0 40
161 0 72
160 0 40
160 0 72
159 0 40
159 0 72
158 0 40
158 0 72
157 0 40
157 0 72
156 0 40
156 0 72
156 1 40
156 1 72
