0 0 100
0 20 100
0 40 100
0 60 100
0 80 100
0 100 100
0 120 100
0 140 100
0 160 100
0 180 100
0 199 100
11 10 100
11 30 100
11 50 100
11 70 100
11 90 100
11 110 100
11 130 100
11 150 100
11 170 100
11 190 100
22 0 100
22 20 100
22 40 100
22 60 100
22 80 100
22 100 100
22 120 100
22 140 100
22 160 100
22 180 100
22 199 100
33 10 100
33 30 100
33 50 100
33 70 100
33 90 100
33 110 100
33 130 100
33 150 100
33 170 100
33 190 100
44 0 100
44 20 100
44 40 100
44 60 100
44 80 100
44 100 100
44 120 100
44 140 100
44 160 100
44 180 100
44 199 100
55 10 100
55 30 100
55 50 100
55 70 100
55 90 100
55 110 100
55 130 100
55 150 100
55 170 100
55 190 100
66 0 100
66 20 100
66 40 100
66 60 100
66 80 100
66 100 100
66 120 100
66 140 100
66 160 100
66 180 100
66 199 100
77 10 100
77 30 100
77 50 100
77 70 100
77 90 100
77 110 100
77 130 100
77 150 100
77 170 100
77 190 100
88 0 100
88 20 100
88 40 100
88 60 100
88 80 100
88 100 100
88 120 100
88 140 100
88 160 100
88 180 100
88 199 100
99 10 100
99 30 100
99 50 100
99 70 100
99 90 100
99 110 100
99 130 100
99 150 100
99 170 100
99 190 100
110 0 100
110 20 100
110 40 100
110 60 100
110 80 100
110 100 100
110 120 100
110 140 100
110 160 100
110 180 100
110 199 100
121 10 100
121 30 100
121 50 100
121 70 100
121 90 100
121 110 100
121 130 100
121 150 100
121 170 100
121 190 100
132 0 100
132 20 100
132 40 100
132 60 100
132 80 100
132 100 100
132 120 100
132 140 100
132 160 100
132 180 100
132 199 100
143 10 100
143 30 100
143 50 100
143 70 100
143 90 100
143 110 100
143 130 100
143 150 100
143 170 100
143 190 100
154 0 100
154 20 100
154 40 100
154 60 100
154 80 100
154 100 100
154 120 100
154 140 100
154 160 100
154 180 100
154 199 100
165 10 100
165 30 100
165 50 100
165 70 100
165 90 100
165 110 100
165 130 100
165 150 100
165 170 100
165 190 100
176 0 100
176 20 100
176 40 100
176 60 100
176 80 100
176 100 100
176 120 100
176 140 100
176 160 100
176 180 100
176 199 100
187 10 100
187 30 100
187 50 100
187 70 100
187 90 100
187 110 100
187 130 100
187 150 100
187 170 100
187 190 100
198 0 100
198 20 100
198 40 100
198 60 100
198 80 100
198 100 100
198 120 100
198 140 100
198 160 100
198 180 100
198 199 100
0 0 100
0 20 100
0 40 100
0 80 100
0 100 100
0 120 100
0 140 100
11 10 100
11 30 100
11 50 100
11 90 100
11 110 100
11 130 100
22 0 100
22 40 100
22 100 100
22 120 100
22 140 100
22 160 100
22 180 100
22 199 100
33 110 100
33 130 100
33 170 100
33 190 100
44 0 100
44 140 100
44 160 100
44 180 100
44 199 100
55 10 100
55 30 100
55 130 100
55 150 100
55 170 100
55 190 100
66 0 100
66 40 100
66 80 100
66 140 100
66 180 100
66 199 100
77 50 100
77 70 100
77 90 100
77 190 100
88 60 100
88 80 100
88 120 100
88 140 100
88 199 100
99 70 100
99 130 100
99 190 100
110 20 100
110 40 100
110 60 100
110 80 100
110 100 100
110 120 100
110 180 100
110 199 100
121 10 100
121 30 100
121 50 100
121 70 100
121 90 100
121 110 100
121 170 100
121 190 100
132 20 100
132 40 100
132 60 100
132 80 100
132 100 100
132 120 100
132 199 100
143 30 100
143 50 100
143 70 100
143 90 100
143 110 100
143 130 100
143 170 100
154 0 100
154 20 100
154 60 100
154 100 100
154 120 100
154 140 100
154 160 100
154 180 100
154 199 100
165 10 100
165 30 100
165 90 100
165 110 100
165 130 100
165 150 100
165 170 100
165 190 100
176 0 100
176 40 100
176 60 100
176 80 100
176 100 100
176 140 100
176 160 100
176 180 100
176 199 100
187 10 100
187 30 100
187 50 100
187 70 100
187 90 100
187 150 100
187 170 100
187 190 100
198 0 100
198 20 100
198 40 100
198 140 100
174 117 40
5 74 40
5 74 104
31 142 40
136 151 40
99 96 40
163 38 40
163 38 104
78 188 40
78 188 104
99 97 40
99 98 40
98 98 40
98 99 40
97 99 40
97 100 40
96 100 40
96 101 40
95 101 40
95 102 40
95 103 40
94 103 40
94 104 40
93 104 40
93 105 40
92 105 40
91 105 40
91 106 40
90 106 40
89 106 40
89 107 40
88 107 40
88 108 40
87 108 40
86 108 40
86 109 40
85 109 40
84 109 40
84 110 40
83 110 40
82 110 40
82 111 40
81 111 40
80 111 40
80 112 40
79 112 40
78 112 40
78 113 40
77 113 40
76 113 40
75 113 40
74 113 40
73 113 40
72 113 40
71 113 40
70 113 40
69 113 40
68 113 40
67 113 40
66 113 40
65 113 40
64 113 40
63 113 40
62 113 40
61 113 40
60 113 40
59 113 40
58 113 40
57 113 40
56 113 40
56 114 40
55 114 40
55 115 40
55 116 40
54 116 40
54 117 40
53 117 40
53 118 40
52 118 40
52 119 40
51 119 40
51 120 40
50 120 40
50 121 40
49 121 40
49 122 40
49 122 104
48 122 40
48 122 104
48 123 40
48 123 104
47 123 40
47 123 104
47 124 40
47 124 104
46 124 40
46 124 104
46 125 40
46 125 104
45 125 40
45 125 104
45 126 40
45 126 104
45 126 168
44 126 40
44 126 104
44 127 40
44 127 104
44 127 168
44 128 40
44 128 104
44 128 168
43 128 40
43 128 104
43 128 168
43 129 40
43 129 104
43 129 168
43 130 40
43 130 104
43 130 168
43 131 40
43 131 104
43 131 168
43 132 40
43 132 104
43 132 168
43 133 40
43 133 104
43 133 168
43 134 40
43 134 104
43 134 168
43 135 40
43 135 104
43 135 168
43 136 40
43 136 104
43 136 168
43 137 40
43 137 104
43 137 168
43 138 40
43 138 104
43 138 168
43 139 40
43 139 104
43 139 168
43 140 40
43 140 104
43 140 168
43 141 40
43 141 104
43 141 168
43 142 40
43 142 104
43 142 168
42 142 40
42 142 104
42 142 168
41 142 40
41 142 104
41 142 168
40 142 40
40 142 104
40 142 168
39 142 40
39 142 104
38 142 40
38 142 104
37 142 40
37 142 104
36 142 40
36 142 104
35 142 40
35 142 104
34 142 40
34 142 104
33 142 40
32 142 40
78 187 40
78 187 104
78 186 40
78 186 104
78 185 40
78 184 40
78 183 40
78 182 40
78 181 40
78 180 40
78 179 40
78 178 40
78 177 40
78 176 40
78 175 40
78 174 40
78 173 40
78 172 40
78 171 40
78 170 40
78 169 40
78 168 40
78 167 40
78 166 40
78 165 40
78 164 40
78 163 40
78 162 40
78 161 40
78 160 40
78 159 40
78 158 40
78 157 40
78 156 40
78 155 40
78 154 40
78 153 40
78 152 40
78 151 40
78 150 40
78 149 40
78 148 40
78 147 40
78 146 40
78 145 40
78 144 40
78 143 40
78 142 40
78 141 40
78 140 40
78 139 40
78 138 40
78 137 40
78 136 40
78 135 40
78 134 40
78 133 40
78 132 40
78 131 40
78 130 40
78 129 40
78 128 40
78 127 40
78 126 40
78 125 40
78 124 40
78 123 40
78 122 40
78 121 40
78 120 40
78 119 40
78 118 40
78 117 40
78 116 40
78 115 40
78 114 40
135 151 40
134 151 40
133 151 40
132 151 40
131 151 40
130 151 40
129 151 40
128 151 40
127 151 40
126 151 40
125 151 40
124 151 40
123 151 40
122 151 40
121 151 40
120 151 40
119 151 40
118 151 40
117 151 40
116 151 40
115 151 40
114 151 40
113 151 40
112 151 40
112 152 40
111 152 40
110 152 40
109 152 40
108 152 40
107 152 40
106 152 40
105 152 40
104 152 40
103 152 40
102 152 40
101 152 40
100 152 40
99 152 40
98 152 40
97 152 40
96 152 40
95 152 40
94 152 40
93 152 40
92 152 40
91 152 40
90 152 40
89 152 40
88 152 40
87 152 40
86 152 40
85 152 40
84 152 40
83 152 40
82 152 40
81 152 40
80 152 40
79 152 40
163 39 40
163 39 104
163 40 40
163 40 104
163 41 40
163 41 104
163 42 40
163 42 104
163 43 40
163 43 104
163 44 40
163 44 104
163 45 40
163 45 104
163 46 40
163 46 104
163 47 40
163 47 104
163 48 40
163 48 104
163 49 40
163 49 104
164 49 40
164 49 104
164 50 40
164 50 104
165 51 40
165 51 104
166 51 40
166 51 104
166 52 40
166 52 104
167 52 40
167 52 104
167 53 40
167 53 104
168 53 40
168 53 104
168 54 40
168 54 104
169 54 40
169 54 104
169 55 40
169 55 104
170 55 40
170 55 104
170 56 40
170 56 104
171 56 40
171 56 104
171 57 40
171 57 104
171 58 40
171 58 104
171 59 40
171 59 104
171 60 40
171 60 104
171 61 40
171 61 104
171 62 40
171 62 104
171 63 40
171 63 104
171 64 40
171 64 104
171 65 40
171 65 104
171 66 40
171 66 104
171 67 40
171 67 104
171 68 40
171 68 104
170 68 40
170 68 104
170 69 40
170 69 104
169 69 40
169 69 104
169 70 40
169 70 104
168 70 40
168 70 104
168 71 40
168 71 104
167 71 40
167 71 104
167 72 40
167 72 104
166 72 40
166 72 104
166 73 40
166 73 104
165 73 40
165 74 40
164 74 40
164 75 40
163 75 40
163 76 40
163 77 40
162 77 40
162 78 40
162 79 40
162 80 40
162 81 40
162 82 40
162 83 40
162 84 40
162 85 40
162 85 104
162 86 40
162 86 104
162 87 40
162 87 104
163 87 40
163 87 104
163 88 40
163 88 104
164 88 40
164 88 104
164 89 40
164 89 104
165 89 40
165 89 104
165 89 168
166 90 40
166 90 104
166 90 168
166 91 40
166 91 104
166 91 168
167 91 40
167 91 104
167 91 168
167 92 40
167 92 104
167 92 168
168 92 40
168 92 104
168 92 168
168 93 40
168 93 104
168 93 168
169 93 40
169 93 104
169 93 168
169 94 40
169 94 104
169 94 168
170 94 40
170 94 104
170 94 168
170 95 40
170 95 104
170 95 168
171 95 40
171 95 104
171 95 168
171 96 40
171 96 104
171 96 168
172 96 40
172 96 104
172 96 168
172 97 40
172 97 104
172 97 168
173 97 40
173 97 104
173 97 168
173 98 40
173 98 104
173 98 168
174 98 40
174 98 104
174 98 168
174 99 40
174 99 104
174 99 168
175 99 40
175 99 104
175 99 168
175 100 40
175 100 104
175 100 168
176 101 40
176 101 104
177 101 40
177 101 104
177 102 40
177 102 104
178 102 40
178 102 104
178 103 40
178 103 104
179 103 40
179 103 104
179 104 40
180 104 40
180 105 40
181 105 40
181 106 40
182 106 40
182 107 40
183 107 40
183 108 40
183 109 40
183 110 40
183 111 40
183 112 40
183 113 40
183 114 40
183 115 40
183 116 40
183 117 40
182 117 40
181 117 40
180 117 40
179 117 40
178 117 40
177 117 40
176 117 40
175 117 40
