0 0 100
0 20 100
0 40 100
0 60 100
0 80 100
0 100 100
0 120 100
0 140 100
0 160 100
0 180 100
0 199 100
11 10 100
11 30 100
11 50 100
11 70 100
11 90 100
11 110 100
11 130 100
11 150 100
11 170 100
11 190 100
22 0 100
22 20 100
22 40 100
22 60 100
22 80 100
22 100 100
22 120 100
22 140 100
22 160 100
22 180 100
22 199 100
33 10 100
33 30 100
33 50 100
33 70 100
33 90 100
33 110 100
33 130 100
33 150 100
33 170 100
33 190 100
44 0 100
44 20 100
44 40 100
44 60 100
44 80 100
44 100 100
44 120 100
44 140 100
44 160 100
44 180 100
44 199 100
55 10 100
55 30 100
55 50 100
55 70 100
55 90 100
55 110 100
55 130 100
55 150 100
55 170 100
55 190 100
66 0 100
66 20 100
66 40 100
66 60 100
66 80 100
66 100 100
66 120 100
66 140 100
66 160 100
66 180 100
66 199 100
77 10 100
77 30 100
77 50 100
77 70 100
77 90 100
77 110 100
77 130 100
77 150 100
77 170 100
77 190 100
88 0 100
88 20 100
88 40 100
88 60 100
88 80 100
88 100 100
88 120 100
88 140 100
88 160 100
88 180 100
88 199 100
99 10 100
99 30 100
99 50 100
99 70 100
99 90 100
99 110 100
99 130 100
99 150 100
99 170 100
99 190 100
110 0 100
110 20 100
110 40 100
110 60 100
110 80 100
110 100 100
110 120 100
110 140 100
110 160 100
110 180 100
110 199 100
121 10 100
121 30 100
121 50 100
121 70 100
121 90 100
121 110 100
121 130 100
121 150 100
121 170 100
121 190 100
132 0 100
132 20 100
132 40 100
132 60 100
132 80 100
132 100 100
132 120 100
132 140 100
132 160 100
132 180 100
132 199 100
143 10 100
143 30 100
143 50 100
143 70 100
143 90 100
143 110 100
143 130 100
143 150 100
143 170 100
143 190 100
154 0 100
154 20 100
154 40 100
154 60 100
154 80 100
154 100 100
154 120 100
154 140 100
154 160 100
154 180 100
154 199 100
165 10 100
165 30 100
165 50 100
165 70 100
165 90 100
165 110 100
165 130 100
165 150 100
165 170 100
165 190 100
176 0 100
176 20 100
176 40 100
176 60 100
176 80 100
176 100 100
176 120 100
176 140 100
176 160 100
176 180 100
176 199 100
187 10 100
187 30 100
187 50 100
187 70 100
187 90 100
187 110 100
187 130 100
187 150 100
187 170 100
187 190 100
198 0 100
198 20 100
198 40 100
198 60 100
198 80 100
198 100 100
198 120 100
198 140 100
198 160 100
198 180 100
198 199 100
0 0 100
0 20 100
0 60 100
0 80 100
0 140 100
0 160 100
0 180 100
0 199 100
11 10 100
11 50 100
11 70 100
11 90 100
11 110 100
11 130 100
11 150 100
11 170 100
11 190 100
22 0 100
22 20 100
22 40 100
22 60 100
22 100 100
22 120 100
22 160 100
22 180 100
22 199 100
33 10 100
33 30 100
33 50 100
33 90 100
33 110 100
33 150 100
33 190 100
44 0 100
44 20 100
44 40 100
44 60 100
44 120 100
44 160 100
44 199 100
55 30 100
55 50 100
55 70 100
55 90 100
55 110 100
55 130 100
55 170 100
55 190 100
66 0 100
66 20 100
66 40 100
66 60 100
66 80 100
66 100 100
66 120 100
66 140 100
66 160 100
66 199 100
77 10 100
77 30 100
77 50 100
77 70 100
77 90 100
77 150 100
88 20 100
88 40 100
88 60 100
88 80 100
88 140 100
88 199 100
99 30 100
99 70 100
99 90 100
99 110 100
99 130 100
99 150 100
99 190 100
110 40 100
110 80 100
110 120 100
110 140 100
110 160 100
110 180 100
121 30 100
121 130 100
121 150 100
121 170 100
132 0 100
132 20 100
132 40 100
132 60 100
132 100 100
132 120 100
132 140 100
132 160 100
132 180 100
132 199 100
143 10 100
143 30 100
143 50 100
143 70 100
143 90 100
143 110 100
143 130 100
143 150 100
143 170 100
143 190 100
154 0 100
154 20 100
154 60 100
154 100 100
154 120 100
154 140 100
154 160 100
154 180 100
165 90 100
165 130 100
165 170 100
165 190 100
176 60 100
176 100 100
176 180 100
176 199 100
187 30 100
187 50 100
187 70 100
187 90 100
187 130 100
187 190 100
198 20 100
198 80 100
198 100 100
198 120 100
198 140 100
198 160 100
198 180 100
198 199 100
178 47 40
178 47 56
120 12 40
68 180 40
77 100 40
41 67 40
20 144 40
107 62 40
108 62 40
109 62 40
110 62 40
111 62 40
112 62 40
113 62 40
113 63 40
114 63 40
114 64 40
114 65 40
114 66 40
114 67 40
115 67 40
115 68 40
115 69 40
116 69 40
116 70 40
117 70 40
117 71 40
118 71 40
118 72 40
119 72 40
119 73 40
119 74 40
119 75 40
119 76 40
119 77 40
119 78 40
119 79 40
119 80 40
119 81 40
119 82 40
119 83 40
119 84 40
119 85 40
119 86 40
119 87 40
119 88 40
119 88 56
119 89 40
119 89 56
119 90 40
119 90 56
119 91 40
119 91 56
119 91 72
119 92 40
119 92 56
119 92 72
119 93 40
119 93 56
119 93 72
119 93 88
119 94 40
119 94 56
119 94 72
119 94 88
119 95 40
119 95 56
119 95 72
119 95 88
118 95 40
118 95 56
118 95 72
118 95 88
118 96 40
118 96 56
118 96 72
118 96 88
118 97 40
118 97 56
118 97 72
117 97 40
117 97 56
117 97 72
117 98 40
117 98 56
117 98 72
116 98 40
116 98 56
116 99 40
116 99 56
116 100 40
116 100 56
115 100 40
115 100 56
115 101 40
115 101 56
115 102 40
115 102 56
114 102 40
114 103 40
113 103 40
112 103 40
112 104 40
111 104 40
110 104 40
110 105 40
109 105 40
108 105 40
108 106 40
107 106 40
107 107 40
106 107 40
105 107 40
105 108 40
104 108 40
103 108 40
103 108 56
102 108 40
102 108 56
101 108 40
101 108 56
100 108 40
100 108 56
100 108 72
99 108 40
99 108 56
99 108 72
98 108 40
98 108 56
97 108 40
97 108 56
96 108 40
96 108 56
95 108 40
94 108 40
93 108 40
92 108 40
91 108 40
90 108 40
89 108 40
88 108 40
87 108 40
86 108 40
85 108 40
84 108 40
83 108 40
82 108 40
81 108 40
80 108 40
79 108 40
78 108 40
77 108 40
77 107 40
77 106 40
77 105 40
77 104 40
77 103 40
77 102 40
77 101 40
21 144 40
22 144 40
22 143 40
23 143 40
23 142 40
24 142 40
24 141 40
25 141 40
25 140 40
26 140 40
26 139 40
27 139 40
28 139 40
28 138 40
29 138 40
29 137 40
30 137 40
30 136 40
31 136 40
32 136 40
32 135 40
33 135 40
33 134 40
34 134 40
35 134 40
35 133 40
36 133 40
37 133 40
37 132 40
38 132 40
38 131 40
38 130 40
39 130 40
39 129 40
40 129 40
40 129 56
40 128 40
40 128 56
41 128 40
41 128 56
41 127 40
41 127 56
41 127 72
42 127 40
42 127 56
42 127 72
42 126 40
42 126 56
42 126 72
42 125 40
42 125 56
42 125 72
42 125 88
43 125 40
43 125 56
43 125 72
43 125 88
43 124 40
43 124 56
43 124 72
43 124 88
44 124 40
44 124 56
44 124 72
44 124 88
44 124 104
44 123 40
44 123 56
44 123 72
44 123 88
44 123 104
45 123 40
45 123 56
45 123 72
45 123 88
45 123 104
45 122 40
45 122 56
45 122 72
45 122 88
45 122 104
46 122 40
46 122 56
46 122 72
46 122 88
46 122 104
47 122 40
47 122 56
47 122 72
47 122 88
47 122 104
47 122 120
48 122 40
48 122 56
48 122 72
48 122 88
48 122 104
48 122 120
48 122 136
49 122 40
49 122 56
49 122 72
49 122 88
49 122 104
49 122 120
49 122 136
50 122 40
50 122 56
50 122 72
50 122 88
50 122 104
50 122 120
50 122 136
50 122 152
51 122 40
51 122 56
51 122 72
51 122 88
51 122 104
51 122 120
51 122 136
51 122 152
51 122 168
52 122 40
52 122 56
52 122 72
52 122 88
52 122 104
52 122 120
52 122 136
52 122 152
52 122 168
52 122 184
53 122 40
53 122 56
53 122 72
53 122 88
53 122 104
53 122 120
53 122 136
53 122 152
53 122 168
53 122 184
53 122 200
54 122 40
54 122 56
54 122 72
54 122 88
54 122 104
54 122 120
54 122 136
54 122 152
54 122 168
54 122 184
55 122 40
55 122 56
55 122 72
55 122 88
55 122 104
55 122 120
55 122 136
55 122 152
55 122 168
55 122 184
56 122 40
56 122 56
56 122 72
56 122 88
56 122 104
56 122 120
56 122 136
56 122 152
56 122 168
57 122 40
57 122 56
57 122 72
57 122 88
57 122 104
57 122 120
57 122 136
57 122 152
58 122 40
58 122 56
58 122 72
58 122 88
58 122 104
58 122 120
58 122 136
59 122 40
59 122 56
59 122 72
59 122 88
59 122 104
59 122 120
59 122 136
60 122 40
60 122 56
60 122 72
60 122 88
60 122 104
60 122 120
61 122 40
61 122 56
61 122 72
61 122 88
61 122 104
61 122 120
62 122 40
62 122 56
62 122 72
62 122 88
62 122 104
63 122 40
63 122 56
63 122 72
63 122 88
63 122 104
64 122 40
64 122 56
64 122 72
64 122 88
64 122 104
65 122 40
65 122 56
65 122 72
65 122 88
66 122 40
66 122 56
66 122 72
66 122 88
67 122 40
67 122 56
67 122 72
68 122 40
68 122 56
69 122 40
69 122 56
70 122 40
71 122 40
72 122 40
73 122 40
74 122 40
75 122 40
76 122 40
77 122 40
78 122 40
79 122 40
80 122 40
80 121 40
80 120 40
80 119 40
80 118 40
80 117 40
80 116 40
80 115 40
80 114 40
80 113 40
80 112 40
80 111 40
80 110 40
80 109 40
41 68 40
41 69 40
41 70 40
41 71 40
41 72 40
41 73 40
41 74 40
41 75 40
41 76 40
41 77 40
41 78 40
41 79 40
41 80 40
41 81 40
42 81 40
43 81 40
44 81 40
44 82 40
45 82 40
46 82 40
46 83 40
46 84 40
46 85 40
46 86 40
46 87 40
46 88 40
46 89 40
46 90 40
46 91 40
46 92 40
46 93 40
46 94 40
46 95 40
46 96 40
46 97 40
46 98 40
46 99 40
46 99 56
46 100 40
46 100 56
46 101 40
46 101 56
46 102 40
46 102 56
46 103 40
46 103 56
46 103 72
46 104 40
46 104 56
46 104 72
46 105 40
46 105 56
46 105 72
46 106 40
46 106 56
46 106 72
46 107 40
46 107 56
46 107 72
46 108 40
46 108 56
46 108 72
46 109 40
46 109 56
46 109 72
46 110 40
46 110 56
46 110 72
46 111 40
46 111 56
46 111 72
46 112 40
46 112 56
46 112 72
46 113 40
46 113 56
46 113 72
46 114 40
46 114 56
46 114 72
46 115 40
46 115 56
46 115 72
46 116 40
46 116 56
46 116 72
46 117 40
46 117 56
46 117 72
46 118 40
46 118 56
46 118 72
46 119 40
46 119 56
46 119 72
46 119 88
46 120 40
46 120 56
46 120 72
46 120 88
46 121 40
46 121 56
46 121 72
46 121 88
46 121 104
