0 0 100
0 20 100
0 40 100
0 60 100
0 80 100
0 100 100
0 120 100
0 140 100
0 160 100
0 180 100
0 199 100
11 10 100
11 30 100
11 50 100
11 70 100
11 90 100
11 110 100
11 130 100
11 150 100
11 170 100
11 190 100
22 0 100
22 20 100
22 40 100
22 60 100
22 80 100
22 100 100
22 120 100
22 140 100
22 160 100
22 180 100
22 199 100
33 10 100
33 30 100
33 50 100
33 70 100
33 90 100
33 110 100
33 130 100
33 150 100
33 170 100
33 190 100
44 0 100
44 20 100
44 40 100
44 60 100
44 80 100
44 100 100
44 120 100
44 140 100
44 160 100
44 180 100
44 199 100
55 10 100
55 30 100
55 50 100
55 70 100
55 90 100
55 110 100
55 130 100
55 150 100
55 170 100
55 190 100
66 0 100
66 20 100
66 40 100
66 60 100
66 80 100
66 100 100
66 120 100
66 140 100
66 160 100
66 180 100
66 199 100
77 10 100
77 30 100
77 50 100
77 70 100
77 90 100
77 110 100
77 130 100
77 150 100
77 170 100
77 190 100
88 0 100
88 20 100
88 40 100
88 60 100
88 80 100
88 100 100
88 120 100
88 140 100
88 160 100
88 180 100
88 199 100
99 10 100
99 30 100
99 50 100
99 70 100
99 90 100
99 110 100
99 130 100
99 150 100
99 170 100
99 190 100
110 0 100
110 20 100
110 40 100
110 60 100
110 80 100
110 100 100
110 120 100
110 140 100
110 160 100
110 180 100
110 199 100
121 10 100
121 30 100
121 50 100
121 70 100
121 90 100
121 110 100
121 130 100
121 150 100
121 170 100
121 190 100
132 0 100
132 20 100
132 40 100
132 60 100
132 80 100
132 100 100
132 120 100
132 140 100
132 160 100
132 180 100
132 199 100
143 10 100
143 30 100
143 50 100
143 70 100
143 90 100
143 110 100
143 130 100
143 150 100
143 170 100
143 190 100
154 0 100
154 20 100
154 40 100
154 60 100
154 80 100
154 100 100
154 120 100
154 140 100
154 160 100
154 180 100
154 199 100
165 10 100
165 30 100
165 50 100
165 70 100
165 90 100
165 110 100
165 130 100
165 150 100
165 170 100
165 190 100
176 0 100
176 20 100
176 40 100
176 60 100
176 80 100
176 100 100
176 120 100
176 140 100
176 160 100
176 180 100
176 199 100
187 10 100
187 30 100
187 50 100
187 70 100
187 90 100
187 110 100
187 130 100
187 150 100
187 170 100
187 190 100
198 0 100
198 20 100
198 40 100
198 60 100
198 80 100
198 100 100
198 120 100
198 140 100
198 160 100
198 180 100
198 199 100
0 0 100
0 20 100
0 80 100
0 100 100
0 180 100
11 10 100
11 50 100
11 70 100
11 90 100
11 110 100
11 170 100
11 190 100
22 60 100
22 100 100
22 120 100
22 160 100
33 50 100
33 70 100
33 90 100
33 110 100
33 130 100
44 60 100
44 80 100
44 100 100
44 120 100
44 160 100
44 199 100
55 10 100
55 50 100
55 70 100
55 110 100
55 150 100
55 170 100
55 190 100
66 20 100
66 40 100
66 60 100
66 80 100
66 100 100
66 120 100
66 140 100
66 160 100
66 199 100
77 30 100
77 50 100
77 90 100
77 110 100
77 130 100
77 150 100
88 0 100
88 20 100
88 40 100
88 100 100
88 199 100
99 10 100
99 30 100
99 150 100
99 170 100
99 190 100
110 20 100
110 40 100
110 160 100
110 180 100
121 30 100
121 50 100
121 90 100
121 110 100
121 130 100
121 170 100
121 190 100
132 20 100
132 40 100
132 120 100
132 140 100
132 160 100
132 180 100
132 199 100
143 10 100
143 30 100
143 70 100
143 110 100
143 150 100
143 170 100
143 190 100
154 40 100
154 80 100
154 100 100
154 120 100
154 140 100
154 180 100
165 10 100
165 30 100
165 50 100
165 90 100
165 110 100
165 150 100
165 170 100
176 0 100
176 20 100
176 40 100
176 100 100
176 160 100
176 180 100
187 10 100
187 50 100
187 90 100
187 110 100
187 170 100
187 190 100
198 40 100
198 60 100
198 80 100
198 100 100
198 120 100
198 160 100
198 180 100
198 199 100
1 45 40
169 187 40
104 118 40
199 12 40
104 117 40
104 116 40
104 115 40
104 114 40
104 113 40
104 112 40
104 111 40
104 110 40
105 110 40
105 109 40
105 108 40
106 108 40
106 107 40
106 106 40
106 105 40
106 104 40
106 103 40
106 103 41
106 102 40
106 102 41
106 101 40
106 101 41
106 100 40
106 100 41
106 99 40
106 99 41
106 98 40
106 98 41
106 97 40
106 97 41
106 96 40
106 96 41
106 95 40
106 95 41
106 94 40
106 94 41
105 94 40
105 94 41
105 93 40
105 93 41
105 92 40
105 91 40
105 90 40
105 89 40
105 88 40
105 87 40
105 86 40
105 85 40
105 84 40
105 83 40
105 82 40
104 82 40
104 81 40
103 81 40
103 80 40
103 79 40
102 79 40
101 79 40
101 78 40
101 77 40
100 77 40
99 77 40
98 77 40
97 77 40
96 77 40
95 77 40
94 77 40
93 77 40
92 77 40
91 77 40
90 77 40
89 77 40
88 77 40
87 77 40
86 77 40
85 77 40
84 77 40
83 77 40
82 77 40
81 77 40
80 77 40
79 77 40
78 77 40
77 77 40
77 77 41
76 77 40
76 77 41
75 77 40
75 77 41
75 78 40
75 78 41
74 78 40
74 78 41
73 78 40
73 78 41
73 79 40
73 79 41
72 79 40
72 79 41
72 80 40
72 80 41
72 80 42
71 80 40
71 80 41
71 80 42
71 81 40
71 81 41
71 81 42
71 81 43
70 81 40
70 81 41
70 81 42
70 81 43
70 81 44
69 81 40
69 81 41
69 81 42
69 81 43
69 81 44
69 81 45
68 81 40
68 81 41
68 81 42
68 81 43
68 81 44
68 81 45
68 81 46
68 82 40
68 82 41
68 82 42
68 82 43
68 82 44
68 82 45
68 82 46
68 82 47
68 82 48
67 82 40
67 82 41
67 82 42
67 82 43
67 82 44
67 82 45
67 82 46
67 82 47
67 82 48
67 82 49
66 82 40
66 82 41
66 82 42
66 82 43
66 82 44
66 82 45
66 82 46
66 82 47
66 82 48
66 82 49
66 82 50
66 83 40
66 83 41
66 83 42
66 83 43
66 83 44
66 83 45
66 83 46
66 83 47
66 83 48
66 83 49
66 83 50
66 83 51
65 83 40
65 83 41
65 83 42
65 83 43
65 83 44
65 83 45
65 83 46
65 83 47
65 83 48
65 83 49
65 83 50
65 83 51
65 84 40
65 84 41
65 84 42
65 84 43
65 84 44
65 84 45
65 84 46
65 84 47
65 84 48
65 84 49
65 84 50
64 84 40
64 84 41
64 84 42
64 84 43
64 84 44
64 84 45
64 84 46
64 84 47
64 84 48
64 84 49
64 84 50
64 85 40
64 85 41
64 85 42
64 85 43
64 85 44
64 85 45
64 85 46
64 85 47
64 85 48
63 85 40
63 85 41
63 85 42
63 85 43
63 85 44
63 85 45
63 85 46
63 85 47
63 86 40
63 86 41
63 86 42
63 86 43
63 86 44
63 86 45
63 86 46
62 86 40
62 86 41
62 86 42
62 86 43
62 86 44
62 87 40
62 87 41
62 87 42
62 87 43
62 87 44
61 87 40
61 87 41
61 87 42
61 88 40
61 88 41
61 88 42
60 88 40
60 88 41
60 89 40
60 89 41
59 89 40
59 89 41
59 90 40
59 90 41
58 90 40
58 91 40
57 91 40
56 91 40
55 91 40
54 91 40
53 91 40
52 91 40
51 91 40
51 91 41
50 91 40
50 91 41
49 91 40
49 91 41
48 91 40
48 91 41
48 91 42
47 91 40
47 91 41
47 91 42
46 91 40
46 91 41
46 91 42
45 91 40
45 91 41
45 91 42
44 91 40
44 91 41
44 91 42
43 91 40
43 91 41
43 91 42
43 91 43
42 91 40
42 91 41
42 91 42
42 91 43
41 91 40
41 91 41
41 91 42
41 91 43
40 91 40
40 91 41
40 91 42
40 91 43
40 91 44
39 91 40
39 91 41
39 91 42
39 91 43
39 91 44
38 91 40
38 91 41
38 91 42
38 91 43
38 91 44
38 91 45
37 91 40
37 91 41
37 91 42
37 91 43
37 91 44
37 91 45
36 91 40
36 91 41
36 91 42
36 91 43
36 91 44
36 91 45
35 91 40
35 91 41
35 91 42
35 91 43
35 91 44
35 91 45
34 91 40
34 91 41
34 91 42
34 91 43
34 91 44
33 91 40
33 91 41
33 91 42
33 91 43
33 91 44
32 90 40
32 90 41
32 90 42
32 90 43
32 89 40
32 89 41
32 89 42
32 89 43
32 89 44
31 89 40
31 89 41
31 89 42
31 89 43
31 88 40
31 88 41
31 88 42
31 88 43
30 88 40
30 88 41
30 88 42
30 87 40
30 87 41
30 87 42
30 87 43
29 87 40
29 87 41
29 87 42
29 86 40
29 86 41
29 86 42
28 86 40
28 86 41
28 85 40
28 85 41
27 85 40
27 85 41
27 84 40
27 84 41
26 84 40
26 84 41
26 83 40
26 83 41
25 83 40
25 82 40
24 82 40
23 82 40
23 81 40
22 81 40
21 80 40
21 79 40
20 79 40
20 78 40
19 78 40
19 77 40
18 77 40
17 77 40
17 76 40
16 76 40
15 76 40
15 75 40
14 75 40
13 75 40
12 75 40
11 75 40
11 75 41
10 75 40
10 75 41
9 75 40
9 75 41
9 75 42
8 75 40
8 75 41
8 75 42
7 75 40
7 75 41
7 75 42
7 74 40
7 74 41
7 74 42
6 74 40
6 74 41
6 74 42
6 73 40
6 73 41
6 73 42
6 72 40
6 72 41
6 72 42
5 72 40
5 72 41
5 72 42
5 72 43
5 71 40
5 71 41
5 71 42
5 70 40
5 70 41
5 70 42
4 70 40
4 70 41
4 70 42
4 69 40
4 69 41
4 69 42
3 69 40
3 69 41
3 69 42
3 68 40
3 68 41
3 68 42
2 68 40
2 68 41
2 68 42
2 67 40
2 67 41
2 67 42
1 67 40
1 67 41
1 67 42
0 67 40
0 67 41
0 67 42
0 66 40
0 66 41
0 65 40
0 65 41
0 64 40
0 64 41
0 63 40
0 63 41
0 62 40
0 62 41
0 61 40
0 61 41
0 59 40
0 59 41
0 58 40
0 58 41
0 57 40
0 57 41
0 57 42
0 56 40
0 56 41
0 56 42
0 55 40
0 55 41
0 55 42
0 55 43
0 54 40
0 54 41
0 54 42
0 54 43
0 53 40
0 53 41
0 53 42
0 52 40
0 52 41
0 52 42
0 51 40
0 51 41
0 50 40
0 50 41
0 49 40
0 48 40
0 47 40
0 46 40
0 45 40
199 13 40
199 14 40
199 15 40
199 16 40
199 17 40
199 18 40
199 19 40
199 20 40
199 21 40
199 22 40
199 23 40
199 24 40
198 24 40
197 24 40
197 25 40
196 25 40
196 26 40
195 26 40
195 27 40
194 27 40
194 28 40
193 28 40
192 28 40
192 29 40
191 29 40
191 30 40
190 30 40
190 30 41
190 31 40
190 31 41
189 31 40
189 31 41
189 31 42
189 32 40
189 32 41
189 32 42
189 32 43
188 32 40
188 32 41
188 32 42
188 32 43
188 33 40
188 33 41
188 33 42
188 33 43
188 33 44
188 33 45
188 33 46
187 33 40
187 33 41
187 33 42
187 33 43
187 33 44
187 33 45
187 34 40
187 34 41
187 34 42
187 34 43
187 34 44
187 34 45
187 34 46
187 34 47
187 34 48
186 34 40
186 34 41
186 34 42
186 34 43
186 34 44
186 34 45
186 34 46
186 34 47
186 35 40
186 35 41
186 35 42
186 35 43
186 35 44
186 35 45
186 35 46
186 35 47
186 35 48
186 35 49
186 35 50
185 35 40
185 35 41
185 35 42
185 35 43
185 35 44
185 35 45
185 35 46
185 35 47
185 35 48
185 36 40
185 36 41
185 36 42
185 36 43
185 36 44
185 36 45
185 36 46
185 36 47
185 36 48
185 36 49
185 36 50
185 36 51
185 36 52
184 36 40
184 36 41
184 36 42
184 36 43
184 36 44
184 36 45
184 36 46
184 36 47
184 36 48
184 36 49
184 36 50
184 37 40
184 37 41
184 37 42
184 37 43
184 37 44
184 37 45
184 37 46
184 37 47
184 37 48
184 37 49
184 37 50
184 37 51
184 37 52
184 37 53
184 37 54
183 37 40
183 37 41
183 37 42
183 37 43
183 37 44
183 37 45
183 37 46
183 37 47
183 37 48
183 37 49
183 37 50
183 37 51
183 38 40
183 38 41
183 38 42
183 38 43
183 38 44
183 38 45
183 38 46
183 38 47
183 38 48
183 38 49
183 38 50
183 38 51
183 38 52
183 38 53
183 38 54
182 38 40
182 38 41
182 38 42
182 38 43
182 38 44
182 38 45
182 38 46
182 38 47
182 38 48
182 38 49
182 38 50
182 38 51
181 38 40
181 38 41
181 38 42
181 38 43
181 38 44
181 38 45
181 38 46
181 38 47
181 38 48
181 39 40
181 39 41
181 39 42
181 39 43
181 39 44
181 39 45
181 39 46
181 39 47
181 39 48
181 39 49
181 39 50
180 39 40
180 39 41
180 39 42
180 39 43
180 39 44
180 39 45
180 39 46
180 39 47
180 40 40
180 40 41
180 40 42
180 40 43
180 40 44
180 40 45
180 40 46
180 40 47
179 40 40
179 40 41
179 40 42
179 40 43
179 40 44
179 40 45
179 41 40
179 41 41
179 41 42
179 41 43
179 41 44
179 41 45
178 41 40
178 41 41
178 41 42
178 41 43
178 41 44
178 42 40
178 42 41
178 42 42
178 42 43
178 42 44
178 43 40
178 43 41
178 43 42
178 43 43
178 44 40
178 44 41
178 44 42
178 45 40
178 45 41
178 46 40
178 46 41
178 47 40
178 47 41
178 48 40
178 49 40
178 50 40
178 51 40
178 52 40
178 53 40
178 54 40
178 55 40
178 56 40
178 57 40
178 58 40
178 59 40
178 60 40
178 61 40
178 62 40
178 63 40
178 64 40
178 65 40
178 66 40
178 67 40
177 67 40
176 67 40
175 67 40
174 67 40
173 67 40
172 67 40
171 67 40
170 67 40
169 67 40
168 67 40
167 67 40
166 67 40
165 67 40
164 67 40
163 67 40
163 67 41
162 67 40
162 67 41
162 67 42
161 67 40
161 67 41
161 67 42
161 67 43
161 66 40
161 66 41
161 66 42
161 66 43
160 66 40
160 66 41
160 66 42
160 66 43
160 66 44
160 66 45
159 66 40
159 66 41
159 66 42
159 66 43
159 66 44
159 66 45
159 66 46
159 66 47
159 66 48
158 66 40
158 66 41
158 66 42
158 66 43
158 66 44
158 66 45
158 66 46
158 66 47
158 66 48
158 66 49
158 66 50
158 66 51
158 65 40
158 65 41
158 65 42
158 65 43
158 65 44
158 65 45
158 65 46
158 65 47
158 65 48
158 65 49
158 65 50
157 65 40
157 65 41
157 65 42
157 65 43
157 65 44
157 65 45
157 65 46
157 65 47
157 65 48
157 65 49
157 65 50
157 65 51
156 65 40
156 65 41
156 65 42
156 65 43
156 65 44
156 65 45
156 65 46
156 65 47
156 65 48
156 65 49
156 65 50
156 65 51
155 65 40
155 65 41
155 65 42
155 65 43
155 65 44
155 65 45
155 65 46
155 65 47
155 65 48
155 65 49
155 65 50
154 65 40
154 65 41
154 65 42
154 65 43
154 65 44
154 65 45
154 65 46
154 65 47
153 65 40
153 65 41
153 65 42
153 65 43
153 65 44
153 65 45
152 65 40
152 65 41
152 65 42
152 65 43
152 65 44
151 65 40
151 65 41
151 65 42
150 65 40
150 65 41
149 65 40
149 65 41
148 65 40
148 65 41
147 65 40
146 65 40
145 65 40
144 65 40
143 65 40
142 65 40
141 65 40
140 65 40
139 65 40
138 65 40
137 65 40
136 65 40
135 65 40
134 65 40
133 65 40
133 66 40
132 66 40
132 67 40
132 68 40
131 68 40
131 69 40
130 69 40
130 70 40
130 70 41
129 70 40
129 70 41
128 70 40
128 70 41
128 71 40
128 71 41
127 71 40
127 71 41
126 71 40
126 71 41
125 71 40
125 71 41
124 71 40
124 71 41
123 71 40
123 72 40
122 72 40
121 72 40
120 72 40
119 72 40
118 72 40
117 72 40
117 73 40
116 73 40
115 73 40
114 73 40
113 73 40
113 74 40
112 74 40
111 74 40
111 75 40
110 75 40
110 76 40
109 76 40
108 76 40
107 76 40
107 77 40
107 78 40
107 79 40
106 79 40
105 79 40
104 79 40
168 187 40
167 187 40
166 187 40
165 187 40
164 187 40
163 187 40
162 187 40
161 187 40
161 186 40
161 185 40
161 184 40
161 183 40
161 182 40
161 181 40
161 180 40
161 179 40
161 178 40
161 177 40
161 176 40
161 176 41
161 175 40
161 175 41
161 174 40
161 174 41
161 173 40
161 172 40
161 171 40
161 170 40
161 169 40
161 168 40
161 168 41
160 168 40
160 167 40
160 167 41
160 166 40
160 166 41
159 166 40
159 166 41
159 165 40
159 165 41
158 165 40
158 165 41
158 164 40
158 164 41
157 164 40
157 164 41
157 163 40
156 163 40
156 162 40
155 162 40
155 161 40
154 161 40
153 160 40
153 159 40
152 159 40
152 158 40
151 158 40
151 157 40
151 157 41
150 157 40
150 157 41
150 156 40
150 156 41
150 155 40
150 155 41
150 155 42
150 154 40
150 154 41
150 154 42
150 154 43
150 153 40
150 153 41
150 153 42
150 153 43
150 152 40
150 152 41
150 152 42
150 152 43
150 151 40
150 151 41
150 151 42
150 151 43
150 151 44
150 150 40
150 150 41
150 150 42
150 150 43
150 150 44
150 149 40
150 149 41
150 149 42
150 149 43
150 148 40
150 148 41
150 148 42
150 148 43
150 147 40
150 147 41
150 147 42
150 147 43
150 146 40
150 146 41
150 146 42
150 146 43
150 146 44
150 145 40
150 145 41
150 145 42
150 145 43
150 145 44
150 144 40
150 144 41
150 144 42
150 144 43
150 144 44
150 144 45
150 143 40
150 143 41
150 143 42
150 143 43
150 143 44
150 143 45
150 143 46
150 142 40
150 142 41
150 142 42
150 142 43
150 142 44
150 142 45
150 142 46
150 142 47
150 141 40
150 141 41
150 141 42
150 141 43
150 141 44
150 141 45
150 141 46
150 141 47
150 140 40
150 140 41
150 140 42
150 140 43
150 140 44
150 140 45
150 140 46
150 140 47
150 139 40
150 139 41
150 139 42
150 139 43
150 139 44
150 139 45
150 139 46
149 139 40
149 139 41
149 139 42
149 139 43
149 139 44
149 139 45
149 139 46
148 139 40
148 139 41
148 139 42
148 139 43
148 139 44
148 139 45
147 139 40
147 139 41
147 139 42
147 139 43
147 139 44
147 139 45
146 139 40
146 139 41
146 139 42
146 139 43
146 139 44
146 139 45
145 139 40
145 139 41
145 139 42
145 139 43
145 139 44
145 139 45
144 139 40
144 139 41
144 139 42
144 139 43
144 139 44
144 139 45
144 139 46
143 139 40
143 139 41
143 139 42
143 139 43
143 139 44
143 139 45
143 139 46
143 139 47
143 139 48
142 139 40
142 139 41
142 139 42
142 139 43
142 139 44
142 139 45
142 139 46
142 139 47
142 139 48
142 139 49
142 139 50
141 139 40
141 139 41
141 139 42
141 139 43
141 139 44
141 139 45
141 139 46
141 139 47
141 139 48
141 139 49
141 139 50
141 139 51
140 139 40
140 139 41
140 139 42
140 139 43
140 139 44
140 139 45
140 139 46
140 139 47
140 139 48
140 139 49
140 139 50
140 139 51
140 139 52
139 139 40
139 139 41
139 139 42
139 139 43
139 139 44
139 139 45
139 139 46
139 139 47
139 139 48
139 139 49
139 139 50
139 139 51
139 139 52
139 139 53
138 139 40
138 139 41
138 139 42
138 139 43
138 139 44
138 139 45
138 139 46
138 139 47
138 139 48
138 139 49
138 139 50
138 139 51
138 139 52
137 139 40
137 139 41
137 139 42
137 139 43
137 139 44
137 139 45
137 139 46
137 139 47
137 139 48
137 139 49
137 139 50
137 139 51
136 139 40
136 139 41
136 139 42
136 139 43
136 139 44
136 139 45
136 139 46
136 139 47
136 139 48
136 139 49
136 140 40
136 140 41
136 140 42
136 140 43
136 140 44
136 140 45
136 140 46
136 140 47
136 140 48
136 140 49
135 140 40
135 140 41
135 140 42
135 140 43
135 140 44
135 140 45
135 140 46
135 141 40
135 141 41
135 141 42
135 141 43
135 141 44
135 141 45
135 141 46
135 141 47
134 141 40
134 141 41
134 141 42
134 141 43
134 141 44
134 141 45
134 142 40
134 142 41
134 142 42
134 142 43
134 142 44
134 142 45
134 142 46
133 142 40
133 142 41
133 142 42
133 142 43
133 142 44
133 143 40
133 143 41
133 143 42
133 143 43
133 143 44
133 143 45
132 143 40
132 143 41
132 143 42
132 143 43
132 143 44
132 144 40
132 144 41
132 144 42
132 144 43
132 144 44
132 144 45
131 144 40
131 144 41
131 144 42
131 144 43
131 144 44
131 145 40
131 145 41
131 145 42
131 145 43
131 145 44
131 145 45
130 145 40
130 145 41
130 145 42
130 145 43
130 145 44
130 146 40
130 146 41
130 146 42
130 146 43
130 146 44
130 146 45
129 146 40
129 146 41
129 146 42
129 146 43
129 146 44
128 146 40
128 146 41
128 146 42
128 146 43
128 147 40
128 147 41
128 147 42
128 147 43
127 147 40
127 147 41
127 147 42
126 147 40
126 147 41
125 147 40
125 147 41
124 147 40
123 147 40
122 147 40
121 147 40
120 147 40
119 147 40
118 147 40
117 147 40
117 146 40
116 146 40
115 146 40
114 146 40
114 145 40
113 145 40
113 145 41
112 145 40
112 145 41
111 145 40
111 145 41
111 145 42
111 144 40
111 144 41
111 144 42
110 144 40
110 144 41
110 144 42
110 144 43
109 144 40
109 144 41
109 144 42
109 144 43
109 144 44
109 143 40
109 143 41
109 143 42
109 143 43
108 143 40
108 143 41
108 143 42
108 143 43
108 142 40
108 142 41
108 142 42
108 142 43
107 142 40
107 142 41
107 142 42
107 142 43
107 141 40
107 141 41
107 141 42
107 141 43
106 141 40
106 141 41
106 141 42
106 141 43
106 140 40
106 140 41
106 140 42
105 140 40
105 140 41
105 140 42
105 140 43
105 139 40
105 139 41
105 139 42
104 139 40
104 139 41
104 139 42
104 138 40
104 138 41
104 137 40
104 137 41
104 136 40
104 136 41
104 135 40
104 135 41
104 134 40
104 134 41
104 133 40
104 133 41
104 132 40
104 132 41
104 131 40
104 131 41
104 130 40
104 130 41
104 129 40
104 129 41
104 128 40
104 128 41
104 127 40
104 127 41
104 126 40
104 126 41
104 125 40
104 124 40
104 123 40
104 122 40
104 121 40
104 120 40
104 119 40
