0 0 100
0 20 100
0 40 100
0 60 100
0 80 100
0 100 100
0 120 100
0 140 100
0 160 100
0 180 100
0 199 100
11 10 100
11 30 100
11 50 100
11 70 100
11 90 100
11 110 100
11 130 100
11 150 100
11 170 100
11 190 100
22 0 100
22 20 100
22 40 100
22 60 100
22 80 100
22 100 100
22 120 100
22 140 100
22 160 100
22 180 100
22 199 100
33 10 100
33 30 100
33 50 100
33 70 100
33 90 100
33 110 100
33 130 100
33 150 100
33 170 100
33 190 100
44 0 100
44 20 100
44 40 100
44 60 100
44 80 100
44 100 100
44 120 100
44 140 100
44 160 100
44 180 100
44 199 100
55 10 100
55 30 100
55 50 100
55 70 100
55 90 100
55 110 100
55 130 100
55 150 100
55 170 100
55 190 100
66 0 100
66 20 100
66 40 100
66 60 100
66 80 100
66 100 100
66 120 100
66 140 100
66 160 100
66 180 100
66 199 100
77 10 100
77 30 100
77 50 100
77 70 100
77 90 100
77 110 100
77 130 100
77 150 100
77 170 100
77 190 100
88 0 100
88 20 100
88 40 100
88 60 100
88 80 100
88 100 100
88 120 100
88 140 100
88 160 100
88 180 100
88 199 100
99 10 100
99 30 100
99 50 100
99 70 100
99 90 100
99 110 100
99 130 100
99 150 100
99 170 100
99 190 100
110 0 100
110 20 100
110 40 100
110 60 100
110 80 100
110 100 100
110 120 100
110 140 100
110 160 100
110 180 100
110 199 100
121 10 100
121 30 100
121 50 100
121 70 100
121 90 100
121 110 100
121 130 100
121 150 100
121 170 100
121 190 100
132 0 100
132 20 100
132 40 100
132 60 100
132 80 100
132 100 100
132 120 100
132 140 100
132 160 100
132 180 100
132 199 100
143 10 100
143 30 100
143 50 100
143 70 100
143 90 100
143 110 100
143 130 100
143 150 100
143 170 100
143 190 100
154 0 100
154 20 100
154 40 100
154 60 100
154 80 100
154 100 100
154 120 100
154 140 100
154 160 100
154 180 100
154 199 100
165 10 100
165 30 100
165 50 100
165 70 100
165 90 100
165 110 100
165 130 100
165 150 100
165 170 100
165 190 100
176 0 100
176 20 100
176 40 100
176 60 100
176 80 100
176 100 100
176 120 100
176 140 100
176 160 100
176 180 100
176 199 100
187 10 100
187 30 100
187 50 100
187 70 100
187 90 100
187 110 100
187 130 100
187 150 100
187 170 100
187 190 100
198 0 100
198 20 100
198 40 100
198 60 100
198 80 100
198 100 100
198 120 100
198 140 100
198 160 100
198 180 100
198 199 100
0 0 100
0 60 100
0 80 100
0 100 100
0 160 100
11 10 100
11 50 100
11 70 100
11 90 100
11 110 100
11 150 100
11 170 100
11 190 100
22 20 100
22 40 100
22 60 100
22 140 100
22 160 100
22 180 100
33 10 100
33 50 100
33 90 100
33 150 100
33 170 100
44 20 100
44 40 100
44 60 100
44 80 100
44 100 100
44 160 100
44 180 100
55 50 100
55 90 100
55 110 100
55 130 100
55 150 100
66 80 100
66 100 100
66 120 100
66 140 100
66 160 100
77 30 100
77 70 100
77 90 100
77 110 100
77 130 100
77 150 100
77 170 100
88 0 100
88 20 100
88 40 100
88 80 100
88 160 100
99 10 100
99 30 100
99 50 100
99 70 100
99 110 100
99 130 100
99 150 100
99 170 100
99 190 100
110 0 100
110 40 100
110 60 100
110 120 100
110 140 100
110 180 100
110 199 100
121 50 100
121 130 100
121 190 100
132 0 100
132 40 100
132 60 100
132 100 100
143 10 100
143 50 100
143 110 100
143 150 100
154 20 100
154 40 100
154 60 100
154 100 100
154 160 100
154 180 100
154 199 100
165 30 100
165 50 100
165 70 100
165 90 100
165 190 100
176 20 100
176 80 100
176 180 100
176 199 100
187 10 100
187 30 100
187 90 100
187 110 100
187 130 100
187 190 100
198 0 100
198 20 100
198 40 100
198 80 100
198 100 100
198 120 100
198 140 100
198 160 100
198 180 100
198 199 100
31 110 40
15 74 40
58 67 40
135 82 40
169 165 40
81 45 40
165 114 40
136 31 40
55 198 40
55 199 40
54 199 40
53 199 40
52 199 40
51 199 40
50 199 40
49 199 40
48 199 40
47 199 40
46 199 40
45 199 40
43 199 40
42 199 40
41 199 40
40 199 40
39 199 40
38 199 40
37 199 40
36 199 40
35 199 40
34 199 40
33 199 40
32 199 40
31 199 40
30 199 40
29 199 40
28 199 40
27 199 40
26 199 40
25 199 40
24 199 40
23 199 40
21 199 40
21 199 44
20 199 40
20 199 44
20 199 48
19 199 40
19 199 44
19 199 48
19 199 52
18 199 40
18 199 44
18 199 48
18 199 52
18 199 56
17 199 40
17 199 44
17 199 48
17 199 52
17 199 56
17 199 60
17 199 64
16 199 40
16 199 44
16 199 48
16 199 52
16 199 56
16 199 60
16 199 64
16 199 68
16 199 72
15 199 40
15 199 44
15 199 48
15 199 52
15 199 56
15 199 60
15 199 64
15 199 68
15 199 72
15 199 76
14 199 40
14 199 44
14 199 48
14 199 52
14 199 56
14 199 60
14 199 64
14 199 68
14 199 72
14 199 76
14 199 80
14 199 84
13 199 40
13 199 44
13 199 48
13 199 52
13 199 56
13 199 60
13 199 64
13 199 68
13 199 72
13 199 76
13 199 80
13 199 84
13 199 88
13 199 92
12 199 40
12 199 44
12 199 48
12 199 52
12 199 56
12 199 60
12 199 64
12 199 68
12 199 72
12 199 76
12 199 80
12 199 84
12 199 88
12 199 92
12 199 96
11 199 40
11 199 44
11 199 48
11 199 52
11 199 56
11 199 60
11 199 64
11 199 68
11 199 72
11 199 76
11 199 80
11 199 84
11 199 88
11 199 92
11 199 96
11 199 100
10 199 40
10 199 44
10 199 48
10 199 52
10 199 56
10 199 60
10 199 64
10 199 68
10 199 72
10 199 76
10 199 80
10 199 84
10 199 88
10 199 92
10 199 96
10 199 100
9 199 40
9 199 44
9 199 48
9 199 52
9 199 56
9 199 60
9 199 64
9 199 68
9 199 72
9 199 76
9 199 80
9 199 84
9 199 88
9 199 92
9 199 96
8 199 40
8 199 44
8 199 48
8 199 52
8 199 56
8 199 60
8 199 64
8 199 68
8 199 72
8 199 76
8 199 80
8 199 84
8 199 88
8 199 92
7 199 40
7 199 44
7 199 48
7 199 52
7 199 56
7 199 60
7 199 64
7 199 68
7 199 72
7 199 76
7 199 80
7 199 84
7 199 88
6 199 40
6 199 44
6 199 48
6 199 52
6 199 56
6 199 60
6 199 64
6 199 68
6 199 72
6 199 76
6 199 80
6 199 84
5 199 40
5 199 44
5 199 48
5 199 52
5 199 56
5 199 60
5 199 64
5 199 68
5 199 72
5 199 76
4 199 40
4 199 44
4 199 48
4 199 52
4 199 56
4 199 60
4 199 64
4 199 68
3 199 40
3 199 44
3 199 48
3 199 52
3 199 56
3 199 60
2 199 40
2 199 44
2 199 48
2 199 52
1 199 40
1 199 44
1 199 48
0 198 40
0 197 40
0 196 40
0 195 40
0 194 40
0 193 40
0 192 40
0 191 40
0 190 40
0 189 40
0 188 40
0 187 40
0 186 40
0 185 40
0 184 40
0 183 40
0 182 40
0 181 40
0 179 40
0 178 40
0 177 40
0 176 40
0 175 40
0 174 40
0 173 40
0 172 40
0 171 40
0 170 40
0 169 40
0 168 40
0 167 40
0 166 40
0 165 40
0 165 44
0 164 40
0 164 44
0 163 40
0 163 44
0 163 48
0 162 40
0 162 44
0 162 48
0 161 40
0 161 44
0 161 48
0 161 52
0 159 40
0 159 44
0 159 48
0 159 52
0 159 56
0 158 40
0 158 44
0 158 48
0 158 52
0 158 56
0 157 40
0 157 44
0 157 48
0 157 52
0 156 40
0 156 44
0 156 48
0 156 52
0 155 40
0 155 44
0 155 48
0 154 40
0 154 44
0 153 40
0 153 44
0 152 40
0 152 44
0 151 40
0 150 40
0 149 40
0 148 40
0 147 40
0 146 40
0 145 40
0 144 40
0 143 40
0 142 40
0 141 40
0 139 40
0 138 40
0 137 40
0 136 40
0 135 40
0 134 40
0 133 40
0 132 40
0 131 40
1 131 40
2 131 40
3 131 40
4 131 40
5 131 40
6 131 40
7 131 40
7 130 40
8 130 40
9 130 40
10 130 40
10 129 40
11 129 40
12 129 40
12 128 40
13 128 40
13 127 40
14 127 40
15 127 40
15 126 40
16 126 40
16 125 40
17 125 40
18 125 40
18 124 40
19 124 40
20 124 40
20 123 40
21 123 40
21 122 40
22 122 40
23 122 40
23 121 40
24 121 40
25 121 40
25 120 40
26 120 40
27 120 40
28 120 40
28 119 40
29 119 40
30 119 40
31 119 40
31 118 40
31 117 40
31 116 40
31 115 40
31 114 40
31 113 40
31 112 40
31 111 40
165 115 40
165 116 40
165 117 40
165 118 40
165 119 40
165 120 40
165 121 40
165 122 40
165 123 40
164 123 40
163 123 40
163 124 40
162 124 40
161 124 40
161 125 40
160 125 40
159 125 40
159 126 40
159 127 40
158 127 40
157 127 40
156 127 40
156 128 40
156 129 40
155 129 40
154 129 40
153 129 40
152 129 40
151 129 40
150 129 40
149 129 40
148 129 40
147 129 40
146 129 40
146 130 40
145 130 40
144 130 40
144 131 40
143 131 40
143 131 44
143 132 40
143 132 44
142 132 40
142 132 44
142 133 40
142 133 44
142 133 48
141 133 40
141 133 44
141 133 48
141 133 52
141 134 40
141 134 44
141 134 48
141 134 52
141 135 40
141 135 44
141 135 48
141 135 52
140 135 40
140 135 44
140 135 48
140 135 52
140 135 56
140 136 40
140 136 44
140 136 48
140 136 52
140 136 56
140 136 60
139 136 40
139 136 44
139 136 48
139 136 52
139 136 56
139 136 60
139 137 40
139 137 44
139 137 48
139 137 52
139 137 56
139 137 60
138 137 40
138 137 44
138 137 48
138 137 52
138 137 56
138 137 60
138 137 64
138 138 40
138 138 44
138 138 48
138 138 52
138 138 56
138 138 60
138 138 64
137 138 40
137 138 44
137 138 48
137 138 52
137 138 56
137 138 60
137 138 64
137 139 40
137 139 44
137 139 48
137 139 52
137 139 56
137 139 60
137 139 64
136 139 40
136 139 44
136 139 48
136 139 52
136 139 56
136 139 60
136 140 40
136 140 44
136 140 48
136 140 52
136 140 56
136 140 60
135 140 40
135 140 44
135 140 48
135 140 52
135 140 56
135 141 40
135 141 44
135 141 48
135 141 52
134 141 40
134 141 44
134 141 48
134 142 40
134 142 44
134 142 48
133 142 40
133 142 44
133 143 40
133 143 44
132 143 40
132 143 44
132 144 40
132 144 44
131 144 40
131 144 44
131 145 40
131 145 44
130 145 40
130 145 44
130 146 40
130 146 44
130 147 40
130 147 44
129 147 40
129 147 44
129 148 40
129 148 44
128 148 40
128 148 44
128 149 40
127 149 40
127 150 40
127 151 40
126 151 40
126 152 40
125 152 40
125 153 40
125 154 40
124 154 40
124 155 40
124 156 40
124 157 40
123 157 40
123 158 40
123 159 40
123 160 40
122 160 40
122 161 40
121 161 40
120 161 40
119 161 40
118 161 40
117 161 40
116 161 40
115 161 40
114 161 40
113 161 40
113 162 40
112 162 40
111 162 40
110 162 40
110 163 40
109 163 40
109 164 40
109 164 44
108 164 40
108 164 44
108 165 40
108 165 44
108 165 48
107 165 40
107 165 44
107 165 48
107 166 40
107 166 44
107 166 48
107 166 52
106 166 40
106 166 44
106 166 48
106 167 40
106 167 44
106 167 48
105 167 40
105 167 44
105 167 48
105 168 40
105 168 44
105 168 48
104 168 40
104 168 44
104 168 48
104 169 40
104 169 44
104 169 48
103 169 40
103 169 44
103 170 40
103 170 44
103 170 48
102 170 40
102 170 44
102 170 48
102 171 40
102 171 44
102 171 48
101 171 40
101 171 44
101 171 48
101 172 40
101 172 44
101 172 48
101 172 52
100 172 40
100 172 44
100 172 48
100 172 52
100 173 40
100 173 44
100 173 48
100 173 52
100 173 56
99 173 40
99 173 44
99 173 48
99 173 52
99 173 56
99 174 40
99 174 44
99 174 48
99 174 52
99 174 56
98 174 40
98 174 44
98 174 48
98 174 52
98 174 56
98 175 40
98 175 44
98 175 48
98 175 52
98 175 56
98 175 60
97 175 40
97 175 44
97 175 48
97 175 52
97 175 56
97 175 60
97 176 40
97 176 44
97 176 48
97 176 52
97 176 56
97 176 60
96 176 40
96 176 44
96 176 48
96 176 52
96 176 56
96 176 60
96 177 40
96 177 44
96 177 48
96 177 52
96 177 56
96 177 60
95 177 40
95 177 44
95 177 48
95 177 52
95 177 56
95 178 40
95 178 44
95 178 48
95 178 52
94 178 40
94 178 44
94 178 48
93 178 40
93 178 44
93 179 40
93 179 44
92 179 40
92 180 40
91 180 40
91 181 40
90 181 40
90 182 40
89 182 40
89 183 40
88 183 40
88 184 40
87 184 40
87 185 40
86 185 40
86 186 40
85 186 40
85 187 40
84 187 40
84 188 40
83 188 40
83 189 40
82 189 40
82 190 40
81 190 40
81 191 40
80 191 40
80 192 40
79 192 40
79 193 40
78 193 40
78 194 40
77 194 40
77 195 40
76 195 40
75 195 40
74 195 40
73 195 40
72 195 40
71 195 40
70 195 40
69 195 40
68 195 40
67 195 40
67 196 40
66 196 40
65 196 40
64 196 40
64 197 40
63 197 40
62 197 40
61 197 40
61 198 40
60 198 40
59 198 40
58 198 40
57 198 40
56 198 40
170 165 40
171 165 40
172 165 40
173 165 40
173 164 40
173 163 40
173 162 40
173 161 40
173 160 40
173 159 40
173 158 40
173 157 40
173 156 40
173 155 40
173 154 40
173 153 40
173 152 40
173 151 40
173 150 40
173 149 40
173 148 40
173 147 40
172 147 40
172 146 40
171 146 40
171 145 40
170 145 40
170 144 40
169 144 40
169 143 40
168 143 40
168 142 40
167 142 40
167 141 40
166 141 40
166 140 40
166 139 40
165 139 40
165 138 40
165 137 40
165 136 40
165 135 40
165 134 40
165 133 40
165 132 40
165 131 40
165 129 40
165 128 40
165 127 40
165 126 40
165 125 40
165 124 40
135 83 40
135 84 40
135 85 40
135 86 40
135 87 40
135 88 40
135 89 40
135 90 40
135 91 40
135 92 40
135 93 40
135 94 40
135 95 40
135 95 44
135 96 40
135 96 44
135 97 40
135 97 44
135 97 48
135 98 40
135 98 44
135 98 48
135 98 52
135 99 40
135 99 44
135 99 48
135 99 52
135 99 56
135 100 40
135 100 44
135 100 48
135 100 52
135 100 56
135 100 60
135 101 40
135 101 44
135 101 48
135 101 52
135 101 56
135 101 60
135 102 40
135 102 44
135 102 48
135 102 52
135 102 56
135 102 60
135 103 40
135 103 44
135 103 48
135 103 52
135 103 56
135 104 40
135 104 44
135 104 48
135 104 52
135 104 56
135 105 40
135 105 44
135 105 48
135 105 52
135 105 56
135 106 40
135 106 44
135 106 48
135 106 52
135 106 56
135 107 40
135 107 44
135 107 48
135 107 52
135 107 56
135 108 40
135 108 44
135 108 48
135 108 52
135 108 56
135 109 40
135 109 44
135 109 48
135 109 52
135 109 56
135 110 40
135 110 44
135 110 48
135 110 52
135 110 56
135 111 40
135 111 44
135 111 48
135 111 52
135 111 56
135 112 40
135 112 44
135 112 48
135 112 52
135 113 40
135 113 44
135 113 48
135 113 52
135 114 40
135 114 44
135 114 48
135 115 40
135 115 44
135 115 48
135 116 40
135 116 44
135 117 40
135 117 44
135 118 40
135 118 44
135 119 40
136 119 40
136 120 40
137 120 40
137 121 40
138 121 40
138 121 44
138 122 40
138 122 44
139 122 40
139 122 44
139 123 40
139 123 44
140 123 40
140 123 44
140 124 40
140 124 44
141 124 40
141 125 40
141 126 40
142 126 40
142 127 40
143 127 40
143 128 40
144 128 40
144 129 40
59 67 40
60 67 40
61 67 40
62 67 40
63 67 40
63 66 40
64 66 40
64 65 40
65 65 40
65 64 40
66 64 40
66 63 40
67 63 40
67 62 40
68 62 40
68 61 40
69 61 40
69 60 40
70 60 40
70 59 40
71 59 40
71 58 40
72 58 40
72 57 40
73 57 40
73 56 40
74 56 40
75 56 40
76 56 40
77 56 40
78 56 40
79 56 40
80 56 40
81 56 40
82 56 40
83 56 40
84 56 40
84 57 40
85 57 40
86 57 40
86 58 40
87 58 40
88 58 40
89 58 40
89 59 40
90 59 40
90 60 40
90 61 40
90 62 40
90 63 40
90 64 40
90 65 40
90 66 40
90 67 40
90 68 40
90 69 40
90 70 40
90 71 40
90 71 44
90 72 40
90 72 44
90 73 40
90 73 44
90 73 48
90 74 40
90 74 44
90 74 48
90 74 52
90 75 40
90 75 44
90 75 48
90 75 52
90 76 40
90 76 44
90 76 48
90 76 52
90 76 56
90 77 40
90 77 44
90 77 48
90 77 52
90 77 56
90 78 40
90 78 44
90 78 48
90 78 52
90 78 56
90 79 40
90 79 44
90 79 48
90 79 52
90 80 40
90 80 44
90 80 48
90 80 52
90 81 40
90 81 44
90 81 48
90 82 40
90 82 44
90 82 48
90 83 40
90 83 44
91 83 40
91 83 44
91 83 48
91 84 40
91 84 44
91 84 48
92 84 40
92 84 44
92 84 48
92 85 40
92 85 44
92 85 48
93 85 40
93 85 44
93 85 48
93 86 40
93 86 44
93 86 48
94 86 40
94 86 44
94 86 48
94 87 40
94 87 44
94 87 48
95 87 40
95 87 44
95 88 40
95 88 44
96 88 40
96 88 44
96 89 40
97 89 40
98 89 40
99 89 40
100 89 40
101 89 40
102 89 40
103 89 40
104 89 40
105 89 40
106 89 40
107 89 40
108 89 40
109 89 40
110 89 40
111 89 40
112 89 40
113 89 40
114 89 40
115 89 40
116 89 40
117 89 40
118 89 40
119 89 40
120 89 40
121 89 40
122 89 40
123 89 40
124 89 40
125 89 40
126 89 40
127 89 40
128 89 40
129 89 40
130 89 40
131 89 40
132 89 40
133 89 40
134 89 40
81 46 40
81 47 40
81 48 40
81 49 40
81 50 40
81 51 40
81 52 40
81 53 40
81 54 40
81 55 40
136 30 40
136 29 40
136 28 40
136 27 40
136 27 44
136 26 40
136 26 44
135 26 40
135 26 44
134 26 40
133 26 40
132 26 40
131 26 40
130 26 40
129 26 40
128 26 40
127 26 40
126 26 40
125 26 40
124 26 40
123 26 40
122 26 40
121 26 40
120 26 40
119 26 40
118 26 40
117 26 40
116 26 40
115 26 40
114 26 40
113 26 40
113 27 40
112 27 40
112 28 40
111 28 40
110 28 40
110 29 40
109 29 40
109 30 40
109 31 40
109 32 40
109 33 40
109 34 40
109 35 40
109 36 40
109 36 44
109 37 40
109 37 44
109 38 40
109 38 44
109 38 48
109 39 40
109 39 44
109 39 48
109 40 40
109 40 44
109 40 48
109 40 52
109 41 40
109 41 44
109 41 48
109 41 52
109 42 40
109 42 44
109 42 48
109 42 52
108 42 40
108 42 44
108 42 48
108 42 52
108 43 40
108 43 44
108 43 48
108 43 52
108 43 56
108 44 40
108 44 44
108 44 48
108 44 52
108 44 56
107 44 40
107 44 44
107 44 48
107 44 52
107 44 56
107 45 40
107 45 44
107 45 48
107 45 52
107 45 56
106 45 40
106 45 44
106 45 48
106 45 52
106 45 56
106 46 40
106 46 44
106 46 48
106 46 52
106 46 56
106 47 40
106 47 44
106 47 48
106 47 52
106 47 56
106 47 60
105 47 40
105 47 44
105 47 48
105 47 52
105 47 56
105 48 40
105 48 44
105 48 48
105 48 52
105 48 56
104 48 40
104 48 44
104 48 48
104 48 52
104 48 56
104 49 40
104 49 44
104 49 48
104 49 52
104 49 56
103 49 40
103 49 44
103 49 48
103 49 52
103 49 56
103 50 40
103 50 44
103 50 48
103 50 52
103 50 56
103 50 60
102 50 40
102 50 44
102 50 48
102 50 52
102 50 56
102 51 40
102 51 44
102 51 48
102 51 52
102 51 56
102 51 60
101 51 40
101 51 44
101 51 48
101 51 52
101 51 56
101 51 60
101 52 40
101 52 44
101 52 48
101 52 52
101 52 56
101 52 60
101 52 64
100 52 40
100 52 44
100 52 48
100 52 52
100 52 56
100 52 60
100 53 40
100 53 44
100 53 48
100 53 52
100 53 56
100 53 60
100 53 64
99 53 40
99 53 44
99 53 48
99 53 52
99 53 56
99 53 60
99 54 40
99 54 44
99 54 48
99 54 52
99 54 56
98 54 40
98 54 44
98 54 48
98 54 52
98 55 40
98 55 44
98 55 48
98 55 52
97 55 40
97 55 44
97 55 48
97 56 40
97 56 44
97 56 48
96 56 40
96 56 44
95 56 40
95 56 44
95 57 40
95 57 44
94 57 40
94 58 40
93 58 40
92 58 40
92 59 40
91 59 40
16 74 40
17 74 40
18 74 40
18 75 40
19 75 40
20 75 40
20 76 40
21 76 40
21 77 40
22 77 40
22 77 44
23 77 40
23 77 44
23 78 40
23 78 44
24 78 40
24 78 44
24 79 40
24 79 44
24 80 40
24 80 44
24 81 40
24 81 44
24 82 40
24 83 40
24 84 40
24 85 40
24 86 40
24 87 40
24 87 44
24 88 40
24 88 44
24 89 40
24 89 44
24 90 40
24 90 44
24 91 40
24 91 44
24 92 40
24 92 44
24 93 40
24 93 44
24 94 40
24 94 44
24 95 40
24 95 44
24 96 40
24 96 44
24 97 40
24 97 44
24 98 40
24 98 44
24 99 40
24 100 40
24 101 40
24 102 40
24 103 40
24 104 40
24 105 40
24 106 40
24 107 40
24 108 40
25 108 40
25 109 40
26 109 40
26 110 40
27 110 40
28 110 40
29 110 40
30 110 40
