0 0 100
0 20 100
0 40 100
0 60 100
0 80 100
0 100 100
0 120 100
0 140 100
0 160 100
0 180 100
0 199 100
11 10 100
11 30 100
11 50 100
11 70 100
11 90 100
11 110 100
11 130 100
11 150 100
11 170 100
11 190 100
22 0 100
22 20 100
22 40 100
22 60 100
22 80 100
22 100 100
22 120 100
22 140 100
22 160 100
22 180 100
22 199 100
33 10 100
33 30 100
33 50 100
33 70 100
33 90 100
33 110 100
33 130 100
33 150 100
33 170 100
33 190 100
44 0 100
44 20 100
44 40 100
44 60 100
44 80 100
44 100 100
44 120 100
44 140 100
44 160 100
44 180 100
44 199 100
55 10 100
55 30 100
55 50 100
55 70 100
55 90 100
55 110 100
55 130 100
55 150 100
55 170 100
55 190 100
66 0 100
66 20 100
66 40 100
66 60 100
66 80 100
66 100 100
66 120 100
66 140 100
66 160 100
66 180 100
66 199 100
77 10 100
77 30 100
77 50 100
77 70 100
77 90 100
77 110 100
77 130 100
77 150 100
77 170 100
77 190 100
88 0 100
88 20 100
88 40 100
88 60 100
88 80 100
88 100 100
88 120 100
88 140 100
88 160 100
88 180 100
88 199 100
99 10 100
99 30 100
99 50 100
99 70 100
99 90 100
99 110 100
99 130 100
99 150 100
99 170 100
99 190 100
110 0 100
110 20 100
110 40 100
110 60 100
110 80 100
110 100 100
110 120 100
110 140 100
110 160 100
110 180 100
110 199 100
121 10 100
121 30 100
121 50 100
121 70 100
121 90 100
121 110 100
121 130 100
121 150 100
121 170 100
121 190 100
132 0 100
132 20 100
132 40 100
132 60 100
132 80 100
132 100 100
132 120 100
132 140 100
132 160 100
132 180 100
132 199 100
143 10 100
143 30 100
143 50 100
143 70 100
143 90 100
143 110 100
143 130 100
143 150 100
143 170 100
143 190 100
154 0 100
154 20 100
154 40 100
154 60 100
154 80 100
154 100 100
154 120 100
154 140 100
154 160 100
154 180 100
154 199 100
165 10 100
165 30 100
165 50 100
165 70 100
165 90 100
165 110 100
165 130 100
165 150 100
165 170 100
165 190 100
176 0 100
176 20 100
176 40 100
176 60 100
176 80 100
176 100 100
176 120 100
176 140 100
176 160 100
176 180 100
176 199 100
187 10 100
187 30 100
187 50 100
187 70 100
187 90 100
187 110 100
187 130 100
187 150 100
187 170 100
187 190 100
198 0 100
198 20 100
198 40 100
198 60 100
198 80 100
198 100 100
198 120 100
198 140 100
198 160 100
198 180 100
198 199 100
0 20 100
0 40 100
0 60 100
0 80 100
0 100 100
0 120 100
0 140 100
0 160 100
0 180 100
11 10 100
11 30 100
11 50 100
11 70 100
11 110 100
11 130 100
11 150 100
11 170 100
22 0 100
22 20 100
22 40 100
22 60 100
22 80 100
22 120 100
22 140 100
22 160 100
22 180 100
22 199 100
33 10 100
33 50 100
33 70 100
33 90 100
33 110 100
33 130 100
33 150 100
33 170 100
33 190 100
44 0 100
44 40 100
44 60 100
44 80 100
44 100 100
44 120 100
44 140 100
44 160 100
44 180 100
55 10 100
55 30 100
55 50 100
55 70 100
55 90 100
55 110 100
55 130 100
55 150 100
55 170 100
66 0 100
66 20 100
66 40 100
66 60 100
66 80 100
66 100 100
66 120 100
66 140 100
66 160 100
66 180 100
77 10 100
77 30 100
77 50 100
77 70 100
77 110 100
77 130 100
77 150 100
77 170 100
77 190 100
88 0 100
88 20 100
88 40 100
88 60 100
88 120 100
88 140 100
88 180 100
88 199 100
99 10 100
99 30 100
99 50 100
99 70 100
99 170 100
110 0 100
110 20 100
110 40 100
110 60 100
110 80 100
110 100 100
110 160 100
110 180 100
121 10 100
121 50 100
121 70 100
121 90 100
121 110 100
121 150 100
121 170 100
132 0 100
132 20 100
132 40 100
132 60 100
132 80 100
132 100 100
132 120 100
132 140 100
132 160 100
132 180 100
143 10 100
143 30 100
143 50 100
143 70 100
143 90 100
143 110 100
143 130 100
143 170 100
154 0 100
154 20 100
154 40 100
154 80 100
154 100 100
154 120 100
154 140 100
154 160 100
154 180 100
165 10 100
165 30 100
165 70 100
165 130 100
165 150 100
165 170 100
176 0 100
176 20 100
176 80 100
176 120 100
176 140 100
176 160 100
176 180 100
176 199 100
187 10 100
187 30 100
187 70 100
187 90 100
187 110 100
187 130 100
187 150 100
187 170 100
187 190 100
198 20 100
198 40 100
198 80 100
198 100 100
198 120 100
198 160 100
105 81 40
105 81 44
105 81 48
105 81 52
105 81 56
105 81 60
105 81 64
105 81 68
198 66 40
9 79 40
9 79 44
9 79 48
53 197 40
160 186 40
160 186 44
171 117 40
123 30 40
161 53 40
104 137 40
105 137 40
106 137 40
106 136 40
106 135 40
106 134 40
106 133 40
106 132 40
106 131 40
106 130 40
106 129 40
106 128 40
106 127 40
106 126 40
106 125 40
106 124 40
106 123 40
106 122 40
106 121 40
106 120 40
106 119 40
106 118 40
105 118 40
105 117 40
105 116 40
104 116 40
104 115 40
103 115 40
103 114 40
102 114 40
102 113 40
101 113 40
101 112 40
101 111 40
100 111 40
100 110 40
99 109 40
98 109 40
98 108 40
97 108 40
97 107 40
96 107 40
96 106 40
96 105 40
96 104 40
96 103 40
96 102 40
96 101 40
96 100 40
96 99 40
96 98 40
96 97 40
96 96 40
96 95 40
96 94 40
96 93 40
96 92 40
97 92 40
97 91 40
98 91 40
99 91 40
100 90 40
100 90 44
100 89 40
100 89 44
101 89 40
101 89 44
102 89 40
102 89 44
102 89 48
102 88 40
102 88 44
102 88 48
103 88 40
103 88 44
103 88 48
103 88 52
103 87 40
103 87 44
103 87 48
103 87 52
103 87 56
104 87 40
104 87 44
104 87 48
104 87 52
104 87 56
104 87 60
105 87 40
105 87 44
105 87 48
105 87 52
105 87 56
105 87 60
105 87 64
105 86 40
105 86 44
105 86 48
105 86 52
105 86 56
105 86 60
105 86 64
105 85 40
105 85 44
105 85 48
105 85 52
105 85 56
105 85 60
105 85 64
105 84 40
105 84 44
105 84 48
105 84 52
105 84 56
105 84 60
105 84 64
105 83 40
105 83 44
105 83 48
105 83 52
105 83 56
105 83 60
105 83 64
105 82 40
105 82 44
105 82 48
105 82 52
105 82 56
105 82 60
105 82 64
105 82 68
160 187 40
160 188 40
160 189 40
160 190 40
160 191 40
160 192 40
160 193 40
160 194 40
160 195 40
160 196 40
160 197 40
160 198 40
160 198 44
160 199 40
160 199 44
159 199 40
158 199 40
157 199 40
156 199 40
155 199 40
153 199 40
152 199 40
151 199 40
150 199 40
149 199 40
148 199 40
147 199 40
146 199 40
145 199 40
144 199 40
143 199 40
142 199 40
141 199 40
140 199 40
139 199 40
138 199 40
137 199 40
136 199 40
135 199 40
134 199 40
133 199 40
131 199 40
130 199 40
129 199 40
128 199 40
127 199 40
126 199 40
125 199 40
124 199 40
123 199 40
122 199 40
121 199 40
120 199 40
119 199 40
118 199 40
117 199 40
116 199 40
115 199 40
114 199 40
114 199 44
113 199 40
113 199 44
112 199 40
112 199 44
111 199 40
111 199 44
109 199 40
109 199 44
109 199 48
108 199 40
108 199 44
108 199 48
108 199 52
107 199 40
107 199 44
107 199 48
107 199 52
106 199 40
106 199 44
106 199 48
106 199 52
106 199 56
106 199 60
106 198 40
106 198 44
106 198 48
106 198 52
106 198 56
105 198 40
105 198 44
105 198 48
105 198 52
105 198 56
105 198 60
105 197 40
105 197 44
105 197 48
105 197 52
105 197 56
105 196 40
105 196 44
105 196 48
105 196 52
104 196 40
104 196 44
104 196 48
104 196 52
104 196 56
104 195 40
104 195 44
104 195 48
104 195 52
103 195 40
103 195 44
103 195 48
103 195 52
103 194 40
103 194 44
103 194 48
103 194 52
102 194 40
102 194 44
102 194 48
102 194 52
102 193 40
102 193 44
102 193 48
102 193 52
101 193 40
101 193 44
101 193 48
101 193 52
101 192 40
101 192 44
101 192 48
100 192 40
100 192 44
100 192 48
100 191 40
100 191 44
100 191 48
99 191 40
99 191 44
99 191 48
98 190 40
98 190 44
98 189 40
98 189 44
98 189 48
97 189 40
97 189 44
97 188 40
97 188 44
97 187 40
97 187 44
97 187 48
97 186 40
97 186 44
97 186 48
97 185 40
97 185 44
97 185 48
97 185 52
97 184 40
97 184 44
97 184 48
97 184 52
97 183 40
97 183 44
97 183 48
97 183 52
97 183 56
97 182 40
97 182 44
97 182 48
97 182 52
97 182 56
97 182 60
97 181 40
97 181 44
97 181 48
97 181 52
97 181 56
97 181 60
97 181 64
97 180 40
97 180 44
97 180 48
97 180 52
97 180 56
97 180 60
97 180 64
97 180 68
97 179 40
97 179 44
97 179 48
97 179 52
97 179 56
97 179 60
97 179 64
97 179 68
97 178 40
97 178 44
97 178 48
97 178 52
97 178 56
97 178 60
97 178 64
97 178 68
97 178 72
97 177 40
97 177 44
97 177 48
97 177 52
97 177 56
97 177 60
97 177 64
97 177 68
97 177 72
97 177 76
97 176 40
97 176 44
97 176 48
97 176 52
97 176 56
97 176 60
97 176 64
97 176 68
97 176 72
97 176 76
97 175 40
97 175 44
97 175 48
97 175 52
97 175 56
97 175 60
97 175 64
97 175 68
97 175 72
97 175 76
97 175 80
97 174 40
97 174 44
97 174 48
97 174 52
97 174 56
97 174 60
97 174 64
97 174 68
97 174 72
97 174 76
97 174 80
97 173 40
97 173 44
97 173 48
97 173 52
97 173 56
97 173 60
97 173 64
97 173 68
97 173 72
97 173 76
97 173 80
97 173 84
97 172 40
97 172 44
97 172 48
97 172 52
97 172 56
97 172 60
97 172 64
97 172 68
97 172 72
97 172 76
97 172 80
97 172 84
97 171 40
97 171 44
97 171 48
97 171 52
97 171 56
97 171 60
97 171 64
97 171 68
97 171 72
97 171 76
97 171 80
97 171 84
97 171 88
97 170 40
97 170 44
97 170 48
97 170 52
97 170 56
97 170 60
97 170 64
97 170 68
97 170 72
97 170 76
97 170 80
97 170 84
97 170 88
97 169 40
97 169 44
97 169 48
97 169 52
97 169 56
97 169 60
97 169 64
97 169 68
97 169 72
97 169 76
97 169 80
97 169 84
97 169 88
97 168 40
97 168 44
97 168 48
97 168 52
97 168 56
97 168 60
97 168 64
97 168 68
97 168 72
97 168 76
97 168 80
97 168 84
97 168 88
97 167 40
97 167 44
97 167 48
97 167 52
97 167 56
97 167 60
97 167 64
97 167 68
97 167 72
97 167 76
97 167 80
97 167 84
97 166 40
97 166 44
97 166 48
97 166 52
97 166 56
97 166 60
97 166 64
97 166 68
97 166 72
97 166 76
97 166 80
97 165 40
97 165 44
97 165 48
97 165 52
97 165 56
97 165 60
97 165 64
97 165 68
97 165 72
97 165 76
97 164 40
97 164 44
97 164 48
97 164 52
97 164 56
97 164 60
97 164 64
97 164 68
97 163 40
97 163 44
97 163 48
97 163 52
97 163 56
97 163 60
97 162 40
97 162 44
97 162 48
97 162 52
97 162 56
97 161 40
97 161 44
97 161 48
97 161 52
97 160 40
97 160 44
97 160 48
97 159 40
97 159 44
97 158 40
97 158 44
97 157 40
97 157 44
97 156 40
97 155 40
98 155 40
98 155 44
98 154 40
99 154 40
99 154 44
99 153 40
100 153 40
100 153 44
100 152 40
100 152 44
101 152 40
101 152 44
101 151 40
101 151 44
102 151 40
102 151 44
102 150 40
102 150 44
103 150 40
103 150 44
103 149 40
103 149 44
104 149 40
104 149 44
104 148 40
104 148 44
105 148 40
105 148 44
105 147 40
105 147 44
106 147 40
106 147 44
106 146 40
106 146 44
106 145 40
106 145 44
106 144 40
106 144 44
106 143 40
106 143 44
106 142 40
106 142 44
106 141 40
106 140 40
106 139 40
106 138 40
53 198 40
54 198 40
55 198 40
56 198 40
57 198 40
58 198 40
59 198 40
60 198 40
61 198 40
62 198 40
63 198 40
64 198 40
65 198 40
66 198 40
67 198 40
68 198 40
69 198 40
69 198 44
70 198 40
70 198 44
71 198 40
71 198 44
71 198 48
72 198 40
72 198 44
72 198 48
73 198 40
73 198 44
73 198 48
73 198 52
74 198 40
74 198 44
74 198 48
74 198 52
74 198 56
75 198 40
75 198 44
75 198 48
75 198 52
75 198 56
75 198 60
76 198 40
76 198 44
76 198 48
76 198 52
76 198 56
76 198 60
76 198 64
77 198 40
77 198 44
77 198 48
77 198 52
77 198 56
77 198 60
77 198 64
77 198 68
78 198 40
78 198 44
78 198 48
78 198 52
78 198 56
78 198 60
78 198 64
78 198 68
78 198 72
79 198 40
79 198 44
79 198 48
79 198 52
79 198 56
79 198 60
79 198 64
79 198 68
79 198 72
80 198 40
80 198 44
80 198 48
80 198 52
80 198 56
80 198 60
80 198 64
80 198 68
80 198 72
81 198 40
81 198 44
81 198 48
81 198 52
81 198 56
81 198 60
81 198 64
81 198 68
81 198 72
82 198 40
82 198 44
82 198 48
82 198 52
82 198 56
82 198 60
82 198 64
82 198 68
82 198 72
83 198 40
83 198 44
83 198 48
83 198 52
83 198 56
83 198 60
83 198 64
83 198 68
84 198 40
84 198 44
84 198 48
84 198 52
84 198 56
84 198 60
84 198 64
84 198 68
85 198 40
85 198 44
85 198 48
85 198 52
85 198 56
85 198 60
85 198 64
86 198 40
86 198 44
86 198 48
86 198 52
86 198 56
86 198 60
86 198 64
87 198 40
87 198 44
87 198 48
87 198 52
87 198 56
87 198 60
88 198 40
88 198 44
88 198 48
88 198 52
88 198 56
88 198 60
89 198 40
89 198 44
89 198 48
89 198 52
89 198 56
89 198 60
90 198 40
90 198 44
90 198 48
90 198 52
90 198 56
90 198 60
91 198 40
91 198 44
91 198 48
91 198 52
91 198 56
91 198 60
92 198 40
92 198 44
92 198 48
92 198 52
92 198 56
92 198 60
92 198 64
93 198 40
93 198 44
93 198 48
93 198 52
93 198 56
93 198 60
93 198 64
94 198 40
94 198 44
94 198 48
94 198 52
94 198 56
94 198 60
94 198 64
94 198 68
95 198 40
95 198 44
95 198 48
95 198 52
95 198 56
95 198 60
95 198 64
95 198 68
95 198 72
96 198 40
96 198 44
96 198 48
96 198 52
96 198 56
96 198 60
96 198 64
96 198 68
96 198 72
96 198 76
97 198 40
97 198 44
97 198 48
97 198 52
97 198 56
97 198 60
97 198 64
97 198 68
97 198 72
97 198 76
98 198 40
98 198 44
98 198 48
98 198 52
98 198 56
98 198 60
98 198 64
98 198 68
98 198 72
98 198 76
99 198 40
99 198 44
99 198 48
99 198 52
99 198 56
99 198 60
99 198 64
99 198 68
99 198 72
99 198 76
99 198 80
100 198 40
100 198 44
100 198 48
100 198 52
100 198 56
100 198 60
100 198 64
100 198 68
100 198 72
100 198 76
101 198 40
101 198 44
101 198 48
101 198 52
101 198 56
101 198 60
101 198 64
101 198 68
101 198 72
101 198 76
102 198 40
102 198 44
102 198 48
102 198 52
102 198 56
102 198 60
102 198 64
102 198 68
102 198 72
103 198 40
103 198 44
103 198 48
103 198 52
103 198 56
103 198 60
103 198 64
103 198 68
104 198 40
104 198 44
104 198 48
104 198 52
104 198 56
104 198 60
104 198 64
9 80 40
9 80 44
9 80 48
9 81 40
9 81 44
9 82 40
9 82 44
9 83 40
9 83 44
9 84 40
9 84 44
9 85 40
9 86 40
9 87 40
9 88 40
9 89 40
10 89 40
10 90 40
11 91 40
12 91 40
12 92 40
13 92 40
14 92 40
14 93 40
15 93 40
15 94 40
16 94 40
16 95 40
17 95 40
17 96 40
18 96 40
19 96 40
20 96 40
21 96 40
22 96 40
23 96 40
24 96 40
24 96 44
25 96 40
25 96 44
26 96 40
26 96 44
27 96 40
27 96 44
28 96 40
28 96 44
29 96 40
29 96 44
29 96 48
30 96 40
30 96 44
30 96 48
31 96 40
31 96 44
31 96 48
31 96 52
32 96 40
32 96 44
32 96 48
32 96 52
32 96 56
33 96 40
33 96 44
33 96 48
33 96 52
33 96 56
33 96 60
34 96 40
34 96 44
34 96 48
34 96 52
34 96 56
34 96 60
34 96 64
34 96 68
35 96 40
35 96 44
35 96 48
35 96 52
35 96 56
35 96 60
35 96 64
35 96 68
35 96 72
36 96 40
36 96 44
36 96 48
36 96 52
36 96 56
36 96 60
36 96 64
36 96 68
36 96 72
36 96 76
37 96 40
37 96 44
37 96 48
37 96 52
37 96 56
37 96 60
37 96 64
37 96 68
37 96 72
37 96 76
37 96 80
37 96 84
38 96 40
38 96 44
38 96 48
38 96 52
38 96 56
38 96 60
38 96 64
38 96 68
38 96 72
38 96 76
38 96 80
38 96 84
38 96 88
39 96 40
39 96 44
39 96 48
39 96 52
39 96 56
39 96 60
39 96 64
39 96 68
39 96 72
39 96 76
39 96 80
39 96 84
39 96 88
39 96 92
40 96 40
40 96 44
40 96 48
40 96 52
40 96 56
40 96 60
40 96 64
40 96 68
40 96 72
40 96 76
40 96 80
40 96 84
40 96 88
40 96 92
40 96 96
41 96 40
41 96 44
41 96 48
41 96 52
41 96 56
41 96 60
41 96 64
41 96 68
41 96 72
41 96 76
41 96 80
41 96 84
41 96 88
41 96 92
41 96 96
42 96 40
42 96 44
42 96 48
42 96 52
42 96 56
42 96 60
42 96 64
42 96 68
42 96 72
42 96 76
42 96 80
42 96 84
42 96 88
42 96 92
42 96 96
42 96 100
43 96 40
43 96 44
43 96 48
43 96 52
43 96 56
43 96 60
43 96 64
43 96 68
43 96 72
43 96 76
43 96 80
43 96 84
43 96 88
43 96 92
43 96 96
43 96 100
44 96 40
44 96 44
44 96 48
44 96 52
44 96 56
44 96 60
44 96 64
44 96 68
44 96 72
44 96 76
44 96 80
44 96 84
44 96 88
44 96 92
44 96 96
45 96 40
45 96 44
45 96 48
45 96 52
45 96 56
45 96 60
45 96 64
45 96 68
45 96 72
45 96 76
45 96 80
45 96 84
45 96 88
45 96 92
46 96 40
46 96 44
46 96 48
46 96 52
46 96 56
46 96 60
46 96 64
46 96 68
46 96 72
46 96 76
46 96 80
46 96 84
46 96 88
47 96 40
47 96 44
47 96 48
47 96 52
47 96 56
47 96 60
47 96 64
47 96 68
47 96 72
47 96 76
47 96 80
48 96 40
48 96 44
48 96 48
48 96 52
48 96 56
48 96 60
48 96 64
48 96 68
48 96 72
48 96 76
49 96 40
49 96 44
49 96 48
49 96 52
49 96 56
49 96 60
49 96 64
49 96 68
50 96 40
50 96 44
50 96 48
50 96 52
50 96 56
50 96 60
51 96 40
51 96 44
51 96 48
51 96 52
51 96 56
52 96 40
52 96 44
52 96 48
52 96 52
53 96 40
53 96 44
53 96 48
53 96 52
53 95 40
53 95 44
53 95 48
53 95 52
54 95 40
54 95 44
54 95 48
54 94 40
54 94 44
54 94 48
55 94 40
55 94 44
55 94 48
55 93 40
55 93 44
55 93 48
56 93 40
56 93 44
56 93 48
56 92 40
56 92 44
56 92 48
57 92 40
57 92 44
57 92 48
58 92 40
58 92 44
58 92 48
59 92 40
59 92 44
59 92 48
60 92 40
60 92 44
60 92 48
61 92 40
61 92 44
61 92 48
62 92 40
62 92 44
62 92 48
63 92 40
63 92 44
63 92 48
64 92 40
64 92 44
64 92 48
65 92 40
65 92 44
65 92 48
66 92 40
66 92 44
66 92 48
67 92 40
67 92 44
68 92 40
68 92 44
69 92 40
69 92 44
70 92 40
70 92 44
71 92 40
71 92 44
72 92 40
72 92 44
73 92 40
74 92 40
75 92 40
76 92 40
77 92 40
78 92 40
79 92 40
80 92 40
81 92 40
82 92 40
83 92 40
84 92 40
85 92 40
86 92 40
87 92 40
88 92 40
89 92 40
90 92 40
91 92 40
92 92 40
93 92 40
94 92 40
95 92 40
170 117 40
169 117 40
168 117 40
168 117 44
167 117 40
167 117 44
166 117 40
166 117 44
165 117 40
165 117 44
164 117 40
164 117 44
164 117 48
163 117 40
163 117 44
163 117 48
162 117 40
162 117 44
162 117 48
162 117 52
161 117 40
161 117 44
161 117 48
161 117 52
161 117 56
161 118 40
161 118 44
161 118 48
161 118 52
161 118 56
161 118 60
160 118 40
160 118 44
160 118 48
160 118 52
160 118 56
160 118 60
160 118 64
160 119 40
160 119 44
160 119 48
160 119 52
160 119 56
160 119 60
160 119 64
160 119 68
160 119 72
160 119 76
159 119 40
159 119 44
159 119 48
159 119 52
159 119 56
159 119 60
159 119 64
159 119 68
159 119 72
159 119 76
159 119 80
159 119 84
159 120 40
159 120 44
159 120 48
159 120 52
159 120 56
159 120 60
159 120 64
159 120 68
159 120 72
159 120 76
159 120 80
159 120 84
159 120 88
159 120 92
159 120 96
158 120 40
158 120 44
158 120 48
158 120 52
158 120 56
158 120 60
158 120 64
158 120 68
158 120 72
158 120 76
158 120 80
158 120 84
158 120 88
158 120 92
158 120 96
158 120 100
158 120 104
158 121 40
158 121 44
158 121 48
158 121 52
158 121 56
158 121 60
158 121 64
158 121 68
158 121 72
158 121 76
158 121 80
158 121 84
158 121 88
158 121 92
158 121 96
158 121 100
158 121 104
158 121 108
158 121 112
158 121 116
157 121 40
157 121 44
157 121 48
157 121 52
157 121 56
157 121 60
157 121 64
157 121 68
157 121 72
157 121 76
157 121 80
157 121 84
157 121 88
157 121 92
157 121 96
157 121 100
157 121 104
157 121 108
157 121 112
157 121 116
157 121 120
157 121 124
157 121 128
156 121 40
156 121 44
156 121 48
156 121 52
156 121 56
156 121 60
156 121 64
156 121 68
156 121 72
156 121 76
156 121 80
156 121 84
156 121 88
156 121 92
156 121 96
156 121 100
156 121 104
156 121 108
156 121 112
156 121 116
156 121 120
156 121 124
156 121 128
156 121 132
156 121 136
155 121 40
155 121 44
155 121 48
155 121 52
155 121 56
155 121 60
155 121 64
155 121 68
155 121 72
155 121 76
155 121 80
155 121 84
155 121 88
155 121 92
155 121 96
155 121 100
155 121 104
155 121 108
155 121 112
155 121 116
155 121 120
155 121 124
155 121 128
155 121 132
155 121 136
155 121 140
154 121 40
154 121 44
154 121 48
154 121 52
154 121 56
154 121 60
154 121 64
154 121 68
154 121 72
154 121 76
154 121 80
154 121 84
154 121 88
154 121 92
154 121 96
154 121 100
154 121 104
154 121 108
154 121 112
154 121 116
154 121 120
154 121 124
154 121 128
154 121 132
154 121 136
154 121 140
154 121 144
154 121 148
153 121 40
153 121 44
153 121 48
153 121 52
153 121 56
153 121 60
153 121 64
153 121 68
153 121 72
153 121 76
153 121 80
153 121 84
153 121 88
153 121 92
153 121 96
153 121 100
153 121 104
153 121 108
153 121 112
153 121 116
153 121 120
153 121 124
153 121 128
153 121 132
153 121 136
153 121 140
153 121 144
153 121 148
153 121 152
152 121 40
152 121 44
152 121 48
152 121 52
152 121 56
152 121 60
152 121 64
152 121 68
152 121 72
152 121 76
152 121 80
152 121 84
152 121 88
152 121 92
152 121 96
152 121 100
152 121 104
152 121 108
152 121 112
152 121 116
152 121 120
152 121 124
152 121 128
152 121 132
152 121 136
152 121 140
152 121 144
152 121 148
152 121 152
152 121 156
152 121 160
151 121 40
151 121 44
151 121 48
151 121 52
151 121 56
151 121 60
151 121 64
151 121 68
151 121 72
151 121 76
151 121 80
151 121 84
151 121 88
151 121 92
151 121 96
151 121 100
151 121 104
151 121 108
151 121 112
151 121 116
151 121 120
151 121 124
151 121 128
151 121 132
151 121 136
151 121 140
151 121 144
151 121 148
151 121 152
151 121 156
151 121 160
151 121 164
150 121 40
150 121 44
150 121 48
150 121 52
150 121 56
150 121 60
150 121 64
150 121 68
150 121 72
150 121 76
150 121 80
150 121 84
150 121 88
150 121 92
150 121 96
150 121 100
150 121 104
150 121 108
150 121 112
150 121 116
150 121 120
150 121 124
150 121 128
150 121 132
150 121 136
150 121 140
150 121 144
150 121 148
150 121 152
150 121 156
150 121 160
150 121 164
150 121 168
149 121 40
149 121 44
149 121 48
149 121 52
149 121 56
149 121 60
149 121 64
149 121 68
149 121 72
149 121 76
149 121 80
149 121 84
149 121 88
149 121 92
149 121 96
149 121 100
149 121 104
149 121 108
149 121 112
149 121 116
149 121 120
149 121 124
149 121 128
149 121 132
149 121 136
149 121 140
149 121 144
149 121 148
149 121 152
149 121 156
149 121 160
149 121 164
149 121 168
149 121 172
148 121 40
148 121 44
148 121 48
148 121 52
148 121 56
148 121 60
148 121 64
148 121 68
148 121 72
148 121 76
148 121 80
148 121 84
148 121 88
148 121 92
148 121 96
148 121 100
148 121 104
148 121 108
148 121 112
148 121 116
148 121 120
148 121 124
148 121 128
148 121 132
148 121 136
148 121 140
148 121 144
148 121 148
148 121 152
148 121 156
148 121 160
148 121 164
148 121 168
148 121 172
148 121 176
147 121 40
147 121 44
147 121 48
147 121 52
147 121 56
147 121 60
147 121 64
147 121 68
147 121 72
147 121 76
147 121 80
147 121 84
147 121 88
147 121 92
147 121 96
147 121 100
147 121 104
147 121 108
147 121 112
147 121 116
147 121 120
147 121 124
147 121 128
147 121 132
147 121 136
147 121 140
147 121 144
147 121 148
147 121 152
147 121 156
147 121 160
147 121 164
147 121 168
147 121 172
147 121 176
146 121 40
146 121 44
146 121 48
146 121 52
146 121 56
146 121 60
146 121 64
146 121 68
146 121 72
146 121 76
146 121 80
146 121 84
146 121 88
146 121 92
146 121 96
146 121 100
146 121 104
146 121 108
146 121 112
146 121 116
146 121 120
146 121 124
146 121 128
146 121 132
146 121 136
146 121 140
146 121 144
146 121 148
146 121 152
146 121 156
146 121 160
146 121 164
146 121 168
146 121 172
146 121 176
146 121 180
145 121 40
145 121 44
145 121 48
145 121 52
145 121 56
145 121 60
145 121 64
145 121 68
145 121 72
145 121 76
145 121 80
145 121 84
145 121 88
145 121 92
145 121 96
145 121 100
145 121 104
145 121 108
145 121 112
145 121 116
145 121 120
145 121 124
145 121 128
145 121 132
145 121 136
145 121 140
145 121 144
145 121 148
145 121 152
145 121 156
145 121 160
145 121 164
145 121 168
145 121 172
145 121 176
145 121 180
145 121 184
144 121 40
144 121 44
144 121 48
144 121 52
144 121 56
144 121 60
144 121 64
144 121 68
144 121 72
144 121 76
144 121 80
144 121 84
144 121 88
144 121 92
144 121 96
144 121 100
144 121 104
144 121 108
144 121 112
144 121 116
144 121 120
144 121 124
144 121 128
144 121 132
144 121 136
144 121 140
144 121 144
144 121 148
144 121 152
144 121 156
144 121 160
144 121 164
144 121 168
144 121 172
144 121 176
144 121 180
144 121 184
143 121 40
143 121 44
143 121 48
143 121 52
143 121 56
143 121 60
143 121 64
143 121 68
143 121 72
143 121 76
143 121 80
143 121 84
143 121 88
143 121 92
143 121 96
143 121 100
143 121 104
143 121 108
143 121 112
143 121 116
143 121 120
143 121 124
143 121 128
143 121 132
143 121 136
143 121 140
143 121 144
143 121 148
143 121 152
143 121 156
143 121 160
143 121 164
143 121 168
143 121 172
143 121 176
143 121 180
143 121 184
143 121 188
142 121 40
142 121 44
142 121 48
142 121 52
142 121 56
142 121 60
142 121 64
142 121 68
142 121 72
142 121 76
142 121 80
142 121 84
142 121 88
142 121 92
142 121 96
142 121 100
142 121 104
142 121 108
142 121 112
142 121 116
142 121 120
142 121 124
142 121 128
142 121 132
142 121 136
142 121 140
142 121 144
142 121 148
142 121 152
142 121 156
142 121 160
142 121 164
142 121 168
142 121 172
142 121 176
142 121 180
142 121 184
142 121 188
141 121 40
141 121 44
141 121 48
141 121 52
141 121 56
141 121 60
141 121 64
141 121 68
141 121 72
141 121 76
141 121 80
141 121 84
141 121 88
141 121 92
141 121 96
141 121 100
141 121 104
141 121 108
141 121 112
141 121 116
141 121 120
141 121 124
141 121 128
141 121 132
141 121 136
141 121 140
141 121 144
141 121 148
141 121 152
141 121 156
141 121 160
141 121 164
141 121 168
141 121 172
141 121 176
141 121 180
141 121 184
141 121 188
140 121 40
140 121 44
140 121 48
140 121 52
140 121 56
140 121 60
140 121 64
140 121 68
140 121 72
140 121 76
140 121 80
140 121 84
140 121 88
140 121 92
140 121 96
140 121 100
140 121 104
140 121 108
140 121 112
140 121 116
140 121 120
140 121 124
140 121 128
140 121 132
140 121 136
140 121 140
140 121 144
140 121 148
140 121 152
140 121 156
140 121 160
140 121 164
140 121 168
140 121 172
140 121 176
140 121 180
140 121 184
140 121 188
139 121 40
139 121 44
139 121 48
139 121 52
139 121 56
139 121 60
139 121 64
139 121 68
139 121 72
139 121 76
139 121 80
139 121 84
139 121 88
139 121 92
139 121 96
139 121 100
139 121 104
139 121 108
139 121 112
139 121 116
139 121 120
139 121 124
139 121 128
139 121 132
139 121 136
139 121 140
139 121 144
139 121 148
139 121 152
139 121 156
139 121 160
139 121 164
139 121 168
139 121 172
139 121 176
139 121 180
139 121 184
139 121 188
138 121 40
138 121 44
138 121 48
138 121 52
138 121 56
138 121 60
138 121 64
138 121 68
138 121 72
138 121 76
138 121 80
138 121 84
138 121 88
138 121 92
138 121 96
138 121 100
138 121 104
138 121 108
138 121 112
138 121 116
138 121 120
138 121 124
138 121 128
138 121 132
138 121 136
138 121 140
138 121 144
138 121 148
138 121 152
138 121 156
138 121 160
138 121 164
138 121 168
138 121 172
138 121 176
138 121 180
138 121 184
138 121 188
137 121 40
137 121 44
137 121 48
137 121 52
137 121 56
137 121 60
137 121 64
137 121 68
137 121 72
137 121 76
137 121 80
137 121 84
137 121 88
137 121 92
137 121 96
137 121 100
137 121 104
137 121 108
137 121 112
137 121 116
137 121 120
137 121 124
137 121 128
137 121 132
137 121 136
137 121 140
137 121 144
137 121 148
137 121 152
137 121 156
137 121 160
137 121 164
137 121 168
137 121 172
137 121 176
137 121 180
137 121 184
136 121 40
136 121 44
136 121 48
136 121 52
136 121 56
136 121 60
136 121 64
136 121 68
136 121 72
136 121 76
136 121 80
136 121 84
136 121 88
136 121 92
136 121 96
136 121 100
136 121 104
136 121 108
136 121 112
136 121 116
136 121 120
136 121 124
136 121 128
136 121 132
136 121 136
136 121 140
136 121 144
136 121 148
136 121 152
136 121 156
136 121 160
136 121 164
136 121 168
136 121 172
136 121 176
136 121 180
135 121 40
135 121 44
135 121 48
135 121 52
135 121 56
135 121 60
135 121 64
135 121 68
135 121 72
135 121 76
135 121 80
135 121 84
135 121 88
135 121 92
135 121 96
135 121 100
135 121 104
135 121 108
135 121 112
135 121 116
135 121 120
135 121 124
135 121 128
135 121 132
135 121 136
135 121 140
135 121 144
135 121 148
135 121 152
135 121 156
135 121 160
135 121 164
135 121 168
135 121 172
134 121 40
134 121 44
134 121 48
134 121 52
134 121 56
134 121 60
134 121 64
134 121 68
134 121 72
134 121 76
134 121 80
134 121 84
134 121 88
134 121 92
134 121 96
134 121 100
134 121 104
134 121 108
134 121 112
134 121 116
134 121 120
134 121 124
134 121 128
134 121 132
134 121 136
134 121 140
134 121 144
134 121 148
134 121 152
134 121 156
134 121 160
133 121 40
133 121 44
133 121 48
133 121 52
133 121 56
133 121 60
133 121 64
133 121 68
133 121 72
133 121 76
133 121 80
133 121 84
133 121 88
133 121 92
133 121 96
133 121 100
133 121 104
133 121 108
133 121 112
133 121 116
133 121 120
133 121 124
133 121 128
133 121 132
133 121 136
133 121 140
133 121 144
133 121 148
132 121 40
132 121 44
132 121 48
132 121 52
132 121 56
132 121 60
132 121 64
132 121 68
132 121 72
132 121 76
132 121 80
132 121 84
132 121 88
132 121 92
132 121 96
132 121 100
132 121 104
132 121 108
132 121 112
132 121 116
132 121 120
132 121 124
132 121 128
132 121 132
132 122 40
132 122 44
132 122 48
132 122 52
132 122 56
132 122 60
132 122 64
132 122 68
132 122 72
132 122 76
132 122 80
132 122 84
132 122 88
132 122 92
132 122 96
132 122 100
132 122 104
132 122 108
132 122 112
132 122 116
132 122 120
132 122 124
132 122 128
132 122 132
131 122 40
131 122 44
131 122 48
131 122 52
131 122 56
131 122 60
131 122 64
131 122 68
131 122 72
131 122 76
131 122 80
131 122 84
131 122 88
131 122 92
131 122 96
131 122 100
131 122 104
131 122 108
131 122 112
131 123 40
131 123 44
131 123 48
131 123 52
131 123 56
131 123 60
131 123 64
131 123 68
131 123 72
131 123 76
131 123 80
131 123 84
131 123 88
131 123 92
131 123 96
131 123 100
131 123 104
131 123 108
131 123 112
130 123 40
130 123 44
130 123 48
130 123 52
130 123 56
130 123 60
130 123 64
130 123 68
130 123 72
130 123 76
130 123 80
130 123 84
130 123 88
130 123 92
130 123 96
130 124 40
130 124 44
130 124 48
130 124 52
130 124 56
130 124 60
130 124 64
130 124 68
130 124 72
130 124 76
130 124 80
130 124 84
130 124 88
130 124 92
129 124 40
129 124 44
129 124 48
129 124 52
129 124 56
129 124 60
129 124 64
129 124 68
129 124 72
129 124 76
129 124 80
129 125 40
129 125 44
129 125 48
129 125 52
129 125 56
129 125 60
129 125 64
129 125 68
129 125 72
129 125 76
128 125 40
128 125 44
128 125 48
128 125 52
128 125 56
128 125 60
128 125 64
128 126 40
128 126 44
128 126 48
128 126 52
128 126 56
128 126 60
128 126 64
127 126 40
127 126 44
127 126 48
127 126 52
127 126 56
127 127 40
127 127 44
127 127 48
127 127 52
127 127 56
126 127 40
126 127 44
126 127 48
126 127 52
125 127 40
125 127 44
125 127 48
125 128 40
125 128 44
125 128 48
124 128 40
124 128 44
123 128 40
123 128 44
122 128 40
121 128 40
120 128 40
119 128 40
118 128 40
117 128 40
116 128 40
115 128 40
114 128 40
113 128 40
112 128 40
111 128 40
110 128 40
109 128 40
108 128 40
107 128 40
161 54 40
161 55 40
161 56 40
161 57 40
162 57 40
163 57 40
164 57 40
165 57 40
166 57 40
167 57 40
167 58 40
167 59 40
167 60 40
167 61 40
167 62 40
167 63 40
167 64 40
167 65 40
167 66 40
167 67 40
167 67 44
167 68 40
167 68 44
167 69 40
167 69 44
167 69 48
167 70 40
167 70 44
167 70 48
167 70 52
167 71 40
167 71 44
167 71 48
167 71 52
167 71 56
167 72 40
167 72 44
167 72 48
167 72 52
167 72 56
167 72 60
167 73 40
167 73 44
167 73 48
167 73 52
167 73 56
167 73 60
167 73 64
167 74 40
167 74 44
167 74 48
167 74 52
167 74 56
167 74 60
167 74 64
167 74 68
167 75 40
167 75 44
167 75 48
167 75 52
167 75 56
167 75 60
167 75 64
167 75 68
167 75 72
167 76 40
167 76 44
167 76 48
167 76 52
167 76 56
167 76 60
167 76 64
167 76 68
167 76 72
167 77 40
167 77 44
167 77 48
167 77 52
167 77 56
167 77 60
167 77 64
167 77 68
167 77 72
167 78 40
167 78 44
167 78 48
167 78 52
167 78 56
167 78 60
167 78 64
167 78 68
167 78 72
167 78 76
167 79 40
167 79 44
167 79 48
167 79 52
167 79 56
167 79 60
167 79 64
167 79 68
167 79 72
167 79 76
167 80 40
167 80 44
167 80 48
167 80 52
167 80 56
167 80 60
167 80 64
167 80 68
167 80 72
167 80 76
167 81 40
167 81 44
167 81 48
167 81 52
167 81 56
167 81 60
167 81 64
167 81 68
167 81 72
167 81 76
167 82 40
167 82 44
167 82 48
167 82 52
167 82 56
167 82 60
167 82 64
167 82 68
167 82 72
167 83 40
167 83 44
167 83 48
167 83 52
167 83 56
167 83 60
167 83 64
167 83 68
167 84 40
167 84 44
167 84 48
167 84 52
167 84 56
167 84 60
167 84 64
167 85 40
167 85 44
167 85 48
167 85 52
167 85 56
167 85 60
167 86 40
167 86 44
167 86 48
167 86 52
167 87 40
167 87 44
167 87 48
167 87 52
167 88 40
167 88 44
167 88 48
167 89 40
167 89 44
167 89 48
167 90 40
167 90 44
167 91 40
167 91 44
167 92 40
167 92 44
167 93 40
168 93 40
168 94 40
169 94 40
169 95 40
170 95 40
170 96 40
171 96 40
171 97 40
171 98 40
171 99 40
171 100 40
171 101 40
171 102 40
171 103 40
171 104 40
171 105 40
171 106 40
171 107 40
171 108 40
170 108 40
170 109 40
169 109 40
169 110 40
168 110 40
168 111 40
168 112 40
168 113 40
168 114 40
168 115 40
168 116 40
198 65 40
198 64 40
198 63 40
198 62 40
198 61 40
198 59 40
198 58 40
197 58 40
196 58 40
196 57 40
195 57 40
194 57 40
193 57 40
193 56 40
192 56 40
191 56 40
190 56 40
189 56 40
188 56 40
187 56 40
186 56 40
185 56 40
184 56 40
183 56 40
182 56 40
181 56 40
180 56 40
179 56 40
178 56 40
177 56 40
176 56 40
175 56 40
174 56 40
173 56 40
172 56 40
171 56 40
170 56 40
169 56 40
168 56 40
167 56 40
123 31 40
123 31 44
123 32 40
123 32 44
123 33 40
123 33 44
124 33 40
124 33 44
124 34 40
124 34 44
125 34 40
125 34 44
126 34 40
126 34 44
126 35 40
126 35 44
126 35 48
126 36 40
126 36 44
126 36 48
127 36 40
127 36 44
127 36 48
128 36 40
128 36 44
128 36 48
128 36 52
128 37 40
128 37 44
128 37 48
128 37 52
129 37 40
129 37 44
129 37 48
129 37 52
129 37 56
129 38 40
129 38 44
129 38 48
129 38 52
129 38 56
129 39 40
129 39 44
129 39 48
129 39 52
129 39 56
129 39 60
130 39 40
130 39 44
130 39 48
130 39 52
130 39 56
130 39 60
130 40 40
130 40 44
130 40 48
130 40 52
130 40 56
130 40 60
130 40 64
131 40 40
131 40 44
131 40 48
131 40 52
131 40 56
131 40 60
131 40 64
132 40 40
132 40 44
132 40 48
132 40 52
132 41 40
132 41 44
132 41 48
132 41 52
132 41 56
132 41 60
132 41 64
133 41 40
133 41 44
133 41 48
133 41 52
133 41 56
133 41 60
133 41 64
133 42 40
133 42 44
133 42 48
133 42 52
133 42 56
133 42 60
133 42 64
134 42 40
134 42 44
134 42 48
134 42 52
134 42 56
134 42 60
134 42 64
134 43 40
134 43 44
134 43 48
134 43 52
134 43 56
134 43 60
134 44 40
134 44 44
134 44 48
134 44 52
134 44 56
134 44 60
135 44 40
135 44 44
135 44 48
135 44 52
135 44 56
135 44 60
136 44 40
136 44 44
136 44 48
136 44 52
136 44 56
136 44 60
136 45 40
136 45 44
136 45 48
136 45 52
136 45 56
136 45 60
137 45 40
137 45 44
137 45 48
137 45 52
137 45 56
137 45 60
138 45 40
138 45 44
138 45 48
138 45 52
138 45 56
138 45 60
138 45 64
139 45 40
139 45 44
139 45 48
139 45 52
139 45 56
139 45 60
139 45 64
139 45 68
139 46 40
139 46 44
139 46 48
139 46 52
139 46 56
139 46 60
139 46 64
140 46 40
140 46 44
140 46 48
140 46 52
140 46 56
140 46 60
140 46 64
140 46 68
140 47 40
140 47 44
140 47 48
140 47 52
140 47 56
140 47 60
140 47 64
141 47 40
141 47 44
141 47 48
141 47 52
141 47 56
141 47 60
141 47 64
141 48 40
141 48 44
141 48 48
141 48 52
141 48 56
141 48 60
141 48 64
142 48 40
142 48 44
142 48 48
142 48 52
142 48 56
142 48 60
142 48 64
143 48 40
143 48 44
143 48 48
143 48 52
143 48 56
143 48 60
143 48 64
143 49 40
143 49 44
143 49 48
143 49 52
143 49 56
143 49 60
143 49 64
144 49 40
144 49 44
144 49 48
144 49 52
144 49 56
144 49 60
144 49 64
144 50 40
144 50 44
144 50 48
144 50 52
144 50 56
144 50 60
145 50 40
145 50 44
145 50 48
145 50 52
145 50 56
145 50 60
145 51 40
145 51 44
145 51 48
145 51 52
145 51 56
146 51 40
146 51 44
146 51 48
146 51 52
146 51 56
146 52 40
146 52 44
146 52 48
146 52 52
147 52 40
147 52 44
147 52 48
147 52 52
147 53 40
147 53 44
147 53 48
148 53 40
148 53 44
148 53 48
149 53 40
149 53 44
149 54 40
149 54 44
150 54 40
150 55 40
151 55 40
152 55 40
153 55 40
154 55 40
155 55 40
156 55 40
157 55 40
158 55 40
159 55 40
160 55 40
