0 0 100
0 20 100
0 40 100
0 60 100
0 80 100
0 100 100
0 120 100
0 140 100
0 160 100
0 180 100
0 199 100
11 10 100
11 30 100
11 50 100
11 70 100
11 90 100
11 110 100
11 130 100
11 150 100
11 170 100
11 190 100
22 0 100
22 20 100
22 40 100
22 60 100
22 80 100
22 100 100
22 120 100
22 140 100
22 160 100
22 180 100
22 199 100
33 10 100
33 30 100
33 50 100
33 70 100
33 90 100
33 110 100
33 130 100
33 150 100
33 170 100
33 190 100
44 0 100
44 20 100
44 40 100
44 60 100
44 80 100
44 100 100
44 120 100
44 140 100
44 160 100
44 180 100
44 199 100
55 10 100
55 30 100
55 50 100
55 70 100
55 90 100
55 110 100
55 130 100
55 150 100
55 170 100
55 190 100
66 0 100
66 20 100
66 40 100
66 60 100
66 80 100
66 100 100
66 120 100
66 140 100
66 160 100
66 180 100
66 199 100
77 10 100
77 30 100
77 50 100
77 70 100
77 90 100
77 110 100
77 130 100
77 150 100
77 170 100
77 190 100
88 0 100
88 20 100
88 40 100
88 60 100
88 80 100
88 100 100
88 120 100
88 140 100
88 160 100
88 180 100
88 199 100
99 10 100
99 30 100
99 50 100
99 70 100
99 90 100
99 110 100
99 130 100
99 150 100
99 170 100
99 190 100
110 0 100
110 20 100
110 40 100
110 60 100
110 80 100
110 100 100
110 120 100
110 140 100
110 160 100
110 180 100
110 199 100
121 10 100
121 30 100
121 50 100
121 70 100
121 90 100
121 110 100
121 130 100
121 150 100
121 170 100
121 190 100
132 0 100
132 20 100
132 40 100
132 60 100
132 80 100
132 100 100
132 120 100
132 140 100
132 160 100
132 180 100
132 199 100
143 10 100
143 30 100
143 50 100
143 70 100
143 90 100
143 110 100
143 130 100
143 150 100
143 170 100
143 190 100
154 0 100
154 20 100
154 40 100
154 60 100
154 80 100
154 100 100
154 120 100
154 140 100
154 160 100
154 180 100
154 199 100
165 10 100
165 30 100
165 50 100
165 70 100
165 90 100
165 110 100
165 130 100
165 150 100
165 170 100
165 190 100
176 0 100
176 20 100
176 40 100
176 60 100
176 80 100
176 100 100
176 120 100
176 140 100
176 160 100
176 180 100
176 199 100
187 10 100
187 30 100
187 50 100
187 70 100
187 90 100
187 110 100
187 130 100
187 150 100
187 170 100
187 190 100
198 0 100
198 20 100
198 40 100
198 60 100
198 80 100
198 100 100
198 120 100
198 140 100
198 160 100
198 180 100
198 199 100
0 40 100
0 60 100
0 80 100
0 100 100
0 140 100
0 160 100
0 180 100
11 70 100
11 90 100
11 110 100
11 150 100
22 80 100
22 100 100
22 120 100
22 140 100
22 160 100
33 90 100
33 110 100
33 130 100
33 150 100
44 100 100
44 120 100
44 140 100
44 160 100
44 180 100
55 110 100
55 130 100
55 150 100
55 170 100
55 190 100
66 20 100
66 40 100
66 120 100
66 140 100
66 180 100
66 199 100
77 10 100
77 30 100
88 0 100
88 20 100
88 40 100
88 120 100
99 10 100
99 30 100
99 50 100
99 130 100
99 150 100
99 170 100
110 0 100
110 20 100
110 40 100
110 60 100
110 120 100
110 140 100
110 160 100
110 180 100
121 10 100
121 30 100
121 50 100
121 110 100
121 130 100
121 150 100
121 170 100
132 0 100
132 20 100
132 40 100
132 120 100
132 140 100
132 160 100
143 10 100
143 30 100
143 130 100
143 150 100
154 0 100
154 140 100
154 160 100
165 110 100
176 80 100
176 100 100
176 180 100
176 199 100
187 70 100
187 90 100
187 110 100
187 170 100
187 190 100
198 60 100
198 80 100
198 100 100
198 180 100
198 199 100
168 74 40
152 185 40
114 101 40
114 101 168
63 66 40
90 171 40
198 26 40
197 26 40
196 26 40
195 26 40
194 26 40
193 26 40
192 26 40
191 26 40
190 26 40
189 26 40
189 27 40
188 27 40
188 28 40
187 28 40
187 29 40
186 29 40
186 30 40
186 31 40
186 32 40
186 33 40
186 34 40
186 35 40
186 36 40
186 37 40
186 38 40
186 39 40
186 40 40
185 40 40
185 41 40
185 42 40
185 43 40
185 44 40
185 45 40
185 46 40
184 46 40
184 47 40
184 48 40
183 48 40
182 48 40
182 49 40
181 49 40
180 49 40
179 49 40
179 50 40
179 51 40
179 52 40
179 53 40
179 54 40
178 54 40
177 54 40
176 54 40
175 54 40
175 55 40
175 56 40
175 57 40
174 57 40
173 57 40
173 58 40
172 58 40
171 58 40
170 58 40
170 59 40
169 59 40
168 59 40
168 60 40
168 61 40
168 62 40
168 63 40
168 64 40
168 65 40
168 66 40
168 67 40
168 68 40
168 69 40
168 70 40
168 71 40
168 72 40
168 73 40
114 100 40
114 100 168
114 99 40
114 98 40
114 97 40
114 96 40
114 95 40
114 94 40
114 93 40
114 92 40
114 91 40
114 90 40
115 90 40
116 90 40
117 90 40
117 89 40
118 89 40
119 89 40
119 88 40
120 88 40
121 88 40
122 88 40
123 88 40
123 87 40
124 87 40
125 87 40
126 87 40
127 87 40
128 87 40
129 87 40
130 87 40
131 87 40
132 87 40
133 87 40
134 87 40
134 86 40
135 86 40
136 86 40
137 86 40
138 86 40
138 85 40
139 85 40
140 85 40
141 85 40
142 85 40
142 84 40
143 84 40
143 83 40
144 83 40
145 83 40
145 82 40
145 81 40
146 81 40
147 81 40
148 81 40
148 80 40
149 80 40
149 79 40
150 79 40
150 78 40
151 78 40
152 78 40
152 77 40
153 77 40
154 77 40
155 77 40
156 77 40
157 77 40
158 77 40
159 77 40
159 76 40
159 75 40
159 74 40
160 74 40
161 74 40
162 74 40
163 74 40
164 74 40
165 74 40
166 74 40
167 74 40
64 66 40
65 66 40
66 66 40
67 66 40
68 66 40
69 66 40
70 66 40
71 66 40
72 66 40
73 66 40
74 66 40
75 66 40
76 66 40
77 66 40
78 66 40
79 66 40
80 66 40
81 66 40
81 67 40
81 68 40
82 68 40
83 68 40
83 69 40
83 70 40
83 71 40
83 72 40
84 72 40
85 72 40
86 72 40
86 73 40
86 74 40
86 75 40
87 75 40
87 76 40
88 76 40
88 77 40
88 78 40
88 79 40
89 79 40
89 80 40
89 81 40
90 81 40
90 82 40
91 82 40
92 82 40
93 82 40
94 82 40
94 83 40
95 83 40
95 84 40
96 84 40
97 84 40
98 84 40
99 84 40
100 84 40
100 85 40
101 85 40
102 85 40
103 85 40
104 85 40
105 85 40
106 85 40
107 85 40
108 85 40
109 85 40
110 85 40
111 85 40
112 85 40
112 86 40
113 86 40
113 87 40
114 87 40
114 88 40
114 89 40
90 172 40
90 173 40
90 174 40
90 175 40
90 176 40
90 177 40
90 178 40
90 178 168
90 179 40
90 179 168
90 180 40
90 180 168
90 181 40
90 181 168
90 182 40
90 182 168
90 183 40
90 183 168
90 184 40
90 184 168
90 185 40
90 185 168
90 186 40
90 186 168
90 187 40
90 187 168
90 188 40
90 188 168
90 189 40
90 189 168
90 190 40
90 190 168
90 191 40
90 191 168
90 192 40
90 192 168
90 193 40
90 193 168
90 194 40
90 194 168
91 194 40
91 194 168
91 195 40
91 195 168
91 196 40
91 196 168
91 197 40
91 197 168
92 197 40
92 197 168
93 197 40
93 197 168
93 198 40
93 198 168
94 198 40
94 198 168
94 199 40
94 199 168
95 199 40
95 199 168
96 199 40
96 199 168
97 199 40
97 199 168
98 199 40
98 199 168
99 199 40
100 199 40
101 199 40
102 199 40
103 199 40
104 199 40
105 199 40
106 199 40
107 199 40
108 199 40
109 199 40
111 199 40
112 199 40
113 199 40
114 199 40
115 199 40
116 199 40
117 199 40
118 199 40
119 199 40
120 199 40
121 199 40
122 199 40
123 199 40
124 199 40
125 199 40
126 199 40
127 199 40
128 199 40
129 199 40
130 199 40
131 199 40
133 199 40
134 199 40
135 199 40
136 199 40
136 198 40
137 198 40
138 198 40
138 197 40
138 196 40
139 196 40
140 196 40
141 196 40
141 195 40
141 194 40
141 193 40
141 192 40
141 191 40
141 190 40
141 189 40
142 189 40
143 189 40
143 188 40
143 187 40
143 186 40
144 186 40
145 186 40
146 186 40
147 186 40
147 185 40
148 185 40
149 185 40
150 185 40
151 185 40
