0 0 100
0 20 100
0 40 100
0 60 100
0 80 100
0 100 100
0 120 100
0 140 100
0 160 100
0 180 100
0 199 100
11 10 100
11 30 100
11 50 100
11 70 100
11 90 100
11 110 100
11 130 100
11 150 100
11 170 100
11 190 100
22 0 100
22 20 100
22 40 100
22 60 100
22 80 100
22 100 100
22 120 100
22 140 100
22 160 100
22 180 100
22 199 100
33 10 100
33 30 100
33 50 100
33 70 100
33 90 100
33 110 100
33 130 100
33 150 100
33 170 100
33 190 100
44 0 100
44 20 100
44 40 100
44 60 100
44 80 100
44 100 100
44 120 100
44 140 100
44 160 100
44 180 100
44 199 100
55 10 100
55 30 100
55 50 100
55 70 100
55 90 100
55 110 100
55 130 100
55 150 100
55 170 100
55 190 100
66 0 100
66 20 100
66 40 100
66 60 100
66 80 100
66 100 100
66 120 100
66 140 100
66 160 100
66 180 100
66 199 100
77 10 100
77 30 100
77 50 100
77 70 100
77 90 100
77 110 100
77 130 100
77 150 100
77 170 100
77 190 100
88 0 100
88 20 100
88 40 100
88 60 100
88 80 100
88 100 100
88 120 100
88 140 100
88 160 100
88 180 100
88 199 100
99 10 100
99 30 100
99 50 100
99 70 100
99 90 100
99 110 100
99 130 100
99 150 100
99 170 100
99 190 100
110 0 100
110 20 100
110 40 100
110 60 100
110 80 100
110 100 100
110 120 100
110 140 100
110 160 100
110 180 100
110 199 100
121 10 100
121 30 100
121 50 100
121 70 100
121 90 100
121 110 100
121 130 100
121 150 100
121 170 100
121 190 100
132 0 100
132 20 100
132 40 100
132 60 100
132 80 100
132 100 100
132 120 100
132 140 100
132 160 100
132 180 100
132 199 100
143 10 100
143 30 100
143 50 100
143 70 100
143 90 100
143 110 100
143 130 100
143 150 100
143 170 100
143 190 100
154 0 100
154 20 100
154 40 100
154 60 100
154 80 100
154 100 100
154 120 100
154 140 100
154 160 100
154 180 100
154 199 100
165 10 100
165 30 100
165 50 100
165 70 100
165 90 100
165 110 100
165 130 100
165 150 100
165 170 100
165 190 100
176 0 100
176 20 100
176 40 100
176 60 100
176 80 100
176 100 100
176 120 100
176 140 100
176 160 100
176 180 100
176 199 100
187 10 100
187 30 100
187 50 100
187 70 100
187 90 100
187 110 100
187 130 100
187 150 100
187 170 100
187 190 100
198 0 100
198 20 100
198 40 100
198 60 100
198 80 100
198 100 100
198 120 100
198 140 100
198 160 100
198 180 100
198 199 100
0 0 100
0 80 100
0 100 100
0 140 100
0 160 100
0 180 100
0 199 100
11 10 100
11 30 100
11 90 100
11 110 100
11 150 100
11 170 100
22 0 100
22 20 100
22 40 100
22 100 100
22 160 100
33 70 100
33 90 100
33 130 100
33 150 100
33 190 100
44 20 100
44 40 100
44 60 100
44 80 100
44 100 100
44 140 100
44 199 100
55 10 100
55 30 100
55 50 100
55 90 100
55 110 100
55 130 100
66 20 100
66 40 100
66 60 100
66 80 100
66 100 100
66 120 100
66 160 100
66 199 100
77 30 100
77 90 100
77 130 100
77 150 100
77 170 100
88 0 100
88 20 100
88 40 100
88 140 100
88 160 100
88 180 100
88 199 100
99 10 100
99 30 100
99 50 100
99 130 100
99 150 100
99 170 100
99 190 100
110 0 100
110 40 100
110 80 100
110 120 100
110 140 100
110 180 100
110 199 100
121 10 100
121 90 100
121 110 100
121 130 100
121 190 100
132 0 100
132 60 100
132 120 100
132 180 100
132 199 100
143 10 100
143 50 100
143 70 100
143 130 100
143 150 100
143 190 100
154 0 100
154 40 100
154 60 100
154 80 100
154 120 100
154 140 100
154 160 100
165 10 100
165 30 100
165 50 100
165 70 100
165 90 100
165 110 100
165 130 100
165 150 100
176 20 100
176 40 100
176 60 100
176 80 100
176 120 100
176 140 100
176 160 100
176 199 100
187 30 100
187 70 100
187 130 100
187 170 100
187 190 100
198 0 100
198 20 100
198 80 100
198 100 100
198 120 100
198 140 100
198 160 100
198 180 100
78 110 40
179 4 40
65 180 40
69 0 40
96 72 40
176 73 40
176 73 56
176 73 72
176 73 88
176 73 104
176 73 120
176 73 136
42 160 40
121 59 40
152 153 40
152 153 56
152 153 72
152 153 88
152 153 104
152 153 120
152 153 136
152 153 152
152 153 168
152 153 184
152 153 200
152 153 216
152 153 232
152 153 248
152 153 264
152 153 280
13 126 40
150 27 40
146 101 40
42 161 40
42 162 40
42 163 40
42 164 40
42 165 40
42 166 40
42 167 40
42 168 40
42 169 40
43 169 40
44 169 40
44 170 40
45 170 40
45 171 40
46 171 40
46 172 40
47 172 40
47 173 40
48 173 40
48 174 40
49 174 40
49 175 40
50 175 40
50 176 40
51 176 40
51 177 40
52 177 40
52 178 40
53 178 40
53 179 40
54 179 40
54 180 40
55 180 40
56 180 40
57 180 40
58 180 40
59 180 40
60 180 40
61 180 40
62 180 40
63 180 40
64 180 40
95 72 40
95 73 40
95 74 40
95 75 40
95 76 40
95 77 40
95 78 40
95 79 40
95 80 40
95 81 40
95 82 40
95 83 40
95 84 40
95 85 40
95 86 40
95 87 40
95 88 40
95 89 40
95 90 40
95 91 40
95 92 40
95 93 40
95 94 40
95 95 40
95 96 40
95 97 40
95 98 40
95 99 40
95 100 40
95 101 40
95 102 40
95 103 40
95 104 40
95 105 40
95 106 40
95 107 40
94 107 40
94 108 40
93 108 40
93 109 40
92 109 40
92 110 40
91 110 40
90 110 40
89 110 40
88 110 40
87 110 40
86 110 40
85 110 40
84 110 40
83 110 40
82 110 40
81 110 40
80 110 40
79 110 40
120 59 40
119 59 40
119 60 40
118 60 40
118 61 40
117 61 40
117 62 40
116 62 40
115 62 40
114 62 40
114 63 40
113 63 40
112 63 40
112 64 40
111 64 40
110 64 40
110 65 40
109 65 40
108 65 40
108 66 40
107 66 40
107 67 40
106 67 40
105 67 40
105 68 40
104 68 40
104 69 40
103 69 40
102 69 40
102 70 40
101 70 40
100 70 40
100 71 40
99 71 40
98 71 40
98 72 40
97 72 40
149 27 40
149 28 40
148 28 40
147 28 40
147 29 40
146 29 40
146 30 40
145 30 40
144 30 40
144 31 40
143 31 40
142 31 40
141 31 40
141 32 40
140 32 40
139 32 40
138 32 40
138 33 40
137 33 40
136 33 40
135 33 40
135 34 40
134 34 40
134 35 40
134 36 40
133 36 40
133 37 40
133 38 40
132 38 40
132 39 40
132 41 40
131 41 40
131 42 40
131 43 40
130 43 40
130 44 40
130 45 40
129 45 40
129 46 40
129 47 40
128 47 40
128 48 40
127 48 40
127 49 40
127 50 40
126 50 40
126 51 40
126 52 40
125 52 40
125 53 40
124 53 40
124 54 40
123 54 40
123 55 40
122 55 40
122 56 40
122 57 40
121 57 40
121 58 40
145 101 40
144 101 40
143 101 40
143 100 40
142 100 40
142 99 40
142 98 40
141 98 40
141 97 40
141 96 40
141 95 40
141 94 40
141 93 40
140 93 40
140 92 40
140 91 40
140 90 40
139 90 40
139 89 40
139 88 40
138 88 40
138 87 40
138 86 40
137 86 40
137 85 40
136 85 40
136 84 40
135 84 40
135 83 40
134 83 40
134 82 40
134 81 40
133 81 40
133 80 40
132 79 40
131 79 40
131 78 40
131 78 56
130 78 40
130 78 56
130 77 40
130 77 56
129 77 40
129 77 56
129 76 40
129 76 56
129 75 40
129 75 56
129 75 72
128 75 40
128 75 56
128 75 72
128 74 40
128 74 56
128 74 72
128 73 40
128 73 56
128 73 72
127 73 40
127 73 56
127 73 72
127 72 40
127 72 56
127 72 72
127 71 40
127 71 56
127 71 72
126 71 40
126 71 56
126 71 72
126 70 40
126 70 56
125 70 40
125 70 56
125 69 40
125 69 56
124 69 40
124 69 56
124 68 40
124 68 56
124 67 40
123 67 40
123 66 40
122 66 40
122 65 40
121 65 40
121 64 40
121 63 40
121 62 40
121 61 40
121 60 40
177 73 40
177 73 56
177 73 72
177 73 88
177 73 104
177 73 120
177 73 136
178 73 40
178 73 56
178 73 72
178 73 88
178 73 104
178 73 120
178 73 136
179 73 40
179 73 56
179 73 72
179 73 88
179 73 104
179 73 120
180 73 40
180 73 56
180 73 72
180 73 88
180 73 104
180 73 120
181 73 40
181 73 56
181 73 72
181 73 88
181 73 104
181 73 120
182 73 40
182 73 56
182 73 72
182 73 88
182 73 104
183 73 40
183 73 56
183 73 72
183 73 88
183 73 104
184 73 40
184 73 56
184 73 72
184 73 88
184 73 104
185 73 40
185 73 56
185 73 72
185 73 88
186 73 40
186 73 56
186 73 72
186 73 88
187 73 40
187 73 56
187 73 72
187 73 88
188 73 40
188 73 56
188 73 72
188 73 88
188 74 40
188 74 56
188 74 72
188 74 88
188 75 40
188 75 56
188 75 72
188 75 88
188 76 40
188 76 56
188 76 72
188 76 88
188 77 40
188 77 56
188 77 72
188 78 40
188 78 56
188 78 72
188 79 40
188 79 56
188 80 40
188 80 56
188 81 40
188 81 56
188 82 40
188 83 40
188 84 40
188 85 40
188 86 40
188 87 40
188 88 40
188 89 40
188 90 40
188 91 40
188 92 40
188 93 40
187 93 40
187 94 40
186 94 40
186 95 40
185 95 40
185 96 40
185 97 40
184 97 40
184 98 40
183 98 40
183 99 40
182 99 40
182 100 40
181 100 40
181 101 40
181 102 40
180 102 40
180 103 40
179 103 40
178 103 40
178 104 40
177 104 40
176 104 40
176 105 40
175 105 40
174 105 40
174 105 56
174 106 40
174 106 56
173 106 40
173 106 56
173 107 40
173 107 56
172 107 40
172 107 56
171 107 40
171 107 56
170 107 40
170 107 56
169 107 40
169 107 56
168 107 40
168 107 56
167 107 40
167 107 56
166 107 40
166 107 56
165 107 40
165 107 56
164 107 40
164 107 56
163 107 40
163 107 56
162 107 40
161 107 40
161 106 40
160 106 40
159 106 40
158 106 40
158 105 40
157 105 40
156 105 40
155 105 40
154 105 40
153 105 40
152 105 40
151 105 40
150 105 40
149 105 40
148 105 40
148 104 40
147 104 40
147 103 40
146 103 40
146 102 40
13 127 40
13 128 40
13 129 40
14 129 40
15 129 40
16 129 40
16 130 40
17 130 40
17 131 40
17 132 40
17 133 40
18 133 40
18 134 40
18 135 40
19 135 40
19 136 40
19 137 40
20 137 40
20 138 40
21 138 40
21 139 40
22 139 40
23 140 40
23 141 40
23 141 56
24 141 40
24 141 56
24 142 40
24 142 56
25 142 40
25 142 56
25 143 40
25 143 56
25 143 72
26 143 40
26 143 56
26 143 72
26 144 40
26 144 56
26 144 72
27 144 40
27 144 56
27 144 72
27 144 88
27 145 40
27 145 56
27 145 72
27 145 88
28 145 40
28 145 56
28 145 72
28 145 88
28 146 40
28 146 56
28 146 72
28 146 88
28 147 40
28 147 56
28 147 72
28 147 88
29 147 40
29 147 56
29 147 72
29 147 88
29 147 104
30 147 40
30 147 56
30 147 72
30 147 88
30 147 104
30 148 40
30 148 56
30 148 72
30 148 88
30 148 104
30 149 40
30 149 56
30 149 72
30 149 88
30 150 40
30 150 56
30 150 72
30 150 88
30 151 40
30 151 56
30 151 72
30 152 40
30 152 56
30 152 72
30 153 40
30 153 56
30 154 40
30 154 56
30 155 40
30 155 56
30 156 40
30 156 56
30 157 40
30 157 56
30 158 40
30 159 40
30 160 40
30 161 40
30 161 56
30 162 40
30 162 56
30 163 40
30 163 56
30 164 40
30 164 56
30 165 40
30 165 56
30 166 40
30 166 56
30 167 40
30 167 56
30 168 40
30 168 56
30 168 72
31 168 40
31 168 56
32 168 40
32 168 56
33 168 40
33 168 56
34 168 40
35 168 40
36 168 40
37 168 40
38 168 40
39 168 40
40 168 40
41 168 40
70 0 40
71 0 40
72 0 40
73 0 40
73 1 40
74 1 40
74 2 40
75 2 40
75 3 40
76 3 40
76 4 40
77 4 40
77 5 40
78 5 40
78 6 40
79 6 40
79 6 56
79 7 40
79 7 56
80 7 40
80 7 56
81 7 40
81 7 56
81 7 72
82 7 40
82 7 56
82 7 72
82 7 88
83 7 40
83 7 56
83 7 72
83 7 88
83 7 104
84 7 40
84 7 56
84 7 72
84 7 88
84 7 104
84 7 120
85 7 40
85 7 56
85 7 72
85 7 88
85 7 104
85 7 120
85 7 136
86 7 40
86 7 56
86 7 72
86 7 88
86 7 104
86 7 120
86 7 136
86 7 152
87 7 40
87 7 56
87 7 72
87 7 88
87 7 104
87 7 120
87 7 136
87 7 152
87 7 168
87 7 184
88 7 40
88 7 56
88 7 72
88 7 88
88 7 104
88 7 120
88 7 136
88 7 152
88 7 168
88 7 184
88 7 200
89 7 40
89 7 56
89 7 72
89 7 88
89 7 104
89 7 120
89 7 136
89 7 152
89 7 168
89 7 184
89 7 200
89 7 216
90 7 40
90 7 56
90 7 72
90 7 88
90 7 104
90 7 120
90 7 136
90 7 152
90 7 168
90 7 184
90 7 200
90 7 216
90 7 232
91 7 40
91 7 56
91 7 72
91 7 88
91 7 104
91 7 120
91 7 136
91 7 152
91 7 168
91 7 184
91 7 200
91 7 216
91 7 232
91 7 248
92 7 40
92 7 56
92 7 72
92 7 88
92 7 104
92 7 120
92 7 136
92 7 152
92 7 168
92 7 184
92 7 200
92 7 216
92 7 232
92 7 248
92 7 264
93 7 40
93 7 56
93 7 72
93 7 88
93 7 104
93 7 120
93 7 136
93 7 152
93 7 168
93 7 184
93 7 200
93 7 216
93 7 232
93 7 248
93 7 264
93 7 280
94 7 40
94 7 56
94 7 72
94 7 88
94 7 104
94 7 120
94 7 136
94 7 152
94 7 168
94 7 184
94 7 200
94 7 216
94 7 232
94 7 248
94 7 264
94 7 280
94 7 296
94 8 40
94 8 56
94 8 72
94 8 88
94 8 104
94 8 120
94 8 136
94 8 152
94 8 168
94 8 184
94 8 200
94 8 216
94 8 232
94 8 248
94 8 264
94 8 280
94 8 296
95 8 40
95 8 56
95 8 72
95 8 88
95 8 104
95 8 120
95 8 136
95 8 152
95 8 168
95 8 184
95 8 200
95 8 216
95 8 232
95 8 248
95 8 264
95 8 280
95 8 296
95 9 40
95 9 56
95 9 72
95 9 88
95 9 104
95 9 120
95 9 136
95 9 152
95 9 168
95 9 184
95 9 200
95 9 216
95 9 232
95 9 248
95 9 264
95 9 280
95 9 296
96 9 40
96 9 56
96 9 72
96 9 88
96 9 104
96 9 120
96 9 136
96 9 152
96 9 168
96 9 184
96 9 200
96 9 216
96 9 232
96 9 248
96 9 264
96 9 280
96 9 296
96 10 40
96 10 56
96 10 72
96 10 88
96 10 104
96 10 120
96 10 136
96 10 152
96 10 168
96 10 184
96 10 200
96 10 216
96 10 232
96 10 248
96 10 264
96 10 280
96 10 296
97 10 40
97 10 56
97 10 72
97 10 88
97 10 104
97 10 120
97 10 136
97 10 152
97 10 168
97 10 184
97 10 200
97 10 216
97 10 232
97 10 248
97 10 264
97 10 280
98 10 40
98 10 56
98 10 72
98 10 88
98 10 104
98 10 120
98 10 136
98 10 152
98 10 168
98 10 184
98 10 200
98 10 216
98 10 232
98 10 248
98 10 264
98 10 280
98 11 40
98 11 56
98 11 72
98 11 88
98 11 104
98 11 120
98 11 136
98 11 152
98 11 168
98 11 184
98 11 200
98 11 216
98 11 232
98 11 248
98 11 264
99 11 40
99 11 56
99 11 72
99 11 88
99 11 104
99 11 120
99 11 136
99 11 152
99 11 168
99 11 184
99 11 200
99 11 216
99 11 232
99 11 248
99 11 264
99 12 40
99 12 56
99 12 72
99 12 88
99 12 104
99 12 120
99 12 136
99 12 152
99 12 168
99 12 184
99 12 200
99 12 216
99 12 232
100 12 40
100 12 56
100 12 72
100 12 88
100 12 104
100 12 120
100 12 136
100 12 152
100 12 168
100 12 184
100 12 200
100 12 216
101 12 40
101 12 56
101 12 72
101 12 88
101 12 104
101 12 120
101 12 136
101 12 152
101 12 168
101 12 184
101 12 200
102 12 40
102 12 56
102 12 72
102 12 88
102 12 104
102 12 120
102 12 136
102 12 152
102 12 168
102 12 184
103 12 40
103 12 56
103 12 72
103 12 88
103 12 104
103 12 120
103 12 136
103 12 152
103 12 168
103 13 40
103 13 56
103 13 72
103 13 88
103 13 104
103 13 120
103 13 136
103 13 152
104 13 40
104 13 56
104 13 72
104 13 88
104 13 104
104 13 120
104 13 136
105 13 40
105 13 56
105 13 72
105 13 88
105 13 104
105 13 120
105 14 40
105 14 56
105 14 72
105 14 88
105 14 104
106 14 40
106 14 56
106 14 72
106 14 88
106 15 40
106 15 56
106 15 72
106 15 88
107 15 40
107 15 56
107 15 72
107 16 40
107 16 56
107 16 72
108 16 40
108 16 56
109 16 40
109 16 56
109 17 40
109 17 56
110 17 40
110 17 56
111 17 40
111 18 40
112 18 40
113 18 40
113 19 40
114 19 40
114 20 40
115 20 40
115 21 40
116 21 40
117 21 40
117 22 40
118 22 40
118 23 40
119 23 40
119 24 40
120 24 40
121 24 40
121 25 40
122 25 40
123 25 40
123 26 40
124 26 40
125 26 40
126 26 40
127 26 40
127 27 40
128 27 40
129 27 40
129 28 40
130 28 40
130 29 40
131 29 40
131 30 40
132 30 40
132 31 40
133 31 40
133 32 40
133 33 40
134 33 40
152 154 40
152 154 56
152 154 72
152 154 88
152 154 104
152 154 120
152 154 136
152 154 152
152 154 168
152 154 184
152 154 200
152 154 216
152 154 232
152 154 248
152 154 264
152 154 280
152 155 40
152 155 56
152 155 72
152 155 88
152 155 104
152 155 120
152 155 136
152 155 152
152 155 168
152 155 184
152 155 200
152 155 216
152 155 232
152 155 248
152 155 264
152 155 280
152 156 40
152 156 56
152 156 72
152 156 88
152 156 104
152 156 120
152 156 136
152 156 152
152 156 168
152 156 184
152 156 200
152 156 216
152 156 232
152 156 248
152 156 264
152 156 280
152 157 40
152 157 56
152 157 72
152 157 88
152 157 104
152 157 120
152 157 136
152 157 152
152 157 168
152 157 184
152 157 200
152 157 216
152 157 232
152 157 248
152 158 40
152 158 56
152 158 72
152 158 88
152 158 104
152 158 120
152 158 136
152 158 152
152 158 168
152 158 184
152 158 200
152 158 216
152 158 232
152 159 40
152 159 56
152 159 72
152 159 88
152 159 104
152 159 120
152 159 136
152 159 152
152 159 168
152 159 184
152 159 200
152 160 40
152 160 56
152 160 72
152 160 88
152 160 104
152 160 120
152 160 136
152 160 152
152 160 168
152 161 40
152 161 56
152 161 72
152 161 88
152 161 104
152 161 120
152 161 136
152 161 152
152 162 40
152 162 56
152 162 72
152 162 88
152 162 104
152 162 120
152 163 40
152 163 56
152 163 72
152 163 88
152 164 40
152 164 56
152 164 72
152 165 40
152 165 56
152 166 40
152 166 56
152 167 40
152 168 40
152 169 40
152 170 40
152 171 40
152 172 40
152 173 40
152 174 40
152 175 40
152 176 40
152 177 40
153 177 40
154 177 40
155 177 40
156 177 40
157 177 40
158 177 40
159 177 40
160 177 40
161 177 40
162 177 40
163 177 40
164 177 40
165 177 40
166 177 40
167 177 40
168 177 40
168 176 40
168 175 40
168 174 40
169 174 40
169 174 56
169 173 40
169 173 56
169 172 40
169 172 56
170 172 40
170 172 56
170 172 72
170 171 40
170 171 56
170 171 72
171 171 40
171 171 56
171 171 72
171 171 88
171 170 40
171 170 56
171 170 72
171 170 88
171 169 40
171 169 56
171 169 72
171 169 88
171 169 104
172 169 40
172 169 56
172 169 72
172 169 88
172 169 104
172 168 40
172 168 56
172 168 72
172 168 88
172 168 104
172 168 120
173 168 40
173 168 56
173 168 72
173 168 88
173 168 104
173 168 120
173 167 40
173 167 56
173 167 72
173 167 88
173 167 104
173 167 120
174 167 40
174 167 56
174 167 72
174 167 88
174 167 104
174 167 120
174 166 40
174 166 56
174 166 72
174 166 88
174 166 104
174 166 120
174 165 40
174 165 56
174 165 72
174 165 88
174 165 104
174 165 120
175 165 40
175 165 56
175 165 72
175 165 88
175 165 104
175 165 120
175 164 40
175 164 56
175 164 72
175 164 88
175 164 104
176 164 40
176 164 56
176 164 72
176 164 88
176 164 104
176 163 40
176 163 56
176 163 72
176 163 88
176 163 104
177 163 40
177 163 56
177 163 72
177 163 88
177 162 40
177 162 56
177 162 72
177 162 88
178 162 40
178 162 56
178 162 72
178 161 40
178 161 56
178 161 72
179 161 40
179 161 56
179 161 72
179 160 40
179 160 56
179 160 72
180 160 40
180 160 56
180 160 72
180 159 40
180 159 56
181 159 40
181 159 56
181 158 40
181 158 56
182 158 40
182 158 56
183 158 40
183 158 56
183 157 40
183 157 56
184 157 40
184 157 56
184 156 40
184 156 56
185 156 40
185 156 56
185 155 40
185 155 56
186 155 40
186 155 56
186 154 40
186 154 56
187 154 40
187 154 56
187 153 40
187 153 56
188 153 40
188 153 56
188 152 40
188 152 56
189 152 40
189 152 56
189 151 40
189 151 56
190 151 40
190 151 56
190 150 40
190 150 56
191 150 40
191 150 56
191 149 40
191 149 56
192 149 40
192 149 56
192 148 40
192 148 56
193 148 40
193 148 56
194 148 40
194 148 56
194 148 72
194 147 40
194 147 56
194 147 72
195 147 40
195 147 56
195 147 72
195 146 40
195 146 56
195 146 72
196 146 40
196 146 56
196 146 72
196 146 88
196 145 40
196 145 56
196 145 72
196 145 88
197 145 40
197 145 56
197 145 72
197 145 88
197 144 40
197 144 56
197 144 72
197 144 88
198 144 40
198 144 56
198 144 72
198 144 88
198 144 104
199 144 40
199 144 56
199 144 72
199 144 88
199 144 104
199 143 40
199 143 56
199 143 72
199 143 88
199 143 104
199 142 40
199 142 56
199 142 72
199 142 88
199 141 40
199 141 56
199 141 72
199 141 88
199 140 40
199 140 56
199 140 72
199 140 88
199 139 40
199 139 56
199 139 72
199 138 40
199 138 56
199 138 72
199 137 40
199 137 56
199 136 40
199 136 56
199 135 40
199 135 56
199 134 40
199 133 40
199 132 40
199 131 40
199 130 40
199 129 40
199 128 40
199 127 40
199 127 56
199 126 40
199 126 56
199 125 40
199 125 56
199 124 40
199 124 56
199 123 40
199 123 56
199 123 72
199 122 40
199 122 56
199 122 72
199 121 40
199 121 56
199 121 72
199 120 40
199 120 56
199 120 72
199 119 40
199 119 56
199 119 72
199 119 88
199 118 40
199 118 56
199 118 72
199 118 88
198 118 40
198 118 56
198 118 72
198 118 88
197 118 40
197 118 56
197 118 72
196 118 40
196 118 56
196 118 72
196 117 40
196 117 56
196 117 72
195 117 40
195 117 56
195 117 72
194 117 40
194 117 56
194 117 72
194 116 40
194 116 56
193 116 40
193 116 56
193 115 40
193 115 56
192 115 40
192 115 56
192 114 40
192 114 56
191 114 40
191 114 56
191 113 40
191 113 56
190 113 40
190 113 56
190 112 40
190 112 56
189 112 40
189 112 56
189 111 40
188 111 40
188 110 40
187 109 40
186 109 40
186 108 40
185 108 40
185 107 40
184 107 40
184 106 40
183 106 40
183 105 40
182 105 40
182 104 40
182 103 40
181 103 40
