0 0 100
0 20 100
0 40 100
0 60 100
0 80 100
0 100 100
0 120 100
0 140 100
0 160 100
0 180 100
0 199 100
11 10 100
11 30 100
11 50 100
11 70 100
11 90 100
11 110 100
11 130 100
11 150 100
11 170 100
11 190 100
22 0 100
22 20 100
22 40 100
22 60 100
22 80 100
22 100 100
22 120 100
22 140 100
22 160 100
22 180 100
22 199 100
33 10 100
33 30 100
33 50 100
33 70 100
33 90 100
33 110 100
33 130 100
33 150 100
33 170 100
33 190 100
44 0 100
44 20 100
44 40 100
44 60 100
44 80 100
44 100 100
44 120 100
44 140 100
44 160 100
44 180 100
44 199 100
55 10 100
55 30 100
55 50 100
55 70 100
55 90 100
55 110 100
55 130 100
55 150 100
55 170 100
55 190 100
66 0 100
66 20 100
66 40 100
66 60 100
66 80 100
66 100 100
66 120 100
66 140 100
66 160 100
66 180 100
66 199 100
77 10 100
77 30 100
77 50 100
77 70 100
77 90 100
77 110 100
77 130 100
77 150 100
77 170 100
77 190 100
88 0 100
88 20 100
88 40 100
88 60 100
88 80 100
88 100 100
88 120 100
88 140 100
88 160 100
88 180 100
88 199 100
99 10 100
99 30 100
99 50 100
99 70 100
99 90 100
99 110 100
99 130 100
99 150 100
99 170 100
99 190 100
110 0 100
110 20 100
110 40 100
110 60 100
110 80 100
110 100 100
110 120 100
110 140 100
110 160 100
110 180 100
110 199 100
121 10 100
121 30 100
121 50 100
121 70 100
121 90 100
121 110 100
121 130 100
121 150 100
121 170 100
121 190 100
132 0 100
132 20 100
132 40 100
132 60 100
132 80 100
132 100 100
132 120 100
132 140 100
132 160 100
132 180 100
132 199 100
143 10 100
143 30 100
143 50 100
143 70 100
143 90 100
143 110 100
143 130 100
143 150 100
143 170 100
143 190 100
154 0 100
154 20 100
154 40 100
154 60 100
154 80 100
154 100 100
154 120 100
154 140 100
154 160 100
154 180 100
154 199 100
165 10 100
165 30 100
165 50 100
165 70 100
165 90 100
165 110 100
165 130 100
165 150 100
165 170 100
165 190 100
176 0 100
176 20 100
176 40 100
176 60 100
176 80 100
176 100 100
176 120 100
176 140 100
176 160 100
176 180 100
176 199 100
187 10 100
187 30 100
187 50 100
187 70 100
187 90 100
187 110 100
187 130 100
187 150 100
187 170 100
187 190 100
198 0 100
198 20 100
198 40 100
198 60 100
198 80 100
198 100 100
198 120 100
198 140 100
198 160 100
198 180 100
198 199 100
0 20 100
0 40 100
0 80 100
0 100 100
0 140 100
0 160 100
0 180 100
11 50 100
11 70 100
11 90 100
11 130 100
11 150 100
11 170 100
22 0 100
22 60 100
22 80 100
22 100 100
22 140 100
22 160 100
22 199 100
33 10 100
33 50 100
33 110 100
33 150 100
33 170 100
33 190 100
44 20 100
44 40 100
44 60 100
44 140 100
44 160 100
44 180 100
44 199 100
55 30 100
55 50 100
55 70 100
55 110 100
55 130 100
55 150 100
55 170 100
66 20 100
66 60 100
66 80 100
66 100 100
66 120 100
66 199 100
77 10 100
77 70 100
77 90 100
77 110 100
77 130 100
77 150 100
77 190 100
88 0 100
88 60 100
88 80 100
88 100 100
88 140 100
88 160 100
88 199 100
99 50 100
99 70 100
99 150 100
99 170 100
99 190 100
110 0 100
110 20 100
110 80 100
110 100 100
110 180 100
110 199 100
121 10 100
121 30 100
121 90 100
121 110 100
121 150 100
121 170 100
132 0 100
132 40 100
132 120 100
132 140 100
132 160 100
132 180 100
143 30 100
143 50 100
143 110 100
143 130 100
143 150 100
143 170 100
143 190 100
154 0 100
154 40 100
154 60 100
154 100 100
154 140 100
154 160 100
154 199 100
165 10 100
165 30 100
165 70 100
165 90 100
165 150 100
165 190 100
176 0 100
176 20 100
176 40 100
176 80 100
176 120 100
176 140 100
176 180 100
176 199 100
187 10 100
187 30 100
187 90 100
187 110 100
187 130 100
187 170 100
187 190 100
198 40 100
198 100 100
198 120 100
198 160 100
198 180 100
198 199 100
164 117 40
69 43 40
78 180 40
69 42 40
70 42 40
71 42 40
72 42 40
73 42 40
73 41 40
74 41 40
75 41 40
76 41 40
77 41 40
78 41 40
79 41 40
80 41 40
80 40 40
81 40 40
82 40 40
83 40 40
84 40 40
84 39 40
84 38 40
84 37 40
84 36 40
85 36 40
86 36 40
86 35 40
87 35 40
88 35 40
89 35 40
90 35 40
91 35 40
92 35 40
93 35 40
93 35 168
94 35 40
94 35 168
95 35 40
95 35 168
96 35 40
96 35 168
97 35 40
97 35 168
98 35 40
98 35 168
99 35 40
100 35 40
101 35 40
101 35 168
102 35 40
102 35 168
103 35 40
103 35 168
104 35 40
104 35 168
105 35 40
105 35 168
106 35 40
106 35 168
106 36 40
106 36 168
107 36 40
107 36 168
107 37 40
107 37 168
108 37 40
108 37 168
108 38 40
108 38 168
109 38 40
109 38 168
109 39 40
109 39 168
110 39 40
110 39 168
111 40 40
111 40 168
111 41 40
111 41 168
112 41 40
112 41 168
112 42 40
112 42 168
112 43 40
112 43 168
113 43 40
113 43 168
113 44 40
113 44 168
114 44 40
114 44 168
114 45 40
114 45 168
115 45 40
115 45 168
115 46 40
115 46 168
116 46 40
116 46 168
116 47 40
116 48 40
117 48 40
117 49 40
117 50 40
118 50 40
118 51 40
118 52 40
118 53 40
119 53 40
119 54 40
119 55 40
119 56 40
119 57 40
119 58 40
119 59 40
120 59 40
120 60 40
121 60 40
121 61 40
122 61 40
123 61 40
123 62 40
124 62 40
124 63 40
125 63 40
125 64 40
126 64 40
126 65 40
127 65 40
127 66 40
128 66 40
128 67 40
129 67 40
129 68 40
130 68 40
130 69 40
131 69 40
132 69 40
133 69 40
134 69 40
135 69 40
136 69 40
137 69 40
138 69 40
139 69 40
140 69 40
141 69 40
142 69 40
143 69 40
144 69 40
145 69 40
146 69 40
146 69 168
147 69 40
147 69 168
148 69 40
148 69 168
148 69 296
149 69 40
149 69 168
149 69 296
149 68 40
149 68 168
149 68 296
150 68 40
150 68 168
150 68 296
150 67 40
150 67 168
150 67 296
150 67 424
151 67 40
151 67 168
151 67 296
151 67 424
151 66 40
151 66 168
151 66 296
151 66 424
152 66 40
152 66 168
152 66 296
152 66 424
152 65 40
152 65 168
152 65 296
152 65 424
153 65 40
153 65 168
153 65 296
153 65 424
153 64 40
153 64 168
153 64 296
153 64 424
154 64 40
154 64 168
154 64 296
154 64 424
154 63 40
154 63 168
154 63 296
155 63 40
155 63 168
155 63 296
155 62 40
155 62 168
155 62 296
156 62 40
156 62 168
156 62 296
156 61 40
156 61 168
156 61 296
157 61 40
157 61 168
157 61 296
157 60 40
157 60 168
157 60 296
158 60 40
158 60 168
158 60 296
158 59 40
158 59 168
159 59 40
159 59 168
160 59 40
160 59 168
160 58 40
160 58 168
161 58 40
161 58 168
161 57 40
161 57 168
162 57 40
162 57 168
162 56 40
162 56 168
163 56 40
163 56 168
164 56 40
164 56 168
165 56 40
165 56 168
166 56 40
166 56 168
167 56 40
167 56 168
168 56 40
168 56 168
169 56 40
169 56 168
170 56 40
170 56 168
171 56 40
171 56 168
172 56 40
172 56 168
172 57 40
172 57 168
173 57 40
173 57 168
174 57 40
174 57 168
175 57 40
175 57 168
175 58 40
175 58 168
176 58 40
177 58 40
178 58 40
178 59 40
179 59 40
180 59 40
181 59 40
182 59 40
183 59 40
184 59 40
185 59 40
186 59 40
187 59 40
187 60 40
188 60 40
189 60 40
189 61 40
189 62 40
190 62 40
191 62 40
191 63 40
192 63 40
192 64 40
193 64 40
193 65 40
193 66 40
193 67 40
193 68 40
193 69 40
193 70 40
193 71 40
193 72 40
194 72 40
194 73 40
194 74 40
194 75 40
194 76 40
194 77 40
194 78 40
194 79 40
194 80 40
194 80 168
194 81 40
194 81 168
194 82 40
194 82 168
194 83 40
194 83 168
194 84 40
194 84 168
194 84 296
194 85 40
194 85 168
194 85 296
194 86 40
194 86 168
194 86 296
194 87 40
194 87 168
194 87 296
193 87 40
193 87 168
193 87 296
193 88 40
193 88 168
193 88 296
192 88 40
192 88 168
192 88 296
192 89 40
192 89 168
192 89 296
191 89 40
191 89 168
191 89 296
191 90 40
191 90 168
190 90 40
190 90 168
190 91 40
190 91 168
189 91 40
189 91 168
189 92 40
189 92 168
188 92 40
188 92 168
188 93 40
188 93 168
187 93 40
187 93 168
187 94 40
187 94 168
186 94 40
186 94 168
186 95 40
186 95 168
185 95 40
185 96 40
184 96 40
184 97 40
183 97 40
183 98 40
182 98 40
181 98 40
181 99 40
180 99 40
180 100 40
179 100 40
179 101 40
178 101 40
178 102 40
177 102 40
177 103 40
176 103 40
176 104 40
175 104 40
175 105 40
174 105 40
174 106 40
173 106 40
173 107 40
172 107 40
172 108 40
171 108 40
170 108 40
170 109 40
169 109 40
169 110 40
168 110 40
168 111 40
167 111 40
167 112 40
166 112 40
166 113 40
165 113 40
165 114 40
164 114 40
164 115 40
164 116 40
78 179 40
78 178 40
78 177 40
78 176 40
78 175 40
77 175 40
76 175 40
76 174 40
75 174 40
75 173 40
75 172 40
74 172 40
74 171 40
74 170 40
73 170 40
73 169 40
73 168 40
72 168 40
72 167 40
72 166 40
71 166 40
71 165 40
70 165 40
70 164 40
69 164 40
69 163 40
68 163 40
68 162 40
68 161 40
68 160 40
68 159 40
68 158 40
68 157 40
68 157 168
68 156 40
68 156 168
68 155 40
68 155 168
68 154 40
68 154 168
68 153 40
68 153 168
68 152 40
68 152 168
68 151 40
68 151 168
68 150 40
68 150 168
68 149 40
68 149 168
68 148 40
68 148 168
68 147 40
68 147 168
68 146 40
68 146 168
68 145 40
68 145 168
68 144 40
68 144 168
68 143 40
68 143 168
68 142 40
68 142 168
68 141 40
68 141 168
68 140 40
68 140 168
69 140 40
69 140 168
69 139 40
69 139 168
70 139 40
70 139 168
71 139 40
71 139 168
71 138 40
71 138 168
72 138 40
72 138 168
72 137 40
72 137 168
73 137 40
73 137 168
73 136 40
73 136 168
74 136 40
74 136 168
75 136 40
75 136 168
75 135 40
75 135 168
76 135 40
76 135 168
76 134 40
76 134 168
77 134 40
77 134 168
77 133 40
77 133 168
78 133 40
78 133 168
78 132 40
78 132 168
79 132 40
79 132 168
79 131 40
79 131 168
80 131 40
80 131 168
80 130 40
80 130 168
81 130 40
81 130 168
81 129 40
81 129 168
82 129 40
82 129 168
83 129 40
83 128 40
84 128 40
84 127 40
85 127 40
85 126 40
86 126 40
87 126 40
87 125 40
88 125 40
88 124 40
89 124 40
90 124 40
90 123 40
91 123 40
92 123 40
92 122 40
93 122 40
94 122 40
95 122 40
96 122 40
96 121 40
97 121 40
98 121 40
99 121 40
100 121 40
101 121 40
101 120 40
101 119 40
101 118 40
101 117 40
101 116 40
101 115 40
101 114 40
101 113 40
101 112 40
101 111 40
101 110 40
101 109 40
101 109 168
101 108 40
101 108 168
101 107 40
101 107 168
101 106 40
101 106 168
101 105 40
101 105 168
101 104 40
101 104 168
101 103 40
101 103 168
101 103 296
101 102 40
101 102 168
101 101 40
101 101 168
101 100 40
101 100 168
101 99 40
101 99 168
101 98 40
101 98 168
101 97 40
101 97 168
101 96 40
101 96 168
101 95 40
101 95 168
101 94 40
101 94 168
101 93 40
101 93 168
101 92 40
101 92 168
101 91 40
101 91 168
101 90 40
101 90 168
101 89 40
101 89 168
101 88 40
101 88 168
101 87 40
101 87 168
101 86 40
101 85 40
101 84 40
101 83 40
101 82 40
101 81 40
101 81 168
101 80 40
101 80 168
101 79 40
101 78 40
101 77 40
101 76 40
101 75 40
101 74 40
101 73 40
101 72 40
101 72 168
101 71 40
101 71 168
102 71 40
102 71 168
102 70 40
102 70 168
103 70 40
103 70 168
103 69 40
103 69 168
104 69 40
104 69 168
105 69 40
105 69 168
105 69 296
105 68 40
105 68 168
105 68 296
106 68 40
106 68 168
106 68 296
106 67 40
106 67 168
106 67 296
107 67 40
107 67 168
107 66 40
107 66 168
108 66 40
108 66 168
109 66 40
109 66 168
109 65 40
109 65 168
110 65 40
110 64 40
111 64 40
112 64 40
112 63 40
113 63 40
114 63 40
114 62 40
115 62 40
116 62 40
117 62 40
117 61 40
118 61 40
119 61 40
120 61 40
