0 0 100
0 20 100
0 40 100
0 60 100
0 80 100
0 100 100
0 120 100
0 140 100
0 160 100
0 180 100
0 199 100
11 10 100
11 30 100
11 50 100
11 70 100
11 90 100
11 110 100
11 130 100
11 150 100
11 170 100
11 190 100
22 0 100
22 20 100
22 40 100
22 60 100
22 80 100
22 100 100
22 120 100
22 140 100
22 160 100
22 180 100
22 199 100
33 10 100
33 30 100
33 50 100
33 70 100
33 90 100
33 110 100
33 130 100
33 150 100
33 170 100
33 190 100
44 0 100
44 20 100
44 40 100
44 60 100
44 80 100
44 100 100
44 120 100
44 140 100
44 160 100
44 180 100
44 199 100
55 10 100
55 30 100
55 50 100
55 70 100
55 90 100
55 110 100
55 130 100
55 150 100
55 170 100
55 190 100
66 0 100
66 20 100
66 40 100
66 60 100
66 80 100
66 100 100
66 120 100
66 140 100
66 160 100
66 180 100
66 199 100
77 10 100
77 30 100
77 50 100
77 70 100
77 90 100
77 110 100
77 130 100
77 150 100
77 170 100
77 190 100
88 0 100
88 20 100
88 40 100
88 60 100
88 80 100
88 100 100
88 120 100
88 140 100
88 160 100
88 180 100
88 199 100
99 10 100
99 30 100
99 50 100
99 70 100
99 90 100
99 110 100
99 130 100
99 150 100
99 170 100
99 190 100
110 0 100
110 20 100
110 40 100
110 60 100
110 80 100
110 100 100
110 120 100
110 140 100
110 160 100
110 180 100
110 199 100
121 10 100
121 30 100
121 50 100
121 70 100
121 90 100
121 110 100
121 130 100
121 150 100
121 170 100
121 190 100
132 0 100
132 20 100
132 40 100
132 60 100
132 80 100
132 100 100
132 120 100
132 140 100
132 160 100
132 180 100
132 199 100
143 10 100
143 30 100
143 50 100
143 70 100
143 90 100
143 110 100
143 130 100
143 150 100
143 170 100
143 190 100
154 0 100
154 20 100
154 40 100
154 60 100
154 80 100
154 100 100
154 120 100
154 140 100
154 160 100
154 180 100
154 199 100
165 10 100
165 30 100
165 50 100
165 70 100
165 90 100
165 110 100
165 130 100
165 150 100
165 170 100
165 190 100
176 0 100
176 20 100
176 40 100
176 60 100
176 80 100
176 100 100
176 120 100
176 140 100
176 160 100
176 180 100
176 199 100
187 10 100
187 30 100
187 50 100
187 70 100
187 90 100
187 110 100
187 130 100
187 150 100
187 170 100
187 190 100
198 0 100
198 20 100
198 40 100
198 60 100
198 80 100
198 100 100
198 120 100
198 140 100
198 160 100
198 180 100
198 199 100
0 0 100
0 20 100
0 100 100
0 140 100
0 160 100
11 30 100
11 50 100
11 90 100
11 110 100
11 130 100
11 150 100
11 170 100
22 40 100
22 60 100
22 100 100
22 140 100
22 160 100
22 199 100
33 50 100
33 90 100
33 110 100
33 130 100
33 150 100
44 100 100
44 140 100
44 160 100
55 30 100
55 50 100
55 70 100
55 110 100
55 130 100
55 150 100
55 170 100
66 20 100
66 40 100
66 60 100
66 80 100
66 100 100
66 120 100
66 140 100
66 160 100
66 180 100
66 199 100
77 10 100
77 50 100
77 70 100
77 90 100
77 110 100
77 130 100
77 170 100
77 190 100
88 0 100
88 20 100
88 40 100
88 60 100
88 80 100
88 120 100
88 180 100
88 199 100
99 10 100
99 30 100
99 50 100
99 170 100
99 190 100
110 0 100
110 20 100
110 40 100
110 60 100
110 160 100
110 180 100
110 199 100
121 30 100
121 70 100
121 110 100
121 130 100
121 150 100
121 170 100
132 0 100
132 20 100
132 40 100
132 60 100
132 80 100
132 100 100
132 120 100
132 140 100
132 160 100
143 30 100
143 50 100
143 70 100
143 90 100
143 110 100
143 130 100
143 150 100
143 170 100
154 0 100
154 40 100
154 60 100
154 100 100
154 120 100
154 140 100
154 160 100
154 180 100
165 10 100
165 30 100
165 50 100
165 190 100
176 0 100
176 20 100
176 40 100
176 100 100
176 180 100
176 199 100
187 10 100
187 30 100
187 90 100
187 110 100
187 190 100
198 20 100
198 40 100
198 100 100
198 120 100
198 180 100
38 44 40
38 44 104
104 123 40
5 187 40
184 62 40
178 146 40
105 123 40
105 122 40
105 121 40
105 120 40
105 119 40
105 118 40
105 117 40
105 116 40
105 115 40
105 114 40
105 113 40
105 112 40
105 111 40
105 110 40
105 109 40
105 108 40
105 107 40
105 106 40
105 105 40
105 104 40
105 103 40
105 102 40
104 102 40
103 102 40
102 102 40
101 102 40
100 102 40
99 102 40
98 102 40
97 102 40
96 102 40
95 102 40
94 102 40
93 102 40
92 102 40
92 102 104
91 102 40
91 102 104
90 102 40
90 102 104
89 102 40
89 102 104
88 102 40
88 102 104
87 102 40
87 102 104
86 102 40
86 102 104
85 102 40
85 102 104
84 102 40
84 102 104
83 102 40
83 102 104
83 102 168
82 102 40
82 102 104
82 102 168
81 102 40
81 102 104
81 102 168
80 102 40
80 102 104
80 102 168
79 102 40
79 102 104
79 102 168
78 102 40
78 102 104
78 102 168
78 102 232
77 102 40
77 102 104
77 102 168
77 102 232
76 102 40
76 102 104
76 102 168
76 102 232
75 102 40
75 102 104
75 102 168
75 102 232
74 102 40
74 102 104
74 102 168
74 102 232
73 102 40
73 102 104
73 102 168
73 102 232
72 102 40
72 102 104
72 102 168
72 102 232
71 102 40
71 102 104
71 102 168
71 102 232
70 102 40
70 102 104
70 102 168
70 102 232
69 102 40
69 102 104
69 102 168
69 102 232
68 102 40
68 102 104
68 102 168
68 102 232
68 101 40
68 101 104
68 101 168
67 101 40
67 101 104
67 101 168
67 100 40
67 100 104
67 100 168
66 99 40
66 99 104
65 99 40
65 99 104
65 98 40
65 98 104
64 98 40
64 98 104
64 97 40
64 97 104
63 97 40
63 97 104
63 96 40
63 96 104
63 95 40
63 95 104
62 95 40
62 95 104
62 94 40
62 94 104
62 93 40
62 93 104
61 93 40
61 93 104
61 92 40
61 92 104
61 91 40
61 91 104
60 91 40
60 91 104
60 90 40
60 90 104
59 90 40
59 90 104
59 89 40
59 89 104
58 89 40
58 89 104
57 89 40
57 89 104
56 89 40
56 89 104
56 88 40
56 88 104
55 88 40
55 88 104
54 88 40
54 88 104
53 88 40
53 88 104
53 87 40
53 87 104
52 87 40
52 87 104
51 87 40
51 87 104
51 86 40
51 86 104
50 86 40
50 86 104
49 86 40
49 86 104
48 86 40
48 86 104
48 86 168
48 85 40
48 85 104
47 85 40
47 85 104
46 85 40
46 85 104
46 85 168
45 85 40
45 85 104
45 85 168
45 84 40
45 84 104
44 84 40
44 84 104
43 84 40
43 84 104
43 83 40
43 83 104
42 83 40
42 83 104
42 82 40
42 82 104
41 82 40
41 82 104
41 81 40
41 81 104
40 81 40
40 81 104
40 80 40
40 79 40
40 78 40
40 77 40
40 76 40
40 75 40
40 74 40
40 73 40
40 73 104
40 72 40
40 72 104
40 71 40
40 71 104
40 70 40
40 70 104
40 69 40
40 69 104
40 68 40
40 68 104
41 68 40
41 68 104
41 67 40
41 67 104
42 67 40
42 67 104
42 66 40
42 66 104
42 65 40
42 65 104
43 65 40
43 65 104
43 64 40
43 64 104
44 64 40
44 64 104
44 63 40
44 63 104
45 63 40
45 63 104
45 62 40
45 62 104
46 62 40
46 62 104
46 61 40
46 61 104
47 61 40
47 61 104
47 60 40
47 60 104
48 60 40
48 60 104
48 59 40
48 59 104
49 59 40
49 59 104
49 58 40
49 58 104
50 58 40
50 58 104
50 57 40
50 57 104
50 56 40
50 56 104
50 55 40
50 55 104
50 54 40
50 54 104
50 53 40
50 53 104
50 52 40
50 52 104
50 51 40
50 51 104
50 50 40
50 50 104
50 49 40
50 48 40
50 47 40
50 46 40
49 46 40
49 45 40
48 45 40
48 44 40
47 44 40
46 44 40
45 44 40
44 44 40
43 44 40
42 44 40
41 44 40
40 44 40
40 44 104
39 44 40
39 44 104
5 188 40
5 189 40
6 189 40
7 189 40
8 189 40
9 189 40
10 189 40
11 189 40
12 189 40
13 189 40
14 189 40
15 189 40
16 189 40
17 189 40
18 189 40
19 189 40
20 189 40
20 188 40
21 188 40
22 188 40
22 187 40
23 187 40
23 186 40
24 186 40
25 186 40
26 186 40
27 186 40
28 186 40
29 186 40
30 186 40
31 186 40
32 186 40
33 186 40
34 186 40
35 186 40
36 186 40
37 186 40
38 186 40
39 186 40
40 186 40
41 186 40
42 186 40
43 186 40
44 186 40
45 186 40
46 186 40
47 186 40
48 186 40
49 186 40
50 186 40
51 186 40
52 186 40
53 186 40
54 186 40
55 186 40
56 186 40
57 186 40
58 186 40
59 186 40
59 185 40
60 185 40
60 185 104
60 184 40
60 184 104
61 184 40
61 184 104
61 183 40
61 183 104
62 183 40
62 183 104
62 182 40
62 182 104
63 182 40
63 182 104
64 182 40
64 182 104
64 181 40
64 181 104
65 181 40
65 181 104
65 181 168
66 181 40
66 181 104
66 181 168
67 181 40
67 181 104
67 181 168
67 180 40
67 180 104
67 180 168
68 180 40
68 180 104
68 180 168
69 180 40
69 180 104
69 180 168
69 180 232
69 179 40
69 179 104
69 179 168
70 179 40
70 179 104
70 179 168
70 179 232
70 178 40
70 178 104
70 178 168
71 178 40
71 178 104
71 178 168
71 178 232
72 178 40
72 178 104
72 178 168
72 178 232
72 177 40
72 177 104
72 177 168
73 177 40
73 177 104
73 177 168
73 177 232
73 176 40
73 176 104
73 176 168
74 176 40
74 176 104
74 176 168
75 176 40
75 176 104
75 176 168
75 176 232
75 175 40
75 175 104
75 175 168
76 175 40
76 175 104
76 175 168
76 174 40
76 174 104
76 174 168
77 174 40
77 174 104
77 174 168
77 173 40
77 173 104
77 173 168
78 173 40
78 173 104
78 173 168
78 172 40
78 172 104
78 172 168
79 172 40
79 172 104
79 172 168
79 171 40
79 171 104
79 171 168
80 171 40
80 171 104
80 171 168
80 170 40
80 170 104
80 170 168
81 170 40
81 170 104
81 170 168
81 169 40
81 169 104
81 169 168
82 169 40
82 169 104
82 169 168
82 168 40
82 168 104
82 168 168
83 168 40
83 168 104
83 168 168
83 167 40
83 167 104
84 167 40
84 167 104
84 167 168
84 166 40
84 166 104
84 165 40
84 165 104
85 165 40
85 165 104
85 164 40
85 164 104
86 164 40
86 164 104
86 163 40
86 163 104
86 162 40
86 162 104
87 162 40
87 162 104
87 161 40
88 161 40
88 159 40
88 158 40
89 158 40
89 157 40
89 156 40
90 156 40
90 155 40
90 154 40
90 153 40
90 152 40
90 151 40
91 151 40
91 150 40
92 150 40
92 149 40
93 149 40
93 148 40
94 148 40
94 147 40
95 147 40
96 147 40
97 147 40
98 147 40
98 146 40
98 145 40
98 144 40
98 143 40
99 143 40
100 143 40
100 142 40
100 141 40
101 141 40
101 140 40
101 139 40
101 138 40
101 137 40
102 137 40
102 136 40
102 135 40
102 134 40
103 134 40
103 133 40
103 132 40
104 132 40
104 131 40
104 130 40
105 130 40
105 129 40
105 128 40
105 127 40
105 126 40
105 125 40
105 124 40
184 63 40
184 64 40
184 65 40
184 66 40
184 67 40
184 68 40
184 69 40
183 69 40
182 69 40
181 69 40
181 70 40
180 70 40
179 70 40
179 71 40
178 71 40
178 72 40
178 73 40
177 73 40
176 73 40
175 73 40
175 74 40
174 74 40
174 75 40
173 75 40
173 76 40
173 77 40
173 78 40
172 78 40
171 78 40
170 78 40
170 79 40
169 79 40
169 80 40
168 80 40
168 81 40
167 81 40
166 81 40
165 81 40
164 81 40
164 82 40
163 82 40
162 82 40
161 82 40
160 82 40
160 83 40
159 83 40
158 83 40
158 84 40
158 84 104
157 84 40
157 84 104
156 84 40
156 84 104
156 85 40
156 85 104
155 85 40
155 85 104
154 85 40
154 85 104
154 86 40
154 86 104
154 86 168
153 86 40
153 86 104
153 86 168
153 87 40
153 87 104
153 87 168
152 87 40
152 87 104
152 87 168
151 87 40
151 87 104
151 87 168
150 87 40
150 87 104
150 87 168
150 87 232
149 87 40
149 87 104
149 87 168
149 87 232
148 87 40
148 87 104
148 87 168
148 87 232
147 87 40
147 87 104
147 87 168
147 87 232
147 87 296
146 87 40
146 87 104
146 87 168
146 87 232
146 87 296
145 87 40
145 87 104
145 87 168
145 87 232
145 87 296
144 87 40
144 87 104
144 87 168
144 87 232
144 87 296
143 87 40
143 87 104
143 87 168
143 87 232
143 87 296
143 87 360
142 87 40
142 87 104
142 87 168
142 87 232
142 87 296
142 87 360
141 87 40
141 87 104
141 87 168
141 87 232
141 87 296
141 87 360
140 87 40
140 87 104
140 87 168
140 87 232
140 87 296
140 87 360
139 87 40
139 87 104
139 87 168
139 87 232
139 87 296
139 87 360
138 87 40
138 87 104
138 87 168
138 87 232
138 87 296
138 87 360
137 87 40
137 87 104
137 87 168
137 87 232
137 87 296
137 87 360
136 87 40
136 87 104
136 87 168
136 87 232
136 87 296
135 87 40
135 87 104
135 87 168
135 87 232
135 87 296
134 87 40
134 87 104
134 87 168
134 87 232
134 87 296
133 87 40
133 87 104
133 87 168
133 87 232
133 87 296
132 87 40
132 87 104
132 87 168
132 87 232
131 87 40
131 87 104
131 87 168
131 87 232
130 87 40
130 87 104
130 87 168
130 87 232
129 87 40
129 87 104
129 87 168
128 87 40
128 87 104
128 87 168
127 87 40
127 87 104
127 87 168
126 87 40
126 87 104
126 87 168
125 87 40
125 87 104
125 88 40
125 88 104
124 88 40
124 88 104
124 89 40
124 89 104
123 89 40
123 89 104
122 89 40
122 89 104
122 90 40
122 90 104
121 91 40
121 91 104
120 91 40
120 91 104
119 91 40
118 91 40
118 92 40
117 92 40
116 92 40
115 92 40
115 93 40
114 93 40
113 93 40
112 93 40
112 94 40
111 94 40
110 94 40
109 94 40
108 94 40
108 95 40
108 96 40
107 96 40
107 97 40
107 98 40
107 99 40
106 99 40
105 99 40
105 100 40
105 101 40
178 145 40
178 144 40
178 143 40
178 142 40
178 141 40
178 140 40
178 139 40
178 138 40
178 137 40
178 136 40
178 135 40
178 134 40
178 133 40
177 133 40
177 132 40
176 132 40
176 131 40
176 130 40
175 130 40
175 129 40
175 128 40
174 128 40
174 127 40
174 126 40
174 125 40
174 124 40
174 123 40
173 123 40
173 122 40
173 121 40
173 120 40
172 120 40
172 119 40
172 118 40
171 118 40
171 117 40
171 116 40
170 116 40
170 115 40
170 115 104
169 115 40
169 115 104
169 114 40
169 114 104
168 114 40
168 114 104
168 113 40
168 113 104
167 113 40
167 113 104
167 112 40
167 112 104
167 111 40
167 111 104
167 110 40
167 110 104
167 109 40
167 109 104
167 108 40
167 108 104
167 107 40
167 107 104
167 106 40
167 106 104
167 105 40
167 105 104
167 104 40
167 104 104
167 103 40
167 103 104
167 102 40
167 102 104
167 101 40
167 101 104
167 100 40
167 100 104
167 99 40
167 99 104
167 98 40
167 98 104
167 97 40
167 97 104
167 96 40
167 96 104
167 95 40
167 95 104
167 94 40
167 94 104
167 93 40
167 93 104
167 92 40
167 92 104
167 91 40
167 90 40
167 89 40
167 88 40
167 87 40
167 86 40
167 85 40
167 84 40
167 83 40
167 82 40
