0 0 100
0 20 100
0 40 100
0 60 100
0 80 100
0 100 100
0 120 100
0 140 100
0 160 100
0 180 100
0 199 100
11 10 100
11 30 100
11 50 100
11 70 100
11 90 100
11 110 100
11 130 100
11 150 100
11 170 100
11 190 100
22 0 100
22 20 100
22 40 100
22 60 100
22 80 100
22 100 100
22 120 100
22 140 100
22 160 100
22 180 100
22 199 100
33 10 100
33 30 100
33 50 100
33 70 100
33 90 100
33 110 100
33 130 100
33 150 100
33 170 100
33 190 100
44 0 100
44 20 100
44 40 100
44 60 100
44 80 100
44 100 100
44 120 100
44 140 100
44 160 100
44 180 100
44 199 100
55 10 100
55 30 100
55 50 100
55 70 100
55 90 100
55 110 100
55 130 100
55 150 100
55 170 100
55 190 100
66 0 100
66 20 100
66 40 100
66 60 100
66 80 100
66 100 100
66 120 100
66 140 100
66 160 100
66 180 100
66 199 100
77 10 100
77 30 100
77 50 100
77 70 100
77 90 100
77 110 100
77 130 100
77 150 100
77 170 100
77 190 100
88 0 100
88 20 100
88 40 100
88 60 100
88 80 100
88 100 100
88 120 100
88 140 100
88 160 100
88 180 100
88 199 100
99 10 100
99 30 100
99 50 100
99 70 100
99 90 100
99 110 100
99 130 100
99 150 100
99 170 100
99 190 100
110 0 100
110 20 100
110 40 100
110 60 100
110 80 100
110 100 100
110 120 100
110 140 100
110 160 100
110 180 100
110 199 100
121 10 100
121 30 100
121 50 100
121 70 100
121 90 100
121 110 100
121 130 100
121 150 100
121 170 100
121 190 100
132 0 100
132 20 100
132 40 100
132 60 100
132 80 100
132 100 100
132 120 100
132 140 100
132 160 100
132 180 100
132 199 100
143 10 100
143 30 100
143 50 100
143 70 100
143 90 100
143 110 100
143 130 100
143 150 100
143 170 100
143 190 100
154 0 100
154 20 100
154 40 100
154 60 100
154 80 100
154 100 100
154 120 100
154 140 100
154 160 100
154 180 100
154 199 100
165 10 100
165 30 100
165 50 100
165 70 100
165 90 100
165 110 100
165 130 100
165 150 100
165 170 100
165 190 100
176 0 100
176 20 100
176 40 100
176 60 100
176 80 100
176 100 100
176 120 100
176 140 100
176 160 100
176 180 100
176 199 100
187 10 100
187 30 100
187 50 100
187 70 100
187 90 100
187 110 100
187 130 100
187 150 100
187 170 100
187 190 100
198 0 100
198 20 100
198 40 100
198 60 100
198 80 100
198 100 100
198 120 100
198 140 100
198 160 100
198 180 100
198 199 100
0 80 100
0 100 100
0 120 100
0 140 100
0 160 100
0 180 100
0 199 100
11 90 100
11 110 100
11 130 100
11 150 100
11 170 100
11 190 100
22 40 100
22 80 100
22 100 100
22 120 100
22 180 100
22 199 100
33 30 100
33 50 100
33 70 100
33 90 100
33 110 100
33 190 100
44 20 100
44 40 100
44 60 100
44 80 100
44 100 100
44 120 100
44 180 100
44 199 100
55 10 100
55 30 100
55 50 100
55 70 100
55 90 100
55 110 100
55 130 100
55 170 100
55 190 100
66 0 100
66 20 100
66 40 100
66 60 100
66 80 100
66 120 100
66 140 100
66 160 100
66 180 100
77 10 100
77 50 100
77 70 100
77 130 100
77 150 100
77 190 100
88 60 100
88 140 100
99 10 100
99 70 100
99 190 100
110 0 100
110 20 100
110 40 100
110 60 100
110 180 100
110 199 100
121 10 100
121 50 100
121 70 100
121 130 100
121 150 100
121 170 100
121 190 100
132 0 100
132 60 100
132 120 100
132 140 100
132 180 100
132 199 100
143 130 100
143 190 100
154 180 100
154 199 100
165 90 100
165 110 100
165 170 100
165 190 100
176 40 100
176 80 100
176 100 100
176 120 100
176 180 100
176 199 100
187 30 100
187 50 100
187 70 100
187 90 100
187 110 100
187 130 100
187 190 100
198 20 100
198 40 100
198 60 100
198 80 100
198 100 100
198 120 100
198 199 100
172 2 40
99 145 40
42 152 40
150 87 40
70 107 40
102 54 40
102 54 42
102 54 44
102 54 46
102 54 48
102 54 50
107 98 40
32 10 40
14 57 40
107 99 40
107 100 40
107 101 40
107 102 40
107 103 40
107 104 40
107 105 40
107 106 40
107 107 40
107 108 40
107 109 40
107 110 40
107 111 40
107 112 40
107 113 40
107 114 40
107 115 40
107 116 40
107 117 40
106 117 40
106 118 40
106 119 40
106 120 40
106 121 40
106 122 40
106 123 40
106 124 40
106 125 40
106 126 40
106 127 40
106 128 40
106 129 40
106 130 40
106 131 40
106 132 40
106 133 40
106 134 40
106 135 40
106 136 40
106 137 40
106 138 40
106 139 40
106 140 40
106 141 40
106 142 40
106 143 40
106 144 40
106 145 40
105 145 40
104 145 40
103 145 40
102 145 40
101 145 40
100 145 40
71 107 40
72 107 40
73 107 40
74 107 40
75 107 40
76 107 40
77 107 40
78 107 40
79 107 40
80 107 40
81 107 40
82 107 40
83 107 40
84 107 40
85 107 40
86 107 40
87 107 40
88 107 40
89 107 40
90 107 40
91 107 40
92 107 40
93 107 40
94 107 40
95 107 40
96 107 40
97 107 40
98 107 40
99 107 40
100 107 40
101 107 40
102 107 40
103 107 40
104 107 40
105 107 40
106 107 40
149 87 40
148 87 40
147 87 40
146 87 40
145 87 40
144 87 40
143 87 40
142 87 40
141 87 40
141 88 40
141 89 40
141 90 40
141 91 40
140 91 40
140 92 40
139 92 40
138 92 40
137 92 40
136 92 40
135 92 40
135 93 40
134 93 40
133 93 40
133 94 40
132 94 40
131 94 40
130 94 40
129 94 40
129 95 40
128 95 40
127 95 40
126 95 40
125 95 40
124 95 40
123 95 40
122 95 40
121 95 40
120 95 40
119 95 40
118 95 40
117 95 40
116 95 40
115 95 40
114 95 40
113 95 40
112 95 40
111 95 40
110 95 40
110 96 40
109 96 40
109 97 40
109 98 40
108 98 40
42 153 40
43 153 40
44 153 40
44 154 40
45 154 40
45 155 40
45 156 40
46 156 40
47 156 40
48 156 40
48 157 40
49 157 40
50 157 40
51 157 40
52 157 40
52 158 40
53 158 40
54 158 40
55 158 40
55 159 40
56 159 40
57 159 40
58 159 40
59 159 40
59 159 42
60 159 40
60 159 42
61 159 40
61 159 42
62 159 40
62 159 42
62 159 44
63 159 40
63 159 42
63 159 44
64 159 40
64 159 42
64 159 44
65 159 40
65 159 42
65 159 44
65 159 46
66 159 40
66 159 42
66 159 44
66 159 46
67 159 40
67 159 42
67 159 44
68 159 40
68 159 42
68 159 44
69 159 40
69 159 42
69 159 44
70 159 40
70 159 42
71 159 40
71 159 42
72 159 40
72 159 42
73 159 40
73 159 42
74 159 40
74 159 42
75 159 40
76 159 40
77 159 40
78 159 40
79 159 40
80 159 40
81 159 40
82 159 40
83 159 40
84 159 40
85 159 40
86 159 40
87 159 40
88 159 40
89 159 40
90 159 40
91 159 40
92 159 40
93 159 40
94 159 40
95 159 40
96 159 40
97 159 40
98 159 40
99 159 40
99 158 40
99 157 40
99 156 40
99 155 40
99 154 40
99 153 40
99 152 40
99 151 40
99 149 40
99 148 40
99 147 40
99 146 40
101 54 40
101 54 42
101 54 44
101 54 46
101 54 48
101 54 50
101 55 40
101 55 42
101 55 44
101 55 46
101 55 48
101 55 50
101 55 52
101 56 40
101 56 42
101 56 44
101 56 46
101 56 48
101 56 50
101 56 52
101 56 54
101 56 56
101 57 40
101 57 42
101 57 44
101 57 46
101 57 48
101 57 50
101 57 52
101 57 54
101 57 56
101 57 58
101 58 40
101 58 42
101 58 44
101 58 46
101 58 48
101 58 50
101 58 52
101 58 54
101 58 56
101 58 58
101 58 60
101 59 40
101 59 42
101 59 44
101 59 46
101 59 48
101 59 50
101 59 52
101 59 54
101 59 56
101 59 58
101 59 60
101 60 40
101 60 42
101 60 44
101 60 46
101 60 48
101 60 50
101 60 52
101 60 54
101 60 56
101 60 58
101 60 60
101 60 62
101 61 40
101 61 42
101 61 44
101 61 46
101 61 48
101 61 50
101 61 52
101 61 54
101 61 56
101 61 58
101 61 60
101 61 62
101 62 40
101 62 42
101 62 44
101 62 46
101 62 48
101 62 50
101 62 52
101 62 54
101 62 56
101 62 58
101 62 60
101 63 40
101 63 42
101 63 44
101 63 46
101 63 48
101 63 50
101 63 52
101 63 54
101 63 56
101 63 58
101 64 40
101 64 42
101 64 44
101 64 46
101 64 48
101 64 50
101 64 52
101 64 54
101 64 56
101 65 40
101 65 42
101 65 44
101 65 46
101 65 48
101 65 50
101 65 52
101 65 54
101 66 40
101 66 42
101 66 44
101 66 46
101 66 48
101 66 50
101 66 52
101 67 40
101 67 42
101 67 44
101 67 46
101 67 48
101 67 50
101 68 40
101 68 42
101 68 44
101 68 46
101 68 48
101 69 40
101 69 42
101 69 44
101 69 46
101 70 40
101 70 42
101 70 44
101 71 40
101 71 42
101 71 44
101 72 40
101 72 42
101 73 40
101 73 42
101 74 40
101 74 42
101 75 40
101 75 42
101 76 40
101 76 42
101 77 40
101 78 40
101 79 40
101 80 40
101 81 40
101 82 40
101 83 40
101 84 40
101 85 40
101 86 40
101 87 40
101 88 40
101 89 40
101 90 40
101 91 40
101 92 40
101 93 40
101 94 40
102 94 40
103 94 40
104 94 40
104 95 40
104 96 40
105 96 40
105 97 40
106 97 40
106 98 40
32 9 40
32 8 40
32 7 40
32 6 40
32 5 40
32 4 40
32 3 40
33 3 40
34 3 40
34 2 40
35 2 40
36 2 40
36 1 40
37 1 40
38 1 40
39 1 40
39 0 40
40 0 40
41 0 40
42 0 40
43 0 40
45 0 40
45 0 42
46 0 40
46 0 42
46 0 44
47 0 40
47 0 42
47 0 44
48 0 40
48 0 42
48 0 44
48 0 46
49 0 40
49 0 42
49 0 44
49 0 46
49 0 48
50 0 40
50 0 42
50 0 44
50 0 46
50 0 48
50 0 50
51 0 40
51 0 42
51 0 44
51 0 46
51 0 48
51 0 50
52 0 40
52 0 42
52 0 44
52 0 46
52 0 48
52 0 50
52 0 52
53 0 40
53 0 42
53 0 44
53 0 46
53 0 48
53 0 50
53 0 52
54 0 40
54 0 42
54 0 44
54 0 46
54 0 48
54 0 50
54 0 52
55 0 40
55 0 42
55 0 44
55 0 46
55 0 48
55 0 50
55 0 52
56 0 40
56 0 42
56 0 44
56 0 46
56 0 48
56 0 50
57 0 40
57 0 42
57 0 44
57 0 46
57 0 48
57 0 50
58 0 40
58 0 42
58 0 44
58 0 46
58 0 48
58 0 50
59 0 40
59 0 42
59 0 44
59 0 46
59 0 48
59 0 50
60 0 40
60 0 42
60 0 44
60 0 46
60 0 48
61 0 40
61 0 42
61 0 44
61 0 46
61 0 48
62 0 40
62 0 42
62 0 44
62 0 46
62 0 48
63 0 40
63 0 42
63 0 44
63 0 46
63 0 48
64 0 40
64 0 42
64 0 44
64 0 46
64 0 48
65 0 40
65 0 42
65 0 44
65 0 46
65 0 48
67 0 40
67 0 42
67 0 44
67 0 46
67 0 48
68 0 40
68 0 42
68 0 44
68 0 46
68 0 48
69 0 40
69 0 42
69 0 44
69 0 46
69 0 48
70 0 40
70 0 42
70 0 44
70 0 46
70 0 48
70 0 50
71 0 40
71 0 42
71 0 44
71 0 46
71 0 48
71 0 50
72 0 40
72 0 42
72 0 44
72 0 46
72 0 48
72 0 50
73 0 40
73 0 42
73 0 44
73 0 46
73 0 48
73 0 50
74 0 40
74 0 42
74 0 44
74 0 46
74 0 48
74 0 50
75 0 40
75 0 42
75 0 44
75 0 46
75 0 48
76 0 40
76 0 42
76 0 44
76 0 46
76 0 48
77 0 40
77 0 42
77 0 44
77 0 46
77 0 48
78 0 40
78 0 42
78 0 44
78 0 46
79 0 40
79 0 42
79 0 44
79 0 46
80 0 40
80 0 42
80 0 44
81 0 40
81 0 42
81 0 44
82 0 40
82 0 42
82 0 44
83 0 40
83 0 42
83 0 44
84 0 40
84 0 42
85 0 40
85 0 42
86 0 40
86 0 42
87 0 40
87 0 42
89 0 40
89 0 42
90 0 40
90 0 42
90 0 44
90 1 40
90 1 42
90 1 44
90 2 40
90 2 42
90 2 44
90 3 40
90 3 42
90 3 44
90 4 40
90 4 42
90 4 44
90 5 40
90 5 42
90 5 44
90 6 40
90 6 42
90 6 44
90 7 40
90 7 42
90 7 44
90 8 40
90 8 42
90 9 40
90 9 42
90 10 40
90 10 42
90 11 40
90 11 42
90 12 40
90 12 42
90 13 40
90 13 42
90 14 40
90 14 42
90 15 40
90 15 42
90 16 40
90 16 42
90 17 40
90 17 42
90 18 40
90 18 42
90 19 40
90 19 42
90 20 40
90 20 42
90 21 40
90 21 42
90 22 40
90 22 42
90 23 40
90 23 42
90 24 40
90 25 40
90 26 40
90 27 40
90 28 40
90 29 40
90 30 40
90 31 40
90 32 40
90 33 40
90 34 40
91 34 40
91 35 40
92 35 40
92 36 40
92 37 40
92 38 40
92 39 40
92 40 40
92 41 40
93 41 40
93 42 40
93 43 40
94 43 40
94 44 40
94 45 40
95 45 40
95 46 40
96 46 40
96 47 40
97 47 40
97 47 42
97 48 40
97 48 42
98 48 40
98 48 42
98 49 40
98 49 42
99 49 40
99 49 42
100 50 40
100 50 42
100 50 44
100 51 40
100 51 42
100 51 44
100 51 46
101 51 40
101 51 42
101 51 44
101 51 46
101 52 40
101 52 42
101 52 44
101 52 46
101 53 40
101 53 42
101 53 44
101 53 46
101 53 48
14 56 40
14 55 40
14 54 40
14 53 40
14 52 40
14 51 40
14 50 40
14 49 40
14 48 40
14 47 40
14 46 40
14 45 40
14 44 40
14 43 40
14 42 40
14 41 40
14 40 40
14 39 40
14 38 40
14 37 40
14 36 40
14 35 40
14 34 40
14 33 40
14 32 40
14 31 40
14 30 40
14 29 40
14 28 40
14 27 40
14 26 40
14 25 40
14 24 40
14 23 40
14 22 40
14 21 40
14 20 40
14 19 40
15 19 40
16 19 40
16 18 40
17 18 40
18 18 40
18 17 40
19 17 40
20 17 40
21 17 40
21 16 40
22 16 40
22 15 40
22 14 40
23 14 40
24 14 40
24 13 40
25 13 40
26 13 40
26 12 40
26 11 40
26 10 40
27 10 40
28 10 40
29 10 40
30 10 40
31 10 40
