0 0 100
0 20 100
0 40 100
0 60 100
0 80 100
0 100 100
0 120 100
0 140 100
0 160 100
0 180 100
0 199 100
11 10 100
11 30 100
11 50 100
11 70 100
11 90 100
11 110 100
11 130 100
11 150 100
11 170 100
11 190 100
22 0 100
22 20 100
22 40 100
22 60 100
22 80 100
22 100 100
22 120 100
22 140 100
22 160 100
22 180 100
22 199 100
33 10 100
33 30 100
33 50 100
33 70 100
33 90 100
33 110 100
33 130 100
33 150 100
33 170 100
33 190 100
44 0 100
44 20 100
44 40 100
44 60 100
44 80 100
44 100 100
44 120 100
44 140 100
44 160 100
44 180 100
44 199 100
55 10 100
55 30 100
55 50 100
55 70 100
55 90 100
55 110 100
55 130 100
55 150 100
55 170 100
55 190 100
66 0 100
66 20 100
66 40 100
66 60 100
66 80 100
66 100 100
66 120 100
66 140 100
66 160 100
66 180 100
66 199 100
77 10 100
77 30 100
77 50 100
77 70 100
77 90 100
77 110 100
77 130 100
77 150 100
77 170 100
77 190 100
88 0 100
88 20 100
88 40 100
88 60 100
88 80 100
88 100 100
88 120 100
88 140 100
88 160 100
88 180 100
88 199 100
99 10 100
99 30 100
99 50 100
99 70 100
99 90 100
99 110 100
99 130 100
99 150 100
99 170 100
99 190 100
110 0 100
110 20 100
110 40 100
110 60 100
110 80 100
110 100 100
110 120 100
110 140 100
110 160 100
110 180 100
110 199 100
121 10 100
121 30 100
121 50 100
121 70 100
121 90 100
121 110 100
121 130 100
121 150 100
121 170 100
121 190 100
132 0 100
132 20 100
132 40 100
132 60 100
132 80 100
132 100 100
132 120 100
132 140 100
132 160 100
132 180 100
132 199 100
143 10 100
143 30 100
143 50 100
143 70 100
143 90 100
143 110 100
143 130 100
143 150 100
143 170 100
143 190 100
154 0 100
154 20 100
154 40 100
154 60 100
154 80 100
154 100 100
154 120 100
154 140 100
154 160 100
154 180 100
154 199 100
165 10 100
165 30 100
165 50 100
165 70 100
165 90 100
165 110 100
165 130 100
165 150 100
165 170 100
165 190 100
176 0 100
176 20 100
176 40 100
176 60 100
176 80 100
176 100 100
176 120 100
176 140 100
176 160 100
176 180 100
176 199 100
187 10 100
187 30 100
187 50 100
187 70 100
187 90 100
187 110 100
187 130 100
187 150 100
187 170 100
187 190 100
198 0 100
198 20 100
198 40 100
198 60 100
198 80 100
198 100 100
198 120 100
198 140 100
198 160 100
198 180 100
198 199 100
0 20 100
0 60 100
0 80 100
0 100 100
0 120 100
0 160 100
0 180 100
11 10 100
11 50 100
11 70 100
11 90 100
11 110 100
11 130 100
11 150 100
11 190 100
22 0 100
22 40 100
22 60 100
22 80 100
22 100 100
22 120 100
22 140 100
22 180 100
22 199 100
33 30 100
33 50 100
33 70 100
33 90 100
33 110 100
33 130 100
33 150 100
33 190 100
44 0 100
44 20 100
44 40 100
44 80 100
44 100 100
44 120 100
44 140 100
44 160 100
44 199 100
55 10 100
55 30 100
55 50 100
55 110 100
55 130 100
55 150 100
55 170 100
66 0 100
66 20 100
66 40 100
66 60 100
66 80 100
66 100 100
66 120 100
66 140 100
66 160 100
66 180 100
66 199 100
77 10 100
77 30 100
77 50 100
77 70 100
77 130 100
77 150 100
77 170 100
77 190 100
88 0 100
88 20 100
88 40 100
88 80 100
88 120 100
88 140 100
88 160 100
88 180 100
99 10 100
99 30 100
99 50 100
99 70 100
99 90 100
99 110 100
99 130 100
99 150 100
99 170 100
99 190 100
110 0 100
110 20 100
110 40 100
110 60 100
110 80 100
110 100 100
110 120 100
110 140 100
110 160 100
110 180 100
110 199 100
121 10 100
121 50 100
121 70 100
121 90 100
121 110 100
121 130 100
121 170 100
121 190 100
132 0 100
132 60 100
132 100 100
132 180 100
143 10 100
143 30 100
143 50 100
143 90 100
143 130 100
143 150 100
143 170 100
143 190 100
154 0 100
154 20 100
154 40 100
154 80 100
154 100 100
154 140 100
154 160 100
154 180 100
154 199 100
165 10 100
165 30 100
165 70 100
165 90 100
165 110 100
165 130 100
165 150 100
165 170 100
165 190 100
176 20 100
176 60 100
176 80 100
176 100 100
176 140 100
176 160 100
176 180 100
187 30 100
187 50 100
187 70 100
187 90 100
187 150 100
187 170 100
187 190 100
198 40 100
198 60 100
198 140 100
198 160 100
198 199 100
59 87 40
162 51 40
19 29 40
198 118 40
198 118 168
145 176 40
145 176 168
145 176 296
145 176 424
145 176 552
145 176 680
145 176 808
25 167 40
139 86 40
139 86 168
139 85 40
139 85 168
139 84 40
139 84 168
139 83 40
139 83 168
139 82 40
139 82 168
139 81 40
139 81 168
139 80 40
139 79 40
139 78 40
139 77 40
140 77 40
140 76 40
141 76 40
141 75 40
142 75 40
142 74 40
143 74 40
143 73 40
144 73 40
144 73 168
144 72 40
145 72 40
145 72 168
145 71 40
146 71 40
146 71 168
146 70 40
147 70 40
147 69 40
148 69 40
148 68 40
149 68 40
150 68 40
150 67 40
151 67 40
151 66 40
152 66 40
152 65 40
153 65 40
153 64 40
154 64 40
154 63 40
155 63 40
155 62 40
156 62 40
156 61 40
157 61 40
157 60 40
158 60 40
158 59 40
159 59 40
159 58 40
160 58 40
161 58 40
161 58 168
161 57 40
162 57 40
162 57 168
162 56 40
162 56 168
162 55 40
162 54 40
162 53 40
162 52 40
198 119 40
198 119 168
198 121 40
198 121 168
197 121 40
197 121 168
196 121 40
196 121 168
195 121 40
195 121 168
194 121 40
194 121 168
193 121 40
192 121 40
191 121 40
190 121 40
189 121 40
188 121 40
187 121 40
186 121 40
185 121 40
184 121 40
183 121 40
182 121 40
181 121 40
180 121 40
179 121 40
178 121 40
177 121 40
176 121 40
175 121 40
175 121 168
174 121 40
174 121 168
173 121 40
173 121 168
172 121 40
172 121 168
171 121 40
171 121 168
170 121 40
170 121 168
169 121 40
169 121 168
168 121 40
168 121 168
167 121 40
167 121 168
166 121 40
166 121 168
165 121 40
164 121 40
163 121 40
162 121 40
161 121 40
160 121 40
159 121 40
158 121 40
157 121 40
156 121 40
155 121 40
154 121 40
153 120 40
153 119 40
152 119 40
152 118 40
151 118 40
151 117 40
150 117 40
149 117 40
149 116 40
148 116 40
147 116 40
147 115 40
146 115 40
145 115 40
144 115 40
143 115 40
142 115 40
142 114 40
141 114 40
141 113 40
140 113 40
140 112 40
140 111 40
140 110 40
139 110 40
139 109 40
139 108 40
138 108 40
138 107 40
138 106 40
137 106 40
137 105 40
136 105 40
136 104 40
135 104 40
135 103 40
134 103 40
134 102 40
134 102 168
134 101 40
134 101 168
134 100 40
134 100 168
134 99 40
134 99 168
134 98 40
134 98 168
134 97 40
134 97 168
134 96 40
134 96 168
134 95 40
134 95 168
134 94 40
134 94 168
134 93 40
134 93 168
134 92 40
134 92 168
134 91 40
134 91 168
134 90 40
134 90 168
134 89 40
134 89 168
134 88 40
134 88 168
134 87 40
134 87 168
134 86 40
134 86 168
134 85 40
134 84 40
134 83 40
134 82 40
134 81 40
135 81 40
136 81 40
137 81 40
138 81 40
145 175 40
145 175 168
145 175 296
145 175 424
145 175 552
145 175 680
145 175 808
145 174 40
145 174 168
145 174 296
145 174 424
145 174 552
145 174 680
145 174 808
145 173 40
145 173 168
145 173 296
145 173 424
145 173 552
145 173 680
145 172 40
145 172 168
145 172 296
145 172 424
145 172 552
145 172 680
145 171 40
145 171 168
145 171 296
145 171 424
145 171 552
145 170 40
145 170 168
145 170 296
145 170 424
145 170 552
145 169 40
145 169 168
145 169 296
145 169 424
145 169 552
145 168 40
145 168 168
145 168 296
145 168 424
145 167 40
145 167 168
145 167 296
145 166 40
145 166 168
145 166 296
145 165 40
145 165 168
145 165 296
145 164 40
145 164 168
145 163 40
145 163 168
145 162 40
145 162 168
145 161 40
145 161 168
145 160 40
145 160 168
145 159 40
145 158 40
144 158 40
143 158 40
142 158 40
141 158 40
140 158 40
139 158 40
138 158 40
137 158 40
136 158 40
135 158 40
135 157 40
134 157 40
134 156 40
134 155 40
134 154 40
134 153 40
134 152 40
134 151 40
134 150 40
134 149 40
134 148 40
134 147 40
134 146 40
134 145 40
134 144 40
134 143 40
134 142 40
134 141 40
134 140 40
134 140 168
134 139 40
134 139 168
134 138 40
134 138 168
134 137 40
134 137 168
134 136 40
134 136 168
134 135 40
134 135 168
134 134 40
134 134 168
134 133 40
134 133 168
134 132 40
134 132 168
134 131 40
134 131 168
134 130 40
134 130 168
134 129 40
134 129 168
134 128 40
134 128 168
134 127 40
134 127 168
134 126 40
134 126 168
134 125 40
134 125 168
134 124 40
134 124 168
134 123 40
134 123 168
134 122 40
134 122 168
134 121 40
134 121 168
135 121 40
135 121 168
135 120 40
135 120 168
136 120 40
136 120 168
136 119 40
136 119 168
137 119 40
137 119 168
137 118 40
138 118 40
138 117 40
139 117 40
139 116 40
140 116 40
140 115 40
141 115 40
26 167 40
27 167 40
28 167 40
29 167 40
30 167 40
30 168 40
31 168 40
31 168 168
31 169 40
31 169 168
32 169 40
32 169 168
32 170 40
32 170 168
33 171 40
33 171 168
34 171 40
34 171 168
34 172 40
34 172 168
35 172 40
35 172 168
36 172 40
36 172 168
36 173 40
36 173 168
37 173 40
37 173 168
37 174 40
38 174 40
38 175 40
39 175 40
39 176 40
40 176 40
40 177 40
41 177 40
41 178 40
42 178 40
43 178 40
44 178 40
45 178 40
45 178 168
46 178 40
46 178 168
47 178 40
47 178 168
48 178 40
48 178 168
49 178 40
49 178 168
50 178 40
50 178 168
51 178 40
51 178 168
51 178 296
52 178 40
52 178 168
52 178 296
53 178 40
53 178 168
53 178 296
54 178 40
54 178 168
54 178 296
54 178 424
55 178 40
55 178 168
55 178 296
55 178 424
56 178 40
56 178 168
56 178 296
56 178 424
56 178 552
57 178 40
57 178 168
57 178 296
57 178 424
57 178 552
58 178 40
58 178 168
58 178 296
58 178 424
58 178 552
58 178 680
59 178 40
59 178 168
59 178 296
59 178 424
59 178 552
59 178 680
60 178 40
60 178 168
60 178 296
60 178 424
60 178 552
60 178 680
60 178 808
61 178 40
61 178 168
61 178 296
61 178 424
61 178 552
61 178 680
61 178 808
62 178 40
62 178 168
62 178 296
62 178 424
62 178 552
62 178 680
62 178 808
62 178 936
63 178 40
63 178 168
63 178 296
63 178 424
63 178 552
63 178 680
63 178 808
63 178 936
64 178 40
64 178 168
64 178 296
64 178 424
64 178 552
64 178 680
64 178 808
64 178 936
65 178 40
65 178 168
65 178 296
65 178 424
65 178 552
65 178 680
65 178 808
65 178 936
66 178 40
66 178 168
66 178 296
66 178 424
66 178 552
66 178 680
66 178 808
66 178 936
67 178 40
67 178 168
67 178 296
67 178 424
67 178 552
67 178 680
67 178 808
67 178 936
68 178 40
68 178 168
68 178 296
68 178 424
68 178 552
68 178 680
68 178 808
68 178 936
69 178 40
69 178 168
69 178 296
69 178 424
69 178 552
69 178 680
69 178 808
69 178 936
70 178 40
70 178 168
70 178 296
70 178 424
70 178 552
70 178 680
70 178 808
70 178 936
71 178 40
71 178 168
71 178 296
71 178 424
71 178 552
71 178 680
71 178 808
71 178 936
72 178 40
72 178 168
72 178 296
72 178 424
72 178 552
72 178 680
72 178 808
72 178 936
73 178 40
73 178 168
73 178 296
73 178 424
73 178 552
73 178 680
73 178 808
73 178 936
74 178 40
74 178 168
74 178 296
74 178 424
74 178 552
74 178 680
74 178 808
74 178 936
75 178 40
75 178 168
75 178 296
75 178 424
75 178 552
75 178 680
75 178 808
75 178 936
76 178 40
76 178 168
76 178 296
76 178 424
76 178 552
76 178 680
76 178 808
77 178 40
77 178 168
77 178 296
77 178 424
77 178 552
77 178 680
77 178 808
78 178 40
78 178 168
78 178 296
78 178 424
78 178 552
78 178 680
78 178 808
79 178 40
79 178 168
79 178 296
79 178 424
79 178 552
79 178 680
79 178 808
80 178 40
80 178 168
80 178 296
80 178 424
80 178 552
80 178 680
81 178 40
81 178 168
81 178 296
81 178 424
81 178 552
81 178 680
82 178 40
82 178 168
82 178 296
82 178 424
82 178 552
83 178 40
83 178 168
83 178 296
83 178 424
83 178 552
84 178 40
84 178 168
84 178 296
84 178 424
84 178 552
85 178 40
85 178 168
85 178 296
85 178 424
86 178 40
86 178 168
86 178 296
86 178 424
87 178 40
87 178 168
87 178 296
87 178 424
88 178 40
88 178 168
88 178 296
88 178 424
89 178 40
89 178 168
89 178 296
89 178 424
90 178 40
90 178 168
90 178 296
90 178 424
91 178 40
91 178 168
91 178 296
91 178 424
92 178 40
92 178 168
92 178 296
92 178 424
93 178 40
93 178 168
93 178 296
93 178 424
94 178 40
94 178 168
94 178 296
94 178 424
95 178 40
95 178 168
95 178 296
95 178 424
95 177 40
95 177 168
95 177 296
95 177 424
96 177 40
96 177 168
96 177 296
96 177 424
96 176 40
96 176 168
96 176 296
96 176 424
97 176 40
97 176 168
97 176 296
97 175 40
97 175 168
97 175 296
98 175 40
98 175 168
98 175 296
98 174 40
98 174 168
98 174 296
99 174 40
99 174 168
99 174 296
99 173 40
99 173 168
99 173 296
100 173 40
100 173 168
100 173 296
100 172 40
100 172 168
100 172 296
101 172 40
101 172 168
101 172 296
101 171 40
101 171 168
101 171 296
102 171 40
102 171 168
102 171 296
102 170 40
102 170 168
102 170 296
103 170 40
103 170 168
103 170 296
103 169 40
103 169 168
103 169 296
104 169 40
104 169 168
104 169 296
104 168 40
104 168 168
104 168 296
105 168 40
105 168 168
105 168 296
105 168 424
105 167 40
105 167 168
105 167 296
105 167 424
106 167 40
106 167 168
106 167 296
106 167 424
106 166 40
106 166 168
106 166 296
106 166 424
107 166 40
107 166 168
107 166 296
107 166 424
107 165 40
107 165 168
107 165 296
107 165 424
108 165 40
108 165 168
108 165 296
108 165 424
108 165 552
108 164 40
108 164 168
108 164 296
108 164 424
108 164 552
109 164 40
109 164 168
109 164 296
109 164 424
109 164 552
109 163 40
109 163 168
109 163 296
109 163 424
109 163 552
110 163 40
110 163 168
110 163 296
110 163 424
110 163 552
110 162 40
110 162 168
110 162 296
110 162 424
110 162 552
111 162 40
111 162 168
111 162 296
111 162 424
111 162 552
112 162 40
112 162 168
112 162 296
112 162 424
112 162 552
112 162 680
112 161 40
112 161 168
112 161 296
112 161 424
112 161 552
112 161 680
113 161 40
113 161 168
113 161 296
113 161 424
113 161 552
113 161 680
114 161 40
114 161 168
114 161 296
114 161 424
114 161 552
114 161 680
115 161 40
115 161 168
115 161 296
115 161 424
115 161 552
115 160 40
115 160 168
115 160 296
115 160 424
115 160 552
116 160 40
116 160 168
116 160 296
116 160 424
116 160 552
116 159 40
116 159 168
116 159 296
116 159 424
116 159 552
117 159 40
117 159 168
117 159 296
117 159 424
117 158 40
117 158 168
117 158 296
117 158 424
118 158 40
118 158 168
118 158 296
118 158 424
119 158 40
119 158 168
119 158 296
119 157 40
119 157 168
119 157 296
120 157 40
120 157 168
120 156 40
120 156 168
121 156 40
121 156 168
122 156 40
122 156 168
123 156 40
123 156 168
124 156 40
124 156 168
125 156 40
126 156 40
127 156 40
128 156 40
129 156 40
130 156 40
131 156 40
132 156 40
133 156 40
