0 0 100
0 20 100
0 40 100
0 60 100
0 80 100
0 100 100
0 120 100
0 140 100
0 160 100
0 180 100
0 199 100
11 10 100
11 30 100
11 50 100
11 70 100
11 90 100
11 110 100
11 130 100
11 150 100
11 170 100
11 190 100
22 0 100
22 20 100
22 40 100
22 60 100
22 80 100
22 100 100
22 120 100
22 140 100
22 160 100
22 180 100
22 199 100
33 10 100
33 30 100
33 50 100
33 70 100
33 90 100
33 110 100
33 130 100
33 150 100
33 170 100
33 190 100
44 0 100
44 20 100
44 40 100
44 60 100
44 80 100
44 100 100
44 120 100
44 140 100
44 160 100
44 180 100
44 199 100
55 10 100
55 30 100
55 50 100
55 70 100
55 90 100
55 110 100
55 130 100
55 150 100
55 170 100
55 190 100
66 0 100
66 20 100
66 40 100
66 60 100
66 80 100
66 100 100
66 120 100
66 140 100
66 160 100
66 180 100
66 199 100
77 10 100
77 30 100
77 50 100
77 70 100
77 90 100
77 110 100
77 130 100
77 150 100
77 170 100
77 190 100
88 0 100
88 20 100
88 40 100
88 60 100
88 80 100
88 100 100
88 120 100
88 140 100
88 160 100
88 180 100
88 199 100
99 10 100
99 30 100
99 50 100
99 70 100
99 90 100
99 110 100
99 130 100
99 150 100
99 170 100
99 190 100
110 0 100
110 20 100
110 40 100
110 60 100
110 80 100
110 100 100
110 120 100
110 140 100
110 160 100
110 180 100
110 199 100
121 10 100
121 30 100
121 50 100
121 70 100
121 90 100
121 110 100
121 130 100
121 150 100
121 170 100
121 190 100
132 0 100
132 20 100
132 40 100
132 60 100
132 80 100
132 100 100
132 120 100
132 140 100
132 160 100
132 180 100
132 199 100
143 10 100
143 30 100
143 50 100
143 70 100
143 90 100
143 110 100
143 130 100
143 150 100
143 170 100
143 190 100
154 0 100
154 20 100
154 40 100
154 60 100
154 80 100
154 100 100
154 120 100
154 140 100
154 160 100
154 180 100
154 199 100
165 10 100
165 30 100
165 50 100
165 70 100
165 90 100
165 110 100
165 130 100
165 150 100
165 170 100
165 190 100
176 0 100
176 20 100
176 40 100
176 60 100
176 80 100
176 100 100
176 120 100
176 140 100
176 160 100
176 180 100
176 199 100
187 10 100
187 30 100
187 50 100
187 70 100
187 90 100
187 110 100
187 130 100
187 150 100
187 170 100
187 190 100
198 0 100
198 20 100
198 40 100
198 60 100
198 80 100
198 100 100
198 120 100
198 140 100
198 160 100
198 180 100
198 199 100
0 0 100
0 80 100
0 100 100
0 120 100
11 10 100
11 50 100
11 90 100
11 110 100
11 150 100
11 170 100
11 190 100
22 0 100
22 40 100
22 60 100
22 80 100
22 100 100
22 120 100
22 140 100
22 160 100
22 180 100
22 199 100
33 10 100
33 50 100
33 70 100
33 90 100
33 110 100
33 130 100
33 150 100
33 170 100
33 190 100
44 0 100
44 20 100
44 40 100
44 60 100
44 80 100
44 120 100
44 140 100
44 160 100
44 180 100
44 199 100
55 10 100
55 30 100
55 50 100
55 70 100
55 110 100
55 130 100
66 20 100
66 40 100
66 60 100
66 120 100
66 180 100
66 199 100
77 30 100
77 50 100
77 70 100
77 110 100
77 130 100
77 170 100
77 190 100
88 0 100
88 20 100
88 40 100
88 60 100
88 80 100
88 120 100
88 140 100
88 160 100
88 180 100
88 199 100
99 10 100
99 30 100
99 50 100
99 70 100
99 90 100
99 150 100
99 170 100
110 0 100
110 20 100
110 40 100
110 80 100
110 100 100
110 160 100
121 10 100
121 30 100
121 90 100
121 110 100
121 150 100
121 170 100
121 190 100
132 0 100
132 20 100
132 40 100
132 80 100
132 100 100
132 120 100
132 140 100
132 160 100
132 180 100
132 199 100
143 10 100
143 30 100
143 50 100
143 90 100
143 110 100
143 130 100
143 150 100
143 170 100
143 190 100
154 0 100
154 40 100
154 60 100
154 80 100
154 120 100
154 140 100
154 160 100
154 199 100
165 50 100
165 70 100
165 90 100
165 110 100
165 130 100
165 150 100
165 190 100
176 60 100
176 80 100
176 120 100
176 140 100
176 180 100
176 199 100
187 50 100
187 70 100
187 130 100
187 150 100
187 190 100
198 0 100
198 40 100
198 60 100
198 80 100
198 120 100
198 140 100
198 199 100
183 101 40
77 83 40
125 122 40
125 122 48
125 122 56
125 122 64
108 179 40
108 179 48
11 63 40
11 63 48
11 63 56
11 63 64
198 172 40
16 18 40
5 143 40
197 20 40
77 84 40
77 85 40
77 86 40
77 87 40
77 88 40
77 89 40
78 89 40
79 89 40
80 89 40
81 89 40
82 89 40
83 89 40
84 89 40
85 89 40
86 89 40
87 89 40
88 89 40
89 89 40
90 89 40
91 89 40
91 89 48
92 89 40
92 89 48
93 89 40
93 89 48
94 89 40
94 89 48
95 89 40
95 89 48
95 89 56
96 89 40
96 89 48
96 89 56
97 89 40
97 89 48
97 89 56
98 89 40
98 89 48
98 89 56
99 89 40
99 89 48
99 89 56
99 89 64
100 89 40
100 89 48
100 89 56
100 89 64
101 89 40
101 89 48
101 89 56
101 89 64
101 89 72
102 89 40
102 89 48
102 89 56
102 89 64
102 89 72
102 89 80
103 89 40
103 89 48
103 89 56
103 89 64
103 89 72
103 89 80
103 88 40
103 88 48
103 88 56
103 88 64
103 88 72
103 88 80
104 88 40
104 88 48
104 88 56
104 88 64
104 88 72
104 88 80
104 88 88
105 88 40
105 88 48
105 88 56
105 88 64
105 88 72
105 88 80
105 88 88
105 88 96
105 87 40
105 87 48
105 87 56
105 87 64
105 87 72
105 87 80
105 87 88
106 87 40
106 87 48
106 87 56
106 87 64
106 87 72
106 87 80
106 87 88
106 87 96
106 86 40
106 86 48
106 86 56
106 86 64
106 86 72
106 86 80
106 86 88
107 86 40
107 86 48
107 86 56
107 86 64
107 86 72
107 86 80
107 86 88
107 86 96
108 86 40
108 86 48
108 86 56
108 86 64
108 86 72
108 86 80
108 86 88
108 86 96
108 86 104
108 85 40
108 85 48
108 85 56
108 85 64
108 85 72
108 85 80
108 85 88
108 85 96
109 85 40
109 85 48
109 85 56
109 85 64
109 85 72
109 85 80
109 85 88
109 85 96
109 84 40
109 84 48
109 84 56
109 84 64
109 84 72
109 84 80
109 84 88
110 84 40
110 84 48
110 84 56
110 84 64
110 84 72
110 84 80
110 84 88
110 83 40
110 83 48
110 83 56
110 83 64
110 83 72
110 83 80
111 83 40
111 83 48
111 83 56
111 83 64
111 83 72
111 82 40
111 82 48
111 82 56
111 82 64
112 82 40
112 82 48
112 82 56
112 82 64
112 81 40
112 81 48
112 81 56
112 81 64
113 81 40
113 81 48
113 81 56
113 81 64
113 80 40
113 80 48
113 80 56
113 80 64
114 80 40
114 80 48
114 80 56
114 80 64
114 79 40
114 79 48
114 79 56
114 79 64
115 79 40
115 79 48
115 79 56
115 79 64
115 78 40
115 78 48
115 78 56
115 78 64
116 78 40
116 78 48
116 78 56
116 78 64
116 77 40
116 77 48
116 77 56
116 77 64
117 77 40
117 77 48
117 77 56
117 77 64
117 76 40
117 76 48
117 76 56
117 75 40
117 75 48
117 75 56
118 75 40
118 75 48
118 75 56
118 74 40
118 74 48
119 74 40
119 74 48
119 73 40
119 73 48
119 72 40
120 72 40
120 71 40
121 71 40
121 69 40
121 68 40
122 68 40
122 67 40
122 66 40
123 66 40
124 66 40
125 66 40
126 66 40
127 66 40
128 66 40
129 66 40
130 66 40
130 66 48
131 66 40
131 66 48
132 66 40
132 66 48
133 66 40
133 66 48
134 66 40
134 66 48
135 66 40
135 66 48
136 66 40
136 66 48
137 66 40
137 66 48
138 66 40
138 66 48
138 66 56
138 67 40
138 67 48
138 67 56
139 67 40
139 67 48
139 67 56
140 67 40
140 67 48
140 67 56
140 68 40
140 68 48
140 68 56
141 68 40
141 68 48
141 68 56
141 69 40
141 69 48
141 69 56
142 69 40
142 69 48
142 70 40
142 70 48
143 71 40
143 71 48
144 71 40
144 72 40
145 72 40
146 72 40
146 73 40
146 73 48
147 73 40
147 73 48
147 74 40
147 74 48
148 74 40
148 74 48
148 75 40
148 75 48
148 75 56
149 75 40
149 75 48
149 75 56
149 76 40
149 76 48
149 76 56
150 76 40
150 76 48
150 76 56
150 76 64
151 76 40
151 76 48
151 76 56
151 76 64
151 77 40
151 77 48
151 77 56
151 77 64
151 77 72
152 77 40
152 77 48
152 77 56
152 77 64
152 77 72
153 77 40
153 77 48
153 77 56
153 77 64
153 77 72
153 78 40
153 78 48
153 78 56
153 78 64
153 78 72
154 78 40
154 78 48
154 78 56
154 78 64
154 78 72
155 78 40
155 78 48
155 78 56
155 78 64
156 78 40
156 78 48
156 78 56
156 78 64
156 79 40
156 79 48
156 79 56
156 79 64
156 80 40
156 80 48
156 80 56
156 80 64
156 81 40
156 81 48
156 81 56
156 81 64
156 82 40
156 82 48
156 82 56
156 82 64
156 82 72
156 83 40
156 83 48
156 83 56
156 83 64
156 83 72
156 84 40
156 84 48
156 84 56
156 84 64
156 84 72
156 84 80
156 85 40
156 85 48
156 85 56
156 85 64
156 85 72
156 85 80
156 85 88
156 86 40
156 86 48
156 86 56
156 86 64
156 86 72
156 86 80
156 86 88
156 87 40
156 87 48
156 87 56
156 87 64
156 87 72
156 87 80
156 87 88
156 87 96
156 88 40
156 88 48
156 88 56
156 88 64
156 88 72
156 88 80
156 88 88
156 88 96
156 88 104
156 89 40
156 89 48
156 89 56
156 89 64
156 89 72
156 89 80
156 89 88
156 89 96
156 89 104
156 89 112
156 90 40
156 90 48
156 90 56
156 90 64
156 90 72
156 90 80
156 90 88
156 90 96
156 90 104
156 90 112
156 91 40
156 91 48
156 91 56
156 91 64
156 91 72
156 91 80
156 91 88
156 91 96
156 91 104
156 91 112
156 92 40
156 92 48
156 92 56
156 92 64
156 92 72
156 92 80
156 92 88
156 92 96
156 92 104
156 93 40
156 93 48
156 93 56
156 93 64
156 93 72
156 93 80
156 93 88
156 93 96
156 94 40
156 94 48
156 94 56
156 94 64
156 94 72
156 94 80
156 94 88
156 95 40
156 95 48
156 95 56
156 95 64
156 95 72
156 95 80
156 96 40
156 96 48
156 96 56
156 96 64
156 96 72
156 97 40
156 97 48
156 97 56
156 97 64
156 97 72
156 98 40
156 98 48
156 98 56
156 98 64
156 99 40
156 99 48
156 99 56
156 100 40
156 100 48
156 100 56
156 101 40
156 101 48
157 101 40
157 101 48
157 101 56
158 101 40
158 101 48
158 101 56
158 101 64
159 101 40
159 101 48
159 101 56
159 101 64
159 101 72
160 101 40
160 101 48
160 101 56
160 101 64
160 101 72
161 101 40
161 101 48
161 101 56
161 101 64
161 101 72
161 101 80
162 101 40
162 101 48
162 101 56
162 101 64
162 101 72
162 101 80
163 101 40
163 101 48
163 101 56
163 101 64
163 101 72
163 101 80
164 101 40
164 101 48
164 101 56
164 101 64
164 101 72
164 101 80
165 101 40
165 101 48
165 101 56
165 101 64
165 101 72
166 101 40
166 101 48
166 101 56
166 101 64
166 101 72
167 101 40
167 101 48
167 101 56
167 101 64
168 101 40
168 101 48
168 101 56
168 101 64
169 101 40
169 101 48
169 101 56
169 101 64
170 101 40
170 101 48
170 101 56
170 101 64
171 101 40
171 101 48
171 101 56
171 101 64
172 101 40
172 101 48
172 101 56
172 101 64
173 101 40
173 101 48
173 101 56
174 101 40
174 101 48
174 101 56
175 101 40
175 101 48
176 101 40
176 101 48
177 101 40
177 101 48
178 101 40
179 101 40
180 101 40
181 101 40
182 101 40
125 123 40
125 123 48
125 123 56
125 123 64
125 124 40
125 124 48
125 124 56
125 125 40
125 125 48
125 125 56
125 126 40
125 126 48
124 126 40
124 126 48
123 126 40
123 126 48
122 126 40
122 126 48
121 126 40
120 126 40
119 126 40
118 126 40
117 126 40
116 126 40
115 126 40
114 126 40
113 126 40
112 126 40
111 126 40
110 126 40
109 126 40
108 126 40
108 125 40
108 124 40
108 123 40
107 123 40
107 122 40
107 121 40
107 120 40
106 120 40
106 119 40
106 118 40
105 118 40
105 117 40
105 116 40
104 116 40
104 115 40
103 115 40
103 114 40
102 114 40
102 113 40
101 113 40
101 112 40
101 111 40
100 111 40
100 110 40
99 109 40
98 109 40
98 108 40
97 108 40
97 107 40
96 107 40
96 106 40
96 105 40
95 105 40
95 104 40
95 103 40
95 102 40
95 101 40
95 100 40
95 99 40
95 98 40
95 97 40
95 96 40
95 95 40
95 94 40
95 93 40
95 92 40
95 91 40
95 90 40
95 90 48
197 21 40
197 22 40
196 22 40
195 22 40
194 22 40
194 23 40
193 23 40
192 23 40
191 23 40
190 23 40
189 23 40
188 23 40
187 23 40
186 23 40
185 23 40
184 23 40
183 23 40
182 23 40
181 23 40
180 23 40
179 23 40
178 23 40
177 23 40
176 23 40
175 23 40
175 24 40
174 24 40
174 25 40
173 25 40
173 26 40
172 26 40
172 27 40
172 28 40
172 29 40
172 30 40
172 31 40
172 32 40
172 33 40
172 34 40
172 35 40
172 36 40
172 37 40
172 38 40
172 39 40
172 40 40
172 41 40
172 42 40
172 43 40
172 44 40
172 45 40
172 45 48
172 46 40
172 46 48
172 47 40
172 47 48
172 48 40
172 48 48
172 49 40
172 49 48
172 50 40
172 50 48
172 51 40
172 51 48
172 52 40
172 52 48
172 52 56
172 53 40
172 53 48
172 53 56
172 53 64
172 54 40
172 54 48
172 54 56
172 54 64
172 55 40
172 55 48
172 55 56
172 55 64
172 55 72
172 55 80
172 56 40
172 56 48
172 56 56
172 56 64
172 56 72
172 56 80
172 56 88
172 57 40
172 57 48
172 57 56
172 57 64
172 57 72
172 57 80
172 57 88
172 57 96
172 58 40
172 58 48
172 58 56
172 58 64
172 58 72
172 58 80
172 58 88
172 58 96
172 58 104
172 59 40
172 59 48
172 59 56
172 59 64
172 59 72
172 59 80
172 59 88
172 59 96
172 59 104
172 60 40
172 60 48
172 60 56
172 60 64
172 60 72
172 60 80
172 60 88
172 60 96
172 60 104
172 61 40
172 61 48
172 61 56
172 61 64
172 61 72
172 61 80
172 61 88
172 61 96
172 62 40
172 62 48
172 62 56
172 62 64
172 62 72
172 62 80
172 62 88
172 62 96
172 63 40
172 63 48
172 63 56
172 63 64
172 63 72
172 63 80
172 63 88
172 64 40
172 64 48
172 64 56
172 64 64
172 64 72
172 64 80
172 64 88
172 65 40
172 65 48
172 65 56
172 65 64
172 65 72
172 65 80
172 66 40
172 66 48
172 66 56
172 66 64
172 66 72
172 66 80
172 67 40
172 67 48
172 67 56
172 67 64
172 67 72
172 67 80
171 67 40
171 67 48
171 67 56
171 67 64
171 67 72
171 68 40
171 68 48
171 68 56
171 68 64
171 68 72
170 68 40
170 68 48
170 68 56
170 68 64
170 69 40
170 69 48
170 69 56
170 69 64
170 69 72
169 69 40
169 69 48
169 69 56
169 69 64
169 70 40
169 70 48
169 70 56
169 70 64
169 70 72
168 70 40
168 70 48
168 70 56
168 70 64
168 71 40
168 71 48
168 71 56
168 71 64
168 71 72
167 71 40
167 71 48
167 71 56
167 71 64
167 72 40
167 72 48
167 72 56
167 72 64
167 72 72
166 72 40
166 72 48
166 72 56
166 72 64
166 73 40
166 73 48
166 73 56
166 73 64
166 73 72
165 73 40
165 73 48
165 73 56
165 73 64
165 73 72
165 74 40
165 74 48
165 74 56
165 74 64
165 74 72
164 74 40
164 74 48
164 74 56
164 74 64
164 74 72
164 75 40
164 75 48
164 75 56
164 75 64
164 75 72
163 75 40
163 75 48
163 75 56
163 75 64
163 75 72
163 76 40
163 76 48
163 76 56
163 76 64
163 76 72
162 76 40
162 76 48
162 76 56
162 76 64
162 76 72
161 76 40
161 76 48
161 76 56
161 76 64
161 76 72
161 77 40
161 77 48
161 77 56
161 77 64
161 77 72
160 77 40
160 77 48
160 77 56
160 77 64
160 78 40
160 78 48
160 78 56
160 78 64
160 78 72
159 78 40
159 78 48
159 78 56
159 78 64
158 78 40
158 78 48
158 78 56
158 78 64
157 78 40
157 78 48
157 78 56
157 78 64
109 179 40
109 179 48
110 179 40
110 179 48
110 179 56
111 179 40
111 179 48
111 179 56
111 179 64
112 179 40
112 179 48
112 179 56
112 179 64
112 179 72
112 179 80
112 178 40
112 178 48
112 178 56
112 178 64
112 178 72
112 178 80
112 178 88
112 177 40
112 177 48
112 177 56
112 177 64
112 177 72
112 177 80
112 177 88
112 177 96
112 176 40
112 176 48
112 176 56
112 176 64
112 176 72
112 176 80
112 176 88
112 176 96
112 176 104
112 175 40
112 175 48
112 175 56
112 175 64
112 175 72
112 175 80
112 175 88
112 175 96
112 175 104
112 175 112
112 174 40
112 174 48
112 174 56
112 174 64
112 174 72
112 174 80
112 174 88
112 174 96
112 174 104
112 174 112
112 173 40
112 173 48
112 173 56
112 173 64
112 173 72
112 173 80
112 173 88
112 173 96
112 173 104
112 173 112
112 172 40
112 172 48
112 172 56
112 172 64
112 172 72
112 172 80
112 172 88
112 172 96
112 172 104
112 172 112
112 171 40
112 171 48
112 171 56
112 171 64
112 171 72
112 171 80
112 171 88
112 171 96
112 171 104
112 171 112
112 170 40
112 170 48
112 170 56
112 170 64
112 170 72
112 170 80
112 170 88
112 170 96
112 170 104
112 170 112
112 169 40
112 169 48
112 169 56
112 169 64
112 169 72
112 169 80
112 169 88
112 169 96
112 169 104
112 169 112
112 168 40
112 168 48
112 168 56
112 168 64
112 168 72
112 168 80
112 168 88
112 168 96
112 168 104
112 168 112
112 168 120
112 167 40
112 167 48
112 167 56
112 167 64
112 167 72
112 167 80
112 167 88
112 167 96
112 167 104
112 167 112
112 167 120
112 167 128
112 166 40
112 166 48
112 166 56
112 166 64
112 166 72
112 166 80
112 166 88
112 166 96
112 166 104
112 166 112
112 166 120
112 166 128
112 166 136
112 165 40
112 165 48
112 165 56
112 165 64
112 165 72
112 165 80
112 165 88
112 165 96
112 165 104
112 165 112
112 165 120
112 165 128
112 165 136
112 164 40
112 164 48
112 164 56
112 164 64
112 164 72
112 164 80
112 164 88
112 164 96
112 164 104
112 164 112
112 164 120
112 164 128
112 164 136
112 164 144
112 163 40
112 163 48
112 163 56
112 163 64
112 163 72
112 163 80
112 163 88
112 163 96
112 163 104
112 163 112
112 163 120
112 163 128
112 163 136
112 163 144
112 162 40
112 162 48
112 162 56
112 162 64
112 162 72
112 162 80
112 162 88
112 162 96
112 162 104
112 162 112
112 162 120
112 162 128
112 162 136
112 162 144
112 161 40
112 161 48
112 161 56
112 161 64
112 161 72
112 161 80
112 161 88
112 161 96
112 161 104
112 161 112
112 161 120
112 161 128
112 161 136
112 160 40
112 160 48
112 160 56
112 160 64
112 160 72
112 160 80
112 160 88
112 160 96
112 160 104
112 160 112
112 160 120
112 159 40
112 159 48
112 159 56
112 159 64
112 159 72
112 159 80
112 159 88
112 159 96
112 159 104
112 158 40
112 158 48
112 158 56
112 158 64
112 158 72
112 158 80
112 158 88
112 158 96
112 157 40
112 157 48
112 157 56
112 157 64
112 157 72
112 157 80
112 156 40
112 156 48
112 156 56
112 156 64
112 156 72
112 155 40
112 155 48
112 155 56
112 155 64
112 154 40
112 154 48
112 154 56
112 154 64
112 153 40
112 153 48
112 153 56
112 152 40
112 152 48
112 152 56
112 151 40
112 151 48
112 151 56
112 150 40
112 150 48
112 150 56
112 149 40
112 149 48
112 148 40
112 148 48
112 147 40
112 147 48
112 146 40
112 145 40
112 144 40
112 143 40
112 142 40
112 141 40
112 140 40
112 139 40
112 138 40
112 137 40
112 136 40
112 135 40
112 134 40
112 133 40
112 132 40
112 131 40
112 130 40
112 129 40
112 128 40
112 127 40
197 172 40
196 172 40
195 172 40
194 172 40
194 171 40
193 171 40
193 170 40
193 169 40
192 169 40
191 169 40
190 169 40
189 169 40
189 168 40
188 168 40
187 168 40
187 168 48
186 168 40
186 168 48
186 167 40
186 167 48
185 167 40
185 167 48
184 167 40
184 167 48
183 167 40
183 167 48
183 167 56
183 166 40
183 166 48
183 166 56
182 166 40
182 166 48
181 166 40
181 166 48
180 166 40
180 166 48
179 166 40
179 166 48
178 166 40
177 166 40
176 166 40
175 166 40
174 166 40
173 166 40
172 166 40
171 166 40
170 166 40
170 167 40
169 167 40
168 167 40
168 168 40
167 168 40
167 169 40
166 169 40
166 170 40
165 171 40
165 172 40
164 172 40
164 173 40
163 173 40
163 174 40
163 174 48
162 174 40
162 174 48
162 175 40
162 175 48
162 176 40
162 176 48
161 176 40
161 176 48
161 177 40
161 177 48
160 177 40
160 177 48
160 178 40
160 178 48
159 178 40
159 178 48
159 179 40
159 179 48
158 179 40
158 180 40
157 180 40
157 181 40
156 181 40
156 182 40
155 182 40
154 182 40
153 182 40
152 182 40
152 182 48
151 182 40
151 182 48
150 182 40
150 182 48
149 182 40
149 182 48
148 182 40
148 182 48
147 182 40
147 182 48
146 182 40
146 182 48
145 182 40
145 182 48
144 182 40
144 182 48
143 182 40
143 182 48
143 182 56
142 182 40
142 182 48
142 182 56
141 182 40
141 182 48
141 182 56
141 182 64
141 182 72
140 182 40
140 182 48
140 182 56
140 182 64
140 182 72
140 182 80
140 182 88
139 182 40
139 182 48
139 182 56
139 182 64
139 182 72
139 182 80
139 182 88
139 182 96
139 182 104
138 182 40
138 182 48
138 182 56
138 182 64
138 182 72
138 182 80
138 182 88
138 182 96
138 182 104
138 182 112
138 182 120
137 182 40
137 182 48
137 182 56
137 182 64
137 182 72
137 182 80
137 182 88
137 182 96
137 182 104
137 182 112
137 182 120
137 182 128
137 182 136
136 182 40
136 182 48
136 182 56
136 182 64
136 182 72
136 182 80
136 182 88
136 182 96
136 182 104
136 182 112
136 182 120
136 182 128
136 182 136
136 182 144
136 182 152
135 182 40
135 182 48
135 182 56
135 182 64
135 182 72
135 182 80
135 182 88
135 182 96
135 182 104
135 182 112
135 182 120
135 182 128
135 182 136
135 182 144
135 182 152
135 182 160
134 182 40
134 182 48
134 182 56
134 182 64
134 182 72
134 182 80
134 182 88
134 182 96
134 182 104
134 182 112
134 182 120
134 182 128
134 182 136
134 182 144
134 182 152
134 182 160
134 182 168
133 182 40
133 182 48
133 182 56
133 182 64
133 182 72
133 182 80
133 182 88
133 182 96
133 182 104
133 182 112
133 182 120
133 182 128
133 182 136
133 182 144
133 182 152
133 182 160
133 182 168
132 182 40
132 182 48
132 182 56
132 182 64
132 182 72
132 182 80
132 182 88
132 182 96
132 182 104
132 182 112
132 182 120
132 182 128
132 182 136
132 182 144
132 182 152
132 182 160
132 182 168
131 182 40
131 182 48
131 182 56
131 182 64
131 182 72
131 182 80
131 182 88
131 182 96
131 182 104
131 182 112
131 182 120
131 182 128
131 182 136
131 182 144
131 182 152
131 182 160
131 182 168
130 182 40
130 182 48
130 182 56
130 182 64
130 182 72
130 182 80
130 182 88
130 182 96
130 182 104
130 182 112
130 182 120
130 182 128
130 182 136
130 182 144
130 182 152
130 182 160
130 182 168
129 182 40
129 182 48
129 182 56
129 182 64
129 182 72
129 182 80
129 182 88
129 182 96
129 182 104
129 182 112
129 182 120
129 182 128
129 182 136
129 182 144
129 182 152
129 182 160
129 182 168
128 182 40
128 182 48
128 182 56
128 182 64
128 182 72
128 182 80
128 182 88
128 182 96
128 182 104
128 182 112
128 182 120
128 182 128
128 182 136
128 182 144
128 182 152
128 182 160
128 182 168
128 182 176
127 182 40
127 182 48
127 182 56
127 182 64
127 182 72
127 182 80
127 182 88
127 182 96
127 182 104
127 182 112
127 182 120
127 182 128
127 182 136
127 182 144
127 182 152
127 182 160
127 182 168
127 182 176
126 182 40
126 182 48
126 182 56
126 182 64
126 182 72
126 182 80
126 182 88
126 182 96
126 182 104
126 182 112
126 182 120
126 182 128
126 182 136
126 182 144
126 182 152
126 182 160
126 182 168
126 182 176
125 182 40
125 182 48
125 182 56
125 182 64
125 182 72
125 182 80
125 182 88
125 182 96
125 182 104
125 182 112
125 182 120
125 182 128
125 182 136
125 182 144
125 182 152
125 182 160
125 182 168
124 182 40
124 182 48
124 182 56
124 182 64
124 182 72
124 182 80
124 182 88
124 182 96
124 182 104
124 182 112
124 182 120
124 182 128
124 182 136
124 182 144
124 182 152
124 182 160
123 182 40
123 182 48
123 182 56
123 182 64
123 182 72
123 182 80
123 182 88
123 182 96
123 182 104
123 182 112
123 182 120
123 182 128
123 182 136
123 182 144
123 182 152
122 182 40
122 182 48
122 182 56
122 182 64
122 182 72
122 182 80
122 182 88
122 182 96
122 182 104
122 182 112
122 182 120
122 182 128
122 182 136
121 182 40
121 182 48
121 182 56
121 182 64
121 182 72
121 182 80
121 182 88
121 182 96
121 182 104
121 182 112
121 182 120
120 182 40
120 182 48
120 182 56
120 182 64
120 182 72
120 182 80
120 182 88
120 182 96
120 182 104
120 182 112
119 182 40
119 182 48
119 182 56
119 182 64
119 182 72
119 182 80
119 182 88
119 182 96
119 182 104
118 182 40
118 182 48
118 182 56
118 182 64
118 182 72
118 182 80
118 182 88
118 182 96
117 182 40
117 182 48
117 182 56
117 182 64
117 182 72
117 182 80
117 182 88
116 182 40
116 182 48
116 182 56
116 182 64
116 182 72
116 182 80
115 182 40
115 182 48
115 182 56
115 182 64
115 182 72
115 182 80
114 182 40
114 182 48
114 182 56
114 182 64
114 182 72
113 182 40
113 182 48
113 182 56
113 182 64
112 182 40
112 182 48
112 182 56
112 181 40
112 181 48
112 181 56
112 180 40
112 180 48
112 180 56
112 180 64
5 144 40
5 144 48
5 145 40
5 145 48
5 146 40
5 146 48
5 147 40
5 147 48
5 148 40
5 148 48
5 149 40
5 149 48
5 150 40
5 150 48
5 150 56
5 151 40
5 151 48
5 151 56
5 152 40
5 152 48
5 152 56
6 152 40
6 152 48
6 152 56
7 152 40
7 152 48
7 152 56
7 152 64
8 152 40
8 152 48
8 152 56
8 152 64
9 152 40
9 152 48
9 152 56
9 152 64
10 152 40
10 152 48
10 152 56
10 152 64
10 152 72
11 152 40
11 152 48
11 152 56
11 152 64
11 152 72
12 152 40
12 152 48
12 152 56
12 152 64
12 152 72
13 152 40
13 152 48
13 152 56
13 152 64
13 152 72
13 152 80
14 152 40
14 152 48
14 152 56
14 152 64
14 152 72
14 152 80
15 152 40
15 152 48
15 152 56
15 152 64
15 152 72
15 152 80
15 152 88
16 152 40
16 152 48
16 152 56
16 152 64
16 152 72
16 152 80
16 152 88
16 152 96
16 152 104
17 152 40
17 152 48
17 152 56
17 152 64
17 152 72
17 152 80
17 152 88
17 152 96
17 152 104
17 152 112
17 152 120
18 152 40
18 152 48
18 152 56
18 152 64
18 152 72
18 152 80
18 152 88
18 152 96
18 152 104
18 152 112
18 152 120
18 152 128
18 152 136
19 152 40
19 152 48
19 152 56
19 152 64
19 152 72
19 152 80
19 152 88
19 152 96
19 152 104
19 152 112
19 152 120
19 152 128
19 152 136
19 152 144
19 152 152
19 152 160
20 152 40
20 152 48
20 152 56
20 152 64
20 152 72
20 152 80
20 152 88
20 152 96
20 152 104
20 152 112
20 152 120
20 152 128
20 152 136
20 152 144
20 152 152
20 152 160
20 152 168
20 152 176
21 152 40
21 152 48
21 152 56
21 152 64
21 152 72
21 152 80
21 152 88
21 152 96
21 152 104
21 152 112
21 152 120
21 152 128
21 152 136
21 152 144
21 152 152
21 152 160
21 152 168
21 152 176
21 152 184
21 152 192
22 152 40
22 152 48
22 152 56
22 152 64
22 152 72
22 152 80
22 152 88
22 152 96
22 152 104
22 152 112
22 152 120
22 152 128
22 152 136
22 152 144
22 152 152
22 152 160
22 152 168
22 152 176
22 152 184
22 152 192
22 152 200
22 152 208
22 152 216
23 152 40
23 152 48
23 152 56
23 152 64
23 152 72
23 152 80
23 152 88
23 152 96
23 152 104
23 152 112
23 152 120
23 152 128
23 152 136
23 152 144
23 152 152
23 152 160
23 152 168
23 152 176
23 152 184
23 152 192
23 152 200
23 152 208
23 152 216
23 152 224
23 152 232
24 152 40
24 152 48
24 152 56
24 152 64
24 152 72
24 152 80
24 152 88
24 152 96
24 152 104
24 152 112
24 152 120
24 152 128
24 152 136
24 152 144
24 152 152
24 152 160
24 152 168
24 152 176
24 152 184
24 152 192
24 152 200
24 152 208
24 152 216
24 152 224
24 152 232
24 152 240
25 152 40
25 152 48
25 152 56
25 152 64
25 152 72
25 152 80
25 152 88
25 152 96
25 152 104
25 152 112
25 152 120
25 152 128
25 152 136
25 152 144
25 152 152
25 152 160
25 152 168
25 152 176
25 152 184
25 152 192
25 152 200
25 152 208
25 152 216
25 152 224
25 152 232
25 152 240
25 152 248
26 152 40
26 152 48
26 152 56
26 152 64
26 152 72
26 152 80
26 152 88
26 152 96
26 152 104
26 152 112
26 152 120
26 152 128
26 152 136
26 152 144
26 152 152
26 152 160
26 152 168
26 152 176
26 152 184
26 152 192
26 152 200
26 152 208
26 152 216
26 152 224
26 152 232
26 152 240
26 152 248
26 152 256
27 152 40
27 152 48
27 152 56
27 152 64
27 152 72
27 152 80
27 152 88
27 152 96
27 152 104
27 152 112
27 152 120
27 152 128
27 152 136
27 152 144
27 152 152
27 152 160
27 152 168
27 152 176
27 152 184
27 152 192
27 152 200
27 152 208
27 152 216
27 152 224
27 152 232
27 152 240
27 152 248
27 152 256
28 152 40
28 152 48
28 152 56
28 152 64
28 152 72
28 152 80
28 152 88
28 152 96
28 152 104
28 152 112
28 152 120
28 152 128
28 152 136
28 152 144
28 152 152
28 152 160
28 152 168
28 152 176
28 152 184
28 152 192
28 152 200
28 152 208
28 152 216
28 152 224
28 152 232
28 152 240
28 152 248
29 152 40
29 152 48
29 152 56
29 152 64
29 152 72
29 152 80
29 152 88
29 152 96
29 152 104
29 152 112
29 152 120
29 152 128
29 152 136
29 152 144
29 152 152
29 152 160
29 152 168
29 152 176
29 152 184
29 152 192
29 152 200
29 152 208
29 152 216
29 152 224
29 152 232
29 152 240
29 152 248
30 152 40
30 152 48
30 152 56
30 152 64
30 152 72
30 152 80
30 152 88
30 152 96
30 152 104
30 152 112
30 152 120
30 152 128
30 152 136
30 152 144
30 152 152
30 152 160
30 152 168
30 152 176
30 152 184
30 152 192
30 152 200
30 152 208
30 152 216
30 152 224
30 152 232
30 152 240
31 152 40
31 152 48
31 152 56
31 152 64
31 152 72
31 152 80
31 152 88
31 152 96
31 152 104
31 152 112
31 152 120
31 152 128
31 152 136
31 152 144
31 152 152
31 152 160
31 152 168
31 152 176
31 152 184
31 152 192
31 152 200
31 152 208
31 152 216
31 152 224
31 152 232
32 152 40
32 152 48
32 152 56
32 152 64
32 152 72
32 152 80
32 152 88
32 152 96
32 152 104
32 152 112
32 152 120
32 152 128
32 152 136
32 152 144
32 152 152
32 152 160
32 152 168
32 152 176
32 152 184
32 152 192
32 152 200
32 152 208
32 152 216
32 152 224
32 152 232
33 152 40
33 152 48
33 152 56
33 152 64
33 152 72
33 152 80
33 152 88
33 152 96
33 152 104
33 152 112
33 152 120
33 152 128
33 152 136
33 152 144
33 152 152
33 152 160
33 152 168
33 152 176
33 152 184
33 152 192
33 152 200
33 152 208
33 152 216
33 152 224
34 152 40
34 152 48
34 152 56
34 152 64
34 152 72
34 152 80
34 152 88
34 152 96
34 152 104
34 152 112
34 152 120
34 152 128
34 152 136
34 152 144
34 152 152
34 152 160
34 152 168
34 152 176
34 152 184
34 152 192
34 152 200
34 152 208
34 152 216
35 152 40
35 152 48
35 152 56
35 152 64
35 152 72
35 152 80
35 152 88
35 152 96
35 152 104
35 152 112
35 152 120
35 152 128
35 152 136
35 152 144
35 152 152
35 152 160
35 152 168
35 152 176
35 152 184
35 152 192
35 152 200
35 152 208
36 152 40
36 152 48
36 152 56
36 152 64
36 152 72
36 152 80
36 152 88
36 152 96
36 152 104
36 152 112
36 152 120
36 152 128
36 152 136
36 152 144
36 152 152
36 152 160
36 152 168
36 152 176
36 152 184
36 152 192
37 152 40
37 152 48
37 152 56
37 152 64
37 152 72
37 152 80
37 152 88
37 152 96
37 152 104
37 152 112
37 152 120
37 152 128
37 152 136
37 152 144
37 152 152
37 152 160
37 152 168
37 152 176
37 152 184
38 152 40
38 152 48
38 152 56
38 152 64
38 152 72
38 152 80
38 152 88
38 152 96
38 152 104
38 152 112
38 152 120
38 152 128
38 152 136
38 152 144
38 152 152
38 152 160
38 152 168
38 152 176
39 152 40
39 152 48
39 152 56
39 152 64
39 152 72
39 152 80
39 152 88
39 152 96
39 152 104
39 152 112
39 152 120
39 152 128
39 152 136
39 152 144
39 152 152
39 152 160
39 152 168
40 152 40
40 152 48
40 152 56
40 152 64
40 152 72
40 152 80
40 152 88
40 152 96
40 152 104
40 152 112
40 152 120
40 152 128
40 152 136
40 152 144
40 152 152
41 152 40
41 152 48
41 152 56
41 152 64
41 152 72
41 152 80
41 152 88
41 152 96
41 152 104
41 152 112
41 152 120
41 152 128
41 152 136
42 152 40
42 152 48
42 152 56
42 152 64
42 152 72
42 152 80
42 152 88
42 152 96
42 152 104
42 152 112
42 152 120
43 152 40
43 152 48
43 152 56
43 152 64
43 152 72
43 152 80
43 152 88
43 152 96
43 152 104
43 152 112
44 152 40
44 152 48
44 152 56
44 152 64
44 152 72
44 152 80
44 152 88
44 152 96
45 152 40
45 152 48
45 152 56
45 152 64
45 152 72
45 152 80
45 152 88
46 152 40
46 152 48
46 152 56
46 152 64
46 152 72
46 152 80
47 152 40
47 152 48
47 152 56
47 152 64
47 152 72
47 152 80
48 152 40
48 152 48
48 152 56
48 152 64
48 152 72
49 152 40
49 152 48
49 152 56
49 152 64
49 152 72
50 152 40
50 152 48
50 152 56
50 152 64
51 152 40
51 152 48
51 152 56
52 152 40
52 152 48
52 152 56
53 152 40
53 152 48
54 152 40
54 152 48
55 152 40
55 152 48
56 152 40
57 152 40
58 152 40
59 152 40
60 152 40
61 152 40
62 152 40
63 152 40
64 152 40
65 152 40
66 152 40
67 152 40
67 153 40
68 153 40
68 154 40
68 155 40
68 156 40
68 157 40
68 158 40
68 159 40
68 160 40
68 161 40
68 161 48
68 162 40
68 162 48
68 163 40
68 163 48
68 164 40
68 164 48
68 165 40
68 165 48
68 166 40
68 166 48
68 167 40
68 167 48
69 167 40
69 167 48
69 168 40
69 168 48
69 169 40
69 169 48
70 169 40
70 169 48
70 169 56
70 170 40
70 170 48
70 170 56
70 171 40
70 171 48
70 171 56
71 171 40
71 171 48
71 171 56
71 172 40
71 172 48
71 172 56
71 173 40
71 173 48
71 173 56
72 173 40
72 173 48
72 173 56
72 173 64
72 174 40
72 174 48
72 174 56
72 174 64
73 174 40
73 174 48
73 174 56
73 174 64
73 175 40
73 175 48
73 175 56
73 175 64
73 175 72
74 175 40
74 175 48
74 175 56
74 175 64
74 175 72
75 175 40
75 175 48
75 175 56
75 175 64
75 175 72
76 175 40
76 175 48
76 175 56
76 175 64
76 175 72
77 175 40
77 175 48
77 175 56
77 175 64
77 175 72
78 175 40
78 175 48
78 175 56
78 175 64
78 175 72
79 175 40
79 175 48
79 175 56
79 175 64
79 175 72
80 175 40
80 175 48
80 175 56
80 175 64
80 175 72
80 175 80
81 175 40
81 175 48
81 175 56
81 175 64
81 175 72
81 175 80
81 176 40
81 176 48
81 176 56
81 176 64
81 176 72
81 176 80
82 176 40
82 176 48
82 176 56
82 176 64
82 176 72
82 176 80
83 176 40
83 176 48
83 176 56
83 176 64
83 176 72
83 176 80
83 177 40
83 177 48
83 177 56
83 177 64
83 177 72
83 177 80
84 177 40
84 177 48
84 177 56
84 177 64
84 177 72
84 177 80
85 177 40
85 177 48
85 177 56
85 177 64
85 177 72
85 177 80
85 178 40
85 178 48
85 178 56
85 178 64
85 178 72
86 178 40
86 178 48
86 178 56
86 178 64
86 178 72
86 179 40
86 179 48
86 179 56
86 179 64
87 179 40
87 179 48
87 179 56
87 179 64
87 180 40
87 180 48
87 180 56
88 181 40
88 181 48
88 181 56
89 181 40
89 181 48
89 182 40
89 182 48
90 182 40
90 182 48
91 182 40
91 182 48
91 183 40
91 183 48
92 183 40
92 184 40
92 184 48
93 184 40
93 185 40
94 185 40
94 186 40
95 186 40
96 186 40
96 187 40
97 187 40
98 187 40
99 187 40
100 187 40
101 187 40
102 187 40
103 187 40
104 187 40
105 187 40
106 187 40
107 187 40
107 186 40
108 186 40
108 185 40
109 185 40
109 184 40
110 184 40
110 183 40
111 183 40
111 183 48
111 182 40
111 182 48
11 64 40
11 64 48
11 64 56
11 64 64
11 65 40
11 65 48
11 65 56
11 66 40
11 66 48
11 66 56
11 67 40
11 67 48
11 67 56
11 68 40
11 68 48
11 69 40
11 69 48
10 69 40
10 69 48
9 69 40
9 69 48
8 69 40
8 69 48
7 69 40
7 69 48
6 69 40
6 69 48
5 69 40
5 69 48
4 69 40
4 69 48
3 69 40
3 69 48
2 69 40
2 69 48
1 69 40
1 69 48
0 69 40
0 69 48
0 70 40
0 70 48
0 71 40
0 71 48
0 72 40
0 72 48
0 73 40
0 73 48
0 74 40
0 74 48
0 75 40
0 75 48
0 76 40
0 76 48
0 77 40
0 77 48
0 78 40
0 78 48
0 79 40
0 79 48
0 79 56
0 81 40
0 81 48
0 81 56
0 81 64
0 82 40
0 82 48
0 82 56
0 82 64
0 82 72
0 82 80
0 83 40
0 83 48
0 83 56
0 83 64
0 83 72
0 83 80
0 83 88
0 84 40
0 84 48
0 84 56
0 84 64
0 84 72
0 84 80
0 84 88
0 84 96
0 84 104
0 85 40
0 85 48
0 85 56
0 85 64
0 85 72
0 85 80
0 85 88
0 85 96
0 85 104
0 85 112
0 85 120
0 86 40
0 86 48
0 86 56
0 86 64
0 86 72
0 86 80
0 86 88
0 86 96
0 86 104
0 86 112
0 86 120
0 86 128
0 86 136
0 87 40
0 87 48
0 87 56
0 87 64
0 87 72
0 87 80
0 87 88
0 87 96
0 87 104
0 87 112
0 87 120
0 87 128
0 87 136
0 87 144
0 87 152
0 88 40
0 88 48
0 88 56
0 88 64
0 88 72
0 88 80
0 88 88
0 88 96
0 88 104
0 88 112
0 88 120
0 88 128
0 88 136
0 88 144
0 88 152
0 88 160
0 89 40
0 89 48
0 89 56
0 89 64
0 89 72
0 89 80
0 89 88
0 89 96
0 89 104
0 89 112
0 89 120
0 89 128
0 89 136
0 89 144
0 89 152
0 89 160
0 90 40
0 90 48
0 90 56
0 90 64
0 90 72
0 90 80
0 90 88
0 90 96
0 90 104
0 90 112
0 90 120
0 90 128
0 90 136
0 90 144
0 90 152
0 90 160
0 90 168
0 91 40
0 91 48
0 91 56
0 91 64
0 91 72
0 91 80
0 91 88
0 91 96
0 91 104
0 91 112
0 91 120
0 91 128
0 91 136
0 91 144
0 91 152
0 91 160
0 91 168
0 92 40
0 92 48
0 92 56
0 92 64
0 92 72
0 92 80
0 92 88
0 92 96
0 92 104
0 92 112
0 92 120
0 92 128
0 92 136
0 92 144
0 92 152
0 92 160
0 92 168
0 92 176
0 93 40
0 93 48
0 93 56
0 93 64
0 93 72
0 93 80
0 93 88
0 93 96
0 93 104
0 93 112
0 93 120
0 93 128
0 93 136
0 93 144
0 93 152
0 93 160
0 93 168
0 93 176
0 94 40
0 94 48
0 94 56
0 94 64
0 94 72
0 94 80
0 94 88
0 94 96
0 94 104
0 94 112
0 94 120
0 94 128
0 94 136
0 94 144
0 94 152
0 94 160
0 94 168
0 94 176
0 94 184
0 94 192
0 95 40
0 95 48
0 95 56
0 95 64
0 95 72
0 95 80
0 95 88
0 95 96
0 95 104
0 95 112
0 95 120
0 95 128
0 95 136
0 95 144
0 95 152
0 95 160
0 95 168
0 95 176
0 95 184
0 95 192
0 95 200
0 96 40
0 96 48
0 96 56
0 96 64
0 96 72
0 96 80
0 96 88
0 96 96
0 96 104
0 96 112
0 96 120
0 96 128
0 96 136
0 96 144
0 96 152
0 96 160
0 96 168
0 96 176
0 96 184
0 96 192
0 96 200
0 96 208
0 97 40
0 97 48
0 97 56
0 97 64
0 97 72
0 97 80
0 97 88
0 97 96
0 97 104
0 97 112
0 97 120
0 97 128
0 97 136
0 97 144
0 97 152
0 97 160
0 97 168
0 97 176
0 97 184
0 97 192
0 97 200
0 97 208
0 97 216
0 98 40
0 98 48
0 98 56
0 98 64
0 98 72
0 98 80
0 98 88
0 98 96
0 98 104
0 98 112
0 98 120
0 98 128
0 98 136
0 98 144
0 98 152
0 98 160
0 98 168
0 98 176
0 98 184
0 98 192
0 98 200
0 98 208
0 98 216
0 98 224
0 99 40
0 99 48
0 99 56
0 99 64
0 99 72
0 99 80
0 99 88
0 99 96
0 99 104
0 99 112
0 99 120
0 99 128
0 99 136
0 99 144
0 99 152
0 99 160
0 99 168
0 99 176
0 99 184
0 99 192
0 99 200
0 99 208
0 99 216
0 99 224
0 100 40
0 100 48
0 100 56
0 100 64
0 100 72
0 100 80
0 100 88
0 100 96
0 100 104
0 100 112
0 100 120
0 100 128
0 100 136
0 100 144
0 100 152
0 100 160
0 100 168
0 100 176
0 100 184
0 100 192
0 100 200
0 100 208
0 100 216
0 101 40
0 101 48
0 101 56
0 101 64
0 101 72
0 101 80
0 101 88
0 101 96
0 101 104
0 101 112
0 101 120
0 101 128
0 101 136
0 101 144
0 101 152
0 101 160
0 101 168
0 101 176
0 101 184
0 101 192
0 101 200
0 101 208
0 101 216
0 101 224
0 102 40
0 102 48
0 102 56
0 102 64
0 102 72
0 102 80
0 102 88
0 102 96
0 102 104
0 102 112
0 102 120
0 102 128
0 102 136
0 102 144
0 102 152
0 102 160
0 102 168
0 102 176
0 102 184
0 102 192
0 102 200
0 102 208
0 103 40
0 103 48
0 103 56
0 103 64
0 103 72
0 103 80
0 103 88
0 103 96
0 103 104
0 103 112
0 103 120
0 103 128
0 103 136
0 103 144
0 103 152
0 103 160
0 103 168
0 103 176
0 103 184
0 103 192
0 104 40
0 104 48
0 104 56
0 104 64
0 104 72
0 104 80
0 104 88
0 104 96
0 104 104
0 104 112
0 104 120
0 104 128
0 104 136
0 104 144
0 104 152
0 104 160
0 104 168
0 104 176
0 105 40
0 105 48
0 105 56
0 105 64
0 105 72
0 105 80
0 105 88
0 105 96
0 105 104
0 105 112
0 105 120
0 105 128
0 105 136
0 105 144
0 105 152
0 105 160
0 106 40
0 106 48
0 106 56
0 106 64
0 106 72
0 106 80
0 106 88
0 106 96
0 106 104
0 106 112
0 106 120
0 106 128
0 106 136
0 106 144
0 107 40
0 107 48
0 107 56
0 107 64
0 107 72
0 107 80
0 107 88
0 107 96
0 107 104
0 107 112
0 107 120
0 108 40
0 108 48
0 108 56
0 108 64
0 108 72
0 108 80
0 108 88
0 108 96
0 108 104
0 109 40
0 109 48
0 109 56
0 109 64
0 109 72
0 109 80
0 109 88
0 110 40
0 110 48
0 110 56
0 110 64
0 110 72
0 111 40
0 111 48
0 111 56
0 111 64
0 111 72
0 112 40
0 112 48
0 112 56
0 112 64
0 113 40
0 113 48
0 113 56
0 113 64
0 114 40
0 114 48
0 114 56
0 114 64
0 115 40
0 115 48
0 115 56
0 115 64
0 116 40
0 116 48
0 116 56
0 117 40
0 117 48
0 117 56
0 118 40
0 118 48
0 118 56
0 119 40
0 119 48
0 119 56
0 121 40
0 121 48
0 121 56
0 122 40
0 122 48
0 123 40
0 123 48
0 124 40
0 125 40
0 126 40
0 127 40
0 128 40
0 129 40
0 130 40
0 131 40
0 132 40
0 133 40
0 134 40
0 135 40
0 136 40
0 137 40
0 138 40
0 139 40
0 141 40
1 141 40
2 141 40
2 142 40
2 143 40
3 143 40
4 143 40
16 19 40
16 20 40
16 21 40
16 22 40
16 23 40
16 24 40
16 25 40
16 26 40
15 26 40
15 27 40
14 27 40
13 27 40
13 28 40
12 28 40
12 29 40
11 29 40
10 29 40
10 30 40
9 30 40
8 30 40
7 30 40
7 31 40
6 31 40
5 31 40
4 31 40
3 31 40
2 31 40
2 32 40
2 33 40
2 34 40
1 34 40
0 34 40
0 35 40
0 36 40
0 37 40
0 38 40
0 39 40
0 41 40
0 42 40
0 43 40
0 44 40
0 45 40
0 45 48
0 46 40
0 46 48
0 47 40
0 47 48
0 48 40
0 48 48
0 49 40
0 49 48
0 50 40
0 50 48
0 51 40
0 51 48
0 52 40
0 52 48
0 53 40
0 54 40
0 55 40
0 56 40
0 57 40
0 58 40
0 59 40
0 61 40
0 62 40
0 63 40
0 64 40
0 65 40
0 65 48
0 66 40
0 66 48
0 67 40
0 67 48
0 68 40
0 68 48
