0 0 100
0 20 100
0 40 100
0 60 100
0 80 100
0 100 100
0 120 100
0 140 100
0 160 100
0 180 100
0 199 100
11 10 100
11 30 100
11 50 100
11 70 100
11 90 100
11 110 100
11 130 100
11 150 100
11 170 100
11 190 100
22 0 100
22 20 100
22 40 100
22 60 100
22 80 100
22 100 100
22 120 100
22 140 100
22 160 100
22 180 100
22 199 100
33 10 100
33 30 100
33 50 100
33 70 100
33 90 100
33 110 100
33 130 100
33 150 100
33 170 100
33 190 100
44 0 100
44 20 100
44 40 100
44 60 100
44 80 100
44 100 100
44 120 100
44 140 100
44 160 100
44 180 100
44 199 100
55 10 100
55 30 100
55 50 100
55 70 100
55 90 100
55 110 100
55 130 100
55 150 100
55 170 100
55 190 100
66 0 100
66 20 100
66 40 100
66 60 100
66 80 100
66 100 100
66 120 100
66 140 100
66 160 100
66 180 100
66 199 100
77 10 100
77 30 100
77 50 100
77 70 100
77 90 100
77 110 100
77 130 100
77 150 100
77 170 100
77 190 100
88 0 100
88 20 100
88 40 100
88 60 100
88 80 100
88 100 100
88 120 100
88 140 100
88 160 100
88 180 100
88 199 100
99 10 100
99 30 100
99 50 100
99 70 100
99 90 100
99 110 100
99 130 100
99 150 100
99 170 100
99 190 100
110 0 100
110 20 100
110 40 100
110 60 100
110 80 100
110 100 100
110 120 100
110 140 100
110 160 100
110 180 100
110 199 100
121 10 100
121 30 100
121 50 100
121 70 100
121 90 100
121 110 100
121 130 100
121 150 100
121 170 100
121 190 100
132 0 100
132 20 100
132 40 100
132 60 100
132 80 100
132 100 100
132 120 100
132 140 100
132 160 100
132 180 100
132 199 100
143 10 100
143 30 100
143 50 100
143 70 100
143 90 100
143 110 100
143 130 100
143 150 100
143 170 100
143 190 100
154 0 100
154 20 100
154 40 100
154 60 100
154 80 100
154 100 100
154 120 100
154 140 100
154 160 100
154 180 100
154 199 100
165 10 100
165 30 100
165 50 100
165 70 100
165 90 100
165 110 100
165 130 100
165 150 100
165 170 100
165 190 100
176 0 100
176 20 100
176 40 100
176 60 100
176 80 100
176 100 100
176 120 100
176 140 100
176 160 100
176 180 100
176 199 100
187 10 100
187 30 100
187 50 100
187 70 100
187 90 100
187 110 100
187 130 100
187 150 100
187 170 100
187 190 100
198 0 100
198 20 100
198 40 100
198 60 100
198 80 100
198 100 100
198 120 100
198 140 100
198 160 100
198 180 100
198 199 100
0 60 100
0 80 100
0 100 100
0 120 100
0 160 100
0 199 100
11 30 100
11 50 100
11 110 100
11 190 100
22 0 100
22 20 100
22 80 100
22 100 100
22 160 100
22 199 100
33 70 100
33 90 100
33 110 100
33 150 100
33 190 100
44 0 100
44 20 100
44 40 100
44 120 100
44 140 100
44 180 100
55 10 100
55 110 100
55 130 100
55 150 100
55 170 100
55 190 100
66 20 100
66 40 100
66 100 100
66 160 100
77 30 100
77 50 100
88 60 100
88 80 100
88 140 100
88 199 100
99 30 100
99 70 100
99 90 100
99 130 100
99 150 100
99 170 100
110 0 100
110 60 100
110 120 100
121 10 100
121 70 100
121 90 100
121 110 100
121 130 100
121 150 100
121 190 100
132 0 100
132 20 100
132 60 100
132 80 100
132 100 100
132 120 100
132 160 100
132 180 100
132 199 100
143 30 100
143 50 100
143 90 100
143 190 100
154 40 100
154 60 100
154 120 100
165 10 100
165 50 100
165 70 100
165 90 100
165 130 100
165 170 100
176 0 100
176 20 100
176 60 100
176 140 100
176 160 100
176 180 100
187 10 100
187 30 100
187 130 100
187 150 100
187 170 100
187 190 100
198 0 100
198 40 100
198 80 100
198 140 100
198 199 100
190 122 40
169 145 40
166 114 40
170 41 40
168 179 40
168 179 72
68 112 40
78 151 40
29 178 40
110 191 40
60 47 40
60 47 72
88 21 40
29 141 40
124 36 40
171 41 40
172 41 40
173 41 40
174 41 40
175 41 40
176 41 40
177 41 40
178 41 40
179 41 40
180 41 40
181 41 40
182 41 40
182 42 40
182 43 40
183 43 40
183 44 40
183 45 40
184 45 40
184 46 40
184 47 40
185 47 40
185 48 40
186 48 40
186 49 40
187 49 40
188 50 40
188 51 40
189 51 40
189 52 40
189 53 40
190 53 40
190 54 40
191 54 40
191 55 40
192 55 40
192 56 40
193 56 40
193 57 40
194 57 40
194 58 40
194 59 40
194 60 40
194 61 40
194 62 40
194 63 40
194 64 40
194 65 40
194 66 40
194 67 40
193 67 40
193 68 40
192 68 40
192 69 40
191 69 40
191 70 40
190 70 40
190 71 40
189 71 40
189 72 40
188 72 40
188 73 40
187 73 40
187 74 40
186 74 40
186 75 40
185 75 40
185 76 40
185 77 40
184 77 40
184 78 40
183 78 40
183 79 40
183 80 40
183 81 40
183 82 40
183 83 40
183 84 40
183 85 40
183 86 40
183 87 40
183 88 40
183 89 40
183 90 40
183 91 40
183 92 40
183 93 40
183 94 40
183 95 40
183 96 40
183 97 40
183 98 40
183 99 40
183 100 40
183 101 40
183 102 40
183 103 40
183 104 40
183 105 40
183 106 40
183 107 40
183 108 40
183 109 40
183 110 40
182 110 40
181 110 40
180 110 40
179 110 40
179 111 40
178 111 40
178 112 40
177 112 40
177 113 40
176 113 40
175 113 40
174 113 40
173 113 40
172 113 40
171 113 40
170 113 40
170 114 40
169 114 40
168 114 40
167 114 40
168 180 40
168 181 40
168 182 40
168 183 40
168 184 40
168 185 40
167 185 40
166 185 40
165 185 40
164 185 40
163 185 40
162 185 40
161 185 40
160 185 40
159 185 40
158 185 40
157 185 40
156 185 40
155 185 40
154 185 40
154 184 40
153 184 40
153 183 40
152 183 40
152 182 40
152 181 40
151 181 40
151 180 40
151 179 40
151 178 40
151 177 40
151 176 40
151 175 40
151 174 40
151 173 40
151 172 40
151 171 40
151 170 40
151 169 40
151 168 40
151 167 40
151 166 40
151 165 40
152 165 40
152 164 40
152 163 40
153 163 40
153 162 40
153 161 40
154 161 40
154 159 40
154 158 40
155 158 40
155 157 40
155 156 40
155 155 40
155 154 40
155 153 40
155 152 40
155 151 40
155 150 40
155 149 40
155 148 40
155 147 40
155 146 40
155 145 40
156 145 40
157 145 40
158 145 40
159 145 40
160 145 40
161 145 40
162 145 40
163 145 40
164 145 40
165 145 40
166 145 40
167 145 40
168 145 40
109 191 40
109 190 40
109 189 40
109 188 40
109 187 40
109 186 40
109 186 72
109 185 40
109 185 72
109 184 40
109 184 72
110 184 40
110 184 72
110 183 40
110 183 72
111 183 40
111 183 72
111 182 40
111 182 72
112 182 40
112 182 72
112 181 40
113 181 40
113 181 72
113 180 40
114 180 40
114 179 40
115 179 40
115 178 40
116 178 40
116 177 40
117 177 40
117 176 40
117 175 40
118 175 40
118 174 40
119 174 40
119 173 40
120 173 40
120 172 40
121 172 40
122 172 40
123 172 40
123 172 72
124 172 40
124 172 72
125 172 40
125 172 72
126 172 40
126 172 72
126 172 104
127 172 40
127 172 72
127 172 104
127 172 136
128 172 40
128 172 72
128 172 104
128 172 136
128 172 168
128 172 200
129 172 40
129 172 72
129 172 104
129 172 136
129 172 168
129 172 200
129 172 232
130 172 40
130 172 72
130 172 104
130 172 136
130 172 168
130 172 200
130 172 232
130 172 264
130 172 296
131 172 40
131 172 72
131 172 104
131 172 136
131 172 168
131 172 200
131 172 232
131 172 264
131 172 296
131 172 328
132 172 40
132 172 72
132 172 104
132 172 136
132 172 168
132 172 200
132 172 232
132 172 264
132 172 296
132 172 328
133 172 40
133 172 72
133 172 104
133 172 136
133 172 168
133 172 200
133 172 232
133 172 264
133 172 296
133 172 328
134 172 40
134 172 72
134 172 104
134 172 136
134 172 168
134 172 200
134 172 232
134 172 264
134 172 296
135 172 40
135 172 72
135 172 104
135 172 136
135 172 168
135 172 200
135 172 232
136 172 40
136 172 72
136 172 104
136 172 136
136 172 168
136 172 200
137 172 40
137 172 72
137 172 104
137 172 136
137 172 168
138 172 40
138 172 72
138 172 104
138 172 136
139 172 40
139 172 72
139 172 104
140 172 40
140 172 72
140 172 104
141 172 40
141 172 72
142 172 40
142 172 72
143 172 40
144 172 40
145 172 40
146 172 40
147 172 40
148 172 40
149 172 40
150 172 40
78 152 40
78 153 40
78 154 40
78 155 40
78 156 40
78 157 40
79 157 40
79 158 40
80 158 40
80 159 40
81 159 40
81 160 40
81 161 40
81 162 40
81 163 40
81 164 40
81 165 40
81 166 40
81 167 40
81 168 40
81 169 40
81 170 40
81 171 40
81 172 40
81 173 40
81 174 40
81 175 40
81 176 40
81 177 40
81 178 40
81 179 40
81 180 40
81 181 40
81 182 40
81 183 40
81 184 40
81 185 40
82 185 40
83 185 40
84 185 40
85 185 40
86 185 40
87 185 40
88 185 40
89 185 40
90 185 40
91 185 40
92 185 40
92 186 40
93 186 40
93 186 72
94 186 40
94 186 72
95 186 40
95 186 72
95 187 40
95 187 72
96 187 40
96 187 72
97 187 40
97 187 72
98 187 40
98 187 72
98 188 40
98 188 72
99 188 40
99 188 72
100 188 40
101 188 40
102 188 40
103 188 40
104 188 40
105 188 40
106 188 40
107 188 40
108 188 40
69 112 40
70 112 40
71 112 40
72 112 40
73 112 40
74 112 40
74 113 40
74 114 40
74 115 40
74 116 40
74 117 40
74 118 40
74 119 40
74 120 40
74 121 40
74 122 40
74 123 40
74 124 40
74 125 40
74 126 40
74 127 40
74 128 40
74 129 40
74 130 40
74 131 40
74 132 40
74 133 40
74 134 40
74 135 40
74 136 40
74 137 40
74 138 40
74 139 40
74 140 40
74 141 40
74 142 40
74 143 40
74 144 40
74 145 40
74 146 40
74 147 40
74 148 40
74 149 40
74 150 40
74 151 40
75 151 40
76 151 40
77 151 40
60 48 40
60 48 72
60 49 40
60 49 72
60 50 40
60 51 40
60 52 40
60 53 40
60 54 40
60 55 40
60 56 40
60 57 40
60 58 40
60 59 40
60 60 40
60 61 40
60 62 40
60 63 40
60 63 72
60 64 40
60 64 72
60 65 40
60 65 72
60 65 104
60 66 40
60 66 72
60 66 104
60 67 40
60 67 72
60 67 104
60 68 40
60 68 72
60 68 104
60 69 40
60 69 72
60 69 104
60 70 40
60 70 72
60 71 40
60 71 72
60 72 40
60 73 40
60 74 40
60 75 40
60 76 40
60 77 40
60 78 40
61 78 40
61 79 40
61 80 40
61 81 40
62 81 40
63 81 40
64 81 40
64 82 40
65 82 40
66 82 40
67 82 40
67 83 40
67 84 40
68 84 40
68 85 40
69 85 40
69 86 40
69 87 40
70 87 40
70 88 40
71 88 40
71 89 40
72 89 40
72 90 40
73 90 40
73 91 40
74 91 40
74 92 40
74 93 40
74 94 40
74 95 40
74 96 40
74 97 40
74 98 40
74 99 40
74 100 40
74 101 40
74 102 40
74 103 40
74 104 40
74 105 40
74 106 40
74 107 40
74 108 40
74 109 40
74 110 40
74 111 40
124 37 40
124 38 40
124 39 40
124 40 40
124 41 40
123 41 40
122 41 40
121 41 40
120 41 40
119 41 40
118 41 40
117 41 40
117 42 40
116 42 40
115 42 40
114 42 40
114 43 40
114 43 72
113 43 40
113 43 72
112 43 40
112 44 40
112 44 72
111 44 40
111 44 72
110 44 40
110 44 72
110 45 40
110 45 72
109 45 40
109 45 72
108 45 40
108 46 40
108 46 72
107 46 40
107 46 72
107 47 40
107 47 72
106 47 40
106 47 72
105 47 40
105 48 40
105 48 72
104 48 40
104 48 72
104 49 40
104 49 72
103 49 40
103 49 72
102 49 40
102 49 72
102 50 40
102 50 72
101 50 40
101 50 72
100 50 40
100 50 72
100 51 40
100 51 72
100 51 104
99 51 40
99 51 72
99 51 104
98 51 40
98 51 72
98 51 104
98 52 40
98 52 72
98 52 104
98 52 136
98 53 40
98 53 72
98 53 104
98 53 136
97 53 40
97 53 72
97 53 104
97 53 136
97 54 40
97 54 72
97 54 104
97 54 136
97 54 168
97 55 40
97 55 72
97 55 104
97 55 136
97 55 168
96 55 40
96 55 72
96 55 104
96 55 136
96 55 168
96 56 40
96 56 72
96 56 104
96 56 136
96 56 168
96 57 40
96 57 72
96 57 104
96 57 136
96 57 168
95 57 40
95 57 72
95 57 104
95 57 136
95 57 168
95 58 40
95 58 72
95 58 104
95 58 136
94 58 40
94 58 72
94 58 104
94 58 136
94 58 168
94 59 40
94 59 72
94 59 104
94 59 136
94 60 40
94 60 72
94 60 104
93 60 40
93 60 72
93 60 104
93 60 136
93 61 40
93 61 72
93 61 104
93 62 40
93 62 72
92 62 40
92 62 72
92 63 40
92 63 72
91 63 40
91 63 72
90 63 40
90 63 72
90 64 40
89 64 40
88 64 40
88 65 40
87 65 40
86 65 40
86 66 40
85 66 40
85 67 40
84 67 40
83 67 40
83 68 40
82 68 40
82 69 40
81 69 40
80 69 40
79 69 40
78 69 40
78 69 72
77 69 40
77 69 72
76 69 40
76 69 72
76 69 104
75 69 40
75 69 72
75 69 104
75 69 136
74 69 40
74 69 72
74 69 104
74 69 136
74 69 168
73 69 40
73 69 72
73 69 104
73 69 136
73 69 168
73 69 200
72 69 40
72 69 72
72 69 104
72 69 136
72 69 168
72 69 200
71 69 40
71 69 72
71 69 104
71 69 136
71 69 168
71 69 200
71 69 232
70 69 40
70 69 72
70 69 104
70 69 136
70 69 168
70 69 200
70 69 232
70 69 264
69 69 40
69 69 72
69 69 104
69 69 136
69 69 168
69 69 200
69 69 232
69 69 264
68 69 40
68 69 72
68 69 104
68 69 136
68 69 168
68 69 200
68 69 232
68 69 264
68 69 296
67 69 40
67 69 72
67 69 104
67 69 136
67 69 168
67 69 200
67 69 232
67 69 264
67 69 296
66 69 40
66 69 72
66 69 104
66 69 136
66 69 168
66 69 200
66 69 232
66 69 264
65 69 40
65 69 72
65 69 104
65 69 136
65 69 168
65 69 200
65 69 232
65 69 264
64 69 40
64 69 72
64 69 104
64 69 136
64 69 168
64 69 200
64 69 232
63 69 40
63 69 72
63 69 104
63 69 136
63 69 168
63 69 200
62 69 40
62 69 72
62 69 104
62 69 136
62 69 168
61 69 40
61 69 72
61 69 104
61 69 136
87 21 40
87 22 40
87 23 40
86 23 40
86 24 40
86 25 40
85 25 40
85 26 40
85 27 40
85 27 72
85 28 40
85 28 72
85 29 40
85 29 72
85 30 40
85 30 72
85 30 104
85 31 40
85 31 72
85 31 104
85 32 40
85 32 72
85 32 104
85 32 136
85 33 40
85 33 72
85 33 104
85 33 136
85 34 40
85 34 72
85 34 104
85 34 136
85 35 40
85 35 72
85 35 104
85 35 136
85 36 40
85 36 72
85 36 104
85 36 136
85 37 40
85 37 72
85 37 104
85 37 136
86 37 40
86 37 72
86 37 104
86 38 40
86 38 72
86 38 104
87 38 40
87 38 72
87 39 40
87 39 72
88 39 40
88 39 72
89 40 40
89 41 40
90 41 40
90 42 40
90 43 40
91 43 40
91 44 40
92 44 40
92 45 40
93 45 40
93 46 40
94 46 40
94 47 40
95 47 40
95 48 40
96 48 40
96 49 40
97 49 40
97 50 40
97 50 72
98 50 40
98 50 72
29 140 40
29 139 40
29 138 40
29 137 40
29 136 40
29 135 40
29 134 40
29 133 40
29 132 40
29 131 40
29 130 40
29 129 40
29 128 40
29 127 40
29 126 40
29 125 40
29 124 40
29 123 40
29 122 40
29 121 40
29 120 40
29 119 40
29 118 40
30 118 40
30 117 40
30 117 72
31 117 40
31 117 72
31 116 40
31 116 72
31 115 40
31 115 72
31 115 104
32 115 40
32 115 72
32 114 40
32 114 72
32 114 104
33 114 40
33 114 72
33 113 40
33 113 72
34 113 40
34 113 72
34 112 40
34 112 72
35 112 40
35 112 72
35 111 40
35 111 72
36 111 40
36 110 40
37 110 40
37 109 40
38 109 40
38 108 40
39 108 40
40 108 40
40 107 40
41 107 40
41 106 40
42 106 40
42 105 40
43 105 40
43 104 40
44 104 40
44 103 40
45 103 40
45 102 40
46 102 40
46 101 40
47 101 40
47 101 72
47 100 40
47 100 72
48 100 40
48 100 72
48 99 40
48 99 72
49 99 40
49 99 72
49 98 40
49 98 72
50 98 40
50 98 72
50 97 40
50 97 72
51 97 40
51 97 72
51 96 40
51 96 72
52 96 40
52 95 40
53 95 40
53 94 40
53 93 40
54 93 40
54 92 40
55 92 40
55 91 40
56 91 40
56 90 40
56 89 40
57 89 40
57 88 40
57 87 40
58 87 40
58 86 40
58 85 40
58 84 40
59 84 40
59 83 40
59 82 40
59 81 40
60 81 40
29 177 40
29 176 40
29 175 40
29 174 40
29 173 40
29 172 40
29 171 40
29 170 40
29 169 40
29 168 40
29 167 40
29 166 40
29 165 40
29 164 40
29 163 40
29 162 40
29 161 40
29 160 40
29 159 40
29 158 40
29 157 40
29 156 40
29 155 40
29 154 40
29 154 72
29 153 40
29 153 72
29 152 40
29 152 72
29 152 104
29 151 40
29 151 72
29 151 104
29 150 40
29 150 72
29 150 104
29 149 40
29 149 72
29 149 104
29 148 40
29 148 72
29 148 104
29 147 40
29 147 72
29 146 40
29 146 72
29 145 40
29 144 40
29 143 40
29 142 40
