0 0 100
0 20 100
0 40 100
0 60 100
0 80 100
0 100 100
0 120 100
0 140 100
0 160 100
0 180 100
0 199 100
11 10 100
11 30 100
11 50 100
11 70 100
11 90 100
11 110 100
11 130 100
11 150 100
11 170 100
11 190 100
22 0 100
22 20 100
22 40 100
22 60 100
22 80 100
22 100 100
22 120 100
22 140 100
22 160 100
22 180 100
22 199 100
33 10 100
33 30 100
33 50 100
33 70 100
33 90 100
33 110 100
33 130 100
33 150 100
33 170 100
33 190 100
44 0 100
44 20 100
44 40 100
44 60 100
44 80 100
44 100 100
44 120 100
44 140 100
44 160 100
44 180 100
44 199 100
55 10 100
55 30 100
55 50 100
55 70 100
55 90 100
55 110 100
55 130 100
55 150 100
55 170 100
55 190 100
66 0 100
66 20 100
66 40 100
66 60 100
66 80 100
66 100 100
66 120 100
66 140 100
66 160 100
66 180 100
66 199 100
77 10 100
77 30 100
77 50 100
77 70 100
77 90 100
77 110 100
77 130 100
77 150 100
77 170 100
77 190 100
88 0 100
88 20 100
88 40 100
88 60 100
88 80 100
88 100 100
88 120 100
88 140 100
88 160 100
88 180 100
88 199 100
99 10 100
99 30 100
99 50 100
99 70 100
99 90 100
99 110 100
99 130 100
99 150 100
99 170 100
99 190 100
110 0 100
110 20 100
110 40 100
110 60 100
110 80 100
110 100 100
110 120 100
110 140 100
110 160 100
110 180 100
110 199 100
121 10 100
121 30 100
121 50 100
121 70 100
121 90 100
121 110 100
121 130 100
121 150 100
121 170 100
121 190 100
132 0 100
132 20 100
132 40 100
132 60 100
132 80 100
132 100 100
132 120 100
132 140 100
132 160 100
132 180 100
132 199 100
143 10 100
143 30 100
143 50 100
143 70 100
143 90 100
143 110 100
143 130 100
143 150 100
143 170 100
143 190 100
154 0 100
154 20 100
154 40 100
154 60 100
154 80 100
154 100 100
154 120 100
154 140 100
154 160 100
154 180 100
154 199 100
165 10 100
165 30 100
165 50 100
165 70 100
165 90 100
165 110 100
165 130 100
165 150 100
165 170 100
165 190 100
176 0 100
176 20 100
176 40 100
176 60 100
176 80 100
176 100 100
176 120 100
176 140 100
176 160 100
176 180 100
176 199 100
187 10 100
187 30 100
187 50 100
187 70 100
187 90 100
187 110 100
187 130 100
187 150 100
187 170 100
187 190 100
198 0 100
198 20 100
198 40 100
198 60 100
198 80 100
198 100 100
198 120 100
198 140 100
198 160 100
198 180 100
198 199 100
0 40 100
0 60 100
0 160 100
0 180 100
0 199 100
11 30 100
11 50 100
11 70 100
11 90 100
11 110 100
11 150 100
11 170 100
11 190 100
22 40 100
22 60 100
22 80 100
22 100 100
22 120 100
22 140 100
22 160 100
22 180 100
22 199 100
33 50 100
33 70 100
33 90 100
33 150 100
33 170 100
33 190 100
44 60 100
44 80 100
44 100 100
44 120 100
44 140 100
44 160 100
44 180 100
44 199 100
55 70 100
55 90 100
55 170 100
55 190 100
66 80 100
66 180 100
66 199 100
77 50 100
77 70 100
77 90 100
77 190 100
88 60 100
88 80 100
88 100 100
88 199 100
99 10 100
99 50 100
99 70 100
99 90 100
99 110 100
99 190 100
110 0 100
110 40 100
110 60 100
110 80 100
110 100 100
110 120 100
110 199 100
121 10 100
121 30 100
121 50 100
121 70 100
121 90 100
121 110 100
121 190 100
132 0 100
132 20 100
132 40 100
132 60 100
132 80 100
132 100 100
132 120 100
132 140 100
132 180 100
132 199 100
143 10 100
143 70 100
143 90 100
143 110 100
143 130 100
143 150 100
143 170 100
143 190 100
154 0 100
154 60 100
154 80 100
154 100 100
154 120 100
154 140 100
154 160 100
154 199 100
165 10 100
165 90 100
165 110 100
165 130 100
165 150 100
176 0 100
176 20 100
176 60 100
176 80 100
176 100 100
176 120 100
176 140 100
187 10 100
187 30 100
187 50 100
187 90 100
187 110 100
187 130 100
198 0 100
198 20 100
198 40 100
198 60 100
198 80 100
198 100 100
198 120 100
195 166 40
87 26 40
5 81 40
5 81 44
5 81 48
19 9 40
121 32 40
121 32 44
121 32 48
76 156 40
62 132 40
98 127 40
169 58 40
169 58 44
169 58 48
169 58 52
64 45 40
92 182 40
92 182 44
183 194 40
183 193 40
183 192 40
183 191 40
183 190 40
183 189 40
183 188 40
183 187 40
183 186 40
183 185 40
183 184 40
183 183 40
183 182 40
183 181 40
183 180 40
183 179 40
183 178 40
183 177 40
183 176 40
183 175 40
183 174 40
183 173 40
183 172 40
183 171 40
183 170 40
183 169 40
183 168 40
183 168 44
183 167 40
183 167 44
183 166 40
183 166 44
184 166 40
185 166 40
186 166 40
187 166 40
188 166 40
189 166 40
190 166 40
191 166 40
192 166 40
193 166 40
194 166 40
64 44 40
64 43 40
64 42 40
64 41 40
64 40 40
64 39 40
64 38 40
65 38 40
66 38 40
67 38 40
67 37 40
67 36 40
67 35 40
67 34 40
68 34 40
69 34 40
70 34 40
71 34 40
72 34 40
72 33 40
72 32 40
73 32 40
74 32 40
75 32 40
76 32 40
76 31 40
77 31 40
78 30 40
79 30 40
80 30 40
81 30 40
82 30 40
83 30 40
84 30 40
85 30 40
86 30 40
87 30 40
87 29 40
87 28 40
87 27 40
20 9 40
21 9 40
22 9 40
23 9 40
24 9 40
25 9 40
26 9 40
27 9 40
28 9 40
29 9 40
30 9 40
31 9 40
32 9 40
33 9 40
34 9 40
35 9 40
36 9 40
37 9 40
38 9 40
39 9 40
40 9 40
41 9 40
42 9 40
43 9 40
44 9 40
45 9 40
46 9 40
47 9 40
48 9 40
49 9 40
50 9 40
51 9 40
52 9 40
53 9 40
54 9 40
55 9 40
56 9 40
57 9 40
58 9 40
59 9 40
60 9 40
60 10 40
60 11 40
60 12 40
60 13 40
60 14 40
61 14 40
62 14 40
62 15 40
62 16 40
62 17 40
62 18 40
62 19 40
62 20 40
62 21 40
63 21 40
63 22 40
63 23 40
63 24 40
63 25 40
64 25 40
64 26 40
64 27 40
64 28 40
64 29 40
64 30 40
65 30 40
65 31 40
65 32 40
65 33 40
66 33 40
66 34 40
121 31 40
121 31 44
121 31 48
121 29 40
121 29 44
121 29 48
120 29 40
120 29 44
120 29 48
120 28 40
120 28 44
120 28 48
119 28 40
119 28 44
119 28 48
119 28 52
119 27 40
119 27 44
119 27 48
118 27 40
118 27 44
118 27 48
118 27 52
118 26 40
118 26 44
118 26 48
117 26 40
117 26 44
117 26 48
117 26 52
116 26 40
116 26 44
116 26 48
116 26 52
115 26 40
115 26 44
115 26 48
115 26 52
114 26 40
114 26 44
114 26 48
114 26 52
113 26 40
113 26 44
113 26 48
113 26 52
112 26 40
112 26 44
112 26 48
112 26 52
111 26 40
111 26 44
111 26 48
110 26 40
110 26 44
110 26 48
109 26 40
109 26 44
109 26 48
108 26 40
108 26 44
107 26 40
107 26 44
107 26 48
107 27 40
107 27 44
107 27 48
106 27 40
106 27 44
106 27 48
105 27 40
105 27 44
105 27 48
105 28 40
105 28 44
105 28 48
104 28 40
104 28 44
104 28 48
104 28 52
104 29 40
104 29 44
104 29 48
104 29 52
103 29 40
103 29 44
103 29 48
103 29 52
102 29 40
102 29 44
102 29 48
101 29 40
101 29 44
101 29 48
100 29 40
100 29 44
100 29 48
99 29 40
99 29 44
98 29 40
98 29 44
97 29 40
97 29 44
96 29 40
95 29 40
94 29 40
93 29 40
92 29 40
91 29 40
90 29 40
89 29 40
88 29 40
168 58 40
168 58 44
168 58 48
167 58 40
167 58 44
167 58 48
166 58 40
166 58 44
166 58 48
165 58 40
165 58 44
165 58 48
165 57 40
165 57 44
165 57 48
165 56 40
165 56 44
165 56 48
165 55 40
165 55 44
165 55 48
165 54 40
165 54 44
165 53 40
165 53 44
165 52 40
165 52 44
165 52 48
165 51 40
165 51 44
165 51 48
165 49 40
165 49 44
165 49 48
165 48 40
165 48 44
165 48 48
165 47 40
165 47 44
165 47 48
165 47 52
165 46 40
165 46 44
165 46 48
165 46 52
165 45 40
165 45 44
165 45 48
165 45 52
165 44 40
165 44 44
165 44 48
165 44 52
165 43 40
165 43 44
165 43 48
165 43 52
165 42 40
165 42 44
165 42 48
164 42 40
164 42 44
164 42 48
164 41 40
164 41 44
164 41 48
163 41 40
163 41 44
162 41 40
162 41 44
162 40 40
162 40 44
161 40 40
160 40 40
159 40 40
158 40 40
158 39 40
158 38 40
157 38 40
156 38 40
155 38 40
154 38 40
153 38 40
152 38 40
151 38 40
150 38 40
149 38 40
148 38 40
147 38 40
146 38 40
145 38 40
144 38 40
143 38 40
142 38 40
141 38 40
140 38 40
140 38 44
139 38 40
139 38 44
138 38 40
138 38 44
137 38 40
137 38 44
137 38 48
136 38 40
136 38 44
136 38 48
135 38 40
135 38 44
135 38 48
134 38 40
134 38 44
134 38 48
133 38 40
133 38 44
133 38 48
132 38 40
132 38 44
131 38 40
131 38 44
130 38 40
130 38 44
129 38 40
129 38 44
128 38 40
128 38 44
128 37 40
128 37 44
127 37 40
127 37 44
127 36 40
126 36 40
126 35 40
125 35 40
125 34 40
124 34 40
124 34 44
124 33 40
124 33 44
123 33 40
123 33 44
123 32 40
123 32 44
122 32 40
122 32 44
63 132 40
64 132 40
64 131 40
64 130 40
64 129 40
64 128 40
64 127 40
64 126 40
64 125 40
64 124 40
64 123 40
64 122 40
64 121 40
64 120 40
64 119 40
64 118 40
64 117 40
64 116 40
64 115 40
64 114 40
64 113 40
64 112 40
64 111 40
64 110 40
64 109 40
64 108 40
64 107 40
64 106 40
64 105 40
64 104 40
64 103 40
64 102 40
64 101 40
64 101 44
64 100 40
64 100 44
64 99 40
64 99 44
64 98 40
64 98 44
64 97 40
64 97 44
64 97 48
64 96 40
64 96 44
64 96 48
64 95 40
64 95 44
64 95 48
64 95 52
64 94 40
64 94 44
64 94 48
64 94 52
64 93 40
64 93 44
64 93 48
64 93 52
64 92 40
64 92 44
64 92 48
64 92 52
64 91 40
64 91 44
64 91 48
64 91 52
64 90 40
64 90 44
64 90 48
64 90 52
64 89 40
64 89 44
64 89 48
64 89 52
64 88 40
64 88 44
64 88 48
64 88 52
64 87 40
64 87 44
64 87 48
64 87 52
64 86 40
64 86 44
64 86 48
64 86 52
64 85 40
64 85 44
64 85 48
64 85 52
64 84 40
64 84 44
64 84 48
64 84 52
64 83 40
64 83 44
64 83 48
64 83 52
64 83 56
64 82 40
64 82 44
64 82 48
64 82 52
64 82 56
64 82 60
64 81 40
64 81 44
64 81 48
64 81 52
64 81 56
64 81 60
64 80 40
64 80 44
64 80 48
64 80 52
64 80 56
64 80 60
64 80 64
64 79 40
64 79 44
64 79 48
64 79 52
64 79 56
64 79 60
64 79 64
64 78 40
64 78 44
64 78 48
64 78 52
64 78 56
64 78 60
64 78 64
64 77 40
64 77 44
64 77 48
64 77 52
64 77 56
64 77 60
64 76 40
64 76 44
64 76 48
64 76 52
64 76 56
64 76 60
64 75 40
64 75 44
64 75 48
64 75 52
64 75 56
64 74 40
64 74 44
64 74 48
64 74 52
64 74 56
64 73 40
64 73 44
64 73 48
64 73 52
64 73 56
64 72 40
64 72 44
64 72 48
64 72 52
64 72 56
64 71 40
64 71 44
64 71 48
64 71 52
64 71 56
64 70 40
64 70 44
64 70 48
64 70 52
64 70 56
64 69 40
64 69 44
64 69 48
64 69 52
64 69 56
64 68 40
64 68 44
64 68 48
64 68 52
64 68 56
64 67 40
64 67 44
64 67 48
64 67 52
64 67 56
64 67 60
64 66 40
64 66 44
64 66 48
64 66 52
64 66 56
64 65 40
64 65 44
64 65 48
64 65 52
64 65 56
64 64 40
64 64 44
64 64 48
64 64 52
64 64 56
64 63 40
64 63 44
64 63 48
64 63 52
64 62 40
64 62 44
64 62 48
64 61 40
64 61 44
64 61 48
64 60 40
64 60 44
64 59 40
64 59 44
64 58 40
64 58 44
64 57 40
64 57 44
64 56 40
64 56 44
64 55 40
64 54 40
64 53 40
64 52 40
64 51 40
64 50 40
64 49 40
64 48 40
64 47 40
64 46 40
75 156 40
75 155 40
75 154 40
74 154 40
74 153 40
73 153 40
73 152 40
73 151 40
73 150 40
73 149 40
72 149 40
72 148 40
72 147 40
72 146 40
71 146 40
70 146 40
69 146 40
68 146 40
68 145 40
67 145 40
67 144 40
67 143 40
67 142 40
67 141 40
67 140 40
67 139 40
67 138 40
67 137 40
67 136 40
67 135 40
67 134 40
67 133 40
66 133 40
66 132 40
65 132 40
97 127 40
96 127 40
95 127 40
94 127 40
93 127 40
92 127 40
91 127 40
90 127 40
89 127 40
88 127 40
87 127 40
86 127 40
85 127 40
84 127 40
83 127 40
82 127 40
81 127 40
80 127 40
79 127 40
78 127 40
77 127 40
76 127 40
75 127 40
74 127 40
73 127 40
72 127 40
71 127 40
70 127 40
69 127 40
68 127 40
67 127 40
66 127 40
65 127 40
92 181 40
92 181 44
92 180 40
92 179 40
92 178 40
92 177 40
92 176 40
92 175 40
92 174 40
92 173 40
92 172 40
92 171 40
92 170 40
92 169 40
92 168 40
92 167 40
92 166 40
92 165 40
92 164 40
91 164 40
91 163 40
90 163 40
89 163 40
88 163 40
87 163 40
86 163 40
86 162 40
86 161 40
85 161 40
84 161 40
83 161 40
82 161 40
81 161 40
81 160 40
80 160 40
80 159 40
80 158 40
79 158 40
78 158 40
78 157 40
78 156 40
77 156 40
4 81 40
4 81 44
4 81 48
3 81 40
3 81 44
3 81 48
2 81 40
2 81 44
2 82 40
2 82 44
1 82 40
1 82 44
0 82 40
0 82 44
0 83 40
0 83 44
0 84 40
0 84 44
0 85 40
0 85 44
0 86 40
0 86 44
0 87 40
0 87 44
0 88 40
0 88 44
0 89 40
0 89 44
0 90 40
0 90 44
0 91 40
0 91 44
0 92 40
0 92 44
0 93 40
0 93 44
0 94 40
0 94 44
0 95 40
0 95 44
0 96 40
0 96 44
0 97 40
0 97 44
0 98 40
0 98 44
0 99 40
0 101 40
0 102 40
0 103 40
0 104 40
0 105 40
0 106 40
0 107 40
1 107 40
1 108 40
2 108 40
2 109 40
2 110 40
2 111 40
2 112 40
3 112 40
4 112 40
5 112 40
5 112 44
6 112 40
6 112 44
7 112 40
7 112 44
7 112 48
8 112 40
8 112 44
8 112 48
9 112 40
9 112 44
9 112 48
10 112 40
10 112 44
10 112 48
11 112 40
11 112 44
11 112 48
12 112 40
12 112 44
12 112 48
13 112 40
13 112 44
13 112 48
14 112 40
14 112 44
14 112 48
15 112 40
15 112 44
15 112 48
16 112 40
16 112 44
16 112 48
16 112 52
17 112 40
17 112 44
17 112 48
17 112 52
18 112 40
18 112 44
18 112 48
18 112 52
18 112 56
19 112 40
19 112 44
19 112 48
19 112 52
19 112 56
20 112 40
20 112 44
20 112 48
20 112 52
20 112 56
20 112 60
21 112 40
21 112 44
21 112 48
21 112 52
21 112 56
21 112 60
21 112 64
22 112 40
22 112 44
22 112 48
22 112 52
22 112 56
22 112 60
22 112 64
22 112 68
23 112 40
23 112 44
23 112 48
23 112 52
23 112 56
23 112 60
23 112 64
23 112 68
23 112 72
24 112 40
24 112 44
24 112 48
24 112 52
24 112 56
24 112 60
24 112 64
24 112 68
24 112 72
25 112 40
25 112 44
25 112 48
25 112 52
25 112 56
25 112 60
25 112 64
25 112 68
25 112 72
26 112 40
26 112 44
26 112 48
26 112 52
26 112 56
26 112 60
26 112 64
26 112 68
27 112 40
27 112 44
27 112 48
27 112 52
27 112 56
27 112 60
27 112 64
28 112 40
28 112 44
28 112 48
28 112 52
28 112 56
28 112 60
29 112 40
29 112 44
29 112 48
29 112 52
29 112 56
30 112 40
30 112 44
30 112 48
30 112 52
30 112 56
31 112 40
31 112 44
31 112 48
31 112 52
32 112 40
32 112 44
32 112 48
33 112 40
33 112 44
33 112 48
34 112 40
34 112 44
35 112 40
35 112 44
36 112 40
36 112 44
37 112 40
37 112 44
38 112 40
38 112 44
39 112 40
39 112 44
40 112 40
40 112 44
41 112 40
41 112 44
42 112 40
42 112 44
43 112 40
43 112 44
44 112 40
44 112 44
45 112 40
45 112 44
46 112 40
46 112 44
47 112 40
47 112 44
47 112 48
48 112 40
48 112 44
48 112 48
49 112 40
49 112 44
49 112 48
50 112 40
50 112 44
50 112 48
51 112 40
51 112 44
52 112 40
52 112 44
53 112 40
53 112 44
54 112 40
55 112 40
56 112 40
57 112 40
58 112 40
59 112 40
60 112 40
61 112 40
62 112 40
63 112 40
