0 0 100
0 20 100
0 40 100
0 60 100
0 80 100
0 100 100
0 120 100
0 140 100
0 160 100
0 180 100
0 199 100
11 10 100
11 30 100
11 50 100
11 70 100
11 90 100
11 110 100
11 130 100
11 150 100
11 170 100
11 190 100
22 0 100
22 20 100
22 40 100
22 60 100
22 80 100
22 100 100
22 120 100
22 140 100
22 160 100
22 180 100
22 199 100
33 10 100
33 30 100
33 50 100
33 70 100
33 90 100
33 110 100
33 130 100
33 150 100
33 170 100
33 190 100
44 0 100
44 20 100
44 40 100
44 60 100
44 80 100
44 100 100
44 120 100
44 140 100
44 160 100
44 180 100
44 199 100
55 10 100
55 30 100
55 50 100
55 70 100
55 90 100
55 110 100
55 130 100
55 150 100
55 170 100
55 190 100
66 0 100
66 20 100
66 40 100
66 60 100
66 80 100
66 100 100
66 120 100
66 140 100
66 160 100
66 180 100
66 199 100
77 10 100
77 30 100
77 50 100
77 70 100
77 90 100
77 110 100
77 130 100
77 150 100
77 170 100
77 190 100
88 0 100
88 20 100
88 40 100
88 60 100
88 80 100
88 100 100
88 120 100
88 140 100
88 160 100
88 180 100
88 199 100
99 10 100
99 30 100
99 50 100
99 70 100
99 90 100
99 110 100
99 130 100
99 150 100
99 170 100
99 190 100
110 0 100
110 20 100
110 40 100
110 60 100
110 80 100
110 100 100
110 120 100
110 140 100
110 160 100
110 180 100
110 199 100
121 10 100
121 30 100
121 50 100
121 70 100
121 90 100
121 110 100
121 130 100
121 150 100
121 170 100
121 190 100
132 0 100
132 20 100
132 40 100
132 60 100
132 80 100
132 100 100
132 120 100
132 140 100
132 160 100
132 180 100
132 199 100
143 10 100
143 30 100
143 50 100
143 70 100
143 90 100
143 110 100
143 130 100
143 150 100
143 170 100
143 190 100
154 0 100
154 20 100
154 40 100
154 60 100
154 80 100
154 100 100
154 120 100
154 140 100
154 160 100
154 180 100
154 199 100
165 10 100
165 30 100
165 50 100
165 70 100
165 90 100
165 110 100
165 130 100
165 150 100
165 170 100
165 190 100
176 0 100
176 20 100
176 40 100
176 60 100
176 80 100
176 100 100
176 120 100
176 140 100
176 160 100
176 180 100
176 199 100
187 10 100
187 30 100
187 50 100
187 70 100
187 90 100
187 110 100
187 130 100
187 150 100
187 170 100
187 190 100
198 0 100
198 20 100
198 40 100
198 60 100
198 80 100
198 100 100
198 120 100
198 140 100
198 160 100
198 180 100
198 199 100
0 0 100
0 60 100
0 80 100
0 100 100
0 140 100
0 160 100
0 180 100
11 10 100
11 70 100
11 90 100
11 150 100
11 170 100
22 0 100
22 20 100
22 80 100
22 100 100
22 160 100
22 180 100
22 199 100
33 10 100
33 30 100
33 90 100
33 110 100
33 170 100
33 190 100
44 0 100
44 20 100
44 40 100
44 100 100
44 120 100
44 199 100
55 10 100
55 30 100
55 50 100
55 110 100
55 130 100
66 0 100
66 20 100
66 40 100
66 60 100
66 120 100
66 140 100
66 160 100
66 199 100
77 30 100
77 50 100
77 70 100
77 130 100
77 150 100
77 170 100
77 190 100
88 0 100
88 40 100
88 60 100
88 120 100
88 140 100
88 160 100
88 199 100
99 10 100
99 70 100
99 130 100
99 150 100
99 170 100
110 0 100
110 20 100
110 40 100
110 60 100
110 120 100
110 140 100
110 160 100
110 199 100
121 10 100
121 30 100
121 50 100
121 70 100
121 110 100
121 130 100
121 150 100
121 190 100
132 0 100
132 20 100
132 40 100
132 60 100
132 120 100
132 140 100
132 180 100
132 199 100
143 30 100
143 50 100
143 110 100
143 130 100
143 150 100
143 170 100
143 190 100
154 40 100
154 60 100
154 120 100
154 140 100
154 160 100
154 180 100
154 199 100
165 10 100
165 30 100
165 50 100
165 70 100
165 110 100
165 130 100
165 150 100
165 190 100
176 0 100
176 20 100
176 40 100
176 60 100
176 80 100
176 100 100
176 120 100
176 140 100
176 180 100
176 199 100
187 10 100
187 30 100
187 50 100
187 70 100
187 90 100
187 110 100
187 130 100
187 150 100
187 170 100
187 190 100
198 20 100
198 40 100
198 60 100
198 80 100
198 100 100
198 120 100
198 140 100
198 180 100
198 199 100
6 28 40
166 92 40
166 92 41
166 92 42
97 80 40
48 179 40
163 179 40
163 179 41
163 179 42
163 179 43
163 179 44
163 179 45
163 179 46
163 179 47
163 179 48
163 179 49
163 179 50
163 179 51
163 179 52
163 179 53
163 179 54
163 179 55
163 179 56
163 179 57
163 179 58
163 179 59
163 179 60
163 179 61
163 179 62
42 132 40
42 132 41
42 132 42
196 7 40
5 121 40
66 99 40
66 99 41
122 176 40
88 116 40
88 115 40
88 114 40
88 113 40
88 112 40
88 111 40
88 110 40
88 109 40
88 108 40
88 107 40
88 106 40
88 105 40
88 104 40
88 103 40
88 102 40
88 101 40
89 100 40
90 100 40
91 100 40
92 100 40
93 100 40
93 99 40
93 98 40
93 97 40
94 97 40
94 96 40
95 96 40
96 96 40
96 95 40
96 94 40
96 93 40
97 93 40
97 92 40
97 91 40
97 90 40
97 89 40
97 88 40
97 87 40
97 86 40
97 85 40
97 84 40
97 83 40
97 82 40
97 81 40
67 99 40
67 99 41
68 99 40
68 99 41
69 99 40
69 99 41
70 99 40
71 99 40
72 99 40
73 99 40
74 99 40
75 99 40
76 99 40
77 99 40
78 99 40
79 99 40
80 99 40
81 99 40
82 99 40
83 99 40
84 99 40
85 99 40
86 99 40
86 100 40
87 100 40
87 101 40
5 120 40
4 120 40
3 120 40
2 120 40
1 120 40
0 119 40
0 118 40
0 117 40
0 116 40
0 115 40
0 114 40
0 113 40
0 112 40
0 111 40
0 110 40
0 109 40
0 108 40
0 108 41
0 107 40
0 107 41
0 106 40
0 106 41
0 105 40
0 105 41
0 105 42
0 104 40
0 104 41
0 104 42
0 103 40
0 103 41
0 103 42
0 102 40
0 102 41
0 102 42
0 101 40
0 101 41
0 101 42
0 99 40
0 99 41
0 99 42
0 99 43
0 98 40
0 98 41
0 98 42
0 98 43
0 97 40
0 97 41
0 97 42
0 97 43
0 96 40
0 96 41
0 96 42
0 96 43
0 95 40
0 95 41
0 95 42
0 95 43
0 94 40
0 94 41
0 94 42
0 94 43
0 93 40
0 93 41
0 93 42
0 93 43
0 92 40
0 92 41
0 92 42
0 92 43
0 91 40
0 91 41
0 91 42
0 90 40
0 90 41
0 90 42
0 89 40
0 89 41
0 89 42
0 88 40
0 88 41
0 88 42
0 87 40
0 87 41
0 87 42
0 86 40
0 86 41
0 86 42
0 85 40
0 85 41
0 85 42
0 84 40
0 84 41
0 84 42
0 83 40
0 83 41
0 83 42
0 83 43
0 82 40
0 82 41
0 82 42
0 82 43
0 81 40
0 81 41
0 81 42
0 81 43
0 79 40
0 79 41
0 79 42
0 79 43
0 79 44
0 78 40
0 78 41
0 78 42
0 78 43
0 78 44
0 77 40
0 77 41
0 77 42
0 77 43
0 77 44
0 77 45
0 76 40
0 76 41
0 76 42
0 76 43
0 76 44
0 76 45
0 75 40
0 75 41
0 75 42
0 75 43
0 75 44
0 75 45
0 75 46
0 74 40
0 74 41
0 74 42
0 74 43
0 74 44
0 74 45
0 74 46
0 73 40
0 73 41
0 73 42
0 73 43
0 73 44
0 73 45
0 73 46
0 73 47
0 72 40
0 72 41
0 72 42
0 72 43
0 72 44
0 72 45
0 72 46
0 72 47
0 72 48
0 71 40
0 71 41
0 71 42
0 71 43
0 71 44
0 71 45
0 71 46
0 71 47
0 71 48
0 71 49
0 70 40
0 70 41
0 70 42
0 70 43
0 70 44
0 70 45
0 70 46
0 70 47
0 70 48
0 70 49
0 70 50
0 69 40
0 69 41
0 69 42
0 69 43
0 69 44
0 69 45
0 69 46
0 69 47
0 69 48
0 69 49
0 69 50
0 68 40
0 68 41
0 68 42
0 68 43
0 68 44
0 68 45
0 68 46
0 68 47
0 68 48
0 68 49
0 68 50
0 68 51
0 67 40
0 67 41
0 67 42
0 67 43
0 67 44
0 67 45
0 67 46
0 67 47
0 67 48
0 67 49
0 67 50
0 67 51
0 66 40
0 66 41
0 66 42
0 66 43
0 66 44
0 66 45
0 66 46
0 66 47
0 66 48
0 66 49
0 66 50
0 65 40
0 65 41
0 65 42
0 65 43
0 65 44
0 65 45
0 65 46
0 65 47
0 65 48
0 65 49
0 65 50
0 64 40
0 64 41
0 64 42
0 64 43
0 64 44
0 64 45
0 64 46
0 64 47
0 64 48
0 64 49
0 63 40
0 63 41
0 63 42
0 63 43
0 63 44
0 63 45
0 63 46
0 63 47
0 63 48
0 62 40
0 62 41
0 62 42
0 62 43
0 62 44
0 62 45
0 62 46
0 62 47
0 61 40
0 61 41
0 61 42
0 61 43
0 61 44
0 61 45
0 61 46
0 60 40
0 59 40
0 59 41
0 59 42
0 59 43
0 59 44
0 58 40
0 58 41
0 58 42
0 58 43
0 57 40
0 57 41
0 57 42
0 56 40
0 56 41
0 56 42
0 55 40
0 55 41
0 54 40
0 54 41
0 53 40
0 52 40
0 51 40
0 50 40
0 49 40
0 48 40
0 47 40
0 46 40
0 45 40
0 44 40
0 43 40
0 42 40
0 41 40
0 39 40
0 38 40
0 37 40
1 37 40
2 37 40
3 37 40
4 37 40
5 37 40
6 37 40
6 36 40
6 35 40
6 34 40
6 33 40
6 32 40
6 31 40
6 30 40
6 29 40
41 132 40
41 132 41
41 132 42
40 132 40
40 132 41
39 132 40
39 132 41
38 132 40
38 132 41
37 132 40
37 132 41
36 132 40
35 132 40
34 132 40
33 132 40
32 132 40
31 132 40
30 132 40
29 132 40
28 132 40
27 132 40
26 132 40
25 132 40
24 132 40
24 131 40
23 131 40
22 131 40
22 130 40
21 130 40
21 129 40
20 129 40
20 128 40
19 128 40
19 127 40
18 127 40
18 126 40
17 126 40
17 125 40
16 125 40
16 124 40
15 124 40
15 123 40
14 123 40
14 122 40
13 122 40
13 121 40
12 121 40
11 121 40
10 121 40
9 121 40
8 121 40
7 121 40
6 121 40
49 179 40
50 179 40
51 179 40
52 179 40
52 178 40
52 177 40
52 176 40
52 175 40
52 174 40
52 173 40
52 172 40
52 171 40
52 170 40
52 169 40
52 168 40
52 167 40
52 166 40
52 165 40
52 164 40
52 163 40
52 162 40
52 161 40
52 160 40
52 159 40
52 158 40
52 157 40
51 157 40
51 156 40
50 156 40
50 155 40
49 155 40
49 154 40
48 154 40
48 153 40
47 153 40
47 152 40
46 152 40
46 151 40
45 151 40
44 151 40
44 150 40
43 150 40
43 149 40
42 149 40
42 148 40
41 148 40
41 147 40
40 147 40
40 146 40
39 146 40
39 145 40
38 145 40
38 144 40
37 144 40
37 143 40
36 143 40
36 142 40
36 141 40
36 140 40
36 139 40
36 138 40
36 137 40
36 136 40
36 135 40
36 134 40
36 133 40
121 176 40
121 177 40
120 177 40
120 178 40
119 178 40
119 179 40
118 179 40
117 179 40
117 180 40
116 180 40
115 180 40
115 181 40
114 181 40
113 181 40
112 181 40
111 181 40
110 181 40
109 181 40
108 181 40
107 181 40
106 181 40
105 181 40
104 181 40
103 181 40
102 181 40
101 181 40
100 181 40
99 181 40
98 181 40
97 181 40
96 181 40
96 181 41
95 181 40
95 181 41
94 181 40
94 181 41
93 181 40
93 181 41
92 181 40
92 181 41
91 181 40
91 181 41
90 181 40
90 181 41
89 181 40
89 181 41
89 181 42
88 181 40
88 181 41
88 181 42
87 181 40
87 181 41
87 181 42
86 181 40
86 181 41
86 181 42
85 181 40
85 181 41
84 181 40
84 181 41
83 181 40
83 181 41
82 181 40
82 181 41
81 181 40
81 181 41
80 181 40
80 181 41
79 181 40
79 181 41
78 181 40
78 181 41
77 181 40
77 181 41
76 181 40
76 181 41
75 181 40
74 181 40
73 181 40
72 181 40
71 181 40
70 181 40
69 181 40
68 181 40
67 181 40
66 181 40
65 181 40
64 181 40
63 181 40
62 181 40
61 181 40
60 181 40
59 181 40
58 181 40
58 180 40
57 180 40
57 179 40
56 179 40
55 179 40
54 179 40
53 179 40
162 179 40
162 179 41
162 179 42
162 179 43
162 179 44
162 179 45
162 179 46
162 179 47
162 179 48
162 179 49
162 179 50
162 179 51
162 179 52
162 179 53
162 179 54
162 179 55
162 179 56
162 179 57
162 179 58
162 179 59
162 179 60
162 179 61
162 179 62
162 179 63
161 179 40
161 179 41
161 179 42
161 179 43
161 179 44
161 179 45
161 179 46
161 179 47
161 179 48
161 179 49
161 179 50
161 179 51
161 179 52
161 179 53
161 179 54
161 179 55
161 179 56
161 179 57
161 179 58
161 179 59
161 179 60
161 179 61
161 179 62
161 179 63
160 179 40
160 179 41
160 179 42
160 179 43
160 179 44
160 179 45
160 179 46
160 179 47
160 179 48
160 179 49
160 179 50
160 179 51
160 179 52
160 179 53
160 179 54
160 179 55
160 179 56
160 179 57
160 179 58
160 179 59
160 179 60
160 179 61
160 179 62
160 179 63
159 179 40
159 179 41
159 179 42
159 179 43
159 179 44
159 179 45
159 179 46
159 179 47
159 179 48
159 179 49
159 179 50
159 179 51
159 179 52
159 179 53
159 179 54
159 179 55
159 179 56
159 179 57
159 179 58
159 179 59
159 179 60
159 179 61
159 179 62
158 179 40
158 179 41
158 179 42
158 179 43
158 179 44
158 179 45
158 179 46
158 179 47
158 179 48
158 179 49
158 179 50
158 179 51
158 179 52
158 179 53
158 179 54
158 179 55
158 179 56
158 179 57
158 179 58
158 179 59
158 179 60
158 179 61
157 179 40
157 179 41
157 179 42
157 179 43
157 179 44
157 179 45
157 179 46
157 179 47
157 179 48
157 179 49
157 179 50
157 179 51
157 179 52
157 179 53
157 179 54
157 179 55
157 179 56
157 179 57
157 179 58
157 179 59
157 179 60
156 179 40
156 179 41
156 179 42
156 179 43
156 179 44
156 179 45
156 179 46
156 179 47
156 179 48
156 179 49
156 179 50
156 179 51
156 179 52
156 179 53
156 179 54
156 179 55
156 179 56
156 179 57
156 179 58
156 179 59
155 179 40
155 179 41
155 179 42
155 179 43
155 179 44
155 179 45
155 179 46
155 179 47
155 179 48
155 179 49
155 179 50
155 179 51
155 179 52
155 179 53
155 179 54
155 179 55
155 179 56
155 179 57
154 179 40
154 179 41
154 179 42
154 179 43
154 179 44
154 179 45
154 179 46
154 179 47
154 179 48
154 179 49
154 179 50
154 179 51
154 179 52
154 179 53
154 179 54
154 179 55
153 179 40
153 179 41
153 179 42
153 179 43
153 179 44
153 179 45
153 179 46
153 179 47
153 179 48
153 179 49
153 179 50
153 179 51
153 179 52
153 179 53
153 179 54
152 179 40
152 179 41
152 179 42
152 179 43
152 179 44
152 179 45
152 179 46
152 179 47
152 179 48
152 179 49
152 179 50
152 179 51
152 179 52
151 179 40
151 179 41
151 179 42
151 179 43
151 179 44
151 179 45
151 179 46
151 179 47
151 179 48
151 179 49
151 179 50
151 179 51
150 179 40
150 179 41
150 179 42
150 179 43
150 179 44
150 179 45
150 179 46
150 179 47
150 179 48
150 179 49
150 179 50
149 179 40
149 179 41
149 179 42
149 179 43
149 179 44
149 179 45
149 179 46
149 179 47
149 179 48
149 179 49
148 179 40
148 179 41
148 179 42
148 179 43
148 179 44
148 179 45
148 179 46
148 179 47
148 179 48
147 179 40
147 179 41
147 179 42
147 179 43
147 179 44
147 179 45
147 179 46
147 179 47
147 179 48
146 179 40
146 179 41
146 179 42
146 179 43
146 179 44
146 179 45
146 179 46
146 179 47
145 179 40
145 179 41
145 179 42
145 179 43
145 179 44
145 179 45
145 179 46
145 179 47
144 179 40
144 179 41
144 179 42
144 179 43
144 179 44
144 179 45
144 179 46
144 179 47
143 179 40
143 179 41
143 179 42
143 179 43
143 179 44
143 179 45
143 179 46
142 179 40
142 179 41
142 179 42
142 179 43
142 179 44
142 179 45
142 179 46
141 179 40
141 179 41
141 179 42
141 179 43
141 179 44
141 179 45
141 179 46
140 179 40
140 179 41
140 179 42
140 179 43
140 179 44
140 179 45
140 179 46
139 179 40
139 179 41
139 179 42
139 179 43
139 179 44
139 179 45
139 179 46
138 179 40
138 179 41
138 179 42
138 179 43
138 179 44
138 179 45
138 179 46
137 179 40
137 179 41
137 179 42
137 179 43
137 179 44
137 179 45
137 179 46
136 179 40
136 179 41
136 179 42
136 179 43
136 179 44
136 179 45
136 179 46
135 179 40
135 179 41
135 179 42
135 179 43
135 179 44
135 179 45
134 179 40
134 179 41
134 179 42
134 179 43
134 179 44
134 179 45
133 179 40
133 179 41
133 179 42
133 179 43
133 179 44
132 179 40
132 179 41
132 179 42
132 179 43
131 179 40
131 179 41
131 179 42
131 179 43
130 179 40
130 179 41
130 179 42
129 179 40
129 179 41
129 179 42
128 179 40
128 179 41
127 179 40
127 179 41
126 179 40
126 179 41
125 179 40
124 179 40
124 178 40
124 177 40
123 177 40
123 176 40
196 8 40
196 9 40
196 10 40
196 11 40
196 12 40
196 13 40
196 13 41
196 14 40
196 14 41
196 15 40
196 15 41
196 16 40
196 16 41
196 16 42
197 16 40
197 16 41
197 16 42
197 17 40
197 17 41
197 17 42
198 17 40
198 17 41
198 17 42
199 17 40
199 17 41
199 17 42
199 18 40
199 18 41
199 18 42
199 19 40
199 19 41
199 19 42
199 20 40
199 20 41
199 20 42
199 20 43
199 21 40
199 21 41
199 21 42
199 21 43
199 22 40
199 22 41
199 22 42
199 22 43
199 22 44
199 23 40
199 23 41
199 23 42
199 23 43
199 23 44
199 24 40
199 24 41
199 24 42
199 24 43
199 24 44
199 25 40
199 25 41
199 25 42
199 25 43
199 25 44
199 25 45
199 26 40
199 26 41
199 26 42
199 26 43
199 26 44
199 26 45
199 27 40
199 27 41
199 27 42
199 27 43
199 27 44
199 27 45
199 27 46
199 28 40
199 28 41
199 28 42
199 28 43
199 28 44
199 28 45
199 28 46
199 29 40
199 29 41
199 29 42
199 29 43
199 29 44
199 29 45
199 29 46
199 30 40
199 30 41
199 30 42
199 30 43
199 30 44
199 30 45
199 30 46
199 30 47
199 31 40
199 31 41
199 31 42
199 31 43
199 31 44
199 31 45
199 31 46
199 31 47
199 32 40
199 32 41
199 32 42
199 32 43
199 32 44
199 32 45
199 32 46
199 32 47
199 32 48
199 33 40
199 33 41
199 33 42
199 33 43
199 33 44
199 33 45
199 33 46
199 33 47
199 33 48
199 34 40
199 34 41
199 34 42
199 34 43
199 34 44
199 34 45
199 34 46
199 34 47
199 34 48
199 34 49
199 35 40
199 35 41
199 35 42
199 35 43
199 35 44
199 35 45
199 35 46
199 35 47
199 35 48
199 35 49
199 35 50
199 36 40
199 36 41
199 36 42
199 36 43
199 36 44
199 36 45
199 36 46
199 36 47
199 36 48
199 36 49
199 36 50
199 36 51
199 37 40
199 37 41
199 37 42
199 37 43
199 37 44
199 37 45
199 37 46
199 37 47
199 37 48
199 37 49
199 37 50
199 37 51
199 38 40
199 38 41
199 38 42
199 38 43
199 38 44
199 38 45
199 38 46
199 38 47
199 38 48
199 38 49
199 38 50
199 38 51
199 38 52
199 39 40
199 39 41
199 39 42
199 39 43
199 39 44
199 39 45
199 39 46
199 39 47
199 39 48
199 39 49
199 39 50
199 39 51
199 39 52
199 40 40
199 40 41
199 40 42
199 40 43
199 40 44
199 40 45
199 40 46
199 40 47
199 40 48
199 40 49
199 40 50
199 40 51
199 40 52
199 40 53
199 41 40
199 41 41
199 41 42
199 41 43
199 41 44
199 41 45
199 41 46
199 41 47
199 41 48
199 41 49
199 41 50
199 41 51
199 41 52
199 41 53
199 42 40
199 42 41
199 42 42
199 42 43
199 42 44
199 42 45
199 42 46
199 42 47
199 42 48
199 42 49
199 42 50
199 42 51
199 42 52
199 43 40
199 43 41
199 43 42
199 43 43
199 43 44
199 43 45
199 43 46
199 43 47
199 43 48
199 43 49
199 43 50
199 43 51
199 43 52
199 44 40
199 44 41
199 44 42
199 44 43
199 44 44
199 44 45
199 44 46
199 44 47
199 44 48
199 44 49
199 44 50
199 44 51
199 45 40
199 45 41
199 45 42
199 45 43
199 45 44
199 45 45
199 45 46
199 45 47
199 45 48
199 45 49
199 45 50
199 46 40
199 46 41
199 46 42
199 46 43
199 46 44
199 46 45
199 46 46
199 46 47
199 46 48
199 46 49
199 47 40
199 47 41
199 47 42
199 47 43
199 47 44
199 47 45
199 47 46
199 47 47
199 47 48
199 48 40
199 48 41
199 48 42
199 48 43
199 48 44
199 48 45
199 48 46
199 48 47
199 49 40
199 49 41
199 49 42
199 49 43
199 49 44
199 49 45
199 49 46
199 50 40
199 50 41
199 50 42
199 50 43
199 50 44
199 50 45
199 51 40
199 51 41
199 51 42
199 51 43
199 51 44
199 52 40
199 52 41
199 52 42
199 52 43
199 53 40
199 53 41
199 53 42
199 53 43
199 54 40
199 54 41
199 54 42
199 55 40
199 55 41
199 55 42
199 56 40
199 56 41
199 56 42
199 57 40
199 57 41
199 57 42
199 58 40
199 58 41
199 58 42
199 59 40
199 59 41
199 59 42
199 60 40
199 60 41
199 60 42
199 60 43
199 61 40
199 61 41
199 61 42
199 61 43
199 62 40
199 62 41
199 62 42
199 62 43
199 62 44
198 62 40
198 62 41
198 62 42
198 62 43
198 63 40
198 63 41
198 63 42
198 63 43
197 63 40
197 63 41
197 63 42
197 63 43
197 64 40
197 64 41
197 64 42
197 64 43
197 65 40
197 65 41
197 65 42
197 65 43
197 65 44
196 65 40
196 65 41
196 65 42
196 65 43
196 66 40
196 66 41
196 66 42
196 66 43
196 66 44
195 66 40
195 66 41
195 66 42
195 66 43
195 66 44
195 67 40
195 67 41
195 67 42
195 67 43
195 67 44
194 67 40
194 67 41
194 67 42
194 67 43
194 67 44
194 68 40
194 68 41
194 68 42
194 68 43
194 68 44
194 68 45
193 68 40
193 68 41
193 68 42
193 68 43
193 68 44
193 68 45
193 69 40
193 69 41
193 69 42
193 69 43
193 69 44
193 69 45
193 69 46
192 69 40
192 69 41
192 69 42
192 69 43
192 69 44
192 69 45
192 69 46
192 70 40
192 70 41
192 70 42
192 70 43
192 70 44
192 70 45
192 70 46
192 70 47
191 70 40
191 70 41
191 70 42
191 70 43
191 70 44
191 70 45
191 70 46
191 70 47
191 71 40
191 71 41
191 71 42
191 71 43
191 71 44
191 71 45
191 71 46
191 71 47
191 71 48
190 71 40
190 71 41
190 71 42
190 71 43
190 71 44
190 71 45
190 71 46
190 71 47
190 71 48
189 71 40
189 71 41
189 71 42
189 71 43
189 71 44
189 71 45
189 71 46
189 71 47
189 71 48
189 72 40
189 72 41
189 72 42
189 72 43
189 72 44
189 72 45
189 72 46
189 72 47
189 72 48
189 72 49
188 72 40
188 72 41
188 72 42
188 72 43
188 72 44
188 72 45
188 72 46
188 72 47
188 72 48
188 72 49
187 72 40
187 72 41
187 72 42
187 72 43
187 72 44
187 72 45
187 72 46
187 72 47
187 72 48
187 72 49
187 73 40
187 73 41
187 73 42
187 73 43
187 73 44
187 73 45
187 73 46
187 73 47
187 73 48
187 73 49
186 73 40
186 73 41
186 73 42
186 73 43
186 73 44
186 73 45
186 73 46
186 73 47
186 73 48
186 73 49
186 74 40
186 74 41
186 74 42
186 74 43
186 74 44
186 74 45
186 74 46
186 74 47
186 74 48
186 74 49
185 74 40
185 74 41
185 74 42
185 74 43
185 74 44
185 74 45
185 74 46
185 74 47
185 74 48
185 74 49
185 75 40
185 75 41
185 75 42
185 75 43
185 75 44
185 75 45
185 75 46
185 75 47
185 75 48
185 75 49
184 75 40
184 75 41
184 75 42
184 75 43
184 75 44
184 75 45
184 75 46
184 75 47
184 75 48
184 76 40
184 76 41
184 76 42
184 76 43
184 76 44
184 76 45
184 76 46
184 76 47
184 76 48
183 76 40
183 76 41
183 76 42
183 76 43
183 76 44
183 76 45
183 76 46
183 76 47
183 77 40
183 77 41
183 77 42
183 77 43
183 77 44
183 77 45
183 77 46
183 77 47
182 77 40
182 77 41
182 77 42
182 77 43
182 77 44
182 77 45
182 77 46
182 77 47
182 78 40
182 78 41
182 78 42
182 78 43
182 78 44
182 78 45
182 78 46
181 78 40
181 78 41
181 78 42
181 78 43
181 78 44
181 78 45
181 78 46
181 79 40
181 79 41
181 79 42
181 79 43
181 79 44
181 79 45
181 79 46
180 79 40
180 79 41
180 79 42
180 79 43
180 79 44
180 79 45
180 80 40
180 80 41
180 80 42
180 80 43
180 80 44
180 80 45
179 80 40
179 80 41
179 80 42
179 80 43
179 80 44
179 81 40
179 81 41
179 81 42
179 81 43
179 81 44
178 81 40
178 81 41
178 81 42
178 81 43
178 82 40
178 82 41
178 82 42
178 82 43
177 82 40
177 82 41
177 82 42
177 82 43
177 83 40
177 83 41
177 83 42
176 83 40
176 83 41
176 83 42
176 84 40
176 84 41
176 84 42
175 84 40
175 84 41
175 84 42
175 85 40
175 85 41
175 85 42
174 85 40
174 85 41
174 85 42
174 86 40
174 86 41
174 86 42
173 86 40
173 86 41
173 86 42
172 86 40
172 86 41
172 86 42
172 87 40
172 87 41
172 87 42
171 87 40
171 87 41
171 87 42
171 88 40
171 88 41
171 88 42
170 88 40
170 88 41
170 88 42
169 88 40
169 88 41
169 88 42
169 89 40
169 89 41
169 89 42
168 89 40
168 89 41
168 89 42
168 90 40
168 90 41
168 90 42
167 90 40
167 90 41
167 90 42
166 90 40
166 90 41
166 90 42
166 91 40
166 91 41
166 91 42
