0 0 100
0 20 100
0 40 100
0 60 100
0 80 100
0 100 100
0 120 100
0 140 100
0 160 100
0 180 100
0 199 100
11 10 100
11 30 100
11 50 100
11 70 100
11 90 100
11 110 100
11 130 100
11 150 100
11 170 100
11 190 100
22 0 100
22 20 100
22 40 100
22 60 100
22 80 100
22 100 100
22 120 100
22 140 100
22 160 100
22 180 100
22 199 100
33 10 100
33 30 100
33 50 100
33 70 100
33 90 100
33 110 100
33 130 100
33 150 100
33 170 100
33 190 100
44 0 100
44 20 100
44 40 100
44 60 100
44 80 100
44 100 100
44 120 100
44 140 100
44 160 100
44 180 100
44 199 100
55 10 100
55 30 100
55 50 100
55 70 100
55 90 100
55 110 100
55 130 100
55 150 100
55 170 100
55 190 100
66 0 100
66 20 100
66 40 100
66 60 100
66 80 100
66 100 100
66 120 100
66 140 100
66 160 100
66 180 100
66 199 100
77 10 100
77 30 100
77 50 100
77 70 100
77 90 100
77 110 100
77 130 100
77 150 100
77 170 100
77 190 100
88 0 100
88 20 100
88 40 100
88 60 100
88 80 100
88 100 100
88 120 100
88 140 100
88 160 100
88 180 100
88 199 100
99 10 100
99 30 100
99 50 100
99 70 100
99 90 100
99 110 100
99 130 100
99 150 100
99 170 100
99 190 100
110 0 100
110 20 100
110 40 100
110 60 100
110 80 100
110 100 100
110 120 100
110 140 100
110 160 100
110 180 100
110 199 100
121 10 100
121 30 100
121 50 100
121 70 100
121 90 100
121 110 100
121 130 100
121 150 100
121 170 100
121 190 100
132 0 100
132 20 100
132 40 100
132 60 100
132 80 100
132 100 100
132 120 100
132 140 100
132 160 100
132 180 100
132 199 100
143 10 100
143 30 100
143 50 100
143 70 100
143 90 100
143 110 100
143 130 100
143 150 100
143 170 100
143 190 100
154 0 100
154 20 100
154 40 100
154 60 100
154 80 100
154 100 100
154 120 100
154 140 100
154 160 100
154 180 100
154 199 100
165 10 100
165 30 100
165 50 100
165 70 100
165 90 100
165 110 100
165 130 100
165 150 100
165 170 100
165 190 100
176 0 100
176 20 100
176 40 100
176 60 100
176 80 100
176 100 100
176 120 100
176 140 100
176 160 100
176 180 100
176 199 100
187 10 100
187 30 100
187 50 100
187 70 100
187 90 100
187 110 100
187 130 100
187 150 100
187 170 100
187 190 100
198 0 100
198 20 100
198 40 100
198 60 100
198 80 100
198 100 100
198 120 100
198 140 100
198 160 100
198 180 100
198 199 100
0 0 100
0 20 100
0 80 100
0 100 100
0 120 100
0 140 100
0 199 100
11 10 100
11 70 100
11 90 100
11 110 100
11 130 100
11 150 100
11 190 100
22 0 100
22 80 100
22 100 100
22 120 100
22 140 100
22 160 100
22 180 100
22 199 100
33 10 100
33 90 100
33 110 100
33 130 100
33 150 100
33 170 100
33 190 100
44 0 100
44 100 100
44 120 100
44 160 100
44 180 100
55 10 100
55 110 100
55 170 100
66 0 100
66 20 100
66 40 100
77 10 100
77 30 100
88 0 100
88 20 100
88 40 100
99 10 100
99 30 100
99 50 100
99 110 100
99 130 100
110 20 100
110 40 100
110 100 100
110 120 100
110 140 100
121 30 100
121 50 100
121 70 100
121 90 100
121 110 100
121 130 100
121 150 100
132 60 100
132 80 100
132 100 100
132 120 100
132 140 100
132 160 100
143 70 100
143 90 100
143 110 100
143 130 100
143 150 100
143 170 100
154 0 100
154 80 100
154 100 100
154 120 100
154 140 100
154 160 100
154 180 100
154 199 100
165 90 100
165 110 100
165 130 100
165 150 100
165 170 100
165 190 100
176 0 100
176 80 100
176 100 100
176 120 100
176 140 100
176 160 100
176 199 100
187 10 100
187 30 100
187 110 100
187 130 100
187 150 100
187 190 100
198 0 100
198 20 100
198 100 100
198 120 100
198 140 100
198 199 100
40 40 40
86 142 40
188 165 40
113 92 40
113 92 104
113 92 168
4 151 40
76 71 40
75 188 40
75 71 40
74 71 40
73 71 40
72 71 40
71 71 40
70 71 40
69 71 40
68 71 40
67 71 40
66 71 40
65 71 40
64 71 40
63 71 40
62 71 40
61 71 40
60 71 40
59 71 40
58 71 40
57 71 40
56 71 40
55 71 40
54 71 40
54 70 40
54 69 40
54 68 40
53 68 40
53 67 40
52 67 40
52 66 40
52 65 40
52 64 40
52 63 40
52 62 40
52 61 40
51 61 40
50 61 40
50 60 40
50 59 40
50 58 40
50 57 40
50 56 40
50 55 40
49 55 40
49 54 40
49 53 40
49 52 40
48 52 40
47 52 40
47 51 40
47 50 40
46 50 40
46 49 40
46 48 40
46 47 40
46 46 40
46 45 40
46 44 40
46 43 40
46 42 40
45 42 40
44 42 40
43 42 40
42 42 40
42 41 40
41 41 40
41 40 40
85 142 40
84 142 40
83 142 40
82 142 40
81 142 40
80 142 40
79 142 40
78 142 40
77 142 40
77 141 40
77 140 40
77 139 40
77 138 40
77 137 40
77 136 40
77 135 40
77 134 40
77 133 40
77 132 40
77 131 40
77 129 40
77 128 40
77 127 40
77 126 40
77 125 40
77 124 40
77 123 40
77 122 40
77 121 40
77 120 40
77 119 40
77 118 40
77 117 40
77 116 40
77 115 40
77 114 40
77 113 40
77 112 40
77 111 40
77 109 40
77 108 40
77 107 40
77 106 40
77 105 40
77 104 40
77 103 40
77 102 40
77 101 40
77 100 40
77 99 40
77 98 40
77 97 40
77 96 40
77 95 40
77 94 40
77 93 40
77 92 40
77 91 40
77 89 40
77 88 40
77 87 40
77 86 40
77 85 40
77 84 40
77 83 40
77 82 40
77 81 40
77 80 40
77 79 40
77 78 40
77 77 40
77 76 40
77 75 40
76 75 40
76 74 40
76 73 40
76 72 40
75 187 40
75 186 40
75 185 40
75 184 40
75 183 40
75 182 40
75 181 40
75 180 40
76 180 40
76 179 40
76 178 40
77 178 40
77 177 40
77 176 40
77 175 40
77 174 40
77 173 40
77 172 40
77 171 40
77 169 40
77 168 40
77 167 40
77 166 40
77 165 40
77 164 40
77 163 40
77 162 40
77 161 40
77 160 40
77 159 40
77 158 40
77 157 40
77 156 40
77 155 40
77 154 40
77 153 40
77 152 40
77 151 40
77 149 40
77 148 40
77 147 40
77 146 40
77 145 40
77 144 40
77 143 40
113 91 40
113 91 104
113 91 168
113 90 40
113 90 104
113 90 168
113 89 40
113 89 104
113 89 168
113 88 40
113 88 104
113 88 168
113 87 40
113 87 104
113 87 168
112 87 40
112 87 104
112 87 168
111 87 40
111 87 104
111 87 168
110 87 40
110 87 104
110 87 168
109 87 40
109 87 104
109 87 168
108 87 40
108 87 104
107 87 40
107 87 104
106 87 40
106 87 104
105 87 40
104 87 40
103 87 40
102 87 40
101 87 40
100 87 40
99 87 40
98 87 40
97 87 40
96 87 40
95 87 40
94 87 40
93 87 40
92 87 40
91 87 40
90 87 40
89 87 40
88 87 40
87 87 40
86 87 40
85 87 40
84 87 40
83 87 40
82 87 40
81 87 40
80 87 40
79 87 40
78 87 40
188 166 40
188 167 40
188 168 40
188 169 40
188 170 40
188 171 40
188 172 40
188 173 40
188 174 40
188 175 40
187 175 40
187 176 40
186 176 40
186 177 40
185 177 40
185 178 40
184 178 40
184 178 104
184 179 40
184 179 104
183 179 40
183 179 104
183 180 40
183 180 104
182 180 40
182 180 104
182 181 40
182 181 104
182 181 168
181 181 40
181 181 104
181 181 168
181 182 40
181 182 104
181 182 168
180 182 40
180 182 104
180 182 168
179 182 40
179 182 104
179 182 168
179 183 40
179 183 104
179 183 168
178 183 40
178 183 104
178 183 168
178 184 40
178 184 104
178 184 168
177 184 40
177 184 104
177 184 168
176 184 40
176 184 104
176 184 168
176 185 40
176 185 104
176 185 168
175 185 40
175 185 104
175 186 40
175 186 104
174 186 40
174 186 104
173 186 40
173 186 104
173 187 40
173 187 104
172 187 40
172 187 104
172 188 40
172 188 104
171 188 40
171 188 104
171 189 40
171 189 104
170 189 40
170 189 104
169 189 40
169 189 104
169 190 40
169 190 104
168 190 40
168 190 104
168 191 40
168 191 104
168 191 168
167 191 40
167 191 104
167 191 168
167 192 40
167 192 104
167 192 168
166 192 40
166 192 104
166 192 168
166 193 40
166 193 104
166 193 168
165 193 40
165 193 104
165 193 168
165 194 40
165 194 104
165 194 168
164 194 40
164 194 104
164 194 168
164 195 40
164 195 104
164 195 168
163 195 40
163 195 104
163 195 168
163 196 40
163 196 104
163 196 168
162 196 40
162 196 104
162 196 168
162 197 40
162 197 104
161 197 40
161 197 104
161 198 40
161 198 104
160 198 40
160 198 104
159 198 40
159 198 104
158 198 40
158 198 104
157 198 40
157 198 104
156 198 40
156 198 104
155 198 40
155 198 104
155 198 168
154 198 40
154 198 104
154 198 168
153 198 40
153 198 104
152 198 40
152 198 104
151 198 40
151 198 104
150 198 40
150 198 104
149 198 40
149 198 104
148 198 40
148 198 104
147 198 40
147 198 104
146 198 40
146 198 104
145 198 40
145 198 104
144 198 40
144 198 104
143 198 40
143 198 104
142 198 40
142 198 104
141 198 40
141 198 104
140 198 40
140 198 104
139 198 40
139 198 104
138 198 40
138 198 104
137 198 40
137 198 104
136 198 40
136 198 104
135 198 40
135 198 104
134 198 40
134 198 104
133 198 40
133 198 104
132 198 40
132 198 104
131 198 40
131 198 104
130 198 40
129 198 40
128 198 40
127 198 40
126 198 40
125 198 40
124 198 40
123 198 40
122 198 40
121 198 40
120 198 40
119 198 40
118 198 40
117 198 40
116 198 40
115 198 40
114 198 40
113 198 40
112 198 40
111 198 40
110 198 40
109 198 40
108 198 40
107 198 40
106 198 40
105 198 40
104 198 40
103 198 40
102 198 40
101 198 40
100 198 40
99 198 40
98 198 40
97 198 40
96 198 40
95 198 40
94 198 40
93 198 40
92 198 40
91 198 40
90 198 40
89 198 40
88 198 40
87 198 40
86 198 40
85 198 40
84 198 40
83 198 40
82 198 40
81 198 40
80 198 40
79 198 40
78 198 40
78 197 40
78 196 40
77 196 40
77 195 40
77 194 40
77 193 40
77 192 40
76 192 40
75 192 40
75 191 40
75 190 40
75 189 40
5 151 40
6 151 40
7 151 40
7 151 104
8 151 40
8 151 104
9 151 40
9 151 104
10 151 40
10 151 104
11 151 40
11 151 104
12 151 40
12 151 104
13 151 40
13 151 104
13 151 168
14 151 40
14 151 104
14 151 168
14 150 40
14 150 104
14 150 168
15 150 40
15 150 104
15 149 40
15 149 104
16 149 40
16 149 104
16 148 40
16 148 104
17 148 40
17 148 104
17 147 40
17 147 104
18 147 40
18 147 104
19 147 40
19 147 104
20 147 40
20 147 104
21 147 40
21 147 104
21 147 168
22 147 40
22 147 104
22 147 168
23 147 40
23 147 104
23 147 168
24 147 40
24 147 104
24 147 168
25 147 40
25 147 104
25 147 168
26 147 40
26 147 104
26 147 168
27 147 40
27 147 104
27 147 168
28 147 40
28 147 104
28 147 168
29 147 40
29 147 104
29 147 168
30 147 40
30 147 104
30 147 168
31 147 40
31 147 104
31 147 168
32 147 40
32 147 104
32 147 168
33 147 40
33 147 104
33 147 168
34 147 40
34 147 104
34 147 168
34 147 232
35 147 40
35 147 104
35 147 168
35 147 232
36 147 40
36 147 104
36 147 168
36 147 232
37 147 40
37 147 104
37 147 168
37 147 232
38 147 40
38 147 104
38 147 168
38 147 232
39 147 40
39 147 104
39 147 168
39 147 232
40 147 40
40 147 104
40 147 168
40 147 232
41 147 40
41 147 104
41 147 168
42 147 40
42 147 104
42 147 168
43 147 40
43 147 104
43 146 40
43 146 104
44 146 40
44 146 104
45 146 40
45 146 104
46 146 40
46 146 104
47 146 40
48 146 40
49 146 40
50 146 40
51 146 40
52 146 40
53 146 40
54 146 40
55 146 40
56 146 40
57 146 40
58 146 40
59 146 40
60 146 40
61 146 40
62 146 40
63 146 40
64 146 40
65 146 40
66 146 40
67 146 40
68 146 40
69 146 40
70 146 40
71 146 40
72 146 40
73 146 40
74 146 40
75 146 40
76 146 40
