0 0 100
0 20 100
0 40 100
0 60 100
0 80 100
0 100 100
0 120 100
0 140 100
0 160 100
0 180 100
0 199 100
11 10 100
11 30 100
11 50 100
11 70 100
11 90 100
11 110 100
11 130 100
11 150 100
11 170 100
11 190 100
22 0 100
22 20 100
22 40 100
22 60 100
22 80 100
22 100 100
22 120 100
22 140 100
22 160 100
22 180 100
22 199 100
33 10 100
33 30 100
33 50 100
33 70 100
33 90 100
33 110 100
33 130 100
33 150 100
33 170 100
33 190 100
44 0 100
44 20 100
44 40 100
44 60 100
44 80 100
44 100 100
44 120 100
44 140 100
44 160 100
44 180 100
44 199 100
55 10 100
55 30 100
55 50 100
55 70 100
55 90 100
55 110 100
55 130 100
55 150 100
55 170 100
55 190 100
66 0 100
66 20 100
66 40 100
66 60 100
66 80 100
66 100 100
66 120 100
66 140 100
66 160 100
66 180 100
66 199 100
77 10 100
77 30 100
77 50 100
77 70 100
77 90 100
77 110 100
77 130 100
77 150 100
77 170 100
77 190 100
88 0 100
88 20 100
88 40 100
88 60 100
88 80 100
88 100 100
88 120 100
88 140 100
88 160 100
88 180 100
88 199 100
99 10 100
99 30 100
99 50 100
99 70 100
99 90 100
99 110 100
99 130 100
99 150 100
99 170 100
99 190 100
110 0 100
110 20 100
110 40 100
110 60 100
110 80 100
110 100 100
110 120 100
110 140 100
110 160 100
110 180 100
110 199 100
121 10 100
121 30 100
121 50 100
121 70 100
121 90 100
121 110 100
121 130 100
121 150 100
121 170 100
121 190 100
132 0 100
132 20 100
132 40 100
132 60 100
132 80 100
132 100 100
132 120 100
132 140 100
132 160 100
132 180 100
132 199 100
143 10 100
143 30 100
143 50 100
143 70 100
143 90 100
143 110 100
143 130 100
143 150 100
143 170 100
143 190 100
154 0 100
154 20 100
154 40 100
154 60 100
154 80 100
154 100 100
154 120 100
154 140 100
154 160 100
154 180 100
154 199 100
165 10 100
165 30 100
165 50 100
165 70 100
165 90 100
165 110 100
165 130 100
165 150 100
165 170 100
165 190 100
176 0 100
176 20 100
176 40 100
176 60 100
176 80 100
176 100 100
176 120 100
176 140 100
176 160 100
176 180 100
176 199 100
187 10 100
187 30 100
187 50 100
187 70 100
187 90 100
187 110 100
187 130 100
187 150 100
187 170 100
187 190 100
198 0 100
198 20 100
198 40 100
198 60 100
198 80 100
198 100 100
198 120 100
198 140 100
198 160 100
198 180 100
198 199 100
0 20 100
0 40 100
0 60 100
0 100 100
0 160 100
0 180 100
11 10 100
11 30 100
11 50 100
11 70 100
11 170 100
11 190 100
22 0 100
22 20 100
22 40 100
22 60 100
22 80 100
22 180 100
33 10 100
33 30 100
33 50 100
33 70 100
33 190 100
44 0 100
44 20 100
44 40 100
44 60 100
44 80 100
44 140 100
44 199 100
55 10 100
55 50 100
55 70 100
55 90 100
55 130 100
55 190 100
66 0 100
66 60 100
66 80 100
66 100 100
66 120 100
66 140 100
66 160 100
66 180 100
66 199 100
77 90 100
77 110 100
77 130 100
77 150 100
77 170 100
77 190 100
88 0 100
88 20 100
88 100 100
88 120 100
88 140 100
88 160 100
88 180 100
88 199 100
99 10 100
99 90 100
99 110 100
99 130 100
99 150 100
99 170 100
110 0 100
110 20 100
110 100 100
110 120 100
110 140 100
110 160 100
110 180 100
121 10 100
121 30 100
121 90 100
121 110 100
121 130 100
121 170 100
132 0 100
132 20 100
132 40 100
132 60 100
132 80 100
132 100 100
132 160 100
132 180 100
143 10 100
143 30 100
143 50 100
143 70 100
143 90 100
143 110 100
143 150 100
143 170 100
143 190 100
154 20 100
154 40 100
154 60 100
154 80 100
154 100 100
154 120 100
154 160 100
154 180 100
154 199 100
165 50 100
165 70 100
165 90 100
165 110 100
165 130 100
165 150 100
165 190 100
176 60 100
176 80 100
176 100 100
176 120 100
176 140 100
176 199 100
187 50 100
187 70 100
187 110 100
187 130 100
187 150 100
187 190 100
198 60 100
198 80 100
198 120 100
198 140 100
198 160 100
198 180 100
198 199 100
5 2 40
5 2 104
68 29 40
82 82 40
82 82 104
88 173 40
88 173 104
88 173 168
34 130 40
162 117 40
162 117 104
137 129 40
189 184 40
189 184 104
189 184 168
190 16 40
24 90 40
90 39 40
51 176 40
51 176 104
108 67 40
89 39 40
88 39 40
87 39 40
86 39 40
85 39 40
84 39 40
83 39 40
82 39 40
81 39 40
80 39 40
79 39 40
78 39 40
78 38 40
77 38 40
76 38 40
76 37 40
75 37 40
75 36 40
74 36 40
74 35 40
73 35 40
73 34 40
72 34 40
72 33 40
71 33 40
71 32 40
70 32 40
70 31 40
70 30 40
69 30 40
69 29 40
108 66 40
108 65 40
108 64 40
108 63 40
108 62 40
108 61 40
108 60 40
108 59 40
108 58 40
108 57 40
108 56 40
108 55 40
108 54 40
107 54 40
107 53 40
106 53 40
105 53 40
104 53 40
104 52 40
103 52 40
102 52 40
101 52 40
101 51 40
100 51 40
99 51 40
98 50 40
97 50 40
96 50 40
95 50 40
95 49 40
95 48 40
95 47 40
94 47 40
93 47 40
92 47 40
92 46 40
92 45 40
92 44 40
91 44 40
91 43 40
90 43 40
90 42 40
90 41 40
90 40 40
138 129 40
139 129 40
140 129 40
141 129 40
142 129 40
143 129 40
144 129 40
145 129 40
146 129 40
147 129 40
148 129 40
149 129 40
149 128 40
150 128 40
150 127 40
151 127 40
151 127 104
151 126 40
151 126 104
152 126 40
152 126 104
152 125 40
152 125 104
153 125 40
153 125 104
153 124 40
153 124 104
154 124 40
154 124 104
154 123 40
154 123 104
155 123 40
155 123 104
155 122 40
155 122 104
156 122 40
156 122 104
156 121 40
156 121 104
156 120 40
156 120 104
156 119 40
156 119 104
156 118 40
156 118 104
156 117 40
156 117 104
156 116 40
156 116 104
156 115 40
156 115 104
156 114 40
156 114 104
156 113 40
156 113 104
156 112 40
156 112 104
156 111 40
156 111 104
156 110 40
156 110 104
156 109 40
156 109 104
156 108 40
156 108 104
156 107 40
156 107 104
156 107 168
156 106 40
156 106 104
156 106 168
156 105 40
156 105 104
156 105 168
156 104 40
156 104 104
156 104 168
156 103 40
156 103 104
156 103 168
156 102 40
156 102 104
156 102 168
156 101 40
156 101 104
156 101 168
156 100 40
156 100 104
156 100 168
156 99 40
156 99 104
156 99 168
156 98 40
156 98 104
156 98 168
156 97 40
156 97 104
156 96 40
156 96 104
156 95 40
156 95 104
156 94 40
156 94 104
156 93 40
156 93 104
156 92 40
156 92 104
156 91 40
156 91 104
155 91 40
155 91 104
154 91 40
154 91 104
154 90 40
154 90 104
153 90 40
153 90 104
153 90 168
153 89 40
153 89 104
153 89 168
153 88 40
153 88 104
152 88 40
152 88 104
152 88 168
152 87 40
152 87 104
152 87 168
152 86 40
152 86 104
152 85 40
152 85 104
152 84 40
152 84 104
152 83 40
152 83 104
151 83 40
151 83 104
151 82 40
151 82 104
151 82 168
151 81 40
151 81 104
151 81 168
151 80 40
151 80 104
151 80 168
150 80 40
150 80 104
150 80 168
150 79 40
150 79 104
150 79 168
150 78 40
150 78 104
150 78 168
149 78 40
149 78 104
149 78 168
149 77 40
149 77 104
149 77 168
149 76 40
149 76 104
149 76 168
148 76 40
148 76 104
148 76 168
148 75 40
148 75 104
148 75 168
147 75 40
147 75 104
147 75 168
147 74 40
147 74 104
147 74 168
146 74 40
146 74 104
146 74 168
146 73 40
146 73 104
146 73 168
145 73 40
145 73 104
145 73 168
145 72 40
145 72 104
145 72 168
144 72 40
144 72 104
144 72 168
144 71 40
144 71 104
143 71 40
143 71 104
142 70 40
142 70 104
142 69 40
142 69 104
141 69 40
141 69 104
141 68 40
141 68 104
140 68 40
140 68 104
140 67 40
140 67 104
139 67 40
139 67 104
138 67 40
138 67 104
138 66 40
138 66 104
137 66 40
137 66 104
136 66 40
136 66 104
135 66 40
135 66 104
134 66 40
134 66 104
133 66 40
133 66 104
132 66 40
132 66 104
131 66 40
131 66 104
130 66 40
130 66 104
129 66 40
129 66 104
128 66 40
128 66 104
127 66 40
127 66 104
126 66 40
126 66 104
125 66 40
125 66 104
124 66 40
124 66 104
123 66 40
123 66 104
122 66 40
122 66 104
121 66 40
121 66 104
120 66 40
120 66 104
119 66 40
119 66 104
118 66 40
118 66 104
117 66 40
117 66 104
116 66 40
115 66 40
114 66 40
113 66 40
112 66 40
111 66 40
110 66 40
109 66 40
161 117 40
161 117 104
160 117 40
160 117 104
159 117 40
159 117 104
158 117 40
158 117 104
157 117 40
157 117 104
188 184 40
188 184 104
187 184 40
187 184 104
186 184 40
186 184 104
185 184 40
185 184 104
184 184 40
184 184 104
183 184 40
183 183 40
182 183 40
182 182 40
182 181 40
182 180 40
182 179 40
182 178 40
182 177 40
182 176 40
182 175 40
182 174 40
182 173 40
181 173 40
181 173 104
181 172 40
181 172 104
180 172 40
180 172 104
180 171 40
180 171 104
179 171 40
179 171 104
179 170 40
179 170 104
178 170 40
178 169 40
177 169 40
177 168 40
176 168 40
176 167 40
176 166 40
176 165 40
176 164 40
176 163 40
176 162 40
175 162 40
175 161 40
174 161 40
174 160 40
174 160 104
174 159 40
174 159 104
173 159 40
173 159 104
173 158 40
173 158 104
172 158 40
172 158 104
172 157 40
172 157 104
172 157 168
171 157 40
171 157 104
171 157 168
171 156 40
171 156 104
171 156 168
170 156 40
170 156 104
170 156 168
170 155 40
170 155 104
170 155 168
169 155 40
169 155 104
169 155 168
169 154 40
169 154 104
169 154 168
168 154 40
168 154 104
168 154 168
168 153 40
168 153 104
168 153 168
167 153 40
167 153 104
167 153 168
167 152 40
167 152 104
167 152 168
166 152 40
166 152 104
166 151 40
166 151 104
166 151 168
165 151 40
165 151 104
164 150 40
164 150 104
164 149 40
164 149 104
164 149 168
163 149 40
163 149 104
163 149 168
163 148 40
163 148 104
163 148 168
162 148 40
162 148 104
162 148 168
162 147 40
162 147 104
162 147 168
161 147 40
161 147 104
161 147 168
160 147 40
160 147 104
160 147 168
160 146 40
160 146 104
160 146 168
159 146 40
159 146 104
159 146 168
158 146 40
158 146 104
158 146 168
158 145 40
158 145 104
158 145 168
157 145 40
157 145 104
157 145 168
156 145 40
156 145 104
156 145 168
155 145 40
155 145 104
155 145 168
155 144 40
155 144 104
154 144 40
154 144 104
153 144 40
153 144 104
153 143 40
153 143 104
152 143 40
152 143 104
152 142 40
152 142 104
151 142 40
151 142 104
151 141 40
150 141 40
150 140 40
149 140 40
149 139 40
149 138 40
149 137 40
149 136 40
149 135 40
149 134 40
149 133 40
149 133 104
149 132 40
149 132 104
149 131 40
149 131 104
149 130 40
34 129 40
34 128 40
34 127 40
35 127 40
35 126 40
35 125 40
36 125 40
36 124 40
37 124 40
37 123 40
38 123 40
38 122 40
38 121 40
39 121 40
40 121 40
40 120 40
40 119 40
40 118 40
41 118 40
42 118 40
42 117 40
42 116 40
43 116 40
43 115 40
43 114 40
43 113 40
43 112 40
44 112 40
44 111 40
45 111 40
46 111 40
47 111 40
48 111 40
49 111 40
50 111 40
50 110 40
51 110 40
52 110 40
53 110 40
53 110 104
53 109 40
53 109 104
54 109 40
54 109 104
54 108 40
54 108 104
55 108 40
55 108 104
56 108 40
56 108 104
56 107 40
56 107 104
57 107 40
57 107 104
57 106 40
57 106 104
58 106 40
58 106 104
59 106 40
59 106 104
59 106 168
59 105 40
59 105 104
60 105 40
60 105 104
60 105 168
60 104 40
60 104 104
60 104 168
61 104 40
61 104 104
61 104 168
61 103 40
61 103 104
61 103 168
62 103 40
62 103 104
62 103 168
62 102 40
62 102 104
62 102 168
63 102 40
63 102 104
63 102 168
64 102 40
64 102 104
64 102 168
64 101 40
64 101 104
64 101 168
65 101 40
65 101 104
65 101 168
66 101 40
66 101 104
66 101 168
67 100 40
67 100 104
67 100 168
67 99 40
67 99 104
67 99 168
68 99 40
68 99 104
68 99 168
69 99 40
69 99 104
69 99 168
69 98 40
69 98 104
69 98 168
70 98 40
70 98 104
70 98 168
70 97 40
70 97 104
70 97 168
71 97 40
71 97 104
71 97 168
71 97 232
72 97 40
72 97 104
72 97 168
72 97 232
72 96 40
72 96 104
72 96 168
72 96 232
73 96 40
73 96 104
73 96 168
73 96 232
73 96 296
73 95 40
73 95 104
73 95 168
73 95 232
73 95 296
74 95 40
74 95 104
74 95 168
74 95 232
74 95 296
74 95 360
74 94 40
74 94 104
74 94 168
74 94 232
74 94 296
74 94 360
74 93 40
74 93 104
74 93 168
74 93 232
74 93 296
74 93 360
74 92 40
74 92 104
74 92 168
74 92 232
74 92 296
74 92 360
74 91 40
74 91 104
74 91 168
74 91 232
74 91 296
74 91 360
74 90 40
74 90 104
74 90 168
74 90 232
74 90 296
74 89 40
74 89 104
74 89 168
74 89 232
74 89 296
74 88 40
74 88 104
74 88 168
74 88 232
74 88 296
74 87 40
74 87 104
74 87 168
74 87 232
74 87 296
74 86 40
74 86 104
74 86 168
74 86 232
74 85 40
74 85 104
74 85 168
74 85 232
74 84 40
74 84 104
74 84 168
74 84 232
74 83 40
74 83 104
74 83 168
74 82 40
74 82 104
74 82 168
75 82 40
75 82 104
76 82 40
76 82 104
77 82 40
77 82 104
78 82 40
78 82 104
79 82 40
79 82 104
80 82 40
80 82 104
81 82 40
81 82 104
51 175 40
51 175 104
50 175 40
50 175 104
49 175 40
49 175 104
48 175 40
48 175 104
47 175 40
47 175 104
47 174 40
46 174 40
46 173 40
45 173 40
45 172 40
44 172 40
44 171 40
43 171 40
43 170 40
43 169 40
43 168 40
43 167 40
43 166 40
43 165 40
42 165 40
41 165 40
40 165 40
39 165 40
38 165 40
38 164 40
38 163 40
38 162 40
37 162 40
36 162 40
35 162 40
35 161 40
35 160 40
34 160 40
34 159 40
34 158 40
34 157 40
34 156 40
34 155 40
34 154 40
34 153 40
34 152 40
34 151 40
34 150 40
34 149 40
34 148 40
34 147 40
34 146 40
34 145 40
34 144 40
34 143 40
34 142 40
34 141 40
34 140 40
34 139 40
34 138 40
34 137 40
34 136 40
34 135 40
34 134 40
34 133 40
34 132 40
34 131 40
24 91 40
24 92 40
24 93 40
24 94 40
24 95 40
24 96 40
24 97 40
24 98 40
24 99 40
24 100 40
24 101 40
24 102 40
24 103 40
24 104 40
24 105 40
25 105 40
26 105 40
27 105 40
28 105 40
29 105 40
30 105 40
31 105 40
32 105 40
33 105 40
34 105 40
35 105 40
36 105 40
37 105 40
38 105 40
39 105 40
39 106 40
40 106 40
41 106 40
41 107 40
41 108 40
41 109 40
41 110 40
42 110 40
43 110 40
44 110 40
189 16 40
188 16 40
187 16 40
186 16 40
186 17 40
186 18 40
186 19 40
186 20 40
186 21 40
186 22 40
186 23 40
186 24 40
186 25 40
186 26 40
186 27 40
186 28 40
186 29 40
186 30 40
185 30 40
185 31 40
185 32 40
184 32 40
183 32 40
182 32 40
181 32 40
181 33 40
180 33 40
180 34 40
179 34 40
179 35 40
179 36 40
179 37 40
179 38 40
178 38 40
178 39 40
178 40 40
177 40 40
177 41 40
177 42 40
177 43 40
176 43 40
176 44 40
176 45 40
176 45 104
175 45 40
175 45 104
175 46 40
175 46 104
175 47 40
175 47 104
174 47 40
174 47 104
174 48 40
174 48 104
174 49 40
174 49 104
173 49 40
173 49 104
173 50 40
173 50 104
172 50 40
172 50 104
172 51 40
172 51 104
172 52 40
172 52 104
171 52 40
171 52 104
170 52 40
170 52 104
170 53 40
170 53 104
169 53 40
169 53 104
169 54 40
169 54 104
168 54 40
168 54 104
167 54 40
167 54 104
167 55 40
167 55 104
166 55 40
166 55 104
166 55 168
165 55 40
165 55 104
165 55 168
165 56 40
165 56 104
165 56 168
164 56 40
164 56 104
164 56 168
164 57 40
164 57 104
164 57 168
163 57 40
163 57 104
163 57 168
163 58 40
163 58 104
163 58 168
162 58 40
162 58 104
161 58 40
161 58 104
161 59 40
161 59 104
161 60 40
161 60 104
161 61 40
161 61 104
161 62 40
161 62 104
161 63 40
161 63 104
161 63 168
161 64 40
161 64 104
161 64 168
161 65 40
161 65 104
161 65 168
161 66 40
161 66 104
161 66 168
161 67 40
161 67 104
161 67 168
161 67 232
161 68 40
161 68 104
161 68 168
161 68 232
161 69 40
161 69 104
161 69 168
161 69 232
161 70 40
161 70 104
161 70 168
161 70 232
161 71 40
161 71 104
161 71 168
161 72 40
161 72 104
161 72 168
161 73 40
161 73 104
161 73 168
161 74 40
161 74 104
161 74 168
161 75 40
161 75 104
161 76 40
161 76 104
161 77 40
161 77 104
161 78 40
161 78 104
160 78 40
160 78 104
159 78 40
159 78 104
158 78 40
158 78 104
157 78 40
157 78 104
156 78 40
156 78 104
155 78 40
155 78 104
154 78 40
154 78 104
153 78 40
153 78 104
153 78 168
152 78 40
152 78 104
152 78 168
151 78 40
151 78 104
151 78 168
87 173 40
87 173 104
87 173 168
86 173 40
86 173 104
86 173 168
85 173 40
85 173 104
85 173 168
84 173 40
84 173 104
84 173 168
84 173 232
83 173 40
83 173 104
83 173 168
83 173 232
82 173 40
82 173 104
82 173 168
82 173 232
81 173 40
81 173 104
81 173 168
81 173 232
80 173 40
80 173 104
80 173 168
80 173 232
79 173 40
79 173 104
79 173 168
79 173 232
78 173 40
78 173 104
78 173 168
78 173 232
77 173 40
77 173 104
77 173 168
77 173 232
76 173 40
76 173 104
76 173 168
76 173 232
75 173 40
75 173 104
75 173 168
74 173 40
74 173 104
74 173 168
73 173 40
73 173 104
73 173 168
72 173 40
72 173 104
72 173 168
71 173 40
71 173 104
71 173 168
70 173 40
70 173 104
70 173 168
69 173 40
69 173 104
69 173 168
68 173 40
68 173 104
68 173 168
67 173 40
67 173 104
67 173 168
66 173 40
66 173 104
66 173 168
65 173 40
65 173 104
65 173 168
64 173 40
64 173 104
64 173 168
63 173 40
63 173 104
63 173 168
62 173 40
62 173 104
62 173 168
61 173 40
61 173 104
61 173 168
60 173 40
60 173 104
59 173 40
59 173 104
58 173 40
58 173 104
57 173 40
57 173 104
56 173 40
56 173 104
55 173 40
55 173 104
54 173 40
54 173 104
53 173 40
53 173 104
52 173 40
52 173 104
51 173 40
51 173 104
51 174 40
51 174 104
