0 0 100
0 20 100
0 40 100
0 60 100
0 80 100
0 100 100
0 120 100
0 140 100
0 160 100
0 180 100
0 199 100
11 10 100
11 30 100
11 50 100
11 70 100
11 90 100
11 110 100
11 130 100
11 150 100
11 170 100
11 190 100
22 0 100
22 20 100
22 40 100
22 60 100
22 80 100
22 100 100
22 120 100
22 140 100
22 160 100
22 180 100
22 199 100
33 10 100
33 30 100
33 50 100
33 70 100
33 90 100
33 110 100
33 130 100
33 150 100
33 170 100
33 190 100
44 0 100
44 20 100
44 40 100
44 60 100
44 80 100
44 100 100
44 120 100
44 140 100
44 160 100
44 180 100
44 199 100
55 10 100
55 30 100
55 50 100
55 70 100
55 90 100
55 110 100
55 130 100
55 150 100
55 170 100
55 190 100
66 0 100
66 20 100
66 40 100
66 60 100
66 80 100
66 100 100
66 120 100
66 140 100
66 160 100
66 180 100
66 199 100
77 10 100
77 30 100
77 50 100
77 70 100
77 90 100
77 110 100
77 130 100
77 150 100
77 170 100
77 190 100
88 0 100
88 20 100
88 40 100
88 60 100
88 80 100
88 100 100
88 120 100
88 140 100
88 160 100
88 180 100
88 199 100
99 10 100
99 30 100
99 50 100
99 70 100
99 90 100
99 110 100
99 130 100
99 150 100
99 170 100
99 190 100
110 0 100
110 20 100
110 40 100
110 60 100
110 80 100
110 100 100
110 120 100
110 140 100
110 160 100
110 180 100
110 199 100
121 10 100
121 30 100
121 50 100
121 70 100
121 90 100
121 110 100
121 130 100
121 150 100
121 170 100
121 190 100
132 0 100
132 20 100
132 40 100
132 60 100
132 80 100
132 100 100
132 120 100
132 140 100
132 160 100
132 180 100
132 199 100
143 10 100
143 30 100
143 50 100
143 70 100
143 90 100
143 110 100
143 130 100
143 150 100
143 170 100
143 190 100
154 0 100
154 20 100
154 40 100
154 60 100
154 80 100
154 100 100
154 120 100
154 140 100
154 160 100
154 180 100
154 199 100
165 10 100
165 30 100
165 50 100
165 70 100
165 90 100
165 110 100
165 130 100
165 150 100
165 170 100
165 190 100
176 0 100
176 20 100
176 40 100
176 60 100
176 80 100
176 100 100
176 120 100
176 140 100
176 160 100
176 180 100
176 199 100
187 10 100
187 30 100
187 50 100
187 70 100
187 90 100
187 110 100
187 130 100
187 150 100
187 170 100
187 190 100
198 0 100
198 20 100
198 40 100
198 60 100
198 80 100
198 100 100
198 120 100
198 140 100
198 160 100
198 180 100
198 199 100
0 0 100
0 120 100
0 140 100
0 160 100
11 10 100
11 110 100
11 130 100
11 150 100
22 0 100
22 20 100
22 100 100
22 120 100
22 140 100
33 10 100
33 90 100
33 110 100
33 130 100
33 150 100
33 170 100
44 20 100
44 80 100
44 100 100
44 120 100
44 140 100
44 160 100
55 30 100
55 50 100
55 70 100
55 90 100
55 110 100
55 130 100
55 150 100
55 170 100
55 190 100
66 0 100
66 80 100
66 100 100
66 120 100
66 140 100
66 160 100
66 180 100
66 199 100
77 10 100
77 30 100
77 70 100
77 90 100
77 110 100
77 130 100
77 150 100
77 170 100
77 190 100
88 0 100
88 20 100
88 100 100
88 120 100
88 140 100
88 160 100
88 180 100
88 199 100
99 10 100
99 90 100
99 110 100
99 130 100
99 150 100
99 170 100
99 190 100
110 0 100
110 20 100
110 40 100
110 100 100
110 120 100
110 140 100
110 160 100
110 180 100
110 199 100
121 10 100
121 30 100
121 110 100
121 170 100
121 190 100
132 0 100
132 20 100
132 40 100
132 80 100
132 100 100
132 120 100
132 180 100
132 199 100
143 30 100
143 70 100
143 90 100
143 110 100
154 40 100
154 60 100
154 80 100
154 100 100
154 120 100
154 199 100
165 10 100
165 30 100
165 50 100
165 70 100
165 90 100
165 110 100
176 20 100
176 40 100
176 60 100
176 80 100
176 100 100
176 199 100
187 30 100
187 50 100
187 70 100
187 90 100
198 0 100
198 40 100
198 60 100
198 80 100
198 100 100
198 199 100
166 52 40
166 52 168
166 52 296
166 52 424
166 52 552
5 59 40
116 15 40
116 15 168
116 15 296
199 152 40
101 37 40
86 79 40
28 164 40
28 164 168
160 181 40
29 85 40
191 118 40
142 145 40
8 185 40
28 85 40
27 85 40
26 85 40
25 85 40
24 85 40
23 85 40
22 85 40
21 85 40
20 85 40
19 85 40
18 85 40
17 85 40
16 85 40
15 85 40
15 84 40
15 83 40
15 82 40
15 81 40
15 80 40
15 79 40
15 78 40
15 77 40
15 76 40
15 75 40
15 74 40
15 73 40
15 72 40
15 71 40
15 70 40
14 70 40
14 69 40
13 69 40
12 69 40
11 69 40
11 68 40
10 68 40
9 68 40
9 67 40
9 66 40
9 65 40
9 64 40
9 63 40
8 63 40
8 62 40
7 62 40
6 62 40
5 62 40
5 61 40
5 60 40
86 78 40
86 77 40
86 76 40
86 75 40
86 74 40
86 73 40
86 72 40
86 71 40
86 70 40
86 69 40
86 68 40
86 67 40
86 66 40
86 65 40
86 64 40
86 63 40
85 63 40
84 63 40
83 63 40
82 63 40
81 63 40
80 63 40
79 63 40
78 63 40
78 63 168
77 63 40
77 63 168
76 63 40
76 63 168
75 63 40
75 63 168
74 63 40
74 63 168
73 63 40
73 63 168
72 63 40
72 63 168
71 63 40
71 63 168
70 63 40
69 63 40
68 63 40
67 63 40
66 63 40
65 63 40
64 63 40
63 63 40
63 63 168
62 63 40
62 63 168
61 63 40
61 63 168
60 63 40
60 63 168
59 63 40
59 63 168
58 63 40
58 63 168
57 63 40
57 63 168
56 63 40
56 63 168
55 63 40
55 63 168
54 63 40
54 63 168
53 63 40
53 63 168
52 63 40
52 63 168
51 63 40
51 63 168
50 63 40
50 63 168
49 63 40
49 63 168
48 63 40
48 63 168
47 63 40
47 63 168
46 63 40
46 63 168
45 63 40
45 63 168
44 63 40
44 63 168
43 63 40
43 63 168
42 63 40
42 63 168
41 63 40
41 63 168
40 63 40
39 63 40
38 63 40
37 63 40
36 63 40
35 63 40
34 63 40
33 63 40
32 63 40
31 63 40
30 63 40
29 63 40
28 63 40
27 63 40
26 63 40
25 63 40
24 63 40
23 63 40
22 63 40
21 63 40
20 63 40
19 63 40
18 63 40
17 63 40
16 63 40
15 63 40
14 63 40
13 63 40
12 63 40
11 63 40
10 63 40
100 37 40
99 37 40
99 37 168
99 38 40
98 38 40
98 38 168
98 39 40
97 39 40
97 39 168
97 40 40
96 40 40
96 40 168
96 41 40
95 41 40
95 42 40
94 42 40
94 43 40
93 43 40
93 44 40
92 44 40
92 44 168
92 45 40
92 45 168
91 45 40
91 45 168
91 46 40
91 46 168
91 47 40
91 47 168
90 47 40
90 47 168
90 48 40
90 48 168
89 48 40
89 48 168
89 49 40
89 49 168
89 50 40
89 50 168
88 50 40
88 50 168
87 50 40
87 50 168
86 50 40
86 50 168
86 51 40
86 51 168
86 52 40
86 52 168
86 53 40
86 53 168
86 54 40
86 54 168
86 55 40
86 56 40
86 57 40
86 58 40
86 59 40
86 60 40
86 61 40
86 62 40
141 145 40
140 145 40
139 145 40
138 145 40
137 145 40
136 145 40
135 145 40
134 145 40
134 144 40
133 144 40
133 143 40
133 142 40
132 142 40
131 142 40
131 141 40
130 141 40
130 140 40
130 139 40
129 139 40
129 138 40
128 138 40
128 137 40
127 137 40
127 136 40
126 136 40
126 135 40
125 135 40
125 134 40
124 134 40
124 133 40
123 133 40
123 132 40
123 131 40
122 131 40
122 131 168
122 130 40
122 130 168
121 129 40
121 129 168
121 128 40
121 128 168
120 128 40
120 128 168
120 127 40
120 127 168
120 126 40
120 126 168
120 125 40
120 125 168
119 125 40
119 125 168
119 124 40
119 124 168
119 123 40
119 123 168
119 122 40
119 122 168
118 122 40
118 122 168
118 121 40
118 121 168
118 120 40
118 120 168
118 119 40
118 119 168
118 118 40
118 118 168
117 118 40
117 118 168
117 117 40
117 117 168
117 116 40
117 116 168
116 116 40
116 116 168
116 115 40
116 115 168
116 114 40
116 114 168
116 113 40
116 113 168
116 112 40
116 112 168
116 111 40
116 111 168
116 110 40
116 110 168
116 109 40
116 109 168
116 108 40
116 108 168
116 107 40
116 107 168
116 106 40
116 106 168
116 105 40
116 105 168
116 104 40
116 104 168
116 103 40
116 103 168
116 102 40
116 102 168
116 102 296
116 101 40
116 101 168
116 101 296
116 100 40
116 100 168
116 100 296
116 99 40
116 99 168
116 99 296
116 98 40
116 98 168
116 97 40
116 97 168
116 96 40
116 96 168
116 95 40
116 95 168
116 94 40
116 94 168
116 93 40
116 93 168
116 92 40
116 92 168
116 91 40
116 91 168
116 90 40
116 90 168
116 89 40
116 88 40
116 87 40
116 87 168
116 86 40
116 86 168
116 85 40
116 85 168
116 84 40
116 83 40
116 82 40
116 81 40
116 80 40
116 79 40
116 78 40
115 78 40
114 78 40
113 78 40
112 78 40
112 78 168
111 78 40
111 78 168
110 78 40
110 78 168
109 78 40
108 78 40
107 78 40
106 78 40
105 78 40
104 78 40
103 78 40
102 78 40
101 78 40
100 78 40
99 78 40
98 78 40
97 78 40
96 78 40
95 78 40
94 78 40
93 78 40
92 78 40
91 78 40
90 78 40
89 78 40
88 78 40
87 78 40
160 180 40
160 179 40
160 178 40
160 177 40
160 176 40
160 175 40
160 174 40
160 173 40
160 172 40
160 171 40
160 170 40
160 169 40
160 168 40
160 167 40
160 166 40
160 165 40
160 164 40
160 163 40
160 162 40
160 161 40
160 160 40
160 159 40
160 158 40
160 157 40
159 157 40
159 156 40
158 156 40
157 156 40
157 155 40
156 155 40
155 155 40
154 155 40
153 155 40
152 155 40
151 155 40
150 155 40
150 154 40
149 154 40
148 154 40
148 153 40
148 152 40
148 151 40
148 150 40
147 150 40
146 150 40
145 150 40
145 149 40
144 149 40
144 148 40
143 148 40
143 147 40
143 146 40
143 145 40
198 152 40
197 152 40
196 152 40
195 152 40
194 152 40
193 152 40
192 152 40
191 152 40
190 152 40
189 152 40
188 152 40
187 152 40
186 152 40
185 152 40
184 152 40
183 152 40
182 152 40
181 152 40
180 152 40
179 152 40
178 152 40
177 152 40
176 152 40
175 152 40
174 152 40
173 152 40
172 152 40
171 152 40
170 152 40
169 152 40
168 152 40
167 152 40
166 152 40
165 152 40
164 152 40
163 152 40
162 152 40
162 153 40
161 153 40
161 154 40
161 155 40
160 155 40
159 155 40
191 119 40
191 120 40
191 121 40
191 122 40
191 123 40
191 124 40
191 125 40
191 126 40
191 127 40
191 128 40
191 129 40
191 130 40
191 131 40
191 132 40
191 133 40
191 134 40
191 135 40
191 136 40
191 137 40
191 138 40
191 139 40
191 140 40
191 141 40
191 142 40
191 143 40
191 144 40
191 145 40
191 146 40
191 147 40
191 148 40
191 149 40
191 150 40
191 151 40
7 185 40
6 185 40
5 185 40
4 185 40
3 185 40
3 184 40
2 184 40
2 183 40
1 183 40
0 183 40
0 182 40
0 181 40
0 179 40
0 178 40
0 177 40
0 176 40
0 175 40
0 174 40
0 173 40
0 172 40
0 171 40
0 171 168
0 170 40
0 170 168
0 169 40
0 169 168
0 168 40
0 168 168
0 167 40
0 167 168
0 166 40
0 166 168
0 165 40
0 165 168
0 164 40
0 164 168
0 163 40
0 163 168
0 162 40
0 162 168
0 161 40
0 161 168
0 159 40
0 159 168
0 158 40
0 158 168
0 157 40
0 157 168
0 157 296
0 156 40
0 156 168
0 156 296
0 155 40
0 155 168
0 155 296
0 154 40
0 154 168
0 154 296
0 153 40
0 153 168
0 152 40
0 152 168
0 152 296
0 151 40
0 151 168
0 151 296
0 150 40
0 150 168
0 150 296
0 149 40
0 149 168
0 149 296
0 148 40
0 148 168
0 148 296
0 147 40
0 147 168
0 147 296
0 147 424
0 146 40
0 146 168
0 146 296
0 146 424
0 145 40
0 145 168
0 145 296
0 145 424
0 144 40
0 144 168
0 144 296
0 144 424
0 143 40
0 143 168
0 143 296
0 143 424
0 142 40
0 142 168
0 142 296
0 142 424
0 141 40
0 141 168
0 141 296
0 141 424
0 140 40
0 140 168
0 140 296
0 139 40
0 139 168
0 139 296
0 139 424
0 138 40
0 138 168
0 138 296
0 138 424
0 137 40
0 137 168
0 137 296
0 137 424
0 136 40
0 136 168
0 136 296
0 136 424
0 135 40
0 135 168
0 135 296
0 135 424
0 134 40
0 134 168
0 134 296
0 134 424
0 133 40
0 133 168
0 133 296
0 133 424
0 132 40
0 132 168
0 132 296
0 132 424
0 131 40
0 131 168
0 131 296
0 131 424
0 130 40
0 130 168
0 130 296
0 130 424
0 129 40
0 129 168
0 129 296
0 129 424
0 128 40
0 128 168
0 128 296
0 128 424
0 127 40
0 127 168
0 127 296
0 127 424
0 126 40
0 126 168
0 126 296
0 126 424
0 125 40
0 125 168
0 125 296
0 125 424
0 124 40
0 124 168
0 124 296
0 124 424
0 123 40
0 123 168
0 123 296
0 123 424
0 122 40
0 122 168
0 122 296
0 122 424
0 121 40
0 121 168
0 121 296
0 121 424
0 120 40
0 120 168
0 120 296
0 119 40
0 119 168
0 119 296
0 118 40
0 118 168
0 118 296
0 117 40
0 117 168
0 117 296
0 116 40
0 116 168
0 115 40
0 115 168
0 114 40
0 114 168
0 113 40
0 113 168
0 112 40
0 112 168
0 111 40
0 111 168
0 110 40
0 110 168
0 109 40
0 109 168
0 108 40
0 108 168
0 107 40
0 107 168
0 106 40
0 106 168
0 105 40
0 105 168
0 104 40
0 104 168
0 103 40
0 102 40
0 101 40
0 99 40
0 98 40
0 97 40
0 96 40
0 95 40
1 95 40
2 95 40
2 94 40
2 93 40
2 92 40
3 92 40
4 92 40
4 91 40
5 91 40
6 91 40
6 90 40
7 90 40
7 89 40
8 89 40
8 88 40
9 88 40
10 88 40
11 88 40
11 87 40
12 87 40
12 86 40
12 85 40
13 85 40
14 85 40
28 165 40
28 165 168
27 165 40
27 165 168
26 165 40
26 165 168
25 165 40
25 165 168
24 165 40
24 166 40
23 166 40
23 167 40
22 167 40
22 168 40
21 168 40
21 169 40
20 169 40
20 170 40
19 170 40
19 171 40
18 171 40
17 171 40
16 171 40
15 171 40
14 171 40
13 171 40
12 171 40
11 171 40
10 171 40
9 171 40
8 171 40
7 171 40
6 171 40
5 171 40
4 171 40
3 171 40
2 171 40
1 171 40
1 171 168
