0 0 100
0 20 100
0 40 100
0 60 100
0 80 100
0 100 100
0 120 100
0 140 100
0 160 100
0 180 100
0 199 100
11 10 100
11 30 100
11 50 100
11 70 100
11 90 100
11 110 100
11 130 100
11 150 100
11 170 100
11 190 100
22 0 100
22 20 100
22 40 100
22 60 100
22 80 100
22 100 100
22 120 100
22 140 100
22 160 100
22 180 100
22 199 100
33 10 100
33 30 100
33 50 100
33 70 100
33 90 100
33 110 100
33 130 100
33 150 100
33 170 100
33 190 100
44 0 100
44 20 100
44 40 100
44 60 100
44 80 100
44 100 100
44 120 100
44 140 100
44 160 100
44 180 100
44 199 100
55 10 100
55 30 100
55 50 100
55 70 100
55 90 100
55 110 100
55 130 100
55 150 100
55 170 100
55 190 100
66 0 100
66 20 100
66 40 100
66 60 100
66 80 100
66 100 100
66 120 100
66 140 100
66 160 100
66 180 100
66 199 100
77 10 100
77 30 100
77 50 100
77 70 100
77 90 100
77 110 100
77 130 100
77 150 100
77 170 100
77 190 100
88 0 100
88 20 100
88 40 100
88 60 100
88 80 100
88 100 100
88 120 100
88 140 100
88 160 100
88 180 100
88 199 100
99 10 100
99 30 100
99 50 100
99 70 100
99 90 100
99 110 100
99 130 100
99 150 100
99 170 100
99 190 100
110 0 100
110 20 100
110 40 100
110 60 100
110 80 100
110 100 100
110 120 100
110 140 100
110 160 100
110 180 100
110 199 100
121 10 100
121 30 100
121 50 100
121 70 100
121 90 100
121 110 100
121 130 100
121 150 100
121 170 100
121 190 100
132 0 100
132 20 100
132 40 100
132 60 100
132 80 100
132 100 100
132 120 100
132 140 100
132 160 100
132 180 100
132 199 100
143 10 100
143 30 100
143 50 100
143 70 100
143 90 100
143 110 100
143 130 100
143 150 100
143 170 100
143 190 100
154 0 100
154 20 100
154 40 100
154 60 100
154 80 100
154 100 100
154 120 100
154 140 100
154 160 100
154 180 100
154 199 100
165 10 100
165 30 100
165 50 100
165 70 100
165 90 100
165 110 100
165 130 100
165 150 100
165 170 100
165 190 100
176 0 100
176 20 100
176 40 100
176 60 100
176 80 100
176 100 100
176 120 100
176 140 100
176 160 100
176 180 100
176 199 100
187 10 100
187 30 100
187 50 100
187 70 100
187 90 100
187 110 100
187 130 100
187 150 100
187 170 100
187 190 100
198 0 100
198 20 100
198 40 100
198 60 100
198 80 100
198 100 100
198 120 100
198 140 100
198 160 100
198 180 100
198 199 100
0 0 100
0 20 100
0 40 100
0 60 100
0 80 100
0 100 100
0 120 100
0 140 100
0 160 100
0 199 100
11 10 100
11 50 100
11 70 100
11 110 100
11 130 100
11 170 100
22 0 100
22 40 100
22 60 100
22 100 100
22 160 100
22 199 100
33 10 100
33 50 100
33 90 100
33 110 100
33 130 100
33 150 100
33 190 100
44 0 100
44 40 100
44 100 100
44 120 100
44 140 100
44 180 100
44 199 100
55 10 100
55 30 100
55 70 100
55 90 100
55 110 100
55 130 100
55 170 100
55 190 100
66 0 100
66 20 100
66 40 100
66 60 100
66 80 100
66 100 100
66 180 100
77 10 100
77 30 100
77 50 100
77 70 100
77 90 100
77 110 100
77 150 100
77 190 100
88 0 100
88 20 100
88 80 100
88 100 100
88 120 100
88 140 100
88 160 100
88 199 100
99 10 100
99 70 100
99 90 100
99 110 100
99 130 100
99 150 100
99 170 100
99 190 100
110 0 100
110 20 100
110 40 100
110 60 100
110 80 100
110 100 100
110 140 100
110 180 100
121 10 100
121 30 100
121 50 100
121 70 100
121 150 100
132 20 100
132 40 100
132 60 100
132 100 100
132 140 100
132 160 100
132 180 100
143 10 100
143 30 100
143 50 100
143 70 100
143 90 100
143 110 100
143 130 100
143 170 100
143 190 100
154 0 100
154 40 100
154 80 100
154 100 100
154 120 100
154 140 100
154 180 100
154 199 100
165 10 100
165 50 100
165 70 100
165 90 100
165 110 100
165 130 100
165 170 100
165 190 100
176 0 100
176 20 100
176 40 100
176 60 100
176 80 100
176 100 100
176 120 100
176 180 100
187 10 100
187 50 100
187 70 100
187 90 100
187 110 100
187 130 100
187 170 100
187 190 100
198 0 100
198 20 100
198 40 100
198 60 100
198 140 100
198 180 100
198 199 100
160 33 40
160 33 72
194 94 40
19 135 40
30 18 40
30 18 72
107 51 40
22 75 40
22 75 72
166 158 40
19 193 40
166 157 40
166 156 40
166 155 40
166 154 40
167 154 40
167 153 40
168 153 40
169 153 40
169 152 40
170 152 40
171 152 40
172 152 40
173 152 40
174 152 40
175 152 40
176 152 40
177 152 40
178 152 40
179 152 40
180 152 40
181 152 40
182 152 40
183 152 40
184 152 40
185 152 40
186 152 40
187 152 40
188 152 40
189 152 40
190 152 40
191 152 40
192 152 40
193 152 40
193 151 40
193 150 40
193 149 40
193 148 40
193 148 72
193 147 40
193 147 72
193 146 40
193 146 72
193 146 104
193 145 40
193 145 72
193 145 104
193 145 136
193 144 40
193 144 72
193 144 104
193 144 136
193 144 168
193 143 40
193 143 72
193 143 104
193 143 136
193 143 168
193 143 200
193 142 40
193 142 72
193 142 104
193 142 136
193 142 168
193 142 200
193 142 232
193 141 40
193 141 72
193 141 104
193 141 136
193 141 168
193 141 200
193 141 232
193 141 264
193 140 40
193 140 72
193 140 104
193 140 136
193 140 168
193 140 200
193 140 232
193 140 264
193 140 296
193 139 40
193 139 72
193 139 104
193 139 136
193 139 168
193 139 200
193 139 232
193 139 264
193 139 296
193 139 328
193 139 360
193 138 40
193 138 72
193 138 104
193 138 136
193 138 168
193 138 200
193 138 232
193 138 264
193 138 296
193 138 328
193 138 360
193 137 40
193 137 72
193 137 104
193 137 136
193 137 168
193 137 200
193 137 232
193 137 264
193 137 296
193 137 328
193 137 360
193 137 392
193 136 40
193 136 72
193 136 104
193 136 136
193 136 168
193 136 200
193 136 232
193 136 264
193 136 296
193 136 328
193 136 360
193 136 392
193 135 40
193 135 72
193 135 104
193 135 136
193 135 168
193 135 200
193 135 232
193 135 264
193 135 296
193 135 328
193 135 360
193 135 392
193 134 40
193 134 72
193 134 104
193 134 136
193 134 168
193 134 200
193 134 232
193 134 264
193 134 296
193 134 328
193 134 360
193 133 40
193 133 72
193 133 104
193 133 136
193 133 168
193 133 200
193 133 232
193 133 264
193 133 296
193 133 328
193 132 40
193 132 72
193 132 104
193 132 136
193 132 168
193 132 200
193 132 232
193 132 264
193 132 296
193 131 40
193 131 72
193 131 104
193 131 136
193 131 168
193 131 200
193 131 232
193 131 264
193 130 40
193 130 72
193 130 104
193 130 136
193 130 168
193 130 200
193 129 40
193 129 72
193 129 104
193 129 136
193 129 168
193 128 40
193 128 72
193 128 104
194 128 40
194 128 72
194 128 104
194 127 40
194 127 72
195 127 40
195 127 72
195 127 104
195 126 40
195 126 72
196 126 40
196 126 72
196 125 40
197 125 40
197 125 72
197 124 40
197 123 40
198 123 40
198 122 40
199 122 40
199 121 40
199 120 40
199 119 40
199 118 40
199 117 40
199 116 40
199 115 40
199 114 40
199 113 40
199 112 40
199 111 40
199 110 40
199 109 40
199 108 40
199 107 40
199 106 40
199 105 40
199 104 40
199 103 40
199 102 40
199 101 40
199 100 40
199 99 40
199 98 40
199 97 40
198 97 40
197 97 40
197 96 40
196 96 40
196 95 40
195 95 40
195 94 40
106 51 40
106 52 40
106 53 40
106 54 40
106 55 40
106 56 40
106 57 40
106 58 40
106 59 40
106 59 72
106 60 40
106 60 72
106 61 40
106 61 72
106 62 40
106 62 72
106 63 40
106 63 72
106 63 104
106 64 40
106 64 72
106 64 104
106 65 40
106 65 72
106 65 104
106 65 136
106 66 40
106 66 72
106 66 104
106 66 136
106 66 168
106 67 40
106 67 72
106 67 104
106 67 136
106 67 168
106 67 200
106 68 40
106 68 72
106 68 104
106 68 136
106 68 168
106 68 200
106 69 40
106 69 72
106 69 104
106 69 136
106 69 168
106 69 200
106 69 232
106 70 40
106 70 72
106 70 104
106 70 136
106 70 168
106 70 200
106 70 232
106 70 264
106 71 40
106 71 72
106 71 104
106 71 136
106 71 168
106 71 200
106 71 232
106 71 264
106 72 40
106 72 72
106 72 104
106 72 136
106 72 168
106 72 200
106 72 232
106 72 264
106 73 40
106 73 72
106 73 104
106 73 136
106 73 168
106 73 200
106 73 232
106 74 40
106 74 72
106 74 104
106 74 136
106 74 168
106 74 200
106 74 232
106 75 40
106 75 72
106 75 104
106 75 136
106 75 168
106 75 200
107 75 40
107 75 72
107 75 104
107 75 136
107 75 168
107 75 200
107 76 40
107 76 72
107 76 104
107 76 136
107 76 168
107 76 200
107 77 40
107 77 72
107 77 104
107 77 136
107 77 168
108 77 40
108 77 72
108 77 104
108 77 136
108 77 168
108 78 40
108 78 72
108 78 104
108 78 136
109 78 40
109 78 72
109 78 104
109 78 136
109 79 40
109 79 72
109 79 104
110 79 40
110 79 72
110 79 104
111 80 40
111 80 72
111 80 104
111 81 40
111 81 72
112 81 40
112 81 72
112 82 40
112 82 72
113 82 40
113 82 72
113 83 40
113 83 72
114 83 40
114 84 40
115 84 40
115 85 40
116 85 40
116 86 40
117 86 40
118 86 40
118 87 40
119 87 40
120 87 40
120 88 40
121 88 40
122 88 40
123 88 40
123 89 40
123 90 40
123 91 40
123 92 40
123 93 40
123 93 72
123 94 40
123 94 72
123 95 40
123 95 72
123 95 104
123 96 40
123 96 72
123 96 104
123 97 40
123 97 72
123 97 104
123 97 136
123 98 40
123 98 72
123 98 104
123 98 136
123 99 40
123 99 72
123 99 104
123 99 136
123 100 40
123 100 72
123 100 104
123 100 136
123 100 168
123 101 40
123 101 72
123 101 104
123 101 136
123 101 168
123 102 40
123 102 72
123 102 104
123 102 136
123 102 168
123 103 40
123 103 72
123 103 104
123 103 136
123 104 40
123 104 72
123 104 104
123 104 136
123 105 40
123 105 72
123 105 104
123 106 40
123 106 72
123 106 104
123 107 40
123 107 72
123 108 40
123 108 72
123 109 40
123 109 72
123 110 40
123 111 40
123 112 40
123 113 40
123 114 40
123 115 40
123 116 40
123 117 40
123 118 40
123 119 40
123 120 40
123 121 40
123 122 40
124 122 40
124 123 40
125 123 40
125 124 40
126 124 40
126 125 40
127 125 40
128 125 40
128 125 72
129 125 40
129 125 72
130 125 40
130 125 72
131 125 40
131 125 72
132 125 40
132 125 72
133 125 40
133 125 72
133 126 40
133 126 72
133 126 104
134 126 40
134 126 72
134 126 104
135 126 40
135 126 72
135 126 104
136 126 40
136 126 72
136 126 104
136 127 40
136 127 72
136 127 104
136 127 136
137 127 40
137 127 72
137 127 104
137 127 136
137 128 40
137 128 72
137 128 104
137 128 136
137 128 168
138 128 40
138 128 72
138 128 104
138 128 136
138 128 168
138 129 40
138 129 72
138 129 104
138 129 136
138 129 168
138 130 40
138 130 72
138 130 104
138 130 136
138 130 168
138 130 200
138 131 40
138 131 72
138 131 104
138 131 136
138 131 168
138 131 200
138 132 40
138 132 72
138 132 104
138 132 136
138 132 168
138 132 200
138 133 40
138 133 72
138 133 104
138 133 136
138 133 168
138 133 200
138 134 40
138 134 72
138 134 104
138 134 136
138 134 168
138 134 200
138 135 40
138 135 72
138 135 104
138 135 136
138 135 168
138 136 40
138 136 72
138 136 104
138 136 136
138 136 168
138 137 40
138 137 72
138 137 104
138 137 136
138 138 40
138 138 72
138 138 104
138 138 136
138 139 40
138 139 72
138 139 104
138 139 136
138 140 40
138 140 72
138 140 104
138 141 40
138 141 72
138 141 104
138 142 40
138 142 72
138 142 104
138 143 40
138 143 72
138 144 40
138 144 72
138 145 40
138 145 72
138 146 40
138 146 72
139 146 40
139 146 72
139 147 40
139 147 72
140 147 40
140 147 72
140 148 40
140 148 72
141 148 40
141 148 72
141 149 40
141 149 72
142 149 40
142 149 72
143 149 40
143 149 72
144 150 40
144 150 72
144 151 40
144 151 72
145 151 40
145 151 72
145 152 40
145 152 72
146 152 40
146 152 72
146 153 40
146 153 72
147 153 40
147 153 72
147 154 40
147 154 72
148 154 40
148 155 40
148 155 72
149 155 40
149 156 40
149 156 72
150 156 40
151 156 40
151 157 40
152 157 40
153 157 40
154 157 40
155 157 40
156 157 40
157 157 40
158 157 40
159 157 40
160 157 40
161 157 40
162 157 40
163 157 40
164 157 40
165 157 40
23 75 40
23 75 72
24 75 40
24 75 72
25 75 40
26 75 40
27 75 40
28 75 40
29 75 40
30 75 40
31 75 40
32 75 40
33 75 40
33 74 40
34 74 40
35 74 40
35 73 40
36 73 40
37 73 40
37 72 40
38 72 40
38 71 40
38 70 40
39 70 40
39 69 40
40 69 40
40 68 40
41 68 40
41 67 40
42 67 40
42 66 40
42 65 40
43 65 40
43 64 40
44 64 40
44 63 40
45 63 40
45 62 40
46 62 40
46 61 40
47 61 40
47 60 40
48 60 40
48 59 40
49 59 40
49 58 40
50 58 40
51 58 40
51 57 40
52 57 40
52 56 40
53 56 40
53 55 40
54 55 40
54 54 40
55 54 40
55 53 40
56 53 40
56 52 40
57 52 40
58 52 40
59 52 40
60 52 40
61 52 40
62 52 40
63 52 40
64 52 40
64 52 72
65 52 40
65 52 72
66 52 40
66 52 72
67 52 40
67 52 72
68 52 40
68 52 72
68 52 104
69 52 40
69 52 72
69 52 104
70 52 40
70 52 72
70 52 104
71 52 40
71 52 72
71 52 104
71 52 136
72 52 40
72 52 72
72 52 104
72 52 136
73 52 40
73 52 72
73 52 104
73 52 136
74 52 40
74 52 72
74 52 104
74 52 136
75 52 40
75 52 72
75 52 104
76 52 40
76 52 72
76 52 104
77 52 40
77 52 72
77 52 104
78 52 40
78 52 72
79 52 40
79 52 72
80 52 40
80 52 72
81 52 40
82 52 40
83 52 40
84 52 40
85 52 40
86 52 40
87 52 40
88 52 40
89 52 40
90 52 40
91 52 40
92 52 40
93 52 40
94 52 40
95 52 40
96 52 40
97 52 40
98 52 40
99 52 40
100 52 40
101 52 40
102 52 40
103 52 40
104 52 40
105 52 40
19 192 40
19 191 40
19 190 40
19 189 40
19 188 40
19 187 40
19 186 40
20 186 40
20 185 40
21 185 40
21 184 40
22 184 40
22 183 40
23 183 40
23 182 40
24 182 40
24 181 40
25 181 40
25 180 40
26 180 40
26 179 40
27 179 40
27 178 40
28 178 40
29 178 40
29 177 40
30 177 40
30 176 40
31 176 40
31 175 40
32 175 40
32 174 40
33 174 40
33 173 40
34 173 40
34 172 40
34 172 72
35 172 40
35 171 40
35 171 72
36 171 40
36 170 40
36 170 72
37 170 40
37 169 40
37 169 72
38 169 40
38 168 40
39 168 40
40 168 40
40 167 40
41 167 40
41 166 40
42 166 40
42 165 40
43 165 40
43 164 40
44 164 40
44 163 40
45 163 40
45 162 40
46 162 40
46 161 40
47 161 40
47 160 40
48 160 40
48 159 40
49 159 40
50 159 40
50 158 40
51 158 40
51 157 40
52 157 40
52 156 40
53 156 40
54 156 40
54 155 40
55 155 40
55 154 40
56 154 40
57 154 40
57 153 40
58 153 40
59 153 40
59 152 40
60 152 40
60 151 40
60 150 40
61 150 40
61 149 40
62 149 40
62 148 40
63 148 40
63 147 40
64 147 40
64 146 40
64 145 40
65 145 40
65 144 40
66 144 40
66 143 40
67 143 40
67 142 40
68 142 40
68 141 40
69 141 40
69 140 40
70 140 40
70 139 40
71 139 40
71 138 40
72 138 40
72 137 40
73 137 40
73 136 40
73 135 40
74 135 40
74 134 40
75 134 40
75 133 40
76 133 40
76 132 40
76 131 40
77 131 40
78 131 40
78 130 40
79 130 40
80 130 40
80 129 40
81 129 40
81 128 40
82 128 40
83 128 40
83 127 40
84 127 40
84 126 40
85 126 40
86 126 40
86 125 40
87 125 40
87 124 40
88 124 40
88 124 72
88 123 40
88 123 72
89 123 40
89 123 72
89 122 40
89 122 72
89 122 104
90 122 40
90 122 72
90 122 104
90 122 136
91 122 40
91 122 72
91 122 104
91 122 136
91 122 168
92 122 40
92 122 72
92 122 104
92 122 136
92 122 168
92 122 200
93 122 40
93 122 72
93 122 104
93 122 136
93 122 168
93 122 200
93 122 232
94 122 40
94 122 72
94 122 104
94 122 136
94 122 168
94 122 200
94 122 232
94 122 264
95 122 40
95 122 72
95 122 104
95 122 136
95 122 168
95 122 200
95 122 232
95 122 264
96 122 40
96 122 72
96 122 104
96 122 136
96 122 168
96 122 200
96 122 232
96 122 264
97 122 40
97 122 72
97 122 104
97 122 136
97 122 168
97 122 200
97 122 232
97 122 264
98 122 40
98 122 72
98 122 104
98 122 136
98 122 168
98 122 200
98 122 232
98 122 264
99 122 40
99 122 72
99 122 104
99 122 136
99 122 168
99 122 200
99 122 232
100 122 40
100 122 72
100 122 104
100 122 136
100 122 168
100 122 200
101 122 40
101 122 72
101 122 104
101 122 136
101 122 168
102 122 40
102 122 72
102 122 104
102 122 136
102 122 168
103 122 40
103 122 72
103 122 104
103 122 136
104 122 40
104 122 72
104 122 104
105 122 40
105 122 72
106 122 40
106 122 72
107 122 40
107 122 72
108 122 40
109 122 40
110 122 40
111 122 40
112 122 40
113 122 40
114 122 40
115 122 40
116 122 40
117 122 40
118 122 40
119 122 40
120 122 40
121 122 40
122 122 40
19 136 40
19 137 40
19 138 40
19 139 40
19 140 40
19 141 40
19 142 40
19 143 40
19 144 40
19 145 40
19 146 40
19 147 40
18 147 40
18 148 40
17 148 40
16 148 40
16 149 40
15 149 40
15 150 40
15 150 72
14 150 40
14 150 72
14 151 40
14 151 72
13 151 40
13 151 72
13 152 40
13 152 72
13 152 104
12 152 40
12 152 72
12 152 104
12 153 40
12 153 72
12 153 104
11 153 40
11 153 72
11 153 104
11 153 136
11 154 40
11 154 72
11 154 104
11 154 136
10 154 40
10 154 72
10 154 104
10 154 136
10 154 168
10 155 40
10 155 72
10 155 104
10 155 136
10 155 168
9 155 40
9 155 72
9 155 104
9 155 136
9 155 168
9 156 40
9 156 72
9 156 104
9 156 136
9 156 168
9 156 200
8 156 40
8 156 72
8 156 104
8 156 136
8 156 168
8 156 200
7 156 40
7 156 72
7 156 104
7 156 136
7 156 168
7 156 200
7 157 40
7 157 72
7 157 104
7 157 136
7 157 168
7 157 200
7 157 232
6 157 40
6 157 72
6 157 104
6 157 136
6 157 168
6 157 200
6 158 40
6 158 72
6 158 104
6 158 136
6 158 168
6 158 200
6 158 232
5 158 40
5 158 72
5 158 104
5 158 136
5 158 168
5 158 200
4 158 40
4 158 72
4 158 104
4 158 136
4 158 168
4 158 200
4 159 40
4 159 72
4 159 104
4 159 136
4 159 168
4 159 200
3 159 40
3 159 72
3 159 104
3 159 136
3 159 168
3 160 40
3 160 72
3 160 104
3 160 136
3 160 168
2 160 40
2 160 72
2 160 104
2 160 136
1 160 40
1 160 72
1 160 104
1 160 136
0 161 40
0 161 72
0 161 104
0 162 40
0 162 72
0 162 104
0 163 40
0 163 72
0 163 104
0 164 40
0 164 72
0 164 104
0 165 40
0 165 72
0 165 104
0 166 40
0 166 72
0 167 40
0 167 72
0 168 40
0 168 72
0 169 40
0 170 40
0 171 40
0 172 40
0 173 40
0 174 40
0 175 40
0 176 40
0 177 40
0 178 40
0 179 40
0 181 40
0 182 40
0 183 40
0 184 40
0 184 72
1 184 40
1 184 72
1 185 40
1 185 72
2 185 40
2 185 72
3 185 40
3 185 72
4 185 40
4 185 72
4 186 40
4 186 72
5 186 40
5 186 72
6 186 40
6 186 72
7 186 40
7 186 72
7 187 40
7 187 72
8 187 40
8 187 72
9 187 40
9 188 40
10 188 40
11 188 40
12 188 40
13 188 40
14 188 40
15 188 40
16 188 40
17 188 40
18 188 40
30 19 40
30 19 72
30 20 40
30 21 40
30 22 40
30 23 40
30 24 40
30 25 40
30 26 40
30 27 40
31 27 40
32 27 40
32 28 40
33 28 40
34 28 40
35 28 40
36 28 40
37 28 40
38 28 40
39 28 40
40 28 40
41 28 40
42 28 40
43 28 40
43 29 40
43 29 72
43 30 40
43 30 72
43 31 40
43 31 72
43 31 104
43 32 40
43 32 72
43 32 104
43 33 40
43 33 72
43 33 104
43 33 136
43 34 40
43 34 72
43 34 104
43 34 136
43 34 168
43 35 40
43 35 72
43 35 104
43 35 136
43 35 168
43 36 40
43 36 72
43 36 104
43 36 136
43 36 168
43 36 200
43 37 40
43 37 72
43 37 104
43 37 136
43 37 168
43 37 200
43 38 40
43 38 72
43 38 104
43 38 136
43 38 168
43 38 200
43 38 232
43 39 40
43 39 72
43 39 104
43 39 136
43 39 168
43 39 200
43 39 232
43 40 40
43 40 72
43 40 104
43 40 136
43 40 168
43 40 200
43 40 232
43 40 264
43 41 40
43 41 72
43 41 104
43 41 136
43 41 168
43 41 200
43 41 232
43 41 264
43 42 40
43 42 72
43 42 104
43 42 136
43 42 168
43 42 200
43 42 232
43 42 264
43 43 40
43 43 72
43 43 104
43 43 136
43 43 168
43 43 200
43 43 232
43 44 40
43 44 72
43 44 104
43 44 136
43 44 168
43 44 200
43 44 232
43 45 40
43 45 72
43 45 104
43 45 136
43 45 168
43 45 200
43 46 40
43 46 72
43 46 104
43 46 136
43 46 168
43 47 40
43 47 72
43 47 104
43 47 136
43 47 168
43 48 40
43 48 72
43 48 104
43 48 136
43 49 40
43 49 72
43 49 104
43 50 40
43 50 72
43 50 104
43 51 40
43 51 72
43 52 40
43 52 72
43 53 40
43 53 72
43 54 40
43 55 40
43 56 40
43 57 40
43 58 40
43 59 40
43 60 40
43 61 40
43 62 40
43 63 40
