0 0 100
0 20 100
0 40 100
0 60 100
0 80 100
0 100 100
0 120 100
0 140 100
0 160 100
0 180 100
0 199 100
11 10 100
11 30 100
11 50 100
11 70 100
11 90 100
11 110 100
11 130 100
11 150 100
11 170 100
11 190 100
22 0 100
22 20 100
22 40 100
22 60 100
22 80 100
22 100 100
22 120 100
22 140 100
22 160 100
22 180 100
22 199 100
33 10 100
33 30 100
33 50 100
33 70 100
33 90 100
33 110 100
33 130 100
33 150 100
33 170 100
33 190 100
44 0 100
44 20 100
44 40 100
44 60 100
44 80 100
44 100 100
44 120 100
44 140 100
44 160 100
44 180 100
44 199 100
55 10 100
55 30 100
55 50 100
55 70 100
55 90 100
55 110 100
55 130 100
55 150 100
55 170 100
55 190 100
66 0 100
66 20 100
66 40 100
66 60 100
66 80 100
66 100 100
66 120 100
66 140 100
66 160 100
66 180 100
66 199 100
77 10 100
77 30 100
77 50 100
77 70 100
77 90 100
77 110 100
77 130 100
77 150 100
77 170 100
77 190 100
88 0 100
88 20 100
88 40 100
88 60 100
88 80 100
88 100 100
88 120 100
88 140 100
88 160 100
88 180 100
88 199 100
99 10 100
99 30 100
99 50 100
99 70 100
99 90 100
99 110 100
99 130 100
99 150 100
99 170 100
99 190 100
110 0 100
110 20 100
110 40 100
110 60 100
110 80 100
110 100 100
110 120 100
110 140 100
110 160 100
110 180 100
110 199 100
121 10 100
121 30 100
121 50 100
121 70 100
121 90 100
121 110 100
121 130 100
121 150 100
121 170 100
121 190 100
132 0 100
132 20 100
132 40 100
132 60 100
132 80 100
132 100 100
132 120 100
132 140 100
132 160 100
132 180 100
132 199 100
143 10 100
143 30 100
143 50 100
143 70 100
143 90 100
143 110 100
143 130 100
143 150 100
143 170 100
143 190 100
154 0 100
154 20 100
154 40 100
154 60 100
154 80 100
154 100 100
154 120 100
154 140 100
154 160 100
154 180 100
154 199 100
165 10 100
165 30 100
165 50 100
165 70 100
165 90 100
165 110 100
165 130 100
165 150 100
165 170 100
165 190 100
176 0 100
176 20 100
176 40 100
176 60 100
176 80 100
176 100 100
176 120 100
176 140 100
176 160 100
176 180 100
176 199 100
187 10 100
187 30 100
187 50 100
187 70 100
187 90 100
187 110 100
187 130 100
187 150 100
187 170 100
187 190 100
198 0 100
198 20 100
198 40 100
198 60 100
198 80 100
198 100 100
198 120 100
198 140 100
198 160 100
198 180 100
198 199 100
0 0 100
0 60 100
0 80 100
0 100 100
0 120 100
0 140 100
0 160 100
0 180 100
0 199 100
11 50 100
11 70 100
11 90 100
11 110 100
11 130 100
11 150 100
11 170 100
11 190 100
22 0 100
22 20 100
22 40 100
22 60 100
22 80 100
22 100 100
22 120 100
22 140 100
22 160 100
22 180 100
33 10 100
33 30 100
33 50 100
33 70 100
33 90 100
33 110 100
33 130 100
33 150 100
33 170 100
44 0 100
44 20 100
44 40 100
44 60 100
44 80 100
44 100 100
44 120 100
44 140 100
44 160 100
44 180 100
44 199 100
55 10 100
55 30 100
55 50 100
55 70 100
55 90 100
55 110 100
55 130 100
55 150 100
55 170 100
55 190 100
66 0 100
66 20 100
66 40 100
66 60 100
66 80 100
66 100 100
66 120 100
66 140 100
66 160 100
66 180 100
66 199 100
77 10 100
77 30 100
77 50 100
77 70 100
77 90 100
77 110 100
77 150 100
77 170 100
77 190 100
88 0 100
88 20 100
88 40 100
88 60 100
88 80 100
88 100 100
88 140 100
88 160 100
88 180 100
88 199 100
99 10 100
99 30 100
99 50 100
99 70 100
99 90 100
99 130 100
99 150 100
99 170 100
99 190 100
110 20 100
110 40 100
110 60 100
110 80 100
110 100 100
110 140 100
110 160 100
110 180 100
121 30 100
121 50 100
121 70 100
121 90 100
121 110 100
121 130 100
121 150 100
132 0 100
132 40 100
132 100 100
132 120 100
132 140 100
132 199 100
143 10 100
143 30 100
143 50 100
143 90 100
143 110 100
143 130 100
143 150 100
143 190 100
154 0 100
154 20 100
154 40 100
154 60 100
154 100 100
154 120 100
154 140 100
154 160 100
154 180 100
154 199 100
165 10 100
165 30 100
165 50 100
165 70 100
165 130 100
165 150 100
165 170 100
165 190 100
176 0 100
176 20 100
176 40 100
176 60 100
176 80 100
176 100 100
176 140 100
176 160 100
176 180 100
176 199 100
187 10 100
187 30 100
187 50 100
187 70 100
187 90 100
187 150 100
187 170 100
187 190 100
198 0 100
198 20 100
198 40 100
198 60 100
198 80 100
198 100 100
198 160 100
198 180 100
198 199 100
99 119 40
40 44 40
40 44 42
40 44 44
40 44 46
180 110 40
137 20 40
137 20 42
137 20 44
193 60 40
193 60 42
193 60 44
113 165 40
113 165 42
113 165 44
113 165 46
113 165 48
113 165 50
113 165 52
143 82 40
18 178 40
18 178 42
18 178 44
18 178 46
142 82 40
141 82 40
141 82 42
140 82 40
140 82 42
139 82 40
139 82 42
138 82 40
138 82 42
137 82 40
137 82 42
136 82 40
136 82 42
136 83 40
136 83 42
136 83 44
135 83 40
135 83 42
135 83 44
135 83 46
135 84 40
135 84 42
135 84 44
135 84 46
134 84 40
134 84 42
134 84 44
134 84 46
134 84 48
133 84 40
133 84 42
133 84 44
133 84 46
133 84 48
133 84 50
133 85 40
133 85 42
133 85 44
133 85 46
133 85 48
133 85 50
133 85 52
133 85 54
132 85 40
132 85 42
132 85 44
132 85 46
132 85 48
132 85 50
132 85 52
132 85 54
132 86 40
132 86 42
132 86 44
132 86 46
132 86 48
132 86 50
132 86 52
132 86 54
132 86 56
132 86 58
131 86 40
131 86 42
131 86 44
131 86 46
131 86 48
131 86 50
131 86 52
131 86 54
131 86 56
131 86 58
131 86 60
131 87 40
131 87 42
131 87 44
131 87 46
131 87 48
131 87 50
131 87 52
131 87 54
131 87 56
131 87 58
131 87 60
131 87 62
130 87 40
130 87 42
130 87 44
130 87 46
130 87 48
130 87 50
130 87 52
130 87 54
130 87 56
130 87 58
130 87 60
130 87 62
130 87 64
130 88 40
130 88 42
130 88 44
130 88 46
130 88 48
130 88 50
130 88 52
130 88 54
130 88 56
130 88 58
130 88 60
130 88 62
130 88 64
130 88 66
129 88 40
129 88 42
129 88 44
129 88 46
129 88 48
129 88 50
129 88 52
129 88 54
129 88 56
129 88 58
129 88 60
129 88 62
129 88 64
129 88 66
128 88 40
128 88 42
128 88 44
128 88 46
128 88 48
128 88 50
128 88 52
128 88 54
128 88 56
128 88 58
128 88 60
128 88 62
128 88 64
128 89 40
128 89 42
128 89 44
128 89 46
128 89 48
128 89 50
128 89 52
128 89 54
128 89 56
128 89 58
128 89 60
128 89 62
128 89 64
128 89 66
127 89 40
127 89 42
127 89 44
127 89 46
127 89 48
127 89 50
127 89 52
127 89 54
127 89 56
127 89 58
127 89 60
127 89 62
127 89 64
127 89 66
127 90 40
127 90 42
127 90 44
127 90 46
127 90 48
127 90 50
127 90 52
127 90 54
127 90 56
127 90 58
127 90 60
127 90 62
127 90 64
127 90 66
126 90 40
126 90 42
126 90 44
126 90 46
126 90 48
126 90 50
126 90 52
126 90 54
126 90 56
126 90 58
126 90 60
126 90 62
126 90 64
126 90 66
126 91 40
126 91 42
126 91 44
126 91 46
126 91 48
126 91 50
126 91 52
126 91 54
126 91 56
126 91 58
126 91 60
126 91 62
126 91 64
126 91 66
125 91 40
125 91 42
125 91 44
125 91 46
125 91 48
125 91 50
125 91 52
125 91 54
125 91 56
125 91 58
125 91 60
125 91 62
125 91 64
124 91 40
124 91 42
124 91 44
124 91 46
124 91 48
124 91 50
124 91 52
124 91 54
124 91 56
124 91 58
124 91 60
124 91 62
124 91 64
123 91 40
123 91 42
123 91 44
123 91 46
123 91 48
123 91 50
123 91 52
123 91 54
123 91 56
123 91 58
123 91 60
123 91 62
123 92 40
123 92 42
123 92 44
123 92 46
123 92 48
123 92 50
123 92 52
123 92 54
123 92 56
123 92 58
123 92 60
123 92 62
122 92 40
122 92 42
122 92 44
122 92 46
122 92 48
122 92 50
122 92 52
122 92 54
122 92 56
122 92 58
122 92 60
121 92 40
121 92 42
121 92 44
121 92 46
121 92 48
121 92 50
121 92 52
121 92 54
121 92 56
121 92 58
121 93 40
121 93 42
121 93 44
121 93 46
121 93 48
121 93 50
121 93 52
121 93 54
121 93 56
121 93 58
120 93 40
120 93 42
120 93 44
120 93 46
120 93 48
120 93 50
120 93 52
120 93 54
120 93 56
120 94 40
120 94 42
120 94 44
120 94 46
120 94 48
120 94 50
120 94 52
120 94 54
120 94 56
119 94 40
119 94 42
119 94 44
119 94 46
119 94 48
119 94 50
119 94 52
119 94 54
119 94 56
119 95 40
119 95 42
119 95 44
119 95 46
119 95 48
119 95 50
119 95 52
119 95 54
119 95 56
118 95 40
118 95 42
118 95 44
118 95 46
118 95 48
118 95 50
118 95 52
118 95 54
118 96 40
118 96 42
118 96 44
118 96 46
118 96 48
118 96 50
118 96 52
118 96 54
118 96 56
117 96 40
117 96 42
117 96 44
117 96 46
117 96 48
117 96 50
117 96 52
117 96 54
117 97 40
117 97 42
117 97 44
117 97 46
117 97 48
117 97 50
117 97 52
117 97 54
116 97 40
116 97 42
116 97 44
116 97 46
116 97 48
116 97 50
116 97 52
116 97 54
116 98 40
116 98 42
116 98 44
116 98 46
116 98 48
116 98 50
116 98 52
116 98 54
115 98 40
115 98 42
115 98 44
115 98 46
115 98 48
115 98 50
115 98 52
115 99 40
115 99 42
115 99 44
115 99 46
115 99 48
115 99 50
115 99 52
114 99 40
114 99 42
114 99 44
114 99 46
114 99 48
114 99 50
114 100 40
114 100 42
114 100 44
114 100 46
114 100 48
114 100 50
113 100 40
113 100 42
113 100 44
113 100 46
113 100 48
113 101 40
113 101 42
113 101 44
113 101 46
113 101 48
112 101 40
112 101 42
112 101 44
112 101 46
112 101 48
112 102 40
112 102 42
112 102 44
112 102 46
111 102 40
111 102 42
111 102 44
111 102 46
111 103 40
111 103 42
111 103 44
111 103 46
110 103 40
110 103 42
110 103 44
110 104 40
110 104 42
110 104 44
109 104 40
109 104 42
109 104 44
109 105 40
109 105 42
109 105 44
108 105 40
108 105 42
108 105 44
108 106 40
108 106 42
108 106 44
108 107 40
108 107 42
108 107 44
107 107 40
107 107 42
107 108 40
107 108 42
106 108 40
106 108 42
106 109 40
106 109 42
105 109 40
105 109 42
105 110 40
105 110 42
105 111 40
105 111 42
104 111 40
104 111 42
104 112 40
104 112 42
103 112 40
103 112 42
103 113 40
103 113 42
103 114 40
102 114 40
102 115 40
102 116 40
101 116 40
100 116 40
100 117 40
99 117 40
99 118 40
179 110 40
178 110 40
177 110 40
176 110 40
175 110 40
174 110 40
173 110 40
172 110 40
171 110 40
170 110 40
169 110 40
169 109 40
168 109 40
168 108 40
168 107 40
167 107 40
167 106 40
167 105 40
167 104 40
167 103 40
167 102 40
167 101 40
167 100 40
167 99 40
167 98 40
167 97 40
166 97 40
166 96 40
165 96 40
165 95 40
165 94 40
164 94 40
164 93 40
163 93 40
163 92 40
162 92 40
161 92 40
161 91 40
160 91 40
160 90 40
159 90 40
159 89 40
158 89 40
158 88 40
157 88 40
157 87 40
156 87 40
156 86 40
155 86 40
155 85 40
154 85 40
154 84 40
153 84 40
153 83 40
152 83 40
152 82 40
151 82 40
150 82 40
149 82 40
148 82 40
147 82 40
146 82 40
145 82 40
144 82 40
136 20 40
136 20 42
135 20 40
135 20 42
134 20 40
134 20 42
134 21 40
134 21 42
134 22 40
134 22 42
134 23 40
134 23 42
134 24 40
134 24 42
134 24 44
134 25 40
134 25 42
134 25 44
134 25 46
134 26 40
134 26 42
134 26 44
134 26 46
134 26 48
134 27 40
134 27 42
134 27 44
134 27 46
134 27 48
134 27 50
134 28 40
134 28 42
134 28 44
134 28 46
134 28 48
134 28 50
134 28 52
134 29 40
134 29 42
134 29 44
134 29 46
134 29 48
134 29 50
134 29 52
134 29 54
134 29 56
134 30 40
134 30 42
134 30 44
134 30 46
134 30 48
134 30 50
134 30 52
134 30 54
134 30 56
134 30 58
134 31 40
134 31 42
134 31 44
134 31 46
134 31 48
134 31 50
134 31 52
134 31 54
134 31 56
134 31 58
134 31 60
134 31 62
134 32 40
134 32 42
134 32 44
134 32 46
134 32 48
134 32 50
134 32 52
134 32 54
134 32 56
134 32 58
134 32 60
134 32 62
134 32 64
134 33 40
134 33 42
134 33 44
134 33 46
134 33 48
134 33 50
134 33 52
134 33 54
134 33 56
134 33 58
134 33 60
134 33 62
134 33 64
134 33 66
134 34 40
134 34 42
134 34 44
134 34 46
134 34 48
134 34 50
134 34 52
134 34 54
134 34 56
134 34 58
134 34 60
134 34 62
134 34 64
134 34 66
134 35 40
134 35 42
134 35 44
134 35 46
134 35 48
134 35 50
134 35 52
134 35 54
134 35 56
134 35 58
134 35 60
134 35 62
134 35 64
134 35 66
134 36 40
134 36 42
134 36 44
134 36 46
134 36 48
134 36 50
134 36 52
134 36 54
134 36 56
134 36 58
134 36 60
134 36 62
134 36 64
134 36 66
134 37 40
134 37 42
134 37 44
134 37 46
134 37 48
134 37 50
134 37 52
134 37 54
134 37 56
134 37 58
134 37 60
134 37 62
134 37 64
134 37 66
134 38 40
134 38 42
134 38 44
134 38 46
134 38 48
134 38 50
134 38 52
134 38 54
134 38 56
134 38 58
134 38 60
134 38 62
134 38 64
134 39 40
134 39 42
134 39 44
134 39 46
134 39 48
134 39 50
134 39 52
134 39 54
134 39 56
134 39 58
134 39 60
134 39 62
134 39 64
134 40 40
134 40 42
134 40 44
134 40 46
134 40 48
134 40 50
134 40 52
134 40 54
134 40 56
134 40 58
134 40 60
134 40 62
134 41 40
134 41 42
134 41 44
134 41 46
134 41 48
134 41 50
134 41 52
134 41 54
134 41 56
134 41 58
134 41 60
134 42 40
134 42 42
134 42 44
134 42 46
134 42 48
134 42 50
134 42 52
134 42 54
134 42 56
134 42 58
134 43 40
134 43 42
134 43 44
134 43 46
134 43 48
134 43 50
134 43 52
134 43 54
134 43 56
134 43 58
134 44 40
134 44 42
134 44 44
134 44 46
134 44 48
134 44 50
134 44 52
134 44 54
134 44 56
134 45 40
134 45 42
134 45 44
134 45 46
134 45 48
134 45 50
134 45 52
134 45 54
134 46 40
134 46 42
134 46 44
134 46 46
134 46 48
134 46 50
134 46 52
134 47 40
134 47 42
134 47 44
134 47 46
134 47 48
134 47 50
134 47 52
134 48 40
134 48 42
134 48 44
134 48 46
134 48 48
134 48 50
134 49 40
134 49 42
134 49 44
134 49 46
134 49 48
134 49 50
134 50 40
134 50 42
134 50 44
134 50 46
134 50 48
134 51 40
134 51 42
134 51 44
134 51 46
134 51 48
134 52 40
134 52 42
134 52 44
134 52 46
134 52 48
134 53 40
134 53 42
134 53 44
134 53 46
134 54 40
134 54 42
134 54 44
134 54 46
134 55 40
134 55 42
134 55 44
134 55 46
134 56 40
134 56 42
134 56 44
134 57 40
134 57 42
134 57 44
134 58 40
134 58 42
134 59 40
134 59 42
134 60 40
134 60 42
134 61 40
134 61 42
134 62 40
134 63 40
135 63 40
135 64 40
136 64 40
136 65 40
137 65 40
137 66 40
138 66 40
138 67 40
138 68 40
139 68 40
139 69 40
139 70 40
139 71 40
139 72 40
139 73 40
139 74 40
139 75 40
139 76 40
139 77 40
139 78 40
139 79 40
139 80 40
139 81 40
139 81 42
113 164 40
113 164 42
113 164 44
113 164 46
113 164 48
113 164 50
113 164 52
113 164 54
113 163 40
113 163 42
113 163 44
113 163 46
113 163 48
113 163 50
113 163 52
113 163 54
113 163 56
113 162 40
113 162 42
113 162 44
113 162 46
113 162 48
113 162 50
113 162 52
113 162 54
113 162 56
113 162 58
113 161 40
113 161 42
113 161 44
113 161 46
113 161 48
113 161 50
113 161 52
113 161 54
113 161 56
113 161 58
113 161 60
113 160 40
113 160 42
113 160 44
113 160 46
113 160 48
113 160 50
113 160 52
113 160 54
113 160 56
113 160 58
113 160 60
113 160 62
113 160 64
113 159 40
113 159 42
113 159 44
113 159 46
113 159 48
113 159 50
113 159 52
113 159 54
113 159 56
113 159 58
113 159 60
113 159 62
113 159 64
113 159 66
113 158 40
113 158 42
113 158 44
113 158 46
113 158 48
113 158 50
113 158 52
113 158 54
113 158 56
113 158 58
113 158 60
113 158 62
113 158 64
113 158 66
113 158 68
113 157 40
113 157 42
113 157 44
113 157 46
113 157 48
113 157 50
113 157 52
113 157 54
113 157 56
113 157 58
113 157 60
113 157 62
113 157 64
113 157 66
113 157 68
113 157 70
113 156 40
113 156 42
113 156 44
113 156 46
113 156 48
113 156 50
113 156 52
113 156 54
113 156 56
113 156 58
113 156 60
113 156 62
113 156 64
113 156 66
113 156 68
113 156 70
113 156 72
113 155 40
113 155 42
113 155 44
113 155 46
113 155 48
113 155 50
113 155 52
113 155 54
113 155 56
113 155 58
113 155 60
113 155 62
113 155 64
113 155 66
113 155 68
113 155 70
113 155 72
113 154 40
113 154 42
113 154 44
113 154 46
113 154 48
113 154 50
113 154 52
113 154 54
113 154 56
113 154 58
113 154 60
113 154 62
113 154 64
113 154 66
113 154 68
113 154 70
113 154 72
113 154 74
113 153 40
113 153 42
113 153 44
113 153 46
113 153 48
113 153 50
113 153 52
113 153 54
113 153 56
113 153 58
113 153 60
113 153 62
113 153 64
113 153 66
113 153 68
113 153 70
113 153 72
113 153 74
113 152 40
113 152 42
113 152 44
113 152 46
113 152 48
113 152 50
113 152 52
113 152 54
113 152 56
113 152 58
113 152 60
113 152 62
113 152 64
113 152 66
113 152 68
113 152 70
113 152 72
113 151 40
113 151 42
113 151 44
113 151 46
113 151 48
113 151 50
113 151 52
113 151 54
113 151 56
113 151 58
113 151 60
113 151 62
113 151 64
113 151 66
113 151 68
113 151 70
113 151 72
113 150 40
113 150 42
113 150 44
113 150 46
113 150 48
113 150 50
113 150 52
113 150 54
113 150 56
113 150 58
113 150 60
113 150 62
113 150 64
113 150 66
113 150 68
113 150 70
113 149 40
113 149 42
113 149 44
113 149 46
113 149 48
113 149 50
113 149 52
113 149 54
113 149 56
113 149 58
113 149 60
113 149 62
113 149 64
113 149 66
113 149 68
113 149 70
113 148 40
113 148 42
113 148 44
113 148 46
113 148 48
113 148 50
113 148 52
113 148 54
113 148 56
113 148 58
113 148 60
113 148 62
113 148 64
113 148 66
113 148 68
113 147 40
113 147 42
113 147 44
113 147 46
113 147 48
113 147 50
113 147 52
113 147 54
113 147 56
113 147 58
113 147 60
113 147 62
113 147 64
113 147 66
113 146 40
113 146 42
113 146 44
113 146 46
113 146 48
113 146 50
113 146 52
113 146 54
113 146 56
113 146 58
113 146 60
113 146 62
113 146 64
113 146 66
113 145 40
113 145 42
113 145 44
113 145 46
113 145 48
113 145 50
113 145 52
113 145 54
113 145 56
113 145 58
113 145 60
113 145 62
113 145 64
113 145 66
113 144 40
113 144 42
113 144 44
113 144 46
113 144 48
113 144 50
113 144 52
113 144 54
113 144 56
113 144 58
113 144 60
113 144 62
113 144 64
113 143 40
113 143 42
113 143 44
113 143 46
113 143 48
113 143 50
113 143 52
113 143 54
113 143 56
113 143 58
113 143 60
113 143 62
113 143 64
113 142 40
113 142 42
113 142 44
113 142 46
113 142 48
113 142 50
113 142 52
113 142 54
113 142 56
113 142 58
113 142 60
113 142 62
113 142 64
113 142 66
113 141 40
113 141 42
113 141 44
113 141 46
113 141 48
113 141 50
113 141 52
113 141 54
113 141 56
113 141 58
113 141 60
113 141 62
113 141 64
113 141 66
113 140 40
113 140 42
113 140 44
113 140 46
113 140 48
113 140 50
113 140 52
113 140 54
113 140 56
113 140 58
113 140 60
113 140 62
113 140 64
113 140 66
113 139 40
113 139 42
113 139 44
113 139 46
113 139 48
113 139 50
113 139 52
113 139 54
113 139 56
113 139 58
113 139 60
113 139 62
113 139 64
113 139 66
113 138 40
113 138 42
113 138 44
113 138 46
113 138 48
113 138 50
113 138 52
113 138 54
113 138 56
113 138 58
113 138 60
113 138 62
113 138 64
113 138 66
113 137 40
113 137 42
113 137 44
113 137 46
113 137 48
113 137 50
113 137 52
113 137 54
113 137 56
113 137 58
113 137 60
113 137 62
113 137 64
113 137 66
113 137 68
113 136 40
113 136 42
113 136 44
113 136 46
113 136 48
113 136 50
113 136 52
113 136 54
113 136 56
113 136 58
113 136 60
113 136 62
113 136 64
113 136 66
113 136 68
113 135 40
113 135 42
113 135 44
113 135 46
113 135 48
113 135 50
113 135 52
113 135 54
113 135 56
113 135 58
113 135 60
113 135 62
113 135 64
113 135 66
113 135 68
113 134 40
113 134 42
113 134 44
113 134 46
113 134 48
113 134 50
113 134 52
113 134 54
113 134 56
113 134 58
113 134 60
113 134 62
113 134 64
113 134 66
113 134 68
113 133 40
113 133 42
113 133 44
113 133 46
113 133 48
113 133 50
113 133 52
113 133 54
113 133 56
113 133 58
113 133 60
113 133 62
113 133 64
113 133 66
113 132 40
113 132 42
113 132 44
113 132 46
113 132 48
113 132 50
113 132 52
113 132 54
113 132 56
113 132 58
113 132 60
113 132 62
113 132 64
113 132 66
113 131 40
113 131 42
113 131 44
113 131 46
113 131 48
113 131 50
113 131 52
113 131 54
113 131 56
113 131 58
113 131 60
113 131 62
113 131 64
113 130 40
113 130 42
113 130 44
113 130 46
113 130 48
113 130 50
113 130 52
113 130 54
113 130 56
113 130 58
113 130 60
113 130 62
113 129 40
113 129 42
113 129 44
113 129 46
113 129 48
113 129 50
113 129 52
113 129 54
113 129 56
113 129 58
113 129 60
113 128 40
113 128 42
113 128 44
113 128 46
113 128 48
113 128 50
113 128 52
113 128 54
113 128 56
113 128 58
113 127 40
113 127 42
113 127 44
113 127 46
113 127 48
113 127 50
113 127 52
113 127 54
113 127 56
113 126 40
113 126 42
113 126 44
113 126 46
113 126 48
113 126 50
113 126 52
113 126 54
112 126 40
112 126 42
112 126 44
112 126 46
112 126 48
112 126 50
112 126 52
112 125 40
112 125 42
112 125 44
112 125 46
112 125 48
112 125 50
111 125 40
111 125 42
111 125 44
111 125 46
111 125 48
110 125 40
110 125 42
110 125 44
110 125 46
110 124 40
110 124 42
110 124 44
110 124 46
109 124 40
109 124 42
109 124 44
109 123 40
109 123 42
109 123 44
108 123 40
108 123 42
108 122 40
108 122 42
107 122 40
107 122 42
107 121 40
106 121 40
106 120 40
105 120 40
105 119 40
104 119 40
104 118 40
103 118 40
103 117 40
102 117 40
193 61 40
193 61 42
193 61 44
193 62 40
193 62 42
193 62 44
193 63 40
193 63 42
193 63 44
193 63 46
193 64 40
193 64 42
193 64 44
193 64 46
193 65 40
193 65 42
193 65 44
193 65 46
193 65 48
193 66 40
193 66 42
193 66 44
193 66 46
193 66 48
193 66 50
193 67 40
193 67 42
193 67 44
193 67 46
193 67 48
193 67 50
193 68 40
193 68 42
193 68 44
193 68 46
193 68 48
193 68 50
193 68 52
193 69 40
193 69 42
193 69 44
193 69 46
193 69 48
193 69 50
193 69 52
193 69 54
193 70 40
193 70 42
193 70 44
193 70 46
193 70 48
193 70 50
193 70 52
193 70 54
193 70 56
193 71 40
193 71 42
193 71 44
193 71 46
193 71 48
193 71 50
193 71 52
193 71 54
193 71 56
193 71 58
193 72 40
193 72 42
193 72 44
193 72 46
193 72 48
193 72 50
193 72 52
193 72 54
193 72 56
193 72 58
193 72 60
193 73 40
193 73 42
193 73 44
193 73 46
193 73 48
193 73 50
193 73 52
193 73 54
193 73 56
193 73 58
193 73 60
193 74 40
193 74 42
193 74 44
193 74 46
193 74 48
193 74 50
193 74 52
193 74 54
193 74 56
193 74 58
193 74 60
193 74 62
193 75 40
193 75 42
193 75 44
193 75 46
193 75 48
193 75 50
193 75 52
193 75 54
193 75 56
193 75 58
193 75 60
193 75 62
193 75 64
193 76 40
193 76 42
193 76 44
193 76 46
193 76 48
193 76 50
193 76 52
193 76 54
193 76 56
193 76 58
193 76 60
193 76 62
193 76 64
193 76 66
193 77 40
193 77 42
193 77 44
193 77 46
193 77 48
193 77 50
193 77 52
193 77 54
193 77 56
193 77 58
193 77 60
193 77 62
193 77 64
193 77 66
193 77 68
193 77 70
193 78 40
193 78 42
193 78 44
193 78 46
193 78 48
193 78 50
193 78 52
193 78 54
193 78 56
193 78 58
193 78 60
193 78 62
193 78 64
193 78 66
193 78 68
193 78 70
193 78 72
193 79 40
193 79 42
193 79 44
193 79 46
193 79 48
193 79 50
193 79 52
193 79 54
193 79 56
193 79 58
193 79 60
193 79 62
193 79 64
193 79 66
193 79 68
193 79 70
193 79 72
193 79 74
193 79 76
193 80 40
193 80 42
193 80 44
193 80 46
193 80 48
193 80 50
193 80 52
193 80 54
193 80 56
193 80 58
193 80 60
193 80 62
193 80 64
193 80 66
193 80 68
193 80 70
193 80 72
193 80 74
193 80 76
193 80 78
193 80 80
193 81 40
193 81 42
193 81 44
193 81 46
193 81 48
193 81 50
193 81 52
193 81 54
193 81 56
193 81 58
193 81 60
193 81 62
193 81 64
193 81 66
193 81 68
193 81 70
193 81 72
193 81 74
193 81 76
193 81 78
193 81 80
193 81 82
193 81 84
193 82 40
193 82 42
193 82 44
193 82 46
193 82 48
193 82 50
193 82 52
193 82 54
193 82 56
193 82 58
193 82 60
193 82 62
193 82 64
193 82 66
193 82 68
193 82 70
193 82 72
193 82 74
193 82 76
193 82 78
193 82 80
193 82 82
193 82 84
193 82 86
193 82 88
193 83 40
193 83 42
193 83 44
193 83 46
193 83 48
193 83 50
193 83 52
193 83 54
193 83 56
193 83 58
193 83 60
193 83 62
193 83 64
193 83 66
193 83 68
193 83 70
193 83 72
193 83 74
193 83 76
193 83 78
193 83 80
193 83 82
193 83 84
193 83 86
193 83 88
193 83 90
193 83 92
193 84 40
193 84 42
193 84 44
193 84 46
193 84 48
193 84 50
193 84 52
193 84 54
193 84 56
193 84 58
193 84 60
193 84 62
193 84 64
193 84 66
193 84 68
193 84 70
193 84 72
193 84 74
193 84 76
193 84 78
193 84 80
193 84 82
193 84 84
193 84 86
193 84 88
193 84 90
193 84 92
193 84 94
193 85 40
193 85 42
193 85 44
193 85 46
193 85 48
193 85 50
193 85 52
193 85 54
193 85 56
193 85 58
193 85 60
193 85 62
193 85 64
193 85 66
193 85 68
193 85 70
193 85 72
193 85 74
193 85 76
193 85 78
193 85 80
193 85 82
193 85 84
193 85 86
193 85 88
193 85 90
193 85 92
193 85 94
193 85 96
193 86 40
193 86 42
193 86 44
193 86 46
193 86 48
193 86 50
193 86 52
193 86 54
193 86 56
193 86 58
193 86 60
193 86 62
193 86 64
193 86 66
193 86 68
193 86 70
193 86 72
193 86 74
193 86 76
193 86 78
193 86 80
193 86 82
193 86 84
193 86 86
193 86 88
193 86 90
193 86 92
193 86 94
193 86 96
193 86 98
193 87 40
193 87 42
193 87 44
193 87 46
193 87 48
193 87 50
193 87 52
193 87 54
193 87 56
193 87 58
193 87 60
193 87 62
193 87 64
193 87 66
193 87 68
193 87 70
193 87 72
193 87 74
193 87 76
193 87 78
193 87 80
193 87 82
193 87 84
193 87 86
193 87 88
193 87 90
193 87 92
193 87 94
193 87 96
193 87 98
193 88 40
193 88 42
193 88 44
193 88 46
193 88 48
193 88 50
193 88 52
193 88 54
193 88 56
193 88 58
193 88 60
193 88 62
193 88 64
193 88 66
193 88 68
193 88 70
193 88 72
193 88 74
193 88 76
193 88 78
193 88 80
193 88 82
193 88 84
193 88 86
193 88 88
193 88 90
193 88 92
193 88 94
193 88 96
193 89 40
193 89 42
193 89 44
193 89 46
193 89 48
193 89 50
193 89 52
193 89 54
193 89 56
193 89 58
193 89 60
193 89 62
193 89 64
193 89 66
193 89 68
193 89 70
193 89 72
193 89 74
193 89 76
193 89 78
193 89 80
193 89 82
193 89 84
193 89 86
193 89 88
193 89 90
193 89 92
193 89 94
193 90 40
193 90 42
193 90 44
193 90 46
193 90 48
193 90 50
193 90 52
193 90 54
193 90 56
193 90 58
193 90 60
193 90 62
193 90 64
193 90 66
193 90 68
193 90 70
193 90 72
193 90 74
193 90 76
193 90 78
193 90 80
193 90 82
193 90 84
193 90 86
193 90 88
193 90 90
193 90 92
193 91 40
193 91 42
193 91 44
193 91 46
193 91 48
193 91 50
193 91 52
193 91 54
193 91 56
193 91 58
193 91 60
193 91 62
193 91 64
193 91 66
193 91 68
193 91 70
193 91 72
193 91 74
193 91 76
193 91 78
193 91 80
193 91 82
193 91 84
193 91 86
193 91 88
193 92 40
193 92 42
193 92 44
193 92 46
193 92 48
193 92 50
193 92 52
193 92 54
193 92 56
193 92 58
193 92 60
193 92 62
193 92 64
193 92 66
193 92 68
193 92 70
193 92 72
193 92 74
193 92 76
193 92 78
193 92 80
193 92 82
193 92 84
193 92 86
193 93 40
193 93 42
193 93 44
193 93 46
193 93 48
193 93 50
193 93 52
193 93 54
193 93 56
193 93 58
193 93 60
193 93 62
193 93 64
193 93 66
193 93 68
193 93 70
193 93 72
193 93 74
193 93 76
193 93 78
193 93 80
193 93 82
193 94 40
193 94 42
193 94 44
193 94 46
193 94 48
193 94 50
193 94 52
193 94 54
193 94 56
193 94 58
193 94 60
193 94 62
193 94 64
193 94 66
193 94 68
193 94 70
193 94 72
193 94 74
193 94 76
193 94 78
193 94 80
193 95 40
193 95 42
193 95 44
193 95 46
193 95 48
193 95 50
193 95 52
193 95 54
193 95 56
193 95 58
193 95 60
193 95 62
193 95 64
193 95 66
193 95 68
193 95 70
193 95 72
193 95 74
193 95 76
193 95 78
193 96 40
193 96 42
193 96 44
193 96 46
193 96 48
193 96 50
193 96 52
193 96 54
193 96 56
193 96 58
193 96 60
193 96 62
193 96 64
193 96 66
193 96 68
193 96 70
193 96 72
193 96 74
193 96 76
193 97 40
193 97 42
193 97 44
193 97 46
193 97 48
193 97 50
193 97 52
193 97 54
193 97 56
193 97 58
193 97 60
193 97 62
193 97 64
193 97 66
193 97 68
193 97 70
193 97 72
193 97 74
193 98 40
193 98 42
193 98 44
193 98 46
193 98 48
193 98 50
193 98 52
193 98 54
193 98 56
193 98 58
193 98 60
193 98 62
193 98 64
193 98 66
193 98 68
193 98 70
193 98 72
193 99 40
193 99 42
193 99 44
193 99 46
193 99 48
193 99 50
193 99 52
193 99 54
193 99 56
193 99 58
193 99 60
193 99 62
193 99 64
193 99 66
193 99 68
193 99 70
193 99 72
193 100 40
193 100 42
193 100 44
193 100 46
193 100 48
193 100 50
193 100 52
193 100 54
193 100 56
193 100 58
193 100 60
193 100 62
193 100 64
193 100 66
193 100 68
193 100 70
193 101 40
193 101 42
193 101 44
193 101 46
193 101 48
193 101 50
193 101 52
193 101 54
193 101 56
193 101 58
193 101 60
193 101 62
193 101 64
193 101 66
193 101 68
193 102 40
193 102 42
193 102 44
193 102 46
193 102 48
193 102 50
193 102 52
193 102 54
193 102 56
193 102 58
193 102 60
193 102 62
193 102 64
193 102 66
193 103 40
193 103 42
193 103 44
193 103 46
193 103 48
193 103 50
193 103 52
193 103 54
193 103 56
193 103 58
193 103 60
193 103 62
193 104 40
193 104 42
193 104 44
193 104 46
193 104 48
193 104 50
193 104 52
193 104 54
193 104 56
193 104 58
193 104 60
193 105 40
193 105 42
193 105 44
193 105 46
193 105 48
193 105 50
193 105 52
193 105 54
193 105 56
193 106 40
193 106 42
193 106 44
193 106 46
193 106 48
193 106 50
193 106 52
193 107 40
193 107 42
193 107 44
193 107 46
193 107 48
193 107 50
193 108 40
193 108 42
193 108 44
193 108 46
193 108 48
193 109 40
193 109 42
193 109 44
193 109 46
193 110 40
193 110 42
193 110 44
192 110 40
192 110 42
191 110 40
191 110 42
190 110 40
190 110 42
189 110 40
188 110 40
186 110 40
185 110 40
184 110 40
183 110 40
182 110 40
181 110 40
41 44 40
41 44 42
41 44 44
41 44 46
42 44 40
42 44 42
42 44 44
42 44 46
43 44 40
43 44 42
43 44 44
43 44 46
44 44 40
44 44 42
44 44 44
44 44 46
44 43 40
44 43 42
44 43 44
44 43 46
45 43 40
45 43 42
45 43 44
45 43 46
45 42 40
45 42 42
45 42 44
45 42 46
46 42 40
46 42 42
46 42 44
46 42 46
47 42 40
47 42 42
47 42 44
47 42 46
48 42 40
48 42 42
48 42 44
48 42 46
48 42 48
49 42 40
49 42 42
49 42 44
49 42 46
49 42 48
50 42 40
50 42 42
50 42 44
50 42 46
50 42 48
50 42 50
51 42 40
51 42 42
51 42 44
51 42 46
51 42 48
51 42 50
51 42 52
52 42 40
52 42 42
52 42 44
52 42 46
52 42 48
52 42 50
52 42 52
52 42 54
53 42 40
53 42 42
53 42 44
53 42 46
53 42 48
53 42 50
53 42 52
53 42 54
53 42 56
54 42 40
54 42 42
54 42 44
54 42 46
54 42 48
54 42 50
54 42 52
54 42 54
54 42 56
54 42 58
55 42 40
55 42 42
55 42 44
55 42 46
55 42 48
55 42 50
55 42 52
55 42 54
55 42 56
55 42 58
55 42 60
55 42 62
56 42 40
56 42 42
56 42 44
56 42 46
56 42 48
56 42 50
56 42 52
56 42 54
56 42 56
56 42 58
56 42 60
56 42 62
56 42 64
57 42 40
57 42 42
57 42 44
57 42 46
57 42 48
57 42 50
57 42 52
57 42 54
57 42 56
57 42 58
57 42 60
57 42 62
57 42 64
57 42 66
58 42 40
58 42 42
58 42 44
58 42 46
58 42 48
58 42 50
58 42 52
58 42 54
58 42 56
58 42 58
58 42 60
58 42 62
58 42 64
58 42 66
59 42 40
59 42 42
59 42 44
59 42 46
59 42 48
59 42 50
59 42 52
59 42 54
59 42 56
59 42 58
59 42 60
59 42 62
59 42 64
59 42 66
59 42 68
60 42 40
60 42 42
60 42 44
60 42 46
60 42 48
60 42 50
60 42 52
60 42 54
60 42 56
60 42 58
60 42 60
60 42 62
60 42 64
60 42 66
60 42 68
61 42 40
61 42 42
61 42 44
61 42 46
61 42 48
61 42 50
61 42 52
61 42 54
61 42 56
61 42 58
61 42 60
61 42 62
61 42 64
61 42 66
61 42 68
62 42 40
62 42 42
62 42 44
62 42 46
62 42 48
62 42 50
62 42 52
62 42 54
62 42 56
62 42 58
62 42 60
62 42 62
62 42 64
62 42 66
63 42 40
63 42 42
63 42 44
63 42 46
63 42 48
63 42 50
63 42 52
63 42 54
63 42 56
63 42 58
63 42 60
63 42 62
63 42 64
64 42 40
64 42 42
64 42 44
64 42 46
64 42 48
64 42 50
64 42 52
64 42 54
64 42 56
64 42 58
64 42 60
64 42 62
65 42 40
65 42 42
65 42 44
65 42 46
65 42 48
65 42 50
65 42 52
65 42 54
65 42 56
65 42 58
65 42 60
66 42 40
66 42 42
66 42 44
66 42 46
66 42 48
66 42 50
66 42 52
66 42 54
66 42 56
66 42 58
67 42 40
67 42 42
67 42 44
67 42 46
67 42 48
67 42 50
67 42 52
67 42 54
67 42 56
68 42 40
68 42 42
68 42 44
68 42 46
68 42 48
68 42 50
68 42 52
68 42 54
69 42 40
69 42 42
69 42 44
69 42 46
69 42 48
69 42 50
69 42 52
70 42 40
70 42 42
70 42 44
70 42 46
70 42 48
70 42 50
70 42 52
71 42 40
71 42 42
71 42 44
71 42 46
71 42 48
71 42 50
72 42 40
72 42 42
72 42 44
72 42 46
72 42 48
72 42 50
73 42 40
73 42 42
73 42 44
73 42 46
73 42 48
73 42 50
74 42 40
74 42 42
74 42 44
74 42 46
74 42 48
75 42 40
75 42 42
75 42 44
75 42 46
75 42 48
76 42 40
76 42 42
76 42 44
76 42 46
76 42 48
77 42 40
77 42 42
77 42 44
77 42 46
77 42 48
78 42 40
78 42 42
78 42 44
78 42 46
78 42 48
79 42 40
79 42 42
79 42 44
79 42 46
79 42 48
80 42 40
80 42 42
80 42 44
80 42 46
80 42 48
81 42 40
81 42 42
81 42 44
81 42 46
81 42 48
82 42 40
82 42 42
82 42 44
82 42 46
82 42 48
83 42 40
83 42 42
83 42 44
83 42 46
84 42 40
84 42 42
84 42 44
84 42 46
85 42 40
85 42 42
85 42 44
85 42 46
86 42 40
86 42 42
86 42 44
87 42 40
87 42 42
87 42 44
88 42 40
88 42 42
88 42 44
89 42 40
89 42 42
89 42 44
90 42 40
90 42 42
90 42 44
90 41 40
90 41 42
90 41 44
91 41 40
91 41 42
91 41 44
91 41 46
91 40 40
91 40 42
91 40 44
91 40 46
92 40 40
92 40 42
92 40 44
92 40 46
92 39 40
92 39 42
92 39 44
92 39 46
93 39 40
93 39 42
93 39 44
93 39 46
93 38 40
93 38 42
93 38 44
93 38 46
93 38 48
94 38 40
94 38 42
94 38 44
94 38 46
94 38 48
94 37 40
94 37 42
94 37 44
94 37 46
94 37 48
95 37 40
95 37 42
95 37 44
95 37 46
95 37 48
95 36 40
95 36 42
95 36 44
95 36 46
95 36 48
96 36 40
96 36 42
96 36 44
96 36 46
96 36 48
96 35 40
96 35 42
96 35 44
96 35 46
96 35 48
96 35 50
97 35 40
97 35 42
97 35 44
97 35 46
97 35 48
97 35 50
97 34 40
97 34 42
97 34 44
97 34 46
97 34 48
97 34 50
98 34 40
98 34 42
98 34 44
98 34 46
98 34 48
98 34 50
98 33 40
98 33 42
98 33 44
98 33 46
98 33 48
98 33 50
99 33 40
99 33 42
99 33 44
99 33 46
99 33 48
99 33 50
99 32 40
99 32 42
99 32 44
99 32 46
99 32 48
99 32 50
100 32 40
100 32 42
100 32 44
100 32 46
100 32 48
100 32 50
101 32 40
101 32 42
101 32 44
101 32 46
101 32 48
101 32 50
101 31 40
101 31 42
101 31 44
101 31 46
101 31 48
101 31 50
102 31 40
102 31 42
102 31 44
102 31 46
102 31 48
102 31 50
103 31 40
103 31 42
103 31 44
103 31 46
103 31 48
103 31 50
103 30 40
103 30 42
103 30 44
103 30 46
103 30 48
103 30 50
104 30 40
104 30 42
104 30 44
104 30 46
104 30 48
104 30 50
104 29 40
104 29 42
104 29 44
104 29 46
104 29 48
104 29 50
105 29 40
105 29 42
105 29 44
105 29 46
105 29 48
105 29 50
105 28 40
105 28 42
105 28 44
105 28 46
105 28 48
105 28 50
106 28 40
106 28 42
106 28 44
106 28 46
106 28 48
106 27 40
106 27 42
106 27 44
106 27 46
106 27 48
106 27 50
107 27 40
107 27 42
107 27 44
107 27 46
107 27 48
107 26 40
107 26 42
107 26 44
107 26 46
107 26 48
107 26 50
108 26 40
108 26 42
108 26 44
108 26 46
108 26 48
108 25 40
108 25 42
108 25 44
108 25 46
108 25 48
109 25 40
109 25 42
109 25 44
109 25 46
109 24 40
109 24 42
109 24 44
109 24 46
110 24 40
110 24 42
110 24 44
110 24 46
110 23 40
110 23 42
110 23 44
110 23 46
111 23 40
111 23 42
111 23 44
111 22 40
111 22 42
111 22 44
112 22 40
112 22 42
112 22 44
112 21 40
112 21 42
112 21 44
113 21 40
113 21 42
113 20 40
113 20 42
114 20 40
114 20 42
114 19 40
114 19 42
115 19 40
115 19 42
115 18 40
115 18 42
116 18 40
116 18 42
116 17 40
117 17 40
117 16 40
118 16 40
119 16 40
120 16 40
121 16 40
122 16 40
123 16 40
124 16 40
125 16 40
126 16 40
127 16 40
127 17 40
128 17 40
129 17 40
129 18 40
130 18 40
130 19 40
131 19 40
131 20 40
133 20 40
19 178 40
19 178 42
19 178 44
19 178 46
20 178 40
20 178 42
20 178 44
20 178 46
20 178 48
21 178 40
21 178 42
21 178 44
21 178 46
21 178 48
22 178 40
22 178 42
22 178 44
22 178 46
22 178 48
23 178 40
23 178 42
23 178 44
23 178 46
23 178 48
23 178 50
24 178 40
24 178 42
24 178 44
24 178 46
24 178 48
24 178 50
25 178 40
25 178 42
25 178 44
25 178 46
25 178 48
25 178 50
25 178 52
26 178 40
26 178 42
26 178 44
26 178 46
26 178 48
26 178 50
26 178 52
26 178 54
27 178 40
27 178 42
27 178 44
27 178 46
27 178 48
27 178 50
27 178 52
27 178 54
27 178 56
28 178 40
28 178 42
28 178 44
28 178 46
28 178 48
28 178 50
28 178 52
28 178 54
28 178 56
28 178 58
29 178 40
29 178 42
29 178 44
29 178 46
29 178 48
29 178 50
29 178 52
29 178 54
29 178 56
29 178 58
29 178 60
29 177 40
29 177 42
29 177 44
29 177 46
29 177 48
29 177 50
29 177 52
29 177 54
29 177 56
29 177 58
29 177 60
29 177 62
29 176 40
29 176 42
29 176 44
29 176 46
29 176 48
29 176 50
29 176 52
29 176 54
29 176 56
29 176 58
29 176 60
29 176 62
29 176 64
29 175 40
29 175 42
29 175 44
29 175 46
29 175 48
29 175 50
29 175 52
29 175 54
29 175 56
29 175 58
29 175 60
29 175 62
29 175 64
29 175 66
29 174 40
29 174 42
29 174 44
29 174 46
29 174 48
29 174 50
29 174 52
29 174 54
29 174 56
29 174 58
29 174 60
29 174 62
29 174 64
29 174 66
29 174 68
29 174 70
29 173 40
29 173 42
29 173 44
29 173 46
29 173 48
29 173 50
29 173 52
29 173 54
29 173 56
29 173 58
29 173 60
29 173 62
29 173 64
29 173 66
29 173 68
29 173 70
29 173 72
29 172 40
29 172 42
29 172 44
29 172 46
29 172 48
29 172 50
29 172 52
29 172 54
29 172 56
29 172 58
29 172 60
29 172 62
29 172 64
29 172 66
29 172 68
29 172 70
29 172 72
29 172 74
29 171 40
29 171 42
29 171 44
29 171 46
29 171 48
29 171 50
29 171 52
29 171 54
29 171 56
29 171 58
29 171 60
29 171 62
29 171 64
29 171 66
29 171 68
29 171 70
29 171 72
29 171 74
29 171 76
29 170 40
29 170 42
29 170 44
29 170 46
29 170 48
29 170 50
29 170 52
29 170 54
29 170 56
29 170 58
29 170 60
29 170 62
29 170 64
29 170 66
29 170 68
29 170 70
29 170 72
29 170 74
29 170 76
29 170 78
29 169 40
29 169 42
29 169 44
29 169 46
29 169 48
29 169 50
29 169 52
29 169 54
29 169 56
29 169 58
29 169 60
29 169 62
29 169 64
29 169 66
29 169 68
29 169 70
29 169 72
29 169 74
29 169 76
29 169 78
29 169 80
29 168 40
29 168 42
29 168 44
29 168 46
29 168 48
29 168 50
29 168 52
29 168 54
29 168 56
29 168 58
29 168 60
29 168 62
29 168 64
29 168 66
29 168 68
29 168 70
29 168 72
29 168 74
29 168 76
29 168 78
29 168 80
29 168 82
29 167 40
29 167 42
29 167 44
29 167 46
29 167 48
29 167 50
29 167 52
29 167 54
29 167 56
29 167 58
29 167 60
29 167 62
29 167 64
29 167 66
29 167 68
29 167 70
29 167 72
29 167 74
29 167 76
29 167 78
29 167 80
29 167 82
29 167 84
29 166 40
29 166 42
29 166 44
29 166 46
29 166 48
29 166 50
29 166 52
29 166 54
29 166 56
29 166 58
29 166 60
29 166 62
29 166 64
29 166 66
29 166 68
29 166 70
29 166 72
29 166 74
29 166 76
29 166 78
29 166 80
29 166 82
29 166 84
29 166 86
29 165 40
29 165 42
29 165 44
29 165 46
29 165 48
29 165 50
29 165 52
29 165 54
29 165 56
29 165 58
29 165 60
29 165 62
29 165 64
29 165 66
29 165 68
29 165 70
29 165 72
29 165 74
29 165 76
29 165 78
29 165 80
29 165 82
29 165 84
29 165 86
29 164 40
29 164 42
29 164 44
29 164 46
29 164 48
29 164 50
29 164 52
29 164 54
29 164 56
29 164 58
29 164 60
29 164 62
29 164 64
29 164 66
29 164 68
29 164 70
29 164 72
29 164 74
29 164 76
29 164 78
29 164 80
29 164 82
29 164 84
29 164 86
29 164 88
29 163 40
29 163 42
29 163 44
29 163 46
29 163 48
29 163 50
29 163 52
29 163 54
29 163 56
29 163 58
29 163 60
29 163 62
29 163 64
29 163 66
29 163 68
29 163 70
29 163 72
29 163 74
29 163 76
29 163 78
29 163 80
29 163 82
29 163 84
29 163 86
29 163 88
29 162 40
29 162 42
29 162 44
29 162 46
29 162 48
29 162 50
29 162 52
29 162 54
29 162 56
29 162 58
29 162 60
29 162 62
29 162 64
29 162 66
29 162 68
29 162 70
29 162 72
29 162 74
29 162 76
29 162 78
29 162 80
29 162 82
29 162 84
29 162 86
29 162 88
29 161 40
29 161 42
29 161 44
29 161 46
29 161 48
29 161 50
29 161 52
29 161 54
29 161 56
29 161 58
29 161 60
29 161 62
29 161 64
29 161 66
29 161 68
29 161 70
29 161 72
29 161 74
29 161 76
29 161 78
29 161 80
29 161 82
29 161 84
29 161 86
29 160 40
29 160 42
29 160 44
29 160 46
29 160 48
29 160 50
29 160 52
29 160 54
29 160 56
29 160 58
29 160 60
29 160 62
29 160 64
29 160 66
29 160 68
29 160 70
29 160 72
29 160 74
29 160 76
29 160 78
29 160 80
29 160 82
29 160 84
29 160 86
29 159 40
29 159 42
29 159 44
29 159 46
29 159 48
29 159 50
29 159 52
29 159 54
29 159 56
29 159 58
29 159 60
29 159 62
29 159 64
29 159 66
29 159 68
29 159 70
29 159 72
29 159 74
29 159 76
29 159 78
29 159 80
29 159 82
29 159 84
29 158 40
29 158 42
29 158 44
29 158 46
29 158 48
29 158 50
29 158 52
29 158 54
29 158 56
29 158 58
29 158 60
29 158 62
29 158 64
29 158 66
29 158 68
29 158 70
29 158 72
29 158 74
29 158 76
29 158 78
29 158 80
29 158 82
29 157 40
29 157 42
29 157 44
29 157 46
29 157 48
29 157 50
29 157 52
29 157 54
29 157 56
29 157 58
29 157 60
29 157 62
29 157 64
29 157 66
29 157 68
29 157 70
29 157 72
29 157 74
29 157 76
29 157 78
29 157 80
29 156 40
29 156 42
29 156 44
29 156 46
29 156 48
29 156 50
29 156 52
29 156 54
29 156 56
29 156 58
29 156 60
29 156 62
29 156 64
29 156 66
29 156 68
29 156 70
29 156 72
29 156 74
29 156 76
29 155 40
29 155 42
29 155 44
29 155 46
29 155 48
29 155 50
29 155 52
29 155 54
29 155 56
29 155 58
29 155 60
29 155 62
29 155 64
29 155 66
29 155 68
29 155 70
29 155 72
29 154 40
29 154 42
29 154 44
29 154 46
29 154 48
29 154 50
29 154 52
29 154 54
29 154 56
29 154 58
29 154 60
29 154 62
29 154 64
29 154 66
29 154 68
29 153 40
29 153 42
29 153 44
29 153 46
29 153 48
29 153 50
29 153 52
29 153 54
29 153 56
29 153 58
29 153 60
29 153 62
29 153 64
29 152 40
29 152 42
29 152 44
29 152 46
29 152 48
29 152 50
29 152 52
29 152 54
29 152 56
29 152 58
29 152 60
29 151 40
29 151 42
29 151 44
29 151 46
29 151 48
29 151 50
29 151 52
29 151 54
29 151 56
29 150 40
29 150 42
29 150 44
29 150 46
29 150 48
29 150 50
29 150 52
29 150 54
29 149 40
29 149 42
29 149 44
29 149 46
29 149 48
29 149 50
29 148 40
29 148 42
29 148 44
29 148 46
29 148 48
29 147 40
29 147 42
29 147 44
29 147 46
29 147 48
29 146 40
29 146 42
29 146 44
29 146 46
29 145 40
29 145 42
29 145 44
29 145 46
29 144 40
29 144 42
29 144 44
29 144 46
29 143 40
29 143 42
29 143 44
29 143 46
29 142 40
29 142 42
29 142 44
29 142 46
29 141 40
29 141 42
29 141 44
29 141 46
29 140 40
29 140 42
29 140 44
29 140 46
29 139 40
29 139 42
29 139 44
29 139 46
29 139 48
29 138 40
29 138 42
29 138 44
29 138 46
29 138 48
29 137 40
29 137 42
29 137 44
29 137 46
29 137 48
30 137 40
30 137 42
30 137 44
30 137 46
30 137 48
30 136 40
30 136 42
30 136 44
30 136 46
30 136 48
31 136 40
31 136 42
31 136 44
31 136 46
31 135 40
31 135 42
31 135 44
31 135 46
32 135 40
32 135 42
32 135 44
32 135 46
32 134 40
32 134 42
32 134 44
32 134 46
33 134 40
33 134 42
33 134 44
33 134 46
33 133 40
33 133 42
33 133 44
33 133 46
34 133 40
34 133 42
34 133 44
34 132 40
34 132 42
34 132 44
34 132 46
35 132 40
35 132 42
35 132 44
36 132 40
36 132 42
36 132 44
37 132 40
37 132 42
37 132 44
38 132 40
38 132 42
38 132 44
39 132 40
39 132 42
39 132 44
39 132 46
40 132 40
40 132 42
40 132 44
40 132 46
41 132 40
41 132 42
41 132 44
41 132 46
42 132 40
42 132 42
42 132 44
42 132 46
43 132 40
43 132 42
43 132 44
43 132 46
43 132 48
44 132 40
44 132 42
44 132 44
44 132 46
44 132 48
45 132 40
45 132 42
45 132 44
45 132 46
45 132 48
46 132 40
46 132 42
46 132 44
46 132 46
46 132 48
46 132 50
47 132 40
47 132 42
47 132 44
47 132 46
47 132 48
47 132 50
48 132 40
48 132 42
48 132 44
48 132 46
48 132 48
48 132 50
49 132 40
49 132 42
49 132 44
49 132 46
49 132 48
49 132 50
50 132 40
50 132 42
50 132 44
50 132 46
50 132 48
50 132 50
51 132 40
51 132 42
51 132 44
51 132 46
51 132 48
51 132 50
52 132 40
52 132 42
52 132 44
52 132 46
52 132 48
52 132 50
53 132 40
53 132 42
53 132 44
53 132 46
53 132 48
54 132 40
54 132 42
54 132 44
54 132 46
54 132 48
54 132 50
55 132 40
55 132 42
55 132 44
55 132 46
55 132 48
55 132 50
56 132 40
56 132 42
56 132 44
56 132 46
56 132 48
56 132 50
57 132 40
57 132 42
57 132 44
57 132 46
57 132 48
57 132 50
58 132 40
58 132 42
58 132 44
58 132 46
58 132 48
58 132 50
59 132 40
59 132 42
59 132 44
59 132 46
59 132 48
59 132 50
60 132 40
60 132 42
60 132 44
60 132 46
60 132 48
60 132 50
61 132 40
61 132 42
61 132 44
61 132 46
61 132 48
61 132 50
62 132 40
62 132 42
62 132 44
62 132 46
62 132 48
62 132 50
63 132 40
63 132 42
63 132 44
63 132 46
63 132 48
63 132 50
63 132 52
64 132 40
64 132 42
64 132 44
64 132 46
64 132 48
64 132 50
64 132 52
65 132 40
65 132 42
65 132 44
65 132 46
65 132 48
65 132 50
65 132 52
66 132 40
66 132 42
66 132 44
66 132 46
66 132 48
66 132 50
66 132 52
67 132 40
67 132 42
67 132 44
67 132 46
67 132 48
67 132 50
67 132 52
68 132 40
68 132 42
68 132 44
68 132 46
68 132 48
68 132 50
68 132 52
69 132 40
69 132 42
69 132 44
69 132 46
69 132 48
69 132 50
69 132 52
70 132 40
70 132 42
70 132 44
70 132 46
70 132 48
70 132 50
70 132 52
71 132 40
71 132 42
71 132 44
71 132 46
71 132 48
71 132 50
72 132 40
72 132 42
72 132 44
72 132 46
72 132 48
73 132 40
73 132 42
73 132 44
73 132 46
73 132 48
74 132 40
74 132 42
74 132 44
74 132 46
75 132 40
75 132 42
75 132 44
75 132 46
76 132 40
76 132 42
76 132 44
77 132 40
77 132 42
77 132 44
78 132 40
78 132 42
78 132 44
79 132 40
79 132 42
80 132 40
80 132 42
81 132 40
81 132 42
82 132 40
82 132 42
82 131 40
83 131 40
84 131 40
84 130 40
85 130 40
85 129 40
86 129 40
86 128 40
87 128 40
87 127 40
88 127 40
88 126 40
89 126 40
89 125 40
90 125 40
90 124 40
91 124 40
91 123 40
92 123 40
92 122 40
93 122 40
93 121 40
94 121 40
95 121 40
95 120 40
96 120 40
96 119 40
97 119 40
98 119 40
