0 0 100
0 20 100
0 40 100
0 60 100
0 80 100
0 100 100
0 120 100
0 140 100
0 160 100
0 180 100
0 199 100
11 10 100
11 30 100
11 50 100
11 70 100
11 90 100
11 110 100
11 130 100
11 150 100
11 170 100
11 190 100
22 0 100
22 20 100
22 40 100
22 60 100
22 80 100
22 100 100
22 120 100
22 140 100
22 160 100
22 180 100
22 199 100
33 10 100
33 30 100
33 50 100
33 70 100
33 90 100
33 110 100
33 130 100
33 150 100
33 170 100
33 190 100
44 0 100
44 20 100
44 40 100
44 60 100
44 80 100
44 100 100
44 120 100
44 140 100
44 160 100
44 180 100
44 199 100
55 10 100
55 30 100
55 50 100
55 70 100
55 90 100
55 110 100
55 130 100
55 150 100
55 170 100
55 190 100
66 0 100
66 20 100
66 40 100
66 60 100
66 80 100
66 100 100
66 120 100
66 140 100
66 160 100
66 180 100
66 199 100
77 10 100
77 30 100
77 50 100
77 70 100
77 90 100
77 110 100
77 130 100
77 150 100
77 170 100
77 190 100
88 0 100
88 20 100
88 40 100
88 60 100
88 80 100
88 100 100
88 120 100
88 140 100
88 160 100
88 180 100
88 199 100
99 10 100
99 30 100
99 50 100
99 70 100
99 90 100
99 110 100
99 130 100
99 150 100
99 170 100
99 190 100
110 0 100
110 20 100
110 40 100
110 60 100
110 80 100
110 100 100
110 120 100
110 140 100
110 160 100
110 180 100
110 199 100
121 10 100
121 30 100
121 50 100
121 70 100
121 90 100
121 110 100
121 130 100
121 150 100
121 170 100
121 190 100
132 0 100
132 20 100
132 40 100
132 60 100
132 80 100
132 100 100
132 120 100
132 140 100
132 160 100
132 180 100
132 199 100
143 10 100
143 30 100
143 50 100
143 70 100
143 90 100
143 110 100
143 130 100
143 150 100
143 170 100
143 190 100
154 0 100
154 20 100
154 40 100
154 60 100
154 80 100
154 100 100
154 120 100
154 140 100
154 160 100
154 180 100
154 199 100
165 10 100
165 30 100
165 50 100
165 70 100
165 90 100
165 110 100
165 130 100
165 150 100
165 170 100
165 190 100
176 0 100
176 20 100
176 40 100
176 60 100
176 80 100
176 100 100
176 120 100
176 140 100
176 160 100
176 180 100
176 199 100
187 10 100
187 30 100
187 50 100
187 70 100
187 90 100
187 110 100
187 130 100
187 150 100
187 170 100
187 190 100
198 0 100
198 20 100
198 40 100
198 60 100
198 80 100
198 100 100
198 120 100
198 140 100
198 160 100
198 180 100
198 199 100
0 0 100
0 20 100
0 40 100
0 60 100
0 80 100
0 100 100
0 160 100
11 10 100
11 30 100
11 50 100
11 90 100
11 110 100
11 150 100
11 190 100
22 20 100
22 80 100
22 100 100
22 120 100
22 140 100
22 160 100
22 180 100
22 199 100
33 10 100
33 50 100
33 70 100
33 90 100
33 110 100
33 130 100
33 170 100
33 190 100
44 0 100
44 20 100
44 40 100
44 80 100
44 100 100
44 120 100
44 160 100
44 180 100
44 199 100
55 10 100
55 30 100
55 50 100
55 130 100
55 170 100
55 190 100
66 0 100
66 20 100
66 40 100
66 80 100
66 100 100
66 120 100
66 140 100
66 160 100
66 180 100
66 199 100
77 10 100
77 50 100
77 70 100
77 90 100
77 110 100
77 130 100
77 150 100
77 170 100
88 0 100
88 20 100
88 40 100
88 60 100
88 80 100
88 100 100
88 120 100
88 140 100
88 160 100
88 180 100
88 199 100
99 30 100
99 70 100
99 110 100
99 130 100
99 150 100
99 170 100
110 0 100
110 80 100
110 100 100
110 120 100
110 140 100
110 180 100
110 199 100
121 10 100
121 30 100
121 50 100
121 90 100
121 110 100
121 130 100
121 170 100
121 190 100
132 0 100
132 20 100
132 40 100
132 60 100
132 80 100
132 120 100
132 160 100
132 180 100
143 10 100
143 50 100
143 70 100
143 90 100
143 110 100
143 130 100
143 150 100
143 170 100
154 20 100
154 60 100
154 80 100
154 100 100
154 120 100
154 160 100
154 180 100
154 199 100
165 30 100
165 90 100
165 110 100
165 150 100
165 170 100
165 190 100
176 0 100
176 40 100
176 60 100
176 80 100
176 100 100
176 120 100
176 140 100
176 160 100
176 180 100
187 10 100
187 50 100
187 70 100
187 90 100
187 110 100
187 130 100
187 150 100
187 170 100
187 190 100
198 0 100
198 40 100
198 80 100
198 120 100
198 160 100
198 199 100
127 136 40
127 136 41
172 81 40
172 81 41
172 81 42
172 81 43
172 81 44
172 81 45
172 81 46
172 81 47
2 122 40
156 176 40
156 176 41
156 176 42
156 176 43
156 176 44
156 176 45
156 176 46
156 176 47
156 176 48
156 176 49
156 176 50
156 176 51
156 176 52
156 176 53
143 194 40
143 194 41
18 36 40
58 97 40
45 48 40
45 48 41
45 48 42
45 48 43
45 48 44
45 48 45
45 48 46
186 103 40
186 103 41
98 10 40
113 31 40
86 90 40
113 60 40
124 105 40
124 105 41
124 105 42
124 105 43
113 61 40
113 62 40
113 63 40
114 63 40
114 64 40
115 64 40
115 65 40
116 65 40
116 66 40
117 66 40
117 67 40
118 67 40
118 68 40
119 68 40
119 69 40
120 69 40
120 70 40
121 71 40
122 71 40
123 71 40
124 71 40
125 71 40
126 71 40
127 71 40
127 71 41
128 71 40
128 71 41
129 71 40
129 71 41
130 71 40
130 71 41
131 71 40
131 71 41
131 71 42
132 71 40
132 71 41
132 71 42
133 71 40
133 71 41
133 71 42
134 71 40
134 71 41
134 71 42
135 71 40
135 71 41
135 71 42
136 71 40
136 71 41
136 71 42
137 71 40
137 71 41
137 71 42
138 71 40
138 71 41
138 71 42
139 71 40
139 71 41
139 71 42
140 71 40
140 71 41
140 71 42
141 71 40
141 71 41
141 71 42
142 71 40
142 71 41
142 71 42
143 71 40
143 71 41
143 71 42
144 71 40
144 71 41
144 71 42
145 71 40
145 71 41
145 71 42
146 71 40
146 71 41
146 71 42
146 70 40
146 70 41
146 70 42
146 70 43
147 70 40
147 70 41
147 70 42
147 70 43
147 69 40
147 69 41
147 69 42
147 69 43
147 69 44
148 69 40
148 69 41
148 69 42
148 69 43
148 69 44
149 69 40
149 69 41
149 69 42
149 69 43
149 69 44
149 68 40
149 68 41
149 68 42
149 68 43
149 68 44
150 68 40
150 68 41
150 68 42
150 68 43
150 68 44
150 67 40
150 67 41
150 67 42
150 67 43
150 67 44
151 67 40
151 67 41
151 67 42
151 67 43
151 67 44
151 66 40
151 66 41
151 66 42
151 66 43
151 66 44
152 66 40
152 66 41
152 66 42
152 66 43
152 66 44
153 66 40
153 66 41
153 66 42
153 66 43
154 66 40
154 66 41
154 66 42
155 66 40
155 66 41
155 66 42
156 66 40
156 66 41
156 66 42
157 66 40
157 66 41
158 66 40
158 66 41
159 66 40
159 66 41
160 66 40
160 66 41
161 66 40
161 66 41
162 66 40
162 66 41
162 67 40
162 67 41
163 67 40
163 67 41
163 68 40
163 68 41
164 68 40
164 68 41
164 69 40
164 69 41
165 69 40
165 69 41
166 70 40
166 70 41
166 71 40
166 71 41
167 71 40
167 71 41
167 72 40
167 72 41
168 72 40
168 72 41
168 73 40
168 73 41
169 73 40
169 73 41
169 74 40
169 74 41
170 74 40
170 74 41
170 74 42
170 75 40
170 75 41
170 75 42
170 76 40
170 76 41
170 76 42
171 76 40
171 76 41
171 76 42
171 77 40
171 77 41
171 77 42
171 77 43
172 77 40
172 77 41
172 77 42
172 77 43
172 77 44
172 78 40
172 78 41
172 78 42
172 78 43
172 78 44
172 79 40
172 79 41
172 79 42
172 79 43
172 79 44
172 79 45
172 80 40
172 80 41
172 80 42
172 80 43
172 80 44
172 80 45
113 32 40
113 33 40
113 34 40
113 35 40
113 36 40
113 37 40
113 38 40
113 39 40
113 40 40
113 41 40
112 41 40
112 42 40
111 42 40
111 43 40
110 43 40
110 44 40
109 44 40
109 45 40
108 45 40
108 46 40
108 47 40
107 47 40
107 48 40
107 49 40
107 50 40
107 51 40
107 52 40
107 53 40
107 54 40
107 55 40
107 56 40
107 57 40
108 57 40
108 58 40
109 58 40
109 59 40
110 59 40
111 60 40
112 60 40
98 11 40
98 12 40
98 13 40
98 14 40
99 14 40
100 14 40
100 15 40
101 15 40
102 15 40
103 15 40
103 16 40
104 16 40
105 16 40
105 17 40
106 17 40
107 17 40
107 18 40
108 18 40
108 19 40
109 19 40
109 20 40
110 21 40
111 21 40
111 22 40
112 22 40
112 23 40
113 23 40
113 24 40
113 25 40
113 26 40
113 27 40
113 28 40
113 29 40
113 30 40
125 105 40
125 105 41
125 105 42
126 105 40
126 105 41
127 105 40
127 105 41
128 105 40
129 105 40
130 105 40
131 105 40
131 104 40
132 104 40
132 103 40
133 103 40
133 102 40
134 102 40
134 101 40
135 101 40
135 100 40
136 100 40
136 99 40
137 99 40
137 98 40
138 98 40
139 98 40
139 97 40
140 97 40
140 96 40
141 96 40
141 95 40
142 95 40
142 95 41
142 94 40
142 94 41
143 94 40
143 94 41
143 93 40
143 93 41
144 93 40
144 93 41
144 93 42
144 92 40
144 92 41
144 92 42
145 92 40
145 92 41
145 92 42
145 92 43
145 91 40
145 91 41
145 91 42
145 91 43
145 91 44
145 90 40
145 90 41
145 90 42
145 90 43
145 90 44
145 90 45
145 89 40
145 89 41
145 89 42
145 89 43
145 89 44
145 89 45
145 89 46
145 88 40
145 88 41
145 88 42
145 88 43
145 88 44
145 88 45
145 88 46
145 88 47
145 87 40
145 87 41
145 87 42
145 87 43
145 87 44
145 87 45
145 87 46
145 87 47
145 87 48
145 86 40
145 86 41
145 86 42
145 86 43
145 86 44
145 86 45
145 86 46
145 86 47
145 86 48
145 86 49
145 85 40
145 85 41
145 85 42
145 85 43
145 85 44
145 85 45
145 85 46
145 85 47
145 85 48
145 85 49
145 84 40
145 84 41
145 84 42
145 84 43
145 84 44
145 84 45
145 84 46
145 84 47
145 84 48
145 84 49
145 83 40
145 83 41
145 83 42
145 83 43
145 83 44
145 83 45
145 83 46
145 83 47
145 83 48
145 82 40
145 82 41
145 82 42
145 82 43
145 82 44
145 82 45
145 82 46
145 82 47
145 81 40
145 81 41
145 81 42
145 81 43
145 81 44
145 81 45
145 81 46
145 80 40
145 80 41
145 80 42
145 80 43
145 80 44
145 80 45
145 79 40
145 79 41
145 79 42
145 79 43
145 79 44
145 78 40
145 78 41
145 78 42
145 78 43
145 77 40
145 77 41
145 77 42
145 77 43
145 76 40
145 76 41
145 76 42
145 75 40
145 75 41
145 75 42
145 74 40
145 74 41
145 74 42
145 73 40
145 73 41
145 73 42
145 72 40
145 72 41
145 72 42
87 90 40
88 90 40
89 90 40
90 90 40
91 90 40
92 90 40
93 90 40
94 90 40
95 90 40
96 90 40
97 90 40
98 90 40
99 91 40
100 91 40
100 92 40
101 92 40
102 92 40
102 93 40
103 93 40
103 94 40
104 94 40
104 95 40
105 95 40
105 96 40
106 96 40
106 97 40
107 97 40
107 97 41
107 98 40
107 98 41
108 98 40
108 98 41
108 99 40
108 99 41
109 99 40
109 99 41
109 99 42
109 100 40
109 100 41
109 100 42
110 101 40
110 101 41
110 101 42
110 101 43
110 101 44
111 101 40
111 101 41
111 101 42
111 101 43
111 101 44
111 102 40
111 102 41
111 102 42
111 102 43
111 102 44
111 102 45
111 102 46
112 102 40
112 102 41
112 102 42
112 102 43
112 102 44
112 102 45
112 102 46
113 102 40
113 102 41
113 102 42
113 102 43
113 102 44
113 102 45
113 102 46
113 102 47
113 103 40
113 103 41
113 103 42
113 103 43
113 103 44
113 103 45
113 103 46
113 103 47
113 103 48
113 103 49
114 103 40
114 103 41
114 103 42
114 103 43
114 103 44
114 103 45
114 103 46
114 103 47
114 103 48
114 103 49
114 103 50
114 104 40
114 104 41
114 104 42
114 104 43
114 104 44
114 104 45
114 104 46
114 104 47
114 104 48
114 104 49
114 104 50
114 104 51
114 104 52
115 104 40
115 104 41
115 104 42
115 104 43
115 104 44
115 104 45
115 104 46
115 104 47
115 104 48
115 104 49
115 104 50
115 104 51
115 104 52
115 104 53
116 104 40
116 104 41
116 104 42
116 104 43
116 104 44
116 104 45
116 104 46
116 104 47
116 104 48
116 104 49
116 104 50
116 104 51
116 104 52
116 104 53
117 104 40
117 104 41
117 104 42
117 104 43
117 104 44
117 104 45
117 104 46
117 104 47
117 104 48
117 104 49
117 104 50
117 104 51
117 104 52
118 104 40
118 104 41
118 104 42
118 104 43
118 104 44
118 104 45
118 104 46
118 104 47
118 104 48
118 104 49
118 104 50
118 104 51
118 104 52
119 104 40
119 104 41
119 104 42
119 104 43
119 104 44
119 104 45
119 104 46
119 104 47
119 104 48
119 104 49
119 104 50
120 104 40
120 104 41
120 104 42
120 104 43
120 104 44
120 104 45
120 104 46
120 104 47
120 104 48
120 104 49
121 104 40
121 104 41
121 104 42
121 104 43
121 104 44
121 104 45
121 104 46
121 104 47
122 104 40
122 104 41
122 104 42
122 104 43
122 104 44
122 104 45
122 104 46
123 104 40
123 104 41
123 104 42
123 104 43
123 104 44
124 104 40
124 104 41
124 104 42
124 104 43
58 96 40
58 95 40
58 94 40
58 93 40
57 93 40
57 92 40
57 91 40
57 90 40
57 89 40
57 88 40
57 87 40
57 86 40
57 85 40
57 84 40
57 83 40
57 82 40
57 81 40
57 80 40
57 79 40
57 78 40
57 77 40
57 76 40
57 75 40
57 74 40
57 73 40
57 72 40
57 71 40
57 70 40
58 70 40
58 69 40
59 69 40
60 69 40
60 68 40
61 68 40
61 67 40
62 67 40
63 67 40
63 66 40
64 66 40
65 66 40
66 66 40
67 66 40
68 66 40
69 66 40
70 66 40
71 66 40
72 66 40
73 66 40
74 66 40
74 67 40
75 67 40
75 68 40
75 68 41
76 68 40
76 68 41
76 69 40
76 69 41
76 69 42
77 69 40
77 69 41
77 69 42
78 70 40
78 70 41
78 70 42
78 70 43
78 70 44
78 71 40
78 71 41
78 71 42
78 71 43
78 71 44
78 71 45
78 71 46
79 71 40
79 71 41
79 71 42
79 71 43
79 71 44
79 71 45
79 71 46
79 71 47
79 72 40
79 72 41
79 72 42
79 72 43
79 72 44
79 72 45
79 72 46
79 72 47
79 72 48
80 72 40
80 72 41
80 72 42
80 72 43
80 72 44
80 72 45
80 72 46
80 72 47
80 72 48
80 72 49
80 72 50
80 73 40
80 73 41
80 73 42
80 73 43
80 73 44
80 73 45
80 73 46
80 73 47
80 73 48
80 73 49
80 73 50
81 73 40
81 73 41
81 73 42
81 73 43
81 73 44
81 73 45
81 73 46
81 73 47
81 73 48
81 73 49
81 73 50
81 73 51
81 73 52
81 74 40
81 74 41
81 74 42
81 74 43
81 74 44
81 74 45
81 74 46
81 74 47
81 74 48
81 74 49
81 74 50
81 74 51
82 74 40
82 74 41
82 74 42
82 74 43
82 74 44
82 74 45
82 74 46
82 74 47
82 74 48
82 74 49
82 74 50
82 74 51
82 74 52
82 75 40
82 75 41
82 75 42
82 75 43
82 75 44
82 75 45
82 75 46
82 75 47
82 75 48
82 75 49
82 75 50
83 75 40
83 75 41
83 75 42
83 75 43
83 75 44
83 75 45
83 75 46
83 75 47
83 75 48
83 75 49
83 75 50
83 76 40
83 76 41
83 76 42
83 76 43
83 76 44
83 76 45
83 76 46
83 76 47
83 76 48
84 76 40
84 76 41
84 76 42
84 76 43
84 76 44
84 76 45
84 76 46
84 76 47
84 76 48
84 76 49
84 77 40
84 77 41
84 77 42
84 77 43
84 77 44
84 77 45
84 77 46
85 77 40
85 77 41
85 77 42
85 77 43
85 77 44
85 77 45
85 77 46
85 78 40
85 78 41
85 78 42
85 78 43
85 78 44
85 78 45
86 78 40
86 78 41
86 78 42
86 78 43
86 78 44
86 78 45
86 79 40
86 79 41
86 79 42
86 79 43
87 79 40
87 79 41
87 79 42
87 79 43
87 79 44
87 80 40
87 80 41
87 80 42
88 81 40
88 81 41
88 81 42
89 81 40
89 81 41
89 81 42
89 82 40
89 82 41
90 82 40
90 82 41
90 82 42
91 82 40
91 82 41
91 82 42
91 83 40
91 83 41
92 83 40
92 83 41
92 83 42
92 84 40
92 84 41
93 84 40
93 84 41
93 84 42
93 85 40
93 85 41
93 86 40
93 87 40
93 88 40
93 89 40
45 49 40
45 49 41
45 49 42
45 49 43
45 49 44
45 49 45
45 49 46
45 50 40
45 50 41
45 50 42
45 50 43
45 50 44
45 50 45
45 51 40
45 51 41
45 51 42
45 51 43
45 51 44
45 52 40
45 52 41
45 52 42
45 52 43
45 53 40
45 53 41
45 53 42
45 54 40
45 54 41
45 54 42
45 55 40
45 55 41
45 56 40
45 56 41
45 57 40
45 58 40
45 59 40
45 60 40
45 61 40
45 62 40
45 63 40
45 64 40
45 65 40
46 65 40
47 65 40
48 65 40
48 66 40
49 66 40
50 66 40
51 66 40
51 67 40
52 67 40
53 67 40
54 67 40
54 68 40
55 68 40
56 68 40
57 68 40
57 69 40
19 36 40
20 36 40
21 36 40
21 37 40
22 37 40
23 37 40
23 38 40
24 38 40
24 39 40
24 40 40
24 41 40
24 41 41
24 42 40
24 42 41
24 43 40
24 43 41
24 43 42
24 44 40
24 44 41
24 44 42
24 44 43
24 44 44
24 45 40
24 45 41
24 45 42
24 45 43
24 45 44
24 45 45
24 46 40
24 46 41
24 46 42
24 46 43
24 46 44
24 46 45
24 46 46
24 46 47
24 47 40
24 47 41
24 47 42
24 47 43
24 47 44
24 47 45
24 47 46
24 47 47
24 47 48
24 47 49
24 48 40
24 48 41
24 48 42
24 48 43
24 48 44
24 48 45
24 48 46
24 48 47
24 48 48
24 48 49
24 48 50
24 49 40
24 49 41
24 49 42
24 49 43
24 49 44
24 49 45
24 49 46
24 49 47
24 49 48
24 49 49
24 49 50
24 50 40
24 50 41
24 50 42
24 50 43
24 50 44
24 50 45
24 50 46
24 50 47
24 50 48
24 50 49
24 50 50
24 51 40
24 51 41
24 51 42
24 51 43
24 51 44
24 51 45
24 51 46
24 51 47
24 51 48
24 51 49
24 51 50
24 52 40
24 52 41
24 52 42
24 52 43
24 52 44
24 52 45
24 52 46
24 52 47
24 52 48
24 52 49
24 53 40
24 53 41
24 53 42
24 53 43
24 53 44
24 53 45
24 53 46
24 53 47
24 53 48
24 54 40
24 54 41
24 54 42
24 54 43
24 54 44
24 54 45
24 54 46
24 55 40
24 55 41
24 55 42
24 55 43
24 55 44
24 55 45
24 56 40
24 56 41
24 56 42
24 56 43
24 57 40
24 57 41
24 57 42
24 58 40
24 58 41
24 59 40
24 59 41
24 60 40
24 60 41
24 61 40
24 62 40
24 63 40
24 64 40
24 65 40
25 65 40
26 65 40
26 66 40
27 66 40
28 66 40
28 66 41
29 66 40
29 66 41
29 67 40
29 67 41
30 67 40
30 67 41
31 67 40
31 67 41
32 67 40
32 67 41
33 67 40
33 67 41
34 67 40
34 67 41
35 67 40
35 67 41
36 67 40
37 67 40
38 67 40
39 67 40
40 67 40
41 67 40
41 66 40
42 66 40
42 65 40
43 65 40
44 65 40
143 193 40
143 193 41
144 193 40
144 193 41
144 192 40
144 192 41
145 192 40
145 192 41
145 192 42
145 191 40
145 191 41
145 191 42
146 191 40
146 191 41
146 191 42
146 190 40
146 190 41
146 190 42
146 190 43
147 190 40
147 190 41
147 190 42
147 190 43
147 189 40
147 189 41
147 189 42
147 189 43
147 189 44
148 189 40
148 189 41
148 189 42
148 189 43
148 189 44
149 189 40
149 189 41
149 189 42
149 189 43
149 189 44
149 189 45
150 189 40
150 189 41
150 189 42
150 189 43
150 189 44
150 189 45
150 189 46
151 189 40
151 189 41
151 189 42
151 189 43
151 189 44
151 189 45
151 189 46
151 189 47
152 189 40
152 189 41
152 189 42
152 189 43
152 189 44
152 189 45
152 189 46
152 189 47
153 189 40
153 189 41
153 189 42
153 189 43
153 189 44
153 189 45
153 189 46
153 189 47
153 189 48
154 189 40
154 189 41
154 189 42
154 189 43
154 189 44
154 189 45
154 189 46
154 189 47
154 189 48
155 189 40
155 189 41
155 189 42
155 189 43
155 189 44
155 189 45
155 189 46
155 189 47
155 189 48
155 189 49
156 189 40
156 189 41
156 189 42
156 189 43
156 189 44
156 189 45
156 189 46
156 189 47
156 189 48
156 189 49
156 188 40
156 188 41
156 188 42
156 188 43
156 188 44
156 188 45
156 188 46
156 188 47
156 188 48
156 188 49
156 188 50
156 187 40
156 187 41
156 187 42
156 187 43
156 187 44
156 187 45
156 187 46
156 187 47
156 187 48
156 187 49
156 187 50
156 187 51
156 187 52
156 186 40
156 186 41
156 186 42
156 186 43
156 186 44
156 186 45
156 186 46
156 186 47
156 186 48
156 186 49
156 186 50
156 186 51
156 186 52
156 186 53
156 185 40
156 185 41
156 185 42
156 185 43
156 185 44
156 185 45
156 185 46
156 185 47
156 185 48
156 185 49
156 185 50
156 185 51
156 185 52
156 185 53
156 185 54
156 185 55
156 184 40
156 184 41
156 184 42
156 184 43
156 184 44
156 184 45
156 184 46
156 184 47
156 184 48
156 184 49
156 184 50
156 184 51
156 184 52
156 184 53
156 184 54
156 184 55
156 184 56
156 183 40
156 183 41
156 183 42
156 183 43
156 183 44
156 183 45
156 183 46
156 183 47
156 183 48
156 183 49
156 183 50
156 183 51
156 183 52
156 183 53
156 183 54
156 183 55
156 183 56
156 183 57
156 183 58
156 182 40
156 182 41
156 182 42
156 182 43
156 182 44
156 182 45
156 182 46
156 182 47
156 182 48
156 182 49
156 182 50
156 182 51
156 182 52
156 182 53
156 182 54
156 182 55
156 182 56
156 182 57
156 182 58
156 182 59
156 181 40
156 181 41
156 181 42
156 181 43
156 181 44
156 181 45
156 181 46
156 181 47
156 181 48
156 181 49
156 181 50
156 181 51
156 181 52
156 181 53
156 181 54
156 181 55
156 181 56
156 181 57
156 181 58
156 181 59
156 180 40
156 180 41
156 180 42
156 180 43
156 180 44
156 180 45
156 180 46
156 180 47
156 180 48
156 180 49
156 180 50
156 180 51
156 180 52
156 180 53
156 180 54
156 180 55
156 180 56
156 180 57
156 180 58
156 180 59
156 179 40
156 179 41
156 179 42
156 179 43
156 179 44
156 179 45
156 179 46
156 179 47
156 179 48
156 179 49
156 179 50
156 179 51
156 179 52
156 179 53
156 179 54
156 179 55
156 179 56
156 179 57
156 178 40
156 178 41
156 178 42
156 178 43
156 178 44
156 178 45
156 178 46
156 178 47
156 178 48
156 178 49
156 178 50
156 178 51
156 178 52
156 178 53
156 178 54
156 178 55
156 178 56
156 177 40
156 177 41
156 177 42
156 177 43
156 177 44
156 177 45
156 177 46
156 177 47
156 177 48
156 177 49
156 177 50
156 177 51
156 177 52
156 177 53
156 177 54
156 177 55
185 103 40
185 103 41
184 103 40
184 103 41
183 103 40
183 103 41
182 103 40
181 103 40
181 103 41
180 103 40
180 103 41
179 103 40
179 103 41
179 102 40
179 102 41
178 102 40
178 102 41
178 101 40
178 101 41
177 101 40
177 101 41
177 101 42
177 100 40
177 100 41
177 100 42
176 99 40
176 99 41
176 99 42
176 99 43
176 99 44
175 99 40
175 99 41
175 99 42
175 99 43
175 99 44
175 99 45
174 99 40
174 99 41
174 99 42
174 99 43
174 99 44
174 99 45
174 99 46
174 99 47
174 98 40
174 98 41
174 98 42
174 98 43
174 98 44
174 98 45
174 98 46
174 98 47
174 98 48
173 98 40
173 98 41
173 98 42
173 98 43
173 98 44
173 98 45
173 98 46
173 98 47
173 98 48
173 98 49
173 98 50
173 97 40
173 97 41
173 97 42
173 97 43
173 97 44
173 97 45
173 97 46
173 97 47
173 97 48
173 97 49
173 97 50
173 97 51
173 96 40
173 96 41
173 96 42
173 96 43
173 96 44
173 96 45
173 96 46
173 96 47
173 96 48
173 96 49
173 96 50
173 96 51
173 96 52
173 96 53
172 96 40
172 96 41
172 96 42
172 96 43
172 96 44
172 96 45
172 96 46
172 96 47
172 96 48
172 96 49
172 96 50
172 96 51
172 96 52
172 96 53
172 96 54
172 96 55
172 95 40
172 95 41
172 95 42
172 95 43
172 95 44
172 95 45
172 95 46
172 95 47
172 95 48
172 95 49
172 95 50
172 95 51
172 95 52
172 95 53
172 95 54
172 95 55
172 95 56
172 94 40
172 94 41
172 94 42
172 94 43
172 94 44
172 94 45
172 94 46
172 94 47
172 94 48
172 94 49
172 94 50
172 94 51
172 94 52
172 94 53
172 94 54
172 94 55
172 94 56
172 94 57
172 93 40
172 93 41
172 93 42
172 93 43
172 93 44
172 93 45
172 93 46
172 93 47
172 93 48
172 93 49
172 93 50
172 93 51
172 93 52
172 93 53
172 93 54
172 93 55
172 93 56
172 93 57
172 92 40
172 92 41
172 92 42
172 92 43
172 92 44
172 92 45
172 92 46
172 92 47
172 92 48
172 92 49
172 92 50
172 92 51
172 92 52
172 92 53
172 92 54
172 92 55
172 92 56
172 92 57
172 91 40
172 91 41
172 91 42
172 91 43
172 91 44
172 91 45
172 91 46
172 91 47
172 91 48
172 91 49
172 91 50
172 91 51
172 91 52
172 91 53
172 91 54
172 91 55
172 91 56
172 91 57
172 90 40
172 90 41
172 90 42
172 90 43
172 90 44
172 90 45
172 90 46
172 90 47
172 90 48
172 90 49
172 90 50
172 90 51
172 90 52
172 90 53
172 90 54
172 90 55
172 90 56
172 89 40
172 89 41
172 89 42
172 89 43
172 89 44
172 89 45
172 89 46
172 89 47
172 89 48
172 89 49
172 89 50
172 89 51
172 89 52
172 89 53
172 89 54
172 89 55
172 89 56
172 88 40
172 88 41
172 88 42
172 88 43
172 88 44
172 88 45
172 88 46
172 88 47
172 88 48
172 88 49
172 88 50
172 88 51
172 88 52
172 88 53
172 88 54
172 88 55
172 87 40
172 87 41
172 87 42
172 87 43
172 87 44
172 87 45
172 87 46
172 87 47
172 87 48
172 87 49
172 87 50
172 87 51
172 87 52
172 87 53
172 87 54
172 86 40
172 86 41
172 86 42
172 86 43
172 86 44
172 86 45
172 86 46
172 86 47
172 86 48
172 86 49
172 86 50
172 86 51
172 86 52
172 85 40
172 85 41
172 85 42
172 85 43
172 85 44
172 85 45
172 85 46
172 85 47
172 85 48
172 85 49
172 85 50
172 85 51
172 84 40
172 84 41
172 84 42
172 84 43
172 84 44
172 84 45
172 84 46
172 84 47
172 84 48
172 84 49
172 84 50
172 83 40
172 83 41
172 83 42
172 83 43
172 83 44
172 83 45
172 83 46
172 83 47
172 83 48
172 83 49
172 82 40
172 82 41
172 82 42
172 82 43
172 82 44
172 82 45
172 82 46
172 82 47
172 82 48
