0 0 100
0 20 100
0 40 100
0 60 100
0 80 100
0 100 100
0 120 100
0 140 100
0 160 100
0 180 100
0 199 100
11 10 100
11 30 100
11 50 100
11 70 100
11 90 100
11 110 100
11 130 100
11 150 100
11 170 100
11 190 100
22 0 100
22 20 100
22 40 100
22 60 100
22 80 100
22 100 100
22 120 100
22 140 100
22 160 100
22 180 100
22 199 100
33 10 100
33 30 100
33 50 100
33 70 100
33 90 100
33 110 100
33 130 100
33 150 100
33 170 100
33 190 100
44 0 100
44 20 100
44 40 100
44 60 100
44 80 100
44 100 100
44 120 100
44 140 100
44 160 100
44 180 100
44 199 100
55 10 100
55 30 100
55 50 100
55 70 100
55 90 100
55 110 100
55 130 100
55 150 100
55 170 100
55 190 100
66 0 100
66 20 100
66 40 100
66 60 100
66 80 100
66 100 100
66 120 100
66 140 100
66 160 100
66 180 100
66 199 100
77 10 100
77 30 100
77 50 100
77 70 100
77 90 100
77 110 100
77 130 100
77 150 100
77 170 100
77 190 100
88 0 100
88 20 100
88 40 100
88 60 100
88 80 100
88 100 100
88 120 100
88 140 100
88 160 100
88 180 100
88 199 100
99 10 100
99 30 100
99 50 100
99 70 100
99 90 100
99 110 100
99 130 100
99 150 100
99 170 100
99 190 100
110 0 100
110 20 100
110 40 100
110 60 100
110 80 100
110 100 100
110 120 100
110 140 100
110 160 100
110 180 100
110 199 100
121 10 100
121 30 100
121 50 100
121 70 100
121 90 100
121 110 100
121 130 100
121 150 100
121 170 100
121 190 100
132 0 100
132 20 100
132 40 100
132 60 100
132 80 100
132 100 100
132 120 100
132 140 100
132 160 100
132 180 100
132 199 100
143 10 100
143 30 100
143 50 100
143 70 100
143 90 100
143 110 100
143 130 100
143 150 100
143 170 100
143 190 100
154 0 100
154 20 100
154 40 100
154 60 100
154 80 100
154 100 100
154 120 100
154 140 100
154 160 100
154 180 100
154 199 100
165 10 100
165 30 100
165 50 100
165 70 100
165 90 100
165 110 100
165 130 100
165 150 100
165 170 100
165 190 100
176 0 100
176 20 100
176 40 100
176 60 100
176 80 100
176 100 100
176 120 100
176 140 100
176 160 100
176 180 100
176 199 100
187 10 100
187 30 100
187 50 100
187 70 100
187 90 100
187 110 100
187 130 100
187 150 100
187 170 100
187 190 100
198 0 100
198 20 100
198 40 100
198 60 100
198 80 100
198 100 100
198 120 100
198 140 100
198 160 100
198 180 100
198 199 100
0 0 100
0 60 100
0 160 100
11 10 100
11 50 100
11 70 100
11 90 100
11 110 100
11 150 100
11 170 100
11 190 100
22 0 100
22 20 100
22 60 100
22 80 100
22 100 100
22 120 100
22 140 100
22 160 100
22 180 100
33 10 100
33 30 100
33 70 100
33 130 100
33 190 100
44 40 100
44 180 100
44 199 100
55 10 100
55 90 100
55 110 100
55 150 100
55 190 100
66 40 100
66 80 100
66 180 100
77 90 100
77 130 100
77 170 100
77 190 100
88 20 100
88 40 100
88 60 100
88 120 100
99 10 100
99 30 100
99 50 100
99 70 100
99 130 100
99 150 100
99 170 100
110 0 100
110 20 100
110 40 100
110 60 100
110 100 100
110 120 100
110 180 100
110 199 100
121 30 100
121 90 100
121 110 100
121 130 100
121 170 100
121 190 100
132 20 100
132 40 100
132 60 100
132 100 100
132 120 100
132 140 100
132 180 100
132 199 100
143 110 100
143 130 100
143 170 100
143 190 100
154 0 100
154 40 100
154 60 100
154 80 100
154 100 100
154 140 100
154 160 100
154 180 100
165 10 100
165 70 100
165 90 100
165 110 100
165 130 100
165 150 100
165 190 100
176 0 100
176 20 100
176 40 100
176 60 100
176 80 100
176 120 100
176 140 100
176 160 100
176 180 100
176 199 100
187 70 100
187 90 100
187 130 100
187 190 100
198 0 100
198 20 100
198 60 100
198 80 100
198 100 100
198 120 100
198 199 100
40 162 40
82 152 40
54 127 40
166 199 40
40 100 40
140 34 40
140 34 72
140 34 104
140 34 136
70 54 40
127 158 40
30 195 40
77 18 40
40 101 40
40 101 72
40 102 40
40 102 72
40 103 40
40 103 72
40 104 40
40 104 72
40 105 40
40 105 72
40 106 40
40 106 72
40 107 40
40 108 40
40 109 40
40 110 40
40 111 40
40 112 40
40 113 40
40 114 40
40 115 40
41 115 40
41 116 40
41 117 40
42 117 40
42 118 40
43 118 40
43 118 72
43 119 40
43 119 72
44 119 40
44 119 72
45 120 40
45 120 72
45 121 40
45 121 72
46 121 40
46 121 72
46 121 104
46 122 40
46 122 72
46 123 40
46 123 72
47 123 40
47 123 72
47 124 40
47 124 72
48 124 40
48 124 72
48 125 40
48 125 72
49 125 40
49 125 72
49 126 40
49 126 72
50 126 40
50 126 72
50 127 40
51 127 40
52 127 40
53 127 40
70 55 40
70 56 40
70 57 40
70 58 40
70 59 40
70 60 40
70 61 40
69 61 40
68 61 40
68 62 40
67 62 40
67 62 72
66 62 40
66 62 72
65 62 40
65 62 72
64 62 40
64 62 72
63 62 40
63 62 72
62 62 40
62 62 72
62 63 40
62 63 72
61 63 40
61 63 72
60 63 40
60 63 72
59 63 40
59 63 72
58 63 40
58 64 40
58 64 72
57 64 40
57 65 40
57 65 72
57 66 40
57 66 72
56 66 40
56 66 72
56 67 40
56 67 72
56 68 40
56 68 72
55 68 40
55 68 72
55 69 40
55 69 72
55 71 40
55 71 72
55 71 104
54 71 40
54 71 72
54 72 40
54 72 72
54 72 104
53 72 40
53 72 72
53 73 40
53 73 72
53 73 104
53 74 40
53 74 72
53 74 104
53 74 136
53 74 168
52 74 40
52 74 72
52 74 104
52 74 136
52 75 40
52 75 72
52 75 104
52 75 136
52 75 168
51 75 40
51 75 72
51 75 104
51 75 136
51 76 40
51 76 72
51 76 104
51 76 136
51 76 168
51 76 200
51 77 40
51 77 72
51 77 104
51 77 136
51 77 168
51 77 200
51 77 232
51 77 264
50 77 40
50 77 72
50 77 104
50 77 136
50 77 168
50 77 200
50 78 40
50 78 72
50 78 104
50 78 136
50 78 168
50 78 200
50 78 232
50 78 264
49 78 40
49 78 72
49 78 104
49 78 136
49 78 168
49 78 200
49 79 40
49 79 72
49 79 104
49 79 136
49 79 168
49 79 200
49 79 232
48 79 40
48 79 72
48 79 104
48 79 136
48 79 168
48 80 40
48 80 72
48 80 104
48 80 136
48 80 168
48 80 200
48 80 232
47 80 40
47 80 72
47 80 104
47 80 136
47 80 168
47 81 40
47 81 72
47 81 104
47 81 136
47 81 168
47 81 200
46 81 40
46 81 72
46 81 104
46 81 136
46 82 40
46 82 72
46 82 104
46 82 136
46 82 168
45 82 40
45 82 72
45 82 104
45 83 40
45 83 72
45 83 104
45 83 136
44 83 40
44 83 72
44 83 104
44 84 40
44 84 72
44 84 104
43 84 40
43 84 72
43 85 40
43 85 72
42 85 40
42 85 72
42 86 40
42 86 72
42 87 40
42 87 72
41 87 40
41 88 40
40 88 40
40 89 40
40 90 40
40 91 40
40 92 40
40 93 40
40 94 40
40 95 40
40 96 40
40 97 40
40 98 40
40 99 40
127 157 40
127 156 40
127 155 40
126 155 40
125 155 40
124 155 40
123 155 40
122 155 40
121 155 40
120 155 40
119 155 40
118 155 40
118 156 40
117 156 40
117 157 40
116 157 40
116 157 72
116 158 40
116 158 72
115 158 40
115 158 72
115 159 40
115 159 72
114 159 40
114 159 72
114 160 40
114 160 72
113 160 40
113 160 72
113 161 40
113 161 72
112 161 40
112 161 72
112 162 40
112 162 72
111 162 40
111 162 72
111 163 40
111 163 72
110 163 40
110 164 40
109 164 40
109 165 40
108 165 40
108 166 40
107 166 40
106 166 40
106 167 40
105 167 40
105 168 40
104 168 40
103 168 40
102 168 40
101 168 40
100 168 40
100 168 72
99 168 40
99 168 72
98 168 40
98 168 72
97 168 40
97 168 72
96 168 40
96 168 72
96 168 104
95 168 40
95 168 72
95 168 104
94 168 40
94 168 72
94 168 104
93 168 40
93 168 72
93 168 104
92 168 40
92 168 72
92 168 104
91 168 40
91 168 72
91 168 104
90 168 40
90 168 72
90 168 104
90 167 40
90 167 72
90 167 104
89 167 40
89 167 72
89 166 40
89 166 72
89 165 40
89 165 72
88 165 40
88 165 72
88 164 40
87 164 40
87 163 40
86 163 40
86 162 40
85 162 40
85 161 40
84 161 40
84 160 40
83 160 40
83 159 40
82 159 40
82 158 40
82 157 40
82 156 40
82 155 40
82 154 40
82 153 40
76 18 40
75 18 40
74 18 40
73 18 40
72 18 40
72 19 40
72 20 40
71 20 40
71 21 40
71 22 40
70 22 40
70 23 40
69 23 40
68 23 40
68 24 40
67 24 40
66 24 40
66 25 40
65 25 40
64 25 40
64 26 40
63 26 40
63 27 40
62 27 40
62 27 72
61 27 40
61 27 72
60 27 40
60 27 72
59 27 40
59 27 72
58 27 40
58 27 72
57 27 40
57 27 72
56 27 40
56 27 72
55 27 40
55 27 72
54 27 40
54 27 72
53 27 40
53 27 72
52 27 40
52 27 72
51 27 40
51 27 72
51 26 40
51 26 72
50 26 40
50 26 72
49 26 40
49 26 72
48 26 40
48 26 72
47 26 40
47 26 72
46 26 40
46 26 72
45 26 40
45 26 72
44 26 40
44 26 72
43 26 40
43 26 72
42 26 40
41 26 40
41 27 40
41 27 72
40 27 40
40 28 40
40 28 72
39 28 40
39 28 72
39 29 40
39 29 72
38 29 40
38 29 72
37 29 40
37 29 72
37 30 40
37 30 72
36 30 40
36 30 72
36 31 40
36 31 72
36 31 104
35 31 40
35 31 72
35 31 104
35 32 40
35 32 72
35 32 104
35 32 136
34 32 40
34 32 72
34 32 104
34 32 136
34 33 40
34 33 72
34 33 104
34 33 136
34 33 168
33 33 40
33 33 72
33 33 104
33 33 136
33 34 40
33 34 72
33 34 104
33 34 136
33 34 168
32 34 40
32 34 72
32 34 104
32 34 136
32 35 40
32 35 72
32 35 104
32 35 136
32 35 168
31 35 40
31 35 72
31 35 104
31 35 136
31 36 40
31 36 72
31 36 104
31 36 136
30 36 40
30 36 72
30 36 104
30 37 40
30 37 72
30 37 104
30 38 40
30 38 72
30 38 104
30 39 40
30 39 72
30 40 40
30 40 72
30 41 40
30 41 72
30 42 40
30 42 72
30 43 40
30 43 72
30 44 40
30 44 72
30 45 40
30 46 40
30 47 40
31 47 40
31 48 40
32 48 40
32 49 40
33 49 40
34 50 40
34 51 40
35 51 40
35 52 40
36 52 40
36 53 40
37 53 40
37 54 40
38 54 40
38 55 40
39 55 40
39 56 40
40 56 40
41 56 40
41 57 40
42 57 40
43 57 40
43 58 40
44 58 40
45 58 40
46 58 40
46 59 40
47 59 40
48 59 40
49 59 40
50 59 40
51 59 40
52 59 40
53 59 40
53 60 40
54 60 40
55 60 40
55 61 40
56 61 40
56 62 40
56 63 40
57 63 40
29 195 40
28 195 40
27 195 40
26 195 40
25 195 40
24 195 40
23 195 40
22 195 40
21 195 40
20 195 40
20 194 40
20 193 40
20 192 40
20 191 40
20 190 40
20 189 40
20 188 40
20 187 40
20 186 40
20 185 40
21 185 40
21 184 40
22 184 40
22 183 40
22 183 72
23 183 40
23 183 72
23 182 40
23 182 72
24 182 40
24 182 72
24 181 40
24 181 72
24 181 104
25 181 40
25 181 72
25 181 104
25 180 40
25 180 72
25 180 104
26 180 40
26 180 72
26 180 104
26 179 40
26 179 72
26 179 104
27 179 40
27 179 72
27 179 104
27 178 40
27 178 72
27 178 104
28 178 40
28 178 72
29 178 40
29 178 72
29 177 40
29 177 72
30 177 40
30 177 72
30 176 40
30 176 72
31 176 40
31 176 72
31 175 40
31 175 72
32 175 40
32 175 72
32 174 40
32 174 72
33 174 40
33 174 72
33 173 40
33 173 72
34 173 40
34 172 40
34 172 72
35 172 40
35 171 40
36 171 40
36 170 40
37 170 40
37 169 40
38 169 40
38 168 40
39 168 40
39 167 40
40 167 40
40 166 40
40 165 40
40 164 40
40 163 40
141 34 40
141 34 72
141 34 104
142 34 40
142 34 72
143 34 40
143 34 72
144 34 40
145 34 40
146 34 40
147 34 40
148 34 40
149 34 40
150 34 40
150 35 40
150 36 40
150 37 40
150 38 40
150 38 72
150 39 40
150 39 72
150 40 40
150 40 72
150 40 104
150 41 40
150 41 72
150 41 104
150 42 40
150 42 72
150 42 104
150 42 136
150 43 40
150 43 72
150 43 104
150 43 136
150 43 168
150 44 40
150 44 72
150 44 104
150 44 136
150 44 168
150 44 200
150 45 40
150 45 72
150 45 104
150 45 136
150 45 168
150 45 200
150 45 232
150 46 40
150 46 72
150 46 104
150 46 136
150 46 168
150 46 200
150 46 232
150 46 264
150 47 40
150 47 72
150 47 104
150 47 136
150 47 168
150 47 200
150 47 232
150 47 264
150 48 40
150 48 72
150 48 104
150 48 136
150 48 168
150 48 200
150 48 232
150 48 264
150 48 296
150 49 40
150 49 72
150 49 104
150 49 136
150 49 168
150 49 200
150 49 232
150 49 264
150 49 296
150 50 40
150 50 72
150 50 104
150 50 136
150 50 168
150 50 200
150 50 232
150 50 264
150 50 296
150 51 40
150 51 72
150 51 104
150 51 136
150 51 168
150 51 200
150 51 232
150 51 264
150 51 296
150 52 40
150 52 72
150 52 104
150 52 136
150 52 168
150 52 200
150 52 232
150 52 264
150 53 40
150 53 72
150 53 104
150 53 136
150 53 168
150 53 200
150 53 232
150 54 40
150 54 72
150 54 104
150 54 136
150 54 168
150 54 200
150 55 40
150 55 72
150 55 104
150 55 136
150 55 168
150 55 200
150 56 40
150 56 72
150 56 104
150 56 136
150 56 168
150 57 40
150 57 72
150 57 104
150 57 136
150 58 40
150 58 72
150 58 104
150 58 136
150 59 40
150 59 72
150 59 104
150 60 40
150 60 72
150 60 104
150 61 40
150 61 72
150 61 104
150 62 40
150 62 72
150 62 104
150 63 40
150 63 72
150 63 104
150 64 40
150 64 72
150 64 104
150 65 40
150 65 72
150 65 104
150 66 40
150 66 72
150 66 104
150 67 40
150 67 72
150 67 104
149 67 40
149 67 72
149 67 104
149 67 136
149 68 40
149 68 72
149 68 104
149 68 136
148 68 40
148 68 72
148 68 104
148 69 40
148 69 72
148 69 104
147 69 40
147 69 72
147 69 104
147 70 40
147 70 72
147 70 104
146 70 40
146 70 72
146 70 104
146 71 40
146 71 72
145 71 40
145 71 72
145 72 40
145 72 72
144 72 40
144 73 40
143 73 40
143 74 40
142 74 40
142 75 40
141 75 40
141 76 40
140 76 40
140 77 40
139 77 40
138 77 40
137 77 40
136 77 40
135 77 40
134 77 40
133 77 40
132 77 40
131 77 40
130 77 40
129 77 40
128 77 40
128 76 40
127 76 40
126 76 40
125 76 40
124 76 40
123 76 40
122 76 40
121 76 40
120 76 40
119 76 40
118 76 40
118 77 40
117 77 40
117 78 40
116 78 40
116 79 40
115 79 40
114 79 40
114 80 40
113 80 40
113 81 40
112 81 40
112 82 40
111 82 40
111 83 40
110 83 40
110 84 40
109 84 40
109 85 40
108 85 40
108 86 40
107 86 40
106 86 40
106 87 40
105 87 40
105 88 40
104 88 40
103 88 40
103 89 40
102 89 40
102 90 40
101 90 40
100 90 40
100 91 40
99 91 40
98 91 40
98 92 40
98 93 40
97 93 40
97 94 40
97 95 40
96 95 40
96 96 40
96 97 40
95 97 40
95 98 40
94 98 40
94 99 40
94 100 40
93 100 40
93 101 40
93 102 40
92 102 40
92 102 72
92 103 40
92 103 72
91 103 40
91 103 72
90 103 40
90 103 72
90 104 40
90 104 72
90 104 104
89 104 40
89 104 72
89 104 104
88 104 40
88 104 72
88 104 104
88 105 40
88 105 72
88 105 104
87 105 40
87 105 72
87 105 104
86 105 40
86 105 72
86 105 104
86 106 40
86 106 72
86 106 104
85 106 40
85 106 72
85 106 104
85 107 40
85 107 72
85 107 104
84 107 40
84 107 72
84 107 104
83 107 40
83 107 72
83 108 40
83 108 72
82 108 40
82 108 72
82 109 40
82 109 72
81 109 40
81 109 72
80 109 40
80 110 40
79 110 40
78 110 40
78 111 40
77 111 40
76 111 40
76 112 40
76 113 40
75 113 40
75 114 40
74 114 40
74 115 40
73 115 40
73 116 40
73 117 40
72 117 40
72 118 40
71 118 40
71 119 40
70 119 40
70 120 40
69 120 40
69 121 40
68 121 40
68 122 40
67 122 40
67 123 40
66 123 40
66 124 40
65 124 40
65 125 40
64 125 40
64 126 40
63 126 40
63 127 40
62 127 40
62 128 40
61 128 40
60 128 40
59 128 40
58 128 40
57 128 40
56 128 40
55 128 40
54 128 40
167 199 40
168 199 40
169 199 40
170 199 40
171 199 40
172 199 40
172 199 72
173 199 40
173 199 72
174 199 40
174 199 72
174 199 104
175 199 40
175 199 72
175 199 104
177 199 40
177 199 72
177 199 104
178 199 40
178 199 72
178 199 104
179 199 40
179 199 72
179 199 104
180 199 40
180 199 72
181 199 40
181 199 72
182 199 40
182 198 40
183 198 40
183 197 40
183 196 40
183 196 72
183 195 40
183 195 72
183 194 40
183 194 72
183 194 104
183 193 40
183 193 72
183 193 104
183 192 40
183 192 72
183 192 104
183 192 136
183 191 40
183 191 72
183 191 104
183 191 136
183 190 40
183 190 72
183 190 104
183 190 136
183 190 168
183 189 40
183 189 72
183 189 104
183 189 136
183 189 168
183 188 40
183 188 72
183 188 104
183 188 136
183 188 168
183 187 40
183 187 72
183 187 104
183 187 136
183 187 168
183 186 40
183 186 72
183 186 104
183 186 136
183 186 168
183 185 40
183 185 72
183 185 104
183 185 136
183 185 168
183 184 40
183 184 72
183 184 104
183 184 136
183 184 168
183 183 40
183 183 72
183 183 104
183 183 136
183 182 40
183 182 72
183 182 104
183 182 136
183 181 40
183 181 72
183 181 104
183 181 136
183 180 40
183 180 72
183 180 104
183 179 40
183 179 72
183 179 104
183 178 40
183 178 72
183 178 104
182 178 40
182 178 72
182 178 104
181 178 40
181 178 72
181 178 104
181 178 136
180 178 40
180 178 72
180 178 104
180 178 136
179 178 40
179 178 72
179 178 104
178 178 40
178 178 72
178 178 104
177 178 40
177 178 72
177 178 104
176 178 40
176 178 72
175 178 40
175 178 72
175 177 40
175 177 72
174 177 40
174 177 72
173 177 40
172 177 40
172 176 40
171 176 40
170 176 40
169 176 40
169 175 40
168 175 40
167 175 40
166 175 40
165 175 40
164 175 40
163 175 40
162 175 40
161 175 40
160 175 40
159 175 40
158 175 40
157 175 40
156 175 40
156 175 72
155 175 40
155 175 72
154 175 40
154 175 72
154 175 104
154 175 136
153 175 40
153 175 72
153 175 104
153 175 136
153 175 168
152 175 40
152 175 72
152 175 104
152 175 136
152 175 168
152 175 200
152 175 232
151 175 40
151 175 72
151 175 104
151 175 136
151 175 168
151 175 200
151 175 232
151 175 264
151 174 40
151 174 72
151 174 104
151 174 136
151 174 168
151 174 200
151 174 232
151 174 264
151 174 296
151 173 40
151 173 72
151 173 104
151 173 136
151 173 168
151 173 200
151 173 232
151 173 264
151 173 296
151 172 40
151 172 72
151 172 104
151 172 136
151 172 168
151 172 200
151 172 232
151 172 264
151 172 296
151 172 328
151 171 40
151 171 72
151 171 104
151 171 136
151 171 168
151 171 200
151 171 232
151 171 264
151 171 296
151 171 328
151 170 40
151 170 72
151 170 104
151 170 136
151 170 168
151 170 200
151 170 232
151 170 264
151 170 296
151 170 328
151 170 360
151 169 40
151 169 72
151 169 104
151 169 136
151 169 168
151 169 200
151 169 232
151 169 264
151 169 296
151 169 328
151 169 360
151 168 40
151 168 72
151 168 104
151 168 136
151 168 168
151 168 200
151 168 232
151 168 264
151 168 296
151 168 328
151 168 360
151 167 40
151 167 72
151 167 104
151 167 136
151 167 168
151 167 200
151 167 232
151 167 264
151 167 296
151 167 328
151 167 360
151 167 392
151 166 40
151 166 72
151 166 104
151 166 136
151 166 168
151 166 200
151 166 232
151 166 264
151 166 296
151 166 328
151 166 360
151 166 392
151 165 40
151 165 72
151 165 104
151 165 136
151 165 168
151 165 200
151 165 232
151 165 264
151 165 296
151 165 328
151 165 360
151 165 392
151 164 40
151 164 72
151 164 104
151 164 136
151 164 168
151 164 200
151 164 232
151 164 264
151 164 296
151 164 328
151 164 360
151 164 392
151 163 40
151 163 72
151 163 104
151 163 136
151 163 168
151 163 200
151 163 232
151 163 264
151 163 296
151 163 328
151 163 360
151 162 40
151 162 72
151 162 104
151 162 136
151 162 168
151 162 200
151 162 232
151 162 264
151 162 296
151 162 328
151 161 40
151 161 72
151 161 104
151 161 136
151 161 168
151 161 200
151 161 232
151 161 264
151 161 296
151 160 40
151 160 72
151 160 104
151 160 136
151 160 168
151 160 200
151 160 232
151 160 264
151 159 40
151 159 72
151 159 104
151 159 136
151 159 168
151 159 200
151 158 40
151 158 72
151 158 104
151 158 136
151 158 168
151 157 40
151 157 72
151 157 104
151 156 40
151 156 72
151 155 40
150 155 40
150 155 72
149 155 40
149 155 72
148 155 40
148 155 72
147 155 40
147 155 72
146 155 40
146 155 72
145 155 40
145 155 72
144 155 40
144 155 72
143 155 40
143 155 72
142 155 40
142 155 72
141 155 40
141 155 72
140 155 40
140 155 72
139 155 40
138 155 40
137 155 40
136 155 40
135 155 40
134 155 40
133 155 40
132 155 40
131 155 40
130 155 40
129 155 40
128 155 40
