0 0 100
0 20 100
0 40 100
0 60 100
0 80 100
0 100 100
0 120 100
0 140 100
0 160 100
0 180 100
0 199 100
11 10 100
11 30 100
11 50 100
11 70 100
11 90 100
11 110 100
11 130 100
11 150 100
11 170 100
11 190 100
22 0 100
22 20 100
22 40 100
22 60 100
22 80 100
22 100 100
22 120 100
22 140 100
22 160 100
22 180 100
22 199 100
33 10 100
33 30 100
33 50 100
33 70 100
33 90 100
33 110 100
33 130 100
33 150 100
33 170 100
33 190 100
44 0 100
44 20 100
44 40 100
44 60 100
44 80 100
44 100 100
44 120 100
44 140 100
44 160 100
44 180 100
44 199 100
55 10 100
55 30 100
55 50 100
55 70 100
55 90 100
55 110 100
55 130 100
55 150 100
55 170 100
55 190 100
66 0 100
66 20 100
66 40 100
66 60 100
66 80 100
66 100 100
66 120 100
66 140 100
66 160 100
66 180 100
66 199 100
77 10 100
77 30 100
77 50 100
77 70 100
77 90 100
77 110 100
77 130 100
77 150 100
77 170 100
77 190 100
88 0 100
88 20 100
88 40 100
88 60 100
88 80 100
88 100 100
88 120 100
88 140 100
88 160 100
88 180 100
88 199 100
99 10 100
99 30 100
99 50 100
99 70 100
99 90 100
99 110 100
99 130 100
99 150 100
99 170 100
99 190 100
110 0 100
110 20 100
110 40 100
110 60 100
110 80 100
110 100 100
110 120 100
110 140 100
110 160 100
110 180 100
110 199 100
121 10 100
121 30 100
121 50 100
121 70 100
121 90 100
121 110 100
121 130 100
121 150 100
121 170 100
121 190 100
132 0 100
132 20 100
132 40 100
132 60 100
132 80 100
132 100 100
132 120 100
132 140 100
132 160 100
132 180 100
132 199 100
143 10 100
143 30 100
143 50 100
143 70 100
143 90 100
143 110 100
143 130 100
143 150 100
143 170 100
143 190 100
154 0 100
154 20 100
154 40 100
154 60 100
154 80 100
154 100 100
154 120 100
154 140 100
154 160 100
154 180 100
154 199 100
165 10 100
165 30 100
165 50 100
165 70 100
165 90 100
165 110 100
165 130 100
165 150 100
165 170 100
165 190 100
176 0 100
176 20 100
176 40 100
176 60 100
176 80 100
176 100 100
176 120 100
176 140 100
176 160 100
176 180 100
176 199 100
187 10 100
187 30 100
187 50 100
187 70 100
187 90 100
187 110 100
187 130 100
187 150 100
187 170 100
187 190 100
198 0 100
198 20 100
198 40 100
198 60 100
198 80 100
198 100 100
198 120 100
198 140 100
198 160 100
198 180 100
198 199 100
0 20 100
0 40 100
0 60 100
0 80 100
0 100 100
0 120 100
0 140 100
0 160 100
0 180 100
0 199 100
11 30 100
11 50 100
11 70 100
11 90 100
11 110 100
11 130 100
11 150 100
11 170 100
11 190 100
22 20 100
22 40 100
22 60 100
22 80 100
22 100 100
22 120 100
22 140 100
22 160 100
22 180 100
22 199 100
33 10 100
33 30 100
33 50 100
33 70 100
33 90 100
33 110 100
33 130 100
33 170 100
33 190 100
44 0 100
44 20 100
44 40 100
44 60 100
44 80 100
44 100 100
44 120 100
44 140 100
44 160 100
44 180 100
44 199 100
55 30 100
55 70 100
55 110 100
55 130 100
55 150 100
55 170 100
66 0 100
66 20 100
66 140 100
66 160 100
77 10 100
77 30 100
77 130 100
77 150 100
77 190 100
88 0 100
88 20 100
88 40 100
88 60 100
88 120 100
88 140 100
88 160 100
88 180 100
88 199 100
99 10 100
99 50 100
99 70 100
99 110 100
99 130 100
99 150 100
99 170 100
99 190 100
110 0 100
110 60 100
110 80 100
110 100 100
110 120 100
110 140 100
110 160 100
110 180 100
110 199 100
121 50 100
121 70 100
121 90 100
121 110 100
121 130 100
121 150 100
121 170 100
121 190 100
132 0 100
132 60 100
132 80 100
132 100 100
132 120 100
132 160 100
132 180 100
132 199 100
143 10 100
143 70 100
143 90 100
143 110 100
143 150 100
143 170 100
143 190 100
154 0 100
154 20 100
154 40 100
154 140 100
154 160 100
154 180 100
154 199 100
165 10 100
165 30 100
165 50 100
165 130 100
165 150 100
165 170 100
165 190 100
176 0 100
176 20 100
176 40 100
176 60 100
176 120 100
176 140 100
176 160 100
176 199 100
187 10 100
187 30 100
187 50 100
187 70 100
187 110 100
187 130 100
187 150 100
198 0 100
198 20 100
198 40 100
198 60 100
198 80 100
198 100 100
198 120 100
198 140 100
91 92 40
131 123 40
131 123 44
18 108 40
18 108 44
18 108 48
18 108 52
18 108 56
18 108 60
18 108 64
18 108 68
18 108 72
18 108 76
18 108 80
18 108 84
18 108 88
18 108 92
18 108 96
18 108 100
18 108 104
18 108 108
18 108 112
18 108 116
18 108 120
18 108 124
18 108 128
18 108 132
18 108 136
18 108 140
18 108 144
18 108 148
18 108 152
18 108 156
18 108 160
198 188 40
110 23 40
188 83 40
110 24 40
110 25 40
110 26 40
110 27 40
110 28 40
110 29 40
110 30 40
110 31 40
109 31 40
109 32 40
108 32 40
107 32 40
106 32 40
105 32 40
105 33 40
104 33 40
103 33 40
103 34 40
102 34 40
101 34 40
101 35 40
100 35 40
100 35 44
99 35 40
99 35 44
99 36 40
99 36 44
98 36 40
98 36 44
98 37 40
98 37 44
98 37 48
97 37 40
97 37 44
97 37 48
97 38 40
97 38 44
97 38 48
97 38 52
96 38 40
96 38 44
96 38 48
95 38 40
95 38 44
95 38 48
95 39 40
95 39 44
95 39 48
95 39 52
94 39 40
94 39 44
94 39 48
94 39 52
94 40 40
94 40 44
94 40 48
94 40 52
94 40 56
93 40 40
93 40 44
93 40 48
93 40 52
93 41 40
93 41 44
93 41 48
93 41 52
93 41 56
92 41 40
92 41 44
92 41 48
92 41 52
92 41 56
91 41 40
91 41 44
91 41 48
91 41 52
91 41 56
90 41 40
90 41 44
90 41 48
90 41 52
90 41 56
90 41 60
90 42 40
90 42 44
90 42 48
90 42 52
90 42 56
90 42 60
90 42 64
89 42 40
89 42 44
89 42 48
89 42 52
89 42 56
89 42 60
89 42 64
89 42 68
88 42 40
88 42 44
88 42 48
88 42 52
88 42 56
88 42 60
88 42 64
88 42 68
88 42 72
87 42 40
87 42 44
87 42 48
87 42 52
87 42 56
87 42 60
87 42 64
87 42 68
87 42 72
87 42 76
87 43 40
87 43 44
87 43 48
87 43 52
87 43 56
87 43 60
87 43 64
87 43 68
87 43 72
87 43 76
87 43 80
86 43 40
86 43 44
86 43 48
86 43 52
86 43 56
86 43 60
86 43 64
86 43 68
86 43 72
86 43 76
86 43 80
86 43 84
86 44 40
86 44 44
86 44 48
86 44 52
86 44 56
86 44 60
86 44 64
86 44 68
86 44 72
86 44 76
86 44 80
86 44 84
86 44 88
85 44 40
85 44 44
85 44 48
85 44 52
85 44 56
85 44 60
85 44 64
85 44 68
85 44 72
85 44 76
85 44 80
85 44 84
85 44 88
85 45 40
85 45 44
85 45 48
85 45 52
85 45 56
85 45 60
85 45 64
85 45 68
85 45 72
85 45 76
85 45 80
85 45 84
85 45 88
84 45 40
84 45 44
84 45 48
84 45 52
84 45 56
84 45 60
84 45 64
84 45 68
84 45 72
84 45 76
84 45 80
84 45 84
84 46 40
84 46 44
84 46 48
84 46 52
84 46 56
84 46 60
84 46 64
84 46 68
84 46 72
84 46 76
84 46 80
84 46 84
83 46 40
83 46 44
83 46 48
83 46 52
83 46 56
83 46 60
83 46 64
83 46 68
83 46 72
83 46 76
83 47 40
83 47 44
83 47 48
83 47 52
83 47 56
83 47 60
83 47 64
83 47 68
83 47 72
82 47 40
82 47 44
82 47 48
82 47 52
82 47 56
82 47 60
82 47 64
81 47 40
81 47 44
81 47 48
81 47 52
81 47 56
81 48 40
81 48 44
81 48 48
81 48 52
81 48 56
80 48 40
80 48 44
80 48 48
80 48 52
80 49 40
80 49 44
80 49 48
80 49 52
79 49 40
79 49 44
79 49 48
78 49 40
78 49 44
78 50 40
78 50 44
77 51 40
77 51 44
76 51 40
76 51 44
75 51 40
75 51 44
75 52 40
75 52 44
74 52 40
74 52 44
73 52 40
73 52 44
73 53 40
73 54 40
73 55 40
73 56 40
73 57 40
73 58 40
73 59 40
73 60 40
73 61 40
73 62 40
73 63 40
73 64 40
73 65 40
73 66 40
73 67 40
73 68 40
73 69 40
73 70 40
73 71 40
73 72 40
73 73 40
73 74 40
73 75 40
73 76 40
73 77 40
73 78 40
73 79 40
73 80 40
74 80 40
74 81 40
75 81 40
75 82 40
76 82 40
76 83 40
76 84 40
77 84 40
77 85 40
77 86 40
78 86 40
79 86 40
79 87 40
79 88 40
80 88 40
80 89 40
80 90 40
81 90 40
82 90 40
82 91 40
83 91 40
83 92 40
84 92 40
85 92 40
86 92 40
87 92 40
88 92 40
89 92 40
90 92 40
188 84 40
188 85 40
187 85 40
186 85 40
185 85 40
184 85 40
183 85 40
182 85 40
181 85 40
180 85 40
179 85 40
178 85 40
177 85 40
176 85 40
175 85 40
174 85 40
173 85 40
172 85 40
171 85 40
170 85 40
169 85 40
168 85 40
168 84 40
167 84 40
167 83 40
167 82 40
166 82 40
166 81 40
166 80 40
165 80 40
165 79 40
165 78 40
165 77 40
165 76 40
165 75 40
165 74 40
165 73 40
165 72 40
165 71 40
164 70 40
164 69 40
164 68 40
164 67 40
163 67 40
163 66 40
163 65 40
162 65 40
162 64 40
162 63 40
161 63 40
161 62 40
160 62 40
160 61 40
159 61 40
159 60 40
158 60 40
158 59 40
157 59 40
157 58 40
156 58 40
156 57 40
155 57 40
155 56 40
154 56 40
154 55 40
153 55 40
153 54 40
152 54 40
152 53 40
151 53 40
151 52 40
150 52 40
150 51 40
149 51 40
148 51 40
148 50 40
147 50 40
147 49 40
146 49 40
146 48 40
146 47 40
145 47 40
145 46 40
144 46 40
144 45 40
143 45 40
143 44 40
142 44 40
142 43 40
142 42 40
141 42 40
141 41 40
141 40 40
141 39 40
140 39 40
140 38 40
140 37 40
139 37 40
139 36 40
138 36 40
138 35 40
137 35 40
137 34 40
136 34 40
136 33 40
135 33 40
135 32 40
134 32 40
134 31 40
133 31 40
132 31 40
131 31 40
130 31 40
129 31 40
128 31 40
127 31 40
126 31 40
125 31 40
124 31 40
123 31 40
122 31 40
121 31 40
120 31 40
119 31 40
118 31 40
117 31 40
116 31 40
115 31 40
114 31 40
113 31 40
112 31 40
111 31 40
132 123 40
132 123 44
133 123 40
133 123 44
134 123 40
134 123 44
135 123 40
136 123 40
137 123 40
138 123 40
139 123 40
140 123 40
141 123 40
142 123 40
143 123 40
144 123 40
145 123 40
146 123 40
147 123 40
148 123 40
149 123 40
150 123 40
151 123 40
152 123 40
152 122 40
153 122 40
153 121 40
154 121 40
155 120 40
155 119 40
156 119 40
156 118 40
157 118 40
157 117 40
158 117 40
158 116 40
159 116 40
159 115 40
160 115 40
160 114 40
161 114 40
161 113 40
161 112 40
162 112 40
162 111 40
163 111 40
163 110 40
163 109 40
164 109 40
164 108 40
164 107 40
165 107 40
165 106 40
165 105 40
165 104 40
165 103 40
165 102 40
165 101 40
166 101 40
166 100 40
166 99 40
167 99 40
167 98 40
168 98 40
168 97 40
168 96 40
168 95 40
168 94 40
168 93 40
168 92 40
168 91 40
168 90 40
168 89 40
168 88 40
168 87 40
168 86 40
19 108 40
19 108 44
19 108 48
19 108 52
19 108 56
19 108 60
19 108 64
19 108 68
19 108 72
19 108 76
19 108 80
19 108 84
19 108 88
19 108 92
19 108 96
19 108 100
19 108 104
19 108 108
19 108 112
19 108 116
19 108 120
19 108 124
19 108 128
19 108 132
19 108 136
19 108 140
19 108 144
19 108 148
19 108 152
19 108 156
19 108 160
20 108 40
20 108 44
20 108 48
20 108 52
20 108 56
20 108 60
20 108 64
20 108 68
20 108 72
20 108 76
20 108 80
20 108 84
20 108 88
20 108 92
20 108 96
20 108 100
20 108 104
20 108 108
20 108 112
20 108 116
20 108 120
20 108 124
20 108 128
20 108 132
20 108 136
20 108 140
20 108 144
20 108 148
20 108 152
20 108 156
21 108 40
21 108 44
21 108 48
21 108 52
21 108 56
21 108 60
21 108 64
21 108 68
21 108 72
21 108 76
21 108 80
21 108 84
21 108 88
21 108 92
21 108 96
21 108 100
21 108 104
21 108 108
21 108 112
21 108 116
21 108 120
21 108 124
21 108 128
21 108 132
21 108 136
21 108 140
21 108 144
21 108 148
21 108 152
21 108 156
22 108 40
22 108 44
22 108 48
22 108 52
22 108 56
22 108 60
22 108 64
22 108 68
22 108 72
22 108 76
22 108 80
22 108 84
22 108 88
22 108 92
22 108 96
22 108 100
22 108 104
22 108 108
22 108 112
22 108 116
22 108 120
22 108 124
22 108 128
22 108 132
22 108 136
22 108 140
22 108 144
22 108 148
22 108 152
23 108 40
23 108 44
23 108 48
23 108 52
23 108 56
23 108 60
23 108 64
23 108 68
23 108 72
23 108 76
23 108 80
23 108 84
23 108 88
23 108 92
23 108 96
23 108 100
23 108 104
23 108 108
23 108 112
23 108 116
23 108 120
23 108 124
23 108 128
23 108 132
23 108 136
23 108 140
23 108 144
23 108 148
24 108 40
24 108 44
24 108 48
24 108 52
24 108 56
24 108 60
24 108 64
24 108 68
24 108 72
24 108 76
24 108 80
24 108 84
24 108 88
24 108 92
24 108 96
24 108 100
24 108 104
24 108 108
24 108 112
24 108 116
24 108 120
24 108 124
24 108 128
24 108 132
24 108 136
24 108 140
24 108 144
24 108 148
25 108 40
25 108 44
25 108 48
25 108 52
25 108 56
25 108 60
25 108 64
25 108 68
25 108 72
25 108 76
25 108 80
25 108 84
25 108 88
25 108 92
25 108 96
25 108 100
25 108 104
25 108 108
25 108 112
25 108 116
25 108 120
25 108 124
25 108 128
25 108 132
25 108 136
25 108 140
25 108 144
26 108 40
26 108 44
26 108 48
26 108 52
26 108 56
26 108 60
26 108 64
26 108 68
26 108 72
26 108 76
26 108 80
26 108 84
26 108 88
26 108 92
26 108 96
26 108 100
26 108 104
26 108 108
26 108 112
26 108 116
26 108 120
26 108 124
26 108 128
26 108 132
26 108 136
26 108 140
26 108 144
27 108 40
27 108 44
27 108 48
27 108 52
27 108 56
27 108 60
27 108 64
27 108 68
27 108 72
27 108 76
27 108 80
27 108 84
27 108 88
27 108 92
27 108 96
27 108 100
27 108 104
27 108 108
27 108 112
27 108 116
27 108 120
27 108 124
27 108 128
27 108 132
27 108 136
27 108 140
27 108 144
27 108 148
28 108 40
28 108 44
28 108 48
28 108 52
28 108 56
28 108 60
28 108 64
28 108 68
28 108 72
28 108 76
28 108 80
28 108 84
28 108 88
28 108 92
28 108 96
28 108 100
28 108 104
28 108 108
28 108 112
28 108 116
28 108 120
28 108 124
28 108 128
28 108 132
28 108 136
28 108 140
28 108 144
28 108 148
29 108 40
29 108 44
29 108 48
29 108 52
29 108 56
29 108 60
29 108 64
29 108 68
29 108 72
29 108 76
29 108 80
29 108 84
29 108 88
29 108 92
29 108 96
29 108 100
29 108 104
29 108 108
29 108 112
29 108 116
29 108 120
29 108 124
29 108 128
29 108 132
29 108 136
29 108 140
29 108 144
29 108 148
30 108 40
30 108 44
30 108 48
30 108 52
30 108 56
30 108 60
30 108 64
30 108 68
30 108 72
30 108 76
30 108 80
30 108 84
30 108 88
30 108 92
30 108 96
30 108 100
30 108 104
30 108 108
30 108 112
30 108 116
30 108 120
30 108 124
30 108 128
30 108 132
30 108 136
30 108 140
30 108 144
30 108 148
31 108 40
31 108 44
31 108 48
31 108 52
31 108 56
31 108 60
31 108 64
31 108 68
31 108 72
31 108 76
31 108 80
31 108 84
31 108 88
31 108 92
31 108 96
31 108 100
31 108 104
31 108 108
31 108 112
31 108 116
31 108 120
31 108 124
31 108 128
31 108 132
31 108 136
31 108 140
31 108 144
32 108 40
32 108 44
32 108 48
32 108 52
32 108 56
32 108 60
32 108 64
32 108 68
32 108 72
32 108 76
32 108 80
32 108 84
32 108 88
32 108 92
32 108 96
32 108 100
32 108 104
32 108 108
32 108 112
32 108 116
32 108 120
32 108 124
32 108 128
32 108 132
32 108 136
32 108 140
32 108 144
33 108 40
33 108 44
33 108 48
33 108 52
33 108 56
33 108 60
33 108 64
33 108 68
33 108 72
33 108 76
33 108 80
33 108 84
33 108 88
33 108 92
33 108 96
33 108 100
33 108 104
33 108 108
33 108 112
33 108 116
33 108 120
33 108 124
33 108 128
33 108 132
33 108 136
34 108 40
34 108 44
34 108 48
34 108 52
34 108 56
34 108 60
34 108 64
34 108 68
34 108 72
34 108 76
34 108 80
34 108 84
34 108 88
34 108 92
34 108 96
34 108 100
34 108 104
34 108 108
34 108 112
34 108 116
34 108 120
34 108 124
34 108 128
35 108 40
35 108 44
35 108 48
35 108 52
35 108 56
35 108 60
35 108 64
35 108 68
35 108 72
35 108 76
35 108 80
35 108 84
35 108 88
35 108 92
35 108 96
35 108 100
35 108 104
35 108 108
35 108 112
35 108 116
36 108 40
36 108 44
36 108 48
36 108 52
36 108 56
36 108 60
36 108 64
36 108 68
36 108 72
36 108 76
36 108 80
36 108 84
36 108 88
36 108 92
36 108 96
36 108 100
36 108 104
37 108 40
37 108 44
37 108 48
37 108 52
37 108 56
37 108 60
37 108 64
37 108 68
37 108 72
37 108 76
37 108 80
37 108 84
37 108 88
37 108 92
38 108 40
38 108 44
38 108 48
38 108 52
38 108 56
38 108 60
38 108 64
38 108 68
38 108 72
38 108 76
38 108 80
39 108 40
39 108 44
39 108 48
39 108 52
39 108 56
39 108 60
39 108 64
39 108 68
39 108 72
39 108 76
40 108 40
40 108 44
40 108 48
40 108 52
40 108 56
40 108 60
40 108 64
40 108 68
41 108 40
41 108 44
41 108 48
41 108 52
41 108 56
41 108 60
41 108 64
41 108 68
42 108 40
42 108 44
42 108 48
42 108 52
42 108 56
42 108 60
42 108 64
42 107 40
42 107 44
42 107 48
42 107 52
42 107 56
42 107 60
42 107 64
43 107 40
43 107 44
43 107 48
43 107 52
43 107 56
43 107 60
43 107 64
43 106 40
43 106 44
43 106 48
43 106 52
43 106 56
43 106 60
43 106 64
44 106 40
44 106 44
44 106 48
44 106 52
44 106 56
44 106 60
44 105 40
44 105 44
44 105 48
44 105 52
44 105 56
44 105 60
45 105 40
45 105 44
45 105 48
45 105 52
45 105 56
46 105 40
46 105 44
46 105 48
46 105 52
46 104 40
46 104 44
46 104 48
46 104 52
47 104 40
47 104 44
47 104 48
48 104 40
48 104 44
48 103 40
48 103 44
49 103 40
49 103 44
50 103 40
50 102 40
51 102 40
52 102 40
52 101 40
53 101 40
53 100 40
54 100 40
54 99 40
55 99 40
55 98 40
56 98 40
57 98 40
57 97 40
58 97 40
58 96 40
59 96 40
60 96 40
60 95 40
61 95 40
62 95 40
62 94 40
63 94 40
64 94 40
65 94 40
66 94 40
67 94 40
68 94 40
69 94 40
70 94 40
71 94 40
72 94 40
73 94 40
74 94 40
75 94 40
76 94 40
77 94 40
77 93 40
78 93 40
79 93 40
79 92 40
79 91 40
80 91 40
198 187 40
198 186 40
198 185 40
198 184 40
197 184 40
196 184 40
195 184 40
194 184 40
193 184 40
192 184 40
192 183 40
191 183 40
191 182 40
190 182 40
190 181 40
189 181 40
189 180 40
188 180 40
188 179 40
187 179 40
186 179 40
185 179 40
184 179 40
183 179 40
182 179 40
181 179 40
181 178 40
180 178 40
179 178 40
178 178 40
178 177 40
178 176 40
178 175 40
178 174 40
178 173 40
178 172 40
178 172 44
178 171 40
178 171 44
178 170 40
178 170 44
178 170 48
178 169 40
178 169 44
178 169 48
178 168 40
178 168 44
178 168 48
178 168 52
178 167 40
178 167 44
178 167 48
178 167 52
178 166 40
178 166 44
178 166 48
178 166 52
178 166 56
178 165 40
178 165 44
178 165 48
178 165 52
178 165 56
178 164 40
178 164 44
178 164 48
178 164 52
178 164 56
178 164 60
178 163 40
178 163 44
178 163 48
178 163 52
178 163 56
178 163 60
178 163 64
178 162 40
178 162 44
178 162 48
178 162 52
178 162 56
178 162 60
178 162 64
178 162 68
178 161 40
178 161 44
178 161 48
178 161 52
178 161 56
178 161 60
178 161 64
178 161 68
178 161 72
178 161 76
178 160 40
178 160 44
178 160 48
178 160 52
178 160 56
178 160 60
178 160 64
178 160 68
178 160 72
178 160 76
178 160 80
178 160 84
178 159 40
178 159 44
178 159 48
178 159 52
178 159 56
178 159 60
178 159 64
178 159 68
178 159 72
178 159 76
178 159 80
178 159 84
178 159 88
178 159 92
178 158 40
178 158 44
178 158 48
178 158 52
178 158 56
178 158 60
178 158 64
178 158 68
178 158 72
178 158 76
178 158 80
178 158 84
178 158 88
178 158 92
178 158 96
178 158 100
178 158 104
178 157 40
178 157 44
178 157 48
178 157 52
178 157 56
178 157 60
178 157 64
178 157 68
178 157 72
178 157 76
178 157 80
178 157 84
178 157 88
178 157 92
178 157 96
178 157 100
178 157 104
178 157 108
178 157 112
178 156 40
178 156 44
178 156 48
178 156 52
178 156 56
178 156 60
178 156 64
178 156 68
178 156 72
178 156 76
178 156 80
178 156 84
178 156 88
178 156 92
178 156 96
178 156 100
178 156 104
178 156 108
178 156 112
178 156 116
178 155 40
178 155 44
178 155 48
178 155 52
178 155 56
178 155 60
178 155 64
178 155 68
178 155 72
178 155 76
178 155 80
178 155 84
178 155 88
178 155 92
178 155 96
178 155 100
178 155 104
178 155 108
178 155 112
178 155 116
178 155 120
178 154 40
178 154 44
178 154 48
178 154 52
178 154 56
178 154 60
178 154 64
178 154 68
178 154 72
178 154 76
178 154 80
178 154 84
178 154 88
178 154 92
178 154 96
178 154 100
178 154 104
178 154 108
178 154 112
178 154 116
178 154 120
178 153 40
178 153 44
178 153 48
178 153 52
178 153 56
178 153 60
178 153 64
178 153 68
178 153 72
178 153 76
178 153 80
178 153 84
178 153 88
178 153 92
178 153 96
178 153 100
178 153 104
178 153 108
178 153 112
178 153 116
178 153 120
178 152 40
178 152 44
178 152 48
178 152 52
178 152 56
178 152 60
178 152 64
178 152 68
178 152 72
178 152 76
178 152 80
178 152 84
178 152 88
178 152 92
178 152 96
178 152 100
178 152 104
178 152 108
178 152 112
178 152 116
178 152 120
178 151 40
178 151 44
178 151 48
178 151 52
178 151 56
178 151 60
178 151 64
178 151 68
178 151 72
178 151 76
178 151 80
178 151 84
178 151 88
178 151 92
178 151 96
178 151 100
178 151 104
178 151 108
178 151 112
178 151 116
178 151 120
178 151 124
178 150 40
178 150 44
178 150 48
178 150 52
178 150 56
178 150 60
178 150 64
178 150 68
178 150 72
178 150 76
178 150 80
178 150 84
178 150 88
178 150 92
178 150 96
178 150 100
178 150 104
178 150 108
178 150 112
178 150 116
178 150 120
178 150 124
178 149 40
178 149 44
178 149 48
178 149 52
178 149 56
178 149 60
178 149 64
178 149 68
178 149 72
178 149 76
178 149 80
178 149 84
178 149 88
178 149 92
178 149 96
178 149 100
178 149 104
178 149 108
178 149 112
178 149 116
178 149 120
178 149 124
178 149 128
178 148 40
178 148 44
178 148 48
178 148 52
178 148 56
178 148 60
178 148 64
178 148 68
178 148 72
178 148 76
178 148 80
178 148 84
178 148 88
178 148 92
178 148 96
178 148 100
178 148 104
178 148 108
178 148 112
178 148 116
178 148 120
178 148 124
178 148 128
178 147 40
178 147 44
178 147 48
178 147 52
178 147 56
178 147 60
178 147 64
178 147 68
178 147 72
178 147 76
178 147 80
178 147 84
178 147 88
178 147 92
178 147 96
178 147 100
178 147 104
178 147 108
178 147 112
178 147 116
178 147 120
178 147 124
178 147 128
178 146 40
178 146 44
178 146 48
178 146 52
178 146 56
178 146 60
178 146 64
178 146 68
178 146 72
178 146 76
178 146 80
178 146 84
178 146 88
178 146 92
178 146 96
178 146 100
178 146 104
178 146 108
178 146 112
178 146 116
178 146 120
178 146 124
178 145 40
178 145 44
178 145 48
178 145 52
178 145 56
178 145 60
178 145 64
178 145 68
178 145 72
178 145 76
178 145 80
178 145 84
178 145 88
178 145 92
178 145 96
178 145 100
178 145 104
178 145 108
178 145 112
178 145 116
178 145 120
178 145 124
178 144 40
178 144 44
178 144 48
178 144 52
178 144 56
178 144 60
178 144 64
178 144 68
178 144 72
178 144 76
178 144 80
178 144 84
178 144 88
178 144 92
178 144 96
178 144 100
178 144 104
178 144 108
178 144 112
178 144 116
178 144 120
178 144 124
178 144 128
178 143 40
178 143 44
178 143 48
178 143 52
178 143 56
178 143 60
178 143 64
178 143 68
178 143 72
178 143 76
178 143 80
178 143 84
178 143 88
178 143 92
178 143 96
178 143 100
178 143 104
178 143 108
178 143 112
178 143 116
178 143 120
178 143 124
178 143 128
178 143 132
178 142 40
178 142 44
178 142 48
178 142 52
178 142 56
178 142 60
178 142 64
178 142 68
178 142 72
178 142 76
178 142 80
178 142 84
178 142 88
178 142 92
178 142 96
178 142 100
178 142 104
178 142 108
178 142 112
178 142 116
178 142 120
178 142 124
178 142 128
178 142 132
178 142 136
178 141 40
178 141 44
178 141 48
178 141 52
178 141 56
178 141 60
178 141 64
178 141 68
178 141 72
178 141 76
178 141 80
178 141 84
178 141 88
178 141 92
178 141 96
178 141 100
178 141 104
178 141 108
178 141 112
178 141 116
178 141 120
178 141 124
178 141 128
178 141 132
178 141 136
178 141 140
178 141 144
178 140 40
178 140 44
178 140 48
178 140 52
178 140 56
178 140 60
178 140 64
178 140 68
178 140 72
178 140 76
178 140 80
178 140 84
178 140 88
178 140 92
178 140 96
178 140 100
178 140 104
178 140 108
178 140 112
178 140 116
178 140 120
178 140 124
178 140 128
178 140 132
178 140 136
178 140 140
178 140 144
178 140 148
178 140 152
178 139 40
178 139 44
178 139 48
178 139 52
178 139 56
178 139 60
178 139 64
178 139 68
178 139 72
178 139 76
178 139 80
178 139 84
178 139 88
178 139 92
178 139 96
178 139 100
178 139 104
178 139 108
178 139 112
178 139 116
178 139 120
178 139 124
178 139 128
178 139 132
178 139 136
178 139 140
178 139 144
178 139 148
178 139 152
178 139 156
178 138 40
178 138 44
178 138 48
178 138 52
178 138 56
178 138 60
178 138 64
178 138 68
178 138 72
178 138 76
178 138 80
178 138 84
178 138 88
178 138 92
178 138 96
178 138 100
178 138 104
178 138 108
178 138 112
178 138 116
178 138 120
178 138 124
178 138 128
178 138 132
178 138 136
178 138 140
178 138 144
178 138 148
178 138 152
178 138 156
178 138 160
178 137 40
178 137 44
178 137 48
178 137 52
178 137 56
178 137 60
178 137 64
178 137 68
178 137 72
178 137 76
178 137 80
178 137 84
178 137 88
178 137 92
178 137 96
178 137 100
178 137 104
178 137 108
178 137 112
178 137 116
178 137 120
178 137 124
178 137 128
178 137 132
178 137 136
178 137 140
178 137 144
178 137 148
178 137 152
178 137 156
178 137 160
178 137 164
178 136 40
178 136 44
178 136 48
178 136 52
178 136 56
178 136 60
178 136 64
178 136 68
178 136 72
178 136 76
178 136 80
178 136 84
178 136 88
178 136 92
178 136 96
178 136 100
178 136 104
178 136 108
178 136 112
178 136 116
178 136 120
178 136 124
178 136 128
178 136 132
178 136 136
178 136 140
178 136 144
178 136 148
178 136 152
178 136 156
178 136 160
178 136 164
178 135 40
178 135 44
178 135 48
178 135 52
178 135 56
178 135 60
178 135 64
178 135 68
178 135 72
178 135 76
178 135 80
178 135 84
178 135 88
178 135 92
178 135 96
178 135 100
178 135 104
178 135 108
178 135 112
178 135 116
178 135 120
178 135 124
178 135 128
178 135 132
178 135 136
178 135 140
178 135 144
178 135 148
178 135 152
178 135 156
178 135 160
178 134 40
178 134 44
178 134 48
178 134 52
178 134 56
178 134 60
178 134 64
178 134 68
178 134 72
178 134 76
178 134 80
178 134 84
178 134 88
178 134 92
178 134 96
178 134 100
178 134 104
178 134 108
178 134 112
178 134 116
178 134 120
178 134 124
178 134 128
178 134 132
178 134 136
178 134 140
178 134 144
178 134 148
178 134 152
178 134 156
178 134 160
178 133 40
178 133 44
178 133 48
178 133 52
178 133 56
178 133 60
178 133 64
178 133 68
178 133 72
178 133 76
178 133 80
178 133 84
178 133 88
178 133 92
178 133 96
178 133 100
178 133 104
178 133 108
178 133 112
178 133 116
178 133 120
178 133 124
178 133 128
178 133 132
178 133 136
178 133 140
178 133 144
178 133 148
178 133 152
178 133 156
178 132 40
178 132 44
178 132 48
178 132 52
178 132 56
178 132 60
178 132 64
178 132 68
178 132 72
178 132 76
178 132 80
178 132 84
178 132 88
178 132 92
178 132 96
178 132 100
178 132 104
178 132 108
178 132 112
178 132 116
178 132 120
178 132 124
178 132 128
178 132 132
178 132 136
178 132 140
178 132 144
178 132 148
178 131 40
178 131 44
178 131 48
178 131 52
178 131 56
178 131 60
178 131 64
178 131 68
178 131 72
178 131 76
178 131 80
178 131 84
178 131 88
178 131 92
178 131 96
178 131 100
178 131 104
178 131 108
178 131 112
178 131 116
178 131 120
178 131 124
178 131 128
178 131 132
178 131 136
178 131 140
178 131 144
178 130 40
178 130 44
178 130 48
178 130 52
178 130 56
178 130 60
178 130 64
178 130 68
178 130 72
178 130 76
178 130 80
178 130 84
178 130 88
178 130 92
178 130 96
178 130 100
178 130 104
178 130 108
178 130 112
178 130 116
178 130 120
178 130 124
178 130 128
178 130 132
178 130 136
178 130 140
178 129 40
178 129 44
178 129 48
178 129 52
178 129 56
178 129 60
178 129 64
178 129 68
178 129 72
178 129 76
178 129 80
178 129 84
178 129 88
178 129 92
178 129 96
178 129 100
178 129 104
178 129 108
178 129 112
178 129 116
178 129 120
178 129 124
178 129 128
178 129 132
178 129 136
178 129 140
178 128 40
178 128 44
178 128 48
178 128 52
178 128 56
178 128 60
178 128 64
178 128 68
178 128 72
178 128 76
178 128 80
178 128 84
178 128 88
178 128 92
178 128 96
178 128 100
178 128 104
178 128 108
178 128 112
178 128 116
178 128 120
178 128 124
178 128 128
178 128 132
178 128 136
178 127 40
178 127 44
178 127 48
178 127 52
178 127 56
178 127 60
178 127 64
178 127 68
178 127 72
178 127 76
178 127 80
178 127 84
178 127 88
178 127 92
178 127 96
178 127 100
178 127 104
178 127 108
178 127 112
178 127 116
178 127 120
178 127 124
178 127 128
178 127 132
178 126 40
178 126 44
178 126 48
178 126 52
178 126 56
178 126 60
178 126 64
178 126 68
178 126 72
178 126 76
178 126 80
178 126 84
178 126 88
178 126 92
178 126 96
178 126 100
178 126 104
178 126 108
178 126 112
178 126 116
178 126 120
178 126 124
178 126 128
178 126 132
178 125 40
178 125 44
178 125 48
178 125 52
178 125 56
178 125 60
178 125 64
178 125 68
178 125 72
178 125 76
178 125 80
178 125 84
178 125 88
178 125 92
178 125 96
178 125 100
178 125 104
178 125 108
178 125 112
178 125 116
178 125 120
178 125 124
178 125 128
178 125 132
178 124 40
178 124 44
178 124 48
178 124 52
178 124 56
178 124 60
178 124 64
178 124 68
178 124 72
178 124 76
178 124 80
178 124 84
178 124 88
178 124 92
178 124 96
178 124 100
178 124 104
178 124 108
178 124 112
178 124 116
178 124 120
178 124 124
178 124 128
178 124 132
178 123 40
178 123 44
178 123 48
178 123 52
178 123 56
178 123 60
178 123 64
178 123 68
178 123 72
178 123 76
178 123 80
178 123 84
178 123 88
178 123 92
178 123 96
178 123 100
178 123 104
178 123 108
178 123 112
178 123 116
178 123 120
178 123 124
178 123 128
178 122 40
178 122 44
178 122 48
178 122 52
178 122 56
178 122 60
178 122 64
178 122 68
178 122 72
178 122 76
178 122 80
178 122 84
178 122 88
178 122 92
178 122 96
178 122 100
178 122 104
178 122 108
178 122 112
178 122 116
178 122 120
178 122 124
178 122 128
178 121 40
178 121 44
178 121 48
178 121 52
178 121 56
178 121 60
178 121 64
178 121 68
178 121 72
178 121 76
178 121 80
178 121 84
178 121 88
178 121 92
178 121 96
178 121 100
178 121 104
178 121 108
178 121 112
178 121 116
178 121 120
178 120 40
178 120 44
178 120 48
178 120 52
178 120 56
178 120 60
178 120 64
178 120 68
178 120 72
178 120 76
178 120 80
178 120 84
178 120 88
178 120 92
178 120 96
178 120 100
178 120 104
178 120 108
178 120 112
178 119 40
178 119 44
178 119 48
178 119 52
178 119 56
178 119 60
178 119 64
178 119 68
178 119 72
178 119 76
178 119 80
178 119 84
178 119 88
178 119 92
178 119 96
178 119 100
178 119 104
178 118 40
178 118 44
178 118 48
178 118 52
178 118 56
178 118 60
178 118 64
178 118 68
178 118 72
178 118 76
178 118 80
178 118 84
178 118 88
178 118 92
178 118 96
178 117 40
178 117 44
178 117 48
178 117 52
178 117 56
178 117 60
178 117 64
178 117 68
178 117 72
178 117 76
178 117 80
178 117 84
178 116 40
178 116 44
178 116 48
178 116 52
178 116 56
178 116 60
178 116 64
178 116 68
178 116 72
178 116 76
178 115 40
178 115 44
178 115 48
178 115 52
178 115 56
178 115 60
178 115 64
178 115 68
178 114 40
178 114 44
178 114 48
178 114 52
178 114 56
178 114 60
178 113 40
178 113 44
178 113 48
178 113 52
178 112 40
178 112 44
178 112 48
178 111 40
178 111 44
178 111 48
178 110 40
178 110 44
178 109 40
178 109 44
178 108 40
178 108 44
178 107 40
178 107 44
177 107 40
177 107 44
176 107 40
176 107 44
175 107 40
175 107 44
174 107 40
173 107 40
172 107 40
171 107 40
170 107 40
169 107 40
168 107 40
167 107 40
166 107 40
