0 0 100
0 20 100
0 40 100
0 60 100
0 80 100
0 100 100
0 120 100
0 140 100
0 160 100
0 180 100
0 199 100
11 10 100
11 30 100
11 50 100
11 70 100
11 90 100
11 110 100
11 130 100
11 150 100
11 170 100
11 190 100
22 0 100
22 20 100
22 40 100
22 60 100
22 80 100
22 100 100
22 120 100
22 140 100
22 160 100
22 180 100
22 199 100
33 10 100
33 30 100
33 50 100
33 70 100
33 90 100
33 110 100
33 130 100
33 150 100
33 170 100
33 190 100
44 0 100
44 20 100
44 40 100
44 60 100
44 80 100
44 100 100
44 120 100
44 140 100
44 160 100
44 180 100
44 199 100
55 10 100
55 30 100
55 50 100
55 70 100
55 90 100
55 110 100
55 130 100
55 150 100
55 170 100
55 190 100
66 0 100
66 20 100
66 40 100
66 60 100
66 80 100
66 100 100
66 120 100
66 140 100
66 160 100
66 180 100
66 199 100
77 10 100
77 30 100
77 50 100
77 70 100
77 90 100
77 110 100
77 130 100
77 150 100
77 170 100
77 190 100
88 0 100
88 20 100
88 40 100
88 60 100
88 80 100
88 100 100
88 120 100
88 140 100
88 160 100
88 180 100
88 199 100
99 10 100
99 30 100
99 50 100
99 70 100
99 90 100
99 110 100
99 130 100
99 150 100
99 170 100
99 190 100
110 0 100
110 20 100
110 40 100
110 60 100
110 80 100
110 100 100
110 120 100
110 140 100
110 160 100
110 180 100
110 199 100
121 10 100
121 30 100
121 50 100
121 70 100
121 90 100
121 110 100
121 130 100
121 150 100
121 170 100
121 190 100
132 0 100
132 20 100
132 40 100
132 60 100
132 80 100
132 100 100
132 120 100
132 140 100
132 160 100
132 180 100
132 199 100
143 10 100
143 30 100
143 50 100
143 70 100
143 90 100
143 110 100
143 130 100
143 150 100
143 170 100
143 190 100
154 0 100
154 20 100
154 40 100
154 60 100
154 80 100
154 100 100
154 120 100
154 140 100
154 160 100
154 180 100
154 199 100
165 10 100
165 30 100
165 50 100
165 70 100
165 90 100
165 110 100
165 130 100
165 150 100
165 170 100
165 190 100
176 0 100
176 20 100
176 40 100
176 60 100
176 80 100
176 100 100
176 120 100
176 140 100
176 160 100
176 180 100
176 199 100
187 10 100
187 30 100
187 50 100
187 70 100
187 90 100
187 110 100
187 130 100
187 150 100
187 170 100
187 190 100
198 0 100
198 20 100
198 40 100
198 60 100
198 80 100
198 100 100
198 120 100
198 140 100
198 160 100
198 180 100
198 199 100
0 20 100
0 40 100
0 60 100
0 140 100
0 160 100
0 199 100
11 50 100
11 150 100
11 170 100
11 190 100
22 0 100
22 20 100
22 40 100
22 100 100
22 160 100
22 180 100
33 10 100
33 90 100
33 110 100
33 130 100
33 170 100
44 0 100
44 100 100
44 120 100
44 180 100
44 199 100
55 10 100
55 130 100
55 170 100
55 190 100
66 20 100
66 60 100
66 80 100
66 100 100
66 140 100
66 160 100
77 10 100
77 30 100
77 70 100
77 110 100
77 130 100
77 150 100
77 170 100
88 0 100
88 20 100
88 60 100
88 80 100
88 120 100
88 140 100
88 160 100
99 30 100
99 50 100
99 70 100
99 90 100
99 190 100
110 40 100
110 60 100
110 180 100
110 199 100
121 30 100
121 50 100
121 70 100
121 130 100
121 150 100
121 190 100
132 20 100
132 80 100
132 100 100
132 120 100
132 140 100
132 160 100
143 30 100
143 50 100
143 70 100
143 90 100
143 130 100
143 150 100
143 190 100
154 20 100
154 40 100
154 60 100
154 80 100
154 140 100
154 199 100
165 30 100
165 130 100
165 150 100
176 20 100
176 40 100
176 80 100
176 100 100
176 120 100
176 140 100
176 160 100
176 199 100
187 30 100
187 70 100
187 90 100
187 110 100
187 130 100
187 150 100
187 190 100
198 20 100
198 40 100
198 60 100
198 80 100
198 199 100
31 189 40
31 189 48
56 19 40
56 19 48
56 19 56
32 66 40
117 0 40
152 102 40
96 163 40
87 39 40
87 39 48
187 4 40
164 71 40
164 71 48
165 188 40
7 102 40
7 101 40
7 100 40
7 99 40
7 98 40
7 97 40
7 96 40
7 95 40
7 94 40
7 93 40
7 92 40
7 91 40
7 90 40
7 89 40
7 88 40
8 88 40
9 88 40
9 87 40
10 87 40
10 86 40
10 85 40
11 85 40
12 85 40
13 85 40
13 84 40
13 83 40
13 82 40
13 81 40
14 81 40
14 80 40
15 80 40
16 80 40
17 80 40
18 80 40
18 79 40
19 79 40
19 78 40
19 77 40
19 76 40
20 76 40
21 76 40
22 76 40
22 75 40
22 74 40
23 74 40
24 74 40
24 73 40
25 73 40
25 72 40
26 72 40
26 71 40
27 71 40
28 71 40
29 71 40
29 70 40
29 69 40
29 68 40
30 68 40
31 68 40
31 67 40
31 66 40
187 3 40
187 2 40
187 1 40
187 0 40
186 0 40
185 0 40
184 0 40
183 0 40
182 0 40
181 0 40
180 0 40
179 0 40
178 0 40
177 0 40
175 0 40
174 0 40
173 0 40
172 0 40
171 0 40
170 0 40
169 0 40
168 0 40
167 0 40
166 0 40
165 0 40
164 0 40
163 0 40
162 0 40
161 0 40
160 0 40
159 0 40
158 0 40
157 0 40
156 0 40
155 0 40
153 0 40
152 0 40
151 0 40
150 0 40
149 0 40
148 0 40
147 0 40
146 0 40
145 0 40
144 0 40
143 0 40
142 0 40
141 0 40
140 0 40
139 0 40
138 0 40
137 0 40
136 0 40
135 0 40
134 0 40
133 0 40
131 0 40
130 0 40
129 0 40
128 0 40
127 0 40
126 0 40
125 0 40
124 0 40
123 0 40
122 0 40
121 0 40
120 0 40
119 0 40
118 0 40
88 39 40
88 39 48
89 39 40
89 39 48
89 39 56
90 39 40
90 39 48
90 39 56
91 39 40
91 39 48
91 39 56
91 39 64
92 39 40
92 39 48
92 39 56
92 39 64
93 39 40
93 39 48
93 39 56
93 39 64
93 38 40
93 38 48
93 38 56
93 38 64
94 38 40
94 38 48
94 38 56
94 38 64
95 38 40
95 38 48
95 38 56
95 38 64
95 37 40
95 37 48
95 37 56
95 37 64
96 37 40
96 37 48
96 37 56
96 36 40
96 36 48
96 36 56
96 36 64
97 36 40
97 36 48
97 36 56
97 35 40
97 35 48
97 35 56
97 35 64
98 35 40
98 35 48
98 35 56
98 34 40
98 34 48
98 34 56
98 34 64
99 34 40
99 34 48
99 34 56
99 33 40
99 33 48
99 33 56
100 33 40
100 33 48
100 33 56
100 32 40
100 32 48
100 32 56
101 32 40
101 32 48
101 31 40
101 31 48
102 31 40
102 31 48
102 30 40
102 30 48
103 30 40
103 30 48
103 29 40
104 29 40
104 28 40
105 28 40
105 27 40
106 27 40
106 26 40
107 26 40
107 25 40
108 25 40
108 24 40
108 23 40
109 23 40
109 22 40
110 22 40
110 21 40
111 21 40
111 20 40
111 19 40
112 19 40
112 18 40
112 17 40
112 16 40
113 16 40
113 15 40
113 14 40
113 13 40
113 12 40
113 11 40
113 10 40
113 9 40
113 8 40
113 7 40
113 6 40
114 6 40
114 5 40
115 5 40
116 5 40
116 4 40
116 3 40
116 2 40
117 2 40
117 1 40
96 164 40
96 165 40
96 166 40
96 167 40
96 168 40
96 169 40
96 170 40
96 171 40
96 171 48
96 172 40
96 172 48
96 172 56
96 173 40
96 173 48
96 173 56
96 173 64
96 174 40
96 174 48
96 174 56
96 174 64
96 174 72
96 174 80
96 175 40
96 175 48
96 175 56
96 175 64
96 175 72
96 175 80
96 175 88
96 175 96
96 176 40
96 176 48
96 176 56
96 176 64
96 176 72
96 176 80
96 176 88
96 176 96
96 176 104
96 176 112
95 176 40
95 176 48
95 176 56
95 176 64
95 176 72
95 176 80
95 176 88
95 176 96
95 177 40
95 177 48
95 177 56
95 177 64
95 177 72
95 177 80
95 177 88
95 177 96
95 177 104
95 177 112
94 177 40
94 177 48
94 177 56
94 177 64
94 177 72
94 177 80
94 177 88
94 177 96
94 178 40
94 178 48
94 178 56
94 178 64
94 178 72
94 178 80
94 178 88
94 178 96
94 178 104
93 178 40
93 178 48
93 178 56
93 178 64
93 178 72
93 178 80
93 178 88
93 179 40
93 179 48
93 179 56
93 179 64
93 179 72
93 179 80
93 179 88
92 179 40
92 179 48
92 179 56
92 179 64
92 179 72
92 180 40
92 180 48
92 180 56
92 180 64
92 180 72
92 180 80
91 180 40
91 180 48
91 180 56
91 180 64
91 181 40
91 181 48
91 181 56
91 181 64
91 181 72
90 181 40
90 181 48
90 181 56
90 181 64
90 182 40
90 182 48
90 182 56
90 182 64
89 182 40
89 182 48
89 182 56
89 183 40
89 183 48
89 183 56
88 183 40
88 183 48
88 183 56
88 184 40
88 184 48
88 184 56
87 184 40
87 184 48
87 184 56
87 185 40
87 185 48
87 185 56
86 185 40
86 185 48
86 185 56
86 186 40
86 186 48
85 186 40
85 186 48
85 187 40
85 187 48
84 187 40
84 187 48
84 188 40
83 188 40
83 189 40
82 189 40
81 189 40
80 189 40
79 189 40
78 189 40
77 189 40
76 189 40
75 189 40
74 189 40
73 189 40
72 189 40
71 189 40
70 189 40
69 189 40
69 188 40
68 188 40
68 187 40
67 187 40
67 186 40
67 185 40
66 185 40
66 184 40
65 184 40
65 183 40
64 183 40
64 182 40
64 181 40
63 181 40
63 180 40
63 179 40
62 179 40
62 178 40
61 178 40
61 177 40
61 176 40
60 176 40
60 175 40
59 175 40
59 174 40
59 174 48
58 174 40
58 174 48
58 173 40
58 173 48
57 173 40
57 173 48
57 172 40
57 172 48
57 172 56
57 171 40
57 171 48
57 171 56
56 171 40
56 171 48
56 171 56
56 170 40
56 170 48
56 170 56
56 170 64
55 169 40
55 169 48
55 169 56
55 169 64
54 169 40
54 169 48
54 169 56
54 168 40
54 168 48
54 168 56
53 168 40
53 168 48
53 168 56
53 167 40
53 167 48
53 167 56
52 167 40
52 167 48
52 166 40
52 166 48
52 165 40
52 165 48
51 165 40
51 165 48
51 164 40
51 164 48
51 163 40
51 163 48
50 163 40
50 163 48
50 162 40
50 162 48
50 161 40
50 161 48
50 160 40
50 160 48
50 159 40
50 159 48
50 158 40
50 158 48
50 157 40
50 157 48
50 156 40
50 156 48
50 155 40
49 155 40
49 154 40
48 154 40
48 153 40
47 153 40
47 152 40
46 152 40
46 151 40
45 151 40
44 151 40
44 150 40
43 150 40
43 149 40
42 149 40
41 149 40
40 149 40
39 149 40
38 149 40
37 149 40
36 149 40
35 149 40
35 148 40
34 148 40
33 148 40
32 148 40
32 147 40
31 147 40
30 147 40
30 146 40
29 146 40
28 146 40
28 145 40
27 145 40
27 144 40
26 144 40
26 143 40
25 143 40
25 142 40
24 142 40
24 141 40
24 141 48
23 141 40
23 141 48
23 140 40
23 140 48
22 139 40
22 139 48
22 139 56
21 139 40
21 139 48
21 139 56
21 138 40
21 138 48
21 138 56
20 138 40
20 138 48
20 138 56
20 137 40
20 137 48
20 137 56
19 137 40
19 137 48
19 137 56
19 136 40
19 136 48
19 136 56
19 135 40
19 135 48
19 135 56
18 135 40
18 135 48
18 135 56
18 134 40
18 134 48
18 134 56
18 133 40
18 133 48
18 133 56
18 133 64
17 133 40
17 133 48
17 133 56
17 132 40
17 132 48
17 132 56
17 131 40
17 131 48
17 131 56
17 130 40
17 130 48
17 130 56
17 130 64
17 129 40
17 129 48
17 129 56
17 129 64
17 128 40
17 128 48
17 128 56
17 127 40
17 127 48
17 127 56
17 126 40
17 126 48
17 126 56
17 125 40
17 125 48
17 125 56
16 125 40
16 125 48
16 124 40
16 124 48
15 124 40
15 124 48
15 123 40
15 123 48
14 123 40
14 122 40
13 122 40
13 121 40
12 121 40
11 121 40
11 120 40
10 120 40
10 119 40
9 119 40
8 119 40
8 118 40
7 118 40
7 117 40
7 116 40
7 115 40
7 114 40
7 113 40
7 112 40
7 111 40
7 110 40
7 109 40
7 108 40
7 107 40
7 106 40
7 105 40
7 104 40
7 103 40
165 187 40
165 186 40
165 185 40
165 184 40
165 183 40
165 182 40
165 181 40
165 180 40
164 180 40
164 179 40
163 179 40
163 178 40
162 178 40
162 177 40
161 177 40
161 176 40
160 176 40
160 175 40
159 175 40
159 174 40
158 174 40
158 173 40
157 173 40
156 173 40
155 173 40
154 173 40
153 173 40
152 173 40
151 173 40
150 173 40
149 173 40
148 173 40
147 173 40
146 173 40
145 173 40
144 173 40
143 173 40
142 173 40
141 173 40
140 173 40
139 173 40
138 173 40
137 173 40
137 173 48
136 173 40
136 173 48
135 173 40
135 173 48
135 173 56
134 173 40
134 173 48
134 173 56
133 173 40
133 173 48
133 173 56
133 173 64
132 173 40
132 173 48
132 173 56
132 173 64
132 173 72
131 173 40
131 173 48
131 173 56
131 173 64
131 173 72
131 173 80
130 173 40
130 173 48
130 173 56
130 173 64
130 173 72
130 173 80
129 173 40
129 173 48
129 173 56
129 173 64
129 173 72
129 173 80
129 172 40
129 172 48
129 172 56
129 172 64
129 172 72
129 172 80
128 172 40
128 172 48
128 172 56
128 172 64
128 172 72
128 171 40
128 171 48
128 171 56
128 171 64
127 171 40
127 171 48
127 171 56
127 171 64
126 171 40
126 171 48
126 171 56
126 170 40
126 170 48
126 170 56
125 170 40
125 170 48
125 169 40
125 169 48
124 169 40
124 169 48
123 169 40
122 169 40
122 168 40
121 168 40
120 168 40
119 168 40
119 167 40
118 167 40
117 167 40
117 166 40
116 166 40
115 166 40
114 166 40
113 166 40
112 166 40
111 166 40
110 166 40
109 166 40
108 166 40
107 166 40
106 166 40
105 166 40
104 166 40
103 166 40
102 166 40
101 166 40
100 166 40
99 166 40
98 166 40
97 166 40
152 103 40
152 104 40
152 105 40
152 106 40
152 107 40
152 108 40
152 109 40
152 110 40
152 111 40
152 112 40
151 112 40
150 112 40
149 112 40
148 112 40
147 112 40
146 112 40
145 112 40
144 112 40
143 112 40
142 112 40
142 112 48
141 112 40
141 112 48
140 112 40
140 112 48
139 112 40
139 112 48
138 112 40
138 112 48
138 112 56
137 112 40
137 112 48
137 112 56
136 112 40
136 112 48
136 112 56
135 112 40
135 112 48
135 112 56
134 112 40
134 112 48
134 112 56
133 112 40
133 112 48
133 112 56
132 112 40
132 112 48
132 112 56
131 112 40
131 112 48
130 112 40
130 112 48
129 112 40
129 112 48
128 112 40
128 112 48
127 112 40
126 112 40
125 112 40
124 112 40
123 112 40
122 112 40
121 112 40
120 112 40
119 112 40
118 112 40
117 112 40
116 112 40
115 112 40
114 112 40
113 112 40
112 112 40
112 113 40
112 114 40
112 115 40
112 116 40
111 116 40
111 117 40
111 118 40
110 118 40
110 119 40
110 121 40
109 121 40
109 122 40
109 123 40
108 123 40
108 124 40
108 125 40
107 125 40
107 126 40
107 127 40
106 127 40
106 128 40
106 129 40
106 130 40
106 131 40
106 132 40
106 133 40
106 134 40
106 135 40
106 136 40
106 137 40
106 138 40
106 139 40
106 140 40
106 141 40
106 142 40
106 143 40
106 144 40
106 145 40
106 146 40
106 147 40
106 148 40
105 148 40
105 149 40
105 150 40
105 151 40
105 152 40
105 153 40
105 154 40
105 155 40
105 156 40
105 157 40
105 158 40
105 159 40
105 160 40
105 161 40
105 162 40
105 163 40
105 164 40
105 165 40
165 71 40
165 71 48
166 71 40
166 71 48
167 71 40
167 72 40
167 72 48
167 73 40
167 73 48
167 74 40
167 74 48
167 75 40
167 75 48
167 76 40
167 76 48
167 76 56
167 77 40
167 77 48
167 77 56
167 78 40
167 78 48
167 78 56
167 79 40
167 79 48
167 80 40
167 80 48
167 81 40
167 81 48
167 82 40
167 82 48
167 83 40
167 84 40
167 85 40
167 86 40
167 87 40
167 88 40
167 89 40
167 90 40
167 91 40
167 92 40
167 93 40
167 94 40
167 95 40
167 96 40
166 96 40
166 97 40
165 97 40
165 98 40
164 98 40
164 99 40
163 99 40
163 100 40
162 100 40
162 101 40
161 101 40
161 102 40
161 103 40
160 103 40
159 103 40
158 103 40
157 103 40
156 103 40
155 103 40
154 103 40
153 103 40
