0 0 100
0 20 100
0 40 100
0 60 100
0 80 100
0 100 100
0 120 100
0 140 100
0 160 100
0 180 100
0 199 100
11 10 100
11 30 100
11 50 100
11 70 100
11 90 100
11 110 100
11 130 100
11 150 100
11 170 100
11 190 100
22 0 100
22 20 100
22 40 100
22 60 100
22 80 100
22 100 100
22 120 100
22 140 100
22 160 100
22 180 100
22 199 100
33 10 100
33 30 100
33 50 100
33 70 100
33 90 100
33 110 100
33 130 100
33 150 100
33 170 100
33 190 100
44 0 100
44 20 100
44 40 100
44 60 100
44 80 100
44 100 100
44 120 100
44 140 100
44 160 100
44 180 100
44 199 100
55 10 100
55 30 100
55 50 100
55 70 100
55 90 100
55 110 100
55 130 100
55 150 100
55 170 100
55 190 100
66 0 100
66 20 100
66 40 100
66 60 100
66 80 100
66 100 100
66 120 100
66 140 100
66 160 100
66 180 100
66 199 100
77 10 100
77 30 100
77 50 100
77 70 100
77 90 100
77 110 100
77 130 100
77 150 100
77 170 100
77 190 100
88 0 100
88 20 100
88 40 100
88 60 100
88 80 100
88 100 100
88 120 100
88 140 100
88 160 100
88 180 100
88 199 100
99 10 100
99 30 100
99 50 100
99 70 100
99 90 100
99 110 100
99 130 100
99 150 100
99 170 100
99 190 100
110 0 100
110 20 100
110 40 100
110 60 100
110 80 100
110 100 100
110 120 100
110 140 100
110 160 100
110 180 100
110 199 100
121 10 100
121 30 100
121 50 100
121 70 100
121 90 100
121 110 100
121 130 100
121 150 100
121 170 100
121 190 100
132 0 100
132 20 100
132 40 100
132 60 100
132 80 100
132 100 100
132 120 100
132 140 100
132 160 100
132 180 100
132 199 100
143 10 100
143 30 100
143 50 100
143 70 100
143 90 100
143 110 100
143 130 100
143 150 100
143 170 100
143 190 100
154 0 100
154 20 100
154 40 100
154 60 100
154 80 100
154 100 100
154 120 100
154 140 100
154 160 100
154 180 100
154 199 100
165 10 100
165 30 100
165 50 100
165 70 100
165 90 100
165 110 100
165 130 100
165 150 100
165 170 100
165 190 100
176 0 100
176 20 100
176 40 100
176 60 100
176 80 100
176 100 100
176 120 100
176 140 100
176 160 100
176 180 100
176 199 100
187 10 100
187 30 100
187 50 100
187 70 100
187 90 100
187 110 100
187 130 100
187 150 100
187 170 100
187 190 100
198 0 100
198 20 100
198 40 100
198 60 100
198 80 100
198 100 100
198 120 100
198 140 100
198 160 100
198 180 100
198 199 100
0 0 100
0 40 100
0 80 100
0 120 100
0 140 100
0 199 100
11 10 100
11 50 100
11 70 100
11 110 100
11 130 100
11 150 100
11 190 100
22 40 100
22 60 100
22 80 100
22 120 100
22 180 100
22 199 100
33 30 100
33 70 100
33 90 100
33 110 100
33 130 100
33 150 100
33 190 100
44 0 100
44 40 100
44 60 100
44 80 100
44 100 100
44 120 100
44 180 100
55 130 100
55 150 100
55 190 100
66 0 100
66 20 100
66 120 100
66 160 100
66 180 100
66 199 100
77 10 100
77 50 100
77 90 100
77 190 100
88 0 100
88 120 100
88 140 100
88 160 100
99 10 100
99 50 100
99 90 100
99 110 100
99 150 100
99 170 100
110 40 100
110 60 100
110 80 100
110 100 100
110 180 100
121 90 100
121 170 100
132 0 100
132 20 100
132 40 100
132 60 100
132 80 100
132 140 100
132 160 100
132 180 100
143 10 100
143 30 100
143 170 100
143 190 100
154 0 100
154 20 100
154 60 100
154 80 100
154 120 100
154 140 100
154 160 100
154 199 100
165 10 100
165 30 100
165 50 100
165 70 100
165 90 100
165 150 100
165 170 100
176 40 100
176 120 100
176 140 100
176 160 100
187 10 100
187 50 100
187 110 100
187 130 100
187 150 100
187 170 100
198 40 100
198 100 100
198 120 100
198 160 100
198 180 100
198 199 100
51 77 40
74 105 40
74 105 72
74 105 104
74 105 136
26 177 40
42 1 40
137 51 40
10 101 40
131 109 40
116 10 40
131 110 40
131 111 40
131 112 40
131 113 40
131 114 40
131 115 40
131 116 40
131 117 40
131 118 40
130 118 40
129 118 40
129 119 40
129 120 40
128 120 40
127 120 40
126 120 40
126 121 40
126 122 40
125 122 40
124 122 40
123 122 40
122 122 40
121 122 40
121 123 40
120 123 40
120 124 40
119 124 40
119 125 40
118 125 40
118 126 40
117 126 40
117 127 40
116 127 40
115 127 40
114 127 40
113 127 40
112 127 40
111 127 40
110 127 40
109 127 40
108 127 40
107 127 40
106 127 40
105 127 40
104 127 40
103 127 40
102 127 40
101 127 40
100 127 40
99 127 40
98 127 40
97 127 40
96 127 40
95 127 40
95 127 72
95 126 40
95 126 72
94 126 40
94 126 72
93 126 40
93 126 72
93 126 104
92 126 40
92 126 72
92 126 104
92 125 40
92 125 72
92 125 104
91 125 40
91 125 72
91 125 104
90 125 40
90 125 72
90 125 104
90 125 136
89 125 40
89 125 72
89 125 104
89 125 136
88 125 40
88 125 72
88 125 104
88 125 136
87 125 40
87 125 72
87 125 104
87 125 136
86 125 40
86 125 72
86 125 104
86 125 136
85 125 40
85 125 72
85 125 104
85 125 136
85 124 40
85 124 72
85 124 104
85 124 136
85 123 40
85 123 72
85 123 104
85 122 40
85 122 72
85 122 104
85 121 40
85 121 72
85 121 104
85 120 40
85 120 72
85 120 104
85 119 40
85 119 72
85 119 104
84 119 40
84 119 72
84 119 104
84 118 40
84 118 72
84 117 40
84 117 72
84 116 40
84 116 72
84 115 40
84 115 72
84 114 40
84 114 72
83 114 40
83 114 72
83 113 40
83 113 72
83 112 40
83 112 72
83 111 40
83 111 72
83 111 104
83 110 40
83 110 72
83 110 104
82 110 40
82 110 72
82 110 104
82 109 40
82 109 72
82 109 104
81 109 40
81 109 72
81 109 104
80 109 40
80 109 72
80 109 104
79 109 40
79 109 72
79 109 104
79 108 40
79 108 72
79 108 104
79 108 136
78 108 40
78 108 72
78 108 104
78 108 136
77 108 40
77 108 72
77 108 104
76 108 40
76 108 72
76 108 104
76 107 40
76 107 72
76 107 104
76 107 136
75 107 40
75 107 72
75 107 104
74 107 40
74 107 72
74 106 40
74 106 72
74 106 104
116 11 40
116 12 40
116 13 40
116 14 40
116 15 40
116 16 40
116 17 40
116 18 40
116 19 40
116 20 40
116 21 40
116 22 40
115 22 40
114 22 40
114 23 40
113 23 40
112 23 40
112 24 40
111 24 40
110 24 40
110 25 40
109 25 40
108 25 40
108 26 40
107 26 40
107 27 40
106 27 40
105 27 40
105 27 72
105 28 40
105 28 72
104 28 40
104 28 72
104 29 40
104 29 72
103 29 40
103 29 72
102 29 40
102 29 72
102 30 40
102 30 72
102 30 104
101 30 40
101 30 72
100 30 40
100 30 72
100 31 40
100 31 72
100 31 104
99 31 40
99 31 72
98 31 40
98 31 72
97 31 40
97 31 72
97 32 40
97 32 72
97 32 104
96 32 40
96 32 72
95 32 40
95 32 72
94 32 40
94 32 72
93 32 40
93 32 72
92 32 40
91 32 40
90 32 40
89 32 40
88 32 40
87 32 40
86 32 40
85 32 40
84 32 40
83 32 40
82 32 40
81 32 40
81 33 40
80 33 40
79 33 40
79 34 40
78 34 40
77 34 40
77 35 40
76 35 40
75 35 40
75 36 40
74 36 40
74 37 40
73 37 40
72 37 40
72 38 40
71 38 40
71 39 40
71 39 72
70 39 40
70 39 72
69 39 40
69 39 72
69 40 40
69 40 72
68 40 40
68 40 72
67 40 40
67 40 72
67 41 40
67 41 72
66 41 40
66 41 72
65 41 40
65 41 72
65 42 40
65 42 72
65 43 40
65 43 72
64 43 40
64 43 72
64 44 40
64 44 72
64 45 40
63 45 40
63 46 40
63 47 40
62 47 40
62 48 40
62 49 40
62 50 40
62 51 40
62 52 40
62 53 40
62 54 40
62 55 40
62 56 40
62 57 40
62 58 40
62 59 40
62 60 40
62 61 40
62 62 40
62 63 40
62 64 40
62 65 40
62 66 40
62 67 40
63 67 40
63 68 40
63 69 40
63 70 40
63 71 40
63 72 40
63 73 40
63 74 40
63 75 40
63 76 40
63 77 40
63 78 40
63 79 40
63 80 40
63 81 40
63 82 40
63 83 40
63 84 40
63 85 40
63 86 40
63 87 40
62 87 40
62 88 40
62 89 40
62 90 40
62 91 40
62 92 40
62 93 40
62 94 40
62 95 40
62 96 40
62 97 40
62 98 40
63 98 40
63 99 40
63 100 40
63 101 40
63 102 40
64 102 40
64 103 40
64 104 40
65 104 40
65 105 40
66 105 40
67 105 40
68 105 40
69 105 40
70 105 40
71 105 40
71 105 72
72 105 40
72 105 72
73 105 40
73 105 72
73 105 104
136 51 40
135 51 40
134 51 40
134 51 72
133 51 40
133 51 72
132 51 40
132 51 72
131 51 40
131 51 72
130 51 40
130 51 72
129 51 40
129 51 72
128 51 40
128 51 72
127 51 40
127 51 72
126 51 40
125 51 40
124 51 40
123 51 40
123 50 40
123 49 40
123 48 40
123 47 40
123 46 40
123 45 40
123 44 40
123 43 40
123 43 72
123 42 40
123 42 72
123 42 104
123 41 40
123 41 72
123 41 104
123 40 40
123 40 72
123 40 104
123 40 136
123 39 40
123 39 72
123 39 104
123 39 136
123 39 168
123 38 40
123 38 72
123 38 104
123 38 136
123 38 168
123 38 200
123 37 40
123 37 72
123 37 104
123 37 136
123 37 168
123 37 200
123 37 232
123 36 40
123 36 72
123 36 104
123 36 136
123 36 168
123 36 200
123 36 232
123 35 40
123 35 72
123 35 104
123 35 136
123 35 168
123 35 200
123 35 232
123 34 40
123 34 72
123 34 104
123 34 136
123 34 168
123 34 200
123 34 232
123 33 40
123 33 72
123 33 104
123 33 136
123 33 168
123 33 200
123 33 232
123 32 40
123 32 72
123 32 104
123 32 136
123 32 168
123 32 200
123 31 40
123 31 72
123 31 104
123 31 136
123 31 168
123 30 40
123 30 72
123 30 104
123 30 136
123 29 40
123 29 72
123 29 104
123 28 40
123 28 72
123 28 104
123 27 40
123 27 72
123 26 40
122 26 40
122 25 40
121 25 40
121 24 40
120 24 40
120 23 40
119 23 40
119 22 40
118 22 40
117 22 40
10 100 40
10 99 40
10 98 40
10 97 40
10 96 40
11 96 40
12 96 40
13 96 40
14 96 40
15 96 40
16 96 40
17 96 40
18 96 40
19 96 40
19 97 40
20 97 40
20 98 40
21 98 40
21 99 40
22 99 40
23 100 40
23 101 40
24 101 40
24 102 40
25 102 40
25 103 40
26 103 40
26 104 40
27 104 40
27 105 40
28 105 40
28 106 40
29 106 40
29 107 40
30 107 40
30 108 40
31 108 40
31 108 72
31 109 40
31 109 72
32 109 40
32 109 72
32 110 40
32 110 72
32 110 104
33 111 40
33 111 72
33 111 104
33 111 136
34 111 40
34 111 72
34 111 104
34 111 136
34 111 168
35 111 40
35 111 72
35 111 104
35 111 136
35 111 168
35 111 200
36 111 40
36 111 72
36 111 104
36 111 136
36 111 168
36 111 200
37 111 40
37 111 72
37 111 104
37 111 136
37 111 168
37 111 200
37 111 232
38 111 40
38 111 72
38 111 104
38 111 136
38 111 168
38 111 200
38 111 232
38 111 264
39 111 40
39 111 72
39 111 104
39 111 136
39 111 168
39 111 200
39 111 232
39 111 264
39 111 296
40 111 40
40 111 72
40 111 104
40 111 136
40 111 168
40 111 200
40 111 232
40 111 264
40 111 296
40 111 328
41 111 40
41 111 72
41 111 104
41 111 136
41 111 168
41 111 200
41 111 232
41 111 264
41 111 296
41 111 328
42 111 40
42 111 72
42 111 104
42 111 136
42 111 168
42 111 200
42 111 232
42 111 264
42 111 296
42 111 328
43 111 40
43 111 72
43 111 104
43 111 136
43 111 168
43 111 200
43 111 232
43 111 264
43 111 296
44 111 40
44 111 72
44 111 104
44 111 136
44 111 168
44 111 200
44 111 232
44 111 264
45 111 40
45 111 72
45 111 104
45 111 136
45 111 168
45 111 200
45 111 232
45 111 264
46 111 40
46 111 72
46 111 104
46 111 136
46 111 168
46 111 200
46 111 232
47 111 40
47 111 72
47 111 104
47 111 136
47 111 168
47 111 200
48 111 40
48 111 72
48 111 104
48 111 136
48 111 168
49 111 40
49 111 72
49 111 104
49 111 136
50 111 40
50 111 72
50 111 104
51 111 40
51 111 72
51 111 104
52 111 40
52 111 72
53 111 40
53 111 72
54 111 40
55 111 40
56 111 40
57 111 40
58 111 40
58 110 40
59 110 40
59 109 40
60 109 40
60 108 40
61 108 40
61 107 40
62 107 40
62 106 40
63 106 40
63 105 40
64 105 40
