0 0 100
0 20 100
0 40 100
0 60 100
0 80 100
0 100 100
0 120 100
0 140 100
0 160 100
0 180 100
0 199 100
11 10 100
11 30 100
11 50 100
11 70 100
11 90 100
11 110 100
11 130 100
11 150 100
11 170 100
11 190 100
22 0 100
22 20 100
22 40 100
22 60 100
22 80 100
22 100 100
22 120 100
22 140 100
22 160 100
22 180 100
22 199 100
33 10 100
33 30 100
33 50 100
33 70 100
33 90 100
33 110 100
33 130 100
33 150 100
33 170 100
33 190 100
44 0 100
44 20 100
44 40 100
44 60 100
44 80 100
44 100 100
44 120 100
44 140 100
44 160 100
44 180 100
44 199 100
55 10 100
55 30 100
55 50 100
55 70 100
55 90 100
55 110 100
55 130 100
55 150 100
55 170 100
55 190 100
66 0 100
66 20 100
66 40 100
66 60 100
66 80 100
66 100 100
66 120 100
66 140 100
66 160 100
66 180 100
66 199 100
77 10 100
77 30 100
77 50 100
77 70 100
77 90 100
77 110 100
77 130 100
77 150 100
77 170 100
77 190 100
88 0 100
88 20 100
88 40 100
88 60 100
88 80 100
88 100 100
88 120 100
88 140 100
88 160 100
88 180 100
88 199 100
99 10 100
99 30 100
99 50 100
99 70 100
99 90 100
99 110 100
99 130 100
99 150 100
99 170 100
99 190 100
110 0 100
110 20 100
110 40 100
110 60 100
110 80 100
110 100 100
110 120 100
110 140 100
110 160 100
110 180 100
110 199 100
121 10 100
121 30 100
121 50 100
121 70 100
121 90 100
121 110 100
121 130 100
121 150 100
121 170 100
121 190 100
132 0 100
132 20 100
132 40 100
132 60 100
132 80 100
132 100 100
132 120 100
132 140 100
132 160 100
132 180 100
132 199 100
143 10 100
143 30 100
143 50 100
143 70 100
143 90 100
143 110 100
143 130 100
143 150 100
143 170 100
143 190 100
154 0 100
154 20 100
154 40 100
154 60 100
154 80 100
154 100 100
154 120 100
154 140 100
154 160 100
154 180 100
154 199 100
165 10 100
165 30 100
165 50 100
165 70 100
165 90 100
165 110 100
165 130 100
165 150 100
165 170 100
165 190 100
176 0 100
176 20 100
176 40 100
176 60 100
176 80 100
176 100 100
176 120 100
176 140 100
176 160 100
176 180 100
176 199 100
187 10 100
187 30 100
187 50 100
187 70 100
187 90 100
187 110 100
187 130 100
187 150 100
187 170 100
187 190 100
198 0 100
198 20 100
198 40 100
198 60 100
198 80 100
198 100 100
198 120 100
198 140 100
198 160 100
198 180 100
198 199 100
0 0 100
0 40 100
0 100 100
0 120 100
0 140 100
0 160 100
0 199 100
11 10 100
11 30 100
11 50 100
11 70 100
11 110 100
11 130 100
11 170 100
22 20 100
22 40 100
22 60 100
22 80 100
22 100 100
22 120 100
22 160 100
22 199 100
33 30 100
33 50 100
33 70 100
33 110 100
33 150 100
33 170 100
33 190 100
44 0 100
44 20 100
44 40 100
44 60 100
44 100 100
44 160 100
44 180 100
44 199 100
55 30 100
55 50 100
55 70 100
55 90 100
55 130 100
55 150 100
55 190 100
66 0 100
66 40 100
66 60 100
66 80 100
66 120 100
66 140 100
66 160 100
66 180 100
77 30 100
77 50 100
77 70 100
77 90 100
77 110 100
77 150 100
77 170 100
77 190 100
88 0 100
88 20 100
88 40 100
88 60 100
88 80 100
88 120 100
88 140 100
88 160 100
88 180 100
99 10 100
99 30 100
99 50 100
99 110 100
99 130 100
99 150 100
110 0 100
110 20 100
110 40 100
110 80 100
110 100 100
110 120 100
110 160 100
110 180 100
110 199 100
121 10 100
121 30 100
121 70 100
121 90 100
121 130 100
121 150 100
121 190 100
132 40 100
132 60 100
132 100 100
132 140 100
132 160 100
132 180 100
132 199 100
143 50 100
143 90 100
143 110 100
143 170 100
143 190 100
154 0 100
154 20 100
154 40 100
154 60 100
154 100 100
154 120 100
154 140 100
154 180 100
154 199 100
165 10 100
165 30 100
165 70 100
165 90 100
165 110 100
165 130 100
165 150 100
165 170 100
165 190 100
176 40 100
176 60 100
176 80 100
176 100 100
176 120 100
176 160 100
176 180 100
176 199 100
187 30 100
187 110 100
187 190 100
198 0 100
198 100 100
198 120 100
198 180 100
131 60 40
131 60 48
131 60 56
131 60 64
33 199 40
33 199 48
33 199 56
152 167 40
48 120 40
188 142 40
194 46 40
83 7 40
83 7 48
148 24 40
48 119 40
49 119 40
49 118 40
50 118 40
51 118 40
51 117 40
52 117 40
52 116 40
53 116 40
53 115 40
54 115 40
54 114 40
55 114 40
55 113 40
56 113 40
56 112 40
57 112 40
57 111 40
58 111 40
58 110 40
59 110 40
59 109 40
60 109 40
60 108 40
61 108 40
62 108 40
62 107 40
63 107 40
63 106 40
64 106 40
64 105 40
65 105 40
65 104 40
66 104 40
66 103 40
67 103 40
67 102 40
67 102 48
68 102 40
68 102 48
69 102 40
69 102 48
70 102 40
70 102 48
71 102 40
71 102 48
71 102 56
72 102 40
72 102 48
72 102 56
72 102 64
73 102 40
73 102 48
73 102 56
73 102 64
74 102 40
74 102 48
74 102 56
74 102 64
74 102 72
75 102 40
75 102 48
75 102 56
75 102 64
75 102 72
75 102 80
76 102 40
76 102 48
76 102 56
76 102 64
76 102 72
76 102 80
77 102 40
77 102 48
77 102 56
77 102 64
77 102 72
77 102 80
78 102 40
78 102 48
78 102 56
78 102 64
78 102 72
78 102 80
79 102 40
79 102 48
79 102 56
79 102 64
79 102 72
80 102 40
80 102 48
80 102 56
80 102 64
80 102 72
81 102 40
81 102 48
81 102 56
81 102 64
82 102 40
82 102 48
82 102 56
82 102 64
83 102 40
83 102 48
83 102 56
84 102 40
84 102 48
84 102 56
85 102 40
85 102 48
86 102 40
87 102 40
88 102 40
89 102 40
90 102 40
90 101 40
91 101 40
91 100 40
92 100 40
92 99 40
93 99 40
93 98 40
94 98 40
95 98 40
95 97 40
96 97 40
96 96 40
97 96 40
97 95 40
98 95 40
98 94 40
99 94 40
99 93 40
100 93 40
100 92 40
101 92 40
101 91 40
101 90 40
101 89 40
101 88 40
101 87 40
101 86 40
101 85 40
101 85 48
101 84 40
101 84 48
101 83 40
101 83 48
101 83 56
101 82 40
101 82 48
101 82 56
101 81 40
101 81 48
101 81 56
101 81 64
101 80 40
101 80 48
101 80 56
101 80 64
101 80 72
101 79 40
101 79 48
101 79 56
101 79 64
101 79 72
101 79 80
101 78 40
101 78 48
101 78 56
101 78 64
101 78 72
101 78 80
101 77 40
101 77 48
101 77 56
101 77 64
101 77 72
101 77 80
101 76 40
101 76 48
101 76 56
101 76 64
101 76 72
101 76 80
101 75 40
101 75 48
101 75 56
101 75 64
101 75 72
101 74 40
101 74 48
101 74 56
101 74 64
101 74 72
101 73 40
101 73 48
101 73 56
101 73 64
101 72 40
101 72 48
101 72 56
101 72 64
101 71 40
101 71 48
101 71 56
101 70 40
101 70 48
101 70 56
102 70 40
102 70 48
102 70 56
102 69 40
102 69 48
103 69 40
103 69 48
104 69 40
104 69 48
104 69 56
104 68 40
104 68 48
105 68 40
105 68 48
105 68 56
105 67 40
105 67 48
106 67 40
106 67 48
106 66 40
106 66 48
107 66 40
107 66 48
108 66 40
108 66 48
108 66 56
108 65 40
108 65 48
109 65 40
109 65 48
109 64 40
109 64 48
110 64 40
110 64 48
110 63 40
111 63 40
111 63 48
111 62 40
112 62 40
112 62 48
112 61 40
113 61 40
113 60 40
114 60 40
114 59 40
115 59 40
116 59 40
117 59 40
118 59 40
119 59 40
120 59 40
121 59 40
122 59 40
123 59 40
124 59 40
125 59 40
125 59 48
126 59 40
126 59 48
127 59 40
127 59 48
128 59 40
128 59 48
129 59 40
129 59 48
129 59 56
129 60 40
129 60 48
129 60 56
130 60 40
130 60 48
130 60 56
130 60 64
187 142 40
186 142 40
185 142 40
184 142 40
183 142 40
182 142 40
182 143 40
181 143 40
180 143 40
180 144 40
180 144 48
179 144 40
179 144 48
178 144 40
178 144 48
178 144 56
178 145 40
178 145 48
178 145 56
178 145 64
177 145 40
177 145 48
177 145 56
177 145 64
177 145 72
176 145 40
176 145 48
176 145 56
176 145 64
176 145 72
176 145 80
176 145 88
176 145 96
176 146 40
176 146 48
176 146 56
176 146 64
176 146 72
176 146 80
176 146 88
176 146 96
176 146 104
176 146 112
175 146 40
175 146 48
175 146 56
175 146 64
175 146 72
175 146 80
175 146 88
175 146 96
175 146 104
175 146 112
175 146 120
175 146 128
175 146 136
175 147 40
175 147 48
175 147 56
175 147 64
175 147 72
175 147 80
175 147 88
175 147 96
175 147 104
175 147 112
175 147 120
175 147 128
175 147 136
175 147 144
175 147 152
174 147 40
174 147 48
174 147 56
174 147 64
174 147 72
174 147 80
174 147 88
174 147 96
174 147 104
174 147 112
174 147 120
174 147 128
174 147 136
174 147 144
174 147 152
174 147 160
174 147 168
174 147 176
174 148 40
174 148 48
174 148 56
174 148 64
174 148 72
174 148 80
174 148 88
174 148 96
174 148 104
174 148 112
174 148 120
174 148 128
174 148 136
174 148 144
174 148 152
174 148 160
174 148 168
174 148 176
174 148 184
174 148 192
173 148 40
173 148 48
173 148 56
173 148 64
173 148 72
173 148 80
173 148 88
173 148 96
173 148 104
173 148 112
173 148 120
173 148 128
173 148 136
173 148 144
173 148 152
173 148 160
173 148 168
173 148 176
173 148 184
173 148 192
173 148 200
173 148 208
172 148 40
172 148 48
172 148 56
172 148 64
172 148 72
172 148 80
172 148 88
172 148 96
172 148 104
172 148 112
172 148 120
172 148 128
172 148 136
172 148 144
172 148 152
172 148 160
172 148 168
172 148 176
172 148 184
172 148 192
172 148 200
172 148 208
172 148 216
172 148 224
172 149 40
172 149 48
172 149 56
172 149 64
172 149 72
172 149 80
172 149 88
172 149 96
172 149 104
172 149 112
172 149 120
172 149 128
172 149 136
172 149 144
172 149 152
172 149 160
172 149 168
172 149 176
172 149 184
172 149 192
172 149 200
172 149 208
172 149 216
172 149 224
172 149 232
171 149 40
171 149 48
171 149 56
171 149 64
171 149 72
171 149 80
171 149 88
171 149 96
171 149 104
171 149 112
171 149 120
171 149 128
171 149 136
171 149 144
171 149 152
171 149 160
171 149 168
171 149 176
171 149 184
171 149 192
171 149 200
171 149 208
171 149 216
171 149 224
171 149 232
171 150 40
171 150 48
171 150 56
171 150 64
171 150 72
171 150 80
171 150 88
171 150 96
171 150 104
171 150 112
171 150 120
171 150 128
171 150 136
171 150 144
171 150 152
171 150 160
171 150 168
171 150 176
171 150 184
171 150 192
171 150 200
171 150 208
171 150 216
171 150 224
171 150 232
171 150 240
170 150 40
170 150 48
170 150 56
170 150 64
170 150 72
170 150 80
170 150 88
170 150 96
170 150 104
170 150 112
170 150 120
170 150 128
170 150 136
170 150 144
170 150 152
170 150 160
170 150 168
170 150 176
170 150 184
170 150 192
170 150 200
170 150 208
170 150 216
170 150 224
170 150 232
170 150 240
170 151 40
170 151 48
170 151 56
170 151 64
170 151 72
170 151 80
170 151 88
170 151 96
170 151 104
170 151 112
170 151 120
170 151 128
170 151 136
170 151 144
170 151 152
170 151 160
170 151 168
170 151 176
170 151 184
170 151 192
170 151 200
170 151 208
170 151 216
170 151 224
170 151 232
170 151 240
170 151 248
169 151 40
169 151 48
169 151 56
169 151 64
169 151 72
169 151 80
169 151 88
169 151 96
169 151 104
169 151 112
169 151 120
169 151 128
169 151 136
169 151 144
169 151 152
169 151 160
169 151 168
169 151 176
169 151 184
169 151 192
169 151 200
169 151 208
169 151 216
169 151 224
169 151 232
169 151 240
169 151 248
168 151 40
168 151 48
168 151 56
168 151 64
168 151 72
168 151 80
168 151 88
168 151 96
168 151 104
168 151 112
168 151 120
168 151 128
168 151 136
168 151 144
168 151 152
168 151 160
168 151 168
168 151 176
168 151 184
168 151 192
168 151 200
168 151 208
168 151 216
168 151 224
168 151 232
168 151 240
167 151 40
167 151 48
167 151 56
167 151 64
167 151 72
167 151 80
167 151 88
167 151 96
167 151 104
167 151 112
167 151 120
167 151 128
167 151 136
167 151 144
167 151 152
167 151 160
167 151 168
167 151 176
167 151 184
167 151 192
167 151 200
167 151 208
167 151 216
167 151 224
167 151 232
167 152 40
167 152 48
167 152 56
167 152 64
167 152 72
167 152 80
167 152 88
167 152 96
167 152 104
167 152 112
167 152 120
167 152 128
167 152 136
167 152 144
167 152 152
167 152 160
167 152 168
167 152 176
167 152 184
167 152 192
167 152 200
167 152 208
167 152 216
167 152 224
167 152 232
166 152 40
166 152 48
166 152 56
166 152 64
166 152 72
166 152 80
166 152 88
166 152 96
166 152 104
166 152 112
166 152 120
166 152 128
166 152 136
166 152 144
166 152 152
166 152 160
166 152 168
166 152 176
166 152 184
166 152 192
166 152 200
166 152 208
166 152 216
166 152 224
165 152 40
165 152 48
165 152 56
165 152 64
165 152 72
165 152 80
165 152 88
165 152 96
165 152 104
165 152 112
165 152 120
165 152 128
165 152 136
165 152 144
165 152 152
165 152 160
165 152 168
165 152 176
165 152 184
165 152 192
165 152 200
165 152 208
164 152 40
164 152 48
164 152 56
164 152 64
164 152 72
164 152 80
164 152 88
164 152 96
164 152 104
164 152 112
164 152 120
164 152 128
164 152 136
164 152 144
164 152 152
164 152 160
164 152 168
164 152 176
164 152 184
164 152 192
164 152 200
164 153 40
164 153 48
164 153 56
164 153 64
164 153 72
164 153 80
164 153 88
164 153 96
164 153 104
164 153 112
164 153 120
164 153 128
164 153 136
164 153 144
164 153 152
164 153 160
164 153 168
164 153 176
164 153 184
164 153 192
163 153 40
163 153 48
163 153 56
163 153 64
163 153 72
163 153 80
163 153 88
163 153 96
163 153 104
163 153 112
163 153 120
163 153 128
163 153 136
163 153 144
163 153 152
163 153 160
163 153 168
163 154 40
163 154 48
163 154 56
163 154 64
163 154 72
163 154 80
163 154 88
163 154 96
163 154 104
163 154 112
163 154 120
163 154 128
163 154 136
163 154 144
163 154 152
163 154 160
162 154 40
162 154 48
162 154 56
162 154 64
162 154 72
162 154 80
162 154 88
162 154 96
162 154 104
162 154 112
162 154 120
162 154 128
162 154 136
162 155 40
162 155 48
162 155 56
162 155 64
162 155 72
162 155 80
162 155 88
162 155 96
162 155 104
162 155 112
162 155 120
161 155 40
161 155 48
161 155 56
161 155 64
161 155 72
161 155 80
161 155 88
161 155 96
161 155 104
161 156 40
161 156 48
161 156 56
161 156 64
161 156 72
161 156 80
161 156 88
160 156 40
160 156 48
160 156 56
160 156 64
160 156 72
160 157 40
160 157 48
160 157 56
159 157 40
159 157 48
158 157 40
158 157 48
158 158 40
157 158 40
157 159 40
156 159 40
155 159 40
155 160 40
154 161 40
153 161 40
153 162 40
152 162 40
152 163 40
152 164 40
152 165 40
152 166 40
147 24 40
146 24 40
145 24 40
144 24 40
143 24 40
142 24 40
141 24 40
140 24 40
139 24 40
138 24 40
137 24 40
136 24 40
136 24 48
135 24 40
135 24 48
135 24 56
134 24 40
134 24 48
134 24 56
133 24 40
133 24 48
133 24 56
133 24 64
132 24 40
132 24 48
132 24 56
132 24 64
132 24 72
131 24 40
131 24 48
131 24 56
131 24 64
131 24 72
131 24 80
130 24 40
130 24 48
130 24 56
130 24 64
130 24 72
130 24 80
129 24 40
129 24 48
129 24 56
129 24 64
129 24 72
129 24 80
129 24 88
129 25 40
129 25 48
129 25 56
129 25 64
129 25 72
129 25 80
129 25 88
129 25 96
129 25 104
129 25 112
129 26 40
129 26 48
129 26 56
129 26 64
129 26 72
129 26 80
129 26 88
129 26 96
129 26 104
129 26 112
129 26 120
129 26 128
129 26 136
129 27 40
129 27 48
129 27 56
129 27 64
129 27 72
129 27 80
129 27 88
129 27 96
129 27 104
129 27 112
129 27 120
129 27 128
129 27 136
129 27 144
129 27 152
129 27 160
129 28 40
129 28 48
129 28 56
129 28 64
129 28 72
129 28 80
129 28 88
129 28 96
129 28 104
129 28 112
129 28 120
129 28 128
129 28 136
129 28 144
129 28 152
129 28 160
129 28 168
129 28 176
129 28 184
129 29 40
129 29 48
129 29 56
129 29 64
129 29 72
129 29 80
129 29 88
129 29 96
129 29 104
129 29 112
129 29 120
129 29 128
129 29 136
129 29 144
129 29 152
129 29 160
129 29 168
129 29 176
129 29 184
129 29 192
129 29 200
129 29 208
129 30 40
129 30 48
129 30 56
129 30 64
129 30 72
129 30 80
129 30 88
129 30 96
129 30 104
129 30 112
129 30 120
129 30 128
129 30 136
129 30 144
129 30 152
129 30 160
129 30 168
129 30 176
129 30 184
129 30 192
129 30 200
129 30 208
129 30 216
129 30 224
129 31 40
129 31 48
129 31 56
129 31 64
129 31 72
129 31 80
129 31 88
129 31 96
129 31 104
129 31 112
129 31 120
129 31 128
129 31 136
129 31 144
129 31 152
129 31 160
129 31 168
129 31 176
129 31 184
129 31 192
129 31 200
129 31 208
129 31 216
129 31 224
129 31 232
129 32 40
129 32 48
129 32 56
129 32 64
129 32 72
129 32 80
129 32 88
129 32 96
129 32 104
129 32 112
129 32 120
129 32 128
129 32 136
129 32 144
129 32 152
129 32 160
129 32 168
129 32 176
129 32 184
129 32 192
129 32 200
129 32 208
129 32 216
129 32 224
129 32 232
129 32 240
129 33 40
129 33 48
129 33 56
129 33 64
129 33 72
129 33 80
129 33 88
129 33 96
129 33 104
129 33 112
129 33 120
129 33 128
129 33 136
129 33 144
129 33 152
129 33 160
129 33 168
129 33 176
129 33 184
129 33 192
129 33 200
129 33 208
129 33 216
129 33 224
129 33 232
129 33 240
129 33 248
129 34 40
129 34 48
129 34 56
129 34 64
129 34 72
129 34 80
129 34 88
129 34 96
129 34 104
129 34 112
129 34 120
129 34 128
129 34 136
129 34 144
129 34 152
129 34 160
129 34 168
129 34 176
129 34 184
129 34 192
129 34 200
129 34 208
129 34 216
129 34 224
129 34 232
129 34 240
129 34 248
129 35 40
129 35 48
129 35 56
129 35 64
129 35 72
129 35 80
129 35 88
129 35 96
129 35 104
129 35 112
129 35 120
129 35 128
129 35 136
129 35 144
129 35 152
129 35 160
129 35 168
129 35 176
129 35 184
129 35 192
129 35 200
129 35 208
129 35 216
129 35 224
129 35 232
129 35 240
129 35 248
129 36 40
129 36 48
129 36 56
129 36 64
129 36 72
129 36 80
129 36 88
129 36 96
129 36 104
129 36 112
129 36 120
129 36 128
129 36 136
129 36 144
129 36 152
129 36 160
129 36 168
129 36 176
129 36 184
129 36 192
129 36 200
129 36 208
129 36 216
129 36 224
129 36 232
129 36 240
129 37 40
129 37 48
129 37 56
129 37 64
129 37 72
129 37 80
129 37 88
129 37 96
129 37 104
129 37 112
129 37 120
129 37 128
129 37 136
129 37 144
129 37 152
129 37 160
129 37 168
129 37 176
129 37 184
129 37 192
129 37 200
129 37 208
129 37 216
129 37 224
129 37 232
129 38 40
129 38 48
129 38 56
129 38 64
129 38 72
129 38 80
129 38 88
129 38 96
129 38 104
129 38 112
129 38 120
129 38 128
129 38 136
129 38 144
129 38 152
129 38 160
129 38 168
129 38 176
129 38 184
129 38 192
129 38 200
129 38 208
129 38 216
129 39 40
129 39 48
129 39 56
129 39 64
129 39 72
129 39 80
129 39 88
129 39 96
129 39 104
129 39 112
129 39 120
129 39 128
129 39 136
129 39 144
129 39 152
129 39 160
129 39 168
129 39 176
129 39 184
129 39 192
129 39 200
129 39 208
129 40 40
129 40 48
129 40 56
129 40 64
129 40 72
129 40 80
129 40 88
129 40 96
129 40 104
129 40 112
129 40 120
129 40 128
129 40 136
129 40 144
129 40 152
129 40 160
129 40 168
129 40 176
129 40 184
129 41 40
129 41 48
129 41 56
129 41 64
129 41 72
129 41 80
129 41 88
129 41 96
129 41 104
129 41 112
129 41 120
129 41 128
129 41 136
129 41 144
129 41 152
129 41 160
129 41 168
129 42 40
129 42 48
129 42 56
129 42 64
129 42 72
129 42 80
129 42 88
129 42 96
129 42 104
129 42 112
129 42 120
129 42 128
129 42 136
129 42 144
129 42 152
129 43 40
129 43 48
129 43 56
129 43 64
129 43 72
129 43 80
129 43 88
129 43 96
129 43 104
129 43 112
129 43 120
129 43 128
129 43 136
129 44 40
129 44 48
129 44 56
129 44 64
129 44 72
129 44 80
129 44 88
129 44 96
129 44 104
129 44 112
129 44 120
129 45 40
129 45 48
129 45 56
129 45 64
129 45 72
129 45 80
129 45 88
129 45 96
129 45 104
129 45 112
129 46 40
129 46 48
129 46 56
129 46 64
129 46 72
129 46 80
129 46 88
129 46 96
129 46 104
128 46 40
128 46 48
128 46 56
128 46 64
128 46 72
128 46 80
128 46 88
128 46 96
128 47 40
128 47 48
128 47 56
128 47 64
128 47 72
128 47 80
128 47 88
127 47 40
127 47 48
127 47 56
127 47 64
127 47 72
127 47 80
127 48 40
127 48 48
127 48 56
127 48 64
127 48 72
126 48 40
126 48 48
126 48 56
126 48 64
126 49 40
126 49 48
126 49 56
125 49 40
125 49 48
125 50 40
125 50 48
124 50 40
124 50 48
124 51 40
123 51 40
123 52 40
122 52 40
122 53 40
121 53 40
121 54 40
120 54 40
120 55 40
119 55 40
119 56 40
119 57 40
119 58 40
194 47 40
194 48 40
194 49 40
194 50 40
194 51 40
194 52 40
194 53 40
194 54 40
194 55 40
194 56 40
194 57 40
194 58 40
194 59 40
194 60 40
194 61 40
194 62 40
194 63 40
194 64 40
194 65 40
194 66 40
194 67 40
194 68 40
194 69 40
193 69 40
193 70 40
192 70 40
192 71 40
192 72 40
191 72 40
191 73 40
191 74 40
191 75 40
191 76 40
191 77 40
191 78 40
191 79 40
191 80 40
191 81 40
190 81 40
189 81 40
188 81 40
187 81 40
186 81 40
185 81 40
184 81 40
183 81 40
182 81 40
181 81 40
180 81 40
179 81 40
178 81 40
177 81 40
177 81 48
176 81 40
176 81 48
175 81 40
175 81 48
175 81 56
174 81 40
174 81 48
174 81 56
174 81 64
173 81 40
173 81 48
173 81 56
173 81 64
173 81 72
172 81 40
172 81 48
172 81 56
172 81 64
172 81 72
172 81 80
172 81 88
171 81 40
171 81 48
171 81 56
171 81 64
171 81 72
171 81 80
171 81 88
171 81 96
170 81 40
170 81 48
170 81 56
170 81 64
170 81 72
170 81 80
170 81 88
170 81 96
170 81 104
169 81 40
169 81 48
169 81 56
169 81 64
169 81 72
169 81 80
169 81 88
169 81 96
169 81 104
168 81 40
168 81 48
168 81 56
168 81 64
168 81 72
168 81 80
168 81 88
168 81 96
168 81 104
167 81 40
167 81 48
167 81 56
167 81 64
167 81 72
167 81 80
167 81 88
167 81 96
167 81 104
166 81 40
166 81 48
166 81 56
166 81 64
166 81 72
166 81 80
166 81 88
166 81 96
165 81 40
165 81 48
165 81 56
165 81 64
165 81 72
165 81 80
165 81 88
165 81 96
164 81 40
164 81 48
164 81 56
164 81 64
164 81 72
164 81 80
164 81 88
163 81 40
163 81 48
163 81 56
163 81 64
163 81 72
163 81 80
162 81 40
162 81 48
162 81 56
162 81 64
162 81 72
162 81 80
161 81 40
161 81 48
161 81 56
161 81 64
161 81 72
160 81 40
160 81 48
160 81 56
160 81 64
160 81 72
159 81 40
159 81 48
159 81 56
159 81 64
158 81 40
158 81 48
158 81 56
158 81 64
157 81 40
157 81 48
157 81 56
156 81 40
156 81 48
156 81 56
155 81 40
155 81 48
155 81 56
154 81 40
154 81 48
153 80 40
153 80 48
153 79 40
153 79 48
152 79 40
152 78 40
151 78 40
151 77 40
150 77 40
149 77 40
149 76 40
148 76 40
147 76 40
146 76 40
145 76 40
144 76 40
143 76 40
142 76 40
141 76 40
140 76 40
139 76 40
138 76 40
137 76 40
136 76 40
135 76 40
134 76 40
134 76 48
133 76 40
133 76 48
133 76 56
132 76 40
132 76 48
132 76 56
132 76 64
131 76 40
131 76 48
131 76 56
131 76 64
131 76 72
131 75 40
131 75 48
131 75 56
131 75 64
131 75 72
131 75 80
131 74 40
131 74 48
131 74 56
131 74 64
131 74 72
131 74 80
131 74 88
131 73 40
131 73 48
131 73 56
131 73 64
131 73 72
131 73 80
131 73 88
131 73 96
131 73 104
131 72 40
131 72 48
131 72 56
131 72 64
131 72 72
131 72 80
131 72 88
131 72 96
131 72 104
131 72 112
131 72 120
131 71 40
131 71 48
131 71 56
131 71 64
131 71 72
131 71 80
131 71 88
131 71 96
131 71 104
131 71 112
131 71 120
131 71 128
131 71 136
131 70 40
131 70 48
131 70 56
131 70 64
131 70 72
131 70 80
131 70 88
131 70 96
131 70 104
131 70 112
131 70 120
131 70 128
131 70 136
131 70 144
131 69 40
131 69 48
131 69 56
131 69 64
131 69 72
131 69 80
131 69 88
131 69 96
131 69 104
131 69 112
131 69 120
131 69 128
131 69 136
131 69 144
131 68 40
131 68 48
131 68 56
131 68 64
131 68 72
131 68 80
131 68 88
131 68 96
131 68 104
131 68 112
131 68 120
131 68 128
131 68 136
131 68 144
131 67 40
131 67 48
131 67 56
131 67 64
131 67 72
131 67 80
131 67 88
131 67 96
131 67 104
131 67 112
131 67 120
131 67 128
131 67 136
131 67 144
131 66 40
131 66 48
131 66 56
131 66 64
131 66 72
131 66 80
131 66 88
131 66 96
131 66 104
131 66 112
131 66 120
131 66 128
131 65 40
131 65 48
131 65 56
131 65 64
131 65 72
131 65 80
131 65 88
131 65 96
131 65 104
131 65 112
131 65 120
131 64 40
131 64 48
131 64 56
131 64 64
131 64 72
131 64 80
131 64 88
131 64 96
131 64 104
131 63 40
131 63 48
131 63 56
131 63 64
131 63 72
131 63 80
131 63 88
131 63 96
131 62 40
131 62 48
131 62 56
131 62 64
131 62 72
131 62 80
131 61 40
131 61 48
131 61 56
131 61 64
131 61 72
83 8 40
83 8 48
83 9 40
83 9 48
83 10 40
83 10 48
83 11 40
83 11 48
84 11 40
84 11 48
85 11 40
85 11 48
85 11 56
86 11 40
86 11 48
86 11 56
86 11 64
87 11 40
87 11 48
87 11 56
87 11 64
87 11 72
88 11 40
88 11 48
88 11 56
88 11 64
88 11 72
89 11 40
89 11 48
89 11 56
89 11 64
89 11 72
89 11 80
90 11 40
90 11 48
90 11 56
90 11 64
90 11 72
90 11 80
90 11 88
91 11 40
91 11 48
91 11 56
91 11 64
91 11 72
91 11 80
91 11 88
91 11 96
92 11 40
92 11 48
92 11 56
92 11 64
92 11 72
92 11 80
92 11 88
92 11 96
93 11 40
93 11 48
93 11 56
93 11 64
93 11 72
93 11 80
93 11 88
93 11 96
93 11 104
94 11 40
94 11 48
94 11 56
94 11 64
94 11 72
94 11 80
94 11 88
94 11 96
94 11 104
95 11 40
95 11 48
95 11 56
95 11 64
95 11 72
95 11 80
95 11 88
95 11 96
95 11 104
96 11 40
96 11 48
96 11 56
96 11 64
96 11 72
96 11 80
96 11 88
96 11 96
96 11 104
96 11 112
97 11 40
97 11 48
97 11 56
97 11 64
97 11 72
97 11 80
97 11 88
97 11 96
97 11 104
97 11 112
98 11 40
98 11 48
98 11 56
98 11 64
98 11 72
98 11 80
98 11 88
98 11 96
98 11 104
98 11 112
99 11 40
99 11 48
99 11 56
99 11 64
99 11 72
99 11 80
99 11 88
99 11 96
99 11 104
99 11 112
100 11 40
100 11 48
100 11 56
100 11 64
100 11 72
100 11 80
100 11 88
100 11 96
100 11 104
100 11 112
100 11 120
101 11 40
101 11 48
101 11 56
101 11 64
101 11 72
101 11 80
101 11 88
101 11 96
101 11 104
101 11 112
101 11 120
102 11 40
102 11 48
102 11 56
102 11 64
102 11 72
102 11 80
102 11 88
102 11 96
102 11 104
102 11 112
103 11 40
103 11 48
103 11 56
103 11 64
103 11 72
103 11 80
103 11 88
103 11 96
103 11 104
103 11 112
104 11 40
104 11 48
104 11 56
104 11 64
104 11 72
104 11 80
104 11 88
104 11 96
104 11 104
104 11 112
105 11 40
105 11 48
105 11 56
105 11 64
105 11 72
105 11 80
105 11 88
105 11 96
105 11 104
105 11 112
106 11 40
106 11 48
106 11 56
106 11 64
106 11 72
106 11 80
106 11 88
106 11 96
106 11 104
107 11 40
107 11 48
107 11 56
107 11 64
107 11 72
107 11 80
107 11 88
107 11 96
107 11 104
108 11 40
108 11 48
108 11 56
108 11 64
108 11 72
108 11 80
108 11 88
108 11 96
109 11 40
109 11 48
109 11 56
109 11 64
109 11 72
109 11 80
109 11 88
109 11 96
110 11 40
110 11 48
110 11 56
110 11 64
110 11 72
110 11 80
110 11 88
111 11 40
111 11 48
111 11 56
111 11 64
111 11 72
111 11 80
112 11 40
112 11 48
112 11 56
112 11 64
112 11 72
112 11 80
113 11 40
113 11 48
113 11 56
113 11 64
113 11 72
114 11 40
114 11 48
114 11 56
114 11 64
114 11 72
115 11 40
115 11 48
115 11 56
115 11 64
115 11 72
116 11 40
116 11 48
116 11 56
116 11 64
116 11 72
117 11 40
117 11 48
117 11 56
117 11 64
118 11 40
118 11 48
118 11 56
118 11 64
119 11 40
119 11 48
119 11 56
119 11 64
120 11 40
120 11 48
120 11 56
121 11 40
121 11 48
121 11 56
122 11 40
122 11 48
123 11 40
123 11 48
124 11 40
124 11 48
125 11 40
126 11 40
127 11 40
128 11 40
129 11 40
130 11 40
131 11 40
132 11 40
133 11 40
134 11 40
135 11 40
136 11 40
136 12 40
136 13 40
136 14 40
136 15 40
136 16 40
136 17 40
136 18 40
136 19 40
136 20 40
136 21 40
136 22 40
136 23 40
136 23 48
