0 0 100
0 20 100
0 40 100
0 60 100
0 80 100
0 100 100
0 120 100
0 140 100
0 160 100
0 180 100
0 199 100
11 10 100
11 30 100
11 50 100
11 70 100
11 90 100
11 110 100
11 130 100
11 150 100
11 170 100
11 190 100
22 0 100
22 20 100
22 40 100
22 60 100
22 80 100
22 100 100
22 120 100
22 140 100
22 160 100
22 180 100
22 199 100
33 10 100
33 30 100
33 50 100
33 70 100
33 90 100
33 110 100
33 130 100
33 150 100
33 170 100
33 190 100
44 0 100
44 20 100
44 40 100
44 60 100
44 80 100
44 100 100
44 120 100
44 140 100
44 160 100
44 180 100
44 199 100
55 10 100
55 30 100
55 50 100
55 70 100
55 90 100
55 110 100
55 130 100
55 150 100
55 170 100
55 190 100
66 0 100
66 20 100
66 40 100
66 60 100
66 80 100
66 100 100
66 120 100
66 140 100
66 160 100
66 180 100
66 199 100
77 10 100
77 30 100
77 50 100
77 70 100
77 90 100
77 110 100
77 130 100
77 150 100
77 170 100
77 190 100
88 0 100
88 20 100
88 40 100
88 60 100
88 80 100
88 100 100
88 120 100
88 140 100
88 160 100
88 180 100
88 199 100
99 10 100
99 30 100
99 50 100
99 70 100
99 90 100
99 110 100
99 130 100
99 150 100
99 170 100
99 190 100
110 0 100
110 20 100
110 40 100
110 60 100
110 80 100
110 100 100
110 120 100
110 140 100
110 160 100
110 180 100
110 199 100
121 10 100
121 30 100
121 50 100
121 70 100
121 90 100
121 110 100
121 130 100
121 150 100
121 170 100
121 190 100
132 0 100
132 20 100
132 40 100
132 60 100
132 80 100
132 100 100
132 120 100
132 140 100
132 160 100
132 180 100
132 199 100
143 10 100
143 30 100
143 50 100
143 70 100
143 90 100
143 110 100
143 130 100
143 150 100
143 170 100
143 190 100
154 0 100
154 20 100
154 40 100
154 60 100
154 80 100
154 100 100
154 120 100
154 140 100
154 160 100
154 180 100
154 199 100
165 10 100
165 30 100
165 50 100
165 70 100
165 90 100
165 110 100
165 130 100
165 150 100
165 170 100
165 190 100
176 0 100
176 20 100
176 40 100
176 60 100
176 80 100
176 100 100
176 120 100
176 140 100
176 160 100
176 180 100
176 199 100
187 10 100
187 30 100
187 50 100
187 70 100
187 90 100
187 110 100
187 130 100
187 150 100
187 170 100
187 190 100
198 0 100
198 20 100
198 40 100
198 60 100
198 80 100
198 100 100
198 120 100
198 140 100
198 160 100
198 180 100
198 199 100
0 0 100
0 60 100
0 80 100
0 100 100
0 120 100
0 140 100
0 160 100
0 180 100
11 70 100
11 110 100
11 130 100
11 150 100
11 170 100
22 120 100
22 140 100
22 160 100
33 110 100
33 130 100
33 150 100
44 0 100
44 20 100
44 120 100
44 140 100
55 10 100
55 30 100
55 130 100
55 150 100
55 190 100
66 0 100
66 20 100
66 40 100
66 120 100
66 140 100
66 160 100
66 180 100
66 199 100
77 10 100
77 30 100
77 50 100
77 90 100
77 110 100
77 130 100
77 150 100
77 170 100
77 190 100
88 0 100
88 20 100
88 40 100
88 60 100
88 80 100
88 100 100
88 120 100
88 140 100
88 160 100
88 180 100
88 199 100
99 10 100
99 30 100
99 50 100
99 70 100
99 90 100
99 110 100
99 130 100
99 190 100
110 0 100
110 20 100
110 40 100
110 60 100
110 80 100
110 100 100
110 199 100
121 10 100
121 30 100
121 50 100
121 70 100
121 90 100
121 110 100
121 190 100
132 0 100
132 20 100
132 40 100
132 60 100
132 80 100
132 100 100
132 120 100
132 180 100
132 199 100
143 10 100
143 30 100
143 50 100
143 90 100
143 110 100
143 130 100
143 190 100
154 0 100
154 20 100
154 80 100
154 100 100
154 120 100
154 140 100
154 180 100
154 199 100
165 10 100
165 90 100
165 110 100
165 130 100
165 150 100
165 170 100
165 190 100
176 0 100
176 80 100
176 100 100
176 120 100
176 140 100
176 160 100
176 180 100
176 199 100
187 70 100
187 90 100
187 110 100
187 130 100
187 150 100
187 170 100
187 190 100
198 60 100
198 80 100
198 100 100
198 120 100
198 140 100
198 160 100
198 180 100
188 30 40
1 58 40
1 58 48
1 58 56
1 58 64
1 58 72
1 58 80
1 58 88
1 58 96
38 85 40
42 159 40
42 159 48
3 15 40
3 15 48
172 51 40
136 131 40
114 150 40
71 92 40
71 92 48
119 12 40
119 12 48
119 12 56
119 12 64
119 12 72
119 12 80
119 12 88
119 12 96
119 12 104
119 12 112
119 12 120
119 12 128
143 61 40
143 61 48
143 61 56
36 34 40
172 50 40
172 49 40
172 48 40
172 47 40
172 46 40
172 45 40
172 44 40
172 43 40
172 42 40
172 41 40
172 40 40
173 40 40
174 40 40
175 40 40
177 40 40
177 39 40
178 39 40
179 39 40
179 38 40
179 37 40
179 36 40
179 35 40
180 35 40
180 34 40
181 34 40
181 33 40
182 33 40
183 33 40
184 33 40
185 33 40
186 33 40
186 32 40
186 31 40
186 30 40
70 92 40
70 92 48
69 92 40
69 92 48
68 92 40
68 92 48
67 92 40
67 92 48
66 92 40
65 92 40
64 92 40
63 92 40
62 92 40
61 92 40
60 92 40
59 92 40
58 92 40
57 92 40
56 92 40
55 92 40
54 92 40
53 92 40
52 92 40
51 92 40
50 92 40
49 92 40
48 92 40
48 91 40
48 90 40
48 89 40
48 88 40
47 88 40
47 87 40
46 87 40
45 87 40
44 87 40
43 87 40
42 87 40
41 87 40
40 87 40
40 86 40
40 85 40
39 85 40
36 35 40
36 36 40
36 37 40
36 38 40
36 39 40
36 40 40
36 41 40
36 42 40
36 43 40
36 44 40
36 45 40
36 46 40
36 47 40
36 48 40
36 49 40
36 50 40
36 51 40
36 52 40
36 53 40
36 54 40
36 55 40
36 56 40
36 57 40
36 58 40
36 59 40
36 60 40
36 61 40
36 62 40
36 63 40
36 64 40
36 65 40
36 66 40
36 67 40
36 68 40
36 69 40
36 70 40
36 71 40
36 72 40
36 73 40
36 74 40
36 75 40
36 76 40
36 77 40
36 78 40
36 79 40
36 80 40
36 81 40
36 82 40
36 83 40
36 84 40
36 85 40
37 85 40
3 16 40
3 16 48
3 17 40
3 17 48
3 18 40
3 19 40
3 20 40
3 21 40
3 22 40
3 23 40
3 24 40
3 24 48
3 25 40
3 25 48
4 25 40
5 25 40
6 25 40
7 25 40
8 25 40
9 25 40
10 25 40
11 25 40
12 25 40
13 25 40
14 25 40
14 26 40
14 27 40
14 28 40
14 29 40
14 30 40
14 31 40
14 32 40
15 32 40
15 33 40
15 34 40
16 34 40
17 34 40
18 34 40
19 34 40
20 34 40
21 34 40
22 34 40
23 34 40
24 34 40
25 34 40
26 34 40
27 34 40
28 34 40
29 34 40
30 34 40
31 34 40
32 34 40
33 34 40
34 34 40
35 34 40
143 62 40
143 62 48
143 62 56
143 63 40
143 63 48
143 63 56
143 64 40
143 64 48
143 64 56
144 64 40
144 64 48
145 64 40
145 64 48
146 64 40
146 64 48
147 64 40
147 64 48
148 64 40
148 64 48
149 64 40
150 64 40
151 64 40
152 64 40
153 64 40
154 64 40
155 64 40
156 64 40
156 63 40
157 63 40
158 63 40
158 62 40
159 62 40
160 62 40
161 62 40
161 61 40
162 61 40
163 61 40
164 61 40
164 60 40
165 60 40
166 60 40
167 60 40
168 60 40
168 59 40
168 58 40
168 57 40
169 57 40
169 56 40
169 55 40
170 55 40
170 54 40
171 54 40
172 54 40
172 53 40
172 52 40
135 131 40
134 131 40
133 131 40
132 131 40
131 131 40
130 131 40
129 131 40
128 131 40
127 131 40
126 131 40
125 131 40
124 131 40
123 131 40
122 131 40
121 131 40
120 131 40
119 131 40
119 130 40
119 129 40
118 129 40
118 128 40
117 128 40
117 127 40
116 127 40
116 126 40
115 126 40
115 125 40
114 125 40
114 125 48
114 124 40
114 124 48
113 124 40
113 124 48
113 123 40
113 123 48
112 123 40
112 123 48
112 122 40
112 122 48
111 122 40
111 122 48
111 121 40
111 121 48
110 121 40
110 121 48
109 120 40
109 120 48
109 120 56
109 119 40
109 119 48
109 119 56
108 119 40
108 119 48
108 119 56
108 118 40
108 118 48
108 118 56
107 118 40
107 118 48
107 118 56
107 118 64
107 117 40
107 117 48
107 117 56
107 117 64
106 117 40
106 117 48
106 117 56
106 117 64
106 116 40
106 116 48
106 116 56
106 116 64
106 116 72
105 116 40
105 116 48
105 116 56
105 116 64
105 116 72
105 115 40
105 115 48
105 115 56
105 115 64
105 115 72
105 114 40
105 114 48
105 114 56
105 114 64
105 114 72
105 113 40
105 113 48
105 113 56
105 113 64
105 113 72
105 113 80
105 112 40
105 112 48
105 112 56
105 112 64
105 112 72
105 112 80
105 111 40
105 111 48
105 111 56
105 111 64
105 111 72
105 111 80
105 110 40
105 110 48
105 110 56
105 110 64
105 110 72
105 110 80
105 109 40
105 109 48
105 109 56
105 109 64
105 109 72
105 109 80
105 109 88
105 108 40
105 108 48
105 108 56
105 108 64
105 108 72
105 108 80
105 108 88
105 107 40
105 107 48
105 107 56
105 107 64
105 107 72
105 107 80
105 107 88
105 106 40
105 106 48
105 106 56
105 106 64
105 106 72
105 106 80
105 106 88
105 106 96
105 105 40
105 105 48
105 105 56
105 105 64
105 105 72
105 105 80
105 105 88
105 105 96
105 104 40
105 104 48
105 104 56
105 104 64
105 104 72
105 104 80
105 104 88
105 104 96
105 103 40
105 103 48
105 103 56
105 103 64
105 103 72
105 103 80
105 103 88
105 103 96
105 103 104
105 102 40
105 102 48
105 102 56
105 102 64
105 102 72
105 102 80
105 102 88
105 102 96
105 102 104
105 101 40
105 101 48
105 101 56
105 101 64
105 101 72
105 101 80
105 101 88
105 101 96
105 101 104
105 100 40
105 100 48
105 100 56
105 100 64
105 100 72
105 100 80
105 100 88
105 100 96
105 100 104
105 99 40
105 99 48
105 99 56
105 99 64
105 99 72
105 99 80
105 99 88
105 99 96
105 99 104
105 98 40
105 98 48
105 98 56
105 98 64
105 98 72
105 98 80
105 98 88
105 98 96
105 98 104
104 98 40
104 98 48
104 98 56
104 98 64
104 98 72
104 98 80
104 98 88
104 98 96
104 98 104
104 98 112
103 98 40
103 98 48
103 98 56
103 98 64
103 98 72
103 98 80
103 98 88
103 98 96
103 98 104
102 98 40
102 98 48
102 98 56
102 98 64
102 98 72
102 98 80
102 98 88
102 98 96
102 98 104
101 98 40
101 98 48
101 98 56
101 98 64
101 98 72
101 98 80
101 98 88
101 98 96
101 98 104
100 98 40
100 98 48
100 98 56
100 98 64
100 98 72
100 98 80
100 98 88
100 98 96
99 98 40
99 98 48
99 98 56
99 98 64
99 98 72
99 98 80
99 98 88
99 98 96
98 98 40
98 98 48
98 98 56
98 98 64
98 98 72
98 98 80
98 98 88
97 98 40
97 98 48
97 98 56
97 98 64
97 98 72
97 98 80
96 98 40
96 98 48
96 98 56
96 98 64
96 98 72
96 98 80
95 98 40
95 98 48
95 98 56
95 98 64
95 98 72
94 98 40
94 98 48
94 98 56
94 98 64
94 98 72
93 98 40
93 98 48
93 98 56
93 98 64
93 98 72
92 98 40
92 98 48
92 98 56
92 98 64
91 98 40
91 98 48
91 98 56
91 98 64
90 98 40
90 98 48
90 98 56
89 98 40
89 98 48
89 98 56
88 98 40
88 98 48
88 98 56
87 98 40
87 98 48
87 98 56
87 97 40
87 97 48
87 97 56
86 97 40
86 97 48
86 97 56
85 97 40
85 97 48
85 97 56
84 97 40
84 97 48
84 97 56
84 96 40
84 96 48
84 96 56
83 96 40
83 96 48
83 96 56
82 96 40
82 96 48
82 96 56
81 96 40
81 96 48
81 96 56
80 96 40
80 96 48
80 96 56
79 96 40
79 96 48
79 96 56
78 96 40
78 96 48
78 96 56
77 96 40
77 96 48
77 96 56
76 96 40
76 96 48
76 96 56
75 96 40
75 96 48
75 96 56
74 96 40
74 96 48
74 96 56
73 96 40
73 96 48
73 96 56
72 96 40
72 96 48
72 96 56
71 96 40
71 96 48
71 96 56
71 95 40
71 95 48
71 95 56
71 94 40
71 94 48
71 94 56
71 93 40
71 93 48
71 93 56
114 149 40
115 149 40
115 148 40
116 148 40
117 148 40
117 147 40
117 146 40
118 146 40
118 145 40
119 145 40
119 144 40
119 143 40
119 142 40
119 141 40
119 140 40
119 139 40
119 138 40
119 137 40
119 136 40
119 135 40
119 134 40
119 133 40
119 132 40
120 12 40
120 12 48
120 12 56
120 12 64
120 12 72
120 12 80
120 12 88
120 12 96
120 12 104
120 12 112
120 12 120
121 12 40
121 12 48
121 12 56
121 12 64
121 12 72
121 12 80
121 12 88
121 12 96
121 12 104
121 12 112
121 12 120
122 12 40
122 12 48
122 12 56
122 12 64
122 12 72
122 12 80
122 12 88
122 12 96
122 12 104
122 12 112
123 12 40
123 12 48
123 12 56
123 12 64
123 12 72
123 12 80
123 12 88
123 12 96
123 12 104
124 12 40
124 12 48
124 12 56
124 12 64
124 12 72
124 12 80
124 12 88
124 12 96
124 11 40
124 11 48
124 11 56
124 11 64
124 11 72
124 11 80
124 11 88
125 11 40
125 11 48
125 11 56
125 11 64
125 11 72
125 11 80
125 11 88
125 10 40
125 10 48
125 10 56
125 10 64
125 10 72
125 10 80
126 10 40
126 10 48
126 10 56
126 10 64
126 10 72
126 10 80
126 9 40
126 9 48
126 9 56
126 9 64
126 9 72
127 9 40
127 9 48
127 9 56
127 9 64
127 9 72
128 9 40
128 9 48
128 9 56
128 9 64
128 9 72
129 9 40
129 9 48
129 9 56
129 9 64
129 9 72
129 9 80
130 9 40
130 9 48
130 9 56
130 9 64
130 9 72
130 9 80
131 9 40
131 9 48
131 9 56
131 9 64
131 9 72
131 9 80
132 9 40
132 9 48
132 9 56
132 9 64
132 9 72
132 9 80
133 9 40
133 9 48
133 9 56
133 9 64
133 9 72
133 9 80
134 9 40
134 9 48
134 9 56
134 9 64
134 9 72
134 9 80
135 9 40
135 9 48
135 9 56
135 9 64
135 9 72
135 9 80
136 9 40
136 9 48
136 9 56
136 9 64
136 9 72
136 9 80
137 9 40
137 9 48
137 9 56
137 9 64
137 9 72
137 9 80
138 9 40
138 9 48
138 9 56
138 9 64
138 9 72
139 9 40
139 9 48
139 9 56
139 9 64
139 9 72
140 9 40
140 9 48
140 9 56
140 9 64
140 9 72
141 9 40
141 9 48
141 9 56
141 9 64
141 9 72
142 9 40
142 9 48
142 9 56
142 9 64
142 9 72
143 9 40
143 9 48
143 9 56
143 9 64
143 9 72
144 9 40
144 9 48
144 9 56
144 9 64
144 9 72
145 9 40
145 9 48
145 9 56
145 9 64
145 9 72
146 9 40
146 9 48
146 9 56
146 9 64
146 9 72
147 9 40
147 9 48
147 9 56
147 9 64
147 9 72
148 9 40
148 9 48
148 9 56
148 9 64
148 9 72
149 9 40
149 9 48
149 9 56
149 9 64
149 9 72
149 9 80
150 9 40
150 9 48
150 9 56
150 9 64
150 9 72
150 9 80
151 9 40
151 9 48
151 9 56
151 9 64
151 9 72
151 9 80
152 9 40
152 9 48
152 9 56
152 9 64
152 9 72
152 9 80
152 9 88
153 9 40
153 9 48
153 9 56
153 9 64
153 9 72
153 9 80
153 9 88
154 9 40
154 9 48
154 9 56
154 9 64
154 9 72
154 9 80
154 9 88
154 9 96
155 9 40
155 9 48
155 9 56
155 9 64
155 9 72
155 9 80
155 9 88
155 9 96
156 9 40
156 9 48
156 9 56
156 9 64
156 9 72
156 9 80
156 9 88
156 9 96
157 9 40
157 9 48
157 9 56
157 9 64
157 9 72
157 9 80
157 9 88
157 9 96
158 9 40
158 9 48
158 9 56
158 9 64
158 9 72
158 9 80
158 9 88
159 9 40
159 9 48
159 9 56
159 9 64
159 9 72
159 9 80
159 9 88
160 9 40
160 9 48
160 9 56
160 9 64
160 9 72
160 9 80
161 9 40
161 9 48
161 9 56
161 9 64
161 9 72
161 9 80
162 9 40
162 9 48
162 9 56
162 9 64
162 9 72
163 9 40
163 9 48
163 9 56
163 9 64
163 9 72
164 9 40
164 9 48
164 9 56
164 9 64
165 9 40
165 9 48
165 9 56
165 9 64
166 9 40
166 9 48
166 9 56
167 9 40
167 9 48
167 9 56
168 9 40
168 9 48
168 9 56
169 9 40
169 9 48
169 9 56
170 9 40
170 9 48
170 9 56
171 9 40
171 9 48
172 9 40
172 9 48
173 9 40
173 9 48
174 9 40
174 9 48
174 10 40
174 10 48
174 11 40
174 11 48
174 12 40
174 12 48
174 13 40
174 14 40
174 15 40
174 16 40
174 17 40
174 18 40
174 19 40
174 20 40
174 21 40
174 22 40
174 23 40
174 24 40
174 25 40
174 26 40
174 27 40
174 28 40
174 29 40
174 30 40
174 31 40
174 32 40
174 33 40
174 34 40
174 35 40
174 36 40
174 37 40
174 38 40
174 39 40
