0 0 100
0 20 100
0 40 100
0 60 100
0 80 100
0 100 100
0 120 100
0 140 100
0 160 100
0 180 100
0 199 100
11 10 100
11 30 100
11 50 100
11 70 100
11 90 100
11 110 100
11 130 100
11 150 100
11 170 100
11 190 100
22 0 100
22 20 100
22 40 100
22 60 100
22 80 100
22 100 100
22 120 100
22 140 100
22 160 100
22 180 100
22 199 100
33 10 100
33 30 100
33 50 100
33 70 100
33 90 100
33 110 100
33 130 100
33 150 100
33 170 100
33 190 100
44 0 100
44 20 100
44 40 100
44 60 100
44 80 100
44 100 100
44 120 100
44 140 100
44 160 100
44 180 100
44 199 100
55 10 100
55 30 100
55 50 100
55 70 100
55 90 100
55 110 100
55 130 100
55 150 100
55 170 100
55 190 100
66 0 100
66 20 100
66 40 100
66 60 100
66 80 100
66 100 100
66 120 100
66 140 100
66 160 100
66 180 100
66 199 100
77 10 100
77 30 100
77 50 100
77 70 100
77 90 100
77 110 100
77 130 100
77 150 100
77 170 100
77 190 100
88 0 100
88 20 100
88 40 100
88 60 100
88 80 100
88 100 100
88 120 100
88 140 100
88 160 100
88 180 100
88 199 100
99 10 100
99 30 100
99 50 100
99 70 100
99 90 100
99 110 100
99 130 100
99 150 100
99 170 100
99 190 100
110 0 100
110 20 100
110 40 100
110 60 100
110 80 100
110 100 100
110 120 100
110 140 100
110 160 100
110 180 100
110 199 100
121 10 100
121 30 100
121 50 100
121 70 100
121 90 100
121 110 100
121 130 100
121 150 100
121 170 100
121 190 100
132 0 100
132 20 100
132 40 100
132 60 100
132 80 100
132 100 100
132 120 100
132 140 100
132 160 100
132 180 100
132 199 100
143 10 100
143 30 100
143 50 100
143 70 100
143 90 100
143 110 100
143 130 100
143 150 100
143 170 100
143 190 100
154 0 100
154 20 100
154 40 100
154 60 100
154 80 100
154 100 100
154 120 100
154 140 100
154 160 100
154 180 100
154 199 100
165 10 100
165 30 100
165 50 100
165 70 100
165 90 100
165 110 100
165 130 100
165 150 100
165 170 100
165 190 100
176 0 100
176 20 100
176 40 100
176 60 100
176 80 100
176 100 100
176 120 100
176 140 100
176 160 100
176 180 100
176 199 100
187 10 100
187 30 100
187 50 100
187 70 100
187 90 100
187 110 100
187 130 100
187 150 100
187 170 100
187 190 100
198 0 100
198 20 100
198 40 100
198 60 100
198 80 100
198 100 100
198 120 100
198 140 100
198 160 100
198 180 100
198 199 100
0 20 100
0 60 100
0 80 100
0 100 100
0 120 100
0 140 100
0 160 100
0 180 100
11 10 100
11 30 100
11 70 100
11 90 100
11 110 100
11 130 100
11 170 100
11 190 100
22 0 100
22 20 100
22 40 100
22 120 100
22 199 100
33 10 100
33 30 100
33 50 100
33 70 100
33 110 100
33 130 100
33 190 100
44 0 100
44 20 100
44 40 100
44 80 100
44 100 100
44 120 100
44 140 100
44 180 100
44 199 100
55 10 100
55 90 100
55 110 100
55 130 100
55 170 100
55 190 100
66 0 100
66 20 100
66 80 100
66 100 100
66 120 100
66 140 100
66 160 100
66 180 100
66 199 100
77 10 100
77 30 100
77 70 100
77 90 100
77 110 100
77 130 100
77 150 100
77 170 100
77 190 100
88 0 100
88 20 100
88 40 100
88 60 100
88 80 100
88 100 100
88 120 100
88 140 100
88 160 100
88 180 100
88 199 100
99 10 100
99 30 100
99 50 100
99 70 100
99 90 100
99 130 100
99 170 100
99 190 100
110 0 100
110 20 100
110 40 100
110 80 100
110 100 100
110 140 100
110 180 100
110 199 100
121 10 100
121 30 100
121 50 100
121 70 100
121 90 100
121 110 100
121 130 100
121 190 100
132 0 100
132 60 100
132 80 100
132 100 100
132 120 100
132 140 100
143 10 100
143 70 100
143 90 100
143 110 100
143 130 100
143 190 100
154 0 100
154 20 100
154 60 100
154 80 100
154 100 100
154 120 100
154 180 100
154 199 100
165 10 100
165 30 100
165 50 100
165 70 100
165 130 100
165 150 100
165 170 100
165 190 100
176 20 100
176 40 100
176 60 100
176 80 100
176 140 100
176 160 100
176 180 100
176 199 100
187 10 100
187 30 100
187 50 100
187 70 100
187 90 100
187 150 100
187 170 100
187 190 100
198 0 100
198 20 100
198 40 100
198 60 100
198 80 100
198 100 100
198 140 100
198 160 100
173 116 40
7 190 40
7 190 48
7 190 56
7 190 64
7 190 72
5 55 40
112 121 40
112 121 48
112 121 56
112 121 64
144 198 40
144 198 48
44 143 40
44 143 48
44 143 56
119 155 40
32 184 40
32 184 48
32 184 56
32 184 64
32 184 72
32 184 80
68 31 40
177 89 40
177 89 48
177 89 56
177 89 64
177 89 72
141 167 40
27 98 40
18 150 40
177 90 40
177 90 48
177 90 56
177 90 64
177 90 72
177 91 40
177 91 48
177 91 56
177 91 64
177 92 40
177 92 48
177 92 56
177 93 40
177 93 48
177 93 56
177 94 40
177 94 48
177 94 56
177 95 40
177 95 48
177 96 40
177 96 48
177 97 40
177 97 48
177 98 40
177 98 48
177 99 40
177 99 48
177 100 40
177 100 48
177 101 40
177 101 48
177 102 40
177 102 48
177 103 40
177 103 48
177 104 40
177 105 40
177 106 40
177 107 40
177 108 40
177 109 40
177 110 40
177 111 40
176 111 40
175 111 40
174 111 40
173 111 40
173 112 40
173 113 40
173 114 40
173 115 40
27 97 40
27 96 40
27 95 40
27 94 40
27 93 40
27 92 40
27 91 40
27 90 40
26 90 40
26 89 40
25 89 40
25 88 40
24 88 40
24 87 40
24 86 40
24 85 40
24 84 40
24 84 48
24 83 40
24 83 48
24 82 40
24 82 48
24 81 40
24 81 48
24 80 40
24 80 48
24 80 56
24 79 40
24 79 48
24 79 56
24 78 40
24 78 48
24 78 56
24 78 64
24 77 40
24 77 48
24 77 56
24 77 64
24 76 40
24 76 48
24 76 56
24 76 64
24 76 72
24 75 40
24 75 48
24 75 56
24 75 64
24 75 72
24 75 80
24 74 40
24 74 48
24 74 56
24 74 64
24 74 72
24 74 80
24 74 88
24 74 96
24 73 40
24 73 48
24 73 56
24 73 64
24 73 72
24 73 80
24 73 88
24 73 96
24 73 104
24 72 40
24 72 48
24 72 56
24 72 64
24 72 72
24 72 80
24 72 88
24 72 96
24 72 104
24 72 112
24 71 40
24 71 48
24 71 56
24 71 64
24 71 72
24 71 80
24 71 88
24 71 96
24 71 104
24 71 112
24 70 40
24 70 48
24 70 56
24 70 64
24 70 72
24 70 80
24 70 88
24 70 96
24 70 104
24 70 112
24 69 40
24 69 48
24 69 56
24 69 64
24 69 72
24 69 80
24 69 88
24 69 96
24 69 104
24 69 112
24 68 40
24 68 48
24 68 56
24 68 64
24 68 72
24 68 80
24 68 88
24 68 96
24 68 104
24 68 112
24 67 40
24 67 48
24 67 56
24 67 64
24 67 72
24 67 80
24 67 88
24 67 96
24 67 104
24 66 40
24 66 48
24 66 56
24 66 64
24 66 72
24 66 80
24 66 88
24 66 96
24 65 40
24 65 48
24 65 56
24 65 64
24 65 72
24 65 80
24 64 40
24 64 48
24 64 56
24 64 64
24 64 72
24 63 40
24 63 48
24 63 56
24 63 64
24 62 40
24 62 48
24 62 56
23 62 40
23 62 48
23 62 56
23 61 40
23 61 48
22 61 40
22 61 48
21 60 40
21 59 40
20 59 40
20 58 40
19 58 40
19 57 40
18 57 40
18 56 40
17 56 40
17 55 40
16 55 40
15 55 40
14 55 40
13 55 40
12 55 40
11 55 40
10 55 40
9 55 40
8 55 40
7 55 40
6 55 40
68 32 40
68 33 40
68 34 40
68 35 40
68 36 40
68 37 40
68 38 40
68 39 40
68 40 40
68 41 40
68 42 40
68 43 40
68 44 40
68 45 40
68 46 40
68 47 40
68 48 40
68 49 40
68 50 40
68 51 40
68 52 40
68 53 40
68 54 40
67 54 40
67 55 40
66 55 40
65 55 40
64 55 40
63 55 40
63 56 40
62 56 40
62 57 40
61 57 40
61 58 40
60 58 40
60 59 40
59 59 40
59 60 40
58 60 40
58 61 40
57 61 40
56 61 40
55 61 40
54 61 40
54 62 40
53 62 40
52 62 40
51 62 40
50 62 40
49 62 40
48 62 40
47 62 40
46 62 40
46 62 48
45 62 40
45 62 48
44 62 40
44 62 48
44 62 56
43 62 40
43 62 48
43 62 56
42 62 40
42 62 48
42 62 56
42 62 64
41 62 40
41 62 48
41 62 56
41 62 64
41 62 72
40 62 40
40 62 48
40 62 56
40 62 64
40 62 72
40 62 80
39 62 40
39 62 48
39 62 56
39 62 64
39 62 72
39 62 80
39 62 88
38 62 40
38 62 48
38 62 56
38 62 64
38 62 72
38 62 80
38 62 88
38 62 96
37 62 40
37 62 48
37 62 56
37 62 64
37 62 72
37 62 80
37 62 88
37 62 96
37 62 104
36 62 40
36 62 48
36 62 56
36 62 64
36 62 72
36 62 80
36 62 88
36 62 96
36 62 104
35 62 40
35 62 48
35 62 56
35 62 64
35 62 72
35 62 80
35 62 88
35 62 96
35 62 104
35 62 112
34 62 40
34 62 48
34 62 56
34 62 64
34 62 72
34 62 80
34 62 88
34 62 96
34 62 104
34 62 112
33 62 40
33 62 48
33 62 56
33 62 64
33 62 72
33 62 80
33 62 88
33 62 96
33 62 104
33 62 112
32 62 40
32 62 48
32 62 56
32 62 64
32 62 72
32 62 80
32 62 88
32 62 96
32 62 104
32 62 112
31 62 40
31 62 48
31 62 56
31 62 64
31 62 72
31 62 80
31 62 88
31 62 96
31 62 104
30 62 40
30 62 48
30 62 56
30 62 64
30 62 72
30 62 80
30 62 88
30 62 96
29 62 40
29 62 48
29 62 56
29 62 64
29 62 72
29 62 80
29 62 88
28 62 40
28 62 48
28 62 56
28 62 64
28 62 72
28 62 80
27 62 40
27 62 48
27 62 56
27 62 64
27 62 72
26 62 40
26 62 48
26 62 56
26 62 64
26 62 72
25 62 40
25 62 48
25 62 56
25 62 64
18 151 40
18 152 40
18 153 40
18 154 40
18 155 40
17 155 40
16 155 40
16 156 40
15 156 40
14 156 40
14 157 40
13 157 40
13 158 40
12 158 40
11 158 40
11 159 40
10 159 40
10 160 40
9 160 40
8 160 40
8 161 40
7 161 40
7 162 40
7 163 40
7 164 40
7 165 40
7 165 48
7 166 40
7 166 48
7 167 40
7 167 48
7 167 56
7 168 40
7 168 48
7 168 56
7 168 64
7 169 40
7 169 48
7 169 56
7 169 64
7 169 72
7 170 40
7 170 48
7 170 56
7 170 64
7 170 72
7 170 80
7 171 40
7 171 48
7 171 56
7 171 64
7 171 72
7 171 80
7 172 40
7 172 48
7 172 56
7 172 64
7 172 72
7 172 80
7 172 88
7 173 40
7 173 48
7 173 56
7 173 64
7 173 72
7 173 80
7 173 88
7 173 96
7 174 40
7 174 48
7 174 56
7 174 64
7 174 72
7 174 80
7 174 88
7 174 96
7 175 40
7 175 48
7 175 56
7 175 64
7 175 72
7 175 80
7 175 88
7 175 96
7 175 104
7 176 40
7 176 48
7 176 56
7 176 64
7 176 72
7 176 80
7 176 88
7 176 96
7 176 104
7 176 112
7 177 40
7 177 48
7 177 56
7 177 64
7 177 72
7 177 80
7 177 88
7 177 96
7 177 104
7 177 112
7 177 120
7 178 40
7 178 48
7 178 56
7 178 64
7 178 72
7 178 80
7 178 88
7 178 96
7 178 104
7 178 112
7 178 120
7 179 40
7 179 48
7 179 56
7 179 64
7 179 72
7 179 80
7 179 88
7 179 96
7 179 104
7 179 112
7 179 120
7 180 40
7 180 48
7 180 56
7 180 64
7 180 72
7 180 80
7 180 88
7 180 96
7 180 104
7 180 112
7 180 120
7 181 40
7 181 48
7 181 56
7 181 64
7 181 72
7 181 80
7 181 88
7 181 96
7 181 104
7 181 112
7 181 120
7 182 40
7 182 48
7 182 56
7 182 64
7 182 72
7 182 80
7 182 88
7 182 96
7 182 104
7 182 112
7 182 120
7 183 40
7 183 48
7 183 56
7 183 64
7 183 72
7 183 80
7 183 88
7 183 96
7 183 104
7 183 112
7 184 40
7 184 48
7 184 56
7 184 64
7 184 72
7 184 80
7 184 88
7 184 96
7 184 104
7 185 40
7 185 48
7 185 56
7 185 64
7 185 72
7 185 80
7 185 88
7 185 96
7 185 104
7 186 40
7 186 48
7 186 56
7 186 64
7 186 72
7 186 80
7 186 88
7 186 96
7 187 40
7 187 48
7 187 56
7 187 64
7 187 72
7 187 80
7 187 88
7 188 40
7 188 48
7 188 56
7 188 64
7 188 72
7 188 80
7 189 40
7 189 48
7 189 56
7 189 64
7 189 72
7 189 80
44 144 40
44 144 48
44 145 40
44 145 48
44 146 40
44 146 48
44 147 40
44 148 40
44 149 40
44 150 40
43 150 40
42 150 40
41 150 40
40 150 40
39 150 40
38 150 40
37 150 40
36 150 40
35 150 40
34 150 40
32 150 40
31 150 40
30 150 40
29 150 40
28 150 40
27 150 40
26 150 40
25 150 40
24 150 40
23 150 40
22 150 40
21 150 40
20 150 40
19 150 40
32 183 40
32 183 48
32 183 56
32 183 64
32 183 72
32 182 40
32 182 48
32 182 56
32 182 64
32 182 72
32 181 40
32 181 48
32 181 56
32 181 64
32 180 40
32 180 48
32 180 56
32 180 64
32 179 40
32 179 48
32 179 56
32 179 64
32 178 40
32 178 48
32 178 56
32 177 40
32 177 48
32 177 56
32 176 40
32 176 48
32 176 56
32 175 40
32 175 48
32 174 40
32 174 48
32 173 40
32 173 48
32 172 40
32 172 48
32 171 40
32 170 40
32 169 40
32 168 40
32 167 40
32 166 40
32 165 40
32 164 40
32 163 40
32 162 40
32 161 40
32 160 40
32 159 40
32 158 40
32 157 40
32 156 40
32 155 40
32 154 40
32 153 40
32 152 40
32 151 40
118 155 40
117 155 40
116 155 40
115 155 40
114 155 40
113 155 40
112 155 40
111 155 40
110 155 40
110 155 48
110 154 40
109 154 40
108 154 40
108 153 40
107 153 40
107 152 40
106 152 40
105 152 40
104 152 40
103 152 40
103 152 48
102 152 40
102 152 48
101 152 40
101 152 48
100 152 40
100 152 48
99 152 40
99 152 48
99 152 56
98 152 40
98 152 48
98 152 56
98 152 64
97 152 40
97 152 48
97 152 56
97 152 64
97 152 72
96 152 40
96 152 48
96 152 56
96 152 64
96 152 72
96 152 80
95 152 40
95 152 48
95 152 56
95 152 64
95 152 72
95 152 80
94 152 40
94 152 48
94 152 56
94 152 64
94 152 72
94 152 80
94 152 88
93 152 40
93 152 48
93 152 56
93 152 64
93 152 72
93 152 80
93 152 88
93 152 96
92 152 40
92 152 48
92 152 56
92 152 64
92 152 72
92 152 80
92 152 88
92 152 96
91 152 40
91 152 48
91 152 56
91 152 64
91 152 72
91 152 80
91 152 88
91 152 96
91 152 104
90 152 40
90 152 48
90 152 56
90 152 64
90 152 72
90 152 80
90 152 88
90 152 96
90 152 104
89 152 40
89 152 48
89 152 56
89 152 64
89 152 72
89 152 80
89 152 88
89 152 96
89 152 104
88 152 40
88 152 48
88 152 56
88 152 64
88 152 72
88 152 80
88 152 88
88 152 96
88 152 104
87 152 40
87 152 48
87 152 56
87 152 64
87 152 72
87 152 80
87 152 88
87 152 96
87 152 104
86 152 40
86 152 48
86 152 56
86 152 64
86 152 72
86 152 80
86 152 88
86 152 96
86 152 104
85 152 40
85 152 48
85 152 56
85 152 64
85 152 72
85 152 80
85 152 88
85 152 96
85 152 104
85 152 112
84 152 40
84 152 48
84 152 56
84 152 64
84 152 72
84 152 80
84 152 88
84 152 96
84 152 104
84 152 112
83 152 40
83 152 48
83 152 56
83 152 64
83 152 72
83 152 80
83 152 88
83 152 96
83 152 104
83 152 112
82 152 40
82 152 48
82 152 56
82 152 64
82 152 72
82 152 80
82 152 88
82 152 96
82 152 104
82 152 112
81 152 40
81 152 48
81 152 56
81 152 64
81 152 72
81 152 80
81 152 88
81 152 96
81 152 104
80 152 40
80 152 48
80 152 56
80 152 64
80 152 72
80 152 80
80 152 88
80 152 96
79 152 40
79 152 48
79 152 56
79 152 64
79 152 72
79 152 80
79 152 88
78 152 40
78 152 48
78 152 56
78 152 64
78 152 72
78 152 80
78 153 40
78 153 48
78 153 56
78 153 64
78 153 72
78 153 80
78 153 88
77 153 40
77 153 48
77 153 56
77 153 64
77 153 72
77 153 80
77 154 40
77 154 48
77 154 56
77 154 64
77 154 72
77 154 80
77 154 88
76 154 40
76 154 48
76 154 56
76 154 64
76 154 72
76 154 80
76 155 40
76 155 48
76 155 56
76 155 64
76 155 72
76 155 80
76 155 88
75 155 40
75 155 48
75 155 56
75 155 64
75 155 72
75 155 80
75 156 40
75 156 48
75 156 56
75 156 64
75 156 72
75 156 80
74 156 40
74 156 48
74 156 56
74 156 64
74 156 72
73 156 40
73 156 48
73 156 56
73 156 64
73 157 40
73 157 48
73 157 56
73 157 64
73 157 72
72 157 40
72 157 48
72 157 56
72 157 64
71 157 40
71 157 48
71 157 56
71 157 64
70 157 40
70 157 48
70 157 56
69 157 40
69 157 48
69 157 56
68 157 40
68 157 48
67 157 40
67 157 48
66 157 40
66 157 48
65 157 40
65 157 48
64 157 40
64 157 48
63 157 40
63 157 48
62 157 40
62 156 40
61 156 40
60 156 40
59 156 40
59 155 40
58 155 40
57 155 40
56 155 40
55 155 40
54 155 40
53 155 40
52 155 40
51 155 40
50 155 40
49 155 40
48 155 40
47 155 40
46 155 40
45 155 40
44 155 40
44 154 40
44 153 40
44 152 40
44 151 40
140 167 40
139 167 40
138 167 40
137 167 40
136 167 40
135 167 40
135 166 40
135 165 40
134 165 40
133 165 40
132 165 40
131 165 40
130 165 40
129 165 40
128 165 40
128 164 40
127 164 40
126 164 40
126 163 40
125 163 40
124 163 40
124 162 40
123 162 40
123 161 40
122 161 40
121 161 40
121 160 40
120 160 40
120 159 40
119 159 40
119 158 40
119 157 40
119 156 40
143 198 40
143 198 48
142 198 40
141 198 40
140 198 40
139 198 40
139 197 40
139 196 40
139 195 40
139 195 48
139 194 40
139 194 48
139 193 40
139 193 48
139 192 40
139 192 48
139 191 40
139 191 48
139 190 40
139 190 48
139 189 40
139 189 48
139 188 40
139 187 40
139 186 40
139 185 40
139 184 40
139 183 40
139 182 40
139 181 40
139 180 40
139 179 40
139 178 40
139 177 40
139 176 40
139 175 40
139 174 40
139 173 40
139 172 40
139 171 40
139 170 40
139 169 40
139 168 40
112 122 40
112 122 48
112 122 56
112 122 64
112 123 40
112 123 48
112 123 56
112 123 64
112 123 72
112 124 40
112 124 48
112 124 56
112 124 64
112 124 72
112 125 40
112 125 48
112 125 56
112 125 64
112 125 72
112 125 80
112 126 40
112 126 48
112 126 56
112 126 64
112 126 72
112 126 80
112 126 88
112 127 40
112 127 48
112 127 56
112 127 64
112 127 72
112 127 80
112 127 88
112 127 96
112 128 40
112 128 48
112 128 56
112 128 64
112 128 72
112 128 80
112 128 88
112 128 96
112 128 104
112 129 40
112 129 48
112 129 56
112 129 64
112 129 72
112 129 80
112 129 88
112 129 96
112 129 104
112 129 112
112 130 40
112 130 48
112 130 56
112 130 64
112 130 72
112 130 80
112 130 88
112 130 96
112 130 104
112 130 112
112 130 120
112 131 40
112 131 48
112 131 56
112 131 64
112 131 72
112 131 80
112 131 88
112 131 96
112 131 104
112 131 112
112 131 120
112 131 128
112 132 40
112 132 48
112 132 56
112 132 64
112 132 72
112 132 80
112 132 88
112 132 96
112 132 104
112 132 112
112 132 120
112 132 128
112 133 40
112 133 48
112 133 56
112 133 64
112 133 72
112 133 80
112 133 88
112 133 96
112 133 104
112 133 112
112 133 120
112 133 128
112 134 40
112 134 48
112 134 56
112 134 64
112 134 72
112 134 80
112 134 88
112 134 96
112 134 104
112 134 112
112 134 120
112 135 40
112 135 48
112 135 56
112 135 64
112 135 72
112 135 80
112 135 88
112 135 96
112 135 104
112 136 40
112 136 48
112 136 56
112 136 64
112 136 72
112 136 80
112 136 88
112 136 96
112 137 40
112 137 48
112 137 56
112 137 64
112 137 72
112 137 80
112 137 88
112 138 40
112 138 48
112 138 56
112 138 64
112 138 72
112 139 40
112 139 48
112 139 56
112 139 64
112 140 40
112 140 48
112 140 56
112 141 40
112 141 48
112 141 56
112 142 40
112 142 48
112 143 40
112 143 48
112 144 40
112 144 48
112 145 40
112 145 48
112 146 40
112 146 48
112 147 40
112 148 40
112 149 40
112 150 40
112 151 40
112 152 40
112 153 40
112 154 40
