0 0 100
0 20 100
0 40 100
0 60 100
0 80 100
0 100 100
0 120 100
0 140 100
0 160 100
0 180 100
0 199 100
11 10 100
11 30 100
11 50 100
11 70 100
11 90 100
11 110 100
11 130 100
11 150 100
11 170 100
11 190 100
22 0 100
22 20 100
22 40 100
22 60 100
22 80 100
22 100 100
22 120 100
22 140 100
22 160 100
22 180 100
22 199 100
33 10 100
33 30 100
33 50 100
33 70 100
33 90 100
33 110 100
33 130 100
33 150 100
33 170 100
33 190 100
44 0 100
44 20 100
44 40 100
44 60 100
44 80 100
44 100 100
44 120 100
44 140 100
44 160 100
44 180 100
44 199 100
55 10 100
55 30 100
55 50 100
55 70 100
55 90 100
55 110 100
55 130 100
55 150 100
55 170 100
55 190 100
66 0 100
66 20 100
66 40 100
66 60 100
66 80 100
66 100 100
66 120 100
66 140 100
66 160 100
66 180 100
66 199 100
77 10 100
77 30 100
77 50 100
77 70 100
77 90 100
77 110 100
77 130 100
77 150 100
77 170 100
77 190 100
88 0 100
88 20 100
88 40 100
88 60 100
88 80 100
88 100 100
88 120 100
88 140 100
88 160 100
88 180 100
88 199 100
99 10 100
99 30 100
99 50 100
99 70 100
99 90 100
99 110 100
99 130 100
99 150 100
99 170 100
99 190 100
110 0 100
110 20 100
110 40 100
110 60 100
110 80 100
110 100 100
110 120 100
110 140 100
110 160 100
110 180 100
110 199 100
121 10 100
121 30 100
121 50 100
121 70 100
121 90 100
121 110 100
121 130 100
121 150 100
121 170 100
121 190 100
132 0 100
132 20 100
132 40 100
132 60 100
132 80 100
132 100 100
132 120 100
132 140 100
132 160 100
132 180 100
132 199 100
143 10 100
143 30 100
143 50 100
143 70 100
143 90 100
143 110 100
143 130 100
143 150 100
143 170 100
143 190 100
154 0 100
154 20 100
154 40 100
154 60 100
154 80 100
154 100 100
154 120 100
154 140 100
154 160 100
154 180 100
154 199 100
165 10 100
165 30 100
165 50 100
165 70 100
165 90 100
165 110 100
165 130 100
165 150 100
165 170 100
165 190 100
176 0 100
176 20 100
176 40 100
176 60 100
176 80 100
176 100 100
176 120 100
176 140 100
176 160 100
176 180 100
176 199 100
187 10 100
187 30 100
187 50 100
187 70 100
187 90 100
187 110 100
187 130 100
187 150 100
187 170 100
187 190 100
198 0 100
198 20 100
198 40 100
198 60 100
198 80 100
198 100 100
198 120 100
198 140 100
198 160 100
198 180 100
198 199 100
0 0 100
0 80 100
0 100 100
0 160 100
11 10 100
11 70 100
11 90 100
11 130 100
11 170 100
22 40 100
22 80 100
22 140 100
22 180 100
22 199 100
33 10 100
33 30 100
33 50 100
33 70 100
33 130 100
33 190 100
44 0 100
44 40 100
44 80 100
44 100 100
44 160 100
44 199 100
55 70 100
55 90 100
55 110 100
55 130 100
55 150 100
55 170 100
66 100 100
66 120 100
66 140 100
66 160 100
66 199 100
77 50 100
77 70 100
77 110 100
77 170 100
77 190 100
88 0 100
88 20 100
88 40 100
88 60 100
88 80 100
88 100 100
88 120 100
88 199 100
99 10 100
99 30 100
99 50 100
99 70 100
99 90 100
99 110 100
99 130 100
110 0 100
110 40 100
110 60 100
110 100 100
110 140 100
110 160 100
110 180 100
110 199 100
121 50 100
121 150 100
121 170 100
121 190 100
132 140 100
132 160 100
143 30 100
143 50 100
143 110 100
143 130 100
143 170 100
143 190 100
154 0 100
154 20 100
154 40 100
154 100 100
154 120 100
154 140 100
165 30 100
165 70 100
165 110 100
165 130 100
165 150 100
176 0 100
176 20 100
176 80 100
176 100 100
176 120 100
176 160 100
176 180 100
176 199 100
187 10 100
187 30 100
187 70 100
187 90 100
187 110 100
187 150 100
187 190 100
198 20 100
198 80 100
198 100 100
198 120 100
198 140 100
198 180 100
199 165 40
3 182 40
2 53 40
84 154 40
84 153 40
84 152 40
85 152 40
86 152 40
87 152 40
88 152 40
89 152 40
90 152 40
91 152 40
92 152 40
93 152 40
94 152 40
95 152 40
96 152 40
97 152 40
98 152 40
98 151 40
99 151 40
100 151 40
100 150 40
101 150 40
102 150 40
102 149 40
103 149 40
103 148 40
104 148 40
105 148 40
105 147 40
106 147 40
106 146 40
107 146 40
108 146 40
108 146 48
108 145 40
108 145 48
109 145 40
109 145 48
109 144 40
109 144 48
110 144 40
110 144 48
110 144 56
110 143 40
110 143 48
110 143 56
111 143 40
111 143 48
111 143 56
111 142 40
111 142 48
111 142 56
112 142 40
112 142 48
112 142 56
112 142 64
112 141 40
112 141 48
112 141 56
113 141 40
113 141 48
113 141 56
113 140 40
113 140 48
113 140 56
114 140 40
114 140 48
114 140 56
114 139 40
114 139 48
114 139 56
115 139 40
115 139 48
115 138 40
115 138 48
116 138 40
116 138 48
116 137 40
116 137 48
117 137 40
117 136 40
118 136 40
118 135 40
119 135 40
120 135 40
121 135 40
122 135 40
123 135 40
124 135 40
125 135 40
126 135 40
127 135 40
128 135 40
128 135 48
128 136 40
128 136 48
129 136 40
129 136 48
129 136 56
129 137 40
129 137 48
129 137 56
129 137 64
130 137 40
130 137 48
130 137 56
130 137 64
130 138 40
130 138 48
130 138 56
130 138 64
131 138 40
131 138 48
131 138 56
131 138 64
131 138 72
131 139 40
131 139 48
131 139 56
131 139 64
132 139 40
132 139 48
132 139 56
132 139 64
133 140 40
133 140 48
133 140 56
133 140 64
133 141 40
133 141 48
133 141 56
134 141 40
134 141 48
134 141 56
134 142 40
134 142 48
134 142 56
135 142 40
135 142 48
135 142 56
135 143 40
135 143 48
136 143 40
136 143 48
136 144 40
136 144 48
137 144 40
137 144 48
137 145 40
137 145 48
138 145 40
138 145 48
138 146 40
138 146 48
139 146 40
139 146 48
139 147 40
139 147 48
140 147 40
140 148 40
141 148 40
141 149 40
142 149 40
142 150 40
143 151 40
144 151 40
144 152 40
145 152 40
145 153 40
146 153 40
146 154 40
147 154 40
147 155 40
148 155 40
148 156 40
149 156 40
149 157 40
150 157 40
150 158 40
151 158 40
151 159 40
152 159 40
152 160 40
153 160 40
153 161 40
154 161 40
155 161 40
155 162 40
156 162 40
156 163 40
157 163 40
157 164 40
157 165 40
158 165 40
158 166 40
158 167 40
158 168 40
159 168 40
159 169 40
159 170 40
159 171 40
159 172 40
160 172 40
160 173 40
160 174 40
160 175 40
160 176 40
160 177 40
160 177 48
160 178 40
160 178 48
160 179 40
160 179 48
160 179 56
160 180 40
160 180 48
160 180 56
160 180 64
160 181 40
160 181 48
160 181 56
160 181 64
160 182 40
160 182 48
160 182 56
160 182 64
160 183 40
160 183 48
160 183 56
160 183 64
160 184 40
160 184 48
160 184 56
161 184 40
161 184 48
161 184 56
161 185 40
161 185 48
161 186 40
161 186 48
161 187 40
161 188 40
162 188 40
162 189 40
162 190 40
162 191 40
162 192 40
163 192 40
163 193 40
163 194 40
163 195 40
163 196 40
163 197 40
163 198 40
164 198 40
165 198 40
166 198 40
167 198 40
168 198 40
168 198 48
169 198 40
169 198 48
170 198 40
170 198 48
171 198 40
171 198 48
172 198 40
172 198 48
172 198 56
173 198 40
173 198 48
173 198 56
174 198 40
174 198 48
174 198 56
175 198 40
175 198 48
175 198 56
176 198 40
176 198 48
176 198 56
177 198 40
177 198 48
177 198 56
178 198 40
178 198 48
178 198 56
179 198 40
179 198 48
179 198 56
180 198 40
180 198 48
181 198 40
181 198 48
182 198 40
182 198 48
183 198 40
184 198 40
185 198 40
186 198 40
187 198 40
188 198 40
189 198 40
190 198 40
191 198 40
192 198 40
193 198 40
194 198 40
194 197 40
194 196 40
194 195 40
194 194 40
194 193 40
194 192 40
194 191 40
194 190 40
194 189 40
194 188 40
194 188 48
194 187 40
194 187 48
194 186 40
194 186 48
194 186 56
194 185 40
194 185 48
194 185 56
194 184 40
194 184 48
194 184 56
194 183 40
194 183 48
194 183 56
194 182 40
194 182 48
194 181 40
194 181 48
194 180 40
194 180 48
194 179 40
194 178 40
194 177 40
194 176 40
194 175 40
194 174 40
194 173 40
194 172 40
194 171 40
194 170 40
194 169 40
194 168 40
195 168 40
195 167 40
196 167 40
196 166 40
197 166 40
197 165 40
198 165 40
2 52 40
2 51 40
2 50 40
2 49 40
2 48 40
2 47 40
2 46 40
2 45 40
2 44 40
2 43 40
2 42 40
2 41 40
2 40 40
2 39 40
2 38 40
2 37 40
2 36 40
2 35 40
3 35 40
3 34 40
4 34 40
5 34 40
5 33 40
6 33 40
7 33 40
7 32 40
8 32 40
9 32 40
10 32 40
10 31 40
11 31 40
12 31 40
12 30 40
13 30 40
14 30 40
14 30 48
14 29 40
15 29 40
15 29 48
15 28 40
16 28 40
16 28 48
17 28 40
17 28 48
17 28 56
17 27 40
17 27 48
18 27 40
18 27 48
18 27 56
18 26 40
18 26 48
18 26 56
19 26 40
19 26 48
19 26 56
19 26 64
20 26 40
20 26 48
20 26 56
20 26 64
20 26 72
20 25 40
20 25 48
20 25 56
20 25 64
21 25 40
21 25 48
21 25 56
21 25 64
21 25 72
21 25 80
21 24 40
21 24 48
21 24 56
21 24 64
22 24 40
22 24 48
22 24 56
22 24 64
22 24 72
22 23 40
22 23 48
22 23 56
22 23 64
23 23 40
23 23 48
23 23 56
23 23 64
23 22 40
23 22 48
23 22 56
24 22 40
24 22 48
24 22 56
24 21 40
24 21 48
25 21 40
25 21 48
25 20 40
25 20 48
26 20 40
26 20 48
26 19 40
26 19 48
27 19 40
27 19 48
27 19 56
27 18 40
27 18 48
27 18 56
28 18 40
28 18 48
28 18 56
28 17 40
28 17 48
28 17 56
29 17 40
29 17 48
29 17 56
30 17 40
30 17 48
30 17 56
30 17 64
31 17 40
31 17 48
31 17 56
31 17 64
32 17 40
32 17 48
32 17 56
33 17 40
33 17 48
33 17 56
34 17 40
34 17 48
35 17 40
35 17 48
36 17 40
37 17 40
38 17 40
39 17 40
40 17 40
41 17 40
42 17 40
43 17 40
43 18 40
44 18 40
45 18 40
46 18 40
47 18 40
48 18 40
49 18 40
50 18 40
51 18 40
52 18 40
53 18 40
54 18 40
55 18 40
56 18 40
57 18 40
58 18 40
59 18 40
60 18 40
61 18 40
62 18 40
63 18 40
64 18 40
65 18 40
66 18 40
67 18 40
68 18 40
69 18 40
70 18 40
71 18 40
72 18 40
73 18 40
74 18 40
75 18 40
76 18 40
77 18 40
78 18 40
79 18 40
80 18 40
81 18 40
82 18 40
83 18 40
84 18 40
85 18 40
86 18 40
87 18 40
87 18 48
88 18 40
88 18 48
89 18 40
89 18 48
89 18 56
90 18 40
90 18 48
90 18 56
91 18 40
91 18 48
91 18 56
91 18 64
92 18 40
92 18 48
92 18 56
92 18 64
93 18 40
93 18 48
93 18 56
93 18 64
94 18 40
94 18 48
94 18 56
94 17 40
94 17 48
94 17 56
95 17 40
95 17 48
96 17 40
96 17 48
96 16 40
96 16 48
97 16 40
97 16 48
98 16 40
99 16 40
100 16 40
101 16 40
102 16 40
103 16 40
104 16 40
105 16 40
106 16 40
107 16 40
108 16 40
109 16 40
110 16 40
111 16 40
112 16 40
113 16 40
114 16 40
115 16 40
116 16 40
117 16 40
118 16 40
119 16 40
120 16 40
121 16 40
122 16 40
123 16 40
124 16 40
125 16 40
126 16 40
126 17 40
126 18 40
127 18 40
128 18 40
128 19 40
129 19 40
129 20 40
129 21 40
129 22 40
129 23 40
129 24 40
129 25 40
129 26 40
129 27 40
129 28 40
129 29 40
129 30 40
130 30 40
130 31 40
130 32 40
130 33 40
130 34 40
130 35 40
131 35 40
131 36 40
131 37 40
131 38 40
131 39 40
131 39 48
131 40 40
131 40 48
131 41 40
131 41 48
131 42 40
131 42 48
131 43 40
131 43 48
131 44 40
131 44 48
131 45 40
131 45 48
131 46 40
131 46 48
131 47 40
131 47 48
131 48 40
131 48 48
131 49 40
131 49 48
131 49 56
131 50 40
131 50 48
131 50 56
131 51 40
131 51 48
131 51 56
131 51 64
131 52 40
131 52 48
131 52 56
131 52 64
131 53 40
131 53 48
131 53 56
131 53 64
131 53 72
131 54 40
131 54 48
131 54 56
131 54 64
131 54 72
131 55 40
131 55 48
131 55 56
131 55 64
131 55 72
131 56 40
131 56 48
131 56 56
131 56 64
131 57 40
131 57 48
131 57 56
131 57 64
131 58 40
131 58 48
131 58 56
131 59 40
131 59 48
131 59 56
131 60 40
131 60 48
131 60 56
131 61 40
131 61 48
131 61 56
131 62 40
131 62 48
131 62 56
131 62 64
131 63 40
131 63 48
131 63 56
131 63 64
131 63 72
131 64 40
131 64 48
131 64 56
131 64 64
131 64 72
131 64 80
131 65 40
131 65 48
131 65 56
131 65 64
131 65 72
131 65 80
131 65 88
131 66 40
131 66 48
131 66 56
131 66 64
131 66 72
131 66 80
131 66 88
131 66 96
131 66 104
131 67 40
131 67 48
131 67 56
131 67 64
131 67 72
131 67 80
131 67 88
131 67 96
131 67 104
131 67 112
131 68 40
131 68 48
131 68 56
131 68 64
131 68 72
131 68 80
131 68 88
131 68 96
131 68 104
131 68 112
131 69 40
131 69 48
131 69 56
131 69 64
131 69 72
131 69 80
131 69 88
131 69 96
131 69 104
131 69 112
131 70 40
131 70 48
131 70 56
131 70 64
131 70 72
131 70 80
131 70 88
131 70 96
131 70 104
131 71 40
131 71 48
131 71 56
131 71 64
131 71 72
131 71 80
131 71 88
131 71 96
131 71 104
131 72 40
131 72 48
131 72 56
131 72 64
131 72 72
131 72 80
131 72 88
131 73 40
131 73 48
131 73 56
131 73 64
131 73 72
131 73 80
131 74 40
131 74 48
131 74 56
131 74 64
131 74 72
131 75 40
131 75 48
131 75 56
131 75 64
131 75 72
131 76 40
131 76 48
131 76 56
131 76 64
131 77 40
131 77 48
131 77 56
131 77 64
131 78 40
131 78 48
131 78 56
131 79 40
131 79 48
131 79 56
131 80 40
131 80 48
131 81 40
131 81 48
131 82 40
131 82 48
131 83 40
131 84 40
131 85 40
131 86 40
131 87 40
131 88 40
131 89 40
131 90 40
131 91 40
131 92 40
131 93 40
131 94 40
131 95 40
131 96 40
131 97 40
131 98 40
131 99 40
130 99 40
130 100 40
130 101 40
129 101 40
129 102 40
129 103 40
128 103 40
128 104 40
128 105 40
127 105 40
127 106 40
126 106 40
126 107 40
126 108 40
126 109 40
126 110 40
126 111 40
126 112 40
126 113 40
126 114 40
126 115 40
126 116 40
126 117 40
126 118 40
126 119 40
126 120 40
126 121 40
126 122 40
126 123 40
126 124 40
126 125 40
126 126 40
126 127 40
126 128 40
126 129 40
126 130 40
126 131 40
126 132 40
126 133 40
126 134 40
3 181 40
3 180 40
3 179 40
3 178 40
3 177 40
3 176 40
3 175 40
3 174 40
3 173 40
3 172 40
3 171 40
3 171 48
3 170 40
3 170 48
3 170 56
3 169 40
3 169 48
3 169 56
3 169 64
3 168 40
3 168 48
3 168 56
3 168 64
3 168 72
3 168 80
3 167 40
3 167 48
3 167 56
3 167 64
3 167 72
3 167 80
3 167 88
3 167 96
3 166 40
3 166 48
3 166 56
3 166 64
3 166 72
3 166 80
3 166 88
3 166 96
3 165 40
3 165 48
3 165 56
3 165 64
3 165 72
3 165 80
3 165 88
3 165 96
3 165 104
3 164 40
3 164 48
3 164 56
3 164 64
3 164 72
3 164 80
3 164 88
3 164 96
3 164 104
3 163 40
3 163 48
3 163 56
3 163 64
3 163 72
3 163 80
3 163 88
3 163 96
3 163 104
3 162 40
3 162 48
3 162 56
3 162 64
3 162 72
3 162 80
3 162 88
3 162 96
3 161 40
3 161 48
3 161 56
3 161 64
3 161 72
3 161 80
3 161 88
3 161 96
3 160 40
3 160 48
3 160 56
3 160 64
3 160 72
3 160 80
3 160 88
3 159 40
3 159 48
3 159 56
3 159 64
3 159 72
3 159 80
3 159 88
3 158 40
3 158 48
3 158 56
3 158 64
3 158 72
3 158 80
3 157 40
3 157 48
3 157 56
3 157 64
3 157 72
3 157 80
3 156 40
3 156 48
3 156 56
3 156 64
3 156 72
3 155 40
3 155 48
3 155 56
3 155 64
3 155 72
3 154 40
3 154 48
3 154 56
3 154 64
3 153 40
3 153 48
3 153 56
3 152 40
3 152 48
3 152 56
3 151 40
3 151 48
3 150 40
3 150 48
3 149 40
3 149 48
3 148 40
3 147 40
3 146 40
3 145 40
3 144 40
3 143 40
3 142 40
3 141 40
3 140 40
3 139 40
3 138 40
3 137 40
3 136 40
3 135 40
3 134 40
3 133 40
3 132 40
3 131 40
3 130 40
3 129 40
3 128 40
3 127 40
3 126 40
3 125 40
3 124 40
3 123 40
3 122 40
3 121 40
3 120 40
3 119 40
4 119 40
5 119 40
5 118 40
6 118 40
6 117 40
7 117 40
8 117 40
8 116 40
9 116 40
9 115 40
10 115 40
11 115 40
11 114 40
12 114 40
13 114 40
14 114 40
14 113 40
15 113 40
16 113 40
17 113 40
18 113 40
19 113 40
20 113 40
21 113 40
22 113 40
23 113 40
23 112 40
23 111 40
24 111 40
24 110 40
24 109 40
24 108 40
24 107 40
25 107 40
25 106 40
25 105 40
25 104 40
26 104 40
26 103 40
26 102 40
27 102 40
27 101 40
28 101 40
28 100 40
28 99 40
29 99 40
29 98 40
30 98 40
30 97 40
31 97 40
31 96 40
31 95 40
32 95 40
32 94 40
33 94 40
33 93 40
34 93 40
34 92 40
35 92 40
35 91 40
36 91 40
36 90 40
37 90 40
37 89 40
38 89 40
38 88 40
39 88 40
39 87 40
40 87 40
40 86 40
40 85 40
40 84 40
40 83 40
40 82 40
40 81 40
40 80 40
40 79 40
40 78 40
40 78 48
40 77 40
40 77 48
40 76 40
40 76 48
40 75 40
40 75 48
40 75 56
40 74 40
40 74 48
40 74 56
40 73 40
40 73 48
40 73 56
40 73 64
40 72 40
40 72 48
40 72 56
40 72 64
40 71 40
40 71 48
40 71 56
40 71 64
40 70 40
40 70 48
40 70 56
40 70 64
40 69 40
40 69 48
40 69 56
40 68 40
40 68 48
40 67 40
40 67 48
41 67 40
41 67 48
41 66 40
41 66 48
42 66 40
42 66 48
42 65 40
42 65 48
43 65 40
43 65 48
43 64 40
43 64 48
44 64 40
44 64 48
44 63 40
44 63 48
45 63 40
45 63 48
45 62 40
45 62 48
46 62 40
46 62 48
46 62 56
46 61 40
46 61 48
47 61 40
47 61 48
47 61 56
47 60 40
47 60 48
48 60 40
48 60 48
48 60 56
48 59 40
48 59 48
49 59 40
49 59 48
49 59 56
50 59 40
50 59 48
50 59 56
50 58 40
50 58 48
51 58 40
51 58 48
51 58 56
51 57 40
51 57 48
52 57 40
52 57 48
52 56 40
52 56 48
53 56 40
53 56 48
54 56 40
54 55 40
55 55 40
55 54 40
56 54 40
57 54 40
57 53 40
58 53 40
59 53 40
59 52 40
60 52 40
60 51 40
60 50 40
61 50 40
61 49 40
61 48 40
62 48 40
62 47 40
63 47 40
63 46 40
63 45 40
63 44 40
63 43 40
63 42 40
63 41 40
63 40 40
63 39 40
63 38 40
63 37 40
63 36 40
63 35 40
63 34 40
63 33 40
63 32 40
63 31 40
63 30 40
63 29 40
63 28 40
63 27 40
63 26 40
63 25 40
63 24 40
63 23 40
63 22 40
63 21 40
63 20 40
63 19 40
