0 0 100
0 20 100
0 40 100
0 60 100
0 80 100
0 100 100
0 120 100
0 140 100
0 160 100
0 180 100
0 199 100
11 10 100
11 30 100
11 50 100
11 70 100
11 90 100
11 110 100
11 130 100
11 150 100
11 170 100
11 190 100
22 0 100
22 20 100
22 40 100
22 60 100
22 80 100
22 100 100
22 120 100
22 140 100
22 160 100
22 180 100
22 199 100
33 10 100
33 30 100
33 50 100
33 70 100
33 90 100
33 110 100
33 130 100
33 150 100
33 170 100
33 190 100
44 0 100
44 20 100
44 40 100
44 60 100
44 80 100
44 100 100
44 120 100
44 140 100
44 160 100
44 180 100
44 199 100
55 10 100
55 30 100
55 50 100
55 70 100
55 90 100
55 110 100
55 130 100
55 150 100
55 170 100
55 190 100
66 0 100
66 20 100
66 40 100
66 60 100
66 80 100
66 100 100
66 120 100
66 140 100
66 160 100
66 180 100
66 199 100
77 10 100
77 30 100
77 50 100
77 70 100
77 90 100
77 110 100
77 130 100
77 150 100
77 170 100
77 190 100
88 0 100
88 20 100
88 40 100
88 60 100
88 80 100
88 100 100
88 120 100
88 140 100
88 160 100
88 180 100
88 199 100
99 10 100
99 30 100
99 50 100
99 70 100
99 90 100
99 110 100
99 130 100
99 150 100
99 170 100
99 190 100
110 0 100
110 20 100
110 40 100
110 60 100
110 80 100
110 100 100
110 120 100
110 140 100
110 160 100
110 180 100
110 199 100
121 10 100
121 30 100
121 50 100
121 70 100
121 90 100
121 110 100
121 130 100
121 150 100
121 170 100
121 190 100
132 0 100
132 20 100
132 40 100
132 60 100
132 80 100
132 100 100
132 120 100
132 140 100
132 160 100
132 180 100
132 199 100
143 10 100
143 30 100
143 50 100
143 70 100
143 90 100
143 110 100
143 130 100
143 150 100
143 170 100
143 190 100
154 0 100
154 20 100
154 40 100
154 60 100
154 80 100
154 100 100
154 120 100
154 140 100
154 160 100
154 180 100
154 199 100
165 10 100
165 30 100
165 50 100
165 70 100
165 90 100
165 110 100
165 130 100
165 150 100
165 170 100
165 190 100
176 0 100
176 20 100
176 40 100
176 60 100
176 80 100
176 100 100
176 120 100
176 140 100
176 160 100
176 180 100
176 199 100
187 10 100
187 30 100
187 50 100
187 70 100
187 90 100
187 110 100
187 130 100
187 150 100
187 170 100
187 190 100
198 0 100
198 20 100
198 40 100
198 60 100
198 80 100
198 100 100
198 120 100
198 140 100
198 160 100
198 180 100
198 199 100
0 20 100
0 40 100
0 60 100
0 180 100
0 199 100
11 30 100
11 50 100
11 70 100
11 190 100
22 40 100
22 60 100
22 80 100
22 120 100
22 140 100
22 180 100
22 199 100
33 50 100
33 70 100
33 90 100
33 130 100
33 150 100
33 170 100
33 190 100
44 0 100
44 20 100
44 40 100
44 60 100
44 80 100
44 100 100
44 140 100
44 160 100
44 180 100
44 199 100
55 10 100
55 30 100
55 70 100
55 90 100
55 110 100
55 170 100
55 190 100
66 0 100
66 20 100
66 80 100
66 100 100
66 120 100
66 180 100
66 199 100
77 10 100
77 90 100
77 110 100
77 130 100
77 190 100
88 0 100
88 20 100
88 80 100
88 100 100
88 120 100
88 140 100
99 10 100
99 30 100
99 90 100
99 110 100
99 130 100
110 0 100
110 20 100
110 80 100
110 100 100
110 120 100
121 10 100
121 30 100
121 90 100
121 110 100
121 130 100
121 190 100
132 100 100
132 120 100
132 180 100
132 199 100
143 30 100
143 90 100
143 110 100
143 170 100
143 190 100
154 40 100
154 60 100
154 80 100
154 100 100
154 120 100
154 180 100
154 199 100
165 30 100
165 50 100
165 70 100
165 90 100
165 110 100
165 130 100
165 170 100
165 190 100
176 40 100
176 80 100
176 100 100
176 120 100
176 199 100
187 90 100
187 110 100
198 80 100
198 100 100
198 120 100
198 140 100
145 55 40
81 69 40
185 66 40
188 142 40
0 102 40
89 170 40
125 145 40
75 129 40
75 129 72
75 129 104
125 146 40
125 147 40
125 148 40
125 149 40
126 149 40
127 149 40
128 149 40
129 149 40
130 149 40
131 149 40
132 149 40
133 149 40
134 149 40
135 149 40
136 149 40
137 149 40
138 149 40
139 149 40
140 149 40
141 149 40
142 149 40
143 149 40
144 149 40
145 149 40
146 149 40
147 149 40
148 149 40
149 149 40
150 149 40
151 149 40
152 149 40
153 149 40
154 149 40
155 149 40
156 149 40
157 149 40
158 149 40
159 149 40
160 149 40
161 149 40
162 149 40
163 149 40
164 149 40
165 149 40
166 149 40
167 149 40
168 149 40
169 149 40
170 149 40
171 149 40
172 149 40
173 149 40
174 149 40
175 149 40
176 149 40
177 149 40
178 149 40
178 148 40
178 147 40
179 147 40
179 146 40
179 145 40
179 144 40
180 144 40
180 143 40
180 142 40
181 142 40
182 142 40
183 142 40
184 142 40
185 142 40
186 142 40
187 142 40
89 169 40
90 169 40
90 168 40
91 168 40
91 167 40
91 166 40
91 165 40
92 165 40
92 164 40
92 163 40
92 162 40
93 162 40
94 162 40
95 162 40
96 162 40
96 161 40
97 161 40
98 161 40
99 161 40
100 161 40
101 161 40
101 160 40
102 160 40
102 159 40
103 159 40
104 159 40
104 158 40
105 158 40
106 158 40
107 158 40
108 158 40
109 158 40
110 158 40
110 157 40
111 157 40
112 157 40
112 156 40
113 156 40
114 156 40
114 155 40
115 155 40
116 155 40
117 155 40
117 154 40
118 154 40
119 154 40
120 154 40
121 154 40
122 154 40
123 154 40
123 153 40
124 153 40
124 152 40
125 152 40
125 151 40
125 150 40
1 102 40
2 102 40
3 102 40
4 102 40
5 102 40
6 102 40
7 102 40
8 102 40
9 102 40
9 103 40
9 104 40
10 104 40
11 104 40
12 104 40
12 105 40
12 106 40
13 106 40
14 106 40
14 107 40
15 107 40
16 107 40
17 107 40
18 107 40
19 107 40
20 107 40
21 107 40
21 108 40
22 108 40
23 108 40
24 108 40
24 109 40
25 109 40
26 109 40
27 109 40
27 110 40
28 110 40
28 111 40
29 111 40
29 112 40
30 112 40
30 112 72
31 112 40
31 112 72
31 113 40
31 113 72
32 113 40
32 113 72
32 114 40
32 114 72
33 114 40
33 114 72
34 114 40
34 114 72
34 115 40
34 115 72
35 115 40
35 115 72
35 115 104
36 115 40
36 115 72
36 115 104
37 115 40
37 115 72
37 115 104
37 116 40
37 116 72
37 116 104
38 116 40
38 116 72
38 116 104
39 116 40
39 116 72
39 116 104
39 117 40
39 117 72
39 117 104
40 117 40
40 117 72
40 117 104
41 117 40
41 117 72
41 117 104
41 118 40
41 118 72
41 118 104
42 118 40
42 118 72
42 119 40
42 119 72
43 119 40
43 119 72
43 120 40
43 120 72
44 121 40
44 121 72
45 121 40
45 121 72
45 122 40
45 122 72
46 122 40
46 122 72
46 123 40
46 123 72
47 123 40
47 123 72
47 124 40
47 124 72
48 124 40
48 124 72
48 125 40
48 125 72
49 125 40
49 125 72
49 126 40
49 126 72
50 126 40
50 126 72
50 127 40
50 127 72
51 127 40
51 127 72
51 128 40
51 128 72
51 129 40
52 129 40
52 130 40
52 131 40
53 131 40
53 132 40
53 133 40
54 133 40
54 134 40
55 134 40
55 135 40
56 135 40
56 136 40
56 137 40
57 137 40
57 138 40
58 138 40
58 139 40
59 139 40
59 140 40
60 140 40
60 141 40
60 142 40
61 142 40
61 143 40
61 144 40
61 145 40
62 145 40
62 146 40
62 147 40
63 147 40
63 148 40
64 148 40
64 149 40
65 149 40
65 150 40
66 150 40
67 150 40
67 151 40
68 151 40
68 152 40
69 152 40
69 153 40
70 153 40
71 153 40
71 154 40
72 154 40
73 154 40
73 155 40
74 155 40
74 156 40
75 156 40
75 157 40
76 157 40
76 158 40
77 158 40
78 158 40
78 159 40
79 159 40
79 160 40
80 160 40
80 161 40
81 161 40
82 161 40
82 162 40
83 162 40
84 162 40
85 162 40
86 162 40
87 162 40
88 162 40
89 162 40
90 162 40
91 162 40
75 130 40
75 130 72
75 130 104
75 131 40
75 131 72
75 131 104
75 132 40
75 132 72
75 133 40
75 133 72
75 134 40
75 134 72
75 135 40
75 135 72
75 136 40
75 136 72
75 137 40
75 137 72
75 138 40
75 138 72
75 139 40
75 139 72
75 140 40
75 140 72
75 141 40
75 141 72
75 142 40
75 143 40
75 144 40
75 145 40
75 146 40
75 147 40
75 148 40
75 149 40
75 150 40
75 151 40
75 152 40
75 153 40
75 154 40
75 155 40
