0 0 100
0 20 100
0 40 100
0 60 100
0 80 100
0 100 100
0 120 100
0 140 100
0 160 100
0 180 100
0 199 100
11 10 100
11 30 100
11 50 100
11 70 100
11 90 100
11 110 100
11 130 100
11 150 100
11 170 100
11 190 100
22 0 100
22 20 100
22 40 100
22 60 100
22 80 100
22 100 100
22 120 100
22 140 100
22 160 100
22 180 100
22 199 100
33 10 100
33 30 100
33 50 100
33 70 100
33 90 100
33 110 100
33 130 100
33 150 100
33 170 100
33 190 100
44 0 100
44 20 100
44 40 100
44 60 100
44 80 100
44 100 100
44 120 100
44 140 100
44 160 100
44 180 100
44 199 100
55 10 100
55 30 100
55 50 100
55 70 100
55 90 100
55 110 100
55 130 100
55 150 100
55 170 100
55 190 100
66 0 100
66 20 100
66 40 100
66 60 100
66 80 100
66 100 100
66 120 100
66 140 100
66 160 100
66 180 100
66 199 100
77 10 100
77 30 100
77 50 100
77 70 100
77 90 100
77 110 100
77 130 100
77 150 100
77 170 100
77 190 100
88 0 100
88 20 100
88 40 100
88 60 100
88 80 100
88 100 100
88 120 100
88 140 100
88 160 100
88 180 100
88 199 100
99 10 100
99 30 100
99 50 100
99 70 100
99 90 100
99 110 100
99 130 100
99 150 100
99 170 100
99 190 100
110 0 100
110 20 100
110 40 100
110 60 100
110 80 100
110 100 100
110 120 100
110 140 100
110 160 100
110 180 100
110 199 100
121 10 100
121 30 100
121 50 100
121 70 100
121 90 100
121 110 100
121 130 100
121 150 100
121 170 100
121 190 100
132 0 100
132 20 100
132 40 100
132 60 100
132 80 100
132 100 100
132 120 100
132 140 100
132 160 100
132 180 100
132 199 100
143 10 100
143 30 100
143 50 100
143 70 100
143 90 100
143 110 100
143 130 100
143 150 100
143 170 100
143 190 100
154 0 100
154 20 100
154 40 100
154 60 100
154 80 100
154 100 100
154 120 100
154 140 100
154 160 100
154 180 100
154 199 100
165 10 100
165 30 100
165 50 100
165 70 100
165 90 100
165 110 100
165 130 100
165 150 100
165 170 100
165 190 100
176 0 100
176 20 100
176 40 100
176 60 100
176 80 100
176 100 100
176 120 100
176 140 100
176 160 100
176 180 100
176 199 100
187 10 100
187 30 100
187 50 100
187 70 100
187 90 100
187 110 100
187 130 100
187 150 100
187 170 100
187 190 100
198 0 100
198 20 100
198 40 100
198 60 100
198 80 100
198 100 100
198 120 100
198 140 100
198 160 100
198 180 100
198 199 100
0 0 100
0 20 100
0 40 100
0 60 100
0 80 100
0 140 100
0 160 100
0 180 100
0 199 100
11 10 100
11 30 100
11 50 100
11 90 100
11 110 100
11 130 100
11 170 100
11 190 100
22 0 100
22 40 100
22 60 100
22 80 100
22 100 100
22 120 100
22 160 100
22 199 100
33 30 100
33 70 100
33 110 100
33 150 100
33 170 100
33 190 100
44 0 100
44 20 100
44 60 100
44 80 100
44 120 100
44 140 100
44 160 100
44 180 100
44 199 100
55 10 100
55 70 100
55 90 100
55 110 100
55 130 100
66 0 100
66 20 100
66 60 100
66 80 100
66 100 100
66 120 100
66 160 100
66 180 100
77 10 100
77 30 100
77 50 100
77 70 100
77 90 100
77 130 100
77 150 100
77 170 100
88 0 100
88 40 100
88 60 100
88 80 100
88 100 100
88 140 100
88 160 100
88 180 100
99 10 100
99 30 100
99 70 100
99 130 100
99 150 100
99 170 100
99 190 100
110 0 100
110 60 100
110 80 100
110 140 100
110 160 100
110 199 100
121 10 100
121 30 100
121 50 100
121 70 100
121 110 100
121 130 100
121 150 100
121 190 100
132 0 100
132 20 100
132 40 100
132 60 100
132 100 100
132 120 100
132 140 100
132 160 100
132 180 100
132 199 100
143 10 100
143 30 100
143 50 100
143 90 100
143 130 100
143 150 100
143 170 100
143 190 100
154 0 100
154 20 100
154 60 100
154 80 100
154 100 100
154 120 100
154 160 100
154 180 100
154 199 100
165 10 100
165 30 100
165 70 100
165 90 100
165 110 100
165 130 100
165 150 100
165 170 100
165 190 100
176 20 100
176 60 100
176 80 100
176 140 100
176 180 100
187 30 100
187 50 100
187 70 100
187 110 100
187 150 100
187 170 100
198 0 100
198 20 100
198 40 100
198 60 100
198 80 100
198 120 100
198 140 100
198 160 100
198 180 100
198 199 100
89 176 40
89 176 44
89 176 48
89 176 52
89 176 56
89 176 60
89 176 64
89 176 68
89 176 72
89 176 76
89 176 80
89 176 84
89 176 88
89 176 92
89 176 96
187 194 40
105 47 40
47 155 40
47 155 44
47 155 48
47 155 52
47 155 56
177 40 40
58 37 40
193 95 40
133 73 40
183 133 40
107 102 40
17 149 40
47 156 40
47 156 44
47 156 48
47 156 52
47 156 56
48 156 40
48 156 44
48 156 48
48 156 52
49 156 40
49 156 44
49 156 48
50 156 40
50 156 44
51 156 40
51 156 44
51 157 40
51 157 44
51 158 40
51 158 44
51 159 40
51 159 44
51 160 40
51 161 40
51 162 40
51 163 40
51 164 40
51 165 40
51 166 40
51 167 40
51 168 40
52 168 40
52 169 40
52 170 40
52 171 40
52 172 40
52 173 40
52 174 40
52 175 40
52 176 40
52 177 40
52 178 40
52 179 40
52 180 40
52 181 40
52 181 44
52 182 40
52 182 44
52 183 40
52 183 44
52 184 40
52 184 44
52 185 40
52 185 44
52 186 40
52 186 44
52 187 40
52 187 44
53 187 40
53 188 40
54 188 40
54 189 40
55 189 40
56 190 40
56 191 40
56 192 40
57 192 40
57 193 40
58 193 40
58 194 40
59 194 40
59 195 40
60 195 40
60 196 40
61 196 40
61 197 40
61 198 40
62 198 40
62 199 40
63 199 40
64 199 40
65 199 40
67 199 40
68 199 40
68 199 44
69 199 40
69 199 44
70 199 40
70 199 44
70 199 48
71 199 40
71 199 44
71 199 48
71 199 52
72 199 40
72 199 44
72 199 48
72 199 52
73 199 40
73 199 44
73 199 48
73 199 52
74 199 40
74 199 44
74 199 48
74 199 52
75 199 40
75 199 44
75 199 48
75 199 52
76 199 40
76 199 44
76 199 48
76 199 52
77 199 40
77 199 44
77 199 48
78 199 40
78 199 44
78 199 48
79 199 40
79 199 44
80 199 40
80 199 44
81 199 40
82 199 40
83 199 40
84 199 40
85 199 40
86 199 40
87 199 40
89 199 40
89 198 40
89 197 40
89 196 40
89 195 40
89 194 40
89 193 40
89 192 40
89 191 40
89 190 40
89 189 40
89 188 40
89 187 40
89 186 40
89 186 44
89 185 40
89 185 44
89 185 48
89 184 40
89 184 44
89 184 48
89 184 52
89 183 40
89 183 44
89 183 48
89 183 52
89 183 56
89 182 40
89 182 44
89 182 48
89 182 52
89 182 56
89 182 60
89 182 64
89 181 40
89 181 44
89 181 48
89 181 52
89 181 56
89 181 60
89 181 64
89 181 68
89 181 72
89 180 40
89 180 44
89 180 48
89 180 52
89 180 56
89 180 60
89 180 64
89 180 68
89 180 72
89 180 76
89 180 80
89 179 40
89 179 44
89 179 48
89 179 52
89 179 56
89 179 60
89 179 64
89 179 68
89 179 72
89 179 76
89 179 80
89 179 84
89 178 40
89 178 44
89 178 48
89 178 52
89 178 56
89 178 60
89 178 64
89 178 68
89 178 72
89 178 76
89 178 80
89 178 84
89 178 88
89 178 92
89 177 40
89 177 44
89 177 48
89 177 52
89 177 56
89 177 60
89 177 64
89 177 68
89 177 72
89 177 76
89 177 80
89 177 84
89 177 88
89 177 92
107 103 40
107 104 40
107 105 40
107 106 40
107 107 40
106 107 40
106 108 40
105 108 40
105 109 40
105 110 40
104 110 40
104 111 40
104 112 40
103 112 40
103 113 40
103 114 40
102 114 40
102 115 40
101 115 40
101 116 40
100 116 40
100 117 40
99 117 40
99 118 40
98 118 40
97 118 40
97 119 40
96 119 40
95 119 40
95 120 40
94 120 40
93 120 40
93 121 40
92 121 40
91 121 40
91 121 44
90 121 40
90 121 44
90 122 40
90 122 44
89 122 40
89 122 44
89 122 48
88 122 40
88 122 44
88 122 48
87 122 40
87 122 44
87 122 48
87 122 52
87 123 40
87 123 44
87 123 48
87 123 52
86 123 40
86 123 44
86 123 48
86 123 52
86 123 56
86 124 40
86 124 44
86 124 48
86 124 52
86 124 56
86 124 60
86 125 40
86 125 44
86 125 48
86 125 52
86 125 56
86 125 60
86 125 64
85 125 40
85 125 44
85 125 48
85 125 52
85 125 56
85 125 60
85 125 64
85 126 40
85 126 44
85 126 48
85 126 52
85 126 56
85 126 60
85 126 64
85 126 68
84 126 40
84 126 44
84 126 48
84 126 52
84 126 56
84 126 60
84 126 64
84 127 40
84 127 44
84 127 48
84 127 52
84 127 56
84 127 60
84 127 64
84 127 68
83 127 40
83 127 44
83 127 48
83 127 52
83 127 56
83 127 60
83 127 64
83 128 40
83 128 44
83 128 48
83 128 52
83 128 56
83 128 60
83 128 64
82 128 40
82 128 44
82 128 48
82 128 52
82 128 56
82 128 60
82 128 64
82 129 40
82 129 44
82 129 48
82 129 52
82 129 56
82 129 60
82 129 64
81 129 40
81 129 44
81 129 48
81 129 52
81 129 56
81 129 60
81 130 40
81 130 44
81 130 48
81 130 52
81 130 56
81 130 60
80 130 40
80 130 44
80 130 48
80 130 52
80 130 56
80 131 40
80 131 44
80 131 48
80 131 52
80 131 56
79 131 40
79 131 44
79 131 48
79 131 52
79 132 40
79 132 44
79 132 48
79 132 52
78 132 40
78 132 44
78 132 48
78 133 40
78 133 44
78 133 48
77 133 40
77 133 44
77 133 48
77 134 40
77 134 44
77 134 48
76 134 40
76 134 44
76 135 40
76 135 44
75 135 40
75 135 44
75 136 40
75 136 44
74 136 40
74 136 44
74 137 40
74 137 44
73 137 40
73 137 44
73 138 40
73 138 44
72 138 40
72 138 44
71 138 40
71 138 44
71 139 40
71 139 44
70 139 40
70 139 44
70 140 40
69 140 40
69 140 44
69 141 40
68 141 40
68 142 40
67 142 40
67 143 40
66 143 40
66 144 40
65 144 40
65 145 40
64 145 40
64 146 40
63 146 40
63 147 40
62 147 40
62 148 40
61 148 40
60 148 40
60 149 40
59 149 40
59 150 40
58 150 40
58 151 40
57 151 40
57 152 40
56 152 40
56 153 40
55 153 40
55 154 40
54 154 40
54 155 40
53 155 40
53 156 40
52 156 40
52 156 44
133 74 40
133 75 40
133 76 40
133 77 40
133 78 40
133 79 40
133 80 40
133 81 40
133 82 40
133 83 40
132 83 40
132 84 40
131 84 40
131 85 40
130 85 40
130 86 40
129 86 40
129 87 40
128 87 40
128 88 40
127 88 40
126 88 40
126 89 40
125 89 40
125 90 40
124 90 40
124 91 40
123 91 40
123 92 40
122 92 40
122 93 40
121 93 40
121 94 40
120 94 40
120 95 40
119 95 40
119 96 40
118 96 40
117 96 40
117 97 40
116 97 40
116 98 40
115 98 40
114 98 40
114 99 40
113 99 40
113 100 40
112 100 40
111 100 40
111 101 40
110 101 40
109 101 40
109 102 40
108 102 40
177 41 40
177 42 40
177 43 40
176 43 40
176 44 40
175 44 40
175 45 40
175 45 44
174 45 40
174 45 44
174 46 40
174 46 44
173 46 40
173 46 44
172 46 40
172 46 44
172 47 40
172 47 44
171 47 40
171 47 44
171 48 40
171 48 44
170 48 40
170 48 44
169 48 40
169 48 44
169 49 40
169 49 44
168 49 40
168 49 44
168 50 40
168 50 44
167 50 40
167 50 44
167 51 40
167 51 44
167 52 40
167 52 44
167 52 48
167 53 40
167 53 44
167 53 48
167 54 40
167 54 44
167 54 48
167 54 52
167 55 40
167 55 44
167 55 48
167 55 52
167 56 40
167 56 44
167 56 48
167 56 52
167 56 56
167 57 40
167 57 44
167 57 48
167 57 52
167 57 56
167 57 60
167 58 40
167 58 44
167 58 48
167 58 52
167 58 56
167 58 60
167 59 40
167 59 44
167 59 48
167 59 52
167 59 56
167 59 60
167 59 64
167 60 40
167 60 44
167 60 48
167 60 52
167 60 56
167 60 60
167 60 64
167 61 40
167 61 44
167 61 48
167 61 52
167 61 56
167 61 60
167 61 64
167 62 40
167 62 44
167 62 48
167 62 52
167 62 56
167 62 60
167 62 64
167 63 40
167 63 44
167 63 48
167 63 52
167 63 56
167 63 60
167 63 64
167 64 40
167 64 44
167 64 48
167 64 52
167 64 56
167 64 60
167 64 64
167 65 40
167 65 44
167 65 48
167 65 52
167 65 56
167 65 60
167 66 40
167 66 44
167 66 48
167 66 52
167 66 56
167 67 40
167 67 44
167 67 48
167 67 52
167 67 56
167 68 40
167 68 44
167 68 48
167 68 52
167 69 40
167 69 44
167 69 48
167 69 52
167 70 40
167 70 44
167 70 48
167 70 52
167 71 40
167 71 44
167 71 48
167 71 52
167 72 40
167 72 44
167 72 48
167 72 52
166 72 40
166 72 44
166 72 48
165 72 40
165 72 44
165 72 48
164 72 40
164 72 44
164 72 48
163 72 40
163 72 44
163 72 48
162 72 40
162 72 44
162 72 48
161 72 40
161 72 44
161 72 48
160 72 40
160 72 44
160 72 48
159 72 40
159 72 44
159 72 48
159 72 52
158 72 40
158 72 44
158 72 48
158 72 52
157 72 40
157 72 44
157 72 48
157 72 52
157 72 56
156 72 40
156 72 44
156 72 48
156 72 52
156 72 56
155 72 40
155 72 44
155 72 48
155 72 52
155 72 56
154 72 40
154 72 44
154 72 48
154 72 52
154 72 56
154 72 60
153 72 40
153 72 44
153 72 48
153 72 52
153 72 56
153 72 60
152 72 40
152 72 44
152 72 48
152 72 52
152 72 56
152 72 60
151 72 40
151 72 44
151 72 48
151 72 52
151 72 56
151 72 60
150 72 40
150 72 44
150 72 48
150 72 52
150 72 56
149 72 40
149 72 44
149 72 48
149 72 52
148 72 40
148 72 44
148 72 48
148 72 52
147 72 40
147 72 44
147 72 48
146 72 40
146 72 44
145 72 40
145 72 44
144 72 40
144 73 40
144 73 44
143 73 40
143 73 44
143 74 40
143 74 44
142 74 40
142 74 44
142 75 40
142 75 44
141 75 40
141 75 44
141 76 40
141 76 44
140 76 40
140 76 44
140 77 40
140 77 44
139 77 40
139 77 44
139 78 40
139 78 44
138 78 40
138 78 44
137 78 40
137 79 40
136 79 40
135 79 40
134 79 40
106 47 40
106 46 40
107 46 40
108 46 40
109 46 40
110 46 40
111 46 40
112 46 40
113 46 40
114 46 40
114 46 44
115 46 40
115 46 44
116 46 40
116 46 44
116 47 40
116 47 44
117 47 40
117 47 44
118 47 40
118 47 44
118 47 48
118 48 40
118 48 44
118 48 48
119 48 40
119 48 44
119 48 48
119 49 40
119 49 44
119 49 48
120 49 40
120 49 44
120 49 48
120 49 52
120 50 40
120 50 44
120 50 48
120 50 52
121 51 40
121 51 44
121 51 48
121 51 52
121 51 56
122 51 40
122 51 44
122 51 48
122 51 52
122 51 56
122 52 40
122 52 44
122 52 48
122 52 52
122 52 56
122 52 60
123 52 40
123 52 44
123 52 48
123 52 52
123 52 56
123 52 60
123 52 64
123 53 40
123 53 44
123 53 48
123 53 52
123 53 56
123 53 60
123 53 64
123 53 68
124 53 40
124 53 44
124 53 48
124 53 52
124 53 56
124 53 60
124 53 64
124 53 68
124 54 40
124 54 44
124 54 48
124 54 52
124 54 56
124 54 60
124 54 64
124 54 68
124 54 72
124 54 76
125 54 40
125 54 44
125 54 48
125 54 52
125 54 56
125 54 60
125 54 64
125 54 68
125 54 72
125 54 76
125 55 40
125 55 44
125 55 48
125 55 52
125 55 56
125 55 60
125 55 64
125 55 68
125 55 72
125 55 76
125 55 80
125 55 84
126 55 40
126 55 44
126 55 48
126 55 52
126 55 56
126 55 60
126 55 64
126 55 68
126 55 72
126 55 76
126 55 80
126 55 84
127 55 40
127 55 44
127 55 48
127 55 52
127 55 56
127 55 60
127 55 64
127 55 68
127 55 72
127 55 76
127 55 80
127 56 40
127 56 44
127 56 48
127 56 52
127 56 56
127 56 60
127 56 64
127 56 68
127 56 72
127 56 76
127 56 80
127 56 84
127 56 88
128 56 40
128 56 44
128 56 48
128 56 52
128 56 56
128 56 60
128 56 64
128 56 68
128 56 72
128 56 76
128 56 80
128 56 84
128 57 40
128 57 44
128 57 48
128 57 52
128 57 56
128 57 60
128 57 64
128 57 68
128 57 72
128 57 76
128 57 80
128 57 84
128 57 88
129 57 40
129 57 44
129 57 48
129 57 52
129 57 56
129 57 60
129 57 64
129 57 68
129 57 72
129 57 76
129 57 80
129 58 40
129 58 44
129 58 48
129 58 52
129 58 56
129 58 60
129 58 64
129 58 68
129 58 72
129 58 76
129 58 80
129 58 84
129 58 88
129 59 40
129 59 44
129 59 48
129 59 52
129 59 56
129 59 60
129 59 64
129 59 68
129 59 72
129 59 76
129 59 80
129 59 84
129 59 88
129 59 92
129 60 40
129 60 44
129 60 48
129 60 52
129 60 56
129 60 60
129 60 64
129 60 68
129 60 72
129 60 76
129 60 80
129 60 84
129 60 88
129 60 92
129 60 96
129 61 40
129 61 44
129 61 48
129 61 52
129 61 56
129 61 60
129 61 64
129 61 68
129 61 72
129 61 76
129 61 80
129 61 84
129 61 88
129 61 92
129 61 96
129 61 100
129 62 40
129 62 44
129 62 48
129 62 52
129 62 56
129 62 60
129 62 64
129 62 68
129 62 72
129 62 76
129 62 80
129 62 84
129 62 88
129 62 92
129 62 96
129 62 100
129 63 40
129 63 44
129 63 48
129 63 52
129 63 56
129 63 60
129 63 64
129 63 68
129 63 72
129 63 76
129 63 80
129 63 84
129 63 88
129 63 92
129 63 96
129 63 100
129 64 40
129 64 44
129 64 48
129 64 52
129 64 56
129 64 60
129 64 64
129 64 68
129 64 72
129 64 76
129 64 80
129 64 84
129 64 88
129 64 92
129 64 96
129 64 100
129 65 40
129 65 44
129 65 48
129 65 52
129 65 56
129 65 60
129 65 64
129 65 68
129 65 72
129 65 76
129 65 80
129 65 84
129 65 88
129 65 92
129 65 96
129 66 40
129 66 44
129 66 48
129 66 52
129 66 56
129 66 60
129 66 64
129 66 68
129 66 72
129 66 76
129 66 80
129 66 84
129 66 88
129 67 40
129 67 44
129 67 48
129 67 52
129 67 56
129 67 60
129 67 64
129 67 68
129 67 72
129 67 76
129 67 80
129 67 84
129 68 40
129 68 44
129 68 48
129 68 52
129 68 56
129 68 60
129 68 64
129 68 68
129 68 72
129 68 76
129 69 40
129 69 44
129 69 48
129 69 52
129 69 56
129 69 60
129 69 64
129 69 68
129 70 40
129 70 44
129 70 48
129 70 52
129 70 56
129 70 60
129 71 40
129 71 44
129 71 48
129 71 52
129 72 40
129 72 44
129 72 48
129 73 40
129 73 44
130 73 40
130 73 44
131 73 40
132 73 40
17 148 40
18 148 40
18 147 40
19 147 40
19 146 40
20 146 40
20 145 40
21 145 40
21 144 40
22 144 40
22 143 40
23 143 40
23 142 40
24 142 40
24 141 40
25 141 40
25 140 40
26 140 40
26 139 40
27 139 40
28 139 40
29 139 40
30 139 40
31 139 40
32 139 40
33 139 40
34 139 40
35 139 40
36 139 40
37 139 40
37 139 44
38 139 40
38 139 44
39 139 40
39 139 44
39 139 48
40 139 40
40 139 44
40 139 48
40 140 40
40 140 44
40 140 48
40 140 52
40 141 40
40 141 44
40 141 48
40 141 52
40 142 40
40 142 44
40 142 48
40 142 52
40 142 56
40 143 40
40 143 44
40 143 48
40 143 52
40 143 56
40 143 60
40 144 40
40 144 44
40 144 48
40 144 52
40 144 56
40 144 60
40 144 64
40 145 40
40 145 44
40 145 48
40 145 52
40 145 56
40 145 60
40 145 64
40 145 68
40 145 72
40 146 40
40 146 44
40 146 48
40 146 52
40 146 56
40 146 60
40 146 64
40 146 68
40 146 72
40 146 76
40 147 40
40 147 44
40 147 48
40 147 52
40 147 56
40 147 60
40 147 64
40 147 68
40 147 72
40 147 76
40 147 80
40 147 84
40 148 40
40 148 44
40 148 48
40 148 52
40 148 56
40 148 60
40 148 64
40 148 68
40 148 72
40 148 76
40 148 80
40 148 84
40 148 88
40 149 40
40 149 44
40 149 48
40 149 52
40 149 56
40 149 60
40 149 64
40 149 68
40 149 72
40 149 76
40 149 80
40 149 84
40 149 88
40 149 92
40 150 40
40 150 44
40 150 48
40 150 52
40 150 56
40 150 60
40 150 64
40 150 68
40 150 72
40 150 76
40 150 80
40 150 84
40 150 88
40 150 92
40 150 96
40 151 40
40 151 44
40 151 48
40 151 52
40 151 56
40 151 60
40 151 64
40 151 68
40 151 72
40 151 76
40 151 80
40 151 84
40 151 88
40 151 92
40 151 96
40 151 100
40 152 40
40 152 44
40 152 48
40 152 52
40 152 56
40 152 60
40 152 64
40 152 68
40 152 72
40 152 76
40 152 80
40 152 84
40 152 88
40 152 92
40 152 96
40 152 100
40 153 40
40 153 44
40 153 48
40 153 52
40 153 56
40 153 60
40 153 64
40 153 68
40 153 72
40 153 76
40 153 80
40 153 84
40 153 88
40 153 92
40 153 96
40 153 100
40 154 40
40 154 44
40 154 48
40 154 52
40 154 56
40 154 60
40 154 64
40 154 68
40 154 72
40 154 76
40 154 80
40 154 84
40 154 88
40 154 92
40 154 96
40 155 40
40 155 44
40 155 48
40 155 52
40 155 56
40 155 60
40 155 64
40 155 68
40 155 72
40 155 76
40 155 80
40 155 84
40 155 88
40 155 92
41 155 40
41 155 44
41 155 48
41 155 52
41 155 56
41 155 60
41 155 64
41 155 68
41 155 72
41 155 76
41 155 80
41 155 84
42 155 40
42 155 44
42 155 48
42 155 52
42 155 56
42 155 60
42 155 64
42 155 68
42 155 72
42 155 76
42 155 80
43 155 40
43 155 44
43 155 48
43 155 52
43 155 56
43 155 60
43 155 64
43 155 68
43 155 72
43 155 76
44 155 40
44 155 44
44 155 48
44 155 52
44 155 56
44 155 60
44 155 64
44 155 68
45 155 40
45 155 44
45 155 48
45 155 52
45 155 56
45 155 60
45 155 64
46 155 40
46 155 44
46 155 48
46 155 52
46 155 56
46 155 60
192 95 40
191 95 40
190 95 40
189 95 40
188 95 40
187 95 40
186 95 40
185 95 40
184 95 40
183 95 40
182 95 40
181 95 40
180 95 40
179 95 40
178 95 40
178 95 44
177 95 40
177 95 44
176 95 40
176 95 44
175 95 40
175 95 44
174 95 40
174 95 44
173 95 40
173 95 44
173 95 48
173 94 40
173 94 44
173 94 48
173 93 40
173 93 44
173 93 48
173 93 52
173 92 40
173 92 44
173 92 48
173 92 52
173 92 56
173 91 40
173 91 44
173 91 48
173 91 52
173 91 56
173 91 60
173 91 64
173 90 40
173 90 44
173 90 48
173 90 52
173 90 56
173 90 60
173 90 64
173 90 68
173 90 72
173 89 40
173 89 44
173 89 48
173 89 52
173 89 56
173 89 60
173 89 64
173 89 68
173 89 72
173 89 76
173 89 80
173 88 40
173 88 44
173 88 48
173 88 52
173 88 56
173 88 60
173 88 64
173 88 68
173 88 72
173 88 76
173 88 80
173 88 84
173 88 88
173 88 92
173 87 40
173 87 44
173 87 48
173 87 52
173 87 56
173 87 60
173 87 64
173 87 68
173 87 72
173 87 76
173 87 80
173 87 84
173 87 88
173 87 92
173 87 96
173 87 100
173 86 40
173 86 44
173 86 48
173 86 52
173 86 56
173 86 60
173 86 64
173 86 68
173 86 72
173 86 76
173 86 80
173 86 84
173 86 88
173 86 92
173 86 96
173 86 100
173 86 104
173 85 40
173 85 44
173 85 48
173 85 52
173 85 56
173 85 60
173 85 64
173 85 68
173 85 72
173 85 76
173 85 80
173 85 84
173 85 88
173 85 92
173 85 96
173 85 100
173 85 104
173 85 108
173 85 112
173 84 40
173 84 44
173 84 48
173 84 52
173 84 56
173 84 60
173 84 64
173 84 68
173 84 72
173 84 76
173 84 80
173 84 84
173 84 88
173 84 92
173 84 96
173 84 100
173 84 104
173 84 108
173 84 112
173 83 40
173 83 44
173 83 48
173 83 52
173 83 56
173 83 60
173 83 64
173 83 68
173 83 72
173 83 76
173 83 80
173 83 84
173 83 88
173 83 92
173 83 96
173 83 100
173 83 104
173 83 108
173 83 112
173 82 40
173 82 44
173 82 48
173 82 52
173 82 56
173 82 60
173 82 64
173 82 68
173 82 72
173 82 76
173 82 80
173 82 84
173 82 88
173 82 92
173 82 96
173 82 100
173 82 104
173 82 108
173 81 40
173 81 44
173 81 48
173 81 52
173 81 56
173 81 60
173 81 64
173 81 68
173 81 72
173 81 76
173 81 80
173 81 84
173 81 88
173 81 92
173 81 96
173 81 100
173 81 104
173 80 40
173 80 44
173 80 48
173 80 52
173 80 56
173 80 60
173 80 64
173 80 68
173 80 72
173 80 76
173 80 80
173 80 84
173 80 88
173 80 92
173 80 96
173 80 100
173 79 40
173 79 44
173 79 48
173 79 52
173 79 56
173 79 60
173 79 64
173 79 68
173 79 72
173 79 76
173 79 80
173 79 84
173 79 88
173 79 92
173 79 96
173 78 40
173 78 44
173 78 48
173 78 52
173 78 56
173 78 60
173 78 64
173 78 68
173 78 72
173 78 76
173 78 80
173 78 84
173 78 88
173 78 92
172 78 40
172 78 44
172 78 48
172 78 52
172 78 56
172 78 60
172 78 64
172 78 68
172 78 72
172 78 76
172 78 80
172 78 84
172 78 88
172 77 40
172 77 44
172 77 48
172 77 52
172 77 56
172 77 60
172 77 64
172 77 68
172 77 72
172 77 76
172 77 80
172 77 84
172 76 40
172 76 44
172 76 48
172 76 52
172 76 56
172 76 60
172 76 64
172 76 68
172 76 72
172 76 76
172 76 80
171 76 40
171 76 44
171 76 48
171 76 52
171 76 56
171 76 60
171 76 64
171 76 68
171 76 72
171 76 76
171 75 40
171 75 44
171 75 48
171 75 52
171 75 56
171 75 60
171 75 64
171 75 68
171 75 72
170 75 40
170 75 44
170 75 48
170 75 52
170 75 56
170 75 60
170 75 64
170 75 68
170 74 40
170 74 44
170 74 48
170 74 52
170 74 56
170 74 60
170 74 64
169 74 40
169 74 44
169 74 48
169 74 52
169 74 56
169 74 60
169 73 40
169 73 44
169 73 48
169 73 52
169 73 56
169 73 60
168 73 40
168 73 44
168 73 48
168 73 52
168 73 56
168 72 40
168 72 44
168 72 48
168 72 52
168 72 56
183 132 40
183 131 40
183 130 40
183 129 40
183 128 40
183 127 40
183 126 40
182 126 40
182 125 40
181 125 40
181 124 40
180 124 40
180 123 40
179 123 40
179 122 40
178 122 40
178 121 40
178 120 40
178 119 40
178 119 44
178 118 40
178 118 44
178 117 40
178 117 44
178 116 40
178 116 44
178 116 48
178 115 40
178 115 44
178 115 48
178 115 52
178 114 40
178 114 44
178 114 48
178 114 52
178 114 56
178 113 40
178 113 44
178 113 48
178 113 52
178 113 56
178 113 60
178 112 40
178 112 44
178 112 48
178 112 52
178 112 56
178 112 60
178 112 64
178 111 40
178 111 44
178 111 48
178 111 52
178 111 56
178 111 60
178 111 64
178 111 68
178 110 40
178 110 44
178 110 48
178 110 52
178 110 56
178 110 60
178 110 64
178 110 68
178 109 40
178 109 44
178 109 48
178 109 52
178 109 56
178 109 60
178 109 64
178 109 68
178 108 40
178 108 44
178 108 48
178 108 52
178 108 56
178 108 60
178 108 64
178 107 40
178 107 44
178 107 48
178 107 52
178 107 56
178 107 60
178 106 40
178 106 44
178 106 48
178 106 52
178 106 56
178 105 40
178 105 44
178 105 48
178 105 52
178 104 40
178 104 44
178 104 48
178 103 40
178 103 44
178 102 40
178 102 44
178 101 40
178 101 44
179 101 40
179 101 44
179 100 40
180 100 40
180 99 40
181 99 40
181 98 40
181 97 40
181 96 40
58 38 40
58 39 40
58 40 40
58 41 40
58 42 40
58 43 40
59 43 40
60 43 40
61 43 40
62 43 40
63 43 40
64 43 40
65 43 40
66 43 40
67 43 40
68 43 40
69 43 40
69 43 44
70 43 40
70 43 44
71 43 40
71 43 44
72 43 40
72 43 44
72 43 48
73 43 40
73 43 44
73 43 48
74 43 40
74 43 44
74 43 48
74 43 52
75 43 40
75 43 44
75 43 48
75 43 52
75 43 56
75 43 60
76 43 40
76 43 44
76 43 48
76 43 52
76 43 56
76 43 60
76 43 64
77 43 40
77 43 44
77 43 48
77 43 52
77 43 56
77 43 60
77 43 64
77 43 68
77 43 72
78 43 40
78 43 44
78 43 48
78 43 52
78 43 56
78 43 60
78 43 64
78 43 68
78 43 72
78 43 76
78 43 80
78 43 84
79 43 40
79 43 44
79 43 48
79 43 52
79 43 56
79 43 60
79 43 64
79 43 68
79 43 72
79 43 76
79 43 80
79 43 84
79 43 88
79 43 92
80 43 40
80 43 44
80 43 48
80 43 52
80 43 56
80 43 60
80 43 64
80 43 68
80 43 72
80 43 76
80 43 80
80 43 84
80 43 88
80 43 92
80 43 96
80 43 100
81 43 40
81 43 44
81 43 48
81 43 52
81 43 56
81 43 60
81 43 64
81 43 68
81 43 72
81 43 76
81 43 80
81 43 84
81 43 88
81 43 92
81 43 96
81 43 100
81 43 104
82 43 40
82 43 44
82 43 48
82 43 52
82 43 56
82 43 60
82 43 64
82 43 68
82 43 72
82 43 76
82 43 80
82 43 84
82 43 88
82 43 92
82 43 96
82 43 100
82 43 104
82 43 108
83 43 40
83 43 44
83 43 48
83 43 52
83 43 56
83 43 60
83 43 64
83 43 68
83 43 72
83 43 76
83 43 80
83 43 84
83 43 88
83 43 92
83 43 96
83 43 100
83 43 104
83 43 108
83 43 112
84 43 40
84 43 44
84 43 48
84 43 52
84 43 56
84 43 60
84 43 64
84 43 68
84 43 72
84 43 76
84 43 80
84 43 84
84 43 88
84 43 92
84 43 96
84 43 100
84 43 104
84 43 108
84 43 112
85 43 40
85 43 44
85 43 48
85 43 52
85 43 56
85 43 60
85 43 64
85 43 68
85 43 72
85 43 76
85 43 80
85 43 84
85 43 88
85 43 92
85 43 96
85 43 100
85 43 104
85 43 108
85 43 112
86 43 40
86 43 44
86 43 48
86 43 52
86 43 56
86 43 60
86 43 64
86 43 68
86 43 72
86 43 76
86 43 80
86 43 84
86 43 88
86 43 92
86 43 96
86 43 100
86 43 104
86 43 108
87 43 40
87 43 44
87 43 48
87 43 52
87 43 56
87 43 60
87 43 64
87 43 68
87 43 72
87 43 76
87 43 80
87 43 84
87 43 88
87 43 92
87 43 96
87 43 100
87 43 104
88 43 40
88 43 44
88 43 48
88 43 52
88 43 56
88 43 60
88 43 64
88 43 68
88 43 72
88 43 76
88 43 80
88 43 84
88 43 88
88 43 92
88 43 96
89 43 40
89 43 44
89 43 48
89 43 52
89 43 56
89 43 60
89 43 64
89 43 68
89 43 72
89 43 76
89 43 80
89 43 84
89 43 88
89 43 92
90 43 40
90 43 44
90 43 48
90 43 52
90 43 56
90 43 60
90 43 64
90 43 68
90 43 72
90 43 76
90 43 80
90 43 84
91 43 40
91 43 44
91 43 48
91 43 52
91 43 56
91 43 60
91 43 64
91 43 68
91 43 72
91 43 76
91 43 80
92 43 40
92 43 44
92 43 48
92 43 52
92 43 56
92 43 60
92 43 64
92 43 68
92 43 72
93 43 40
93 43 44
93 43 48
93 43 52
93 43 56
93 43 60
93 43 64
93 43 68
94 43 40
94 43 44
94 43 48
94 43 52
94 43 56
94 43 60
95 43 40
95 43 44
95 43 48
95 43 52
95 43 56
96 43 40
96 43 44
96 43 48
96 43 52
97 43 40
97 43 44
97 43 48
98 43 40
98 43 44
99 43 40
99 43 44
100 43 40
101 43 40
102 43 40
103 43 40
104 43 40
105 43 40
106 43 40
106 44 40
106 45 40
186 194 40
185 194 40
184 194 40
183 194 40
183 193 40
183 192 40
183 191 40
183 190 40
183 189 40
183 188 40
183 187 40
183 187 44
183 186 40
183 186 44
183 185 40
183 185 44
183 185 48
183 184 40
183 184 44
183 184 48
183 184 52
183 183 40
183 183 44
183 183 48
183 183 52
183 183 56
183 182 40
183 182 44
183 182 48
183 182 52
183 182 56
183 182 60
183 182 64
183 181 40
183 181 44
183 181 48
183 181 52
183 181 56
183 181 60
183 181 64
183 181 68
183 181 72
183 180 40
183 180 44
183 180 48
183 180 52
183 180 56
183 180 60
183 180 64
183 180 68
183 180 72
183 180 76
183 180 80
183 180 84
183 179 40
183 179 44
183 179 48
183 179 52
183 179 56
183 179 60
183 179 64
183 179 68
183 179 72
183 179 76
183 179 80
183 179 84
183 179 88
183 179 92
183 179 96
183 178 40
183 178 44
183 178 48
183 178 52
183 178 56
183 178 60
183 178 64
183 178 68
183 178 72
183 178 76
183 178 80
183 178 84
183 178 88
183 178 92
183 178 96
183 178 100
183 178 104
183 177 40
183 177 44
183 177 48
183 177 52
183 177 56
183 177 60
183 177 64
183 177 68
183 177 72
183 177 76
183 177 80
183 177 84
183 177 88
183 177 92
183 177 96
183 177 100
183 177 104
183 177 108
183 177 112
183 176 40
183 176 44
183 176 48
183 176 52
183 176 56
183 176 60
183 176 64
183 176 68
183 176 72
183 176 76
183 176 80
183 176 84
183 176 88
183 176 92
183 176 96
183 176 100
183 176 104
183 176 108
183 176 112
183 176 116
183 175 40
183 175 44
183 175 48
183 175 52
183 175 56
183 175 60
183 175 64
183 175 68
183 175 72
183 175 76
183 175 80
183 175 84
183 175 88
183 175 92
183 175 96
183 175 100
183 175 104
183 175 108
183 175 112
183 175 116
183 175 120
183 174 40
183 174 44
183 174 48
183 174 52
183 174 56
183 174 60
183 174 64
183 174 68
183 174 72
183 174 76
183 174 80
183 174 84
183 174 88
183 174 92
183 174 96
183 174 100
183 174 104
183 174 108
183 174 112
183 174 116
183 174 120
183 173 40
183 173 44
183 173 48
183 173 52
183 173 56
183 173 60
183 173 64
183 173 68
183 173 72
183 173 76
183 173 80
183 173 84
183 173 88
183 173 92
183 173 96
183 173 100
183 173 104
183 173 108
183 173 112
183 173 116
183 173 120
183 172 40
183 172 44
183 172 48
183 172 52
183 172 56
183 172 60
183 172 64
183 172 68
183 172 72
183 172 76
183 172 80
183 172 84
183 172 88
183 172 92
183 172 96
183 172 100
183 172 104
183 172 108
183 172 112
183 172 116
183 172 120
183 171 40
183 171 44
183 171 48
183 171 52
183 171 56
183 171 60
183 171 64
183 171 68
183 171 72
183 171 76
183 171 80
183 171 84
183 171 88
183 171 92
183 171 96
183 171 100
183 171 104
183 171 108
183 171 112
183 170 40
183 170 44
183 170 48
183 170 52
183 170 56
183 170 60
183 170 64
183 170 68
183 170 72
183 170 76
183 170 80
183 170 84
183 170 88
183 170 92
183 170 96
183 170 100
183 170 104
183 170 108
183 169 40
183 169 44
183 169 48
183 169 52
183 169 56
183 169 60
183 169 64
183 169 68
183 169 72
183 169 76
183 169 80
183 169 84
183 169 88
183 169 92
183 169 96
183 169 100
183 168 40
183 168 44
183 168 48
183 168 52
183 168 56
183 168 60
183 168 64
183 168 68
183 168 72
183 168 76
183 168 80
183 168 84
183 168 88
183 168 92
183 167 40
183 167 44
183 167 48
183 167 52
183 167 56
183 167 60
183 167 64
183 167 68
183 167 72
183 167 76
183 167 80
183 167 84
183 166 40
183 166 44
183 166 48
183 166 52
183 166 56
183 166 60
183 166 64
183 166 68
183 166 72
183 166 76
183 165 40
183 165 44
183 165 48
183 165 52
183 165 56
183 165 60
183 165 64
183 165 68
183 164 40
183 164 44
183 164 48
183 164 52
183 164 56
183 164 60
183 164 64
183 163 40
183 163 44
183 163 48
183 163 52
183 163 56
183 163 60
183 162 40
183 162 44
183 162 48
183 162 52
183 162 56
183 161 40
183 161 44
183 161 48
183 161 52
183 161 56
183 160 40
183 160 44
183 160 48
183 160 52
183 160 56
183 159 40
183 159 44
183 159 48
183 159 52
183 159 56
183 158 40
183 158 44
183 158 48
183 158 52
183 158 56
183 158 60
183 157 40
183 157 44
183 157 48
183 157 52
183 157 56
183 157 60
183 157 64
183 156 40
183 156 44
183 156 48
183 156 52
183 156 56
183 156 60
183 156 64
183 156 68
183 155 40
183 155 44
183 155 48
183 155 52
183 155 56
183 155 60
183 155 64
183 155 68
183 155 72
183 154 40
183 154 44
183 154 48
183 154 52
183 154 56
183 154 60
183 154 64
183 154 68
183 154 72
183 154 76
183 154 80
183 153 40
183 153 44
183 153 48
183 153 52
183 153 56
183 153 60
183 153 64
183 153 68
183 153 72
183 153 76
183 153 80
183 153 84
183 153 88
183 152 40
183 152 44
183 152 48
183 152 52
183 152 56
183 152 60
183 152 64
183 152 68
183 152 72
183 152 76
183 152 80
183 152 84
183 152 88
183 152 92
183 152 96
183 151 40
183 151 44
183 151 48
183 151 52
183 151 56
183 151 60
183 151 64
183 151 68
183 151 72
183 151 76
183 151 80
183 151 84
183 151 88
183 151 92
183 151 96
183 151 100
183 151 104
183 151 108
183 150 40
183 150 44
183 150 48
183 150 52
183 150 56
183 150 60
183 150 64
183 150 68
183 150 72
183 150 76
183 150 80
183 150 84
183 150 88
183 150 92
183 150 96
183 150 100
183 150 104
183 150 108
183 150 112
183 150 116
183 149 40
183 149 44
183 149 48
183 149 52
183 149 56
183 149 60
183 149 64
183 149 68
183 149 72
183 149 76
183 149 80
183 149 84
183 149 88
183 149 92
183 149 96
183 149 100
183 149 104
183 149 108
183 149 112
183 149 116
183 149 120
183 149 124
183 148 40
183 148 44
183 148 48
183 148 52
183 148 56
183 148 60
183 148 64
183 148 68
183 148 72
183 148 76
183 148 80
183 148 84
183 148 88
183 148 92
183 148 96
183 148 100
183 148 104
183 148 108
183 148 112
183 148 116
183 148 120
183 148 124
183 148 128
183 148 132
183 147 40
183 147 44
183 147 48
183 147 52
183 147 56
183 147 60
183 147 64
183 147 68
183 147 72
183 147 76
183 147 80
183 147 84
183 147 88
183 147 92
183 147 96
183 147 100
183 147 104
183 147 108
183 147 112
183 147 116
183 147 120
183 147 124
183 147 128
183 147 132
183 147 136
183 146 40
183 146 44
183 146 48
183 146 52
183 146 56
183 146 60
183 146 64
183 146 68
183 146 72
183 146 76
183 146 80
183 146 84
183 146 88
183 146 92
183 146 96
183 146 100
183 146 104
183 146 108
183 146 112
183 146 116
183 146 120
183 146 124
183 146 128
183 146 132
183 146 136
183 146 140
183 145 40
183 145 44
183 145 48
183 145 52
183 145 56
183 145 60
183 145 64
183 145 68
183 145 72
183 145 76
183 145 80
183 145 84
183 145 88
183 145 92
183 145 96
183 145 100
183 145 104
183 145 108
183 145 112
183 145 116
183 145 120
183 145 124
183 145 128
183 145 132
183 145 136
183 145 140
183 144 40
183 144 44
183 144 48
183 144 52
183 144 56
183 144 60
183 144 64
183 144 68
183 144 72
183 144 76
183 144 80
183 144 84
183 144 88
183 144 92
183 144 96
183 144 100
183 144 104
183 144 108
183 144 112
183 144 116
183 144 120
183 144 124
183 144 128
183 144 132
183 144 136
183 143 40
183 143 44
183 143 48
183 143 52
183 143 56
183 143 60
183 143 64
183 143 68
183 143 72
183 143 76
183 143 80
183 143 84
183 143 88
183 143 92
183 143 96
183 143 100
183 143 104
183 143 108
183 143 112
183 143 116
183 143 120
183 143 124
183 143 128
183 143 132
183 142 40
183 142 44
183 142 48
183 142 52
183 142 56
183 142 60
183 142 64
183 142 68
183 142 72
183 142 76
183 142 80
183 142 84
183 142 88
183 142 92
183 142 96
183 142 100
183 142 104
183 142 108
183 142 112
183 142 116
183 142 120
183 141 40
183 141 44
183 141 48
183 141 52
183 141 56
183 141 60
183 141 64
183 141 68
183 141 72
183 141 76
183 141 80
183 141 84
183 141 88
183 141 92
183 141 96
183 141 100
183 141 104
183 141 108
183 140 40
183 140 44
183 140 48
183 140 52
183 140 56
183 140 60
183 140 64
183 140 68
183 140 72
183 140 76
183 140 80
183 140 84
183 140 88
183 140 92
183 140 96
183 139 40
183 139 44
183 139 48
183 139 52
183 139 56
183 139 60
183 139 64
183 139 68
183 139 72
183 139 76
183 139 80
183 138 40
183 138 44
183 138 48
183 138 52
183 138 56
183 138 60
183 138 64
183 138 68
183 137 40
183 137 44
183 137 48
183 137 52
183 137 56
183 136 40
183 136 44
183 136 48
183 135 40
183 135 44
183 134 40
183 134 44
