0 0 100
0 20 100
0 40 100
0 60 100
0 80 100
0 100 100
0 120 100
0 140 100
0 160 100
0 180 100
0 199 100
11 10 100
11 30 100
11 50 100
11 70 100
11 90 100
11 110 100
11 130 100
11 150 100
11 170 100
11 190 100
22 0 100
22 20 100
22 40 100
22 60 100
22 80 100
22 100 100
22 120 100
22 140 100
22 160 100
22 180 100
22 199 100
33 10 100
33 30 100
33 50 100
33 70 100
33 90 100
33 110 100
33 130 100
33 150 100
33 170 100
33 190 100
44 0 100
44 20 100
44 40 100
44 60 100
44 80 100
44 100 100
44 120 100
44 140 100
44 160 100
44 180 100
44 199 100
55 10 100
55 30 100
55 50 100
55 70 100
55 90 100
55 110 100
55 130 100
55 150 100
55 170 100
55 190 100
66 0 100
66 20 100
66 40 100
66 60 100
66 80 100
66 100 100
66 120 100
66 140 100
66 160 100
66 180 100
66 199 100
77 10 100
77 30 100
77 50 100
77 70 100
77 90 100
77 110 100
77 130 100
77 150 100
77 170 100
77 190 100
88 0 100
88 20 100
88 40 100
88 60 100
88 80 100
88 100 100
88 120 100
88 140 100
88 160 100
88 180 100
88 199 100
99 10 100
99 30 100
99 50 100
99 70 100
99 90 100
99 110 100
99 130 100
99 150 100
99 170 100
99 190 100
110 0 100
110 20 100
110 40 100
110 60 100
110 80 100
110 100 100
110 120 100
110 140 100
110 160 100
110 180 100
110 199 100
121 10 100
121 30 100
121 50 100
121 70 100
121 90 100
121 110 100
121 130 100
121 150 100
121 170 100
121 190 100
132 0 100
132 20 100
132 40 100
132 60 100
132 80 100
132 100 100
132 120 100
132 140 100
132 160 100
132 180 100
132 199 100
143 10 100
143 30 100
143 50 100
143 70 100
143 90 100
143 110 100
143 130 100
143 150 100
143 170 100
143 190 100
154 0 100
154 20 100
154 40 100
154 60 100
154 80 100
154 100 100
154 120 100
154 140 100
154 160 100
154 180 100
154 199 100
165 10 100
165 30 100
165 50 100
165 70 100
165 90 100
165 110 100
165 130 100
165 150 100
165 170 100
165 190 100
176 0 100
176 20 100
176 40 100
176 60 100
176 80 100
176 100 100
176 120 100
176 140 100
176 160 100
176 180 100
176 199 100
187 10 100
187 30 100
187 50 100
187 70 100
187 90 100
187 110 100
187 130 100
187 150 100
187 170 100
187 190 100
198 0 100
198 20 100
198 40 100
198 60 100
198 80 100
198 100 100
198 120 100
198 140 100
198 160 100
198 180 100
198 199 100
0 0 100
0 60 100
0 80 100
0 100 100
0 120 100
0 140 100
0 160 100
0 180 100
0 199 100
11 10 100
11 50 100
11 70 100
11 90 100
11 110 100
11 130 100
11 150 100
11 170 100
11 190 100
22 0 100
22 20 100
22 40 100
22 60 100
22 80 100
22 100 100
22 120 100
22 180 100
22 199 100
33 10 100
33 30 100
33 50 100
33 70 100
33 90 100
33 110 100
33 190 100
44 0 100
44 20 100
44 40 100
44 60 100
44 80 100
44 100 100
44 199 100
55 10 100
55 50 100
55 70 100
55 90 100
55 110 100
55 170 100
55 190 100
66 0 100
66 60 100
66 80 100
66 100 100
66 120 100
66 180 100
66 199 100
77 70 100
77 90 100
77 110 100
77 170 100
77 190 100
88 0 100
88 80 100
88 100 100
88 160 100
88 180 100
88 199 100
99 10 100
99 70 100
99 90 100
99 110 100
99 170 100
99 190 100
110 0 100
110 20 100
110 60 100
110 80 100
110 100 100
110 180 100
110 199 100
121 10 100
121 50 100
121 70 100
121 90 100
121 110 100
121 190 100
132 0 100
132 20 100
132 40 100
132 60 100
132 80 100
132 100 100
132 120 100
132 199 100
143 10 100
143 30 100
143 50 100
143 70 100
143 90 100
143 110 100
143 130 100
154 20 100
154 40 100
154 60 100
154 80 100
154 100 100
154 120 100
154 140 100
165 10 100
165 30 100
165 50 100
165 70 100
165 90 100
165 110 100
165 130 100
165 150 100
176 20 100
176 40 100
176 60 100
176 80 100
176 100 100
176 120 100
176 140 100
176 160 100
187 10 100
187 30 100
187 50 100
187 70 100
187 90 100
187 110 100
187 150 100
187 170 100
187 190 100
198 0 100
198 20 100
198 40 100
198 100 100
198 140 100
198 160 100
198 180 100
147 162 40
28 182 40
28 182 168
78 38 40
16 71 40
16 71 168
16 71 296
16 71 424
16 71 552
16 71 680
93 135 40
94 135 40
95 135 40
96 135 40
97 135 40
98 135 40
99 135 40
100 135 40
101 135 40
102 135 40
103 135 40
104 135 40
105 135 40
106 135 40
107 135 40
108 135 40
108 136 40
109 136 40
110 136 40
111 136 40
111 137 40
112 137 40
113 137 40
113 138 40
114 138 40
114 139 40
115 139 40
116 139 40
117 139 40
117 140 40
118 140 40
118 141 40
118 142 40
119 142 40
119 143 40
120 143 40
120 144 40
121 144 40
121 145 40
122 145 40
123 145 40
124 145 40
124 146 40
125 146 40
125 147 40
126 147 40
126 148 40
127 148 40
127 149 40
128 149 40
128 150 40
129 150 40
129 151 40
130 151 40
130 152 40
131 152 40
131 153 40
131 154 40
132 154 40
132 155 40
132 156 40
132 157 40
133 157 40
134 157 40
135 157 40
136 157 40
137 157 40
137 158 40
138 158 40
138 159 40
138 160 40
139 160 40
140 160 40
140 161 40
141 161 40
141 162 40
142 162 40
143 162 40
144 162 40
145 162 40
146 162 40
28 181 40
28 181 168
28 180 40
28 180 168
28 179 40
28 179 168
28 178 40
28 178 168
28 177 40
28 177 168
28 176 40
28 176 168
28 175 40
28 175 168
28 174 40
28 174 168
28 173 40
28 173 168
28 172 40
28 172 168
28 171 40
28 171 168
28 170 40
28 170 168
28 169 40
28 169 168
28 168 40
28 168 168
28 167 40
28 166 40
28 165 40
28 164 40
28 163 40
28 162 40
29 162 40
30 162 40
30 161 40
31 161 40
32 161 40
33 161 40
33 160 40
34 160 40
35 160 40
36 160 40
37 160 40
38 160 40
39 160 40
40 160 40
41 160 40
41 159 40
42 159 40
43 159 40
44 159 40
44 158 40
45 158 40
45 157 40
46 157 40
46 156 40
46 155 40
47 155 40
48 155 40
48 154 40
49 154 40
50 154 40
50 153 40
50 152 40
51 152 40
52 152 40
53 152 40
54 152 40
54 151 40
54 150 40
56 150 40
57 150 40
58 150 40
59 150 40
60 150 40
61 150 40
62 150 40
63 150 40
64 150 40
65 150 40
66 150 40
67 150 40
68 150 40
69 150 40
70 150 40
71 150 40
71 150 168
71 149 40
71 149 168
72 149 40
72 149 168
72 148 40
72 148 168
73 148 40
73 148 168
73 147 40
73 147 168
73 146 40
73 146 168
74 146 40
74 146 168
75 146 40
75 146 168
76 146 40
76 146 168
76 145 40
76 145 168
77 145 40
77 145 168
78 145 40
78 145 168
78 144 40
78 144 168
79 144 40
79 144 168
80 144 40
80 144 168
81 144 40
81 144 168
82 144 40
82 144 168
83 144 40
83 144 168
83 143 40
83 143 168
84 143 40
85 143 40
85 142 40
85 141 40
86 141 40
86 140 40
87 140 40
89 140 40
90 140 40
91 140 40
92 140 40
92 139 40
92 138 40
93 138 40
93 137 40
93 136 40
79 38 40
79 39 40
80 39 40
80 40 40
81 40 40
82 40 40
82 41 40
82 42 40
83 42 40
84 42 40
85 42 40
86 42 40
87 42 40
87 43 40
87 44 40
88 44 40
88 45 40
89 45 40
89 46 40
89 47 40
89 48 40
90 48 40
90 49 40
90 50 40
90 51 40
90 52 40
90 53 40
90 54 40
90 55 40
90 56 40
90 57 40
90 58 40
90 59 40
90 59 168
90 60 40
90 60 168
90 61 40
90 61 168
90 62 40
90 62 168
90 63 40
90 63 168
90 63 296
90 64 40
90 64 168
90 64 296
90 65 40
90 65 168
90 65 296
90 66 40
90 66 168
90 66 296
90 67 40
90 67 168
90 67 296
90 68 40
90 68 168
90 68 296
90 69 40
90 69 168
90 69 296
90 70 40
90 70 168
90 70 296
90 71 40
90 71 168
90 71 296
90 72 40
90 72 168
90 72 296
90 72 424
90 73 40
90 73 168
90 73 296
90 73 424
90 74 40
90 74 168
90 74 296
90 74 424
90 75 40
90 75 168
90 75 296
90 75 424
90 76 40
90 76 168
90 76 296
90 76 424
90 76 552
90 77 40
90 77 168
90 77 296
90 77 424
90 77 552
90 78 40
90 78 168
90 78 296
90 78 424
90 78 552
90 79 40
90 79 168
90 79 296
90 79 424
90 79 552
90 80 40
90 80 168
90 80 296
90 80 424
90 80 552
90 81 40
90 81 168
90 81 296
90 81 424
90 81 552
90 82 40
90 82 168
90 82 296
90 82 424
90 82 552
90 83 40
90 83 168
90 83 296
90 83 424
90 83 552
90 84 40
90 84 168
90 84 296
90 84 424
90 84 552
90 85 40
90 85 168
90 85 296
90 85 424
90 85 552
90 86 40
90 86 168
90 86 296
90 86 424
90 86 552
90 87 40
90 87 168
90 87 296
90 87 424
90 88 40
90 88 168
90 88 296
90 88 424
90 89 40
90 89 168
90 89 296
90 89 424
90 90 40
90 90 168
90 90 296
90 90 424
90 90 552
90 91 40
90 91 168
90 91 296
90 91 424
90 91 552
90 92 40
90 92 168
90 92 296
90 92 424
90 92 552
90 93 40
90 93 168
90 93 296
90 93 424
90 93 552
90 94 40
90 94 168
90 94 296
90 94 424
90 94 552
90 95 40
90 95 168
90 95 296
90 95 424
90 95 552
90 96 40
90 96 168
90 96 296
90 96 424
90 96 552
90 97 40
90 97 168
90 97 296
90 97 424
90 97 552
90 98 40
90 98 168
90 98 296
90 98 424
90 98 552
90 99 40
90 99 168
90 99 296
90 99 424
90 99 552
90 100 40
90 100 168
90 100 296
90 100 424
90 100 552
90 101 40
90 101 168
90 101 296
90 101 424
90 101 552
90 102 40
90 102 168
90 102 296
90 102 424
90 103 40
90 103 168
90 103 296
90 103 424
90 104 40
90 104 168
90 104 296
90 104 424
90 105 40
90 105 168
90 105 296
90 106 40
90 106 168
90 106 296
90 107 40
90 107 168
90 107 296
90 108 40
90 108 168
90 108 296
90 109 40
90 109 168
90 109 296
90 110 40
90 110 168
90 110 296
90 111 40
90 111 168
90 111 296
90 112 40
90 112 168
90 112 296
90 113 40
90 113 168
90 113 296
90 114 40
90 114 168
90 115 40
90 115 168
90 116 40
90 116 168
90 117 40
90 117 168
90 118 40
90 118 168
90 119 40
90 119 168
90 120 40
90 121 40
90 122 40
90 123 40
90 124 40
90 125 40
90 126 40
90 127 40
90 128 40
90 129 40
90 130 40
90 131 40
90 132 40
90 132 168
90 133 40
90 133 168
90 134 40
90 134 168
91 134 40
92 134 40
92 135 40
16 72 40
16 72 168
16 72 296
16 72 424
16 72 552
16 72 680
16 73 40
16 73 168
16 73 296
16 73 424
16 73 552
16 73 680
16 74 40
16 74 168
16 74 296
16 74 424
16 74 552
16 74 680
16 75 40
16 75 168
16 75 296
16 75 424
16 75 552
16 75 680
17 75 40
17 75 168
17 75 296
17 75 424
17 75 552
17 75 680
17 76 40
17 76 168
17 76 296
17 76 424
17 76 552
17 76 680
17 77 40
17 77 168
17 77 296
17 77 424
17 77 552
17 77 680
17 78 40
17 78 168
17 78 296
17 78 424
17 78 552
17 78 680
17 79 40
17 79 168
17 79 296
17 79 424
17 79 552
17 79 680
17 80 40
17 80 168
17 80 296
17 80 424
17 80 552
17 81 40
17 81 168
17 81 296
17 81 424
17 81 552
17 82 40
17 82 168
17 82 296
17 82 424
17 82 552
18 82 40
18 82 168
18 82 296
18 82 424
18 82 552
18 83 40
18 83 168
18 83 296
18 83 424
18 84 40
18 84 168
18 84 296
18 84 424
18 85 40
18 85 168
18 85 296
18 85 424
18 86 40
18 86 168
18 86 296
18 87 40
18 87 168
18 87 296
18 88 40
18 88 168
18 88 296
18 89 40
18 89 168
18 89 296
18 90 40
18 90 168
18 90 296
19 90 40
19 90 168
19 90 296
19 91 40
19 91 168
19 91 296
19 92 40
19 92 168
19 92 296
19 93 40
19 93 168
19 93 296
19 94 40
19 94 168
19 94 296
19 94 424
20 94 40
20 94 168
20 94 296
20 94 424
21 94 40
21 94 168
21 94 296
21 94 424
22 94 40
22 94 168
22 94 296
22 94 424
22 95 40
22 95 168
22 95 296
22 95 424
22 96 40
22 96 168
22 96 296
22 96 424
22 97 40
22 97 168
22 97 296
22 97 424
22 98 40
22 98 168
22 98 296
22 98 424
22 99 40
22 99 168
22 99 296
22 99 424
22 100 40
22 100 168
22 100 296
22 100 424
23 100 40
23 100 168
23 100 296
23 100 424
23 101 40
23 101 168
23 101 296
23 101 424
24 101 40
24 101 168
24 101 296
24 101 424
24 102 40
24 102 168
24 102 296
24 102 424
25 102 40
25 102 168
25 102 296
25 102 424
26 102 40
26 102 168
26 102 296
26 102 424
26 103 40
26 103 168
26 103 296
26 103 424
27 103 40
27 103 168
27 103 296
27 103 424
27 104 40
27 104 168
27 104 296
28 104 40
28 104 168
28 104 296
28 105 40
28 105 168
28 105 296
29 105 40
29 105 168
29 105 296
29 106 40
29 106 168
29 106 296
29 107 40
29 107 168
29 107 296
30 107 40
30 107 168
30 107 296
30 108 40
30 108 168
30 108 296
31 108 40
31 108 168
31 108 296
32 108 40
32 108 168
32 109 40
32 109 168
32 110 40
32 110 168
33 111 40
33 111 168
34 111 40
34 111 168
34 112 40
34 112 168
35 112 40
35 112 168
35 113 40
35 113 168
36 113 40
36 113 168
36 114 40
36 114 168
37 114 40
37 114 168
37 115 40
37 115 168
38 115 40
38 115 168
38 116 40
38 116 168
39 116 40
39 116 168
39 117 40
39 117 168
39 118 40
39 118 168
40 118 40
40 118 168
40 119 40
40 119 168
40 120 40
40 120 168
41 120 40
41 120 168
41 121 40
41 121 168
41 122 40
41 122 168
41 123 40
41 123 168
41 124 40
41 124 168
41 125 40
41 126 40
41 127 40
41 128 40
41 129 40
41 130 40
41 131 40
41 132 40
41 133 40
41 134 40
41 135 40
41 136 40
41 137 40
41 138 40
41 139 40
41 140 40
41 141 40
41 142 40
41 143 40
41 144 40
41 145 40
41 146 40
41 147 40
41 148 40
41 149 40
41 150 40
41 151 40
41 152 40
41 153 40
41 154 40
41 155 40
41 156 40
41 157 40
41 158 40
