0 0 100
0 20 100
0 40 100
0 60 100
0 80 100
0 100 100
0 120 100
0 140 100
0 160 100
0 180 100
0 199 100
11 10 100
11 30 100
11 50 100
11 70 100
11 90 100
11 110 100
11 130 100
11 150 100
11 170 100
11 190 100
22 0 100
22 20 100
22 40 100
22 60 100
22 80 100
22 100 100
22 120 100
22 140 100
22 160 100
22 180 100
22 199 100
33 10 100
33 30 100
33 50 100
33 70 100
33 90 100
33 110 100
33 130 100
33 150 100
33 170 100
33 190 100
44 0 100
44 20 100
44 40 100
44 60 100
44 80 100
44 100 100
44 120 100
44 140 100
44 160 100
44 180 100
44 199 100
55 10 100
55 30 100
55 50 100
55 70 100
55 90 100
55 110 100
55 130 100
55 150 100
55 170 100
55 190 100
66 0 100
66 20 100
66 40 100
66 60 100
66 80 100
66 100 100
66 120 100
66 140 100
66 160 100
66 180 100
66 199 100
77 10 100
77 30 100
77 50 100
77 70 100
77 90 100
77 110 100
77 130 100
77 150 100
77 170 100
77 190 100
88 0 100
88 20 100
88 40 100
88 60 100
88 80 100
88 100 100
88 120 100
88 140 100
88 160 100
88 180 100
88 199 100
99 10 100
99 30 100
99 50 100
99 70 100
99 90 100
99 110 100
99 130 100
99 150 100
99 170 100
99 190 100
110 0 100
110 20 100
110 40 100
110 60 100
110 80 100
110 100 100
110 120 100
110 140 100
110 160 100
110 180 100
110 199 100
121 10 100
121 30 100
121 50 100
121 70 100
121 90 100
121 110 100
121 130 100
121 150 100
121 170 100
121 190 100
132 0 100
132 20 100
132 40 100
132 60 100
132 80 100
132 100 100
132 120 100
132 140 100
132 160 100
132 180 100
132 199 100
143 10 100
143 30 100
143 50 100
143 70 100
143 90 100
143 110 100
143 130 100
143 150 100
143 170 100
143 190 100
154 0 100
154 20 100
154 40 100
154 60 100
154 80 100
154 100 100
154 120 100
154 140 100
154 160 100
154 180 100
154 199 100
165 10 100
165 30 100
165 50 100
165 70 100
165 90 100
165 110 100
165 130 100
165 150 100
165 170 100
165 190 100
176 0 100
176 20 100
176 40 100
176 60 100
176 80 100
176 100 100
176 120 100
176 140 100
176 160 100
176 180 100
176 199 100
187 10 100
187 30 100
187 50 100
187 70 100
187 90 100
187 110 100
187 130 100
187 150 100
187 170 100
187 190 100
198 0 100
198 20 100
198 40 100
198 60 100
198 80 100
198 100 100
198 120 100
198 140 100
198 160 100
198 180 100
198 199 100
0 60 100
11 10 100
11 30 100
22 0 100
22 20 100
22 40 100
33 10 100
33 30 100
33 70 100
33 130 100
33 190 100
44 60 100
44 80 100
44 100 100
44 120 100
44 140 100
44 160 100
44 180 100
44 199 100
55 70 100
55 90 100
55 110 100
55 130 100
55 150 100
55 170 100
55 190 100
66 80 100
66 100 100
66 120 100
66 140 100
66 160 100
66 180 100
66 199 100
77 10 100
77 70 100
77 90 100
77 110 100
77 130 100
77 150 100
77 170 100
88 0 100
88 20 100
88 80 100
88 100 100
88 140 100
88 160 100
88 180 100
99 10 100
99 30 100
99 70 100
99 90 100
99 170 100
110 0 100
110 20 100
110 40 100
110 60 100
110 80 100
110 199 100
121 10 100
121 30 100
121 50 100
121 70 100
132 0 100
132 20 100
132 40 100
132 60 100
132 80 100
143 10 100
143 30 100
143 50 100
143 70 100
143 90 100
154 0 100
154 20 100
154 60 100
154 80 100
154 120 100
154 140 100
165 70 100
165 130 100
165 150 100
176 80 100
176 140 100
176 160 100
176 199 100
187 70 100
187 90 100
187 150 100
187 170 100
187 190 100
198 0 100
198 80 100
198 160 100
198 180 100
50 187 40
50 187 42
50 187 44
50 187 46
50 187 48
50 187 50
50 187 52
50 187 54
50 187 56
50 187 58
50 187 60
50 187 62
50 187 64
50 187 66
50 187 68
60 13 40
6 148 40
119 198 40
100 119 40
143 182 40
132 134 40
151 87 40
151 87 42
151 87 44
151 87 46
151 87 48
151 87 50
151 87 52
151 87 54
151 87 56
185 102 40
5 97 40
142 182 40
142 183 40
142 184 40
142 185 40
142 186 40
142 187 40
141 187 40
141 188 40
141 189 40
140 189 40
139 189 40
138 189 40
137 189 40
137 190 40
136 190 40
136 191 40
135 191 40
135 192 40
135 193 40
134 193 40
133 193 40
133 194 40
133 195 40
133 196 40
133 197 40
133 198 40
132 198 40
131 198 40
130 198 40
129 198 40
128 198 40
127 198 40
126 198 40
125 198 40
124 198 40
123 198 40
122 198 40
121 198 40
120 198 40
5 98 40
5 99 40
5 100 40
5 101 40
5 102 40
5 103 40
5 104 40
5 105 40
5 106 40
5 107 40
5 108 40
5 109 40
5 110 40
5 111 40
5 112 40
5 113 40
5 114 40
5 115 40
5 116 40
5 117 40
5 118 40
5 119 40
5 120 40
5 121 40
5 122 40
5 123 40
5 124 40
5 125 40
5 126 40
5 127 40
5 128 40
5 129 40
5 130 40
5 131 40
5 132 40
5 133 40
5 134 40
5 135 40
5 136 40
5 137 40
5 138 40
5 139 40
5 140 40
5 141 40
5 142 40
5 143 40
5 144 40
5 145 40
5 146 40
5 147 40
5 148 40
132 135 40
132 136 40
132 137 40
132 138 40
132 139 40
132 141 40
132 142 40
132 143 40
132 144 40
132 145 40
132 146 40
132 147 40
132 148 40
132 149 40
132 150 40
132 151 40
132 152 40
132 153 40
132 154 40
132 155 40
132 156 40
132 157 40
132 158 40
132 159 40
132 161 40
132 162 40
132 163 40
132 164 40
132 165 40
132 166 40
132 167 40
132 168 40
132 169 40
133 169 40
134 169 40
134 170 40
135 170 40
136 170 40
136 171 40
136 172 40
136 173 40
137 173 40
138 173 40
139 173 40
139 174 40
139 175 40
140 175 40
140 176 40
140 177 40
140 178 40
140 179 40
140 180 40
140 181 40
140 182 40
141 182 40
101 119 40
102 119 40
103 119 40
104 119 40
105 119 40
106 119 40
107 119 40
108 119 40
109 119 40
110 119 40
111 119 40
112 119 40
113 119 40
114 119 40
115 119 40
116 119 40
117 119 40
118 119 40
119 119 40
120 119 40
121 119 40
122 119 40
123 119 40
123 120 40
123 121 40
123 122 40
123 123 40
124 123 40
124 124 40
125 124 40
126 124 40
127 124 40
127 125 40
127 126 40
127 127 40
128 127 40
129 127 40
130 127 40
130 128 40
130 129 40
130 130 40
130 131 40
131 131 40
132 131 40
132 132 40
132 133 40
184 102 40
183 102 40
182 102 40
181 102 40
180 102 40
179 102 40
178 102 40
177 102 40
176 102 40
175 102 40
174 102 40
173 102 40
172 102 40
171 102 40
170 102 40
169 102 40
168 102 40
167 102 40
166 102 40
165 102 40
164 102 40
163 102 40
162 102 40
161 102 40
160 102 40
160 102 42
159 102 40
159 102 42
158 102 40
158 102 42
158 103 40
158 103 42
157 103 40
157 103 42
156 103 40
156 103 42
156 104 40
156 104 42
155 104 40
155 104 42
154 104 40
154 104 42
154 105 40
154 105 42
153 105 40
153 105 42
152 105 40
152 105 42
152 106 40
152 106 42
151 106 40
151 106 42
151 107 40
151 107 42
150 107 40
150 107 42
149 107 40
149 107 42
149 108 40
149 108 42
148 108 40
148 108 42
148 109 40
148 109 42
147 109 40
147 109 42
147 109 44
146 109 40
146 109 42
146 109 44
146 110 40
146 110 42
146 110 44
145 110 40
145 110 42
145 110 44
144 110 40
144 110 42
144 110 44
144 111 40
144 111 42
144 111 44
143 111 40
143 111 42
142 111 40
142 111 42
142 112 40
142 112 42
141 112 40
141 112 42
140 112 40
139 112 40
139 113 40
138 113 40
137 113 40
137 114 40
136 114 40
135 114 40
134 114 40
133 114 40
132 114 40
131 114 40
130 114 40
129 114 40
128 114 40
127 114 40
126 114 40
125 114 40
125 115 40
124 115 40
124 116 40
124 117 40
123 117 40
123 118 40
151 88 40
151 88 42
151 88 44
151 88 46
151 88 48
151 88 50
151 88 52
151 89 40
151 89 42
151 89 44
151 89 46
151 89 48
151 89 50
151 90 40
151 90 42
151 90 44
151 90 46
151 90 48
151 91 40
151 91 42
151 91 44
151 91 46
151 91 48
151 92 40
151 92 42
151 92 44
151 92 46
151 92 48
151 93 40
151 93 42
151 93 44
151 93 46
151 93 48
151 94 40
151 94 42
151 94 44
151 94 46
151 95 40
151 95 42
151 95 44
151 95 46
151 96 40
151 96 42
151 96 44
151 97 40
151 97 42
151 97 44
151 98 40
151 98 42
151 99 40
151 99 42
151 100 40
151 100 42
151 101 40
151 101 42
151 102 40
151 102 42
151 103 40
151 103 42
151 104 40
151 104 42
151 105 40
151 105 42
