0 0 100
0 20 100
0 40 100
0 60 100
0 80 100
0 100 100
0 120 100
0 140 100
0 160 100
0 180 100
0 199 100
11 10 100
11 30 100
11 50 100
11 70 100
11 90 100
11 110 100
11 130 100
11 150 100
11 170 100
11 190 100
22 0 100
22 20 100
22 40 100
22 60 100
22 80 100
22 100 100
22 120 100
22 140 100
22 160 100
22 180 100
22 199 100
33 10 100
33 30 100
33 50 100
33 70 100
33 90 100
33 110 100
33 130 100
33 150 100
33 170 100
33 190 100
44 0 100
44 20 100
44 40 100
44 60 100
44 80 100
44 100 100
44 120 100
44 140 100
44 160 100
44 180 100
44 199 100
55 10 100
55 30 100
55 50 100
55 70 100
55 90 100
55 110 100
55 130 100
55 150 100
55 170 100
55 190 100
66 0 100
66 20 100
66 40 100
66 60 100
66 80 100
66 100 100
66 120 100
66 140 100
66 160 100
66 180 100
66 199 100
77 10 100
77 30 100
77 50 100
77 70 100
77 90 100
77 110 100
77 130 100
77 150 100
77 170 100
77 190 100
88 0 100
88 20 100
88 40 100
88 60 100
88 80 100
88 100 100
88 120 100
88 140 100
88 160 100
88 180 100
88 199 100
99 10 100
99 30 100
99 50 100
99 70 100
99 90 100
99 110 100
99 130 100
99 150 100
99 170 100
99 190 100
110 0 100
110 20 100
110 40 100
110 60 100
110 80 100
110 100 100
110 120 100
110 140 100
110 160 100
110 180 100
110 199 100
121 10 100
121 30 100
121 50 100
121 70 100
121 90 100
121 110 100
121 130 100
121 150 100
121 170 100
121 190 100
132 0 100
132 20 100
132 40 100
132 60 100
132 80 100
132 100 100
132 120 100
132 140 100
132 160 100
132 180 100
132 199 100
143 10 100
143 30 100
143 50 100
143 70 100
143 90 100
143 110 100
143 130 100
143 150 100
143 170 100
143 190 100
154 0 100
154 20 100
154 40 100
154 60 100
154 80 100
154 100 100
154 120 100
154 140 100
154 160 100
154 180 100
154 199 100
165 10 100
165 30 100
165 50 100
165 70 100
165 90 100
165 110 100
165 130 100
165 150 100
165 170 100
165 190 100
176 0 100
176 20 100
176 40 100
176 60 100
176 80 100
176 100 100
176 120 100
176 140 100
176 160 100
176 180 100
176 199 100
187 10 100
187 30 100
187 50 100
187 70 100
187 90 100
187 110 100
187 130 100
187 150 100
187 170 100
187 190 100
198 0 100
198 20 100
198 40 100
198 60 100
198 80 100
198 100 100
198 120 100
198 140 100
198 160 100
198 180 100
198 199 100
0 0 100
0 20 100
0 80 100
0 100 100
0 120 100
0 140 100
0 160 100
0 180 100
0 199 100
11 10 100
11 70 100
11 90 100
11 110 100
11 130 100
11 150 100
11 170 100
11 190 100
22 0 100
22 20 100
22 60 100
22 80 100
22 100 100
22 120 100
22 140 100
22 180 100
22 199 100
33 10 100
33 30 100
33 50 100
33 70 100
33 110 100
33 130 100
33 190 100
44 0 100
44 20 100
44 40 100
44 60 100
44 120 100
44 180 100
44 199 100
55 10 100
55 30 100
55 70 100
55 90 100
55 110 100
55 130 100
55 170 100
55 190 100
66 0 100
66 20 100
66 60 100
66 80 100
66 100 100
66 120 100
66 140 100
66 180 100
66 199 100
77 10 100
77 30 100
77 50 100
77 70 100
77 90 100
77 110 100
77 190 100
88 0 100
88 20 100
88 40 100
88 60 100
88 199 100
99 10 100
99 30 100
99 50 100
99 70 100
99 190 100
110 0 100
110 20 100
110 40 100
110 60 100
110 140 100
121 10 100
121 50 100
121 70 100
121 90 100
121 130 100
121 150 100
121 190 100
132 60 100
132 80 100
132 100 100
132 120 100
132 140 100
132 160 100
132 180 100
132 199 100
143 50 100
143 70 100
143 90 100
143 110 100
143 130 100
143 150 100
143 170 100
143 190 100
154 0 100
154 60 100
154 80 100
154 100 100
154 120 100
154 140 100
154 160 100
154 180 100
154 199 100
165 10 100
165 50 100
165 70 100
165 90 100
165 110 100
165 130 100
165 150 100
165 170 100
165 190 100
176 0 100
176 20 100
176 40 100
176 60 100
176 100 100
176 140 100
176 180 100
176 199 100
187 10 100
187 30 100
187 50 100
187 90 100
198 0 100
198 20 100
198 40 100
198 60 100
198 80 100
198 100 100
5 53 40
98 129 40
42 115 40
42 115 42
42 115 44
84 86 40
124 110 40
94 178 40
195 178 40
72 154 40
51 9 40
51 9 42
51 9 44
51 9 46
51 9 48
51 9 50
51 9 52
51 9 54
51 9 56
51 9 58
51 9 60
51 9 62
51 9 64
51 9 66
84 85 40
84 84 40
84 83 40
84 83 42
84 82 40
84 82 42
84 81 40
84 81 42
84 80 40
84 80 42
84 79 40
84 79 42
84 79 44
84 78 40
84 78 42
84 78 44
84 77 40
84 77 42
84 77 44
84 76 40
84 76 42
84 76 44
84 76 46
84 75 40
84 75 42
84 75 44
84 75 46
84 74 40
84 74 42
84 74 44
84 74 46
84 73 40
84 73 42
84 73 44
84 73 46
84 73 48
84 72 40
84 72 42
84 72 44
84 72 46
84 72 48
84 72 50
84 71 40
84 71 42
84 71 44
84 71 46
84 71 48
84 71 50
84 71 52
84 70 40
84 70 42
84 70 44
84 70 46
84 70 48
84 70 50
84 70 52
84 70 54
84 69 40
84 69 42
84 69 44
84 69 46
84 69 48
84 69 50
84 69 52
84 69 54
84 69 56
84 68 40
84 68 42
84 68 44
84 68 46
84 68 48
84 68 50
84 68 52
84 68 54
84 68 56
84 68 58
84 67 40
84 67 42
84 67 44
84 67 46
84 67 48
84 67 50
84 67 52
84 67 54
84 67 56
84 67 58
84 67 60
84 66 40
84 66 42
84 66 44
84 66 46
84 66 48
84 66 50
84 66 52
84 66 54
84 66 56
84 66 58
84 66 60
84 66 62
84 65 40
84 65 42
84 65 44
84 65 46
84 65 48
84 65 50
84 65 52
84 65 54
84 65 56
84 65 58
84 65 60
84 65 62
84 65 64
84 64 40
84 64 42
84 64 44
84 64 46
84 64 48
84 64 50
84 64 52
84 64 54
84 64 56
84 64 58
84 64 60
84 64 62
84 64 64
84 64 66
84 63 40
84 63 42
84 63 44
84 63 46
84 63 48
84 63 50
84 63 52
84 63 54
84 63 56
84 63 58
84 63 60
84 63 62
84 63 64
84 63 66
84 63 68
84 62 40
84 62 42
84 62 44
84 62 46
84 62 48
84 62 50
84 62 52
84 62 54
84 62 56
84 62 58
84 62 60
84 62 62
84 62 64
84 62 66
84 62 68
84 61 40
84 61 42
84 61 44
84 61 46
84 61 48
84 61 50
84 61 52
84 61 54
84 61 56
84 61 58
84 61 60
84 61 62
84 61 64
84 61 66
84 61 68
84 60 40
84 60 42
84 60 44
84 60 46
84 60 48
84 60 50
84 60 52
84 60 54
84 60 56
84 60 58
84 60 60
84 60 62
84 60 64
84 60 66
84 59 40
84 59 42
84 59 44
84 59 46
84 59 48
84 59 50
84 59 52
84 59 54
84 59 56
84 59 58
84 59 60
84 59 62
84 59 64
84 58 40
84 58 42
84 58 44
84 58 46
84 58 48
84 58 50
84 58 52
84 58 54
84 58 56
84 58 58
84 58 60
84 58 62
84 57 40
84 57 42
84 57 44
84 57 46
84 57 48
84 57 50
84 57 52
84 57 54
84 57 56
84 57 58
84 57 60
83 57 40
83 57 42
83 57 44
83 57 46
83 57 48
83 57 50
83 57 52
83 57 54
83 57 56
83 57 58
83 57 60
83 56 40
83 56 42
83 56 44
83 56 46
83 56 48
83 56 50
83 56 52
83 56 54
83 56 56
83 56 58
82 56 40
82 56 42
82 56 44
82 56 46
82 56 48
82 56 50
82 56 52
82 56 54
82 56 56
82 56 58
82 55 40
82 55 42
82 55 44
82 55 46
82 55 48
82 55 50
82 55 52
82 55 54
82 55 56
81 55 40
81 55 42
81 55 44
81 55 46
81 55 48
81 55 50
81 55 52
81 55 54
81 55 56
81 54 40
81 54 42
81 54 44
81 54 46
81 54 48
81 54 50
81 54 52
81 54 54
80 54 40
80 54 42
80 54 44
80 54 46
80 54 48
80 54 50
80 54 52
80 54 54
80 53 40
80 53 42
80 53 44
80 53 46
80 53 48
80 53 50
80 53 52
79 53 40
79 53 42
79 53 44
79 53 46
79 53 48
79 53 50
79 53 52
79 52 40
79 52 42
79 52 44
79 52 46
79 52 48
79 52 50
78 52 40
78 52 42
78 52 44
78 52 46
78 52 48
78 52 50
78 51 40
78 51 42
78 51 44
78 51 46
78 51 48
77 51 40
77 51 42
77 51 44
77 51 46
77 51 48
76 50 40
76 50 42
76 50 44
76 50 46
76 49 40
76 49 42
76 49 44
76 49 46
75 49 40
75 49 42
75 49 44
75 49 46
75 48 40
75 48 42
75 48 44
74 48 40
74 48 42
74 48 44
74 47 40
74 47 42
74 47 44
73 47 40
73 47 42
73 47 44
72 47 40
72 47 42
72 47 44
72 46 40
72 46 42
72 46 44
71 46 40
71 46 42
71 46 44
70 46 40
70 46 42
70 46 44
69 46 40
69 46 42
69 46 44
68 46 40
68 46 42
68 46 44
67 46 40
67 46 42
67 46 44
66 46 40
66 46 42
66 46 44
65 46 40
65 46 42
65 46 44
64 46 40
64 46 42
64 46 44
63 46 40
63 46 42
63 46 44
63 47 40
63 47 42
63 47 44
62 47 40
62 47 42
62 47 44
61 47 40
61 47 42
61 47 44
60 47 40
60 47 42
60 47 44
59 47 40
59 47 42
59 47 44
58 47 40
58 47 42
57 47 40
57 47 42
56 47 40
56 47 42
55 47 40
55 47 42
54 47 40
54 47 42
53 47 40
53 47 42
52 47 40
52 47 42
52 46 40
52 46 42
51 46 40
51 46 42
50 46 40
50 46 42
50 45 40
50 45 42
49 45 40
49 45 42
49 44 40
49 44 42
48 44 40
48 44 42
48 43 40
48 43 42
48 43 44
47 43 40
47 43 42
47 43 44
47 42 40
47 42 42
47 42 44
46 42 40
46 42 42
46 42 44
45 42 40
45 42 42
45 42 44
44 42 40
44 42 42
44 42 44
43 42 40
43 42 42
43 42 44
43 42 46
42 42 40
42 42 42
42 42 44
42 42 46
41 42 40
41 42 42
41 42 44
41 42 46
40 42 40
40 42 42
40 42 44
40 42 46
40 42 48
39 42 40
39 42 42
39 42 44
39 42 46
39 42 48
38 42 40
38 42 42
38 42 44
38 42 46
38 42 48
38 42 50
37 42 40
37 42 42
37 42 44
37 42 46
37 42 48
37 42 50
36 42 40
36 42 42
36 42 44
36 42 46
36 42 48
36 42 50
36 42 52
35 42 40
35 42 42
35 42 44
35 42 46
35 42 48
35 42 50
35 42 52
34 42 40
34 42 42
34 42 44
34 42 46
34 42 48
34 42 50
34 42 52
33 42 40
33 42 42
33 42 44
33 42 46
33 42 48
33 42 50
33 42 52
32 42 40
32 42 42
32 42 44
32 42 46
32 42 48
32 42 50
32 42 52
31 42 40
31 42 42
31 42 44
31 42 46
31 42 48
31 42 50
31 42 52
30 42 40
30 42 42
30 42 44
30 42 46
30 42 48
30 42 50
29 42 40
29 42 42
29 42 44
29 42 46
29 42 48
28 42 40
28 42 42
28 42 44
28 42 46
28 42 48
27 42 40
27 42 42
27 42 44
27 42 46
26 42 40
26 42 42
26 42 44
26 42 46
25 42 40
25 42 42
25 42 44
24 42 40
24 42 42
24 42 44
23 42 40
23 42 42
22 42 40
22 42 42
21 42 40
21 42 42
20 42 40
20 42 42
19 42 40
19 42 42
18 42 40
17 42 40
16 42 40
16 43 40
15 43 40
14 43 40
13 43 40
13 44 40
12 44 40
11 44 40
10 44 40
10 45 40
10 46 40
10 47 40
9 47 40
8 47 40
7 47 40
7 48 40
7 49 40
7 50 40
6 50 40
5 50 40
5 51 40
5 52 40
98 128 40
98 127 40
98 126 40
98 125 40
98 124 40
98 123 40
98 122 40
98 121 40
98 120 40
98 119 40
98 118 40
98 117 40
98 116 40
98 115 40
98 114 40
98 113 40
98 112 40
98 111 40
98 110 40
98 109 40
98 108 40
98 107 40
98 106 40
98 105 40
98 104 40
98 103 40
98 102 40
98 101 40
98 100 40
98 99 40
98 98 40
98 97 40
98 96 40
98 95 40
98 94 40
98 93 40
98 92 40
98 91 40
97 91 40
97 90 40
97 89 40
96 89 40
96 88 40
95 88 40
95 87 40
94 87 40
94 86 40
93 86 40
92 86 40
91 86 40
90 86 40
89 86 40
88 86 40
87 86 40
86 86 40
85 86 40
123 110 40
122 110 40
120 110 40
119 110 40
118 110 40
117 110 40
116 110 40
115 110 40
114 110 40
113 110 40
112 110 40
111 110 40
110 110 40
109 110 40
108 110 40
107 110 40
106 110 40
105 110 40
104 110 40
103 110 40
102 110 40
101 110 40
100 110 40
73 154 40
74 154 40
75 154 40
76 154 40
77 154 40
78 154 40
79 154 40
80 154 40
81 154 40
82 154 40
83 154 40
83 153 40
84 153 40
84 152 40
85 152 40
85 151 40
86 151 40
86 150 40
86 149 40
87 149 40
87 148 40
87 147 40
88 147 40
88 146 40
88 145 40
88 144 40
89 144 40
89 143 40
89 142 40
89 141 40
89 140 40
90 140 40
90 139 40
91 139 40
91 138 40
91 137 40
92 137 40
93 137 40
93 136 40
93 135 40
93 134 40
94 134 40
95 134 40
95 133 40
96 133 40
96 132 40
96 131 40
97 131 40
97 130 40
98 130 40
94 177 40
94 176 40
94 175 40
94 174 40
94 173 40
94 172 40
94 171 40
94 170 40
94 169 40
93 169 40
92 169 40
92 168 40
92 167 40
91 167 40
91 166 40
91 165 40
91 164 40
91 163 40
91 162 40
91 161 40
91 160 40
90 160 40
90 159 40
90 158 40
89 158 40
88 158 40
87 158 40
87 157 40
86 157 40
85 157 40
85 156 40
84 156 40
84 155 40
84 154 40
41 115 40
41 115 42
41 115 44
40 115 40
40 115 42
40 115 44
39 115 40
39 115 42
39 115 44
39 115 46
38 115 40
38 115 42
38 115 44
38 115 46
37 115 40
37 115 42
37 115 44
37 115 46
37 115 48
36 115 40
36 115 42
36 115 44
36 115 46
36 115 48
35 115 40
35 115 42
35 115 44
35 115 46
35 115 48
35 115 50
35 116 40
35 116 42
35 116 44
35 116 46
35 116 48
35 116 50
35 116 52
35 117 40
35 117 42
35 117 44
35 117 46
35 117 48
35 117 50
35 117 52
35 118 40
35 118 42
35 118 44
35 118 46
35 118 48
35 118 50
35 118 52
35 118 54
35 119 40
35 119 42
35 119 44
35 119 46
35 119 48
35 119 50
35 119 52
35 119 54
35 119 56
35 120 40
35 120 42
35 120 44
35 120 46
35 120 48
35 120 50
35 120 52
35 120 54
35 120 56
35 121 40
35 121 42
35 121 44
35 121 46
35 121 48
35 121 50
35 121 52
35 121 54
35 121 56
35 122 40
35 122 42
35 122 44
35 122 46
35 122 48
35 122 50
35 122 52
35 122 54
35 122 56
35 123 40
35 123 42
35 123 44
35 123 46
35 123 48
35 123 50
35 123 52
35 123 54
35 124 40
35 124 42
35 124 44
35 124 46
35 124 48
35 124 50
35 124 52
35 125 40
35 125 42
35 125 44
35 125 46
35 125 48
35 125 50
35 126 40
35 126 42
35 126 44
35 126 46
35 126 48
35 127 40
35 127 42
35 127 44
35 127 46
35 127 48
35 128 40
35 128 42
35 128 44
35 128 46
35 129 40
35 129 42
35 129 44
35 130 40
35 130 42
35 130 44
35 131 40
35 131 42
35 131 44
35 132 40
35 132 42
35 133 40
35 133 42
35 134 40
35 134 42
35 135 40
35 135 42
35 136 40
35 136 42
35 137 40
35 137 42
35 138 40
35 138 42
35 139 40
35 139 42
35 140 40
35 141 40
35 142 40
35 143 40
35 144 40
35 145 40
35 146 40
35 147 40
35 148 40
35 149 40
35 150 40
36 150 40
36 151 40
36 152 40
37 152 40
38 152 40
39 152 40
40 152 40
41 152 40
42 152 40
43 152 40
44 152 40
45 152 40
46 152 40
47 152 40
48 152 40
49 152 40
50 152 40
51 152 40
52 152 40
53 152 40
54 152 40
55 152 40
56 152 40
57 152 40
57 152 42
58 152 40
58 152 42
59 152 40
59 152 42
60 152 40
60 152 42
60 153 40
60 153 42
61 153 40
61 153 42
62 153 40
62 153 42
63 153 40
63 153 42
64 153 40
64 154 40
65 154 40
66 154 40
67 154 40
68 154 40
69 154 40
70 154 40
71 154 40
50 9 40
50 9 42
50 9 44
50 9 46
50 9 48
50 9 50
50 9 52
50 9 54
50 9 56
50 9 58
50 9 60
50 9 62
50 9 64
50 9 66
50 9 68
50 9 70
49 9 40
49 9 42
49 9 44
49 9 46
49 9 48
49 9 50
49 9 52
49 9 54
49 9 56
49 9 58
49 9 60
49 9 62
49 9 64
49 9 66
49 9 68
49 9 70
49 9 72
48 9 40
48 9 42
48 9 44
48 9 46
48 9 48
48 9 50
48 9 52
48 9 54
48 9 56
48 9 58
48 9 60
48 9 62
48 9 64
48 9 66
48 9 68
48 9 70
48 9 72
48 9 74
47 9 40
47 9 42
47 9 44
47 9 46
47 9 48
47 9 50
47 9 52
47 9 54
47 9 56
47 9 58
47 9 60
47 9 62
47 9 64
47 9 66
47 9 68
47 9 70
47 9 72
47 9 74
47 9 76
47 9 78
47 10 40
47 10 42
47 10 44
47 10 46
47 10 48
47 10 50
47 10 52
47 10 54
47 10 56
47 10 58
47 10 60
47 10 62
47 10 64
47 10 66
47 10 68
47 10 70
47 10 72
47 10 74
47 10 76
47 10 78
47 10 80
47 10 82
47 11 40
47 11 42
47 11 44
47 11 46
47 11 48
47 11 50
47 11 52
47 11 54
47 11 56
47 11 58
47 11 60
47 11 62
47 11 64
47 11 66
47 11 68
47 11 70
47 11 72
47 11 74
47 11 76
47 11 78
47 11 80
47 11 82
47 11 84
47 11 86
47 12 40
47 12 42
47 12 44
47 12 46
47 12 48
47 12 50
47 12 52
47 12 54
47 12 56
47 12 58
47 12 60
47 12 62
47 12 64
47 12 66
47 12 68
47 12 70
47 12 72
47 12 74
47 12 76
47 12 78
47 12 80
47 12 82
47 12 84
47 12 86
47 12 88
47 12 90
47 12 92
47 13 40
47 13 42
47 13 44
47 13 46
47 13 48
47 13 50
47 13 52
47 13 54
47 13 56
47 13 58
47 13 60
47 13 62
47 13 64
47 13 66
47 13 68
47 13 70
47 13 72
47 13 74
47 13 76
47 13 78
47 13 80
47 13 82
47 13 84
47 13 86
47 13 88
47 13 90
47 13 92
47 13 94
47 13 96
47 14 40
47 14 42
47 14 44
47 14 46
47 14 48
47 14 50
47 14 52
47 14 54
47 14 56
47 14 58
47 14 60
47 14 62
47 14 64
47 14 66
47 14 68
47 14 70
47 14 72
47 14 74
47 14 76
47 14 78
47 14 80
47 14 82
47 14 84
47 14 86
47 14 88
47 14 90
47 14 92
47 14 94
47 14 96
47 14 98
47 14 100
47 15 40
47 15 42
47 15 44
47 15 46
47 15 48
47 15 50
47 15 52
47 15 54
47 15 56
47 15 58
47 15 60
47 15 62
47 15 64
47 15 66
47 15 68
47 15 70
47 15 72
47 15 74
47 15 76
47 15 78
47 15 80
47 15 82
47 15 84
47 15 86
47 15 88
47 15 90
47 15 92
47 15 94
47 15 96
47 15 98
47 15 100
47 15 102
47 15 104
47 16 40
47 16 42
47 16 44
47 16 46
47 16 48
47 16 50
47 16 52
47 16 54
47 16 56
47 16 58
47 16 60
47 16 62
47 16 64
47 16 66
47 16 68
47 16 70
47 16 72
47 16 74
47 16 76
47 16 78
47 16 80
47 16 82
47 16 84
47 16 86
47 16 88
47 16 90
47 16 92
47 16 94
47 16 96
47 16 98
47 16 100
47 16 102
47 16 104
47 16 106
47 17 40
47 17 42
47 17 44
47 17 46
47 17 48
47 17 50
47 17 52
47 17 54
47 17 56
47 17 58
47 17 60
47 17 62
47 17 64
47 17 66
47 17 68
47 17 70
47 17 72
47 17 74
47 17 76
47 17 78
47 17 80
47 17 82
47 17 84
47 17 86
47 17 88
47 17 90
47 17 92
47 17 94
47 17 96
47 17 98
47 17 100
47 17 102
47 17 104
47 17 106
47 17 108
47 18 40
47 18 42
47 18 44
47 18 46
47 18 48
47 18 50
47 18 52
47 18 54
47 18 56
47 18 58
47 18 60
47 18 62
47 18 64
47 18 66
47 18 68
47 18 70
47 18 72
47 18 74
47 18 76
47 18 78
47 18 80
47 18 82
47 18 84
47 18 86
47 18 88
47 18 90
47 18 92
47 18 94
47 18 96
47 18 98
47 18 100
47 18 102
47 18 104
47 18 106
47 18 108
47 18 110
47 19 40
47 19 42
47 19 44
47 19 46
47 19 48
47 19 50
47 19 52
47 19 54
47 19 56
47 19 58
47 19 60
47 19 62
47 19 64
47 19 66
47 19 68
47 19 70
47 19 72
47 19 74
47 19 76
47 19 78
47 19 80
47 19 82
47 19 84
47 19 86
47 19 88
47 19 90
47 19 92
47 19 94
47 19 96
47 19 98
47 19 100
47 19 102
47 19 104
47 19 106
47 19 108
47 19 110
47 20 40
47 20 42
47 20 44
47 20 46
47 20 48
47 20 50
47 20 52
47 20 54
47 20 56
47 20 58
47 20 60
47 20 62
47 20 64
47 20 66
47 20 68
47 20 70
47 20 72
47 20 74
47 20 76
47 20 78
47 20 80
47 20 82
47 20 84
47 20 86
47 20 88
47 20 90
47 20 92
47 20 94
47 20 96
47 20 98
47 20 100
47 20 102
47 20 104
47 20 106
47 20 108
47 21 40
47 21 42
47 21 44
47 21 46
47 21 48
47 21 50
47 21 52
47 21 54
47 21 56
47 21 58
47 21 60
47 21 62
47 21 64
47 21 66
47 21 68
47 21 70
47 21 72
47 21 74
47 21 76
47 21 78
47 21 80
47 21 82
47 21 84
47 21 86
47 21 88
47 21 90
47 21 92
47 21 94
47 21 96
47 21 98
47 21 100
47 21 102
47 21 104
47 21 106
47 22 40
47 22 42
47 22 44
47 22 46
47 22 48
47 22 50
47 22 52
47 22 54
47 22 56
47 22 58
47 22 60
47 22 62
47 22 64
47 22 66
47 22 68
47 22 70
47 22 72
47 22 74
47 22 76
47 22 78
47 22 80
47 22 82
47 22 84
47 22 86
47 22 88
47 22 90
47 22 92
47 22 94
47 22 96
47 22 98
47 22 100
47 22 102
47 22 104
47 23 40
47 23 42
47 23 44
47 23 46
47 23 48
47 23 50
47 23 52
47 23 54
47 23 56
47 23 58
47 23 60
47 23 62
47 23 64
47 23 66
47 23 68
47 23 70
47 23 72
47 23 74
47 23 76
47 23 78
47 23 80
47 23 82
47 23 84
47 23 86
47 23 88
47 23 90
47 23 92
47 23 94
47 23 96
47 23 98
47 23 100
47 24 40
47 24 42
47 24 44
47 24 46
47 24 48
47 24 50
47 24 52
47 24 54
47 24 56
47 24 58
47 24 60
47 24 62
47 24 64
47 24 66
47 24 68
47 24 70
47 24 72
47 24 74
47 24 76
47 24 78
47 24 80
47 24 82
47 24 84
47 24 86
47 24 88
47 24 90
47 24 92
47 24 94
47 24 96
47 25 40
47 25 42
47 25 44
47 25 46
47 25 48
47 25 50
47 25 52
47 25 54
47 25 56
47 25 58
47 25 60
47 25 62
47 25 64
47 25 66
47 25 68
47 25 70
47 25 72
47 25 74
47 25 76
47 25 78
47 25 80
47 25 82
47 25 84
47 25 86
47 25 88
47 25 90
47 25 92
47 25 94
47 26 40
47 26 42
47 26 44
47 26 46
47 26 48
47 26 50
47 26 52
47 26 54
47 26 56
47 26 58
47 26 60
47 26 62
47 26 64
47 26 66
47 26 68
47 26 70
47 26 72
47 26 74
47 26 76
47 26 78
47 26 80
47 26 82
47 26 84
47 26 86
47 26 88
47 26 90
47 27 40
47 27 42
47 27 44
47 27 46
47 27 48
47 27 50
47 27 52
47 27 54
47 27 56
47 27 58
47 27 60
47 27 62
47 27 64
47 27 66
47 27 68
47 27 70
47 27 72
47 27 74
47 27 76
47 27 78
47 27 80
47 27 82
47 27 84
47 27 86
47 28 40
47 28 42
47 28 44
47 28 46
47 28 48
47 28 50
47 28 52
47 28 54
47 28 56
47 28 58
47 28 60
47 28 62
47 28 64
47 28 66
47 28 68
47 28 70
47 28 72
47 28 74
47 28 76
47 28 78
47 28 80
47 28 82
47 29 40
47 29 42
47 29 44
47 29 46
47 29 48
47 29 50
47 29 52
47 29 54
47 29 56
47 29 58
47 29 60
47 29 62
47 29 64
47 29 66
47 29 68
47 29 70
47 29 72
47 29 74
47 29 76
47 29 78
47 29 80
47 30 40
47 30 42
47 30 44
47 30 46
47 30 48
47 30 50
47 30 52
47 30 54
47 30 56
47 30 58
47 30 60
47 30 62
47 30 64
47 30 66
47 30 68
47 30 70
47 30 72
47 30 74
47 30 76
47 31 40
47 31 42
47 31 44
47 31 46
47 31 48
47 31 50
47 31 52
47 31 54
47 31 56
47 31 58
47 31 60
47 31 62
47 31 64
47 31 66
47 31 68
47 31 70
47 31 72
47 31 74
47 32 40
47 32 42
47 32 44
47 32 46
47 32 48
47 32 50
47 32 52
47 32 54
47 32 56
47 32 58
47 32 60
47 32 62
47 32 64
47 32 66
47 32 68
47 32 70
47 33 40
47 33 42
47 33 44
47 33 46
47 33 48
47 33 50
47 33 52
47 33 54
47 33 56
47 33 58
47 33 60
47 33 62
47 33 64
47 33 66
47 33 68
47 34 40
47 34 42
47 34 44
47 34 46
47 34 48
47 34 50
47 34 52
47 34 54
47 34 56
47 34 58
47 34 60
47 34 62
47 34 64
47 35 40
47 35 42
47 35 44
47 35 46
47 35 48
47 35 50
47 35 52
47 35 54
47 35 56
47 35 58
47 35 60
47 35 62
47 36 40
47 36 42
47 36 44
47 36 46
47 36 48
47 36 50
47 36 52
47 36 54
47 36 56
47 36 58
47 37 40
47 37 42
47 37 44
47 37 46
47 37 48
47 37 50
47 37 52
47 37 54
47 38 40
47 38 42
47 38 44
47 38 46
47 38 48
47 38 50
47 38 52
47 39 40
47 39 42
47 39 44
47 39 46
47 39 48
47 39 50
47 40 40
47 40 42
47 40 44
47 40 46
47 40 48
47 41 40
47 41 42
47 41 44
47 41 46
194 178 40
193 178 40
192 178 40
192 177 40
191 177 40
191 176 40
191 175 40
191 174 40
191 173 40
191 172 40
191 171 40
191 170 40
191 169 40
191 168 40
191 167 40
191 166 40
191 165 40
191 164 40
191 163 40
191 162 40
191 161 40
191 160 40
191 159 40
191 158 40
191 157 40
191 156 40
191 155 40
191 154 40
191 153 40
191 152 40
191 151 40
191 150 40
191 149 40
191 148 40
191 147 40
191 146 40
191 145 40
191 144 40
191 143 40
191 142 40
191 141 40
191 140 40
191 139 40
191 138 40
191 137 40
191 136 40
191 135 40
191 134 40
191 133 40
191 132 40
191 131 40
191 130 40
191 129 40
191 128 40
191 127 40
191 126 40
191 125 40
190 125 40
190 124 40
189 124 40
189 123 40
188 123 40
188 122 40
188 121 40
187 121 40
187 120 40
186 120 40
185 120 40
185 119 40
184 119 40
183 119 40
182 119 40
181 119 40
180 119 40
179 119 40
178 119 40
178 118 40
177 118 40
176 118 40
175 118 40
175 117 40
174 117 40
173 117 40
173 116 40
172 116 40
171 116 40
171 115 40
170 115 40
170 114 40
170 114 42
169 114 40
169 114 42
169 113 40
169 113 42
168 113 40
168 113 42
168 112 40
168 112 42
167 112 40
167 112 42
167 111 40
167 111 42
166 111 40
166 111 42
166 111 44
166 110 40
166 110 42
166 110 44
165 109 40
165 109 42
165 109 44
165 109 46
164 109 40
164 109 42
164 109 44
164 109 46
164 109 48
164 108 40
164 108 42
164 108 44
164 108 46
164 108 48
164 108 50
163 108 40
163 108 42
163 108 44
163 108 46
163 108 48
163 108 50
163 108 52
162 108 40
162 108 42
162 108 44
162 108 46
162 108 48
162 108 50
162 108 52
162 108 54
162 107 40
162 107 42
162 107 44
162 107 46
162 107 48
162 107 50
162 107 52
162 107 54
162 107 56
161 107 40
161 107 42
161 107 44
161 107 46
161 107 48
161 107 50
161 107 52
161 107 54
161 107 56
161 107 58
160 107 40
160 107 42
160 107 44
160 107 46
160 107 48
160 107 50
160 107 52
160 107 54
160 107 56
160 107 58
160 107 60
159 107 40
159 107 42
159 107 44
159 107 46
159 107 48
159 107 50
159 107 52
159 107 54
159 107 56
159 107 58
159 107 60
159 107 62
158 107 40
158 107 42
158 107 44
158 107 46
158 107 48
158 107 50
158 107 52
158 107 54
158 107 56
158 107 58
158 107 60
158 107 62
158 107 64
158 107 66
157 107 40
157 107 42
157 107 44
157 107 46
157 107 48
157 107 50
157 107 52
157 107 54
157 107 56
157 107 58
157 107 60
157 107 62
157 107 64
157 107 66
157 107 68
157 107 70
156 107 40
156 107 42
156 107 44
156 107 46
156 107 48
156 107 50
156 107 52
156 107 54
156 107 56
156 107 58
156 107 60
156 107 62
156 107 64
156 107 66
156 107 68
156 107 70
156 107 72
156 107 74
155 107 40
155 107 42
155 107 44
155 107 46
155 107 48
155 107 50
155 107 52
155 107 54
155 107 56
155 107 58
155 107 60
155 107 62
155 107 64
155 107 66
155 107 68
155 107 70
155 107 72
155 107 74
155 107 76
155 107 78
155 107 80
154 107 40
154 107 42
154 107 44
154 107 46
154 107 48
154 107 50
154 107 52
154 107 54
154 107 56
154 107 58
154 107 60
154 107 62
154 107 64
154 107 66
154 107 68
154 107 70
154 107 72
154 107 74
154 107 76
154 107 78
154 107 80
154 107 82
154 107 84
153 107 40
153 107 42
153 107 44
153 107 46
153 107 48
153 107 50
153 107 52
153 107 54
153 107 56
153 107 58
153 107 60
153 107 62
153 107 64
153 107 66
153 107 68
153 107 70
153 107 72
153 107 74
153 107 76
153 107 78
153 107 80
153 107 82
153 107 84
153 107 86
153 107 88
153 107 90
152 107 40
152 107 42
152 107 44
152 107 46
152 107 48
152 107 50
152 107 52
152 107 54
152 107 56
152 107 58
152 107 60
152 107 62
152 107 64
152 107 66
152 107 68
152 107 70
152 107 72
152 107 74
152 107 76
152 107 78
152 107 80
152 107 82
152 107 84
152 107 86
152 107 88
152 107 90
152 107 92
152 107 94
151 107 40
151 107 42
151 107 44
151 107 46
151 107 48
151 107 50
151 107 52
151 107 54
151 107 56
151 107 58
151 107 60
151 107 62
151 107 64
151 107 66
151 107 68
151 107 70
151 107 72
151 107 74
151 107 76
151 107 78
151 107 80
151 107 82
151 107 84
151 107 86
151 107 88
151 107 90
151 107 92
151 107 94
151 107 96
151 107 98
150 107 40
150 107 42
150 107 44
150 107 46
150 107 48
150 107 50
150 107 52
150 107 54
150 107 56
150 107 58
150 107 60
150 107 62
150 107 64
150 107 66
150 107 68
150 107 70
150 107 72
150 107 74
150 107 76
150 107 78
150 107 80
150 107 82
150 107 84
150 107 86
150 107 88
150 107 90
150 107 92
150 107 94
150 107 96
150 107 98
150 107 100
149 107 40
149 107 42
149 107 44
149 107 46
149 107 48
149 107 50
149 107 52
149 107 54
149 107 56
149 107 58
149 107 60
149 107 62
149 107 64
149 107 66
149 107 68
149 107 70
149 107 72
149 107 74
149 107 76
149 107 78
149 107 80
149 107 82
149 107 84
149 107 86
149 107 88
149 107 90
149 107 92
149 107 94
149 107 96
149 107 98
149 107 100
148 107 40
148 107 42
148 107 44
148 107 46
148 107 48
148 107 50
148 107 52
148 107 54
148 107 56
148 107 58
148 107 60
148 107 62
148 107 64
148 107 66
148 107 68
148 107 70
148 107 72
148 107 74
148 107 76
148 107 78
148 107 80
148 107 82
148 107 84
148 107 86
148 107 88
148 107 90
148 107 92
148 107 94
148 107 96
148 107 98
148 107 100
147 107 40
147 107 42
147 107 44
147 107 46
147 107 48
147 107 50
147 107 52
147 107 54
147 107 56
147 107 58
147 107 60
147 107 62
147 107 64
147 107 66
147 107 68
147 107 70
147 107 72
147 107 74
147 107 76
147 107 78
147 107 80
147 107 82
147 107 84
147 107 86
147 107 88
147 107 90
147 107 92
147 107 94
147 107 96
147 107 98
146 107 40
146 107 42
146 107 44
146 107 46
146 107 48
146 107 50
146 107 52
146 107 54
146 107 56
146 107 58
146 107 60
146 107 62
146 107 64
146 107 66
146 107 68
146 107 70
146 107 72
146 107 74
146 107 76
146 107 78
146 107 80
146 107 82
146 107 84
146 107 86
146 107 88
146 107 90
146 107 92
146 107 94
145 107 40
145 107 42
145 107 44
145 107 46
145 107 48
145 107 50
145 107 52
145 107 54
145 107 56
145 107 58
145 107 60
145 107 62
145 107 64
145 107 66
145 107 68
145 107 70
145 107 72
145 107 74
145 107 76
145 107 78
145 107 80
145 107 82
145 107 84
145 107 86
145 107 88
145 107 90
144 107 40
144 107 42
144 107 44
144 107 46
144 107 48
144 107 50
144 107 52
144 107 54
144 107 56
144 107 58
144 107 60
144 107 62
144 107 64
144 107 66
144 107 68
144 107 70
144 107 72
144 107 74
144 107 76
144 107 78
144 107 80
144 107 82
144 107 84
144 107 86
143 107 40
143 107 42
143 107 44
143 107 46
143 107 48
143 107 50
143 107 52
143 107 54
143 107 56
143 107 58
143 107 60
143 107 62
143 107 64
143 107 66
143 107 68
143 107 70
143 107 72
143 107 74
143 107 76
143 107 78
143 107 80
142 107 40
142 107 42
142 107 44
142 107 46
142 107 48
142 107 50
142 107 52
142 107 54
142 107 56
142 107 58
142 107 60
142 107 62
142 107 64
142 107 66
142 107 68
142 107 70
142 107 72
142 107 74
141 107 40
141 107 42
141 107 44
141 107 46
141 107 48
141 107 50
141 107 52
141 107 54
141 107 56
141 107 58
141 107 60
141 107 62
141 107 64
141 107 66
141 107 68
141 107 70
140 107 40
140 107 42
140 107 44
140 107 46
140 107 48
140 107 50
140 107 52
140 107 54
140 107 56
140 107 58
140 107 60
140 107 62
140 107 64
139 107 40
139 107 42
139 107 44
139 107 46
139 107 48
139 107 50
139 107 52
139 107 54
139 107 56
139 107 58
139 107 60
138 107 40
138 107 42
138 107 44
138 107 46
138 107 48
138 107 50
138 107 52
138 107 54
138 107 56
137 107 40
137 107 42
137 107 44
137 107 46
137 107 48
137 107 50
137 107 52
136 107 40
136 107 42
136 107 44
136 107 46
136 107 48
136 107 50
135 107 40
135 107 42
135 107 44
135 107 46
135 107 48
134 107 40
134 107 42
134 107 44
134 107 46
133 107 40
133 107 42
133 107 44
133 107 46
132 107 40
132 107 42
132 107 44
131 107 40
131 107 42
131 107 44
130 107 40
130 107 42
129 107 40
129 107 42
128 107 40
128 107 42
127 107 40
127 107 42
126 107 40
125 107 40
124 107 40
124 108 40
124 109 40
