0 0 100
0 20 100
0 40 100
0 60 100
0 80 100
0 100 100
0 120 100
0 140 100
0 160 100
0 180 100
0 199 100
11 10 100
11 30 100
11 50 100
11 70 100
11 90 100
11 110 100
11 130 100
11 150 100
11 170 100
11 190 100
22 0 100
22 20 100
22 40 100
22 60 100
22 80 100
22 100 100
22 120 100
22 140 100
22 160 100
22 180 100
22 199 100
33 10 100
33 30 100
33 50 100
33 70 100
33 90 100
33 110 100
33 130 100
33 150 100
33 170 100
33 190 100
44 0 100
44 20 100
44 40 100
44 60 100
44 80 100
44 100 100
44 120 100
44 140 100
44 160 100
44 180 100
44 199 100
55 10 100
55 30 100
55 50 100
55 70 100
55 90 100
55 110 100
55 130 100
55 150 100
55 170 100
55 190 100
66 0 100
66 20 100
66 40 100
66 60 100
66 80 100
66 100 100
66 120 100
66 140 100
66 160 100
66 180 100
66 199 100
77 10 100
77 30 100
77 50 100
77 70 100
77 90 100
77 110 100
77 130 100
77 150 100
77 170 100
77 190 100
88 0 100
88 20 100
88 40 100
88 60 100
88 80 100
88 100 100
88 120 100
88 140 100
88 160 100
88 180 100
88 199 100
99 10 100
99 30 100
99 50 100
99 70 100
99 90 100
99 110 100
99 130 100
99 150 100
99 170 100
99 190 100
110 0 100
110 20 100
110 40 100
110 60 100
110 80 100
110 100 100
110 120 100
110 140 100
110 160 100
110 180 100
110 199 100
121 10 100
121 30 100
121 50 100
121 70 100
121 90 100
121 110 100
121 130 100
121 150 100
121 170 100
121 190 100
132 0 100
132 20 100
132 40 100
132 60 100
132 80 100
132 100 100
132 120 100
132 140 100
132 160 100
132 180 100
132 199 100
143 10 100
143 30 100
143 50 100
143 70 100
143 90 100
143 110 100
143 130 100
143 150 100
143 170 100
143 190 100
154 0 100
154 20 100
154 40 100
154 60 100
154 80 100
154 100 100
154 120 100
154 140 100
154 160 100
154 180 100
154 199 100
165 10 100
165 30 100
165 50 100
165 70 100
165 90 100
165 110 100
165 130 100
165 150 100
165 170 100
165 190 100
176 0 100
176 20 100
176 40 100
176 60 100
176 80 100
176 100 100
176 120 100
176 140 100
176 160 100
176 180 100
176 199 100
187 10 100
187 30 100
187 50 100
187 70 100
187 90 100
187 110 100
187 130 100
187 150 100
187 170 100
187 190 100
198 0 100
198 20 100
198 40 100
198 60 100
198 80 100
198 100 100
198 120 100
198 140 100
198 160 100
198 180 100
198 199 100
0 0 100
0 20 100
0 80 100
0 100 100
0 160 100
0 180 100
0 199 100
11 90 100
11 110 100
11 150 100
11 170 100
11 190 100
22 160 100
22 180 100
33 170 100
33 190 100
44 20 100
44 40 100
44 60 100
44 120 100
44 160 100
44 180 100
44 199 100
55 10 100
55 30 100
55 50 100
55 70 100
55 110 100
55 130 100
55 150 100
55 170 100
55 190 100
66 0 100
66 20 100
66 40 100
66 60 100
66 100 100
66 120 100
66 160 100
66 180 100
77 30 100
77 50 100
77 70 100
77 90 100
77 110 100
77 170 100
88 0 100
88 20 100
88 40 100
88 60 100
88 100 100
88 160 100
88 180 100
88 199 100
99 10 100
99 30 100
99 50 100
99 70 100
99 90 100
99 150 100
99 170 100
99 190 100
110 0 100
110 20 100
110 40 100
110 60 100
110 80 100
110 140 100
110 160 100
110 180 100
110 199 100
121 10 100
121 30 100
121 50 100
121 70 100
121 130 100
121 150 100
121 190 100
132 20 100
132 60 100
132 120 100
132 140 100
132 199 100
143 10 100
143 70 100
143 110 100
143 130 100
154 0 100
154 20 100
154 40 100
154 60 100
154 120 100
154 199 100
165 10 100
165 30 100
165 50 100
165 70 100
165 90 100
165 110 100
165 170 100
165 190 100
176 0 100
176 20 100
176 60 100
176 100 100
176 160 100
176 180 100
187 10 100
187 110 100
187 150 100
187 170 100
187 190 100
198 100 100
198 140 100
198 160 100
198 180 100
90 140 40
128 179 40
168 127 40
134 35 40
192 198 40
30 162 40
30 162 48
30 162 56
30 162 64
30 162 72
30 162 80
30 162 88
21 89 40
22 89 40
23 89 40
24 89 40
25 89 40
26 89 40
27 89 40
28 89 40
29 89 40
30 89 40
30 90 40
30 91 40
30 92 40
30 93 40
30 94 40
30 95 40
30 96 40
30 97 40
30 98 40
30 99 40
30 100 40
30 101 40
30 102 40
30 103 40
30 103 48
30 104 40
30 104 48
30 105 40
30 105 48
30 106 40
30 106 48
30 107 40
30 107 48
30 108 40
30 108 48
30 109 40
30 109 48
30 110 40
30 110 48
30 111 40
30 111 48
30 112 40
30 112 48
30 113 40
30 113 48
30 114 40
30 114 48
30 115 40
30 115 48
30 116 40
30 116 48
30 117 40
30 117 48
30 117 56
29 117 40
29 117 48
29 117 56
29 118 40
29 118 48
29 118 56
29 119 40
29 119 48
29 119 56
29 120 40
29 120 48
29 120 56
29 121 40
29 121 48
29 121 56
29 122 40
29 122 48
29 122 56
29 123 40
29 123 48
29 123 56
29 124 40
29 124 48
29 124 56
29 125 40
29 125 48
29 125 56
29 126 40
29 126 48
29 126 56
29 127 40
29 127 48
29 127 56
29 128 40
29 128 48
29 128 56
29 129 40
29 129 48
29 129 56
29 130 40
29 130 48
29 131 40
29 131 48
29 132 40
29 132 48
29 133 40
29 134 40
29 135 40
29 136 40
29 137 40
30 137 40
30 138 40
31 138 40
31 139 40
32 139 40
32 140 40
33 140 40
33 141 40
34 141 40
35 141 40
35 142 40
36 142 40
36 143 40
37 143 40
37 144 40
38 144 40
38 145 40
39 145 40
40 145 40
41 145 40
42 145 40
42 145 48
43 145 40
43 145 48
44 145 40
44 145 48
45 145 40
45 145 48
46 145 40
46 145 48
46 145 56
47 145 40
47 145 48
47 145 56
48 145 40
48 145 48
48 145 56
48 146 40
48 146 48
49 146 40
49 146 48
49 146 56
50 146 40
50 146 48
50 146 56
51 146 40
51 146 48
51 146 56
51 147 40
51 147 48
51 147 56
52 147 40
52 147 48
52 147 56
53 147 40
53 147 48
53 147 56
53 147 64
54 147 40
54 147 48
54 147 56
54 147 64
55 147 40
55 147 48
55 147 56
55 147 64
56 147 40
56 147 48
56 147 56
56 147 64
57 147 40
57 147 48
57 147 56
58 147 40
58 147 48
58 147 56
59 147 40
59 147 48
60 147 40
60 147 48
61 147 40
62 147 40
63 147 40
63 146 40
64 146 40
64 145 40
65 145 40
66 145 40
66 144 40
67 144 40
68 144 40
68 143 40
69 143 40
70 143 40
70 142 40
71 142 40
72 142 40
73 142 40
74 142 40
74 141 40
75 141 40
76 141 40
77 141 40
78 141 40
79 141 40
80 141 40
81 141 40
82 141 40
83 141 40
83 140 40
84 140 40
85 140 40
86 140 40
87 140 40
89 140 40
30 161 40
30 161 48
30 161 56
30 161 64
30 161 72
30 160 40
30 160 48
30 160 56
30 159 40
30 159 48
30 158 40
30 158 48
30 157 40
30 156 40
30 155 40
30 154 40
30 153 40
30 152 40
30 151 40
30 150 40
30 149 40
30 148 40
30 147 40
30 146 40
30 145 40
30 144 40
30 143 40
30 142 40
30 141 40
30 140 40
30 139 40
134 36 40
134 37 40
134 38 40
135 38 40
136 38 40
137 38 40
137 39 40
138 39 40
139 39 40
140 39 40
140 40 40
141 40 40
141 41 40
141 42 40
142 42 40
142 43 40
142 44 40
143 44 40
143 45 40
144 45 40
144 46 40
144 46 48
145 46 40
145 46 48
145 47 40
145 47 48
145 48 40
145 48 48
145 49 40
145 49 48
145 49 56
145 50 40
145 50 48
145 50 56
145 51 40
145 51 48
145 51 56
145 52 40
145 52 48
145 52 56
145 53 40
145 53 48
145 53 56
145 54 40
145 54 48
145 54 56
145 55 40
145 55 48
145 55 56
145 55 64
145 56 40
145 56 48
145 56 56
145 56 64
145 57 40
145 57 48
145 57 56
145 57 64
145 57 72
145 58 40
145 58 48
145 58 56
145 58 64
145 58 72
145 59 40
145 59 48
145 59 56
145 59 64
145 59 72
145 60 40
145 60 48
145 60 56
145 60 64
145 60 72
145 61 40
145 61 48
145 61 56
145 61 64
145 61 72
145 62 40
145 62 48
145 62 56
145 62 64
145 63 40
145 63 48
145 63 56
145 63 64
145 64 40
145 64 48
145 64 56
145 64 64
145 65 40
145 65 48
145 65 56
145 66 40
145 66 48
145 66 56
145 67 40
145 67 48
145 67 56
145 68 40
145 68 48
145 68 56
145 69 40
145 69 48
145 69 56
145 70 40
145 70 48
145 70 56
145 71 40
145 71 48
145 71 56
145 72 40
145 72 48
145 73 40
145 73 48
145 74 40
145 75 40
145 76 40
145 77 40
145 78 40
145 79 40
145 80 40
145 81 40
145 82 40
145 83 40
145 84 40
145 85 40
145 86 40
145 87 40
145 88 40
145 89 40
145 90 40
144 90 40
142 90 40
141 90 40
141 91 40
140 91 40
139 91 40
138 91 40
137 91 40
136 91 40
135 91 40
134 91 40
134 92 40
133 92 40
132 92 40
132 93 40
131 93 40
131 94 40
130 94 40
130 95 40
129 95 40
129 96 40
128 96 40
128 97 40
127 97 40
127 98 40
126 98 40
126 99 40
125 99 40
125 100 40
124 100 40
124 101 40
123 101 40
123 102 40
123 103 40
123 104 40
122 104 40
122 105 40
121 105 40
120 105 40
119 105 40
118 105 40
118 106 40
117 106 40
116 106 40
116 107 40
116 108 40
116 109 40
115 109 40
115 110 40
115 111 40
115 112 40
114 112 40
113 112 40
112 112 40
112 113 40
112 114 40
112 115 40
111 115 40
110 115 40
109 115 40
108 115 40
107 115 40
107 116 40
106 116 40
106 117 40
105 117 40
105 118 40
104 118 40
104 119 40
103 119 40
103 120 40
102 120 40
102 121 40
101 121 40
101 122 40
100 122 40
99 122 40
99 123 40
99 124 40
99 125 40
99 126 40
98 126 40
97 126 40
96 126 40
95 126 40
95 127 40
94 127 40
94 128 40
93 128 40
93 129 40
92 129 40
92 130 40
91 130 40
91 131 40
90 131 40
90 132 40
90 133 40
90 134 40
90 135 40
90 136 40
90 137 40
90 138 40
90 139 40
191 198 40
190 198 40
189 198 40
188 198 40
187 198 40
186 198 40
185 198 40
184 198 40
183 198 40
182 198 40
181 198 40
180 198 40
179 198 40
179 198 48
178 198 40
178 198 48
178 197 40
178 197 48
177 197 40
177 197 48
176 197 40
176 197 48
176 197 56
176 196 40
176 196 48
176 196 56
175 196 40
175 196 48
175 196 56
175 196 64
174 196 40
174 196 48
174 196 56
174 196 64
174 196 72
174 196 80
174 195 40
174 195 48
174 195 56
174 195 64
174 195 72
174 195 80
173 195 40
173 195 48
173 195 56
173 195 64
173 195 72
173 195 80
173 195 88
173 195 96
172 195 40
172 195 48
172 195 56
172 195 64
172 195 72
172 195 80
172 195 88
172 195 96
172 195 104
172 195 112
172 195 120
172 194 40
172 194 48
172 194 56
172 194 64
172 194 72
172 194 80
172 194 88
172 194 96
172 194 104
172 194 112
172 194 120
171 194 40
171 194 48
171 194 56
171 194 64
171 194 72
171 194 80
171 194 88
171 194 96
171 194 104
171 194 112
171 194 120
171 194 128
171 194 136
171 193 40
171 193 48
171 193 56
171 193 64
171 193 72
171 193 80
171 193 88
171 193 96
171 193 104
171 193 112
171 193 120
171 193 128
171 193 136
170 193 40
170 193 48
170 193 56
170 193 64
170 193 72
170 193 80
170 193 88
170 193 96
170 193 104
170 193 112
170 193 120
170 193 128
170 193 136
170 193 144
170 193 152
169 193 40
169 193 48
169 193 56
169 193 64
169 193 72
169 193 80
169 193 88
169 193 96
169 193 104
169 193 112
169 193 120
169 193 128
169 193 136
169 193 144
169 193 152
169 193 160
169 193 168
169 192 40
169 192 48
169 192 56
169 192 64
169 192 72
169 192 80
169 192 88
169 192 96
169 192 104
169 192 112
169 192 120
169 192 128
169 192 136
169 192 144
169 192 152
169 192 160
169 192 168
168 192 40
168 192 48
168 192 56
168 192 64
168 192 72
168 192 80
168 192 88
168 192 96
168 192 104
168 192 112
168 192 120
168 192 128
168 192 136
168 192 144
168 192 152
168 192 160
168 192 168
168 192 176
167 192 40
167 192 48
167 192 56
167 192 64
167 192 72
167 192 80
167 192 88
167 192 96
167 192 104
167 192 112
167 192 120
167 192 128
167 192 136
167 192 144
167 192 152
167 192 160
167 192 168
167 192 176
167 192 184
166 192 40
166 192 48
166 192 56
166 192 64
166 192 72
166 192 80
166 192 88
166 192 96
166 192 104
166 192 112
166 192 120
166 192 128
166 192 136
166 192 144
166 192 152
166 192 160
166 192 168
166 192 176
166 192 184
166 192 192
165 192 40
165 192 48
165 192 56
165 192 64
165 192 72
165 192 80
165 192 88
165 192 96
165 192 104
165 192 112
165 192 120
165 192 128
165 192 136
165 192 144
165 192 152
165 192 160
165 192 168
165 192 176
165 192 184
165 192 192
165 192 200
165 191 40
165 191 48
165 191 56
165 191 64
165 191 72
165 191 80
165 191 88
165 191 96
165 191 104
165 191 112
165 191 120
165 191 128
165 191 136
165 191 144
165 191 152
165 191 160
165 191 168
165 191 176
165 191 184
165 191 192
165 191 200
164 191 40
164 191 48
164 191 56
164 191 64
164 191 72
164 191 80
164 191 88
164 191 96
164 191 104
164 191 112
164 191 120
164 191 128
164 191 136
164 191 144
164 191 152
164 191 160
164 191 168
164 191 176
164 191 184
164 191 192
164 191 200
164 190 40
164 190 48
164 190 56
164 190 64
164 190 72
164 190 80
164 190 88
164 190 96
164 190 104
164 190 112
164 190 120
164 190 128
164 190 136
164 190 144
164 190 152
164 190 160
164 190 168
164 190 176
164 190 184
164 190 192
164 190 200
164 190 208
163 190 40
163 190 48
163 190 56
163 190 64
163 190 72
163 190 80
163 190 88
163 190 96
163 190 104
163 190 112
163 190 120
163 190 128
163 190 136
163 190 144
163 190 152
163 190 160
163 190 168
163 190 176
163 190 184
163 190 192
163 190 200
162 190 40
162 190 48
162 190 56
162 190 64
162 190 72
162 190 80
162 190 88
162 190 96
162 190 104
162 190 112
162 190 120
162 190 128
162 190 136
162 190 144
162 190 152
162 190 160
162 190 168
162 190 176
162 190 184
162 190 192
162 189 40
162 189 48
162 189 56
162 189 64
162 189 72
162 189 80
162 189 88
162 189 96
162 189 104
162 189 112
162 189 120
162 189 128
162 189 136
162 189 144
162 189 152
162 189 160
162 189 168
162 189 176
162 189 184
162 189 192
161 189 40
161 189 48
161 189 56
161 189 64
161 189 72
161 189 80
161 189 88
161 189 96
161 189 104
161 189 112
161 189 120
161 189 128
161 189 136
161 189 144
161 189 152
161 189 160
161 189 168
161 189 176
161 188 40
161 188 48
161 188 56
161 188 64
161 188 72
161 188 80
161 188 88
161 188 96
161 188 104
161 188 112
161 188 120
161 188 128
161 188 136
161 188 144
161 188 152
161 188 160
161 188 168
161 188 176
160 188 40
160 188 48
160 188 56
160 188 64
160 188 72
160 188 80
160 188 88
160 188 96
160 188 104
160 188 112
160 188 120
160 188 128
160 188 136
160 188 144
160 188 152
160 188 160
159 188 40
159 188 48
159 188 56
159 188 64
159 188 72
159 188 80
159 188 88
159 188 96
159 188 104
159 188 112
159 188 120
159 188 128
159 188 136
159 187 40
159 187 48
159 187 56
159 187 64
159 187 72
159 187 80
159 187 88
159 187 96
159 187 104
159 187 112
159 187 120
159 187 128
159 187 136
158 187 40
158 187 48
158 187 56
158 187 64
158 187 72
158 187 80
158 187 88
158 187 96
158 187 104
158 187 112
158 186 40
158 186 48
158 186 56
158 186 64
158 186 72
158 186 80
158 186 88
158 186 96
158 186 104
158 186 112
157 186 40
157 186 48
157 186 56
157 186 64
157 186 72
157 186 80
157 186 88
157 186 96
156 186 40
156 186 48
156 186 56
156 186 64
156 186 72
156 186 80
155 186 40
155 186 48
155 186 56
155 186 64
155 186 72
155 185 40
155 185 48
155 185 56
155 185 64
155 185 72
154 185 40
154 185 48
154 185 56
154 185 64
153 185 40
153 185 48
153 185 56
152 185 40
152 185 48
152 185 56
151 185 40
151 185 48
150 185 40
150 185 48
149 185 40
149 185 48
148 185 40
148 184 40
147 184 40
147 183 40
146 183 40
146 182 40
145 182 40
145 181 40
144 181 40
144 180 40
144 179 40
143 179 40
142 179 40
141 179 40
140 179 40
139 179 40
138 179 40
137 179 40
136 179 40
135 179 40
134 179 40
133 179 40
132 179 40
131 179 40
130 179 40
129 179 40
