0 0 100
0 20 100
0 40 100
0 60 100
0 80 100
0 100 100
0 120 100
0 140 100
0 160 100
0 180 100
0 199 100
11 10 100
11 30 100
11 50 100
11 70 100
11 90 100
11 110 100
11 130 100
11 150 100
11 170 100
11 190 100
22 0 100
22 20 100
22 40 100
22 60 100
22 80 100
22 100 100
22 120 100
22 140 100
22 160 100
22 180 100
22 199 100
33 10 100
33 30 100
33 50 100
33 70 100
33 90 100
33 110 100
33 130 100
33 150 100
33 170 100
33 190 100
44 0 100
44 20 100
44 40 100
44 60 100
44 80 100
44 100 100
44 120 100
44 140 100
44 160 100
44 180 100
44 199 100
55 10 100
55 30 100
55 50 100
55 70 100
55 90 100
55 110 100
55 130 100
55 150 100
55 170 100
55 190 100
66 0 100
66 20 100
66 40 100
66 60 100
66 80 100
66 100 100
66 120 100
66 140 100
66 160 100
66 180 100
66 199 100
77 10 100
77 30 100
77 50 100
77 70 100
77 90 100
77 110 100
77 130 100
77 150 100
77 170 100
77 190 100
88 0 100
88 20 100
88 40 100
88 60 100
88 80 100
88 100 100
88 120 100
88 140 100
88 160 100
88 180 100
88 199 100
99 10 100
99 30 100
99 50 100
99 70 100
99 90 100
99 110 100
99 130 100
99 150 100
99 170 100
99 190 100
110 0 100
110 20 100
110 40 100
110 60 100
110 80 100
110 100 100
110 120 100
110 140 100
110 160 100
110 180 100
110 199 100
121 10 100
121 30 100
121 50 100
121 70 100
121 90 100
121 110 100
121 130 100
121 150 100
121 170 100
121 190 100
132 0 100
132 20 100
132 40 100
132 60 100
132 80 100
132 100 100
132 120 100
132 140 100
132 160 100
132 180 100
132 199 100
143 10 100
143 30 100
143 50 100
143 70 100
143 90 100
143 110 100
143 130 100
143 150 100
143 170 100
143 190 100
154 0 100
154 20 100
154 40 100
154 60 100
154 80 100
154 100 100
154 120 100
154 140 100
154 160 100
154 180 100
154 199 100
165 10 100
165 30 100
165 50 100
165 70 100
165 90 100
165 110 100
165 130 100
165 150 100
165 170 100
165 190 100
176 0 100
176 20 100
176 40 100
176 60 100
176 80 100
176 100 100
176 120 100
176 140 100
176 160 100
176 180 100
176 199 100
187 10 100
187 30 100
187 50 100
187 70 100
187 90 100
187 110 100
187 130 100
187 150 100
187 170 100
187 190 100
198 0 100
198 20 100
198 40 100
198 60 100
198 80 100
198 100 100
198 120 100
198 140 100
198 160 100
198 180 100
198 199 100
0 0 100
0 40 100
0 120 100
0 199 100
11 10 100
11 50 100
11 90 100
11 170 100
11 190 100
22 20 100
22 40 100
22 80 100
22 100 100
22 120 100
22 160 100
33 30 100
33 50 100
33 70 100
33 90 100
33 130 100
33 150 100
33 170 100
44 0 100
44 80 100
44 100 100
44 160 100
44 180 100
55 10 100
55 70 100
55 130 100
66 0 100
66 20 100
66 40 100
66 60 100
66 140 100
66 160 100
77 10 100
77 70 100
77 110 100
77 190 100
88 0 100
88 100 100
88 120 100
88 199 100
99 10 100
99 30 100
99 50 100
99 110 100
99 130 100
99 170 100
99 190 100
110 0 100
110 20 100
110 40 100
110 60 100
110 80 100
110 100 100
110 199 100
121 30 100
121 50 100
121 90 100
121 130 100
121 190 100
132 120 100
132 140 100
132 180 100
132 199 100
143 30 100
143 70 100
143 110 100
143 130 100
143 150 100
143 170 100
154 0 100
154 20 100
154 40 100
154 60 100
154 100 100
154 140 100
154 180 100
165 10 100
165 30 100
165 50 100
165 70 100
165 110 100
165 150 100
165 190 100
176 0 100
176 60 100
176 140 100
176 199 100
187 70 100
187 130 100
187 150 100
198 40 100
198 100 100
198 140 100
198 180 100
47 73 40
22 53 40
43 138 40
43 138 56
43 138 72
92 50 40
1 18 40
57 43 40
189 63 40
112 117 40
174 92 40
117 5 40
147 123 40
86 163 40
86 162 40
86 161 40
86 160 40
86 159 40
86 158 40
86 157 40
86 156 40
86 155 40
86 154 40
86 153 40
86 152 40
86 151 40
86 150 40
86 149 40
86 148 40
86 147 40
86 146 40
86 145 40
86 144 40
85 144 40
84 144 40
83 144 40
82 144 40
81 144 40
80 144 40
79 144 40
78 144 40
77 144 40
76 144 40
75 144 40
74 144 40
73 144 40
72 144 40
71 144 40
70 144 40
69 144 40
68 144 40
67 144 40
66 144 40
65 144 40
64 144 40
64 144 56
63 144 40
63 144 56
62 144 40
62 144 56
61 144 40
61 144 56
60 144 40
60 144 56
59 144 40
59 144 56
58 144 40
58 144 56
57 144 40
56 144 40
55 144 40
54 144 40
53 144 40
53 143 40
52 143 40
52 142 40
51 142 40
51 141 40
51 141 56
50 141 40
50 140 40
50 140 56
49 140 40
49 139 40
49 139 56
48 139 40
48 139 56
48 138 40
48 138 56
47 138 40
47 138 56
46 138 40
46 138 56
45 138 40
45 138 56
44 138 40
44 138 56
112 118 40
112 119 40
112 120 40
112 121 40
112 122 40
111 122 40
111 123 40
110 123 40
110 124 40
109 124 40
109 124 56
109 125 40
109 125 56
108 125 40
108 125 56
108 125 72
108 126 40
108 126 56
108 126 72
108 127 40
108 127 56
108 127 72
107 127 40
107 127 56
107 127 72
107 128 40
107 128 56
107 128 72
106 128 40
106 128 56
106 128 72
106 128 88
106 129 40
106 129 56
106 129 72
106 130 40
106 130 56
106 130 72
106 131 40
106 131 56
106 132 40
106 132 56
106 133 40
106 134 40
106 135 40
106 136 40
106 137 40
106 138 40
106 139 40
106 140 40
106 141 40
106 142 40
106 143 40
106 144 40
105 144 40
104 144 40
103 144 40
102 144 40
101 144 40
100 144 40
99 144 40
98 144 40
97 144 40
96 144 40
95 144 40
94 144 40
93 144 40
92 144 40
91 144 40
90 144 40
89 144 40
88 144 40
87 144 40
1 19 40
1 20 40
1 21 40
1 22 40
2 22 40
3 22 40
4 22 40
4 23 40
5 23 40
5 24 40
6 24 40
6 25 40
7 25 40
7 26 40
8 26 40
8 27 40
9 27 40
9 28 40
10 28 40
10 29 40
11 29 40
12 30 40
12 31 40
13 31 40
13 31 56
13 32 40
13 32 56
13 33 40
13 33 56
13 33 72
14 33 40
14 33 56
14 33 72
14 34 40
14 34 56
14 34 72
15 34 40
15 34 56
15 34 72
15 35 40
15 35 56
15 35 72
15 35 88
16 35 40
16 35 56
16 35 72
16 36 40
16 36 56
16 36 72
16 36 88
17 36 40
17 36 56
17 36 72
17 37 40
17 37 56
17 37 72
17 38 40
17 38 56
17 38 72
18 38 40
18 38 56
18 38 72
18 39 40
18 39 56
18 39 72
18 40 40
18 40 56
18 40 72
18 41 40
18 41 56
18 41 72
18 42 40
18 42 56
18 42 72
18 43 40
18 43 56
18 43 72
18 44 40
18 44 56
18 44 72
18 45 40
18 45 56
18 46 40
18 46 56
18 47 40
18 48 40
18 49 40
18 50 40
18 51 40
18 52 40
18 53 40
19 53 40
20 53 40
21 53 40
174 91 40
174 90 40
174 89 40
173 89 40
172 89 40
171 89 40
170 89 40
169 89 40
168 89 40
167 89 40
167 88 40
166 88 40
165 88 40
164 88 40
164 87 40
163 87 40
162 87 40
161 87 40
161 86 40
160 86 40
159 86 40
158 86 40
157 86 40
156 86 40
155 86 40
154 86 40
153 86 40
152 86 40
151 86 40
150 86 40
149 86 40
148 86 40
147 86 40
147 87 40
146 87 40
145 87 40
145 88 40
144 88 40
144 89 40
143 89 40
143 91 40
142 91 40
142 92 40
142 93 40
141 93 40
141 94 40
141 95 40
140 95 40
140 96 40
140 97 40
139 97 40
139 98 40
138 98 40
138 99 40
138 100 40
137 100 40
137 101 40
136 101 40
136 102 40
135 102 40
135 103 40
134 103 40
134 104 40
133 104 40
132 104 40
132 105 40
131 105 40
131 106 40
130 106 40
129 106 40
129 107 40
128 107 40
128 108 40
127 108 40
126 108 40
126 109 40
125 109 40
125 110 40
124 110 40
124 111 40
123 111 40
123 112 40
122 112 40
122 113 40
121 113 40
121 114 40
120 114 40
120 115 40
119 115 40
119 116 40
118 116 40
118 117 40
117 117 40
117 118 40
116 118 40
115 118 40
114 118 40
113 118 40
190 63 40
191 63 40
192 63 40
192 64 40
192 65 40
192 66 40
192 67 40
192 67 56
192 68 40
192 68 56
192 69 40
192 69 56
192 70 40
192 70 56
192 70 72
192 71 40
192 71 56
192 71 72
192 72 40
192 72 56
192 73 40
192 73 56
192 74 40
192 74 56
192 75 40
192 76 40
192 77 40
192 78 40
192 79 40
192 80 40
192 81 40
192 82 40
192 83 40
192 84 40
192 85 40
192 86 40
191 86 40
191 87 40
190 87 40
189 87 40
189 88 40
188 88 40
188 89 40
188 89 56
187 89 40
186 89 40
185 89 40
184 89 40
183 89 40
182 89 40
181 89 40
180 89 40
179 89 40
178 89 40
177 89 40
176 89 40
175 89 40
147 122 40
147 121 40
147 120 40
147 119 40
147 118 40
147 117 40
147 116 40
147 115 40
147 115 56
147 114 40
147 114 56
147 114 72
147 113 40
147 113 56
147 113 72
147 113 88
146 113 40
146 113 56
146 113 72
146 112 40
146 112 56
146 112 72
146 112 88
145 112 40
145 112 56
145 112 72
145 112 88
145 111 40
145 111 56
145 111 72
145 111 88
144 111 40
144 111 56
144 111 72
144 111 88
144 110 40
144 110 56
144 110 72
144 110 88
143 109 40
143 109 56
143 109 72
143 109 88
142 109 40
142 109 56
142 109 72
142 109 88
142 108 40
142 108 56
142 108 72
142 108 88
141 108 40
141 108 56
141 108 72
141 107 40
141 107 56
141 107 72
140 107 40
140 107 56
140 107 72
140 106 40
140 106 56
140 106 72
139 106 40
139 106 56
139 105 40
139 105 56
138 105 40
138 104 40
138 103 40
137 103 40
137 102 40
56 43 40
55 43 40
54 43 40
53 43 40
53 44 40
53 45 40
53 46 40
53 47 40
53 48 40
53 49 40
53 50 40
53 51 40
53 52 40
53 53 40
53 54 40
53 55 40
53 56 40
53 57 40
54 57 40
54 58 40
55 58 40
56 58 40
57 58 40
58 58 40
59 58 40
60 58 40
61 58 40
62 58 40
63 58 40
64 58 40
65 58 40
65 58 56
66 58 40
66 58 56
67 58 40
67 58 56
68 58 40
68 58 56
68 58 72
69 58 40
69 58 56
69 58 72
70 58 40
70 58 56
70 58 72
71 58 40
71 58 56
71 58 72
72 58 40
72 58 56
72 58 72
72 57 40
72 57 56
73 57 40
73 57 56
74 57 40
74 57 56
74 56 40
75 56 40
75 55 40
76 55 40
77 55 40
77 54 40
78 54 40
79 54 40
79 53 40
80 53 40
81 53 40
81 52 40
82 52 40
82 51 40
82 50 40
83 50 40
84 50 40
85 50 40
86 50 40
87 50 40
88 50 40
89 50 40
90 50 40
91 50 40
118 5 40
119 5 40
120 5 40
121 5 40
122 5 40
123 5 40
124 5 40
125 5 40
126 5 40
127 5 40
128 5 40
129 5 40
129 6 40
129 7 40
129 8 40
129 9 40
129 10 40
129 11 40
129 12 40
129 13 40
129 14 40
129 15 40
129 16 40
129 17 40
129 18 40
129 19 40
129 20 40
129 21 40
129 22 40
129 23 40
129 24 40
129 25 40
129 26 40
129 27 40
129 28 40
129 29 40
129 30 40
129 31 40
129 31 56
129 32 40
129 32 56
129 33 40
129 33 56
129 33 72
129 34 40
129 34 56
129 34 72
129 35 40
129 35 56
129 35 72
129 36 40
129 36 56
129 36 72
129 37 40
129 37 56
129 37 72
130 37 40
130 37 56
130 37 72
130 38 40
130 38 56
131 38 40
131 38 56
131 39 40
131 39 56
132 39 40
132 39 56
133 40 40
133 40 56
133 41 40
133 41 56
134 41 40
134 41 56
134 42 40
134 42 56
134 43 40
134 43 56
135 43 40
135 43 56
135 43 72
135 44 40
135 44 56
135 44 72
136 44 40
136 44 56
136 44 72
136 45 40
136 45 56
136 45 72
137 45 40
137 45 56
137 45 72
137 46 40
137 46 56
138 46 40
138 46 56
138 47 40
138 47 56
138 48 40
139 48 40
139 49 40
139 50 40
139 51 40
139 52 40
139 53 40
139 54 40
139 55 40
139 56 40
139 57 40
139 58 40
138 58 40
138 59 40
138 60 40
138 61 40
138 62 40
138 63 40
138 64 40
138 65 40
138 66 40
138 67 40
138 68 40
138 69 40
138 70 40
138 71 40
138 72 40
138 73 40
138 74 40
138 75 40
138 76 40
138 77 40
138 78 40
138 79 40
138 80 40
138 81 40
138 82 40
139 82 40
139 83 40
140 83 40
140 84 40
141 84 40
141 85 40
141 86 40
142 86 40
142 87 40
143 87 40
143 88 40
