0 0 100
0 20 100
0 40 100
0 60 100
0 80 100
0 100 100
0 120 100
0 140 100
0 160 100
0 180 100
0 199 100
11 10 100
11 30 100
11 50 100
11 70 100
11 90 100
11 110 100
11 130 100
11 150 100
11 170 100
11 190 100
22 0 100
22 20 100
22 40 100
22 60 100
22 80 100
22 100 100
22 120 100
22 140 100
22 160 100
22 180 100
22 199 100
33 10 100
33 30 100
33 50 100
33 70 100
33 90 100
33 110 100
33 130 100
33 150 100
33 170 100
33 190 100
44 0 100
44 20 100
44 40 100
44 60 100
44 80 100
44 100 100
44 120 100
44 140 100
44 160 100
44 180 100
44 199 100
55 10 100
55 30 100
55 50 100
55 70 100
55 90 100
55 110 100
55 130 100
55 150 100
55 170 100
55 190 100
66 0 100
66 20 100
66 40 100
66 60 100
66 80 100
66 100 100
66 120 100
66 140 100
66 160 100
66 180 100
66 199 100
77 10 100
77 30 100
77 50 100
77 70 100
77 90 100
77 110 100
77 130 100
77 150 100
77 170 100
77 190 100
88 0 100
88 20 100
88 40 100
88 60 100
88 80 100
88 100 100
88 120 100
88 140 100
88 160 100
88 180 100
88 199 100
99 10 100
99 30 100
99 50 100
99 70 100
99 90 100
99 110 100
99 130 100
99 150 100
99 170 100
99 190 100
110 0 100
110 20 100
110 40 100
110 60 100
110 80 100
110 100 100
110 120 100
110 140 100
110 160 100
110 180 100
110 199 100
121 10 100
121 30 100
121 50 100
121 70 100
121 90 100
121 110 100
121 130 100
121 150 100
121 170 100
121 190 100
132 0 100
132 20 100
132 40 100
132 60 100
132 80 100
132 100 100
132 120 100
132 140 100
132 160 100
132 180 100
132 199 100
143 10 100
143 30 100
143 50 100
143 70 100
143 90 100
143 110 100
143 130 100
143 150 100
143 170 100
143 190 100
154 0 100
154 20 100
154 40 100
154 60 100
154 80 100
154 100 100
154 120 100
154 140 100
154 160 100
154 180 100
154 199 100
165 10 100
165 30 100
165 50 100
165 70 100
165 90 100
165 110 100
165 130 100
165 150 100
165 170 100
165 190 100
176 0 100
176 20 100
176 40 100
176 60 100
176 80 100
176 100 100
176 120 100
176 140 100
176 160 100
176 180 100
176 199 100
187 10 100
187 30 100
187 50 100
187 70 100
187 90 100
187 110 100
187 130 100
187 150 100
187 170 100
187 190 100
198 0 100
198 20 100
198 40 100
198 60 100
198 80 100
198 100 100
198 120 100
198 140 100
198 160 100
198 180 100
198 199 100
0 20 100
0 40 100
0 60 100
0 80 100
0 100 100
0 120 100
0 140 100
0 160 100
0 180 100
0 199 100
11 10 100
11 30 100
11 50 100
11 70 100
11 110 100
11 130 100
11 150 100
11 170 100
22 0 100
22 20 100
22 40 100
22 60 100
22 80 100
22 140 100
22 160 100
33 10 100
33 30 100
33 50 100
33 70 100
33 130 100
33 150 100
33 170 100
44 20 100
44 40 100
44 60 100
44 120 100
44 140 100
44 160 100
44 180 100
55 30 100
55 110 100
55 130 100
55 150 100
55 170 100
55 190 100
66 100 100
66 120 100
66 140 100
66 160 100
66 180 100
77 110 100
77 130 100
77 150 100
77 170 100
88 0 100
88 60 100
88 80 100
88 100 100
88 120 100
88 140 100
88 160 100
99 10 100
99 50 100
99 70 100
99 90 100
99 130 100
99 150 100
99 170 100
110 0 100
110 20 100
110 40 100
110 60 100
110 80 100
110 100 100
110 120 100
110 140 100
110 160 100
110 180 100
121 10 100
121 30 100
121 50 100
121 70 100
121 90 100
121 110 100
121 130 100
121 150 100
121 170 100
121 190 100
132 0 100
132 20 100
132 40 100
132 60 100
132 80 100
132 100 100
132 120 100
132 140 100
132 160 100
132 180 100
132 199 100
143 10 100
143 30 100
143 50 100
143 70 100
143 90 100
143 110 100
143 130 100
143 150 100
143 190 100
154 0 100
154 20 100
154 40 100
154 60 100
154 80 100
154 120 100
154 140 100
154 160 100
154 180 100
154 199 100
165 10 100
165 30 100
165 70 100
165 90 100
165 130 100
165 150 100
165 170 100
165 190 100
176 120 100
176 140 100
176 160 100
176 180 100
176 199 100
187 110 100
187 130 100
187 150 100
187 190 100
198 20 100
198 80 100
198 100 100
198 120 100
198 140 100
198 180 100
198 199 100
23 196 40
197 80 40
197 80 104
57 75 40
196 17 40
196 17 104
110 94 40
110 94 104
110 94 168
110 94 232
75 189 40
74 47 40
10 129 40
10 129 104
10 129 168
33 92 40
171 39 40
34 92 40
35 92 40
36 92 40
37 92 40
38 92 40
39 92 40
40 92 40
41 92 40
42 92 40
43 92 40
44 92 40
45 92 40
46 92 40
47 92 40
48 92 40
48 91 40
48 90 40
49 90 40
50 90 40
51 90 40
51 89 40
51 88 40
52 88 40
53 88 40
53 87 40
53 86 40
54 86 40
54 85 40
54 84 40
54 83 40
55 83 40
56 83 40
56 82 40
57 82 40
57 81 40
57 80 40
57 79 40
57 78 40
57 77 40
57 76 40
74 48 40
74 49 40
74 50 40
74 51 40
73 51 40
73 52 40
72 52 40
72 53 40
71 53 40
71 54 40
71 55 40
71 56 40
70 56 40
70 57 40
70 58 40
69 58 40
69 59 40
69 60 40
69 61 40
69 62 40
69 63 40
69 64 40
69 65 40
69 66 40
69 67 40
68 67 40
68 68 40
68 69 40
68 70 40
68 71 40
68 72 40
68 73 40
67 73 40
66 73 40
65 73 40
65 74 40
65 75 40
64 75 40
63 75 40
62 75 40
61 75 40
60 75 40
59 75 40
58 75 40
172 39 40
173 39 40
174 39 40
175 39 40
176 39 40
177 39 40
178 39 40
179 39 40
180 39 40
181 39 40
182 39 40
183 39 40
184 39 40
185 39 40
185 40 40
185 41 40
185 42 40
185 43 40
185 44 40
185 45 40
185 46 40
185 47 40
185 48 40
185 49 40
185 50 40
185 51 40
185 52 40
185 53 40
185 54 40
185 55 40
185 56 40
186 56 40
186 57 40
186 58 40
187 58 40
187 59 40
187 60 40
187 61 40
187 62 40
187 63 40
187 64 40
187 65 40
187 66 40
187 67 40
187 68 40
187 69 40
187 71 40
187 72 40
187 73 40
187 74 40
187 75 40
187 75 104
187 76 40
187 76 104
187 77 40
187 77 104
187 78 40
187 78 104
187 79 40
187 79 104
187 80 40
187 80 104
188 80 40
188 80 104
189 80 40
189 80 104
190 80 40
190 80 104
191 80 40
191 80 104
192 80 40
192 80 104
193 80 40
193 80 104
194 80 40
194 80 104
195 80 40
195 80 104
196 80 40
196 80 104
195 17 40
195 17 104
194 17 40
194 17 104
193 17 40
193 17 104
192 17 40
192 17 104
191 17 40
191 17 104
190 17 40
190 17 104
189 17 40
188 17 40
187 17 40
186 17 40
185 17 40
185 18 40
185 19 40
185 20 40
185 21 40
185 22 40
185 23 40
185 24 40
185 25 40
185 26 40
185 27 40
185 28 40
185 29 40
185 30 40
185 31 40
185 32 40
185 33 40
185 34 40
185 35 40
185 36 40
185 37 40
185 38 40
10 128 40
10 128 104
10 128 168
10 127 40
10 127 104
10 127 168
10 126 40
10 126 104
10 126 168
10 125 40
10 125 104
10 125 168
10 124 40
10 124 104
10 124 168
10 123 40
10 123 104
10 123 168
10 122 40
10 122 104
10 122 168
10 121 40
10 121 104
10 121 168
10 120 40
10 120 104
10 120 168
10 119 40
10 119 104
10 119 168
10 118 40
10 118 104
10 117 40
10 117 104
11 117 40
11 117 104
11 117 168
12 117 40
12 117 104
12 117 168
13 117 40
13 117 104
13 117 168
14 117 40
14 117 104
14 117 168
15 117 40
15 117 104
16 117 40
16 117 104
17 117 40
17 117 104
18 117 40
18 117 104
19 117 40
19 117 104
20 117 40
20 117 104
21 117 40
21 117 104
22 117 40
22 117 104
23 117 40
23 117 104
24 117 40
24 117 104
25 117 40
25 117 104
26 117 40
26 117 104
26 116 40
26 116 104
27 116 40
27 116 104
27 115 40
27 115 104
28 115 40
28 115 104
28 114 40
28 114 104
29 114 40
29 114 104
29 113 40
29 113 104
29 112 40
29 112 104
30 112 40
30 112 104
30 111 40
30 111 104
31 111 40
31 111 104
31 110 40
31 110 104
31 109 40
31 109 104
32 109 40
32 109 104
32 108 40
32 108 104
32 107 40
32 107 104
33 107 40
33 107 104
33 106 40
33 105 40
33 104 40
33 103 40
33 102 40
33 101 40
33 100 40
33 99 40
33 98 40
33 97 40
33 96 40
33 95 40
33 94 40
33 93 40
75 190 40
75 191 40
75 192 40
75 193 40
75 194 40
75 195 40
75 196 40
75 197 40
75 198 40
75 199 40
74 199 40
73 199 40
72 199 40
71 199 40
70 199 40
69 199 40
68 199 40
67 199 40
65 199 40
64 199 40
63 199 40
62 199 40
61 199 40
60 199 40
59 199 40
58 199 40
57 199 40
56 199 40
55 199 40
54 199 40
53 199 40
52 199 40
51 199 40
50 199 40
49 199 40
48 199 40
47 199 40
46 199 40
45 199 40
43 199 40
42 199 40
41 199 40
40 199 40
39 199 40
38 199 40
37 199 40
36 199 40
35 199 40
34 199 40
33 199 40
32 199 40
31 199 40
30 199 40
29 199 40
28 199 40
28 198 40
27 198 40
26 198 40
26 197 40
26 196 40
25 196 40
24 196 40
109 94 40
109 94 104
109 94 168
108 94 40
108 94 104
108 94 168
107 94 40
107 94 104
107 94 168
106 94 40
106 94 104
105 94 40
105 94 104
104 94 40
104 94 104
103 94 40
103 94 104
102 94 40
102 94 104
101 94 40
101 94 104
101 94 168
100 94 40
100 94 104
100 94 168
99 94 40
99 94 104
99 94 168
98 94 40
98 94 104
98 94 168
97 94 40
97 94 104
97 94 168
97 94 232
96 94 40
96 94 104
96 94 168
96 94 232
95 94 40
95 94 104
95 94 168
95 94 232
94 94 40
94 94 104
94 94 168
93 94 40
93 94 104
93 94 168
92 94 40
92 94 104
92 94 168
91 94 40
91 94 104
91 94 168
90 94 40
90 94 104
90 94 168
89 94 40
89 94 104
89 94 168
88 94 40
88 94 104
88 94 168
87 94 40
87 94 104
87 94 168
86 94 40
86 94 104
86 94 168
85 94 40
85 94 104
85 94 168
84 94 40
84 94 104
84 94 168
83 94 40
83 94 104
83 94 168
82 94 40
82 94 104
82 94 168
81 94 40
81 94 104
81 94 168
81 93 40
81 93 104
80 93 40
80 93 104
80 92 40
80 92 104
79 92 40
79 92 104
79 91 40
79 91 104
78 91 40
78 91 104
78 90 40
78 90 104
77 89 40
77 89 104
76 89 40
76 89 104
76 88 40
76 88 104
75 88 40
75 88 104
75 87 40
75 87 104
74 87 40
74 87 104
74 86 40
74 86 104
73 86 40
73 86 104
73 85 40
73 85 104
72 85 40
72 85 104
72 84 40
72 84 104
72 83 40
72 83 104
71 83 40
71 83 104
71 82 40
71 82 104
70 82 40
70 82 104
70 81 40
70 81 104
70 80 40
70 80 104
69 80 40
69 79 40
68 79 40
68 78 40
68 77 40
68 76 40
68 75 40
68 74 40
