0 0 100
0 20 100
0 40 100
0 60 100
0 80 100
0 100 100
0 120 100
0 140 100
0 160 100
0 180 100
0 199 100
11 10 100
11 30 100
11 50 100
11 70 100
11 90 100
11 110 100
11 130 100
11 150 100
11 170 100
11 190 100
22 0 100
22 20 100
22 40 100
22 60 100
22 80 100
22 100 100
22 120 100
22 140 100
22 160 100
22 180 100
22 199 100
33 10 100
33 30 100
33 50 100
33 70 100
33 90 100
33 110 100
33 130 100
33 150 100
33 170 100
33 190 100
44 0 100
44 20 100
44 40 100
44 60 100
44 80 100
44 100 100
44 120 100
44 140 100
44 160 100
44 180 100
44 199 100
55 10 100
55 30 100
55 50 100
55 70 100
55 90 100
55 110 100
55 130 100
55 150 100
55 170 100
55 190 100
66 0 100
66 20 100
66 40 100
66 60 100
66 80 100
66 100 100
66 120 100
66 140 100
66 160 100
66 180 100
66 199 100
77 10 100
77 30 100
77 50 100
77 70 100
77 90 100
77 110 100
77 130 100
77 150 100
77 170 100
77 190 100
88 0 100
88 20 100
88 40 100
88 60 100
88 80 100
88 100 100
88 120 100
88 140 100
88 160 100
88 180 100
88 199 100
99 10 100
99 30 100
99 50 100
99 70 100
99 90 100
99 110 100
99 130 100
99 150 100
99 170 100
99 190 100
110 0 100
110 20 100
110 40 100
110 60 100
110 80 100
110 100 100
110 120 100
110 140 100
110 160 100
110 180 100
110 199 100
121 10 100
121 30 100
121 50 100
121 70 100
121 90 100
121 110 100
121 130 100
121 150 100
121 170 100
121 190 100
132 0 100
132 20 100
132 40 100
132 60 100
132 80 100
132 100 100
132 120 100
132 140 100
132 160 100
132 180 100
132 199 100
143 10 100
143 30 100
143 50 100
143 70 100
143 90 100
143 110 100
143 130 100
143 150 100
143 170 100
143 190 100
154 0 100
154 20 100
154 40 100
154 60 100
154 80 100
154 100 100
154 120 100
154 140 100
154 160 100
154 180 100
154 199 100
165 10 100
165 30 100
165 50 100
165 70 100
165 90 100
165 110 100
165 130 100
165 150 100
165 170 100
165 190 100
176 0 100
176 20 100
176 40 100
176 60 100
176 80 100
176 100 100
176 120 100
176 140 100
176 160 100
176 180 100
176 199 100
187 10 100
187 30 100
187 50 100
187 70 100
187 90 100
187 110 100
187 130 100
187 150 100
187 170 100
187 190 100
198 0 100
198 20 100
198 40 100
198 60 100
198 80 100
198 100 100
198 120 100
198 140 100
198 160 100
198 180 100
198 199 100
0 20 100
0 40 100
0 80 100
0 140 100
0 160 100
0 180 100
0 199 100
11 10 100
11 30 100
11 90 100
11 170 100
11 190 100
22 0 100
22 20 100
22 40 100
22 80 100
22 160 100
22 180 100
22 199 100
33 10 100
33 70 100
33 90 100
33 130 100
33 150 100
33 190 100
44 0 100
44 20 100
44 40 100
44 60 100
44 80 100
44 160 100
44 199 100
55 50 100
55 70 100
55 90 100
55 130 100
55 150 100
55 170 100
66 0 100
66 20 100
66 60 100
66 120 100
66 140 100
66 160 100
66 180 100
66 199 100
77 30 100
77 50 100
77 70 100
77 90 100
77 130 100
77 170 100
88 0 100
88 20 100
88 60 100
88 100 100
88 140 100
88 160 100
99 10 100
99 130 100
110 0 100
110 60 100
110 80 100
110 100 100
110 140 100
110 160 100
110 180 100
121 10 100
121 30 100
121 70 100
121 90 100
121 110 100
121 130 100
121 170 100
121 190 100
132 0 100
132 20 100
132 40 100
132 80 100
132 100 100
132 120 100
132 160 100
132 180 100
132 199 100
143 30 100
143 50 100
143 70 100
143 110 100
143 150 100
143 170 100
154 20 100
154 40 100
154 60 100
154 120 100
154 140 100
154 160 100
154 199 100
165 10 100
165 70 100
165 90 100
165 150 100
165 190 100
176 40 100
176 60 100
176 80 100
176 100 100
176 120 100
176 180 100
176 199 100
187 10 100
187 70 100
187 90 100
187 130 100
187 150 100
187 170 100
198 0 100
198 20 100
198 100 100
133 63 40
29 177 40
25 32 40
25 32 44
29 176 40
29 175 40
29 174 40
29 173 40
29 172 40
29 171 40
29 170 40
29 169 40
29 168 40
29 167 40
29 167 44
29 166 40
29 166 44
29 165 40
29 165 44
29 165 48
29 164 40
29 164 44
29 164 48
29 164 52
28 164 40
28 164 44
28 164 48
28 164 52
28 163 40
28 163 44
28 163 48
28 163 52
28 163 56
28 162 40
28 162 44
28 162 48
28 162 52
28 162 56
28 162 60
28 162 64
28 161 40
28 161 44
28 161 48
28 161 52
28 161 56
28 161 60
28 161 64
28 161 68
28 160 40
28 160 44
28 160 48
28 160 52
28 160 56
28 160 60
28 160 64
28 160 68
28 160 72
28 160 76
28 159 40
28 159 44
28 159 48
28 159 52
28 159 56
28 159 60
28 159 64
28 159 68
28 159 72
28 159 76
28 159 80
28 158 40
28 158 44
28 158 48
28 158 52
28 158 56
28 158 60
28 158 64
28 158 68
28 158 72
28 158 76
28 158 80
28 157 40
28 157 44
28 157 48
28 157 52
28 157 56
28 157 60
28 157 64
28 157 68
28 157 72
28 157 76
28 157 80
28 156 40
28 156 44
28 156 48
28 156 52
28 156 56
28 156 60
28 156 64
28 156 68
28 156 72
28 156 76
28 155 40
28 155 44
28 155 48
28 155 52
28 155 56
28 155 60
28 155 64
28 155 68
28 155 72
28 154 40
28 154 44
28 154 48
28 154 52
28 154 56
28 154 60
28 154 64
28 153 40
28 153 44
28 153 48
28 153 52
28 153 56
28 153 60
28 152 40
28 152 44
28 152 48
28 152 52
27 152 40
27 152 44
27 152 48
27 152 52
27 151 40
27 151 44
27 151 48
26 151 40
26 151 44
26 150 40
26 150 44
25 150 40
24 150 40
24 149 40
23 149 40
22 149 40
22 148 40
21 148 40
20 148 40
20 147 40
19 147 40
18 147 40
18 146 40
18 145 40
18 144 40
18 143 40
18 142 40
18 141 40
18 140 40
18 139 40
18 138 40
18 137 40
18 136 40
18 135 40
18 135 44
18 134 40
18 134 44
18 133 40
18 132 40
18 131 40
18 130 40
18 129 40
18 128 40
18 127 40
18 126 40
18 125 40
18 124 40
18 123 40
18 122 40
18 121 40
18 120 40
18 119 40
18 118 40
18 117 40
19 117 40
20 117 40
21 117 40
21 116 40
22 116 40
22 115 40
22 114 40
23 114 40
24 114 40
25 114 40
25 113 40
26 113 40
27 113 40
28 113 40
29 113 40
29 112 40
30 112 40
31 112 40
32 112 40
33 112 40
34 112 40
35 112 40
35 111 40
36 111 40
37 111 40
38 111 40
39 111 40
40 111 40
41 111 40
42 111 40
43 111 40
44 111 40
45 111 40
46 111 40
47 111 40
48 111 40
49 111 40
50 111 40
51 111 40
52 111 40
53 111 40
54 111 40
55 111 40
56 111 40
56 110 40
57 110 40
58 110 40
58 109 40
59 109 40
60 109 40
60 108 40
61 108 40
61 107 40
62 107 40
63 107 40
63 106 40
64 106 40
64 105 40
65 105 40
66 105 40
66 104 40
67 104 40
68 104 40
68 103 40
69 103 40
70 103 40
70 102 40
71 102 40
71 101 40
71 100 40
72 100 40
72 99 40
72 98 40
73 98 40
73 97 40
73 97 44
74 97 40
74 97 44
74 96 40
74 96 44
74 95 40
74 95 44
74 94 40
74 94 44
74 93 40
74 93 44
74 92 40
74 92 44
74 91 40
74 91 44
74 90 40
74 90 44
74 89 40
74 89 44
74 88 40
74 88 44
74 87 40
74 87 44
74 86 40
74 86 44
74 85 40
74 85 44
74 85 48
74 84 40
74 84 44
74 84 48
74 83 40
74 83 44
74 83 48
74 82 40
74 82 44
74 82 48
75 82 40
75 82 44
75 82 48
76 82 40
76 82 44
76 82 48
77 82 40
77 82 44
77 82 48
78 82 40
78 82 44
79 82 40
79 82 44
80 82 40
80 82 44
81 82 40
82 82 40
83 82 40
84 82 40
85 82 40
86 82 40
87 82 40
88 82 40
89 82 40
90 82 40
91 82 40
91 81 40
92 81 40
93 81 40
94 81 40
95 81 40
95 80 40
96 80 40
97 80 40
97 79 40
98 79 40
99 79 40
100 79 40
101 79 40
102 79 40
103 79 40
104 79 40
105 79 40
106 79 40
107 79 40
108 79 40
108 79 44
109 79 40
109 79 44
110 79 40
110 79 44
110 79 48
111 79 40
111 79 44
111 79 48
111 79 52
112 79 40
112 79 44
112 79 48
112 79 52
112 79 56
113 79 40
113 79 44
113 79 48
113 79 52
113 79 56
113 79 60
114 79 40
114 79 44
114 79 48
114 79 52
114 79 56
114 79 60
114 79 64
114 78 40
114 78 44
114 78 48
114 78 52
114 78 56
114 78 60
114 78 64
115 78 40
115 78 44
115 78 48
115 78 52
115 78 56
115 78 60
115 78 64
115 78 68
116 78 40
116 78 44
116 78 48
116 78 52
116 78 56
116 78 60
116 78 64
116 78 68
116 77 40
116 77 44
116 77 48
116 77 52
116 77 56
116 77 60
116 77 64
116 77 68
117 77 40
117 77 44
117 77 48
117 77 52
117 77 56
117 77 60
117 77 64
117 77 68
117 76 40
117 76 44
117 76 48
117 76 52
117 76 56
117 76 60
117 76 64
118 76 40
118 76 44
118 76 48
118 76 52
118 76 56
118 76 60
118 76 64
119 76 40
119 76 44
119 76 48
119 76 52
119 76 56
119 76 60
119 76 64
119 75 40
119 75 44
119 75 48
119 75 52
119 75 56
119 75 60
120 75 40
120 75 44
120 75 48
120 75 52
120 75 56
120 75 60
120 74 40
120 74 44
120 74 48
120 74 52
120 74 56
121 74 40
121 74 44
121 74 48
121 74 52
121 73 40
121 73 44
121 73 48
121 73 52
122 73 40
122 73 44
122 73 48
122 72 40
122 72 44
122 72 48
123 72 40
123 72 44
123 71 40
123 71 44
124 71 40
124 71 44
124 70 40
125 70 40
125 69 40
126 69 40
126 68 40
127 68 40
127 67 40
128 67 40
128 66 40
128 65 40
129 65 40
129 64 40
130 64 40
130 63 40
131 63 40
132 63 40
26 32 40
27 32 40
28 32 40
29 32 40
30 32 40
31 32 40
32 32 40
33 32 40
34 32 40
34 32 44
35 32 40
35 32 44
36 32 40
36 32 44
36 32 48
37 32 40
37 32 44
37 32 48
37 32 52
38 32 40
38 32 44
38 32 48
38 32 52
38 32 56
39 32 40
39 32 44
39 32 48
39 32 52
39 32 56
39 32 60
40 32 40
40 32 44
40 32 48
40 32 52
40 32 56
40 32 60
40 32 64
41 32 40
41 32 44
41 32 48
41 32 52
41 32 56
41 32 60
41 32 64
41 32 68
42 32 40
42 32 44
42 32 48
42 32 52
42 32 56
42 32 60
42 32 64
42 32 68
42 32 72
43 32 40
43 32 44
43 32 48
43 32 52
43 32 56
43 32 60
43 32 64
43 32 68
43 32 72
44 32 40
44 32 44
44 32 48
44 32 52
44 32 56
44 32 60
44 32 64
44 32 68
45 32 40
45 32 44
45 32 48
45 32 52
45 32 56
45 32 60
45 32 64
45 32 68
46 32 40
46 32 44
46 32 48
46 32 52
46 32 56
46 32 60
46 32 64
47 32 40
47 32 44
47 32 48
47 32 52
47 32 56
47 32 60
48 32 40
48 32 44
48 32 48
48 32 52
49 32 40
49 32 44
49 32 48
50 32 40
50 32 44
50 32 48
51 32 40
51 32 44
52 32 40
52 32 44
53 32 40
54 32 40
55 32 40
56 32 40
57 32 40
58 32 40
58 33 40
59 33 40
59 34 40
60 34 40
60 35 40
61 35 40
61 36 40
62 36 40
62 37 40
63 37 40
63 37 44
63 38 40
63 38 44
64 38 40
64 38 44
64 39 40
64 39 44
65 39 40
65 39 44
65 40 40
65 40 44
66 41 40
66 41 44
67 41 40
67 41 44
67 41 48
67 42 40
67 42 44
67 42 48
68 42 40
68 42 44
68 42 48
68 42 52
69 42 40
69 42 44
69 42 48
69 42 52
70 42 40
70 42 44
70 42 48
70 42 52
70 42 56
71 42 40
71 42 44
71 42 48
71 42 52
71 42 56
71 42 60
72 42 40
72 42 44
72 42 48
72 42 52
72 42 56
72 42 60
72 42 64
73 42 40
73 42 44
73 42 48
73 42 52
73 42 56
73 42 60
73 42 64
74 42 40
74 42 44
74 42 48
74 42 52
74 42 56
74 42 60
74 42 64
75 42 40
75 42 44
75 42 48
75 42 52
75 42 56
75 42 60
76 42 40
76 42 44
76 42 48
76 42 52
76 42 56
77 42 40
77 42 44
77 42 48
77 42 52
78 42 40
78 42 44
78 42 48
79 42 40
79 42 44
80 42 40
80 42 44
81 42 40
82 42 40
83 42 40
84 42 40
85 42 40
86 42 40
87 42 40
88 42 40
89 42 40
90 42 40
91 42 40
92 42 40
93 42 40
94 42 40
95 42 40
96 42 40
97 42 40
98 42 40
99 42 40
100 42 40
101 42 40
102 42 40
102 43 40
103 43 40
103 44 40
104 44 40
104 44 44
104 45 40
104 45 44
105 45 40
105 45 44
105 45 48
106 45 40
106 45 44
106 45 48
106 45 52
107 45 40
107 45 44
107 45 48
107 45 52
107 45 56
107 45 60
108 45 40
108 45 44
108 45 48
108 45 52
108 45 56
108 45 60
108 45 64
109 45 40
109 45 44
109 45 48
109 45 52
109 45 56
109 45 60
109 45 64
109 45 68
110 45 40
110 45 44
110 45 48
110 45 52
110 45 56
110 45 60
110 45 64
110 45 68
110 45 72
111 45 40
111 45 44
111 45 48
111 45 52
111 45 56
111 45 60
111 45 64
111 45 68
111 45 72
112 45 40
112 45 44
112 45 48
112 45 52
112 45 56
112 45 60
112 45 64
112 45 68
112 45 72
113 45 40
113 45 44
113 45 48
113 45 52
113 45 56
113 45 60
113 45 64
113 45 68
114 45 40
114 45 44
114 45 48
114 45 52
114 45 56
114 45 60
114 45 64
114 46 40
114 46 44
114 46 48
114 46 52
114 46 56
114 46 60
114 46 64
114 46 68
115 46 40
115 46 44
115 46 48
115 46 52
115 46 56
115 46 60
115 46 64
116 46 40
116 46 44
116 46 48
116 46 52
116 46 56
116 47 40
116 47 44
116 47 48
116 47 52
116 47 56
116 47 60
117 47 40
117 47 44
117 47 48
117 47 52
118 47 40
118 47 44
118 47 48
118 48 40
118 48 44
118 48 48
119 48 40
119 48 44
119 49 40
119 49 44
120 49 40
120 49 44
120 50 40
120 50 44
121 51 40
122 51 40
122 52 40
123 52 40
123 53 40
124 53 40
124 54 40
125 54 40
125 55 40
126 55 40
126 56 40
127 56 40
127 57 40
128 57 40
128 58 40
128 59 40
129 59 40
129 60 40
129 61 40
130 61 40
130 62 40
