0 0 100
0 20 100
0 40 100
0 60 100
0 80 100
0 100 100
0 120 100
0 140 100
0 160 100
0 180 100
0 199 100
11 10 100
11 30 100
11 50 100
11 70 100
11 90 100
11 110 100
11 130 100
11 150 100
11 170 100
11 190 100
22 0 100
22 20 100
22 40 100
22 60 100
22 80 100
22 100 100
22 120 100
22 140 100
22 160 100
22 180 100
22 199 100
33 10 100
33 30 100
33 50 100
33 70 100
33 90 100
33 110 100
33 130 100
33 150 100
33 170 100
33 190 100
44 0 100
44 20 100
44 40 100
44 60 100
44 80 100
44 100 100
44 120 100
44 140 100
44 160 100
44 180 100
44 199 100
55 10 100
55 30 100
55 50 100
55 70 100
55 90 100
55 110 100
55 130 100
55 150 100
55 170 100
55 190 100
66 0 100
66 20 100
66 40 100
66 60 100
66 80 100
66 100 100
66 120 100
66 140 100
66 160 100
66 180 100
66 199 100
77 10 100
77 30 100
77 50 100
77 70 100
77 90 100
77 110 100
77 130 100
77 150 100
77 170 100
77 190 100
88 0 100
88 20 100
88 40 100
88 60 100
88 80 100
88 100 100
88 120 100
88 140 100
88 160 100
88 180 100
88 199 100
99 10 100
99 30 100
99 50 100
99 70 100
99 90 100
99 110 100
99 130 100
99 150 100
99 170 100
99 190 100
110 0 100
110 20 100
110 40 100
110 60 100
110 80 100
110 100 100
110 120 100
110 140 100
110 160 100
110 180 100
110 199 100
121 10 100
121 30 100
121 50 100
121 70 100
121 90 100
121 110 100
121 130 100
121 150 100
121 170 100
121 190 100
132 0 100
132 20 100
132 40 100
132 60 100
132 80 100
132 100 100
132 120 100
132 140 100
132 160 100
132 180 100
132 199 100
143 10 100
143 30 100
143 50 100
143 70 100
143 90 100
143 110 100
143 130 100
143 150 100
143 170 100
143 190 100
154 0 100
154 20 100
154 40 100
154 60 100
154 80 100
154 100 100
154 120 100
154 140 100
154 160 100
154 180 100
154 199 100
165 10 100
165 30 100
165 50 100
165 70 100
165 90 100
165 110 100
165 130 100
165 150 100
165 170 100
165 190 100
176 0 100
176 20 100
176 40 100
176 60 100
176 80 100
176 100 100
176 120 100
176 140 100
176 160 100
176 180 100
176 199 100
187 10 100
187 30 100
187 50 100
187 70 100
187 90 100
187 110 100
187 130 100
187 150 100
187 170 100
187 190 100
198 0 100
198 20 100
198 40 100
198 60 100
198 80 100
198 100 100
198 120 100
198 140 100
198 160 100
198 180 100
198 199 100
0 20 100
0 40 100
0 60 100
0 120 100
0 140 100
0 199 100
11 10 100
11 30 100
11 50 100
11 70 100
11 130 100
11 150 100
11 190 100
22 0 100
22 20 100
22 40 100
22 60 100
22 80 100
22 100 100
22 120 100
22 140 100
22 180 100
22 199 100
33 10 100
33 30 100
33 70 100
33 90 100
33 110 100
33 130 100
33 170 100
44 0 100
44 20 100
44 80 100
44 100 100
44 140 100
44 160 100
44 180 100
44 199 100
55 70 100
55 90 100
55 130 100
55 150 100
55 170 100
55 190 100
66 80 100
66 100 100
66 160 100
66 180 100
66 199 100
77 30 100
77 50 100
77 70 100
77 90 100
77 110 100
77 150 100
77 170 100
77 190 100
88 20 100
88 40 100
88 80 100
88 100 100
88 140 100
88 160 100
88 199 100
99 10 100
99 30 100
99 90 100
99 110 100
99 150 100
99 170 100
99 190 100
110 0 100
110 20 100
110 80 100
110 100 100
110 120 100
110 160 100
110 180 100
110 199 100
121 10 100
121 30 100
121 70 100
121 110 100
121 130 100
121 150 100
121 170 100
132 0 100
132 60 100
132 80 100
132 140 100
132 160 100
132 180 100
143 50 100
143 90 100
143 110 100
143 150 100
143 170 100
143 190 100
154 40 100
154 60 100
154 100 100
154 160 100
154 180 100
154 199 100
165 30 100
165 50 100
165 70 100
165 90 100
165 150 100
165 190 100
176 0 100
176 20 100
176 40 100
176 60 100
176 140 100
176 160 100
176 199 100
187 50 100
187 130 100
187 150 100
187 170 100
187 190 100
198 0 100
198 40 100
198 60 100
198 120 100
198 140 100
198 160 100
198 180 100
174 109 40
79 132 40
158 5 40
84 47 40
84 47 42
84 47 44
84 47 46
84 47 48
84 47 50
84 47 52
84 47 54
143 132 40
34 41 40
95 161 40
95 161 42
95 161 44
95 161 46
95 161 48
95 161 50
95 161 52
95 161 54
95 161 56
95 161 58
95 161 60
95 161 62
95 161 64
95 161 66
95 161 68
95 161 70
95 161 72
95 161 74
95 161 76
10 172 40
197 93 40
168 178 40
10 91 40
196 93 40
195 93 40
194 93 40
193 93 40
192 93 40
191 93 40
190 93 40
189 93 40
188 93 40
187 93 40
187 94 40
187 95 40
186 95 40
186 96 40
186 97 40
186 98 40
186 99 40
186 100 40
186 101 40
185 101 40
184 101 40
184 102 40
183 102 40
183 103 40
182 103 40
182 104 40
181 104 40
181 105 40
180 105 40
180 106 40
179 106 40
179 107 40
179 108 40
178 108 40
178 109 40
177 109 40
176 109 40
175 109 40
144 132 40
145 132 40
146 132 40
147 132 40
148 132 40
149 132 40
150 132 40
151 132 40
152 132 40
153 132 40
154 132 40
155 132 40
156 132 40
156 131 40
157 131 40
157 130 40
158 130 40
158 129 40
159 129 40
160 129 40
161 129 40
162 129 40
162 128 40
163 128 40
163 127 40
163 126 40
163 125 40
164 125 40
165 125 40
166 125 40
166 124 40
166 123 40
167 123 40
168 123 40
169 123 40
169 122 40
169 121 40
170 121 40
170 120 40
171 120 40
171 119 40
172 119 40
172 118 40
172 117 40
172 116 40
173 116 40
173 115 40
174 115 40
174 114 40
174 113 40
174 112 40
174 111 40
174 110 40
157 5 40
156 5 40
155 5 40
155 6 40
155 7 40
155 8 40
155 9 40
155 10 40
155 11 40
155 12 40
155 13 40
155 14 40
155 15 40
154 15 40
153 15 40
153 16 40
153 17 40
152 17 40
152 18 40
151 18 40
151 19 40
150 19 40
150 20 40
149 20 40
148 20 40
148 21 40
147 21 40
147 22 40
146 22 40
145 22 40
145 23 40
145 24 40
144 24 40
143 24 40
143 25 40
143 26 40
143 27 40
142 27 40
142 28 40
142 29 40
141 29 40
141 30 40
141 31 40
140 31 40
140 32 40
140 33 40
140 34 40
140 35 40
140 36 40
140 37 40
140 38 40
140 39 40
140 40 40
140 41 40
140 42 40
140 43 40
140 44 40
140 45 40
140 46 40
140 47 40
141 47 40
141 47 42
141 48 40
141 48 42
142 48 40
142 48 42
142 49 40
142 49 42
142 49 44
143 49 40
143 49 42
143 49 44
144 50 40
144 50 42
144 50 44
144 50 46
144 50 48
144 51 40
144 51 42
144 51 44
144 51 46
145 51 40
145 51 42
145 51 44
145 51 46
145 51 48
145 51 50
145 52 40
145 52 42
145 52 44
145 52 46
145 52 48
145 53 40
145 53 42
145 53 44
145 53 46
145 53 48
145 54 40
145 54 42
145 54 44
145 54 46
145 54 48
145 55 40
145 55 42
145 55 44
145 55 46
145 55 48
145 56 40
145 56 42
145 56 44
145 56 46
145 56 48
145 57 40
145 57 42
145 57 44
145 57 46
145 57 48
145 58 40
145 58 42
145 58 44
145 58 46
145 58 48
145 59 40
145 59 42
145 59 44
145 59 46
145 59 48
145 60 40
145 60 42
145 60 44
145 60 46
145 60 48
145 61 40
145 61 42
145 61 44
145 61 46
145 61 48
145 62 40
145 62 42
145 62 44
145 62 46
145 62 48
145 63 40
145 63 42
145 63 44
145 63 46
145 63 48
145 64 40
145 64 42
145 64 44
145 64 46
145 64 48
145 65 40
145 65 42
145 65 44
145 65 46
145 66 40
145 66 42
145 66 44
145 66 46
145 67 40
145 67 42
145 67 44
145 68 40
145 68 42
145 69 40
145 69 42
145 70 40
145 70 42
145 71 40
145 71 42
145 72 40
146 72 40
146 73 40
147 73 40
147 74 40
148 74 40
148 75 40
149 75 40
149 76 40
150 76 40
151 76 40
151 77 40
152 77 40
153 77 40
153 77 42
153 78 40
153 78 42
154 78 40
154 78 42
155 78 40
155 78 42
155 79 40
155 79 42
156 79 40
156 79 42
156 79 44
157 79 40
157 79 42
157 79 44
158 79 40
158 79 42
158 79 44
158 80 40
158 80 42
158 80 44
159 80 40
159 80 42
159 80 44
159 81 40
159 81 42
159 81 44
160 81 40
160 81 42
160 81 44
161 81 40
161 81 42
161 81 44
162 81 40
162 81 42
162 81 44
163 81 40
163 81 42
163 81 44
164 81 40
164 81 42
165 81 40
165 81 42
166 81 40
166 81 42
167 81 40
167 81 42
168 81 40
168 81 42
169 81 40
169 81 42
170 81 40
170 81 42
171 81 40
171 81 42
172 81 40
172 81 42
173 81 40
173 81 42
174 81 40
174 81 42
175 81 40
176 81 40
177 81 40
178 81 40
179 81 40
179 82 40
180 82 40
181 82 40
182 82 40
183 82 40
184 82 40
185 82 40
186 82 40
186 83 40
187 83 40
187 84 40
187 85 40
187 86 40
187 87 40
187 88 40
187 89 40
187 91 40
187 92 40
9 91 40
9 92 40
8 92 40
8 93 40
8 94 40
8 95 40
8 96 40
8 97 40
8 98 40
8 99 40
8 100 40
8 101 40
8 102 40
8 103 40
8 104 40
8 105 40
8 106 40
8 107 40
9 107 40
9 108 40
10 108 40
10 109 40
10 109 42
11 109 40
11 109 42
12 110 40
12 110 42
12 111 40
12 111 42
13 111 40
13 111 42
13 112 40
13 112 42
13 112 44
14 112 40
14 112 42
14 112 44
15 112 40
15 112 42
15 112 44
16 112 40
16 112 42
16 112 44
17 112 40
17 112 42
17 112 44
18 112 40
18 112 42
18 112 44
18 112 46
19 112 40
19 112 42
19 112 44
19 112 46
20 112 40
20 112 42
20 112 44
20 112 46
20 112 48
21 112 40
21 112 42
21 112 44
21 112 46
21 112 48
21 112 50
22 112 40
22 112 42
22 112 44
22 112 46
22 112 48
22 112 50
23 112 40
23 112 42
23 112 44
23 112 46
23 112 48
23 112 50
23 112 52
24 112 40
24 112 42
24 112 44
24 112 46
24 112 48
24 112 50
24 112 52
25 112 40
25 112 42
25 112 44
25 112 46
25 112 48
25 112 50
25 112 52
26 112 40
26 112 42
26 112 44
26 112 46
26 112 48
26 112 50
26 112 52
27 112 40
27 112 42
27 112 44
27 112 46
27 112 48
27 112 50
28 112 40
28 112 42
28 112 44
28 112 46
28 112 48
28 112 50
29 112 40
29 112 42
29 112 44
29 112 46
29 112 48
30 112 40
30 112 42
30 112 44
30 112 46
31 112 40
31 112 42
31 112 44
31 112 46
32 112 40
32 112 42
32 112 44
32 112 46
33 112 40
33 112 42
33 112 44
34 112 40
34 112 42
34 112 44
35 112 40
35 112 42
35 112 44
36 112 40
36 112 42
36 112 44
36 113 40
36 113 42
36 113 44
37 113 40
37 113 42
37 114 40
37 114 42
38 114 40
38 114 42
38 115 40
38 115 42
39 115 40
39 115 42
39 116 40
39 116 42
40 116 40
40 116 42
41 116 40
41 116 42
41 117 40
41 117 42
42 117 40
42 117 42
43 117 40
43 118 40
44 118 40
45 118 40
46 118 40
46 119 40
47 119 40
48 119 40
49 119 40
50 119 40
51 119 40
52 119 40
53 119 40
54 119 40
55 119 40
56 119 40
57 119 40
58 119 40
59 119 40
60 119 40
61 119 40
61 120 40
62 120 40
63 120 40
63 121 40
64 121 40
65 121 40
66 121 40
66 122 40
67 122 40
68 122 40
68 123 40
69 123 40
69 124 40
70 124 40
70 125 40
71 125 40
71 126 40
72 126 40
72 127 40
73 127 40
73 128 40
74 128 40
74 129 40
75 129 40
75 130 40
76 130 40
78 130 40
79 130 40
79 131 40
84 48 40
84 48 42
84 48 44
84 48 46
84 48 48
84 48 50
84 48 52
84 49 40
84 49 42
84 49 44
84 49 46
84 49 48
84 50 40
84 50 42
84 50 44
84 50 46
84 51 40
84 51 42
84 51 44
84 52 40
84 52 42
84 53 40
84 53 42
84 54 40
84 55 40
84 56 40
85 56 40
86 56 40
87 56 40
88 56 40
89 56 40
90 56 40
91 56 40
92 56 40
93 56 40
94 56 40
95 56 40
96 56 40
97 56 40
98 56 40
99 56 40
100 56 40
101 56 40
102 56 40
103 56 40
104 56 40
105 56 40
106 56 40
107 56 40
108 56 40
109 56 40
110 56 40
110 55 40
111 55 40
111 54 40
111 53 40
111 52 40
112 52 40
113 52 40
114 52 40
115 52 40
115 51 40
116 51 40
117 51 40
117 50 40
118 50 40
119 50 40
120 50 40
120 49 40
121 49 40
122 49 40
122 48 40
123 48 40
123 47 40
124 47 40
125 47 40
125 46 40
126 46 40
126 45 40
127 45 40
128 45 40
128 44 40
129 44 40
130 44 40
131 44 40
132 44 40
133 44 40
134 44 40
135 44 40
136 44 40
137 44 40
138 44 40
139 44 40
34 42 40
34 43 40
34 44 40
34 45 40
34 46 40
34 47 40
34 48 40
35 48 40
36 48 40
37 48 40
38 48 40
38 49 40
39 49 40
40 49 40
41 49 40
42 49 40
43 49 40
44 49 40
45 49 40
46 49 40
47 49 40
48 49 40
49 49 40
50 49 40
51 49 40
52 49 40
53 49 40
54 49 40
55 49 40
56 49 40
57 49 40
58 49 40
58 50 40
59 50 40
59 51 40
59 52 40
60 52 40
60 53 40
61 53 40
61 54 40
61 55 40
62 55 40
62 56 40
63 56 40
63 57 40
64 57 40
64 58 40
65 58 40
65 58 42
65 59 40
65 59 42
66 59 40
66 59 42
67 60 40
67 60 42
67 61 40
67 61 42
67 61 44
68 61 40
68 61 42
68 61 44
69 61 40
69 61 42
69 61 44
69 61 46
70 61 40
70 61 42
70 61 44
70 61 46
71 61 40
71 61 42
71 61 44
71 61 46
72 61 40
72 61 42
72 61 44
72 61 46
72 61 48
73 61 40
73 61 42
73 61 44
73 61 46
73 61 48
74 61 40
74 61 42
74 61 44
74 61 46
74 61 48
75 61 40
75 61 42
75 61 44
75 61 46
76 61 40
76 61 42
76 61 44
76 61 46
77 61 40
77 61 42
77 61 44
78 61 40
78 61 42
79 61 40
79 61 42
80 61 40
80 61 42
81 61 40
82 61 40
83 61 40
84 61 40
85 61 40
86 61 40
87 61 40
88 61 40
89 61 40
90 61 40
91 61 40
92 61 40
93 61 40
93 60 40
93 59 40
93 58 40
93 57 40
95 160 40
95 160 42
95 160 44
95 160 46
95 160 48
95 160 50
95 160 52
95 160 54
95 160 56
95 160 58
95 160 60
95 160 62
95 160 64
95 160 66
95 160 68
95 160 70
95 160 72
95 160 74
95 160 76
95 160 78
95 159 40
95 159 42
95 159 44
95 159 46
95 159 48
95 159 50
95 159 52
95 159 54
95 159 56
95 159 58
95 159 60
95 159 62
95 159 64
95 159 66
95 159 68
95 159 70
95 159 72
95 159 74
95 159 76
95 159 78
95 159 80
95 158 40
95 158 42
95 158 44
95 158 46
95 158 48
95 158 50
95 158 52
95 158 54
95 158 56
95 158 58
95 158 60
95 158 62
95 158 64
95 158 66
95 158 68
95 158 70
95 158 72
95 158 74
95 158 76
95 158 78
95 158 80
95 158 82
95 157 40
95 157 42
95 157 44
95 157 46
95 157 48
95 157 50
95 157 52
95 157 54
95 157 56
95 157 58
95 157 60
95 157 62
95 157 64
95 157 66
95 157 68
95 157 70
95 157 72
95 157 74
95 157 76
95 157 78
95 157 80
95 157 82
95 156 40
95 156 42
95 156 44
95 156 46
95 156 48
95 156 50
95 156 52
95 156 54
95 156 56
95 156 58
95 156 60
95 156 62
95 156 64
95 156 66
95 156 68
95 156 70
95 156 72
95 156 74
95 156 76
95 156 78
95 156 80
95 156 82
95 156 84
95 155 40
95 155 42
95 155 44
95 155 46
95 155 48
95 155 50
95 155 52
95 155 54
95 155 56
95 155 58
95 155 60
95 155 62
95 155 64
95 155 66
95 155 68
95 155 70
95 155 72
95 155 74
95 155 76
95 155 78
95 155 80
95 155 82
95 155 84
95 154 40
95 154 42
95 154 44
95 154 46
95 154 48
95 154 50
95 154 52
95 154 54
95 154 56
95 154 58
95 154 60
95 154 62
95 154 64
95 154 66
95 154 68
95 154 70
95 154 72
95 154 74
95 154 76
95 154 78
95 154 80
95 154 82
95 154 84
95 153 40
95 153 42
95 153 44
95 153 46
95 153 48
95 153 50
95 153 52
95 153 54
95 153 56
95 153 58
95 153 60
95 153 62
95 153 64
95 153 66
95 153 68
95 153 70
95 153 72
95 153 74
95 153 76
95 153 78
95 153 80
95 153 82
95 153 84
95 152 40
95 152 42
95 152 44
95 152 46
95 152 48
95 152 50
95 152 52
95 152 54
95 152 56
95 152 58
95 152 60
95 152 62
95 152 64
95 152 66
95 152 68
95 152 70
95 152 72
95 152 74
95 152 76
95 152 78
95 152 80
95 152 82
95 151 40
95 151 42
95 151 44
95 151 46
95 151 48
95 151 50
95 151 52
95 151 54
95 151 56
95 151 58
95 151 60
95 151 62
95 151 64
95 151 66
95 151 68
95 151 70
95 151 72
95 151 74
95 151 76
95 151 78
95 151 80
95 151 82
95 150 40
95 150 42
95 150 44
95 150 46
95 150 48
95 150 50
95 150 52
95 150 54
95 150 56
95 150 58
95 150 60
95 150 62
95 150 64
95 150 66
95 150 68
95 150 70
95 150 72
95 150 74
95 150 76
95 150 78
95 150 80
95 149 40
95 149 42
95 149 44
95 149 46
95 149 48
95 149 50
95 149 52
95 149 54
95 149 56
95 149 58
95 149 60
95 149 62
95 149 64
95 149 66
95 149 68
95 149 70
95 149 72
95 149 74
95 149 76
95 149 78
95 148 40
95 148 42
95 148 44
95 148 46
95 148 48
95 148 50
95 148 52
95 148 54
95 148 56
95 148 58
95 148 60
95 148 62
95 148 64
95 148 66
95 148 68
95 148 70
95 148 72
95 148 74
95 147 40
95 147 42
95 147 44
95 147 46
95 147 48
95 147 50
95 147 52
95 147 54
95 147 56
95 147 58
95 147 60
95 147 62
95 147 64
95 147 66
95 147 68
95 147 70
95 147 72
95 146 40
95 146 42
95 146 44
95 146 46
95 146 48
95 146 50
95 146 52
95 146 54
95 146 56
95 146 58
95 146 60
95 146 62
95 146 64
95 146 66
95 146 68
95 145 40
95 145 42
95 145 44
95 145 46
95 145 48
95 145 50
95 145 52
95 145 54
95 145 56
95 145 58
95 145 60
95 145 62
95 145 64
95 144 40
95 144 42
95 144 44
95 144 46
95 144 48
95 144 50
95 144 52
95 144 54
95 144 56
95 144 58
95 144 60
95 144 62
95 143 40
95 143 42
95 143 44
95 143 46
95 143 48
95 143 50
95 143 52
95 143 54
95 143 56
95 143 58
95 142 40
95 142 42
95 142 44
95 142 46
95 142 48
95 142 50
95 142 52
95 142 54
95 142 56
95 141 40
95 141 42
95 141 44
95 141 46
95 141 48
95 141 50
95 141 52
95 140 40
95 140 42
95 140 44
95 140 46
95 140 48
95 140 50
95 139 40
95 139 42
95 139 44
95 139 46
95 139 48
95 138 40
95 138 42
95 138 44
95 138 46
95 137 40
95 137 42
95 137 44
95 136 40
95 136 42
95 136 44
95 135 40
95 135 42
95 134 40
95 134 42
95 133 40
95 133 42
95 132 40
95 132 42
94 132 40
94 132 42
93 132 40
93 132 42
92 132 40
91 132 40
90 132 40
89 132 40
88 132 40
87 132 40
86 132 40
85 132 40
84 132 40
83 132 40
82 132 40
81 132 40
80 132 40
168 177 40
168 176 40
168 175 40
167 175 40
166 175 40
166 174 40
165 174 40
164 174 40
163 174 40
162 174 40
161 174 40
160 174 40
160 173 40
160 172 40
160 172 42
160 171 40
160 171 42
160 170 40
160 170 42
160 169 40
160 169 42
160 169 44
160 168 40
160 168 42
160 168 44
160 167 40
160 167 42
160 167 44
160 167 46
160 166 40
160 166 42
160 166 44
160 166 46
160 166 48
160 165 40
160 165 42
160 165 44
160 165 46
160 165 48
160 165 50
160 164 40
160 164 42
160 164 44
160 164 46
160 164 48
160 164 50
160 164 52
160 163 40
160 163 42
160 163 44
160 163 46
160 163 48
160 163 50
160 163 52
160 163 54
160 162 40
160 162 42
160 162 44
160 162 46
160 162 48
160 162 50
160 162 52
160 162 54
160 162 56
160 161 40
160 161 42
160 161 44
160 161 46
160 161 48
160 161 50
160 161 52
160 161 54
160 161 56
160 160 40
160 160 42
160 160 44
160 160 46
160 160 48
160 160 50
160 160 52
160 160 54
160 160 56
160 160 58
160 159 40
160 159 42
160 159 44
160 159 46
160 159 48
160 159 50
160 159 52
160 159 54
160 159 56
160 159 58
160 158 40
160 158 42
160 158 44
160 158 46
160 158 48
160 158 50
160 158 52
160 158 54
160 158 56
160 157 40
160 157 42
160 157 44
160 157 46
160 157 48
160 157 50
160 157 52
160 157 54
160 157 56
160 156 40
160 156 42
160 156 44
160 156 46
160 156 48
160 156 50
160 156 52
160 156 54
160 156 56
160 155 40
160 155 42
160 155 44
160 155 46
160 155 48
160 155 50
160 155 52
160 155 54
160 154 40
160 154 42
160 154 44
160 154 46
160 154 48
160 154 50
160 154 52
160 154 54
160 153 40
160 153 42
160 153 44
160 153 46
160 153 48
160 153 50
160 153 52
160 153 54
160 152 40
160 152 42
160 152 44
160 152 46
160 152 48
160 152 50
160 152 52
160 152 54
160 151 40
160 151 42
160 151 44
160 151 46
160 151 48
160 151 50
160 151 52
160 151 54
160 150 40
160 150 42
160 150 44
160 150 46
160 150 48
160 150 50
160 150 52
160 150 54
160 149 40
160 149 42
160 149 44
160 149 46
160 149 48
160 149 50
160 149 52
160 149 54
160 148 40
160 148 42
160 148 44
160 148 46
160 148 48
160 148 50
160 148 52
160 147 40
160 147 42
160 147 44
160 147 46
160 147 48
160 147 50
160 147 52
160 146 40
160 146 42
160 146 44
160 146 46
160 146 48
160 146 50
160 145 40
160 145 42
160 145 44
160 145 46
160 145 48
160 145 50
160 144 40
160 144 42
160 144 44
160 144 46
160 144 48
160 143 40
160 143 42
160 143 44
160 143 46
160 143 48
160 142 40
160 142 42
160 142 44
160 142 46
160 141 40
160 141 42
160 141 44
160 140 40
160 140 42
160 139 40
160 139 42
160 138 40
160 137 40
160 136 40
160 135 40
160 134 40
160 133 40
160 132 40
160 131 40
160 130 40
10 171 40
10 170 40
12 170 40
13 170 40
13 169 40
14 169 40
15 169 40
15 168 40
16 168 40
17 168 40
17 167 40
18 167 40
18 166 40
19 166 40
20 166 40
20 165 40
21 165 40
21 164 40
22 164 40
22 163 40
23 163 40
24 163 40
24 162 40
25 162 40
25 161 40
26 161 40
26 160 40
27 160 40
27 159 40
28 159 40
28 158 40
29 158 40
29 157 40
30 157 40
30 156 40
31 156 40
31 155 40
32 155 40
32 154 40
33 154 40
33 153 40
34 153 40
34 152 40
35 152 40
35 151 40
36 151 40
36 150 40
37 150 40
37 149 40
38 149 40
38 148 40
38 148 42
39 148 40
39 148 42
39 147 40
39 147 42
39 147 44
40 147 40
40 147 42
40 147 44
40 147 46
40 146 40
40 146 42
40 146 44
40 146 46
40 146 48
41 146 40
41 146 42
41 146 44
41 146 46
41 146 48
41 146 50
41 145 40
41 145 42
41 145 44
41 145 46
41 145 48
41 145 50
41 145 52
41 145 54
41 144 40
41 144 42
41 144 44
41 144 46
41 144 48
41 144 50
41 144 52
41 144 54
41 144 56
41 144 58
41 143 40
41 143 42
41 143 44
41 143 46
41 143 48
41 143 50
41 143 52
41 143 54
41 143 56
41 143 58
41 143 60
41 143 62
41 143 64
41 142 40
41 142 42
41 142 44
41 142 46
41 142 48
41 142 50
41 142 52
41 142 54
41 142 56
41 142 58
41 142 60
41 142 62
41 142 64
41 142 66
41 142 68
41 142 70
41 141 40
41 141 42
41 141 44
41 141 46
41 141 48
41 141 50
41 141 52
41 141 54
41 141 56
41 141 58
41 141 60
41 141 62
41 141 64
41 141 66
41 141 68
41 141 70
41 141 72
41 141 74
41 141 76
41 140 40
41 140 42
41 140 44
41 140 46
41 140 48
41 140 50
41 140 52
41 140 54
41 140 56
41 140 58
41 140 60
41 140 62
41 140 64
41 140 66
41 140 68
41 140 70
41 140 72
41 140 74
41 140 76
41 140 78
41 140 80
41 139 40
41 139 42
41 139 44
41 139 46
41 139 48
41 139 50
41 139 52
41 139 54
41 139 56
41 139 58
41 139 60
41 139 62
41 139 64
41 139 66
41 139 68
41 139 70
41 139 72
41 139 74
41 139 76
41 139 78
41 139 80
41 139 82
41 139 84
41 138 40
41 138 42
41 138 44
41 138 46
41 138 48
41 138 50
41 138 52
41 138 54
41 138 56
41 138 58
41 138 60
41 138 62
41 138 64
41 138 66
41 138 68
41 138 70
41 138 72
41 138 74
41 138 76
41 138 78
41 138 80
41 138 82
41 138 84
41 137 40
41 137 42
41 137 44
41 137 46
41 137 48
41 137 50
41 137 52
41 137 54
41 137 56
41 137 58
41 137 60
41 137 62
41 137 64
41 137 66
41 137 68
41 137 70
41 137 72
41 137 74
41 137 76
41 137 78
41 137 80
41 137 82
41 137 84
41 136 40
41 136 42
41 136 44
41 136 46
41 136 48
41 136 50
41 136 52
41 136 54
41 136 56
41 136 58
41 136 60
41 136 62
41 136 64
41 136 66
41 136 68
41 136 70
41 136 72
41 136 74
41 136 76
41 136 78
41 136 80
41 136 82
41 135 40
41 135 42
41 135 44
41 135 46
41 135 48
41 135 50
41 135 52
41 135 54
41 135 56
41 135 58
41 135 60
41 135 62
41 135 64
41 135 66
41 135 68
41 135 70
41 135 72
41 135 74
41 135 76
41 135 78
41 135 80
41 134 40
41 134 42
41 134 44
41 134 46
41 134 48
41 134 50
41 134 52
41 134 54
41 134 56
41 134 58
41 134 60
41 134 62
41 134 64
41 134 66
41 134 68
41 134 70
41 134 72
41 134 74
41 134 76
41 133 40
41 133 42
41 133 44
41 133 46
41 133 48
41 133 50
41 133 52
41 133 54
41 133 56
41 133 58
41 133 60
41 133 62
41 133 64
41 133 66
41 133 68
41 133 70
41 133 72
41 132 40
41 132 42
41 132 44
41 132 46
41 132 48
41 132 50
41 132 52
41 132 54
41 132 56
41 132 58
41 132 60
41 132 62
41 132 64
41 132 66
41 131 40
41 131 42
41 131 44
41 131 46
41 131 48
41 131 50
41 131 52
41 131 54
41 131 56
41 131 58
41 131 60
41 131 62
41 130 40
41 130 42
41 130 44
41 130 46
41 130 48
41 130 50
41 130 52
41 130 54
41 130 56
41 130 58
41 129 40
41 129 42
41 129 44
41 129 46
41 129 48
41 129 50
41 129 52
41 129 54
41 128 40
41 128 42
41 128 44
41 128 46
41 128 48
41 128 50
41 128 52
41 127 40
41 127 42
41 127 44
41 127 46
41 127 48
41 127 50
41 126 40
41 126 42
41 126 44
41 126 46
41 126 48
41 125 40
41 125 42
41 125 44
41 125 46
41 125 48
41 124 40
41 124 42
41 124 44
41 124 46
41 123 40
41 123 42
41 123 44
41 123 46
41 122 40
41 122 42
41 122 44
41 121 40
41 121 42
41 121 44
41 120 40
41 120 42
41 120 44
41 119 40
41 119 42
41 118 40
41 118 42
