0 0 100
0 20 100
0 40 100
0 60 100
0 80 100
0 100 100
0 120 100
0 140 100
0 160 100
0 180 100
0 199 100
11 10 100
11 30 100
11 50 100
11 70 100
11 90 100
11 110 100
11 130 100
11 150 100
11 170 100
11 190 100
22 0 100
22 20 100
22 40 100
22 60 100
22 80 100
22 100 100
22 120 100
22 140 100
22 160 100
22 180 100
22 199 100
33 10 100
33 30 100
33 50 100
33 70 100
33 90 100
33 110 100
33 130 100
33 150 100
33 170 100
33 190 100
44 0 100
44 20 100
44 40 100
44 60 100
44 80 100
44 100 100
44 120 100
44 140 100
44 160 100
44 180 100
44 199 100
55 10 100
55 30 100
55 50 100
55 70 100
55 90 100
55 110 100
55 130 100
55 150 100
55 170 100
55 190 100
66 0 100
66 20 100
66 40 100
66 60 100
66 80 100
66 100 100
66 120 100
66 140 100
66 160 100
66 180 100
66 199 100
77 10 100
77 30 100
77 50 100
77 70 100
77 90 100
77 110 100
77 130 100
77 150 100
77 170 100
77 190 100
88 0 100
88 20 100
88 40 100
88 60 100
88 80 100
88 100 100
88 120 100
88 140 100
88 160 100
88 180 100
88 199 100
99 10 100
99 30 100
99 50 100
99 70 100
99 90 100
99 110 100
99 130 100
99 150 100
99 170 100
99 190 100
110 0 100
110 20 100
110 40 100
110 60 100
110 80 100
110 100 100
110 120 100
110 140 100
110 160 100
110 180 100
110 199 100
121 10 100
121 30 100
121 50 100
121 70 100
121 90 100
121 110 100
121 130 100
121 150 100
121 170 100
121 190 100
132 0 100
132 20 100
132 40 100
132 60 100
132 80 100
132 100 100
132 120 100
132 140 100
132 160 100
132 180 100
132 199 100
143 10 100
143 30 100
143 50 100
143 70 100
143 90 100
143 110 100
143 130 100
143 150 100
143 170 100
143 190 100
154 0 100
154 20 100
154 40 100
154 60 100
154 80 100
154 100 100
154 120 100
154 140 100
154 160 100
154 180 100
154 199 100
165 10 100
165 30 100
165 50 100
165 70 100
165 90 100
165 110 100
165 130 100
165 150 100
165 170 100
165 190 100
176 0 100
176 20 100
176 40 100
176 60 100
176 80 100
176 100 100
176 120 100
176 140 100
176 160 100
176 180 100
176 199 100
187 10 100
187 30 100
187 50 100
187 70 100
187 90 100
187 110 100
187 130 100
187 150 100
187 170 100
187 190 100
198 0 100
198 20 100
198 40 100
198 60 100
198 80 100
198 100 100
198 120 100
198 140 100
198 160 100
198 180 100
198 199 100
0 40 100
0 60 100
0 100 100
0 199 100
11 10 100
22 20 100
22 40 100
22 80 100
22 140 100
22 160 100
22 180 100
33 70 100
33 90 100
33 110 100
33 150 100
44 20 100
44 80 100
44 100 100
44 120 100
44 180 100
55 30 100
55 70 100
55 130 100
55 150 100
55 170 100
55 190 100
66 0 100
66 40 100
66 60 100
66 80 100
66 100 100
66 120 100
66 160 100
66 199 100
77 70 100
77 130 100
77 170 100
77 190 100
88 0 100
88 100 100
88 120 100
88 140 100
88 180 100
88 199 100
99 10 100
99 30 100
99 70 100
99 90 100
99 110 100
99 170 100
110 20 100
110 60 100
110 140 100
110 180 100
121 30 100
121 110 100
121 150 100
121 190 100
132 0 100
132 20 100
132 40 100
132 60 100
132 80 100
132 100 100
132 140 100
132 199 100
143 10 100
143 50 100
143 90 100
143 110 100
143 130 100
143 150 100
143 170 100
143 190 100
154 0 100
154 40 100
154 60 100
154 120 100
154 140 100
154 199 100
165 30 100
165 50 100
165 90 100
165 130 100
176 20 100
176 40 100
176 120 100
176 140 100
176 160 100
176 199 100
187 10 100
187 50 100
187 130 100
187 150 100
187 170 100
187 190 100
198 0 100
198 20 100
198 60 100
198 100 100
198 140 100
198 160 100
198 199 100
186 89 40
169 1 40
39 38 40
54 168 40
54 168 44
54 168 48
54 168 52
54 168 56
54 168 60
54 168 64
38 38 40
37 38 40
36 38 40
35 38 40
34 38 40
33 38 40
32 38 40
31 38 40
30 38 40
29 38 40
28 38 40
27 38 40
26 38 40
26 38 44
25 38 40
25 38 44
24 38 40
24 38 44
24 38 48
23 38 40
23 38 44
23 38 48
23 38 52
23 38 56
22 38 40
22 38 44
22 38 48
22 38 52
22 38 56
22 38 60
21 38 40
21 38 44
21 38 48
21 38 52
21 38 56
21 38 60
21 38 64
20 38 40
20 38 44
20 38 48
20 38 52
20 38 56
20 38 60
20 38 64
19 38 40
19 38 44
19 38 48
19 38 52
19 38 56
19 38 60
19 38 64
18 38 40
18 38 44
18 38 48
18 38 52
18 38 56
18 38 60
18 37 40
18 37 44
18 37 48
18 37 52
18 37 56
18 37 60
18 37 64
17 37 40
17 37 44
17 37 48
17 37 52
17 37 56
17 37 60
17 36 40
17 36 44
17 36 48
17 36 52
17 36 56
17 36 60
17 36 64
16 36 40
16 36 44
16 36 48
16 36 52
16 36 56
16 35 40
16 35 44
16 35 48
16 35 52
16 35 56
16 35 60
15 35 40
15 35 44
15 35 48
15 35 52
15 35 56
15 34 40
15 34 44
15 34 48
15 34 52
15 34 56
15 34 60
14 34 40
14 34 44
14 34 48
14 34 52
14 33 40
14 33 44
14 33 48
14 33 52
14 33 56
13 33 40
13 33 44
13 33 48
13 33 52
13 32 40
13 32 44
13 32 48
13 32 52
13 31 40
13 31 44
13 31 48
13 31 52
13 31 56
12 31 40
12 31 44
12 31 48
12 30 40
12 30 44
12 30 48
12 30 52
11 29 40
11 29 44
11 29 48
10 29 40
10 29 44
10 28 40
10 28 44
9 28 40
9 27 40
8 27 40
8 26 40
7 26 40
7 25 40
7 24 40
7 23 40
7 22 40
7 21 40
7 21 44
7 20 40
7 20 44
7 20 48
7 19 40
7 19 44
7 19 48
7 18 40
7 18 44
7 18 48
7 18 52
7 17 40
7 17 44
7 17 48
7 17 52
7 17 56
7 16 40
7 16 44
7 16 48
7 16 52
7 16 56
7 16 60
7 15 40
7 15 44
7 15 48
7 15 52
7 15 56
7 15 60
7 14 40
7 14 44
7 14 48
7 14 52
7 14 56
7 13 40
7 13 44
7 13 48
7 13 52
7 13 56
7 12 40
7 12 44
7 12 48
7 12 52
7 11 40
7 11 44
7 11 48
7 10 40
7 10 44
7 9 40
7 8 40
7 7 40
7 6 40
7 5 40
7 4 40
8 4 40
9 4 40
10 4 40
11 4 40
12 4 40
12 4 44
13 4 40
13 4 44
14 4 40
14 4 44
15 4 40
15 4 44
16 4 40
16 4 44
16 4 48
17 4 40
17 4 44
17 4 48
18 4 40
18 4 44
18 4 48
19 4 40
19 4 44
19 4 48
20 4 40
20 4 44
20 4 48
21 4 40
21 4 44
21 4 48
22 4 40
22 4 44
23 4 40
23 4 44
24 4 40
25 4 40
26 4 40
27 4 40
28 4 40
29 4 40
30 4 40
31 4 40
32 4 40
33 4 40
34 4 40
35 4 40
36 4 40
37 4 40
38 4 40
39 4 40
40 4 40
41 4 40
42 4 40
43 4 40
44 4 40
45 4 40
46 4 40
47 4 40
48 4 40
49 4 40
50 4 40
50 5 40
51 5 40
51 6 40
52 6 40
52 7 40
53 7 40
53 8 40
54 8 40
54 9 40
54 9 44
55 9 40
55 9 44
56 10 40
56 10 44
56 11 40
56 11 44
56 11 48
57 11 40
57 11 44
57 11 48
57 12 40
57 12 44
57 12 48
58 12 40
58 12 44
58 12 48
58 12 52
58 13 40
58 13 44
58 13 48
58 13 52
58 13 56
59 13 40
59 13 44
59 13 48
59 13 52
59 13 56
59 14 40
59 14 44
59 14 48
59 14 52
59 14 56
59 14 60
60 14 40
60 14 44
60 14 48
60 14 52
60 14 56
60 14 60
60 15 40
60 15 44
60 15 48
60 15 52
60 15 56
60 15 60
60 15 64
60 15 68
61 15 40
61 15 44
61 15 48
61 15 52
61 15 56
61 15 60
61 15 64
61 16 40
61 16 44
61 16 48
61 16 52
61 16 56
61 16 60
61 16 64
61 16 68
61 16 72
62 16 40
62 16 44
62 16 48
62 16 52
62 16 56
62 16 60
62 16 64
62 16 68
63 16 40
63 16 44
63 16 48
63 16 52
63 16 56
63 16 60
63 17 40
63 17 44
63 17 48
63 17 52
63 17 56
63 17 60
63 17 64
64 17 40
64 17 44
64 17 48
64 17 52
64 17 56
65 17 40
65 17 44
65 17 48
65 18 40
65 18 44
65 18 48
66 18 40
66 18 44
67 18 40
67 18 44
68 18 40
68 19 40
69 19 40
70 19 40
71 19 40
72 19 40
73 19 40
74 19 40
75 19 40
76 19 40
76 20 40
77 20 40
77 21 40
78 21 40
79 21 40
79 22 40
80 22 40
80 23 40
81 23 40
81 24 40
82 24 40
82 25 40
83 25 40
83 26 40
83 27 40
83 28 40
83 29 40
83 30 40
83 31 40
83 32 40
83 33 40
83 34 40
84 34 40
84 35 40
84 36 40
84 37 40
84 38 40
85 38 40
85 39 40
85 40 40
85 41 40
85 42 40
86 42 40
86 43 40
86 44 40
86 45 40
86 46 40
86 47 40
86 48 40
87 48 40
88 48 40
89 48 40
90 48 40
91 48 40
92 48 40
93 48 40
94 48 40
95 48 40
96 48 40
97 48 40
98 48 40
99 48 40
100 48 40
101 48 40
102 48 40
103 48 40
104 48 40
105 48 40
105 47 40
106 47 40
107 47 40
107 46 40
108 46 40
108 45 40
109 45 40
110 45 40
110 44 40
111 44 40
112 44 40
112 43 40
113 43 40
114 43 40
115 43 40
116 43 40
117 43 40
118 43 40
119 43 40
120 43 40
121 43 40
122 43 40
123 43 40
124 43 40
125 43 40
126 43 40
127 43 40
127 43 44
128 43 40
128 43 44
128 43 48
128 42 40
128 42 44
128 42 48
129 42 40
129 42 44
129 42 48
130 42 40
130 42 44
130 42 48
130 42 52
130 41 40
130 41 44
130 41 48
130 41 52
131 41 40
131 41 44
131 41 48
131 41 52
132 41 40
132 41 44
132 41 48
132 41 52
133 41 40
133 41 44
133 41 48
133 41 52
133 40 40
133 40 44
133 40 48
134 40 40
134 40 44
134 40 48
135 40 40
135 40 44
135 40 48
135 39 40
135 39 44
136 39 40
136 39 44
136 38 40
136 38 44
137 38 40
137 38 44
138 38 40
138 38 44
138 37 40
138 37 44
139 37 40
139 37 44
139 36 40
139 36 44
140 36 40
140 36 44
141 36 40
141 35 40
142 35 40
142 34 40
143 34 40
143 33 40
144 33 40
144 32 40
145 32 40
145 31 40
146 31 40
146 30 40
147 30 40
147 29 40
148 29 40
148 28 40
149 28 40
150 28 40
150 27 40
151 27 40
151 26 40
152 26 40
152 25 40
153 25 40
153 24 40
154 24 40
154 23 40
155 23 40
155 22 40
156 22 40
156 21 40
157 21 40
157 20 40
158 20 40
158 19 40
159 19 40
159 18 40
160 18 40
161 18 40
161 17 40
162 17 40
162 16 40
163 16 40
164 16 40
164 15 40
165 15 40
165 14 40
166 14 40
167 14 40
167 13 40
168 13 40
168 12 40
169 12 40
169 11 40
170 11 40
170 10 40
171 10 40
171 9 40
171 8 40
171 7 40
171 6 40
171 5 40
171 4 40
171 3 40
171 2 40
171 1 40
170 1 40
53 168 40
53 168 44
53 168 48
53 168 52
53 168 56
52 168 40
52 168 44
52 168 48
51 168 40
51 168 44
50 168 40
50 168 44
49 168 40
48 168 40
47 168 40
46 168 40
45 168 40
44 168 40
43 168 40
42 168 40
41 168 40
40 168 40
40 169 40
40 170 40
40 171 40
40 172 40
40 173 40
40 174 40
40 175 40
40 176 40
40 176 44
40 177 40
40 177 44
40 178 40
40 178 44
40 178 48
40 179 40
40 179 44
40 179 48
40 179 52
40 180 40
40 180 44
40 180 48
40 180 52
40 181 40
40 181 44
40 181 48
40 181 52
40 182 40
40 182 44
40 182 48
40 182 52
40 183 40
40 183 44
40 183 48
40 184 40
40 184 44
40 185 40
40 185 44
40 186 40
40 187 40
40 188 40
40 189 40
40 190 40
40 191 40
40 192 40
40 193 40
40 194 40
40 195 40
40 196 40
40 197 40
40 198 40
39 198 40
38 198 40
37 198 40
36 198 40
35 198 40
34 198 40
33 198 40
32 198 40
31 198 40
30 198 40
29 198 40
28 198 40
27 198 40
26 198 40
25 198 40
24 198 40
23 198 40
22 198 40
21 198 40
20 198 40
19 198 40
18 198 40
17 198 40
17 197 40
17 196 40
16 196 40
16 195 40
15 195 40
15 194 40
14 194 40
14 193 40
13 193 40
13 192 40
12 192 40
12 191 40
12 190 40
11 189 40
10 189 40
10 188 40
9 188 40
9 187 40
8 187 40
8 186 40
7 186 40
7 185 40
6 185 40
6 184 40
6 183 40
6 182 40
6 181 40
6 180 40
6 179 40
6 178 40
6 177 40
6 176 40
6 175 40
6 174 40
6 173 40
6 172 40
6 171 40
6 170 40
6 169 40
6 168 40
6 167 40
6 166 40
6 165 40
6 164 40
6 163 40
6 162 40
6 161 40
6 160 40
6 159 40
6 158 40
6 157 40
6 156 40
6 155 40
6 154 40
6 153 40
6 152 40
6 151 40
6 150 40
6 149 40
6 148 40
6 147 40
6 146 40
6 145 40
6 144 40
6 143 40
6 143 44
6 142 40
6 142 44
6 141 40
6 141 44
6 140 40
6 140 44
6 139 40
6 139 44
6 139 48
6 138 40
6 138 44
6 138 48
6 137 40
6 137 44
6 137 48
6 136 40
6 136 44
6 136 48
6 136 52
6 135 40
6 135 44
6 135 48
6 135 52
6 135 56
6 134 40
6 134 44
6 134 48
6 134 52
6 134 56
6 134 60
7 134 40
7 134 44
7 134 48
7 134 52
7 134 56
7 133 40
7 133 44
7 133 48
7 133 52
7 133 56
7 133 60
8 133 40
8 133 44
8 133 48
8 133 52
8 133 56
8 132 40
8 132 44
8 132 48
8 132 52
8 132 56
8 131 40
8 131 44
8 131 48
8 131 52
8 131 56
8 131 60
8 130 40
8 130 44
8 130 48
8 130 52
8 130 56
8 130 60
8 129 40
8 129 44
8 129 48
8 129 52
8 129 56
8 129 60
8 128 40
8 128 44
8 128 48
8 128 52
8 128 56
8 128 60
8 127 40
8 127 44
8 127 48
8 127 52
8 127 56
8 127 60
8 126 40
8 126 44
8 126 48
8 126 52
8 126 56
8 126 60
9 126 40
9 126 44
9 126 48
9 126 52
9 126 56
9 125 40
9 125 44
9 125 48
9 125 52
9 125 56
10 125 40
10 125 44
10 125 48
10 125 52
11 125 40
11 125 44
11 125 48
11 125 52
11 124 40
11 124 44
11 124 48
11 124 52
11 123 40
11 123 44
11 123 48
11 123 52
12 123 40
12 123 44
12 123 48
12 122 40
12 122 44
12 122 48
12 121 40
12 121 44
12 121 48
13 121 40
13 121 44
13 121 48
13 120 40
13 120 44
13 120 48
13 119 40
13 119 44
13 118 40
13 118 44
13 117 40
13 117 44
14 117 40
14 117 44
14 116 40
14 116 44
14 115 40
14 115 44
14 114 40
15 114 40
15 113 40
15 112 40
16 112 40
16 111 40
16 110 40
17 110 40
17 109 40
17 108 40
18 108 40
18 107 40
18 106 40
18 105 40
18 104 40
18 103 40
18 102 40
18 101 40
18 100 40
18 99 40
18 98 40
18 97 40
17 97 40
17 96 40
16 96 40
16 95 40
15 95 40
15 94 40
14 94 40
14 93 40
13 93 40
13 92 40
13 91 40
12 91 40
12 90 40
11 89 40
10 89 40
10 88 40
9 88 40
9 87 40
8 87 40
8 86 40
8 85 40
8 84 40
8 83 40
8 82 40
8 81 40
8 80 40
8 79 40
8 78 40
8 77 40
8 76 40
9 76 40
9 75 40
10 75 40
10 74 40
11 74 40
11 73 40
12 73 40
12 72 40
13 72 40
13 71 40
14 71 40
14 70 40
15 70 40
15 69 40
16 69 40
16 68 40
17 68 40
17 67 40
18 67 40
18 66 40
18 65 40
19 65 40
19 64 40
19 63 40
19 62 40
19 61 40
19 60 40
19 59 40
19 58 40
19 58 44
19 57 40
19 57 44
19 56 40
19 56 44
19 55 40
19 55 44
19 55 48
19 54 40
19 54 44
19 54 48
19 53 40
19 53 44
19 53 48
19 53 52
19 52 40
19 52 44
19 52 48
19 52 52
19 51 40
19 51 44
19 51 48
19 51 52
19 51 56
19 50 40
19 50 44
19 50 48
19 50 52
19 50 56
19 49 40
19 49 44
19 49 48
19 49 52
19 49 56
19 48 40
19 48 44
19 48 48
19 48 52
19 48 56
19 48 60
19 47 40
19 47 44
19 47 48
19 47 52
19 47 56
19 47 60
19 46 40
19 46 44
19 46 48
19 46 52
19 46 56
19 46 60
19 45 40
19 45 44
19 45 48
19 45 52
19 45 56
19 44 40
19 44 44
19 44 48
19 44 52
19 44 56
19 43 40
19 43 44
19 43 48
19 43 52
19 43 56
19 42 40
19 42 44
19 42 48
19 42 52
19 42 56
19 41 40
19 41 44
19 41 48
19 41 52
19 41 56
19 40 40
19 40 44
19 40 48
19 40 52
19 40 56
19 40 60
19 39 40
19 39 44
19 39 48
19 39 52
19 39 56
19 39 60
