0 0 100
0 20 100
0 40 100
0 60 100
0 80 100
0 100 100
0 120 100
0 140 100
0 160 100
0 180 100
0 199 100
11 10 100
11 30 100
11 50 100
11 70 100
11 90 100
11 110 100
11 130 100
11 150 100
11 170 100
11 190 100
22 0 100
22 20 100
22 40 100
22 60 100
22 80 100
22 100 100
22 120 100
22 140 100
22 160 100
22 180 100
22 199 100
33 10 100
33 30 100
33 50 100
33 70 100
33 90 100
33 110 100
33 130 100
33 150 100
33 170 100
33 190 100
44 0 100
44 20 100
44 40 100
44 60 100
44 80 100
44 100 100
44 120 100
44 140 100
44 160 100
44 180 100
44 199 100
55 10 100
55 30 100
55 50 100
55 70 100
55 90 100
55 110 100
55 130 100
55 150 100
55 170 100
55 190 100
66 0 100
66 20 100
66 40 100
66 60 100
66 80 100
66 100 100
66 120 100
66 140 100
66 160 100
66 180 100
66 199 100
77 10 100
77 30 100
77 50 100
77 70 100
77 90 100
77 110 100
77 130 100
77 150 100
77 170 100
77 190 100
88 0 100
88 20 100
88 40 100
88 60 100
88 80 100
88 100 100
88 120 100
88 140 100
88 160 100
88 180 100
88 199 100
99 10 100
99 30 100
99 50 100
99 70 100
99 90 100
99 110 100
99 130 100
99 150 100
99 170 100
99 190 100
110 0 100
110 20 100
110 40 100
110 60 100
110 80 100
110 100 100
110 120 100
110 140 100
110 160 100
110 180 100
110 199 100
121 10 100
121 30 100
121 50 100
121 70 100
121 90 100
121 110 100
121 130 100
121 150 100
121 170 100
121 190 100
132 0 100
132 20 100
132 40 100
132 60 100
132 80 100
132 100 100
132 120 100
132 140 100
132 160 100
132 180 100
132 199 100
143 10 100
143 30 100
143 50 100
143 70 100
143 90 100
143 110 100
143 130 100
143 150 100
143 170 100
143 190 100
154 0 100
154 20 100
154 40 100
154 60 100
154 80 100
154 100 100
154 120 100
154 140 100
154 160 100
154 180 100
154 199 100
165 10 100
165 30 100
165 50 100
165 70 100
165 90 100
165 110 100
165 130 100
165 150 100
165 170 100
165 190 100
176 0 100
176 20 100
176 40 100
176 60 100
176 80 100
176 100 100
176 120 100
176 140 100
176 160 100
176 180 100
176 199 100
187 10 100
187 30 100
187 50 100
187 70 100
187 90 100
187 110 100
187 130 100
187 150 100
187 170 100
187 190 100
198 0 100
198 20 100
198 40 100
198 60 100
198 80 100
198 100 100
198 120 100
198 140 100
198 160 100
198 180 100
198 199 100
0 40 100
0 60 100
0 80 100
11 50 100
11 90 100
11 150 100
22 0 100
22 120 100
22 140 100
22 160 100
22 180 100
33 10 100
33 70 100
33 110 100
33 130 100
33 170 100
33 190 100
44 20 100
44 80 100
44 100 100
44 120 100
44 160 100
44 180 100
55 70 100
55 90 100
55 130 100
55 150 100
55 170 100
66 0 100
66 40 100
66 60 100
66 80 100
66 140 100
66 160 100
66 180 100
66 199 100
77 30 100
77 50 100
77 90 100
88 0 100
99 10 100
99 50 100
99 70 100
99 90 100
99 150 100
99 190 100
110 20 100
110 40 100
110 60 100
110 80 100
110 100 100
110 120 100
110 140 100
110 160 100
110 180 100
110 199 100
121 10 100
121 30 100
121 70 100
121 90 100
121 150 100
121 170 100
121 190 100
132 20 100
132 80 100
132 120 100
132 180 100
143 30 100
143 110 100
154 20 100
154 40 100
154 100 100
154 120 100
154 160 100
154 180 100
154 199 100
165 10 100
165 70 100
165 110 100
176 0 100
176 20 100
176 60 100
176 100 100
176 120 100
176 199 100
187 10 100
187 50 100
187 70 100
187 110 100
187 190 100
198 20 100
198 40 100
198 100 100
198 140 100
198 199 100
160 145 40
102 101 40
137 98 40
120 52 40
120 52 72
22 42 40
87 152 40
0 23 40
29 88 40
189 86 40
157 0 40
50 139 40
189 85 40
188 85 40
187 85 40
186 85 40
185 85 40
184 85 40
183 85 40
182 85 40
181 85 40
180 85 40
179 85 40
178 85 40
177 85 40
176 85 40
175 85 40
174 85 40
174 86 40
173 86 40
173 87 40
172 87 40
171 87 40
170 87 40
169 87 40
168 87 40
167 87 40
166 87 40
165 87 40
164 87 40
163 87 40
162 87 40
161 87 40
161 87 72
161 86 40
161 86 72
160 86 40
160 86 72
159 86 40
159 86 72
158 86 40
158 86 72
158 86 104
157 86 40
157 86 72
157 86 104
156 86 40
156 86 72
156 86 104
155 86 40
155 86 72
155 86 104
154 86 40
154 86 72
154 86 104
153 86 40
153 86 72
153 86 104
152 86 40
152 86 72
152 86 104
151 86 40
151 86 72
151 86 104
150 86 40
150 86 72
150 86 104
150 87 40
150 87 72
150 87 104
149 87 40
149 87 72
149 87 104
149 88 40
149 88 72
149 88 104
148 88 40
148 88 72
148 88 104
148 89 40
148 89 72
148 89 104
147 89 40
147 89 72
147 89 104
147 90 40
147 90 72
146 90 40
146 90 72
146 91 40
146 91 72
145 91 40
145 91 72
145 92 40
145 92 72
144 92 40
144 92 72
144 93 40
144 93 72
143 93 40
143 93 72
143 94 40
142 94 40
142 95 40
141 95 40
141 96 40
141 97 40
140 97 40
140 98 40
139 98 40
138 98 40
121 52 40
122 52 40
123 52 40
124 52 40
125 52 40
126 52 40
127 52 40
128 52 40
129 52 40
130 52 40
131 52 40
132 52 40
133 52 40
134 52 40
135 52 40
135 53 40
136 53 40
137 53 40
137 54 40
138 54 40
139 54 40
139 55 40
140 55 40
140 56 40
141 56 40
141 57 40
142 57 40
142 58 40
143 58 40
144 58 40
144 59 40
145 59 40
145 60 40
146 60 40
146 61 40
147 61 40
148 61 40
148 62 40
149 62 40
149 63 40
149 64 40
149 65 40
149 66 40
149 67 40
149 68 40
149 69 40
149 70 40
149 71 40
149 72 40
149 73 40
149 74 40
150 74 40
150 75 40
150 76 40
150 77 40
150 78 40
150 79 40
150 80 40
150 80 72
150 81 40
150 81 72
150 82 40
150 82 72
150 83 40
150 83 72
150 84 40
150 84 72
150 85 40
150 85 72
150 85 104
86 152 40
86 151 40
86 150 40
86 149 40
86 148 40
86 147 40
86 146 40
86 145 40
86 144 40
86 143 40
87 143 40
87 142 40
87 141 40
88 141 40
88 139 40
88 138 40
89 138 40
89 137 40
89 136 40
89 135 40
89 134 40
89 133 40
89 132 40
89 131 40
89 130 40
89 129 40
89 128 40
89 127 40
89 126 40
89 125 40
89 124 40
89 123 40
89 122 40
89 121 40
89 120 40
89 119 40
89 118 40
89 117 40
89 116 40
89 115 40
90 115 40
90 114 40
90 113 40
91 113 40
92 113 40
93 113 40
94 113 40
94 112 40
95 112 40
96 112 40
97 112 40
97 111 40
98 111 40
99 111 40
100 110 40
100 109 40
101 109 40
102 109 40
102 108 40
102 107 40
102 106 40
102 105 40
102 104 40
102 103 40
102 102 40
30 88 40
31 88 40
32 88 40
33 88 40
34 88 40
35 88 40
36 88 40
37 88 40
38 88 40
39 88 40
39 87 40
39 87 72
40 87 40
40 87 72
41 87 40
41 87 72
42 87 40
42 87 72
42 87 104
43 87 40
43 87 72
43 87 104
44 87 40
44 87 72
44 87 104
45 87 40
45 87 72
45 87 104
46 87 40
46 87 72
46 87 104
47 87 40
47 87 72
47 87 104
48 87 40
48 87 72
48 87 104
49 87 40
49 87 72
50 87 40
50 87 72
51 87 40
51 87 72
52 87 40
52 87 72
53 87 40
53 87 72
54 87 40
54 87 72
54 88 40
54 88 72
54 88 104
55 88 40
55 88 72
55 88 104
56 88 40
56 88 72
56 88 104
57 88 40
57 88 72
57 88 104
57 89 40
57 89 72
57 89 104
58 89 40
58 89 72
58 89 104
59 89 40
59 89 72
60 89 40
60 89 72
60 90 40
60 90 72
61 90 40
61 90 72
61 91 40
61 91 72
61 92 40
61 92 72
61 93 40
61 94 40
61 95 40
62 95 40
62 96 40
62 97 40
62 98 40
63 98 40
63 99 40
63 100 40
63 101 40
63 102 40
64 102 40
64 103 40
64 104 40
64 105 40
64 106 40
64 107 40
64 108 40
64 109 40
65 109 40
65 110 40
66 110 40
66 111 40
67 111 40
68 111 40
68 112 40
69 112 40
69 113 40
70 113 40
71 113 40
72 113 40
73 113 40
74 113 40
75 113 40
76 113 40
77 113 40
78 113 40
79 113 40
80 113 40
81 113 40
82 113 40
83 113 40
84 113 40
85 113 40
86 113 40
87 113 40
88 113 40
89 113 40
23 42 40
24 42 40
25 42 40
26 42 40
27 42 40
28 42 40
29 42 40
30 42 40
30 43 40
30 44 40
30 45 40
30 46 40
30 47 40
30 48 40
30 49 40
30 50 40
30 51 40
30 52 40
30 53 40
30 54 40
30 55 40
30 56 40
29 56 40
29 57 40
29 57 72
28 57 40
28 57 72
28 58 40
28 58 72
27 58 40
27 58 72
27 59 40
27 59 72
26 59 40
26 59 72
26 60 40
26 60 72
25 60 40
25 60 72
25 61 40
25 61 72
24 61 40
24 61 72
24 62 40
24 62 72
23 62 40
23 62 72
23 63 40
22 63 40
22 64 40
21 64 40
21 65 40
20 65 40
20 66 40
20 67 40
19 67 40
19 68 40
19 69 40
19 70 40
19 71 40
19 72 40
19 73 40
19 74 40
19 75 40
19 76 40
19 77 40
19 78 40
19 79 40
19 80 40
19 81 40
20 81 40
20 82 40
20 83 40
21 83 40
21 84 40
22 84 40
22 85 40
23 85 40
23 86 40
23 87 40
24 87 40
24 88 40
25 88 40
26 88 40
27 88 40
28 88 40
1 23 40
2 23 40
3 23 40
4 23 40
5 23 40
6 23 40
7 23 40
8 23 40
9 23 40
10 23 40
11 23 40
12 23 40
13 23 40
14 23 40
15 23 40
15 24 40
16 24 40
16 25 40
17 25 40
17 26 40
18 26 40
18 27 40
19 27 40
19 28 40
20 28 40
20 29 40
21 29 40
21 30 40
22 30 40
22 31 40
23 31 40
23 32 40
23 33 40
23 34 40
23 35 40
23 36 40
23 37 40
23 38 40
23 39 40
23 40 40
23 41 40
49 139 40
48 139 40
47 139 40
46 139 40
45 139 40
44 139 40
43 139 40
42 139 40
41 139 40
41 138 40
41 137 40
41 136 40
41 135 40
41 134 40
41 133 40
41 132 40
41 131 40
41 130 40
41 129 40
41 128 40
41 127 40
42 127 40
42 126 40
42 125 40
43 125 40
43 124 40
44 124 40
44 123 40
45 123 40
45 122 40
46 122 40
46 121 40
46 121 72
47 121 40
47 121 72
47 120 40
47 120 72
48 120 40
48 120 72
48 119 40
48 119 72
48 119 104
49 119 40
49 119 72
50 119 40
50 119 72
50 118 40
50 118 72
50 118 104
51 118 40
51 118 72
51 118 104
51 117 40
51 117 72
51 117 104
52 117 40
52 117 72
52 117 104
52 116 40
52 116 72
52 116 104
53 116 40
53 116 72
53 116 104
54 116 40
54 116 72
54 116 104
54 115 40
54 115 72
54 115 104
55 115 40
55 115 72
55 114 40
55 114 72
56 114 40
56 114 72
57 114 40
57 114 72
57 113 40
57 113 72
58 113 40
59 113 40
59 112 40
60 112 40
61 112 40
62 112 40
62 111 40
63 111 40
64 111 40
65 111 40
156 0 40
155 0 40
153 0 40
152 0 40
151 0 40
150 0 40
149 0 40
148 0 40
147 0 40
146 0 40
145 0 40
144 0 40
143 0 40
142 0 40
141 0 40
140 0 40
139 0 40
138 0 40
137 0 40
136 0 40
135 0 40
134 0 40
133 0 40
133 0 72
131 0 40
131 0 72
130 0 40
130 0 72
129 0 40
129 0 72
128 0 40
128 0 72
127 0 40
127 0 72
126 0 40
126 0 72
125 0 40
125 0 72
124 0 40
124 0 72
123 0 40
123 0 72
122 0 40
122 0 72
121 0 40
121 0 72
120 0 40
120 0 72
119 0 40
119 0 72
118 0 40
118 0 72
117 0 40
117 0 72
116 0 40
116 0 72
115 0 40
115 0 72
114 0 40
114 0 72
113 0 40
113 0 72
112 0 40
111 0 40
109 0 40
108 0 40
107 0 40
106 0 40
105 0 40
104 0 40
103 0 40
102 0 40
101 0 40
100 0 40
99 0 40
98 0 40
98 0 72
97 0 40
97 0 72
96 0 40
96 0 72
96 0 104
95 0 40
95 0 72
95 0 104
94 0 40
94 0 72
94 0 104
94 0 136
93 0 40
93 0 72
93 0 104
93 0 136
92 0 40
92 0 72
92 0 104
92 0 136
91 0 40
91 0 72
91 0 104
91 0 136
90 0 40
90 0 72
90 0 104
90 0 136
89 0 40
89 0 72
89 0 104
87 0 40
87 0 72
87 1 40
87 1 72
87 1 104
87 2 40
87 2 72
87 2 104
86 2 40
86 2 72
86 3 40
86 3 72
86 4 40
86 4 72
86 5 40
86 5 72
85 5 40
85 5 72
85 6 40
85 6 72
85 7 40
84 7 40
84 8 40
83 8 40
83 9 40
83 10 40
82 10 40
82 11 40
82 12 40
81 12 40
81 13 40
80 13 40
79 13 40
79 14 40
78 14 40
77 14 40
77 15 40
76 15 40
75 15 40
75 16 40
74 16 40
74 17 40
73 17 40
72 17 40
72 18 40
71 18 40
71 19 40
70 19 40
69 19 40
69 20 40
68 20 40
67 20 40
67 21 40
66 21 40
65 21 40
65 22 40
65 23 40
64 23 40
64 24 40
63 24 40
63 25 40
62 25 40
62 26 40
62 27 40
61 27 40
61 28 40
60 28 40
60 29 40
59 29 40
59 30 40
58 30 40
58 31 40
57 31 40
57 31 72
57 32 40
57 32 72
56 32 40
56 32 72
56 33 40
56 33 72
55 33 40
55 33 72
55 34 40
55 34 72
54 34 40
54 34 72
54 34 104
54 35 40
54 35 72
54 35 104
53 35 40
53 35 72
53 35 104
53 36 40
53 36 72
53 36 104
52 36 40
52 36 72
52 36 104
52 36 136
52 37 40
52 37 72
52 37 104
51 37 40
51 37 72
51 37 104
51 37 136
51 38 40
51 38 72
51 38 104
51 38 136
50 38 40
50 38 72
50 38 104
50 38 136
50 39 40
50 39 72
50 39 104
49 39 40
49 39 72
49 39 104
49 40 40
49 40 72
49 40 104
48 40 40
48 40 72
48 40 104
48 41 40
48 41 72
47 41 40
47 41 72
47 42 40
47 42 72
46 42 40
45 42 40
44 42 40
43 42 40
42 42 40
41 42 40
40 42 40
39 42 40
38 42 40
37 42 40
36 42 40
35 42 40
34 42 40
33 42 40
32 42 40
31 42 40
