0 0 100
0 20 100
0 40 100
0 60 100
0 80 100
0 100 100
0 120 100
0 140 100
0 160 100
0 180 100
0 199 100
11 10 100
11 30 100
11 50 100
11 70 100
11 90 100
11 110 100
11 130 100
11 150 100
11 170 100
11 190 100
22 0 100
22 20 100
22 40 100
22 60 100
22 80 100
22 100 100
22 120 100
22 140 100
22 160 100
22 180 100
22 199 100
33 10 100
33 30 100
33 50 100
33 70 100
33 90 100
33 110 100
33 130 100
33 150 100
33 170 100
33 190 100
44 0 100
44 20 100
44 40 100
44 60 100
44 80 100
44 100 100
44 120 100
44 140 100
44 160 100
44 180 100
44 199 100
55 10 100
55 30 100
55 50 100
55 70 100
55 90 100
55 110 100
55 130 100
55 150 100
55 170 100
55 190 100
66 0 100
66 20 100
66 40 100
66 60 100
66 80 100
66 100 100
66 120 100
66 140 100
66 160 100
66 180 100
66 199 100
77 10 100
77 30 100
77 50 100
77 70 100
77 90 100
77 110 100
77 130 100
77 150 100
77 170 100
77 190 100
88 0 100
88 20 100
88 40 100
88 60 100
88 80 100
88 100 100
88 120 100
88 140 100
88 160 100
88 180 100
88 199 100
99 10 100
99 30 100
99 50 100
99 70 100
99 90 100
99 110 100
99 130 100
99 150 100
99 170 100
99 190 100
110 0 100
110 20 100
110 40 100
110 60 100
110 80 100
110 100 100
110 120 100
110 140 100
110 160 100
110 180 100
110 199 100
121 10 100
121 30 100
121 50 100
121 70 100
121 90 100
121 110 100
121 130 100
121 150 100
121 170 100
121 190 100
132 0 100
132 20 100
132 40 100
132 60 100
132 80 100
132 100 100
132 120 100
132 140 100
132 160 100
132 180 100
132 199 100
143 10 100
143 30 100
143 50 100
143 70 100
143 90 100
143 110 100
143 130 100
143 150 100
143 170 100
143 190 100
154 0 100
154 20 100
154 40 100
154 60 100
154 80 100
154 100 100
154 120 100
154 140 100
154 160 100
154 180 100
154 199 100
165 10 100
165 30 100
165 50 100
165 70 100
165 90 100
165 110 100
165 130 100
165 150 100
165 170 100
165 190 100
176 0 100
176 20 100
176 40 100
176 60 100
176 80 100
176 100 100
176 120 100
176 140 100
176 160 100
176 180 100
176 199 100
187 10 100
187 30 100
187 50 100
187 70 100
187 90 100
187 110 100
187 130 100
187 150 100
187 170 100
187 190 100
198 0 100
198 20 100
198 40 100
198 60 100
198 80 100
198 100 100
198 120 100
198 140 100
198 160 100
198 180 100
198 199 100
0 40 100
0 60 100
0 80 100
0 100 100
0 140 100
0 160 100
0 180 100
0 199 100
11 30 100
11 50 100
11 70 100
11 90 100
11 150 100
11 170 100
11 190 100
22 20 100
22 40 100
22 60 100
22 80 100
22 160 100
22 180 100
22 199 100
33 30 100
33 50 100
33 70 100
33 90 100
33 150 100
33 170 100
33 190 100
44 20 100
44 40 100
44 60 100
44 80 100
44 100 100
44 180 100
44 199 100
55 10 100
55 30 100
55 50 100
55 70 100
55 90 100
55 110 100
55 190 100
66 0 100
66 20 100
66 40 100
66 60 100
66 80 100
66 100 100
66 120 100
66 180 100
66 199 100
77 10 100
77 30 100
77 90 100
77 110 100
77 170 100
77 190 100
88 0 100
88 20 100
88 100 100
88 120 100
88 140 100
88 160 100
88 180 100
88 199 100
99 10 100
99 30 100
99 110 100
99 130 100
99 150 100
99 170 100
99 190 100
110 0 100
110 20 100
110 40 100
110 120 100
110 140 100
110 160 100
110 180 100
121 10 100
121 30 100
121 130 100
121 150 100
121 170 100
121 190 100
132 20 100
132 120 100
132 140 100
132 160 100
132 180 100
132 199 100
143 10 100
143 30 100
143 90 100
143 110 100
143 130 100
143 150 100
143 170 100
143 190 100
154 0 100
154 20 100
154 80 100
154 100 100
154 120 100
154 140 100
154 160 100
154 180 100
154 199 100
165 10 100
165 30 100
165 70 100
165 90 100
165 110 100
165 130 100
165 150 100
165 170 100
176 0 100
176 20 100
176 40 100
176 60 100
176 80 100
176 100 100
176 120 100
176 140 100
176 160 100
176 180 100
187 30 100
187 50 100
187 70 100
187 90 100
187 110 100
187 130 100
187 150 100
187 170 100
198 40 100
198 60 100
198 80 100
198 100 100
198 120 100
198 140 100
198 160 100
198 180 100
198 199 100
7 2 40
20 98 40
20 98 56
110 85 40
63 158 40
120 34 40
120 34 56
168 195 40
2 34 40
2 34 56
2 34 72
32 13 40
32 13 56
32 13 72
96 133 40
96 133 56
96 133 72
96 133 88
96 133 104
96 133 120
96 133 136
70 38 40
70 38 56
99 59 40
146 65 40
32 12 40
32 12 56
32 12 72
32 11 40
32 11 56
32 10 40
32 10 56
32 9 40
32 9 56
32 8 40
32 7 40
32 6 40
32 5 40
32 4 40
32 3 40
32 2 40
31 2 40
30 2 40
29 2 40
28 2 40
27 2 40
26 2 40
25 2 40
24 2 40
23 2 40
22 2 40
21 2 40
20 2 40
19 2 40
18 2 40
17 2 40
16 2 40
15 2 40
14 2 40
13 2 40
12 2 40
11 2 40
10 2 40
9 2 40
8 2 40
99 60 40
99 61 40
100 61 40
101 61 40
102 61 40
102 62 40
102 63 40
102 64 40
103 64 40
103 65 40
103 66 40
104 66 40
104 67 40
104 68 40
104 69 40
104 70 40
104 71 40
105 71 40
106 71 40
107 71 40
108 71 40
109 71 40
109 72 40
109 73 40
109 74 40
109 75 40
109 76 40
109 77 40
109 78 40
109 79 40
109 80 40
110 81 40
110 82 40
110 83 40
110 84 40
2 33 40
2 33 56
2 32 40
2 32 56
2 31 40
2 31 56
2 30 40
2 30 56
2 29 40
2 29 56
2 28 40
2 28 56
2 27 40
2 27 56
2 26 40
2 26 56
2 25 40
2 25 56
2 24 40
2 24 56
2 23 40
2 23 56
2 22 40
2 22 56
2 21 40
2 20 40
2 19 40
2 18 40
2 17 40
2 16 40
2 15 40
2 14 40
2 13 40
2 12 40
2 11 40
2 10 40
2 9 40
2 8 40
2 7 40
3 7 40
3 6 40
4 6 40
4 5 40
5 5 40
5 4 40
6 4 40
7 4 40
7 3 40
145 65 40
144 65 40
143 65 40
142 65 40
141 65 40
140 65 40
139 65 40
138 65 40
137 65 40
136 65 40
135 65 40
134 65 40
133 65 40
132 65 40
131 65 40
130 65 40
129 65 40
128 65 40
127 65 40
126 65 40
125 65 40
124 65 40
123 65 40
122 65 40
121 65 40
120 65 40
119 65 40
118 65 40
117 65 40
116 65 40
115 65 40
115 66 40
114 66 40
114 67 40
113 67 40
112 67 40
111 67 40
111 68 40
110 68 40
109 68 40
109 69 40
109 70 40
120 35 40
120 35 56
120 36 40
120 37 40
120 38 40
120 39 40
120 40 40
120 41 40
120 42 40
120 43 40
120 44 40
120 45 40
120 46 40
120 47 40
120 48 40
120 49 40
120 50 40
120 51 40
120 52 40
120 53 40
120 54 40
120 55 40
120 56 40
120 57 40
120 58 40
120 59 40
120 60 40
120 61 40
120 62 40
120 63 40
120 64 40
71 38 40
72 38 40
73 38 40
74 38 40
75 38 40
75 39 40
75 40 40
75 41 40
75 42 40
76 42 40
76 43 40
76 44 40
77 44 40
77 45 40
77 46 40
78 46 40
78 47 40
79 47 40
79 48 40
80 48 40
81 48 40
82 48 40
82 49 40
83 49 40
84 49 40
84 50 40
85 50 40
86 50 40
86 51 40
87 51 40
87 52 40
87 53 40
88 53 40
89 53 40
89 54 40
90 54 40
91 54 40
91 55 40
91 56 40
92 56 40
93 56 40
94 56 40
94 57 40
95 57 40
95 58 40
95 59 40
96 59 40
97 59 40
98 59 40
63 157 40
63 156 40
63 155 40
63 154 40
63 153 40
63 152 40
62 152 40
62 151 40
62 150 40
62 149 40
62 148 40
62 147 40
62 146 40
61 146 40
60 146 40
60 145 40
59 145 40
58 145 40
57 145 40
56 145 40
56 144 40
56 143 40
55 143 40
54 143 40
54 142 40
53 142 40
53 141 40
53 140 40
52 140 40
52 139 40
51 139 40
51 138 40
50 138 40
50 137 40
49 137 40
49 136 40
48 136 40
47 136 40
47 135 40
46 135 40
46 134 40
45 134 40
45 133 40
44 133 40
44 132 40
43 132 40
43 131 40
42 131 40
41 131 40
41 130 40
40 130 40
39 130 40
38 130 40
37 130 40
36 130 40
35 130 40
34 130 40
32 130 40
31 130 40
31 129 40
31 128 40
31 127 40
31 126 40
31 125 40
31 124 40
31 123 40
31 122 40
31 121 40
30 121 40
30 120 40
29 120 40
28 120 40
28 119 40
28 118 40
27 118 40
26 118 40
25 118 40
25 117 40
25 116 40
25 115 40
24 115 40
23 115 40
22 115 40
22 114 40
21 114 40
21 113 40
20 113 40
20 112 40
20 111 40
20 110 40
20 109 40
20 108 40
20 107 40
20 106 40
20 105 40
20 104 40
20 103 40
20 103 56
20 102 40
20 102 56
20 101 40
20 101 56
20 100 40
20 100 56
20 99 40
20 99 56
95 133 40
95 133 56
95 133 72
95 133 88
95 133 104
95 133 120
95 133 136
94 133 40
94 133 56
94 133 72
94 133 88
94 133 104
94 133 120
94 133 136
93 133 40
93 133 56
93 133 72
93 133 88
93 133 104
93 133 120
93 133 136
92 133 40
92 133 56
92 133 72
92 133 88
92 133 104
92 133 120
92 133 136
91 133 40
91 133 56
91 133 72
91 133 88
91 133 104
91 133 120
90 133 40
90 133 56
90 133 72
90 133 88
90 133 104
89 133 40
89 133 56
89 133 72
89 133 88
89 133 104
88 133 40
88 133 56
88 133 72
88 133 88
87 133 40
87 133 56
87 133 72
86 133 40
86 133 56
86 133 72
85 133 40
85 133 56
85 133 72
84 133 40
84 133 56
83 133 40
83 133 56
82 133 40
82 133 56
81 133 40
81 133 56
80 133 40
79 133 40
78 133 40
77 133 40
77 134 40
76 134 40
76 135 40
75 135 40
75 136 40
74 136 40
74 137 40
73 137 40
73 138 40
72 138 40
72 139 40
71 139 40
71 140 40
70 140 40
70 141 40
69 141 40
69 142 40
68 142 40
68 143 40
67 143 40
67 144 40
66 144 40
66 145 40
65 145 40
64 145 40
63 145 40
62 145 40
168 196 40
168 197 40
168 198 40
168 199 40
167 199 40
166 199 40
165 199 40
164 199 40
163 199 40
162 199 40
161 199 40
161 199 56
160 199 40
160 199 56
159 199 40
159 199 56
158 199 40
158 199 56
157 199 40
157 199 56
157 199 72
156 199 40
156 199 56
156 199 72
155 199 40
155 199 56
155 199 72
153 199 40
153 199 56
153 199 72
153 199 88
152 199 40
152 199 56
152 199 72
152 199 88
151 199 40
151 199 56
151 199 72
151 199 88
151 199 104
150 199 40
150 199 56
150 199 72
150 199 88
150 199 104
149 199 40
149 199 56
149 199 72
149 199 88
149 199 104
148 199 40
148 199 56
148 199 72
148 199 88
148 199 104
147 199 40
147 199 56
147 199 72
147 199 88
147 199 104
146 199 40
146 199 56
146 199 72
146 199 88
146 199 104
145 199 40
145 199 56
145 199 72
145 199 88
145 199 104
144 199 40
144 199 56
144 199 72
144 199 88
144 199 104
143 199 40
143 199 56
143 199 72
143 199 88
142 199 40
142 199 56
142 199 72
142 199 88
141 199 40
141 199 56
141 199 72
141 199 88
140 199 40
140 199 56
140 199 72
139 199 40
139 199 56
139 199 72
138 199 40
138 199 56
138 199 72
138 199 88
137 199 40
137 199 56
137 199 72
137 199 88
136 199 40
136 199 56
136 199 72
136 199 88
135 199 40
135 199 56
135 199 72
135 199 88
135 199 104
134 199 40
134 199 56
134 199 72
134 199 88
134 199 104
133 199 40
133 199 56
133 199 72
133 199 88
133 199 104
132 199 40
132 199 56
132 199 72
131 199 40
131 199 56
131 199 72
131 199 88
131 199 104
131 199 120
130 199 40
130 199 56
130 199 72
130 199 88
130 199 104
130 199 120
129 199 40
129 199 56
129 199 72
129 199 88
129 199 104
129 199 120
128 199 40
128 199 56
128 199 72
128 199 88
128 199 104
127 199 40
127 199 56
127 199 72
127 199 88
127 199 104
126 199 40
126 199 56
126 199 72
126 199 88
126 199 104
125 199 40
125 199 56
125 199 72
125 199 88
125 199 104
124 199 40
124 199 56
124 199 72
124 199 88
124 199 104
123 199 40
123 199 56
123 199 72
123 199 88
123 199 104
122 199 40
122 199 56
122 199 72
122 199 88
122 199 104
121 199 40
121 199 56
121 199 72
121 199 88
121 199 104
120 199 40
120 199 56
120 199 72
120 199 88
120 199 104
119 199 40
119 199 56
119 199 72
119 199 88
119 199 104
118 199 40
118 199 56
118 199 72
118 199 88
117 199 40
117 199 56
117 199 72
117 199 88
116 199 40
116 199 56
116 199 72
116 199 88
115 199 40
115 199 56
115 199 72
114 199 40
114 199 56
114 199 72
113 199 40
113 199 56
112 199 40
112 199 56
111 199 40
111 199 56
109 199 40
109 199 56
108 199 40
108 199 56
107 199 40
107 199 56
106 199 40
106 199 56
105 199 40
105 199 56
104 199 40
104 199 56
103 199 40
103 199 56
102 199 40
102 199 56
101 199 40
101 199 56
100 199 40
100 199 56
99 199 40
99 199 56
98 199 40
98 199 56
97 199 40
97 199 56
96 199 40
96 199 56
95 199 40
95 199 56
94 199 40
94 199 56
93 199 40
93 199 56
92 199 40
92 199 56
91 199 40
91 199 56
90 199 40
90 199 56
90 199 72
89 199 40
89 199 56
89 199 72
87 199 40
87 199 56
87 199 72
87 198 40
87 198 56
87 198 72
86 198 40
86 198 56
86 198 72
86 197 40
86 197 56
86 197 72
85 197 40
85 197 56
85 197 72
85 196 40
85 196 56
85 196 72
85 196 88
84 196 40
84 196 56
84 196 72
84 196 88
84 195 40
84 195 56
84 195 72
84 195 88
84 194 40
84 194 56
84 194 72
84 194 88
84 193 40
84 193 56
84 193 72
84 193 88
84 192 40
84 192 56
84 192 72
84 192 88
84 191 40
84 191 56
84 191 72
84 191 88
84 190 40
84 190 56
84 190 72
84 190 88
84 189 40
84 189 56
84 189 72
84 189 88
84 188 40
84 188 56
84 188 72
84 188 88
84 187 40
84 187 56
84 187 72
84 187 88
84 186 40
84 186 56
84 186 72
84 186 88
84 186 104
84 185 40
84 185 56
84 185 72
84 185 88
84 185 104
84 185 120
84 184 40
84 184 56
84 184 72
84 184 88
84 184 104
84 184 120
84 183 40
84 183 56
84 183 72
84 183 88
84 183 104
84 183 120
84 183 136
84 182 40
84 182 56
84 182 72
84 182 88
84 182 104
84 182 120
84 182 136
84 182 152
84 181 40
84 181 56
84 181 72
84 181 88
84 181 104
84 181 120
84 181 136
84 181 152
84 180 40
84 180 56
84 180 72
84 180 88
84 180 104
84 180 120
84 180 136
84 180 152
84 179 40
84 179 56
84 179 72
84 179 88
84 179 104
84 179 120
84 179 136
84 179 152
84 178 40
84 178 56
84 178 72
84 178 88
84 178 104
84 178 120
84 178 136
84 178 152
84 177 40
84 177 56
84 177 72
84 177 88
84 177 104
84 177 120
84 177 136
84 177 152
84 176 40
84 176 56
84 176 72
84 176 88
84 176 104
84 176 120
84 176 136
84 175 40
84 175 56
84 175 72
84 175 88
84 175 104
84 175 120
84 175 136
84 174 40
84 174 56
84 174 72
84 174 88
84 174 104
84 174 120
84 174 136
84 173 40
84 173 56
84 173 72
84 173 88
84 173 104
84 173 120
84 173 136
84 172 40
84 172 56
84 172 72
84 172 88
84 172 104
84 172 120
84 172 136
84 171 40
84 171 56
84 171 72
84 171 88
84 171 104
84 171 120
84 171 136
84 170 40
84 170 56
84 170 72
84 170 88
84 170 104
84 170 120
84 170 136
84 169 40
84 169 56
84 169 72
84 169 88
84 169 104
84 169 120
84 169 136
84 169 152
84 168 40
84 168 56
84 168 72
84 168 88
84 168 104
84 168 120
84 168 136
84 168 152
84 168 168
84 167 40
84 167 56
84 167 72
84 167 88
84 167 104
84 167 120
84 167 136
84 167 152
84 167 168
84 166 40
84 166 56
84 166 72
84 166 88
84 166 104
84 166 120
84 166 136
84 166 152
84 166 168
84 165 40
84 165 56
84 165 72
84 165 88
84 165 104
84 165 120
84 165 136
84 165 152
84 165 168
84 165 184
84 164 40
84 164 56
84 164 72
84 164 88
84 164 104
84 164 120
84 164 136
84 164 152
84 164 168
84 164 184
84 163 40
84 163 56
84 163 72
84 163 88
84 163 104
84 163 120
84 163 136
84 163 152
84 163 168
84 163 184
84 163 200
84 162 40
84 162 56
84 162 72
84 162 88
84 162 104
84 162 120
84 162 136
84 162 152
84 162 168
84 162 184
84 162 200
84 161 40
84 161 56
84 161 72
84 161 88
84 161 104
84 161 120
84 161 136
84 161 152
84 161 168
84 161 184
84 161 200
84 160 40
84 160 56
84 160 72
84 160 88
84 160 104
84 160 120
84 160 136
84 160 152
84 160 168
84 160 184
84 159 40
84 159 56
84 159 72
84 159 88
84 159 104
84 159 120
84 159 136
84 159 152
84 159 168
84 159 184
84 158 40
84 158 56
84 158 72
84 158 88
84 158 104
84 158 120
84 158 136
84 158 152
84 158 168
83 158 40
83 158 56
83 158 72
83 158 88
83 158 104
83 158 120
83 158 136
83 158 152
82 158 40
82 158 56
82 158 72
82 158 88
82 158 104
82 158 120
82 158 136
82 157 40
82 157 56
82 157 72
82 157 88
82 157 104
82 157 120
81 157 40
81 157 56
81 157 72
81 157 88
81 157 104
80 157 40
80 157 56
80 157 72
80 157 88
80 157 104
79 157 40
79 157 56
79 157 72
79 157 88
78 157 40
78 157 56
78 157 72
78 157 88
77 157 40
77 157 56
77 157 72
77 157 88
76 157 40
76 157 56
76 157 72
76 157 88
75 157 40
75 157 56
75 157 72
75 157 88
74 157 40
74 157 56
74 157 72
74 157 88
73 157 40
73 157 56
73 157 72
73 157 88
72 157 40
72 157 56
72 157 72
72 157 88
71 157 40
71 157 56
71 157 72
70 157 40
70 157 56
70 157 72
69 157 40
69 157 56
69 157 72
68 157 40
68 157 56
67 157 40
67 157 56
66 157 40
65 157 40
64 157 40
