0 0 100
0 20 100
0 40 100
0 60 100
0 80 100
0 100 100
0 120 100
0 140 100
0 160 100
0 180 100
0 199 100
11 10 100
11 30 100
11 50 100
11 70 100
11 90 100
11 110 100
11 130 100
11 150 100
11 170 100
11 190 100
22 0 100
22 20 100
22 40 100
22 60 100
22 80 100
22 100 100
22 120 100
22 140 100
22 160 100
22 180 100
22 199 100
33 10 100
33 30 100
33 50 100
33 70 100
33 90 100
33 110 100
33 130 100
33 150 100
33 170 100
33 190 100
44 0 100
44 20 100
44 40 100
44 60 100
44 80 100
44 100 100
44 120 100
44 140 100
44 160 100
44 180 100
44 199 100
55 10 100
55 30 100
55 50 100
55 70 100
55 90 100
55 110 100
55 130 100
55 150 100
55 170 100
55 190 100
66 0 100
66 20 100
66 40 100
66 60 100
66 80 100
66 100 100
66 120 100
66 140 100
66 160 100
66 180 100
66 199 100
77 10 100
77 30 100
77 50 100
77 70 100
77 90 100
77 110 100
77 130 100
77 150 100
77 170 100
77 190 100
88 0 100
88 20 100
88 40 100
88 60 100
88 80 100
88 100 100
88 120 100
88 140 100
88 160 100
88 180 100
88 199 100
99 10 100
99 30 100
99 50 100
99 70 100
99 90 100
99 110 100
99 130 100
99 150 100
99 170 100
99 190 100
110 0 100
110 20 100
110 40 100
110 60 100
110 80 100
110 100 100
110 120 100
110 140 100
110 160 100
110 180 100
110 199 100
121 10 100
121 30 100
121 50 100
121 70 100
121 90 100
121 110 100
121 130 100
121 150 100
121 170 100
121 190 100
132 0 100
132 20 100
132 40 100
132 60 100
132 80 100
132 100 100
132 120 100
132 140 100
132 160 100
132 180 100
132 199 100
143 10 100
143 30 100
143 50 100
143 70 100
143 90 100
143 110 100
143 130 100
143 150 100
143 170 100
143 190 100
154 0 100
154 20 100
154 40 100
154 60 100
154 80 100
154 100 100
154 120 100
154 140 100
154 160 100
154 180 100
154 199 100
165 10 100
165 30 100
165 50 100
165 70 100
165 90 100
165 110 100
165 130 100
165 150 100
165 170 100
165 190 100
176 0 100
176 20 100
176 40 100
176 60 100
176 80 100
176 100 100
176 120 100
176 140 100
176 160 100
176 180 100
176 199 100
187 10 100
187 30 100
187 50 100
187 70 100
187 90 100
187 110 100
187 130 100
187 150 100
187 170 100
187 190 100
198 0 100
198 20 100
198 40 100
198 60 100
198 80 100
198 100 100
198 120 100
198 140 100
198 160 100
198 180 100
198 199 100
0 0 100
0 20 100
0 40 100
0 60 100
0 80 100
0 100 100
0 180 100
0 199 100
11 10 100
11 30 100
11 70 100
11 90 100
11 110 100
11 170 100
11 190 100
22 0 100
22 20 100
22 80 100
22 100 100
22 199 100
33 10 100
33 90 100
33 110 100
44 0 100
44 20 100
44 80 100
44 100 100
55 10 100
55 30 100
55 90 100
55 150 100
55 170 100
66 0 100
66 20 100
66 40 100
66 60 100
66 80 100
66 100 100
66 120 100
66 140 100
66 160 100
66 180 100
66 199 100
77 10 100
77 30 100
77 50 100
77 70 100
77 90 100
77 110 100
77 130 100
77 150 100
77 170 100
77 190 100
88 0 100
88 20 100
88 40 100
88 60 100
88 80 100
88 100 100
88 120 100
88 140 100
88 160 100
88 180 100
88 199 100
99 10 100
99 30 100
99 50 100
99 70 100
99 90 100
99 110 100
99 130 100
99 150 100
99 170 100
99 190 100
110 0 100
110 20 100
110 80 100
110 100 100
110 120 100
110 140 100
110 160 100
121 10 100
121 30 100
121 90 100
121 110 100
121 130 100
121 150 100
121 170 100
132 0 100
132 20 100
132 40 100
132 100 100
132 120 100
132 140 100
132 160 100
132 180 100
132 199 100
143 10 100
143 30 100
143 50 100
143 110 100
143 130 100
143 150 100
143 170 100
143 190 100
154 0 100
154 20 100
154 40 100
154 100 100
154 120 100
154 140 100
154 160 100
154 180 100
154 199 100
165 10 100
165 30 100
165 50 100
165 110 100
165 130 100
165 150 100
165 170 100
165 190 100
176 0 100
176 40 100
176 60 100
176 100 100
176 120 100
176 140 100
176 160 100
176 180 100
176 199 100
187 10 100
187 50 100
187 70 100
187 90 100
187 110 100
187 130 100
187 150 100
187 170 100
187 190 100
198 0 100
198 20 100
198 40 100
198 60 100
198 80 100
198 100 100
198 120 100
198 140 100
198 160 100
198 180 100
198 199 100
34 39 40
48 94 40
48 94 42
48 94 44
48 94 46
48 94 48
48 94 50
48 94 52
48 94 54
48 94 56
48 94 58
48 94 60
48 94 62
117 184 40
114 19 40
114 19 42
114 19 44
114 19 46
114 19 48
114 19 50
114 19 52
114 19 54
114 19 56
114 19 58
114 19 60
114 19 62
114 19 64
114 19 66
114 19 68
114 19 70
114 19 72
114 19 74
37 148 40
54 198 40
54 198 42
137 74 40
37 147 40
37 146 40
37 145 40
37 144 40
37 143 40
37 142 40
37 141 40
37 140 40
37 139 40
38 139 40
39 139 40
39 138 40
39 137 40
40 137 40
40 136 40
41 136 40
41 135 40
41 134 40
41 133 40
42 133 40
43 133 40
43 132 40
44 132 40
44 131 40
44 130 40
44 129 40
45 129 40
45 129 42
45 128 40
45 128 42
46 128 40
46 128 42
46 127 40
46 127 42
47 127 40
47 127 42
47 126 40
47 126 42
47 125 40
47 125 42
47 124 40
48 124 40
48 123 40
48 122 40
48 121 40
48 120 40
48 120 42
48 119 40
48 119 42
48 118 40
48 118 42
48 117 40
48 117 42
48 116 40
48 116 42
48 115 40
48 115 42
48 114 40
48 114 42
48 113 40
48 113 42
48 112 40
48 112 42
48 111 40
48 111 42
48 110 40
48 110 42
48 109 40
48 109 42
48 108 40
48 108 42
48 107 40
48 107 42
48 106 40
48 106 42
48 105 40
48 105 42
48 104 40
48 104 42
48 103 40
48 103 42
48 103 44
48 102 40
48 102 42
48 102 44
48 101 40
48 101 42
48 101 44
48 100 40
48 100 42
48 100 44
48 100 46
48 99 40
48 99 42
48 99 44
48 99 46
48 99 48
48 98 40
48 98 42
48 98 44
48 98 46
48 98 48
48 98 50
48 98 52
48 97 40
48 97 42
48 97 44
48 97 46
48 97 48
48 97 50
48 97 52
48 97 54
48 97 56
48 96 40
48 96 42
48 96 44
48 96 46
48 96 48
48 96 50
48 96 52
48 96 54
48 96 56
48 96 58
48 95 40
48 95 42
48 95 44
48 95 46
48 95 48
48 95 50
48 95 52
48 95 54
48 95 56
48 95 58
48 95 60
53 198 40
53 198 42
52 198 40
52 198 42
51 198 40
51 198 42
50 198 40
50 198 42
49 198 40
49 198 42
48 198 40
48 197 40
48 196 40
47 196 40
47 195 40
46 195 40
46 194 40
46 193 40
46 192 40
45 192 40
45 191 40
45 190 40
44 190 40
44 189 40
44 188 40
43 188 40
43 188 42
43 187 40
42 187 40
42 187 42
42 186 40
41 186 40
41 185 40
40 185 40
40 184 40
39 184 40
39 183 40
38 183 40
38 182 40
37 182 40
37 181 40
37 180 40
37 179 40
37 178 40
37 177 40
37 176 40
37 175 40
37 174 40
37 173 40
37 172 40
37 171 40
37 170 40
37 169 40
37 168 40
37 167 40
37 166 40
37 165 40
37 164 40
37 163 40
37 162 40
37 161 40
37 160 40
37 159 40
37 158 40
37 157 40
37 156 40
37 155 40
37 154 40
37 153 40
37 152 40
37 151 40
37 150 40
37 149 40
136 74 40
135 74 40
134 74 40
134 73 40
133 73 40
133 72 40
132 72 40
131 72 40
131 71 40
130 71 40
130 70 40
129 70 40
129 69 40
128 69 40
128 68 40
127 68 40
127 67 40
126 67 40
126 66 40
125 66 40
125 65 40
124 65 40
124 64 40
123 64 40
123 63 40
122 63 40
122 62 40
122 61 40
121 61 40
121 60 40
120 60 40
120 59 40
119 59 40
119 58 40
118 58 40
118 57 40
117 57 40
116 57 40
115 57 40
114 57 40
113 57 40
112 57 40
111 57 40
110 57 40
109 57 40
108 57 40
107 57 40
106 57 40
105 57 40
105 57 42
104 57 40
104 57 42
103 57 40
103 57 42
102 57 40
102 57 42
101 57 40
101 57 42
101 57 44
100 57 40
100 57 42
100 57 44
99 57 40
99 57 42
99 57 44
98 57 40
98 57 42
98 57 44
97 57 40
97 57 42
97 57 44
96 57 40
96 57 42
96 57 44
96 57 46
95 57 40
95 57 42
95 57 44
95 57 46
94 57 40
94 57 42
94 57 44
94 57 46
94 57 48
93 57 40
93 57 42
93 57 44
93 57 46
93 57 48
93 57 50
92 57 40
92 57 42
92 57 44
92 57 46
92 57 48
92 57 50
92 57 52
91 57 40
91 57 42
91 57 44
91 57 46
91 57 48
91 57 50
91 57 52
91 57 54
90 57 40
90 57 42
90 57 44
90 57 46
90 57 48
90 57 50
90 57 52
90 57 54
90 57 56
89 57 40
89 57 42
89 57 44
89 57 46
89 57 48
89 57 50
89 57 52
89 57 54
89 57 56
88 57 40
88 57 42
88 57 44
88 57 46
88 57 48
88 57 50
88 57 52
88 57 54
88 57 56
87 57 40
87 57 42
87 57 44
87 57 46
87 57 48
87 57 50
87 57 52
87 57 54
87 57 56
86 57 40
86 57 42
86 57 44
86 57 46
86 57 48
86 57 50
86 57 52
86 57 54
85 57 40
85 57 42
85 57 44
85 57 46
85 57 48
85 57 50
85 57 52
85 57 54
84 57 40
84 57 42
84 57 44
84 57 46
84 57 48
84 57 50
84 57 52
84 57 54
83 57 40
83 57 42
83 57 44
83 57 46
83 57 48
83 57 50
83 57 52
83 57 54
82 57 40
82 57 42
82 57 44
82 57 46
82 57 48
82 57 50
82 57 52
82 57 54
82 57 56
81 57 40
81 57 42
81 57 44
81 57 46
81 57 48
81 57 50
81 57 52
81 57 54
81 57 56
81 57 58
80 57 40
80 57 42
80 57 44
80 57 46
80 57 48
80 57 50
80 57 52
80 57 54
80 57 56
80 57 58
79 57 40
79 57 42
79 57 44
79 57 46
79 57 48
79 57 50
79 57 52
79 57 54
79 57 56
79 57 58
79 57 60
78 57 40
78 57 42
78 57 44
78 57 46
78 57 48
78 57 50
78 57 52
78 57 54
78 57 56
78 57 58
78 57 60
77 57 40
77 57 42
77 57 44
77 57 46
77 57 48
77 57 50
77 57 52
77 57 54
77 57 56
77 57 58
76 57 40
76 57 42
76 57 44
76 57 46
76 57 48
76 57 50
76 57 52
76 57 54
76 57 56
75 57 40
75 57 42
75 57 44
75 57 46
75 57 48
75 57 50
75 57 52
75 57 54
74 57 40
74 57 42
74 57 44
74 57 46
74 57 48
74 57 50
74 57 52
73 57 40
73 57 42
73 57 44
73 57 46
73 57 48
73 57 50
72 57 40
72 57 42
72 57 44
72 57 46
72 57 48
71 57 40
71 57 42
71 57 44
71 57 46
71 57 48
70 57 40
70 57 42
70 57 44
70 57 46
70 57 48
69 57 40
69 57 42
69 57 44
69 57 46
69 57 48
68 57 40
68 57 42
68 57 44
68 57 46
68 57 48
67 57 40
67 57 42
67 57 44
67 57 46
67 57 48
66 57 40
66 57 42
66 57 44
66 57 46
66 57 48
65 57 40
65 57 42
65 57 44
65 57 46
65 57 48
64 57 40
64 57 42
64 57 44
64 57 46
64 57 48
63 57 40
63 57 42
63 57 44
63 57 46
63 57 48
62 57 40
62 57 42
62 57 44
62 57 46
62 57 48
61 57 40
61 57 42
61 57 44
61 57 46
60 57 40
60 57 42
60 57 44
59 57 40
59 57 42
59 57 44
58 57 40
58 57 42
57 57 40
57 57 42
56 57 40
56 57 42
55 57 40
54 57 40
53 57 40
52 57 40
51 57 40
50 57 40
49 57 40
48 57 40
47 57 40
46 57 40
46 56 40
45 56 40
45 55 40
45 54 40
44 54 40
43 54 40
43 53 40
43 52 40
42 52 40
42 51 40
41 51 40
40 51 40
40 50 40
40 49 40
39 49 40
39 48 40
38 48 40
37 48 40
37 47 40
37 46 40
36 46 40
35 46 40
35 45 40
34 45 40
34 44 40
34 43 40
34 42 40
34 41 40
34 40 40
114 20 40
114 20 42
114 20 44
114 20 46
114 20 48
114 20 50
114 20 52
114 20 54
114 20 56
114 20 58
114 20 60
114 20 62
114 20 64
114 20 66
114 20 68
114 20 70
114 20 72
114 21 40
114 21 42
114 21 44
114 21 46
114 21 48
114 21 50
114 21 52
114 21 54
114 21 56
114 21 58
114 21 60
114 21 62
114 21 64
114 21 66
114 21 68
114 21 70
114 22 40
114 22 42
114 22 44
114 22 46
114 22 48
114 22 50
114 22 52
114 22 54
114 22 56
114 22 58
114 22 60
114 22 62
114 22 64
114 22 66
114 22 68
114 23 40
114 23 42
114 23 44
114 23 46
114 23 48
114 23 50
114 23 52
114 23 54
114 23 56
114 23 58
114 23 60
114 23 62
114 23 64
114 23 66
114 24 40
114 24 42
114 24 44
114 24 46
114 24 48
114 24 50
114 24 52
114 24 54
114 24 56
114 24 58
114 24 60
114 24 62
114 25 40
114 25 42
114 25 44
114 25 46
114 25 48
114 25 50
114 25 52
114 25 54
114 25 56
114 25 58
114 26 40
114 26 42
114 26 44
114 26 46
114 26 48
114 26 50
114 26 52
114 26 54
114 26 56
114 27 40
114 27 42
114 27 44
114 27 46
114 27 48
114 27 50
114 27 52
114 27 54
114 28 40
114 28 42
114 28 44
114 28 46
114 28 48
114 28 50
114 28 52
114 29 40
114 29 42
114 29 44
114 29 46
114 29 48
114 29 50
114 30 40
114 30 42
114 30 44
114 30 46
114 30 48
114 30 50
114 31 40
114 31 42
114 31 44
114 31 46
114 31 48
114 32 40
114 32 42
114 32 44
114 32 46
114 32 48
114 33 40
114 33 42
114 33 44
114 33 46
114 33 48
114 34 40
114 34 42
114 34 44
114 34 46
114 35 40
114 35 42
114 35 44
114 35 46
114 36 40
114 36 42
114 36 44
114 36 46
114 37 40
114 37 42
114 37 44
114 38 40
114 38 42
114 38 44
114 39 40
114 39 42
114 39 44
114 40 40
114 40 42
114 40 44
114 41 40
114 41 42
114 41 44
114 42 40
114 42 42
114 42 44
114 43 40
114 43 42
114 43 44
114 44 40
114 44 42
114 44 44
114 45 40
114 45 42
114 45 44
114 46 40
114 46 42
114 46 44
114 47 40
114 47 42
114 47 44
114 48 40
114 48 42
114 48 44
114 49 40
114 49 42
114 49 44
114 50 40
114 50 42
114 50 44
114 51 40
114 51 42
114 51 44
114 52 40
114 52 42
114 53 40
114 53 42
114 54 40
114 54 42
114 55 40
114 56 40
